date,utc_hour,slot,ERA5_T2M,ERA5_D2M,ERA5_U10,ERA5_V10,ERA5_CAPE,ERA5_SP,ERA5_t_500hPa,ERA5_t_700hPa,ERA5_t_850hPa,ERA5_q_500hPa,ERA5_q_700hPa,ERA5_q_850hPa,ERA5_u_500hPa,ERA5_u_700hPa,ERA5_u_850hPa,ERA5_v_500hPa,ERA5_v_700hPa,ERA5_v_850hPa
2015-01-01,0,0,294.10986328125,291.6649475097656,-1.178466796875,2.172515869140625,74.125,91254.765625,268.7023620605469,281.46759033203125,289.2115173339844,0.000198911933694,0.0088403187692165,0.0134606473147869,10.976119995117188,3.62078857421875,-1.306060791015625,6.250503540039063,8.344619750976562,7.974502563476562
2015-01-01,6,1,297.7223815917969,291.933837890625,1.3302154541015625,2.612701416015625,160.0,91482.21875,268.1969909667969,282.0721130371094,289.7772216796875,0.0001622933486942,0.0045369993895292,0.0121099092066288,8.645797729492188,3.040802001953125,3.292572021484375,7.680572509765625,7.908935546875,6.3020782470703125
2015-01-01,12,2,300.11700439453125,289.05035400390625,0.748870849609375,1.3461761474609375,0.0,91197.03125,268.5654296875,281.4631042480469,293.111572265625,0.0001600314280949,0.0047622919082641,0.0109135620296001,7.14849853515625,2.9842529296875,2.345733642578125,10.383377075195312,6.4679718017578125,3.502227783203125
2015-01-01,18,3,294.746826171875,292.8287353515625,-0.23828125,1.9579010009765625,109.0,91518.296875,268.85614013671875,281.06939697265625,289.91571044921875,0.0001949301367858,0.0049192234873771,0.0127983279526233,6.090591430664063,1.10986328125,1.3767852783203125,14.109619140625,7.87255859375,6.5390167236328125
2015-01-02,0,0,294.66387939453125,291.1937255859375,0.7003326416015625,0.1116943359375,21.0,91468.9375,267.40576171875,281.32666015625,288.3387451171875,0.000197080662474,0.0037017955910414,0.0124006420373916,7.0626068115234375,1.141845703125,1.31561279296875,12.871505737304688,10.579071044921877,1.6063079833984375
2015-01-02,6,1,298.9361572265625,291.0609130859375,-0.01373291015625,3.1518707275390625,3.125,91676.609375,268.90203857421875,281.2743530273437,289.7413330078125,0.0003934227861464,0.0040121371857821,0.0120041519403457,5.069381713867188,0.93939208984375,-0.108123779296875,14.916244506835938,9.545211791992188,4.477340698242188
2015-01-02,12,2,300.129150390625,289.1219482421875,-0.445709228515625,2.140716552734375,0.0,91473.5,267.6268310546875,280.88629150390625,292.66796875,0.0003431367222219,0.003699725260958,0.0105048678815364,6.8977813720703125,2.328948974609375,-0.6019744873046875,13.44305419921875,6.8112640380859375,4.789276123046875
2015-01-02,18,3,294.5530700683594,292.4881591796875,-2.0125274658203125,2.1671142578125,57.5,91793.671875,266.99029541015625,280.38641357421875,290.6473083496094,0.0002979354467242,0.0033623678609728,0.0101204998791217,7.888534545898437,2.4985809326171875,-2.4834442138671875,11.292190551757812,6.98284912109375,8.252593994140625
2015-01-03,0,0,293.1571044921875,291.4749755859375,-0.538299560546875,1.7459869384765625,4.0,91653.96875,266.5624389648437,283.40966796875,288.8652648925781,0.0002444207202643,0.0006473772227764,0.0111366547644138,7.649566650390625,6.151214599609375,0.9806060791015624,8.059539794921875,8.177642822265625,6.999542236328125
2015-01-03,6,1,298.51031494140625,289.71246337890625,-0.234954833984375,2.4658966064453125,0.625,91833.9375,268.38189697265625,283.109130859375,289.495849609375,0.0003941191826015,0.0006879521533846,0.0112720653414726,10.42388916015625,6.105682373046875,-0.4620513916015625,8.7628173828125,8.1019287109375,3.4987335205078125
2015-01-03,12,2,299.8861694335937,288.78155517578125,-0.7773590087890625,1.1491851806640625,1.5,91536.203125,268.9075927734375,280.6804504394531,292.7895812988281,0.0001535277988296,0.003037414047867,0.0097267813980579,9.980056762695312,6.3722076416015625,-0.9505767822265624,6.8466796875,3.1414031982421875,2.5271453857421875
2015-01-03,18,3,293.6171875,289.6255187988281,-1.8097076416015625,1.9755096435546875,0.0,91724.625,269.0870056152344,282.80206298828125,292.1798095703125,0.0001568264560773,0.0013118153437972,0.0094240084290504,8.325546264648438,8.684707641601562,-1.4542999267578125,5.918136596679688,4.5737152099609375,0.906036376953125
2015-01-04,0,0,292.0943603515625,290.0291442871094,-1.75811767578125,1.0489959716796875,0.0,91631.90625,268.53594970703125,283.26470947265625,291.16900634765625,0.0001146250142483,0.0005314410664141,0.0069489330053329,4.8670806884765625,7.6055908203125,-1.42523193359375,2.1095123291015625,4.0027923583984375,3.9990386962890634
2015-01-04,6,1,299.7198486328125,288.4424743652344,-1.643402099609375,1.5882568359375,0.0,91834.765625,268.5284118652344,284.02508544921875,290.2608642578125,0.0001088571734726,0.0003902525641024,0.0100006982684135,0.0777130126953125,6.9441680908203125,-2.5399627685546875,-3.370941162109375,2.992416381835937,2.212799072265625
2015-01-04,12,2,300.57257080078125,287.51812744140625,-1.098602294921875,0.6645050048828125,0.0,91545.25,269.09783935546875,282.1650085449219,293.268798828125,0.0001251140784006,0.0012107447255402,0.0091288089752197,-5.211837768554688,5.8670501708984375,-2.301788330078125,-7.115509033203125,0.3976287841796875,0.937713623046875
2015-01-04,18,3,293.5069274902344,290.9354858398437,-3.133285522460937,0.7062530517578125,75.875,91753.921875,269.1123046875,283.0821533203125,290.82159423828125,0.0002470355830155,0.0010931708384305,0.010794747620821,-8.465103149414062,4.82598876953125,-5.629608154296875,-7.827835083007812,-1.1878509521484375,3.9879150390625
2015-01-05,0,0,293.60906982421875,291.8607788085937,-2.891571044921875,1.053680419921875,40.0,91624.28125,268.5936279296875,283.3143005371094,290.8666687011719,0.0004880686756223,0.0007154315244406,0.0084136575460433,-9.362640380859377,2.698959350585937,-6.59759521484375,-6.108795166015625,-1.755950927734375,2.4529571533203125
2015-01-05,6,1,299.20672607421875,288.672119140625,-2.842041015625,0.9785919189453124,0.0,91796.640625,268.38873291015625,284.251953125,290.2078552246094,0.0004382848273962,0.0005176775157451,0.0107811912894248,-10.527664184570312,1.6273040771484375,-4.312713623046875,-4.299407958984375,-1.3457794189453125,1.2757415771484375
2015-01-05,12,2,300.4637451171875,287.3717041015625,-1.1420440673828125,0.1440582275390625,1.25,91525.546875,268.790771484375,279.6854858398437,293.1924743652344,0.00034677865915,0.0046195685863494,0.0089255906641483,-11.194534301757812,0.872833251953125,-2.3748779296875,-4.210479736328125,-2.1798858642578125,-0.3108978271484375
2015-01-05,18,3,294.16455078125,288.9039306640625,-2.8764190673828125,0.026214599609375,0.0,91733.234375,269.3099975585937,285.6005859375,289.8452453613281,0.000279372325167,0.0007176420185714,0.0107041895389556,-9.157958984375,-7.5132293701171875,-6.0021820068359375,-2.707015991210937,-3.278167724609375,1.3682861328125
2015-01-06,0,0,292.4525756835937,290.8311767578125,-1.6155853271484375,0.35894775390625,1.25,91651.296875,269.4938659667969,285.6190185546875,289.4535522460937,0.0002361970109632,0.000584552064538,0.009613424539566,-7.50506591796875,-4.4754486083984375,-4.661712646484375,-3.0169830322265625,-0.7629241943359375,-2.57586669921875
2015-01-06,6,1,298.7342529296875,288.0447082519531,-2.6827545166015625,-0.8615264892578125,1.25,91821.0,269.539306640625,285.385009765625,290.08544921875,0.0001869086117949,0.0006706812418997,0.0098523758351802,-7.9790496826171875,-3.28167724609375,-3.64544677734375,-3.14776611328125,-0.2800140380859375,-1.5402069091796875
2015-01-06,12,2,299.6561889648437,287.4176025390625,-1.05657958984375,-0.6203460693359375,16.75,91595.921875,269.7716369628906,283.1887512207031,292.1306457519531,0.0001188616879517,0.0024363661650568,0.0094906389713287,-6.85150146484375,-1.805572509765625,-2.2120361328125,-4.162567138671875,-1.7617034912109375,-1.4164581298828125
2015-01-06,18,3,294.6243591308594,288.59967041015625,-2.33489990234375,1.127471923828125,16.25,91789.21875,269.0653686523437,286.38983154296875,289.4364624023437,0.0001094748877221,0.0008056433871388,0.0109362415969371,-5.4864654541015625,-4.570831298828125,-3.53338623046875,-5.4290771484375,-2.648956298828125,2.9498443603515625
2015-01-07,0,0,293.3907470703125,289.8587341308594,-1.74505615234375,0.1152496337890625,47.375,91678.0625,268.8090515136719,285.603515625,289.1344299316406,8.110576891340315e-05,0.0006102898623794,0.0104434937238693,-4.9505157470703125,-1.4923095703125,-0.402191162109375,-6.9616241455078125,0.9907684326171876,0.007049560546875
2015-01-07,6,1,298.4636535644531,287.6537780761719,0.114959716796875,-1.0816802978515625,2.5,91820.671875,268.6936340332031,285.7115783691406,289.8749694824219,0.0001089876896003,0.0005375195760279,0.0097881630063056,-5.1044921875,-0.331451416015625,0.2491302490234375,-8.338546752929688,-0.6011810302734375,-1.570037841796875
2015-01-07,12,2,299.74761962890625,288.3121337890625,0.3520355224609375,-0.919677734375,0.0,91557.71875,269.7206420898437,284.4984436035156,292.69219970703125,0.0002829111181199,0.0008843869436532,0.0087770707905292,-6.3658599853515625,0.948455810546875,0.2017669677734375,-10.367935180664062,-5.9639739990234375,-1.9576416015625
2015-01-07,18,3,292.7254638671875,287.0924377441406,-1.8204498291015625,-0.8379974365234375,0.0,91698.1875,269.2870483398437,284.265380859375,291.8324584960937,0.0003984540235251,0.0007275522220879,0.0086211338639259,-6.428680419921875,3.1443328857421875,-1.5253448486328125,-9.179275512695312,-5.436935424804688,-2.0749664306640625
2015-01-08,0,0,292.71417236328125,290.8794250488281,-1.836517333984375,1.522186279296875,22.375,91647.875,268.991943359375,285.4359130859375,289.20166015625,0.0002851739991456,0.0004081178922206,0.0105361752212047,-3.0185699462890625,1.2086639404296875,0.0604400634765625,-11.6785888671875,-4.546188354492188,3.051422119140625
2015-01-08,6,1,298.7472839355469,289.2437744140625,-0.04949951171875,0.4816131591796875,20.625,91821.84375,268.984375,285.0682983398437,289.96600341796875,0.0001656279055168,0.0004281249130144,0.0102973524481058,-4.48956298828125,1.1720123291015625,-0.0017547607421875,-11.108932495117188,-2.965072631835937,-0.0194549560546875
2015-01-08,12,2,300.3703308105469,288.88104248046875,-0.430999755859375,-1.0070648193359375,0.625,91582.1875,269.066650390625,279.6697692871094,292.9567565917969,0.0001353775878669,0.0044359378516674,0.0087959878146648,-4.8650970458984375,0.4659881591796875,-0.4207763671875,-14.392974853515623,-2.67913818359375,-2.043060302734375
2015-01-08,18,3,293.77459716796875,287.92169189453125,-2.214691162109375,-0.701934814453125,4.25,91785.515625,268.41485595703125,283.7822570800781,290.70489501953125,0.0001559784868732,0.0011369460262358,0.0099992044270038,-6.758712768554688,-1.9205322265625,-4.613204956054688,-10.746246337890623,-6.351409912109375,-1.4874267578125
2015-01-09,0,0,293.5014038085937,291.6575927734375,-2.3659210205078125,0.5224609375,45.25,91784.640625,268.45721435546875,283.4329833984375,288.7939758300781,0.0001429919211659,0.0005596745759248,0.0113105550408363,-7.266220092773437,-6.295440673828125,-1.4938201904296875,-8.923873901367188,-4.8444366455078125,1.509185791015625
2015-01-09,6,1,298.3666687011719,287.611328125,-1.5069427490234375,-0.9430694580078124,21.375,91916.15625,268.53515625,283.9460754394531,289.4960327148437,0.0001475163007853,0.0004839219618588,0.0101087540388107,-8.114654541015625,-7.2578582763671875,-2.0244903564453125,-8.671493530273438,-1.387054443359375,-1.422943115234375
2015-01-09,12,2,299.2027893066406,287.65087890625,-0.52642822265625,-0.71026611328125,0.0,91685.734375,268.47296142578125,283.9135131835937,292.0527038574219,0.0001445935195079,0.0007941641379147,0.0085245594382286,-8.687454223632812,-5.89459228515625,-1.2670745849609375,-8.12957763671875,-0.5459136962890625,-1.4909820556640625
2015-01-09,18,3,292.8826904296875,286.70294189453125,-2.0302276611328125,-0.325592041015625,2.25,91877.234375,269.1537475585937,284.19647216796875,288.93829345703125,0.0001674108061706,0.0004844926297664,0.0100511722266674,-9.250350952148438,-7.047164916992188,-6.0241241455078125,-7.5286102294921875,-3.0692596435546875,-1.4517059326171875
2015-01-10,0,0,291.7553100585937,290.32421875,-2.0043487548828125,0.4906463623046875,0.0,91801.328125,269.2286376953125,283.437255859375,288.0311584472656,0.0001314202381763,0.0004672270733863,0.0086425133049488,-6.237213134765625,-5.412033081054688,-2.8946990966796875,-8.651824951171875,-2.3213653564453125,-3.6326904296875
2015-01-10,6,1,297.88348388671875,284.1766357421875,-1.5551605224609375,-1.7179412841796875,0.0,91905.96875,268.89459228515625,283.7191772460937,289.1610412597656,0.0001128246804,0.0005059042014181,0.0081446543335914,-5.9871978759765625,-6.11322021484375,-2.18585205078125,-7.6686859130859375,-2.4268951416015625,-2.50982666015625
2015-01-10,12,2,300.2638854980469,281.6353454589844,-1.249542236328125,-2.054901123046875,0.0,91691.296875,268.864990234375,283.4422607421875,292.3871459960937,7.634155917912722e-05,0.0004326493944972,0.0058584511280059,-6.0868072509765625,-4.7508087158203125,-2.946929931640625,-6.3580474853515625,-3.1841278076171875,-4.0279693603515625
2015-01-10,18,3,290.3145446777344,280.1136474609375,-2.2172393798828125,-0.8951568603515625,0.0,91893.75,269.03863525390625,283.7760009765625,289.68975830078125,6.699592631775886e-05,0.0003686668351292,0.0047990716993808,-7.356597900390625,-7.312835693359375,-3.832199096679688,-4.0103759765625,-4.632247924804688,-3.54522705078125
2015-01-11,0,0,287.3415832519531,284.20294189453125,-1.8169708251953125,-0.14239501953125,0.0,91817.9375,269.5850524902344,282.7997436523437,288.2347717285156,6.50831643724814e-05,0.0004565916024148,0.0034913860727101,-7.268692016601562,-6.39544677734375,-2.8039093017578125,-2.9613494873046875,-5.1261138916015625,-6.753585815429688
2015-01-11,6,1,297.82916259765625,280.3115539550781,-2.9185028076171875,-1.60748291015625,0.0,91938.53125,269.07525634765625,283.2318725585937,288.24871826171875,8.197205897886306e-05,0.0003816043026745,0.0052610822021961,-7.21600341796875,-5.932785034179688,-4.57940673828125,-3.23187255859375,-4.180328369140625,-2.6206207275390625
2015-01-11,12,2,299.68829345703125,280.2518615722656,-1.738372802734375,-1.0482330322265625,0.0,91627.21875,269.45172119140625,283.86285400390625,291.9670715332031,0.0001546959247207,0.0003260341472923,0.0045652240514755,-6.9162445068359375,-3.1903839111328125,-3.97149658203125,-4.812545776367188,-4.0341644287109375,-2.48150634765625
2015-01-11,18,3,290.0448608398437,285.5217590332031,-2.5131072998046875,-0.026336669921875,0.0,91843.890625,270.09619140625,284.242431640625,288.341552734375,0.0002077862882288,0.000332255847752,0.0071274228394031,-7.4130859375,-5.06964111328125,-5.050933837890625,-4.9532470703125,-3.2618560791015625,-3.3833465576171875
2015-01-12,0,0,289.4250793457031,287.59967041015625,-2.189239501953125,-0.57037353515625,0.0,91741.65625,269.8812866210937,283.86004638671875,287.6624755859375,0.0001882140204543,0.0002490198239684,0.0041108764708042,-7.258697509765625,-3.3722686767578125,-5.4441986083984375,-5.921554565429688,-2.0112457275390625,-6.285812377929688
2015-01-12,6,1,297.03485107421875,280.833740234375,-2.77978515625,-1.376556396484375,0.0,91898.640625,269.22967529296875,284.078125,288.36834716796875,0.0001884441880974,0.0001939297362696,0.0056596733629703,-8.76593017578125,-2.406463623046875,-4.347991943359375,-4.453140258789063,-1.790740966796875,-2.1337127685546875
2015-01-12,12,2,299.06378173828125,279.50909423828125,-1.26171875,-1.1562347412109375,0.0,91574.296875,268.93096923828125,283.4744873046875,291.8860168457031,0.0001689701457507,0.0001879216579254,0.0049321725964546,-7.3749542236328125,-0.977935791015625,-2.909454345703125,-3.091827392578125,-2.147689819335937,-2.525497436523437
2015-01-12,18,3,289.94854736328125,284.5814514160156,-2.66912841796875,0.18994140625,0.0,91830.921875,268.93341064453125,285.14532470703125,287.9486083984375,0.0001257317635463,0.0001732413220452,0.0076462104916572,-4.8932647705078125,-6.9168243408203125,-5.2488555908203125,-0.40435791015625,-2.7802276611328125,-2.5312652587890625
2015-01-13,0,0,288.8265686035156,287.37548828125,-2.0233306884765625,-0.0652618408203125,0.0,91690.890625,269.202880859375,285.0669860839844,287.06915283203125,8.039195381570607e-05,0.0002696610172279,0.0056101456284523,-1.7291107177734375,-7.5406494140625,-3.7995452880859375,-2.7734375,-0.6220550537109375,-5.615509033203125
2015-01-13,6,1,297.0911865234375,282.4154052734375,-2.49462890625,-1.3771209716796875,0.0,91852.46875,269.2347412109375,284.5812072753906,287.95025634765625,6.095293792895973e-05,0.0003132896963506,0.0062454584985971,-2.4380645751953125,-6.079879760742188,-3.9134521484375,-2.6949462890625,-0.817535400390625,-2.14117431640625
2015-01-13,12,2,299.5848388671875,281.3224792480469,-1.457733154296875,-0.6197052001953125,0.0,91484.671875,269.45233154296875,284.61993408203125,292.101806640625,5.392260209191591e-05,0.0002405519917374,0.0051925927400588,-1.4480438232421875,-4.4113311767578125,-3.287872314453125,-1.5701446533203125,-2.53643798828125,-1.423675537109375
2015-01-13,18,3,290.0408630371094,282.82440185546875,-2.561859130859375,0.775054931640625,0.0,91665.328125,269.8473205566406,284.974853515625,289.3624572753906,5.252184928394854e-05,0.0002216394641436,0.0062087886035442,-0.41485595703125,-4.7479095458984375,-4.327484130859375,-0.91192626953125,-2.3484039306640625,-0.3671875
2015-01-14,0,0,288.93267822265625,286.7892150878906,-2.40106201171875,0.2894287109375,0.0,91639.1875,269.5826416015625,283.573974609375,287.63458251953125,4.894057929050177e-05,0.0002449276216793,0.0061015058308839,0.75030517578125,-0.937469482421875,-2.6728057861328125,-1.788909912109375,0.9217071533203124,-1.95343017578125
2015-01-14,6,1,297.63140869140625,280.96746826171875,-2.029876708984375,-0.63409423828125,0.0,91790.21875,269.43963623046875,283.5907592773437,288.55291748046875,4.891019489150494e-05,0.000237620275584,0.0060881115496158,1.08050537109375,-1.2807159423828125,-2.930938720703125,-2.4803924560546875,0.4699249267578125,-0.955596923828125
2015-01-14,12,2,299.4765625,282.9246520996094,-1.146240234375,0.0135955810546875,0.0,91500.828125,269.31573486328125,283.8502197265625,292.35009765625,4.702388832811266e-05,0.0002315097081009,0.0057876445353031,-0.1828765869140625,0.5845947265625,-2.36566162109375,-2.548248291015625,0.31640625,0.1059722900390625
2015-01-14,18,3,291.160888671875,285.1608581542969,-3.2011260986328125,0.8787078857421875,0.0,91707.03125,269.9150390625,284.58221435546875,289.3123779296875,4.5962093281559646e-05,0.0002658783341757,0.0074222050607204,0.89630126953125,-0.148895263671875,-4.436187744140625,-0.1240081787109375,1.975250244140625,0.8566436767578125
2015-01-15,0,0,289.8841857910156,287.9693603515625,-2.232147216796875,0.4478759765625,0.0,91663.5,270.6662902832031,283.393798828125,287.903076171875,5.777028854936361e-05,0.0003050812520086,0.0076947174966335,-0.0565032958984375,1.102630615234375,-1.307586669921875,0.8222198486328125,0.875396728515625,0.703399658203125
2015-01-15,6,1,298.3075561523437,284.4290466308594,-1.6041412353515625,-0.806121826171875,0.0,91814.640625,270.1749267578125,283.6175231933594,288.4117431640625,5.860465171281248e-05,0.0003117565065622,0.0078568384051322,3.243682861328125,0.08001708984375,-2.176177978515625,1.2455596923828125,2.0615386962890625,-1.2712554931640625
2015-01-15,12,2,299.45556640625,281.7092590332031,-0.8182373046875,-0.6289825439453125,0.0,91507.953125,270.17938232421875,283.34979248046875,292.4736022949219,0.0001235635863849,0.0006548713427037,0.0058811083436012,4.544158935546875,2.9200439453125,-1.741180419921875,1.3922882080078125,3.093856811523437,-1.0610504150390625
2015-01-15,18,3,290.929443359375,282.31591796875,-2.8785400390625,0.8988800048828125,0.0,91736.890625,270.21002197265625,284.447509765625,290.0883178710937,0.0002056723897112,0.0015067288186401,0.0057584308087825,5.5292510986328125,2.4331817626953125,-5.1988372802734375,-1.7894439697265625,4.578338623046875,1.296417236328125
2015-01-16,0,0,290.5864562988281,288.40594482421875,-2.8204345703125,0.186676025390625,0.125,91683.671875,270.2593994140625,283.85467529296875,289.05078125,0.0002884560963138,0.0021698412019759,0.005002174526453,5.342803955078125,5.12042236328125,-4.1560821533203125,-4.814743041992188,4.76416015625,2.192047119140625
2015-01-16,6,1,298.01922607421875,286.5809631347656,-2.6417999267578125,0.5146484375,0.0,91917.09375,270.5899658203125,283.3822021484375,288.62652587890625,0.00035364436917,0.0021139762829989,0.0084554739296436,4.1098480224609375,5.128341674804688,-3.858123779296875,-2.6390533447265625,5.885498046875,0.6473388671875
2015-01-16,12,2,300.27655029296875,285.6807861328125,-1.595703125,0.5179290771484375,0.0,91571.28125,269.59161376953125,284.20758056640625,292.15594482421875,0.0003025822807103,0.0017382148653268,0.0080643445253372,5.5179443359375,6.7405853271484375,-2.5258026123046875,-1.0023651123046875,3.036895751953125,0.709014892578125
2015-01-16,18,3,292.7305908203125,287.3807373046875,-2.3792877197265625,0.289459228515625,0.0,91797.421875,269.94219970703125,284.4394226074219,289.8755798339844,0.0003321929834783,0.0022665448486804,0.0091256722807884,2.587890625,6.539520263671875,-3.6021728515625,-0.20654296875,4.391891479492188,2.2330474853515625
2015-01-17,0,0,291.63922119140625,289.92755126953125,-2.6282958984375,0.508056640625,0.625,91691.625,268.9619140625,284.00347900390625,288.43231201171875,0.0002459885145071,0.0032934744376689,0.0100024156272411,5.4606781005859375,7.068618774414063,-4.1356048583984375,0.715545654296875,1.3841094970703125,-0.4199066162109375
2015-01-17,6,1,299.02960205078125,287.5208740234375,-2.4426422119140625,0.225372314453125,0.25,91910.6875,268.66571044921875,283.3973999023437,289.8293762207031,0.0002526201424188,0.0038497652858495,0.0098089501261711,3.715850830078125,5.721969604492188,-3.3691558837890625,-1.36083984375,2.090850830078125,0.3215179443359375
2015-01-17,12,2,300.0338439941406,288.03643798828125,-0.7886199951171875,0.707366943359375,5.75,91601.390625,268.5585632324219,279.04547119140625,292.92999267578125,0.0002463216078467,0.0073549076914787,0.0088605247437953,3.458343505859375,1.5778656005859375,-1.430755615234375,-1.963165283203125,-0.06689453125,1.01678466796875
2015-01-17,18,3,293.81060791015625,288.6028747558594,-3.12347412109375,0.5694732666015625,0.0,91905.1875,268.51373291015625,282.7015686035156,289.030517578125,0.0001990895107155,0.0045454017817974,0.0103115327656269,1.0750732421875,8.979522705078125,-4.49969482421875,-0.935699462890625,1.6585845947265625,3.276473999023437
2015-01-18,0,0,291.1952819824219,288.260009765625,-1.8367156982421875,0.696685791015625,0.0,91769.34375,267.9019775390625,283.49822998046875,288.68377685546875,0.0001941561931744,0.0039020075928419,0.009931530803442,3.6797027587890634,8.224151611328125,-1.45989990234375,-0.288421630859375,0.2275848388671875,0.0009307861328125
2015-01-18,6,1,298.58575439453125,286.69708251953125,-1.8652191162109373,0.0765838623046875,0.0,91967.25,267.8028564453125,283.06378173828125,289.7700500488281,0.0001984258415177,0.0039150333032011,0.0095453336834907,4.1324310302734375,6.513214111328125,-2.410507202148437,-2.0130157470703125,-1.3130035400390625,-0.107330322265625
2015-01-18,12,2,300.7171630859375,287.4102783203125,-0.0534820556640625,-1.60089111328125,0.625,91578.015625,268.0020751953125,279.6082458496094,293.5145874023437,0.0001750761002767,0.0069341249763965,0.0088665969669818,4.399261474609375,3.127304077148437,-0.01776123046875,-1.872528076171875,-1.240997314453125,-2.3280792236328125
2015-01-18,18,3,293.61688232421875,288.1138916015625,-3.536483764648437,1.4162139892578125,0.0,91830.78125,267.97784423828125,282.223876953125,289.7257080078125,0.0001598875387571,0.0037919718306511,0.009624034166336,1.6807098388671875,9.760055541992188,-5.7678070068359375,1.322357177734375,-4.573272705078125,1.521240234375
2015-01-19,0,0,291.0481262207031,288.7565002441406,-2.280364990234375,0.8916473388671875,0.0,91690.390625,267.83172607421875,282.8673095703125,289.375,0.0001496761542512,0.0030001124832779,0.0091165229678154,6.06939697265625,6.53863525390625,-2.3079071044921875,-4.454559326171875,-2.808090209960937,-0.2345733642578125
2015-01-19,6,1,299.130859375,286.4661865234375,-2.4258575439453125,0.5510711669921875,0.0,91904.484375,267.3151550292969,282.5707092285156,289.9763488769531,0.0001586015423526,0.0028789374046027,0.0089878030121326,3.884521484375,5.223052978515625,-3.390533447265625,-7.60382080078125,-1.32135009765625,0.43218994140625
2015-01-19,12,2,300.9057922363281,287.1710205078125,-0.8040771484375,-1.0483856201171875,6.125,91538.25,267.255615234375,278.694580078125,293.8778686523437,0.0001709176431177,0.0070903338491916,0.0084903873503208,1.4892120361328125,1.667633056640625,-1.0308685302734375,-6.799346923828125,-2.4882049560546875,-1.812255859375
2015-01-19,18,3,292.5981140136719,287.796630859375,-4.371185302734375,1.755157470703125,0.0,91886.078125,266.63592529296875,283.2382507324219,288.43426513671875,0.0001973098551388,0.0018431062344461,0.0100190872326493,-2.755615234375,8.223251342773438,-6.790939331054688,-2.1381378173828125,-4.511962890625,3.308135986328125
2015-01-20,0,0,291.1733093261719,288.80877685546875,-2.56683349609375,1.431976318359375,0.75,91793.46875,267.181640625,281.5164794921875,289.124755859375,0.0001781674072844,0.0022478818427771,0.0097802020609378,-3.3925323486328125,7.455047607421875,-0.9154205322265624,-0.4510040283203125,-9.328643798828123,3.54840087890625
2015-01-20,6,1,299.029052734375,287.45928955078125,-2.084686279296875,1.4674072265625,0.0,92014.390625,267.0795593261719,281.49365234375,289.469482421875,0.0001667329051997,0.0021015275269746,0.0099355690181255,-4.269302368164063,5.9007415771484375,-2.873016357421875,3.2833251953125,-6.9437103271484375,1.978759765625
2015-01-20,12,2,300.5746765136719,287.3641662597656,-0.9331817626953124,-0.131744384765625,0.25,91719.6875,267.43035888671875,278.6380615234375,292.7377014160156,0.0001529783039586,0.0061656273901462,0.0087925866246223,-2.001922607421875,2.683502197265625,-1.1855926513671875,3.8796539306640634,-2.777938842773437,-0.357635498046875
2015-01-20,18,3,292.5875244140625,287.9407958984375,-4.182861328125,1.689971923828125,0.0,92019.546875,267.51220703125,283.9425354003906,287.78289794921875,0.0001385534123983,0.0010786084458231,0.0101628322154283,0.540283203125,1.879241943359375,-7.48895263671875,4.9837493896484375,-7.751556396484375,4.1305999755859375
2015-01-21,0,0,290.9027099609375,288.2489013671875,-2.443572998046875,0.953826904296875,0.0,91973.5625,267.4047241210937,283.16552734375,288.47613525390625,0.0001242449652636,0.0011729460675269,0.0094964765012264,1.753173828125,-1.908966064453125,-3.2140655517578125,4.887725830078125,-5.6307220458984375,0.338165283203125
2015-01-21,6,1,298.0082397460937,287.0979919433594,-2.8132781982421875,0.9304351806640624,0.0,92187.1875,266.9600830078125,283.78594970703125,288.9716186523437,0.0001277615665458,0.0010671310592442,0.0095660351216793,0.497802734375,-1.2997894287109375,-3.949432373046875,4.27667236328125,-4.223800659179688,0.8985748291015625
2015-01-21,12,2,299.45672607421875,286.0289306640625,-2.542266845703125,0.6888427734375,0.0,91861.796875,267.3067932128906,278.77471923828125,291.9834899902344,0.0001245554012712,0.0052975313737988,0.0085849910974502,-0.3809814453125,0.957794189453125,-3.860076904296875,4.67694091796875,-2.512054443359375,0.5612335205078125
2015-01-21,18,3,292.6799621582031,286.4159545898437,-3.510009765625,0.609832763671875,0.0,92137.1875,267.30535888671875,283.97442626953125,287.619873046875,0.0001202517887577,0.0008727537933737,0.0097663411870598,2.5101470947265625,-4.997894287109375,-7.4363250732421875,4.461837768554688,-0.2314910888671875,1.990142822265625
2015-01-22,0,0,290.77423095703125,288.23687744140625,-2.4758758544921875,0.87701416015625,0.0,92029.515625,267.27520751953125,281.17510986328125,288.2557983398437,0.0001229314511874,0.0015282768290489,0.0088276378810405,2.221160888671875,-0.9101409912109376,-5.3441314697265625,3.2829742431640625,-0.3687744140625,0.0717620849609375
2015-01-22,6,1,299.43267822265625,284.4502258300781,-1.8819732666015625,0.4309539794921875,0.0,92174.203125,267.46002197265625,282.19146728515625,289.59039306640625,0.0001208095200126,0.0008224479388445,0.008053783327341,2.0694732666015625,0.36956787109375,-2.8101348876953125,3.5242919921875,1.7627716064453125,0.307952880859375
2015-01-22,12,2,300.72784423828125,283.5409545898437,-1.1297454833984375,0.509674072265625,0.0,91769.15625,267.9360046386719,279.130859375,293.00762939453125,0.000115453323815,0.0035777629818767,0.0062378421425819,3.867019653320313,0.121307373046875,-1.9240875244140625,3.130859375,-0.00067138671875,0.7894439697265625
2015-01-22,18,3,292.2874755859375,286.814697265625,-3.0192413330078125,1.0985260009765625,0.0,91957.46875,267.7274780273437,284.72711181640625,290.64630126953125,0.0001111180608859,0.0002199206792283,0.0070044100284576,2.3268280029296875,1.0529937744140625,-2.620468139648437,2.6258697509765625,1.74639892578125,4.1374359130859375
2015-01-23,0,0,291.84490966796875,289.64801025390625,-3.455917358398437,0.7878265380859375,0.125,91787.296875,268.1679077148437,283.5302734375,288.8370056152344,0.0001165601279353,0.0003311003092676,0.0069029405713081,4.185073852539063,0.5491943359375,-4.7160186767578125,3.763275146484375,1.02337646484375,1.69384765625
2015-01-23,6,1,299.7989501953125,285.81182861328125,-2.6356201171875,0.8386993408203125,0.0,91907.390625,269.107421875,282.05633544921875,290.0299072265625,0.000207587814657,0.0006235144101083,0.0079063363373279,4.6632080078125,-1.53521728515625,-3.856475830078125,2.2970123291015625,4.027359008789063,0.96514892578125
2015-01-23,12,2,300.4127502441406,284.53338623046875,-1.911102294921875,1.2738037109375,0.0,91557.46875,269.25128173828125,277.7536315917969,293.28350830078125,0.0002885392750613,0.0066674575209617,0.0073308050632476,4.271896362304688,-1.0011444091796875,-2.8650054931640625,2.338851928710937,0.293060302734375,1.751129150390625
2015-01-23,18,3,293.08563232421875,290.5650939941406,-4.077362060546875,2.205841064453125,5.875,91849.4375,268.1503295898437,280.1923828125,289.41607666015625,0.0003122997004538,0.0017140789423137,0.0106366276741027,2.263046264648437,-1.58001708984375,-5.8465728759765625,1.974365234375,5.4819183349609375,4.7059173583984375
2015-01-24,0,0,293.5738525390625,290.7520446777344,-2.1870269775390625,1.01580810546875,13.875,91743.609375,269.33233642578125,282.2352905273437,288.80731201171875,0.000287472968921,0.0012601690832525,0.0103347674012184,2.3330078125,-0.830780029296875,-5.0611724853515625,4.892242431640625,4.301239013671875,4.13897705078125
2015-01-24,6,1,297.86395263671875,289.208984375,-3.1379547119140625,1.0358428955078125,25.625,91951.15625,269.15155029296875,281.3461303710937,289.103759765625,0.0001681412977632,0.0019726241007447,0.0107445791363716,0.097869873046875,-1.1866455078125,-4.9069366455078125,3.67138671875,5.00457763671875,1.5559844970703125
2015-01-24,12,2,299.76104736328125,287.5801086425781,-2.117462158203125,0.410125732421875,13.125,91656.65625,269.4915466308594,278.5010986328125,292.0434265136719,0.0001284169120481,0.006627183407545,0.0095095261931419,-0.2719268798828125,-2.2014312744140625,-3.0735321044921875,4.817901611328125,1.028106689453125,0.632537841796875
2015-01-24,18,3,293.01495361328125,290.2724609375,-3.1436309814453125,1.4081878662109375,10.375,91916.546875,268.9368591308594,280.10791015625,289.77947998046875,0.0002208077203249,0.0035945663694292,0.0107880532741546,-1.8886260986328125,0.1523590087890625,-4.439910888671875,6.9599609375,3.30780029296875,-0.174346923828125
2015-01-25,0,0,293.54595947265625,290.2095947265625,-2.518661499023437,0.3783721923828125,23.25,91876.203125,268.9977722167969,280.78173828125,288.4734802246094,0.0003559638280421,0.0028711850754916,0.0101286508142948,-0.4337158203125,0.4714813232421875,-4.811782836914063,4.41961669921875,3.4066925048828125,-0.460418701171875
2015-01-25,6,1,299.896728515625,286.0858154296875,-2.787933349609375,-0.3468475341796875,0.0,92044.5625,268.7894897460937,281.52935791015625,290.36456298828125,0.0004027362447232,0.0021413217764347,0.0091824419796466,-3.652145385742188,0.62139892578125,-4.199554443359375,5.3531494140625,0.9350128173828124,-0.912200927734375
2015-01-25,12,2,301.5271301269531,283.9101867675781,-2.933090209960937,-0.1001434326171875,0.0,91699.203125,268.1590576171875,278.1776733398437,293.5859375,0.0006276709027588,0.0065435729920864,0.0069387890398502,-2.2022857666015625,-0.053436279296875,-4.3537139892578125,5.2253265380859375,-1.080535888671875,-0.2846527099609375
2015-01-25,18,3,292.67645263671875,284.9287109375,-3.83929443359375,0.705780029296875,0.0,91961.515625,267.7311706542969,283.0884094238281,290.3017578125,0.0017338239122182,0.0013529607094824,0.0057799480855464,-2.44293212890625,-3.346099853515625,-8.0443115234375,6.3298187255859375,-1.29364013671875,-0.9813385009765624
2015-01-26,0,0,290.3320007324219,287.30841064453125,-2.83648681640625,0.49505615234375,0.0,91825.96875,267.45184326171875,282.875732421875,291.17559814453125,0.0020964336581528,0.0007362151518464,0.0020670620724558,-3.139251708984375,-3.757888793945313,-6.54107666015625,6.8089141845703125,0.71807861328125,-2.654754638671875
2015-01-26,6,1,298.67645263671875,284.0116271972656,-3.429794311523437,1.4050445556640625,0.0,91981.28125,267.68115234375,283.66064453125,288.2761535644531,0.0007949280552566,0.0004393032286316,0.0068425871431827,-4.4363555908203125,-4.220794677734375,-5.61199951171875,9.54608154296875,2.215789794921875,1.7294158935546875
2015-01-26,12,2,300.5057067871094,283.6450500488281,-2.7599334716796875,0.2710723876953125,0.0,91641.46875,267.88018798828125,283.0447998046875,292.458251953125,0.0014521258417516,0.000443295110017,0.0062811411917209,-2.3183135986328125,-2.116668701171875,-4.20855712890625,10.436752319335938,-0.204498291015625,0.0370635986328125
2015-01-26,18,3,292.7690124511719,287.4662475585937,-3.869415283203125,0.959442138671875,0.0,91849.609375,267.5807800292969,284.0528869628906,289.3409423828125,0.0015878430567681,0.0008580225985497,0.0080631300806999,0.9495391845703124,-4.5024261474609375,-5.9977569580078125,9.576766967773438,1.2639617919921875,0.3030548095703125
2015-01-27,0,0,291.1459045410156,288.9564208984375,-2.8403778076171875,0.3894500732421875,0.0,91737.796875,266.9776611328125,283.01580810546875,288.9515380859375,0.0016612098552286,0.0020094427745789,0.00490527972579,0.8728179931640625,-4.669845581054688,-5.3251953125,7.1955413818359375,5.11053466796875,-1.4593505859375
2015-01-27,6,1,298.5067749023437,284.95623779296875,-3.5504608154296875,1.695037841796875,0.0,91846.859375,268.3292236328125,282.684326171875,289.0072021484375,0.0016770719084888,0.0024961906019598,0.0077216997742652,4.368194580078125,-3.522796630859375,-5.4889984130859375,4.7370147705078125,5.5574798583984375,2.4814910888671875
2015-01-27,12,2,300.3260803222656,285.1301574707031,-2.8420867919921875,1.3512115478515625,0.0,91498.3125,268.3236999511719,282.6793212890625,292.5559387207031,0.001608308404684,0.0025695376098155,0.0079842396080493,4.1961212158203125,-0.4615936279296875,-4.399093627929688,3.1446685791015625,2.377471923828125,1.853759765625
2015-01-27,18,3,292.9266967773437,291.1795349121094,-2.918670654296875,1.1973724365234375,0.0,91708.703125,267.3734741210937,284.90789794921875,290.36334228515625,0.0016066159587353,0.0029910684097558,0.0091644190251827,2.7331695556640625,-1.62286376953125,-3.1374664306640625,3.7963714599609375,3.119903564453125,1.6955108642578125
2015-01-28,0,0,292.6963195800781,289.5168151855469,-2.77960205078125,0.6265106201171875,0.0,91585.28125,267.2818603515625,284.4062194824219,288.96929931640625,0.0016202020924538,0.0030292244628071,0.0088853165507316,3.760833740234375,-2.025115966796875,-1.8117218017578125,3.9266357421875,2.7638702392578125,1.4052886962890625
2015-01-28,6,1,297.9970092773437,288.7522277832031,-1.253753662109375,0.938812255859375,0.0,91727.65625,267.78692626953125,284.30596923828125,288.23974609375,0.0017469164449721,0.0029736505821347,0.009962897747755,4.0292510986328125,-2.135406494140625,-1.52655029296875,4.8398284912109375,4.824066162109375,1.0417938232421875
2015-01-28,12,2,300.20538330078125,288.7326354980469,-1.5943450927734375,1.0262908935546875,0.0,91397.828125,267.29986572265625,284.40020751953125,292.86492919921875,0.0019481959752738,0.0029554106295108,0.009279366582632,3.564682006835937,1.178009033203125,-2.3184051513671875,2.69549560546875,2.0334625244140625,1.134002685546875
2015-01-28,18,3,293.35015869140625,289.633544921875,-2.6369781494140625,1.6092071533203125,0.0,91637.359375,267.50933837890625,284.725341796875,290.09942626953125,0.0015889380592852,0.0035547260195016,0.0097760446369647,5.8556671142578125,-2.939849853515625,-2.4138641357421875,-0.49871826171875,5.752365112304688,3.591171264648437
2015-01-29,0,0,292.9892578125,290.3427124023437,-2.787460327148437,0.5218505859375,2.5,91556.234375,268.5370788574219,283.54327392578125,289.06884765625,0.0006279340013861,0.0044166184961795,0.0103532001376152,5.6532745361328125,-1.7760009765625,-0.4674224853515625,-1.8076019287109373,5.501968383789063,1.63055419921875
2015-01-29,6,1,299.09039306640625,290.24615478515625,-1.2003631591796875,-0.6876983642578125,0.0,91807.203125,268.5305480957031,282.98895263671875,290.02764892578125,8.765497477725148e-05,0.0050561465322971,0.0106930807232856,1.1340179443359375,-0.116119384765625,-1.5622100830078125,-4.205780029296875,4.18280029296875,-1.2528228759765625
2015-01-29,12,2,301.1211853027344,287.80322265625,-1.3993377685546875,-1.1040191650390625,8.0,91511.640625,268.36016845703125,279.5565185546875,293.8291320800781,0.0001157800870714,0.0085862576961517,0.0096244886517524,-2.8524322509765625,-0.4872894287109375,-2.0914306640625,-3.66064453125,-0.972198486328125,-2.0158843994140625
2015-01-29,18,3,294.1535949707031,290.0233154296875,-3.5411529541015625,1.0306549072265625,0.0,91900.28125,268.7296142578125,283.3934936523437,289.1907653808594,0.0001299613650189,0.0060231275856494,0.0115459859371185,-2.76324462890625,-2.3112030029296875,-6.328033447265625,-4.6699981689453125,1.7122039794921875,-0.22528076171875
2015-01-30,0,0,293.351318359375,291.2808532714844,-2.284393310546875,0.934783935546875,11.375,91724.921875,268.3109130859375,283.3827514648437,289.1089172363281,0.000165067409398,0.0062927715480327,0.0100701786577701,-1.9587860107421875,-0.779083251953125,-5.488433837890625,-5.8351593017578125,1.4949951171875,-3.043212890625
2015-01-30,6,1,298.671142578125,289.33953857421875,-2.630126953125,-1.5423583984375,0.0,91982.71875,267.7357177734375,283.427001953125,289.78350830078125,0.0002637226134538,0.0056860633194446,0.0102450102567672,-1.9251708984375,-0.7099761962890625,-3.836456298828125,-5.15985107421875,2.260955810546875,-2.410140991210937
2015-01-30,12,2,301.5851745605469,288.14849853515625,-1.702239990234375,-0.8389739990234375,6.875,91631.453125,267.38836669921875,279.6900939941406,293.9944763183594,0.0002770596183836,0.0081898234784603,0.0095414817333221,-2.195541381835937,-0.8067626953125,-2.8090057373046875,-4.2552032470703125,-0.0189208984375,-1.2544403076171875
2015-01-30,18,3,294.31512451171875,289.06719970703125,-3.368011474609375,0.6781158447265625,0.0,91942.515625,268.273681640625,283.99346923828125,289.1315002441406,0.0001326340425293,0.0027413347270339,0.0107334461063146,-2.6590118408203125,-2.49365234375,-6.908950805664063,-3.197845458984375,1.591400146484375,-0.198150634765625
2015-01-31,0,0,292.62432861328125,289.6044921875,-2.181427001953125,-0.7659454345703125,0.0,91796.28125,268.09552001953125,283.00592041015625,289.41571044921875,0.000106222971226,0.0035820046905428,0.0091750621795654,-0.8627166748046875,0.156402587890625,-6.581512451171875,-3.337020874023437,1.0004730224609375,-6.5992279052734375
2015-01-31,6,1,299.8389892578125,286.0629272460937,-3.873855590820313,-1.3279876708984375,0.0,91990.734375,267.09405517578125,283.13623046875,290.4312744140625,0.0001217430835822,0.0029450336005538,0.0084342360496521,-0.040496826171875,2.212066650390625,-5.848541259765625,-4.23260498046875,-0.22735595703125,-2.3506011962890625
2015-01-31,12,2,301.0417175292969,286.2166442871094,-3.0340728759765625,0.69854736328125,0.0,91647.546875,267.6532287597656,282.2333984375,293.47906494140625,0.0001526174310129,0.0031906918156892,0.0082187429070472,0.9198455810546876,3.8242034912109375,-4.4318695068359375,-5.620147705078125,-3.18701171875,0.7070770263671875
2015-01-31,18,3,294.0642395019531,287.64361572265625,-3.649169921875,1.095794677734375,0.0,91915.53125,267.656005859375,285.1485595703125,289.3166198730469,0.0001966253912542,0.0007064566016197,0.0095925368368625,1.748779296875,-0.7202606201171875,-6.1601409912109375,-5.42877197265625,-0.8875732421875,2.77166748046875
2015-02-01,0,0,292.07965087890625,289.57086181640625,-2.1729888916015625,-0.0895843505859375,0.0,91797.828125,266.62164306640625,283.0707702636719,289.9305419921875,0.0001771573734004,0.0008942659478634,0.0085447877645492,0.58978271484375,-0.5395050048828125,-2.608016967773437,-4.713897705078125,-0.8218841552734375,-1.704620361328125
2015-02-01,6,1,298.82403564453125,286.17041015625,-2.9610137939453125,-0.087799072265625,0.0,91949.15625,266.1829833984375,283.26641845703125,289.81787109375,0.0001550070737721,0.0007858490571379,0.0085940808057785,-0.2998046875,0.117340087890625,-4.029586791992188,-5.0443878173828125,-1.14910888671875,-0.614593505859375
2015-02-01,12,2,300.6622314453125,285.36199951171875,-2.0176544189453125,-0.181976318359375,0.0,91641.65625,265.9986877441406,280.1337280273437,293.17999267578125,0.0001690950884949,0.0033211819827556,0.0079711228609085,-0.4722747802734375,0.46087646484375,-2.5748291015625,-3.1744842529296875,-1.7408599853515625,-0.646759033203125
2015-02-01,18,3,294.0722351074219,288.0516357421875,-3.52606201171875,0.915283203125,0.0,91916.0625,266.71588134765625,283.1782531738281,288.96417236328125,0.0001772084506228,0.0006722505204379,0.0096294209361076,1.414520263671875,-5.207077026367188,-7.040985107421875,-1.2110137939453125,-2.91522216796875,2.1965484619140625
2015-02-02,0,0,292.1938781738281,289.97613525390625,-3.058685302734375,0.3462371826171875,1.125,91824.484375,266.63922119140625,282.04742431640625,289.0606384277344,0.0001921947405207,0.0007879920303821,0.0086671262979507,1.0555572509765625,-4.300201416015625,-5.914352416992188,-1.2512969970703125,0.2378387451171875,-2.01751708984375
2015-02-02,6,1,298.308837890625,284.2357788085937,-4.0060577392578125,0.245758056640625,0.0,92033.5625,266.75897216796875,282.5432434082031,289.5008544921875,0.0001989149604924,0.0007243638392537,0.0073040761053562,1.10546875,-4.99334716796875,-6.1129302978515625,-0.4886627197265625,-0.91864013671875,0.0513458251953125
2015-02-02,12,2,299.643798828125,284.3982238769531,-3.879669189453125,0.7497100830078125,0.0,91756.71875,267.4722900390625,282.32916259765625,291.92645263671875,0.0001949427096405,0.0006383608561009,0.0075726024806499,2.1031036376953125,-3.684158325195313,-6.1244659423828125,2.06396484375,-0.1831817626953125,1.0063629150390625
2015-02-02,18,3,293.0136413574219,287.8661499023437,-3.8669281005859375,0.569488525390625,0.0,92044.953125,267.5570068359375,282.3778686523437,288.2450561523437,0.0001776558492565,0.0005947158206254,0.0088213607668876,2.46881103515625,-5.5358734130859375,-6.7869873046875,1.4011077880859375,2.3461151123046875,1.1019744873046875
2015-02-03,0,0,290.38165283203125,288.3552551269531,-3.0049285888671875,-0.245208740234375,0.0,92012.625,266.8061218261719,282.037353515625,289.1003723144531,0.0001758156140567,0.0005870989989489,0.0029665664769709,0.047119140625,-6.078170776367188,-6.231460571289063,2.605331420898437,2.0101470947265625,0.4995880126953125
2015-02-03,6,1,298.14862060546875,284.51580810546875,-3.1884765625,0.1886444091796875,0.0,92192.484375,266.66290283203125,282.4750671386719,288.45947265625,0.0001666168536758,0.0005484628491103,0.0070764347910881,-2.2657928466796875,-6.078170776367188,-5.0631256103515625,3.536529541015625,3.51556396484375,0.5327606201171875
2015-02-03,12,2,300.40948486328125,285.7940673828125,-3.2390289306640625,0.527374267578125,0.0,91873.59375,266.5509033203125,281.68341064453125,292.3189697265625,0.0001718094281386,0.0006099618040025,0.0078383646905422,-1.96258544921875,-4.537200927734375,-5.1077728271484375,2.9781951904296875,2.4996490478515625,0.66473388671875
2015-02-03,18,3,292.9809875488281,286.5236511230469,-3.89910888671875,0.1377105712890625,0.0,92163.75,266.67633056640625,282.98834228515625,289.1493530273437,0.0001630427723284,0.000421380624175,0.008618026971817,-1.816192626953125,-4.9639739990234375,-7.6157073974609375,4.1158294677734375,3.41839599609375,0.4756011962890625
2015-02-04,0,0,291.03887939453125,289.6907653808594,-2.9969482421875,-0.5917510986328125,0.5,91992.046875,266.687255859375,282.6560974121094,289.41033935546875,0.0001591838372405,0.0004382499027997,0.004361867904663,0.0494537353515625,-4.134185791015625,-6.15478515625,3.841217041015625,1.48760986328125,-1.76910400390625
2015-02-04,6,1,298.4410400390625,283.5537109375,-3.80694580078125,-0.1567840576171875,0.0,92143.421875,267.0399169921875,281.9991760253906,289.06072998046875,0.0001303449389524,0.0014792117290198,0.0064903050661087,-0.282989501953125,-2.88653564453125,-6.3246917724609375,4.3858642578125,2.35601806640625,-0.2008514404296875
2015-02-04,12,2,300.9008178710937,283.4307861328125,-3.107940673828125,0.083740234375,0.0,91784.453125,266.77099609375,281.43658447265625,292.3911437988281,0.0003996405284851,0.0043497197329998,0.0064121782779693,-0.5679473876953125,-3.0518798828125,-5.234375,4.7516937255859375,1.8770904541015625,0.171875
2015-02-04,18,3,292.9680480957031,286.5533142089844,-3.0248260498046875,-0.03240966796875,0.0,92033.75,265.69171142578125,281.9849548339844,289.0954284667969,0.0038215406239032,0.005368061363697,0.0088081210851669,-0.821319580078125,-3.2144012451171875,-6.516998291015625,4.718048095703125,2.0977325439453125,1.0213165283203125
2015-02-05,0,0,291.7297668457031,288.79376220703125,-1.9067230224609373,-0.4067535400390625,0.0,91823.859375,265.66168212890625,282.01483154296875,289.24871826171875,0.0029472210444509,0.0045733153820037,0.0055364295840263,-0.729583740234375,-1.8955078125,-5.095748901367188,6.116455078125,1.6929931640625,-1.99151611328125
2015-02-05,6,1,299.71551513671875,280.7431030273437,-2.640106201171875,0.3259735107421875,0.0,92021.890625,266.1468811035156,282.2301025390625,290.1733703613281,0.0026795961894094,0.002696004230529,0.0054962486028671,0.5168304443359375,-2.611358642578125,-4.0158233642578125,6.063400268554688,2.153076171875,0.38623046875
2015-02-05,12,2,301.0453491210937,282.5026550292969,-2.65643310546875,0.3612213134765625,0.0,91618.484375,265.69097900390625,282.1776733398437,293.24639892578125,0.0021194703876972,0.0023014661855995,0.0056011490523815,1.9660491943359373,-0.0023345947265625,-4.4848480224609375,3.4320220947265625,-0.2811126708984375,0.567626953125
2015-02-05,18,3,294.1761169433594,284.0638427734375,-3.407379150390625,0.226318359375,0.0,91892.65625,264.9072265625,283.003173828125,290.58447265625,0.0022519032936543,0.0040254592895507,0.0066564418375492,3.73388671875,-2.6243438720703125,-5.9659423828125,4.8194580078125,-0.365325927734375,0.110107421875
2015-02-06,0,0,291.3277282714844,287.4755859375,-1.6993408203125,0.1887054443359375,0.0,91757.296875,266.2052001953125,282.50262451171875,291.018310546875,0.0007508669514209,0.0032442498486489,0.0023335837759077,4.4001312255859375,-0.4963226318359375,-3.783355712890625,2.73187255859375,0.8060760498046875,-0.0596160888671875
2015-02-06,6,1,299.8165283203125,280.9296875,-2.73663330078125,0.848052978515625,0.0,91989.546875,267.4306640625,282.3896179199219,290.47430419921875,0.0002711624838411,0.0030370929744094,0.0043672248721122,4.4799652099609375,1.371551513671875,-4.16156005859375,3.18121337890625,-0.9242706298828124,1.1580810546875
2015-02-06,12,2,301.3710021972656,282.2538757324219,-2.737701416015625,0.94708251953125,0.0,91624.46875,266.62725830078125,282.30810546875,293.88690185546875,0.0003306088037788,0.0024555108975619,0.005210131406784,5.522186279296875,1.670135498046875,-4.77703857421875,2.1776275634765625,-3.09478759765625,1.5410919189453125
2015-02-06,18,3,293.81219482421875,286.12261962890625,-3.453277587890625,1.35333251953125,0.0,91936.703125,265.8974304199219,282.2532043457031,290.3958740234375,0.0006838070694357,0.0040855454280972,0.0080833807587623,5.157562255859375,-1.49652099609375,-5.110870361328125,1.2639923095703125,-1.5810699462890625,2.5476837158203125
2015-02-07,0,0,292.0142822265625,289.887939453125,-2.35028076171875,1.0257110595703125,1.375,91756.59375,266.8037109375,282.25311279296875,290.2647399902344,0.0003656020853668,0.0036479143891483,0.0058196065947413,7.529678344726562,-1.5855255126953125,-1.9198455810546875,1.735321044921875,-2.543212890625,1.1849517822265625
2015-02-07,6,1,300.0298156738281,283.1072998046875,-1.475738525390625,1.2304534912109375,0.0,91909.140625,266.9404296875,282.5320129394531,290.38934326171875,0.0002757990732789,0.0035682616289705,0.0066602490842342,6.99761962890625,-0.8955230712890625,-1.7940521240234375,1.09454345703125,-1.5371551513671875,1.383880615234375
2015-02-07,12,2,302.05242919921875,281.725341796875,-2.272552490234375,0.3965301513671875,0.0,91553.9375,266.58056640625,281.747314453125,294.3414001464844,0.0002314755693078,0.0037000661250203,0.0053724274039268,7.982559204101562,2.35498046875,-3.384628295898437,0.2037353515625,-3.5724029541015625,0.3679351806640625
2015-02-07,18,3,293.9708557128906,285.4213562011719,-3.896148681640625,1.849029541015625,0.0,91816.96875,266.9080505371094,281.3968811035156,290.9454040527344,0.0001924205425893,0.0053442157804965,0.0076916851103305,7.3011474609375,0.9342498779296876,-4.8417816162109375,-0.0137786865234375,-0.3142547607421875,3.194931030273437
2015-02-08,0,0,292.0336303710937,288.9920959472656,-2.253036499023437,1.2027587890625,0.125,91730.546875,266.9229736328125,280.6005249023437,290.43756103515625,0.0002783357631415,0.0052820220589637,0.007348820567131,5.791717529296875,-1.0145721435546875,-0.5509796142578125,2.564971923828125,-0.6313629150390625,3.057952880859375
2015-02-08,6,1,300.0587158203125,284.951416015625,-0.9843292236328124,0.764984130859375,0.0,91862.25,267.41363525390625,280.7777404785156,290.86090087890625,0.0003164976369589,0.0048548281192779,0.0077790543437004,5.197555541992188,-0.078765869140625,-1.1634674072265625,4.287017822265625,-0.3138275146484375,0.54241943359375
2015-02-08,12,2,302.50408935546875,282.33074951171875,-1.98663330078125,-0.761627197265625,0.0,91501.203125,267.14263916015625,279.5008544921875,295.00653076171875,0.0003106200601905,0.0055175945162773,0.0055799297988414,7.3439788818359375,-0.3287353515625,-2.9696807861328125,4.326095581054688,-2.049591064453125,-1.484832763671875
2015-02-08,18,3,293.9916076660156,285.3583374023437,-3.9350738525390634,1.445159912109375,0.0,91777.4375,265.7099609375,282.6361694335937,291.632080078125,0.0003468510694801,0.0039213942363858,0.0064284168183803,8.706741333007812,-2.6839141845703125,-7.290618896484375,1.472564697265625,1.910064697265625,1.35406494140625
2015-02-09,0,0,291.5556640625,290.1293334960937,-2.325714111328125,0.9471435546875,2.75,91675.546875,266.2846374511719,280.9809875488281,292.3256225585937,0.0003788569010794,0.0028380653820931,0.0029167332686483,8.251052856445312,-3.99298095703125,-4.838226318359375,3.1058349609375,1.62445068359375,-0.8668975830078125
2015-02-09,6,1,299.4244384765625,282.8440246582031,-2.1301422119140625,0.7411346435546875,0.0,91869.765625,266.36865234375,281.8080139160156,290.3289794921875,0.0004470874555408,0.0016831164248287,0.0055534653365612,5.884429931640625,-4.285430908203125,-3.625396728515625,5.226730346679688,1.7136688232421875,0.5687103271484375
2015-02-09,12,2,302.27056884765625,281.4486389160156,-2.6995849609375,0.2985687255859375,0.0,91525.4375,266.5108642578125,281.0667419433594,294.5765380859375,0.0005983249284327,0.0018438254483044,0.0046806000173091,7.772811889648437,-1.4452972412109375,-4.387603759765625,6.583419799804688,-0.952911376953125,0.073974609375
2015-02-09,18,3,293.2265930175781,285.6884460449219,-3.9501800537109375,1.2333831787109375,0.0,91868.453125,265.3689880371094,282.91217041015625,289.8710327148437,0.0005929972976446,0.0013424549251794,0.0075918138027191,6.5462188720703125,-3.1298065185546875,-7.3657684326171875,7.438674926757812,2.7862701416015625,2.119964599609375
2015-02-10,0,0,290.9140014648437,289.5522766113281,-2.8191070556640625,0.179168701171875,1.375,91779.34375,264.75213623046875,281.9733581542969,291.207763671875,0.0018004993908107,0.0007189230527728,0.0031366266775876,9.915420532226562,-1.845550537109375,-4.538543701171875,7.822830200195312,0.260223388671875,-0.9455718994140624
2015-02-10,6,1,297.2660827636719,284.6054077148437,-2.12139892578125,-0.0489349365234375,0.0,91998.171875,264.8531188964844,282.5606994628906,288.48748779296875,0.0015374214854091,0.000822767149657,0.0070126615464687,10.387603759765623,-1.506195068359375,-2.9754791259765625,8.727264404296875,2.3148345947265625,0.1327362060546875
2015-02-10,12,2,300.9196472167969,283.0053100585937,-2.0313873291015625,0.30010986328125,0.0,91598.671875,264.4141540527344,282.10906982421875,292.88641357421875,0.0011176492553204,0.0008124348241835,0.0062985271215438,12.38494873046875,2.303314208984375,-2.9789581298828125,6.0882568359375,0.8290557861328125,0.5006561279296875
2015-02-10,18,3,293.3496398925781,286.4991455078125,-3.3396148681640625,1.0521087646484375,0.0,91807.890625,263.7709350585937,283.44683837890625,289.6624450683594,0.0005555879324674,0.0019490977283567,0.0092143863439559,9.501876831054688,2.094268798828125,-4.9846954345703125,6.244186401367188,-0.2997589111328125,1.8095703125
2015-02-11,0,0,291.776611328125,289.9400329589844,-2.57647705078125,-0.0726165771484375,1.375,91634.015625,266.09930419921875,281.94122314453125,289.5018920898437,0.0001296227565035,0.0014642293099313,0.008398201316595,14.066925048828123,0.7755584716796875,-0.4755859375,2.421966552734375,-0.63665771484375,-0.553466796875
2015-02-11,6,1,299.02996826171875,286.33447265625,-1.09881591796875,-0.7541961669921875,0.0,91887.015625,265.208984375,281.7720947265625,289.762451171875,8.040119428187609e-05,0.0018759204540401,0.008485022932291,6.698654174804688,1.362548828125,-1.5622711181640625,-1.9990386962890625,-0.07513427734375,-1.2164306640625
2015-02-11,12,2,302.5328369140625,284.26873779296875,-0.84814453125,-0.3991546630859375,0.0,91506.796875,265.64947509765625,280.01708984375,294.37451171875,6.646258407272398e-05,0.0033840457908809,0.0064532533288002,7.1614837646484375,0.7269744873046875,-1.254638671875,-2.259613037109375,-1.18109130859375,-0.46173095703125
2015-02-11,18,3,294.71630859375,288.6054077148437,-3.7173004150390634,0.9701995849609376,6.125,91828.328125,265.43505859375,281.57958984375,289.1473999023437,8.847139542922378e-05,0.0012697027996182,0.0110532939434051,5.373809814453125,3.648284912109375,-6.60858154296875,-2.00946044921875,-2.363739013671875,4.121109008789063
2015-02-12,0,0,293.419189453125,290.6810302734375,-2.30487060546875,0.5680389404296875,2.5,91659.234375,265.1959228515625,282.070068359375,289.75927734375,0.0001182069827336,0.0004374871496111,0.0088958926498889,9.652557373046877,-0.997406005859375,-2.34063720703125,-4.190444946289063,-1.7729339599609375,0.8400115966796875
2015-02-12,6,1,299.739501953125,288.509765625,-1.4737091064453125,0.4882659912109375,0.0,91872.78125,264.905029296875,281.523681640625,290.3739013671875,7.398336310870945e-05,0.0004778769798576,0.0094907730817794,8.387374877929688,0.3516845703125,-1.930450439453125,-4.046051025390625,1.4289398193359375,0.3464508056640625
2015-02-12,12,2,302.6569519042969,285.2857360839844,-0.250244140625,-0.4181671142578125,0.0,91446.828125,264.9135437011719,279.8608703613281,294.729736328125,8.86393099790439e-05,0.0042696902528405,0.0068034678697586,9.924606323242188,-0.20941162109375,-0.444091796875,-5.93438720703125,-0.043243408203125,-0.4574737548828125
2015-02-12,18,3,294.76824951171875,284.6396484375,-3.0571441650390625,0.4365692138671875,0.0,91740.921875,265.7986145019531,279.6872253417969,291.0771179199219,6.611112621612847e-05,0.0038883148226886,0.009494986385107,4.474273681640625,3.926666259765625,-5.112701416015625,-9.146636962890623,-2.660552978515625,3.947174072265625
2015-02-13,0,0,293.1282958984375,291.0614624023437,-2.5512847900390625,0.789947509765625,0.75,91666.5,264.87225341796875,282.43798828125,290.2591552734375,0.0001621916744625,0.0004738569259643,0.0093518830835819,6.158050537109375,1.19891357421875,-1.2933349609375,-12.224090576171877,-4.842987060546875,1.6282958984375
2015-02-13,6,1,300.5541381835937,287.6900939941406,-0.6778411865234375,-0.4296875,0.0,91835.796875,265.97003173828125,282.7190246582031,291.4299621582031,0.0001169877796201,0.0004834576975554,0.0089898258447647,3.374908447265625,0.5101776123046875,-0.8883209228515625,-13.388946533203123,-2.2890625,-1.0860443115234375
2015-02-13,12,2,302.7513732910156,285.017578125,0.6607208251953125,-1.521820068359375,0.0,91485.28125,267.0766906738281,279.3897399902344,295.2742919921875,8.455912757199258e-05,0.0063726268708705,0.0066412910819053,0.17181396484375,-1.0244598388671875,0.6312255859375,-16.672622680664062,-1.799163818359375,-2.2126007080078125
2015-02-13,18,3,294.8143310546875,281.92144775390625,-3.2520751953125,-0.62554931640625,0.5,91745.78125,267.50958251953125,278.7335205078125,292.5560607910156,0.0001241277495864,0.0056647919118404,0.0076513215899467,-0.1347198486328125,2.819427490234375,-6.290206909179688,-16.149734497070312,0.717620849609375,0.4942474365234375
2015-02-14,0,0,293.5067749023437,291.33160400390625,-1.7131195068359375,0.872100830078125,5.5,91617.109375,266.259033203125,280.5716857910156,290.943359375,0.0002284671063534,0.0019252987112849,0.0097653865814208,2.1255035400390625,1.5681915283203125,-0.5948028564453125,-16.48651123046875,-4.08245849609375,2.198944091796875
2015-02-14,6,1,301.71173095703125,285.4335327148437,-1.0243682861328125,-1.541839599609375,0.0,91783.703125,265.887939453125,283.43084716796875,292.7033996582031,0.0002395005285507,0.0006461956072598,0.0078395679593086,0.674468994140625,-1.1102447509765625,-1.5551300048828125,-13.659591674804688,-3.36895751953125,-2.5636444091796875
2015-02-14,12,2,303.8482666015625,282.48553466796875,-0.3941802978515625,-1.7143707275390625,0.0,91393.640625,265.9447021484375,280.3142395019531,296.3609619140625,0.0002338157501071,0.0052259974181652,0.0052600428462028,1.7174835205078125,-2.68927001953125,-1.1335296630859375,-13.109756469726562,-2.866317749023437,-3.02008056640625
2015-02-14,18,3,295.67584228515625,282.7301025390625,-3.60992431640625,0.6373748779296875,0.0,91655.125,267.26275634765625,281.4408264160156,291.9549560546875,0.000143553741509,0.0031955931335687,0.0086238607764244,-0.489044189453125,2.730331420898437,-6.499679565429688,-10.860931396484377,-3.157211303710937,3.0177154541015625
2015-02-15,0,0,292.6621398925781,287.9591064453125,-1.229705810546875,1.2165069580078125,0.0,91570.078125,267.09783935546875,281.7391662597656,291.2492370605469,0.0001055218745023,0.0015004223678261,0.0084490180015563,-0.5322113037109375,0.68072509765625,-1.2035369873046875,-13.985809326171877,-7.704208374023437,3.20050048828125
2015-02-15,6,1,301.7478332519531,285.4725341796875,-0.7723236083984375,-0.098480224609375,0.0,91784.5,266.84716796875,281.8780517578125,292.66802978515625,0.0001168452872661,0.0012604054063558,0.0074541866779327,-2.751495361328125,-4.663833618164063,-1.1052398681640625,-10.949569702148438,-6.663665771484375,-0.6427154541015625
2015-02-15,12,2,303.7401733398437,284.9446105957031,-1.4825897216796875,-1.4975738525390625,0.0,91401.8125,266.7213134765625,280.39605712890625,296.4891662597656,0.000201188653591,0.0058339536190032,0.0058835074305534,-3.236190795898437,-3.4764556884765625,-2.675750732421875,-11.831298828125,-3.465682983398437,-2.7244110107421875
2015-02-15,18,3,295.2380676269531,282.998046875,-3.526229858398437,1.055877685546875,0.0,91760.1875,266.77203369140625,279.7117919921875,291.48565673828125,0.0001753896358422,0.0051942504942417,0.0084579363465309,-4.749526977539063,2.629257202148437,-9.268585205078123,-9.0023193359375,-3.90887451171875,2.6235809326171875
2015-02-16,0,0,293.11053466796875,285.52520751953125,-1.6353912353515625,1.0476837158203125,0.0,91667.359375,266.3743896484375,280.037109375,291.64410400390625,0.0001554261252749,0.0015656547620892,0.0069273076951503,-1.0482025146484375,-2.54876708984375,-6.032485961914063,-7.185592651367188,-7.090118408203125,-1.519195556640625
2015-02-16,6,1,301.7093505859375,283.1156005859375,-2.4103240966796875,-0.2041168212890625,0.0,91897.390625,265.75799560546875,281.3031005859375,292.46014404296875,0.000176951449248,0.0008049195166677,0.0064824633300304,0.286773681640625,-7.5065765380859375,-3.579071044921875,-7.875396728515625,-8.675918579101562,-1.1053619384765625
2015-02-16,12,2,303.8868408203125,283.36865234375,-2.408966064453125,-1.4199981689453125,0.0,91473.734375,264.9991149902344,280.32403564453125,296.43023681640625,0.0001778344885678,0.0052656009793281,0.0053256712853908,0.678741455078125,-4.271270751953125,-4.207199096679688,-9.564422607421877,-3.9715423583984375,-2.883697509765625
2015-02-16,18,3,295.5057678222656,283.0976257324219,-2.822494506835937,0.730743408203125,0.0,91810.78125,264.85504150390625,282.5177001953125,291.60400390625,0.0001572901965118,0.0011157901026308,0.008010022342205,-2.529998779296875,-4.6855316162109375,-7.832275390625,-10.668075561523438,-7.8040771484375,1.13787841796875
2015-02-17,0,0,292.54473876953125,288.79248046875,-1.4137115478515625,1.1329803466796875,0.0,91702.890625,263.83514404296875,281.1837463378906,291.1666259765625,0.0001335614360868,0.0009486018680036,0.0064244233071804,-3.863311767578125,-6.739517211914063,-4.1291046142578125,-13.359329223632812,-8.589584350585938,-1.0150146484375
2015-02-17,6,1,301.3926086425781,283.81890869140625,-1.609893798828125,-0.5778961181640625,0.0,91892.640625,263.3016967773437,282.1190490722656,292.304931640625,0.0001565988786751,0.0008799491915851,0.0065854489803314,-5.4988555908203125,-9.75860595703125,-2.4500732421875,-11.223983764648438,-8.833740234375,-1.434356689453125
2015-02-17,12,2,303.6269836425781,282.1181640625,-1.8430633544921875,-1.874725341796875,0.0,91456.15625,263.5703430175781,280.18310546875,296.2381591796875,0.0002321685460628,0.0046748481690883,0.004743043333292,-3.754684448242188,-4.324066162109375,-3.563461303710937,-10.34271240234375,-4.5148468017578125,-3.655960083007813
2015-02-17,18,3,294.8962097167969,280.69757080078125,-2.4700469970703125,1.0504150390625,0.0,91792.375,265.91082763671875,280.4501953125,292.33160400390625,0.0001577738148625,0.0021031291689723,0.0060612298548221,-4.205902099609375,-1.3516998291015625,-5.4951019287109375,-10.767776489257812,-4.9911956787109375,3.4460906982421875
2015-02-18,0,0,292.159423828125,286.9766845703125,-1.4821929931640625,1.274932861328125,0.0,91577.203125,265.63531494140625,280.5030822753906,291.9110412597656,0.0001439267070963,0.0009743785485625,0.0060665011405944,0.4812469482421875,-3.965484619140625,-1.67181396484375,-6.236968994140625,-6.68280029296875,-0.5455780029296875
2015-02-18,6,1,301.8098449707031,284.32354736328125,-1.78887939453125,0.16510009765625,0.0,91722.453125,264.55572509765625,281.4914245605469,293.1944885253906,0.0001702303707133,0.0006769823376089,0.0063880011439323,1.5314788818359375,-3.271240234375,-2.8392791748046875,-2.9443817138671875,-7.91046142578125,-0.4676513671875
2015-02-18,12,2,304.2045288085937,280.9443664550781,-0.9460906982421876,-0.38067626953125,0.0,91347.9375,265.8065795898437,280.8634948730469,296.8905029296875,0.0001993617770494,0.0048000253736972,0.0048329941928386,2.8878936767578125,-1.9028472900390625,-1.745849609375,-0.605224609375,-2.48175048828125,-1.1336517333984375
2015-02-18,18,3,295.4538269042969,284.67156982421875,-2.487655639648437,1.8274993896484373,0.0,91667.90625,266.53082275390625,280.06805419921875,292.2115173339844,0.0001744811888784,0.0048141758888959,0.0069257020950317,3.277694702148437,1.5582275390625,-5.82379150390625,2.0161285400390625,-5.332931518554688,7.881179809570312
2015-02-19,0,0,293.008544921875,286.4136657714844,-0.6394500732421875,1.6963348388671875,0.0,91543.90625,267.1874389648437,278.8677978515625,290.88214111328125,0.0001541351521154,0.0049832127988338,0.0064617842435836,7.648147583007812,-2.42156982421875,-0.6194915771484375,-0.76422119140625,-6.513641357421875,5.08154296875
2015-02-19,6,1,301.92047119140625,284.1412048339844,-1.1484375,1.95916748046875,0.0,91761.40625,267.77764892578125,279.1632385253906,292.4258117675781,0.000284346519038,0.0034138744231313,0.0067203529179096,6.8159942626953125,-4.440185546875,-2.0078887939453125,-2.0267333984375,-4.981491088867188,2.55194091796875
2015-02-19,12,2,303.9027709960937,282.24249267578125,-1.6065673828125,-0.2900543212890625,0.0,91363.703125,268.58160400390625,280.1469116210937,296.1467590332031,0.0001547069114167,0.0053379759192466,0.0053768344223499,7.931976318359375,-2.5702056884765625,-2.48223876953125,-1.2989044189453125,-1.86004638671875,-0.81329345703125
2015-02-19,18,3,295.19189453125,283.4525756835937,-3.2582550048828125,1.2808837890625,0.0,91644.359375,268.593505859375,279.7850341796875,292.2598571777344,0.0001725169713608,0.0051676109433174,0.0065915845334529,5.240570068359375,1.9558258056640625,-8.444473266601562,-2.93414306640625,-3.460968017578125,3.8697357177734375
2015-02-20,0,0,292.63446044921875,287.6874389648437,-1.4878997802734375,1.5990753173828125,0.0,91566.921875,267.53887939453125,279.06903076171875,291.3414001464844,0.000241799003561,0.0047974549233913,0.0042537273839116,7.6540679931640625,-1.22674560546875,-5.337646484375,-3.294097900390625,-5.131591796875,5.2071685791015625
2015-02-20,6,1,300.84478759765625,281.3153686523437,-3.2103424072265625,1.8696136474609373,0.0,91818.078125,267.45123291015625,278.75836181640625,291.7645263671875,0.0002801814116537,0.0049183405935764,0.005387183278799,9.07586669921875,-3.493621826171875,-5.323333740234375,-2.973739624023437,-6.2769927978515625,2.414031982421875
2015-02-20,12,2,302.88299560546875,281.326171875,-3.22125244140625,-0.8956756591796875,0.0,91451.203125,267.4502868652344,279.1512756347656,295.0845947265625,0.00025195046328,0.0051454496569931,0.0051617231220006,7.975173950195312,-4.434585571289063,-5.10760498046875,-5.02056884765625,-2.9397735595703125,-1.867340087890625
2015-02-20,18,3,295.20172119140625,283.7702941894531,-3.5483551025390625,0.4888916015625,0.0,91748.203125,268.0433959960937,280.98046875,291.4229736328125,0.0001730525837047,0.0026974186766892,0.0069002956151962,7.4585113525390625,-2.0456695556640625,-10.124771118164062,-8.113174438476562,-6.016159057617188,-1.7251129150390625
2015-02-21,0,0,292.54449462890625,286.052734375,-2.9699249267578125,-0.2803802490234375,0.0,91606.4375,268.3399658203125,279.78863525390625,290.9628295898437,0.0002294517908012,0.0021073422394692,0.00356579804793,10.510208129882812,-3.168670654296875,-10.12396240234375,-11.1162109375,-8.629257202148438,-1.7929534912109375
2015-02-21,6,1,301.2785949707031,279.6724853515625,-4.945953369140625,0.1587982177734375,0.0,91822.453125,268.0858764648437,279.9691772460937,291.75518798828125,0.0001477931509725,0.0027984895277768,0.0050153993070125,7.2902679443359375,-6.848785400390625,-7.859085083007812,-10.305755615234377,-9.906951904296877,-0.4274139404296875
2015-02-21,12,2,302.5219116210937,281.4708251953125,-4.120819091796875,-0.2148284912109375,0.0,91476.046875,269.25927734375,278.6585693359375,294.5927124023437,0.0001163750712294,0.0051549784839153,0.0052511915564537,5.1815185546875,-5.242828369140625,-6.607681274414063,-10.158126831054688,-2.9406280517578125,-0.883697509765625
2015-02-21,18,3,295.519775390625,282.82635498046875,-3.487289428710937,0.227813720703125,0.0,91734.890625,270.3321533203125,279.7750549316406,291.8319091796875,9.826671157497913e-05,0.0021449378691613,0.0066053047776222,0.571929931640625,-7.131439208984375,-7.089279174804688,-7.800460815429687,-6.510757446289063,-1.548248291015625
2015-02-22,0,0,292.8486633300781,284.54595947265625,-2.2613983154296875,-0.2664794921875,0.0,91700.8125,270.39453125,278.8123779296875,290.491455078125,0.0001019597257254,0.002727311104536,0.004521588794887,-0.1547088623046875,-8.880279541015625,-8.804229736328125,-7.4894866943359375,-5.232681274414063,-2.10662841796875
2015-02-22,6,1,301.188720703125,280.342041015625,-5.04266357421875,-0.791778564453125,0.0,91910.0625,269.35699462890625,279.01513671875,292.02642822265625,9.290043090004474e-05,0.0032575107179582,0.0055635534226894,-1.99652099609375,-10.4542236328125,-8.02642822265625,-8.548080444335938,-3.279403686523437,-1.4305572509765625
2015-02-22,12,2,302.1413879394531,282.8695068359375,-4.35430908203125,-0.885772705078125,0.0,91537.3125,268.1871337890625,278.73699951171875,294.5958251953125,7.9458171967417e-05,0.0054445676505565,0.0056124068796634,-3.380889892578125,-6.914581298828125,-7.35504150390625,-6.44598388671875,-3.269256591796875,-1.8248443603515625
2015-02-22,18,3,295.3140563964844,280.6049194335937,-3.6281585693359375,0.1287078857421875,0.0,91880.3125,269.6778564453125,281.0784912109375,291.041259765625,7.201240805443376e-05,0.0014404072426259,0.0058609694242477,-3.896331787109375,-8.435699462890625,-12.208328247070312,-4.92193603515625,-1.3134918212890625,-1.8251190185546875
2015-02-23,0,0,292.84832763671875,282.1249389648437,-2.451156616210937,-0.876007080078125,0.0,91725.21875,268.94464111328125,282.15728759765625,290.03106689453125,6.969338573981076e-05,0.0003477595746517,0.005087237805128,-2.757720947265625,-10.195327758789062,-11.96844482421875,-0.6974334716796875,-1.76849365234375,-2.7778778076171875
2015-02-23,6,1,301.705078125,276.7197570800781,-5.523956298828125,0.538909912109375,0.0,91897.03125,268.507080078125,283.20281982421875,292.0716552734375,6.873199890833348e-05,0.0002501808921806,0.0035858072806149,-3.17974853515625,-12.31268310546875,-8.78619384765625,-4.23748779296875,-0.602142333984375,0.7465667724609375
2015-02-23,12,2,302.4022216796875,278.5270690917969,-3.7890472412109375,0.6434783935546875,0.0,91569.765625,267.4281616210937,279.96783447265625,294.7675170898437,6.117153679952025e-05,0.0021774456836283,0.0034358578268438,-6.03546142578125,-6.15545654296875,-6.4229888916015625,-4.2699127197265625,-0.3851165771484375,0.900909423828125
2015-02-23,18,3,294.976806640625,278.965087890625,-3.535980224609375,0.1177825927734375,0.0,91851.578125,268.3024597167969,283.38629150390625,291.2872314453125,8.245538629125804e-05,0.0002733229193836,0.0053316801786422,-6.71307373046875,-9.41961669921875,-8.531097412109375,-0.319427490234375,2.3936004638671875,1.0699615478515625
2015-02-24,0,0,291.1458740234375,284.0150451660156,-2.077301025390625,-0.4612884521484375,0.0,91675.09375,268.77197265625,282.8521728515625,290.5313720703125,8.153682574629784e-05,0.000248358817771,0.0027577879372984,0.4249725341796875,-8.610824584960938,-6.3536376953125,4.4914398193359375,1.8773345947265625,-2.3853759765625
2015-02-24,6,1,300.8993225097656,274.8895568847656,-3.41168212890625,0.3267059326171875,0.0,91791.015625,268.7301330566406,282.7919311523437,292.22613525390625,0.000119396529044,0.0002238492452306,0.002509270561859,3.762283325195313,-9.1793212890625,-5.06024169921875,1.94598388671875,3.4734039306640625,0.504852294921875
2015-02-24,12,2,302.8585205078125,275.20562744140625,-2.8979644775390625,0.5677490234375,0.0,91447.015625,268.1581420898437,280.3148193359375,295.23272705078125,0.0003465570043772,0.0013723433949053,0.0025589554570615,5.501312255859375,-3.634811401367188,-4.919937133789063,2.2528228759765625,1.0708465576171875,0.93548583984375
2015-02-24,18,3,294.2436218261719,277.667724609375,-3.1934051513671875,0.75543212890625,0.0,91666.671875,268.4462280273437,283.9217834472656,292.0235900878906,0.0002807725686579,0.0007242104038596,0.00453732162714,4.8602142333984375,-1.8821868896484373,-5.6309661865234375,0.3429107666015625,4.7603759765625,2.472198486328125
2015-02-25,0,0,291.31329345703125,284.224365234375,-1.994598388671875,0.106170654296875,0.0,91488.453125,269.40869140625,282.2254943847656,291.6483764648437,0.0001125416456488,0.0055497176945209,0.003466707188636,3.8383941650390634,1.3629150390625,-4.051773071289063,-0.4409027099609375,5.3118743896484375,-1.27874755859375
2015-02-25,6,1,302.09228515625,277.06005859375,-0.6798248291015625,0.8368682861328125,0.0,91689.96875,268.5902404785156,282.79852294921875,292.5506591796875,0.0001273226807825,0.006422022357583,0.0039181332103908,3.005477905273437,2.4407958984375,-0.8781585693359375,-3.2215728759765625,2.4443817138671875,0.80914306640625
2015-02-25,12,2,304.24322509765625,277.55133056640625,0.463653564453125,-1.68304443359375,0.0,91353.828125,269.0927429199219,280.18292236328125,296.1405639648437,0.000152640932356,0.004394669085741,0.0042903386056423,0.3020477294921875,-1.29876708984375,0.3513336181640625,-0.2085418701171875,-1.586395263671875,-2.361175537109375
2015-02-25,18,3,294.8846130371094,279.8529663085937,-3.3791961669921875,1.275482177734375,0.0,91543.234375,268.19598388671875,282.1241455078125,292.58184814453125,0.0001562301185913,0.0050510726869106,0.0064534209668636,-2.0138092041015625,4.5309906005859375,-4.5528564453125,-2.4545440673828125,1.6567840576171875,6.392547607421875
2015-02-26,0,0,293.07196044921875,286.4906616210937,-1.6402740478515625,0.9003753662109375,0.0,91370.765625,269.1029052734375,284.0155029296875,291.7509765625,0.0001932618761202,0.0039741517975926,0.0081888400018215,0.0253448486328125,0.27569580078125,1.5722808837890625,-2.3841094970703125,0.5599365234375,4.86328125
2015-02-26,6,1,301.9385986328125,286.5462646484375,0.4337615966796875,1.69073486328125,0.0,91576.9375,268.31134033203125,282.6344909667969,292.9372863769531,0.0002120991994161,0.00460971519351,0.0086449347436428,-0.2107696533203125,-1.0427703857421875,0.5120391845703125,-1.8179931640625,0.6744537353515625,2.068710327148437
2015-02-26,12,2,304.72418212890625,286.4872741699219,1.24420166015625,-0.34710693359375,0.0,91200.921875,268.142822265625,281.0867614746094,297.1358337402344,0.0002364387037232,0.0072695799171924,0.0074105858802795,0.3425750732421875,0.077301025390625,1.5847930908203125,-3.05810546875,0.3338165283203125,-0.3206024169921875
2015-02-26,18,3,298.2958679199219,287.05401611328125,-2.131103515625,1.804351806640625,7.625,91508.453125,267.5006103515625,280.73504638671875,293.66876220703125,0.0002771480940282,0.0069802775979042,0.0098066888749599,-3.521697998046875,5.7591552734375,-0.5732879638671875,-1.0907440185546875,-1.156585693359375,8.331497192382812
2015-02-27,0,0,294.6583251953125,289.921875,0.3079833984375,1.9424285888671875,0.0,91394.90625,267.1474609375,281.596923828125,290.0382080078125,0.0002501323469914,0.0037234341725707,0.0113796293735504,-1.2402496337890625,6.209930419921875,4.468963623046875,1.521942138671875,-3.8194580078125,3.6262054443359375
2015-02-27,6,1,301.1029052734375,288.19061279296875,1.851898193359375,-0.005828857421875,0.0,91611.6875,266.46270751953125,281.686767578125,292.9176025390625,0.0002485798322595,0.0034931397531181,0.0094152465462684,-3.297454833984375,4.706207275390625,2.1937408447265625,3.7475433349609375,-4.412643432617188,-0.045379638671875
2015-02-27,12,2,304.2705078125,284.4706420898437,1.0743865966796875,-1.4825286865234375,0.0,91237.046875,266.2079772949219,280.8590393066406,296.7831420898437,0.0004803237970918,0.0067601203918457,0.0070811808109283,-0.324554443359375,-1.3166351318359375,1.147552490234375,6.465667724609375,-2.646575927734375,-2.39044189453125
2015-02-27,18,3,297.8077697753906,289.505615234375,-3.6110687255859375,2.436492919921875,430.0,91575.625,265.56719970703125,280.628173828125,292.9678955078125,0.0012247897684574,0.0066573247313499,0.0115146413445472,3.283935546875,3.855758666992188,-3.75341796875,7.792938232421875,-2.504379272460937,8.254867553710938
2015-02-28,0,0,296.076904296875,292.50390625,-0.92242431640625,2.3220367431640625,378.0,91423.6875,265.5376892089844,281.8401184082031,290.9359741210937,0.0019518693443387,0.0046480968594551,0.0110744312405586,6.4237060546875,3.821243286132813,3.2557373046875,6.830474853515625,0.5220794677734375,6.279586791992188
2015-02-28,6,1,302.4384155273437,291.09576416015625,-0.023529052734375,2.6956329345703125,30.0,91605.234375,266.14849853515625,281.6855773925781,292.9346923828125,0.0010320241563022,0.0053362250328063,0.0108577609062194,8.267059326171875,2.80035400390625,-0.0369110107421875,7.34991455078125,1.4033203125,3.661529541015625
2015-02-28,12,2,299.9300537109375,289.7157592773437,-2.3939208984375,2.85302734375,58.75,91267.171875,265.3663330078125,281.5450134277344,293.71636962890625,0.00334422593005,0.0076218210160732,0.0106386207044124,3.195785522460937,1.9397735595703125,-1.2144622802734375,8.830947875976562,1.0528717041015625,4.18206787109375
2015-02-28,18,3,294.8287048339844,291.9038391113281,-1.8321685791015625,3.2685089111328125,109.5,91599.859375,265.91925048828125,281.5823974609375,291.6107788085937,0.0031262012198567,0.0066988356411457,0.0124516002833843,6.6254425048828125,-0.2191925048828125,-2.7396240234375,10.04443359375,2.1163482666015625,8.517425537109375
2015-03-01,0,0,295.28350830078125,291.9791564941406,-0.54986572265625,2.8272247314453125,174.125,91418.203125,266.4576416015625,281.11639404296875,289.63153076171875,0.0012661053333431,0.0071908272802829,0.0130812749266624,11.053207397460938,0.27801513671875,0.30218505859375,11.950149536132812,6.581756591796875,9.390106201171877
2015-03-01,6,1,301.1262512207031,290.5048522949219,-0.055389404296875,3.85595703125,149.375,91635.640625,266.17303466796875,281.964599609375,291.5487060546875,0.0013985072728246,0.0062382761389017,0.012536134570837,11.104721069335938,2.498153686523437,-0.2421875,9.922683715820312,7.781661987304687,5.7079010009765625
2015-03-01,12,2,301.05633544921875,291.4974365234375,0.5161895751953125,3.4918212890625,50.5,91349.140625,266.5565185546875,282.13848876953125,293.6072082519531,0.001737066078931,0.007783118635416,0.0111897476017475,11.179733276367188,4.3101654052734375,0.420013427734375,10.284835815429688,4.76568603515625,5.669952392578125
2015-03-01,18,3,297.246337890625,292.2716369628906,0.00634765625,2.38397216796875,13.625,91661.828125,267.03826904296875,281.5234375,292.740234375,0.0004913110751658,0.0076798610389232,0.0116164870560169,10.181961059570312,4.2100830078125,1.3619842529296875,10.771469116210938,3.4978485107421875,7.0270843505859375
2015-03-02,0,0,296.80780029296875,291.1036071777344,0.3381500244140625,0.7427520751953125,21.0,91574.75,266.3603515625,282.23944091796875,289.7470092773437,0.0005578375421464,0.0065525472164154,0.0128932110965251,11.675994873046877,2.7169189453125,3.5655670166015625,9.983474731445312,7.627853393554687,3.867431640625
2015-03-02,6,1,301.1044921875,289.81500244140625,1.0818634033203125,1.360595703125,5.25,91796.734375,266.78125,282.6549072265625,292.02911376953125,0.0004994282498955,0.0062522441148757,0.01161914691329,11.30633544921875,1.659423828125,1.3976898193359375,7.9586181640625,6.993576049804688,1.731353759765625
2015-03-02,12,2,304.8434143066406,288.15606689453125,0.1812286376953125,0.7321929931640625,3.25,91417.46875,266.83819580078125,282.6341552734375,295.72589111328125,0.0007457833271473,0.0063025690615177,0.0101114436984062,13.306503295898438,1.739990234375,0.4047393798828125,4.67572021484375,3.2918701171875,0.8891143798828125
2015-03-02,18,3,297.35107421875,291.5707397460937,-1.0669708251953125,0.10888671875,10.0,91800.703125,267.88525390625,280.8876953125,292.35406494140625,0.000275056110695,0.0090508498251438,0.0111688114702701,11.103103637695312,1.839385986328125,0.1869354248046875,4.7420654296875,1.06976318359375,1.9844512939453125
2015-03-03,0,0,296.1342468261719,292.0517272949219,-1.4655303955078125,1.0584259033203125,101.1875,91588.859375,267.7978210449219,281.68878173828125,290.4001159667969,0.0002823565155267,0.0069817975163459,0.0120713375508785,9.613037109375,2.3177947998046875,1.3857269287109375,5.7896270751953125,3.674026489257813,0.9462127685546876
2015-03-03,6,1,300.3853759765625,290.9805908203125,0.4912567138671875,1.7751007080078125,300.125,91774.75,267.54559326171875,281.0515441894531,290.8121643066406,0.0003088433295488,0.0073454119265079,0.0132149346172809,8.297561645507812,2.2865753173828125,0.4795684814453125,5.893569946289063,2.284698486328125,1.8905487060546875
2015-03-03,12,2,302.543212890625,290.27166748046875,1.590667724609375,0.4041290283203125,124.125,91309.78125,267.15252685546875,282.7628479003906,294.9452209472656,0.000838823383674,0.0063350461423397,0.0114823691546916,7.684295654296875,2.7150421142578125,2.7537078857421875,7.468948364257812,0.910980224609375,0.6277618408203125
2015-03-03,18,3,295.53497314453125,291.8445129394531,-1.5142364501953125,1.112762451171875,85.75,91708.453125,267.6328430175781,281.53875732421875,291.2156982421875,0.0007434329017996,0.0077019669115543,0.0125570185482501,8.574783325195312,4.479019165039063,1.0988311767578125,6.328582763671875,1.090362548828125,5.010162353515625
2015-03-04,0,0,294.9110717773437,293.0716552734375,0.368438720703125,1.080413818359375,19.625,91521.25,267.383056640625,281.5103454589844,290.02130126953125,0.0004731847438961,0.0072817876935005,0.0124565362930297,7.597747802734375,2.909530639648437,3.3002166748046875,4.5970306396484375,3.890548706054688,0.658111572265625
2015-03-04,6,1,299.23468017578125,291.2525634765625,1.088104248046875,0.907073974609375,138.375,91772.3125,267.1190795898437,281.89129638671875,290.68560791015625,0.0003230974543839,0.0060796625912189,0.0130069442093372,5.9055023193359375,2.7788848876953125,1.271331787109375,4.1867218017578125,2.9700469970703125,1.354949951171875
2015-03-04,12,2,301.7818603515625,290.4158935546875,0.6779022216796875,-0.9853057861328124,61.375,91358.453125,267.5797119140625,282.1912841796875,294.022705078125,0.0002191660314565,0.006335824728012,0.0114774145185947,3.254852294921875,2.3002166748046875,1.6781463623046875,3.851318359375,3.0786285400390625,-1.3702545166015625
2015-03-04,18,3,294.8321533203125,292.46502685546875,-2.0030975341796875,3.0474395751953125,160.375,91736.09375,266.3978881835937,280.5103759765625,291.6429443359375,0.0031957905739545,0.0067118145525455,0.0113216638565063,-1.2899017333984375,2.3954620361328125,-0.3559722900390625,3.6069183349609375,-2.668670654296875,5.52862548828125
2015-03-05,0,0,294.98809814453125,292.4412841796875,0.61846923828125,-0.2982330322265625,83.625,91539.296875,266.8935546875,281.5792541503906,291.79864501953125,0.001105471746996,0.0071627497673034,0.0115041993558406,2.983795166015625,-0.5503692626953125,1.079498291015625,0.48455810546875,3.84130859375,2.122711181640625
2015-03-05,6,1,302.3014831542969,290.9946594238281,-0.8498077392578125,1.072021484375,53.5,91814.171875,266.7275695800781,282.08367919921875,293.0469970703125,0.0009622918441891,0.0070585757493972,0.0119462385773658,2.1079864501953125,-2.0846405029296875,-1.201019287109375,1.2644195556640625,5.32562255859375,1.2624359130859375
2015-03-05,12,2,301.90240478515625,291.7890625,-1.9307403564453125,1.0337982177734375,30.375,91441.359375,267.2762451171875,282.0137023925781,294.7999267578125,0.0004133600741624,0.0079236105084419,0.0114101879298686,0.594390869140625,0.3690338134765625,-2.691162109375,-0.629302978515625,1.2288360595703125,1.6954498291015625
2015-03-05,18,3,297.66961669921875,292.775390625,-3.898880004882813,1.208770751953125,64.25,91824.546875,267.2949523925781,281.95623779296875,292.0154724121094,0.0009076215792447,0.008038256317377,0.0119263939559459,-1.2798919677734375,1.9847564697265625,-6.294281005859375,1.862884521484375,-1.65106201171875,4.5919189453125
2015-03-06,0,0,296.1766357421875,294.20880126953125,-1.5482635498046875,1.62750244140625,507.875,91695.78125,268.29364013671875,280.9935913085937,291.181884765625,0.0004358801525086,0.0083126313984394,0.0117910802364349,1.2228546142578125,-2.1858673095703125,-0.5231475830078125,0.3514251708984375,-3.6744384765625,5.75347900390625
2015-03-06,6,1,301.2362060546875,292.0307922363281,-1.291168212890625,1.2046966552734375,781.25,91974.59375,267.52911376953125,281.36871337890625,291.99688720703125,0.0009891460649669,0.0082886442542076,0.0133769810199737,1.7311248779296875,-3.340179443359375,-1.838043212890625,-0.099517822265625,-1.500030517578125,1.5018310546875
2015-03-06,12,2,300.86981201171875,291.2273864746094,-2.720245361328125,-0.7938232421875,155.0,91533.296875,266.9313049316406,282.3988037109375,294.6124267578125,0.0014240487944334,0.0080727860331535,0.011844165623188,0.843963623046875,-0.1082000732421875,-3.3960418701171875,-3.40576171875,-2.6761474609375,-1.400848388671875
2015-03-06,18,3,295.4797668457031,293.1298828125,-0.436859130859375,0.6647796630859375,457.75,91923.921875,265.5981750488281,282.011474609375,291.88165283203125,0.0021300953812897,0.007772259414196,0.0125908516347408,-1.1657562255859375,0.2465057373046875,-2.0118865966796875,-2.64935302734375,-2.4154510498046875,3.33807373046875
2015-03-07,0,0,295.6849670410156,293.3236389160156,-0.7143096923828125,1.3821868896484375,457.25,91710.0625,266.33123779296875,280.79364013671875,291.00836181640625,0.0009263157844543,0.0081957802176475,0.0125311240553855,-0.9012603759765624,-1.831298828125,1.6740264892578125,-3.8725433349609375,-2.319793701171875,3.3503570556640625
2015-03-07,6,1,301.25152587890625,292.2312316894531,0.49298095703125,1.64794921875,784.125,91907.078125,266.4493408203125,280.56414794921875,292.0170288085937,0.0005624666810035,0.0076478160917758,0.0131940878927707,-4.0550689697265625,-5.04840087890625,0.3447723388671875,-4.5064544677734375,-0.801177978515625,1.96209716796875
2015-03-07,12,2,301.7594299316406,291.3969116210937,-1.895355224609375,0.1649169921875,224.25,91511.015625,266.5219116210937,281.9796142578125,293.8936767578125,0.0011511298362165,0.0071883909404277,0.0119909308850765,-2.81622314453125,-1.2370147705078125,-2.7197418212890625,-1.3576507568359375,-1.66998291015625,0.8563995361328125
2015-03-07,18,3,295.7916259765625,292.7887878417969,-1.2613983154296875,-0.00457763671875,147.25,91825.3125,266.26904296875,281.8692321777344,291.6392822265625,0.000795044703409,0.0079475492238998,0.0118716694414615,-6.05792236328125,-0.255218505859375,-5.3364105224609375,1.0271148681640625,-1.947784423828125,4.121002197265625
2015-03-08,0,0,295.2724609375,292.3321533203125,-1.99334716796875,1.188873291015625,132.625,91739.296875,266.2452087402344,280.637451171875,291.76568603515625,0.0006455574184656,0.008257433772087,0.0110188797116279,-3.6549224853515625,-2.4496612548828125,-1.8884429931640625,3.793212890625,-2.082122802734375,2.956024169921875
2015-03-08,6,1,301.37091064453125,289.7720031738281,-2.346466064453125,1.9355926513671875,7.75,91927.09375,266.57684326171875,281.13055419921875,292.3632202148437,0.000459250761196,0.0071153119206428,0.0105875059962272,-4.0153656005859375,-3.625640869140625,-3.6507720947265625,4.259857177734375,-2.2760772705078125,2.46368408203125
2015-03-08,12,2,302.2076416015625,286.3046569824219,-3.198471069335937,1.471527099609375,0.0,91545.25,267.0165405273437,280.9205322265625,294.39483642578125,0.0003901217132806,0.007816020399332,0.0095711573958396,-1.4071197509765625,-1.9974212646484373,-5.424468994140625,3.6099700927734375,-1.3515777587890625,2.343002319335937
2015-03-08,18,3,295.8297119140625,289.0663452148437,-1.9480438232421875,1.55010986328125,40.625,91889.171875,267.6990966796875,280.7356872558594,292.2030639648437,0.0003715730272233,0.0070179030299186,0.0103978812694549,0.572998046875,-5.977569580078125,-2.3024444580078125,4.756439208984375,-2.643951416015625,5.569732666015625
2015-03-09,0,0,294.98419189453125,292.37359619140625,-1.4266510009765625,0.5260772705078125,117.625,91791.3125,267.2548217773437,280.24078369140625,290.8233642578125,0.0003594008740037,0.0062385760247707,0.0108705796301364,1.8504791259765625,-7.475784301757812,-0.2603302001953125,5.3426361083984375,-1.8522186279296875,3.93878173828125
2015-03-09,6,1,300.5802917480469,289.8436584472656,-1.8524322509765625,0.7738800048828125,0.0,92020.375,266.995361328125,281.75360107421875,291.7666015625,0.0008122730068862,0.0040039038285613,0.0105445086956024,2.097412109375,-8.304168701171875,-2.829681396484375,6.869140625,-1.6620941162109375,0.7781829833984375
2015-03-09,12,2,302.7630920410156,286.8869934082031,-2.8191680908203125,0.914581298828125,0.0,91659.0625,267.5170288085937,280.12646484375,294.90582275390625,0.0009587674867361,0.006663478910923,0.0089193657040596,1.3838043212890625,-4.862030029296875,-4.849868774414063,6.7999114990234375,-2.811981201171875,0.7880859375
2015-03-09,18,3,297.11968994140625,289.9573059082031,-2.7286376953125,1.18408203125,0.0,91977.421875,267.1117553710937,280.869140625,291.3775634765625,0.0011578088160604,0.0061696283519268,0.0106234811246395,2.8897705078125,-4.1262969970703125,-7.154266357421875,5.90380859375,-3.857589721679688,2.65008544921875
2015-03-10,0,0,294.2074279785156,291.6288757324219,-2.36517333984375,0.76751708984375,9.125,91789.953125,265.9730529785156,280.2271423339844,291.8119812011719,0.0021485826000571,0.0030770474113523,0.0071386247873306,3.584747314453125,-5.836715698242188,-7.68585205078125,1.9217681884765625,-2.296356201171875,0.787872314453125
2015-03-10,6,1,302.0803527832031,284.613525390625,-3.484100341796875,-1.12860107421875,0.0,91994.1875,266.7100830078125,281.03546142578125,292.74169921875,0.0016582331154495,0.0018455383833497,0.0075639449059963,1.6851959228515625,-6.9273681640625,-5.4188385009765625,3.6062164306640634,-4.0987091064453125,-2.033676147460937
2015-03-10,12,2,303.1829833984375,282.1178283691406,-4.1624298095703125,-0.4844970703125,0.0,91655.5,266.4250183105469,279.80780029296875,295.3529663085937,0.0014381688088178,0.005257936194539,0.0059276185929775,3.79925537109375,-5.005126953125,-7.211807250976562,1.4214630126953125,-3.98980712890625,-1.271484375
2015-03-10,18,3,295.36737060546875,282.013916015625,-3.22418212890625,0.076019287109375,0.0,91885.015625,266.39947509765625,282.7490234375,292.447265625,0.0013617081567645,0.000856312457472,0.0065370891243219,4.292251586914063,-7.941680908203125,-5.650436401367188,0.7066497802734375,-0.6233367919921875,-0.8935546875
2015-03-11,0,0,291.2268371582031,286.9776611328125,-1.8134613037109373,-0.388580322265625,0.0,91748.578125,265.477294921875,282.1250915527344,292.8869323730469,0.0014686917420476,0.0022357404232025,0.0013826666399836,1.99755859375,-6.322311401367188,-4.368499755859375,2.316497802734375,0.5728607177734375,-0.67889404296875
2015-03-11,6,1,301.0316772460937,281.31658935546875,-3.016845703125,0.85162353515625,0.0,91938.203125,266.5304260253906,281.84844970703125,292.18218994140625,0.0012734411284327,0.0027586878277361,0.0050538815557956,2.0730438232421875,-8.415237426757812,-4.576675415039063,2.474273681640625,0.45721435546875,1.09674072265625
2015-03-11,12,2,302.8155822753906,285.2412414550781,-3.601318359375,0.724822998046875,0.0,91620.46875,266.8401794433594,281.6263427734375,295.0151062011719,0.0009175853338092,0.003432584926486,0.0075243189930915,2.8899688720703125,-6.7672271728515625,-5.9011077880859375,-0.070343017578125,1.8954010009765625,1.05340576171875
2015-03-11,18,3,295.96875,287.82635498046875,-3.7715911865234375,0.8670501708984375,0.0,91909.8125,266.80548095703125,282.5487060546875,291.98443603515625,0.0006182584911584,0.002816344378516,0.0099102444946765,2.014801025390625,-6.54248046875,-7.702743530273437,0.2717437744140625,2.5559234619140625,1.09820556640625
2015-03-12,0,0,294.1252136230469,292.0206298828125,-2.658309936523437,0.5893402099609375,0.375,91780.78125,266.13677978515625,282.7777709960937,292.08319091796875,0.0007747646886855,0.0036806135904043,0.0064702741801738,1.981597900390625,-6.58447265625,-8.26348876953125,1.8217926025390625,3.555511474609375,-0.19500732421875
2015-03-12,6,1,300.95928955078125,288.7021484375,-3.955856323242188,0.9679412841796876,0.0,91948.4375,266.6702880859375,283.0830078125,291.394287109375,0.0011757905595004,0.0050782263278961,0.010223064571619,-0.0045166015625,-8.337844848632812,-6.2533111572265625,4.0534210205078125,3.395004272460937,1.2050628662109375
2015-03-12,12,2,302.6436462402344,288.1972045898437,-4.04071044921875,0.79254150390625,0.0,91625.171875,267.0318603515625,281.817138671875,294.7430419921875,0.0012351537588983,0.0050574420019984,0.0094879604876041,1.5950927734375,-5.8953399658203125,-6.42724609375,3.327133178710937,0.882080078125,1.31280517578125
2015-03-12,18,3,296.2620544433594,288.7491149902344,-3.7637786865234375,0.9190826416015624,0.0,91867.46875,266.82733154296875,283.22528076171875,292.04278564453125,0.0011316891759634,0.0024846079759299,0.0100990906357765,5.023681640625,-8.554885864257812,-6.51617431640625,2.2603759765625,2.317962646484375,0.96734619140625
2015-03-13,0,0,294.4725952148437,292.39569091796875,-2.7025604248046875,0.987548828125,9.875,91714.03125,265.6605834960937,283.4053649902344,292.81573486328125,0.0013170661404728,0.0019278191030025,0.0050911307334899,3.204864501953125,-7.470870971679687,-5.554702758789063,-0.6541595458984375,2.096710205078125,3.0631866455078125
2015-03-13,6,1,301.64337158203125,285.3614807128906,-2.597869873046875,1.3855743408203125,0.0,91893.75,265.6322631835937,283.5217590332031,292.29132080078125,0.0011570989154279,0.0017023130785673,0.0085381641983985,5.103317260742188,-10.461288452148438,-4.0135498046875,0.291748046875,2.9474029541015625,2.0298004150390625
2015-03-13,12,2,303.1893920898437,285.24200439453125,-3.5919189453125,1.692169189453125,0.0,91590.71875,266.1146850585937,282.24395751953125,295.2274169921875,0.0015461966395378,0.001798162702471,0.007259514182806,8.685348510742188,-6.962677001953125,-5.8211517333984375,-1.502685546875,4.40032958984375,2.828125
2015-03-13,18,3,296.03338623046875,286.7786560058594,-3.370330810546875,1.0850982666015625,0.0,91916.171875,264.9993896484375,283.2376708984375,292.5863037109375,0.0017695887945592,0.0010462892241775,0.0079775750637054,4.753753662109375,-7.74786376953125,-5.624420166015625,-1.77978515625,7.64227294921875,2.0047607421875
2015-03-14,0,0,293.0899963378906,289.95147705078125,-2.5230255126953125,0.7574462890625,0.0,91749.609375,264.48876953125,282.5875244140625,293.0860595703125,0.0014339431654661,0.003520033089444,0.0023650163784623,3.684494018554688,-6.388275146484375,-2.241806030273437,1.62310791015625,7.9649658203125,3.1747283935546875
2015-03-14,6,1,302.2891845703125,286.34869384765625,-2.034164428710937,2.451202392578125,0.0,91964.765625,264.6750793457031,283.0611877441406,292.34283447265625,0.0014118254184722,0.0012002224102616,0.0073322318494319,2.1160125732421875,-5.396041870117188,-3.005615234375,2.9989471435546875,7.2075347900390625,3.328125
2015-03-14,12,2,304.0846252441406,284.7242126464844,-2.6962432861328125,2.298614501953125,0.0,91610.15625,265.6401062011719,281.26641845703125,296.0543212890625,0.0013995899353176,0.0039623617194592,0.0076417066156864,3.2401275634765625,-2.4090728759765625,-4.1088409423828125,3.7776031494140634,3.281356811523437,3.662277221679688
2015-03-14,18,3,297.4981994628906,289.2010803222656,-2.58953857421875,2.9218902587890625,34.0,91935.5,266.11541748046875,282.25146484375,291.2618408203125,0.001396260689944,0.0050715543329715,0.0119677707552909,5.83203125,-0.8076171875,-4.9963226318359375,4.6615753173828125,3.420257568359375,9.148681640625
2015-03-15,0,0,296.0474853515625,292.3590393066406,-0.801605224609375,2.813323974609375,90.375,91786.828125,265.5162048339844,282.0029296875,289.79840087890625,0.0009437922853976,0.0047376938164234,0.0126260519027709,5.5783538818359375,-2.175628662109375,-1.5493927001953125,4.7423248291015625,4.845947265625,6.674346923828125
2015-03-15,6,1,302.1728515625,290.60107421875,-1.083404541015625,2.2915802001953125,7.5,91962.5625,267.0617370605469,282.36962890625,292.41265869140625,0.0006674129981547,0.0059180594980716,0.01171101257205,3.922164916992188,-1.8050079345703125,-1.49945068359375,4.6900482177734375,5.0413970947265625,3.1102294921875
2015-03-15,12,2,303.7857971191406,288.4160461425781,-2.25732421875,2.085784912109375,3.625,91592.921875,267.3822631835937,282.0688781738281,294.8931884765625,0.0017087897285819,0.0080621987581253,0.0105850435793399,3.8535308837890634,-1.1470947265625,-3.9524993896484375,3.241058349609375,2.3992462158203125,3.00775146484375
2015-03-15,18,3,297.3199462890625,291.8580017089844,-1.84039306640625,3.0308074951171875,49.125,91942.984375,268.06964111328125,282.5409545898437,291.26422119140625,0.0016464497894048,0.0077751278877258,0.0130459181964397,3.6732177734375,-2.7481842041015625,-3.9892730712890634,0.8701019287109375,1.25262451171875,7.106460571289063
2015-03-16,0,0,296.5623474121094,292.34735107421875,-1.2692718505859375,2.3215789794921875,130.75,91754.484375,267.77227783203125,282.61041259765625,290.53594970703125,0.0015161160845309,0.0061010718345642,0.0130312964320182,2.2433319091796875,-4.2447509765625,-2.37994384765625,2.5197296142578125,1.408721923828125,4.3026275634765625
2015-03-16,6,1,302.7940673828125,289.255859375,-1.2489166259765625,1.5877685546875,33.5,92002.25,267.3681030273437,283.160888671875,292.7723388671875,0.0018308726139366,0.0038667144253849,0.01183757558465,0.5328826904296875,-4.862396240234375,-1.9754180908203125,2.5324859619140625,2.162933349609375,1.8908843994140625
2015-03-16,12,2,305.771240234375,284.66259765625,-2.5891571044921875,1.0543670654296875,0.0,91596.75,266.82421875,281.34722900390625,296.91461181640625,0.0023426215630024,0.0072938725352287,0.0085527040064334,-0.3354949951171875,-3.9951171875,-4.068389892578125,0.9775238037109376,-1.9496002197265625,1.0400543212890625
2015-03-16,18,3,297.7513122558594,287.9916076660156,-2.726226806640625,2.0526123046875,0.0,91968.15625,266.95025634765625,283.3198547363281,292.30877685546875,0.0018383639398962,0.0055157854221761,0.0107250548899173,0.0653228759765625,-1.8972625732421875,-4.18292236328125,-0.474609375,-4.0145416259765625,8.439208984375
2015-03-17,0,0,295.1888732910156,289.36236572265625,-1.0616607666015625,0.701751708984375,0.0,91773.421875,267.5199279785156,283.3408508300781,291.95806884765625,0.0011267072986811,0.003002475714311,0.0101721175014972,-1.1630706787109375,-5.653045654296875,-1.3414154052734375,0.8753204345703125,-3.3401336669921875,1.6353302001953125
2015-03-17,6,1,304.089111328125,282.294921875,-1.8870697021484373,-0.1253204345703125,0.0,91862.046875,268.000244140625,283.6765441894531,294.7193908691406,0.0005140926223248,0.0016789534129202,0.0066921152174472,-3.4602813720703125,-7.357086181640625,-2.7248992919921875,2.435897827148437,-3.092620849609375,-0.6846771240234375
2015-03-17,12,2,305.7735290527344,277.2590026855469,-3.0125732421875,0.522674560546875,0.0,91443.6875,268.3240966796875,282.26446533203125,298.2044372558594,0.000800205161795,0.0037073954008519,0.0037826597690582,-1.169189453125,-2.1703643798828125,-4.5054779052734375,-0.181732177734375,-3.156890869140625,0.1295623779296875
2015-03-17,18,3,297.26275634765625,283.8664855957031,-2.9158172607421875,1.6427154541015625,0.0,91770.03125,267.33697509765625,284.6431884765625,294.1842041015625,0.0008793410379439,0.0024063605815172,0.0068617053329944,-1.133392333984375,-4.2347412109375,-4.75701904296875,-0.3902130126953125,-2.8776397705078125,4.2840728759765625
2015-03-18,0,0,293.69140625,286.34722900390625,-0.044219970703125,1.906768798828125,0.0,91544.109375,267.6760559082031,283.8624267578125,292.68145751953125,0.0006601861678063,0.0015812385827302,0.0073333047330379,1.5847625732421875,-4.484542846679688,-1.0736236572265625,-0.5289459228515625,-3.972213745117188,4.14727783203125
2015-03-18,6,1,304.06671142578125,284.27850341796875,-0.363525390625,0.8342132568359375,0.0,91745.046875,268.1165771484375,284.3142395019531,294.94879150390625,0.0005269488319754,0.0014315398875623,0.0070143267512321,0.8260498046875,-6.223434448242188,-0.924560546875,-1.6898193359375,-2.079925537109375,0.6587371826171875
2015-03-18,12,2,306.2633056640625,280.523681640625,-1.932464599609375,0.181640625,0.0,91337.78125,267.8442077636719,282.6883544921875,298.884521484375,0.000509197358042,0.0043750908225774,0.0043590357527136,-1.3170013427734375,-2.6926422119140625,-2.7791900634765625,-3.389511108398437,-2.23333740234375,-0.414093017578125
2015-03-18,18,3,297.8456420898437,278.97222900390625,-2.8287353515625,1.632080078125,0.0,91695.109375,268.5892333984375,283.23175048828125,295.43865966796875,0.0005135957617312,0.0031019286252558,0.0047109089791774,-1.42010498046875,0.1749725341796875,-5.2691802978515625,-1.2865753173828125,-4.510284423828125,7.8685302734375
2015-03-19,0,0,295.1255187988281,282.50115966796875,-0.6909942626953125,1.974822998046875,0.0,91555.484375,268.292724609375,282.7876892089844,292.7955322265625,0.0005172891542315,0.0033648945391178,0.0065279752016067,2.0895538330078125,-4.56524658203125,0.699188232421875,1.2331390380859375,-5.975112915039063,5.5792236328125
2015-03-19,6,1,303.72021484375,284.2207336425781,-1.03216552734375,1.043701171875,0.0,91781.796875,267.0943603515625,283.9949951171875,295.0432434082031,0.0006169460248202,0.0018303685355931,0.006209947168827,-1.4009857177734375,-7.682815551757812,-1.920501708984375,1.1819305419921875,-1.955963134765625,1.1288604736328125
2015-03-19,12,2,306.0198059082031,280.70953369140625,-3.4795379638671875,0.6602020263671875,0.0,91373.671875,267.202880859375,282.85479736328125,298.8998413085937,0.0006223113741725,0.0039183031767606,0.0039285933598876,-1.78271484375,-4.879302978515625,-5.7882080078125,-0.23834228515625,-1.1643524169921875,0.6853790283203125
2015-03-19,18,3,298.3902282714844,284.599365234375,-3.61346435546875,1.394287109375,0.0,91789.765625,268.1412353515625,282.99267578125,295.5605163574219,0.0004533804021775,0.0033362542744725,0.0056782737374305,-3.040283203125,-1.7132568359375,-8.81512451171875,-1.6572723388671875,-3.922882080078125,4.0315704345703125
2015-03-20,0,0,294.739013671875,288.2544250488281,-1.7863311767578125,0.781951904296875,0.0,91585.609375,268.06060791015625,282.72412109375,295.3805236816406,0.0004436145536601,0.0022446487564593,0.0027917006518691,-1.6666412353515625,-5.987152099609375,-7.858566284179687,-0.1544036865234375,-3.102523803710937,2.589462280273437
2015-03-20,6,1,305.511962890625,278.17938232421875,-3.96795654296875,1.2652435302734375,0.0,91840.953125,267.8234558105469,282.98004150390625,296.0145263671875,0.0004386054351925,0.0021068283822387,0.003864848986268,-2.397613525390625,-9.76446533203125,-6.1680908203125,-0.91156005859375,-1.0809478759765625,1.5716400146484375
2015-03-20,12,2,305.5074768066406,279.3136291503906,-3.9245452880859375,1.7111358642578125,0.0,91524.515625,267.4755859375,282.1952514648437,298.1060791015625,0.0004257217515259,0.0039400421082973,0.0041061788797378,-3.077728271484375,-5.037353515625,-6.506500244140625,-1.6355438232421875,1.0666351318359375,2.704086303710937
2015-03-20,18,3,298.0334167480469,285.8888854980469,-3.645050048828125,1.624786376953125,0.0,91897.859375,267.179443359375,282.8344116210937,294.5943298339844,0.0004167803563177,0.0021965513005852,0.0073582530021667,-4.4182891845703125,-5.11480712890625,-6.9671173095703125,-1.429595947265625,-0.7458953857421875,4.471588134765625
2015-03-21,0,0,294.9534606933594,289.0389404296875,-2.1094970703125,0.5032501220703125,0.0,91773.609375,267.31549072265625,282.10040283203125,294.7147216796875,0.0004659735132008,0.0022426063660532,0.0051829889416694,-3.9991607666015625,-6.194137573242188,-6.162078857421875,-0.6189422607421875,-2.460800170898437,2.5510711669921875
2015-03-21,6,1,305.25439453125,279.304443359375,-3.719757080078125,1.4271392822265625,0.0,91948.53125,268.115478515625,282.3644714355469,296.0001220703125,0.0007493768353015,0.0021860066335648,0.0040652770549058,-2.2891998291015625,-9.1153564453125,-5.628387451171875,-1.44854736328125,-1.7370758056640625,1.71826171875
2015-03-21,12,2,305.91461181640625,279.1598815917969,-3.4864959716796875,0.55615234375,0.0,91592.765625,267.73541259765625,282.4332275390625,298.46990966796875,0.0006216140463948,0.0034219978842884,0.0034761207643896,-2.5032196044921875,-4.6205902099609375,-5.560317993164063,-0.5452423095703125,-1.432769775390625,0.4900054931640625
2015-03-21,18,3,298.1368713378906,281.2610778808594,-3.089874267578125,1.6856536865234375,0.0,91904.03125,267.263671875,283.3108825683594,295.1727905273437,0.0006609221454709,0.002615918405354,0.0060867629945278,-2.99749755859375,-3.3079376220703125,-8.236602783203125,-0.949859619140625,-2.768707275390625,4.392547607421875
2015-03-22,0,0,294.5609741210937,285.05584716796875,-1.8594512939453125,1.16192626953125,0.0,91738.671875,267.6232604980469,282.0902404785156,294.9935913085937,0.0008779526688158,0.0027517348062247,0.0045765005052089,-2.0318756103515625,-5.642105102539063,-6.9613189697265625,-2.114044189453125,-4.29791259765625,2.005889892578125
2015-03-22,6,1,305.82427978515625,282.1229248046875,-3.454833984375,-0.4073638916015625,0.0,91862.625,267.92822265625,282.39227294921875,296.6893615722656,0.0009955775458365,0.0024594308342784,0.0057920441031455,-1.9899139404296875,-7.3992919921875,-5.2267608642578125,-2.469024658203125,-2.602264404296875,-1.1827239990234375
2015-03-22,12,2,307.04888916015625,279.6270751953125,-3.144927978515625,0.2428741455078125,0.0,91469.28125,267.4425354003906,283.57733154296875,299.70556640625,0.0009701857343316,0.004886832088232,0.0049007050693035,-1.5557708740234375,-4.400390625,-4.9305572509765625,-1.9565582275390625,-1.46722412109375,-0.1719970703125
2015-03-22,18,3,299.2042541503906,284.4370422363281,-2.908920288085937,1.4945526123046875,0.0,91744.6875,267.0033264160156,282.70318603515625,295.65631103515625,0.0010600571986287,0.0057071298360824,0.0077203251421451,-2.39556884765625,-0.4907989501953125,-7.58489990234375,-3.834426879882813,-4.035858154296875,6.9233245849609375
2015-03-23,0,0,297.1505126953125,286.7894287109375,0.3144683837890625,1.8443603515625,0.0,91604.796875,267.232421875,281.7080078125,294.1776123046875,0.0010546832345426,0.0063360817730426,0.0082840956747531,1.4655609130859375,-4.273895263671875,-0.9198150634765624,-1.49041748046875,-8.711654663085938,5.7142486572265625
2015-03-23,6,1,304.8740234375,287.4976806640625,-0.98541259765625,0.6865081787109375,0.0,91694.921875,266.6249084472656,281.26971435546875,296.25396728515625,0.0011286267545074,0.0069915316998958,0.0085161924362182,2.21453857421875,-6.7423095703125,-1.889862060546875,-2.9295654296875,-5.7658538818359375,0.5168609619140625
2015-03-23,12,2,307.04693603515625,285.7983703613281,-1.3419342041015625,-1.33428955078125,0.0,91331.890625,266.03643798828125,283.55224609375,299.7734375,0.0012764444109052,0.0066600106656551,0.0067147612571716,1.462738037109375,-4.8455657958984375,-3.488250732421875,-3.00347900390625,-3.451141357421875,-3.0555419921875
2015-03-23,18,3,300.6021728515625,286.1350402832031,-3.2328643798828125,1.130340576171875,0.0,91668.484375,267.17266845703125,282.4647827148437,295.8670349121094,0.0007342628668993,0.0070879943668842,0.0092632062733173,-2.84259033203125,-0.7689361572265625,-6.158447265625,-4.2769317626953125,-2.7822265625,5.21337890625
2015-03-24,0,0,297.6053466796875,288.8084411621094,-0.2608184814453125,1.84466552734375,6.625,91546.28125,267.5814208984375,282.0554504394531,294.6983947753906,0.0006293235346674,0.0068239867687225,0.0085473172366619,2.2999725341796875,-1.97381591796875,-2.6625518798828125,-3.5455474853515625,-6.98260498046875,4.766998291015625
2015-03-24,6,1,305.40313720703125,287.28076171875,-2.5444793701171875,-0.44537353515625,0.0,91620.4375,267.24835205078125,281.5350341796875,296.88385009765625,0.0005428160075098,0.0065884143114089,0.0080062858760356,0.33251953125,-6.468276977539063,-3.808639526367188,-3.475921630859375,-6.867279052734375,-0.9761962890625
2015-03-24,12,2,307.03680419921875,285.0663452148437,-3.314193725585937,-0.59356689453125,0.0,91244.1875,266.484375,283.632568359375,299.87310791015625,0.001112762838602,0.0063138008117675,0.0063540674746036,-1.786956787109375,-6.1573486328125,-6.06402587890625,-4.49578857421875,-2.5371856689453125,-1.5198822021484375
2015-03-24,18,3,299.4587707519531,287.0906982421875,-2.880828857421875,1.2677459716796875,0.0,91550.59375,267.3276672363281,282.84918212890625,296.10406494140625,0.0006506943609565,0.0060621239244937,0.0075284950435161,-2.72235107421875,0.3443145751953125,-10.153228759765623,-3.609375,-3.495590209960937,3.309478759765625
2015-03-25,0,0,296.7013854980469,290.5212707519531,-1.5269012451171875,1.457427978515625,1.75,91498.734375,267.3957824707031,281.90380859375,294.8896484375,0.0003798743709921,0.0064117014408111,0.0071242488920688,0.3832244873046875,-4.3908233642578125,-9.415496826171877,-1.246673583984375,-7.984481811523437,4.517593383789063
2015-03-25,6,1,304.9724426269531,284.691162109375,-3.6746978759765625,2.3073883056640625,0.0,91692.296875,267.0616455078125,281.1588134765625,296.23321533203125,0.0002779519127216,0.0063122697174549,0.0073456279933452,-1.2387542724609375,-8.316986083984375,-5.6007843017578125,-2.2349395751953125,-7.616790771484375,2.7922821044921875
2015-03-25,12,2,306.09197998046875,283.1136474609375,-4.2513580322265625,1.098846435546875,0.0,91347.78125,266.66961669921875,282.80126953125,298.8952331542969,0.0001204919535666,0.0061497092247009,0.0062377713620662,-2.8137359619140625,-5.10455322265625,-7.1246490478515625,-3.00390625,-1.2770843505859375,1.24053955078125
2015-03-25,18,3,298.7813415527344,288.32208251953125,-3.013427734375,1.3219146728515625,0.0,91723.984375,266.765380859375,282.6036682128906,295.63885498046875,0.0001403572241542,0.005933828651905,0.0066988281905651,-5.750518798828125,-1.9683837890625,-10.166000366210938,-3.592926025390625,-4.59112548828125,3.553863525390625
2015-03-26,0,0,296.4621276855469,290.95709228515625,-1.3661041259765625,0.729034423828125,26.125,91647.90625,266.43524169921875,281.7530212402344,294.5116882324219,0.0002973573282361,0.0048884563148021,0.0064424872398376,-5.208587646484375,-3.5741119384765625,-6.14666748046875,-3.5195465087890625,-8.2132568359375,3.5751190185546875
2015-03-26,6,1,304.02685546875,285.4879455566406,-3.349151611328125,0.681365966796875,0.0,91789.484375,266.1075744628906,281.372802734375,295.3656921386719,0.0003397855907678,0.0040454305708408,0.008151888847351,-5.73834228515625,-8.739898681640625,-5.11865234375,-0.4833526611328125,-6.744064331054688,0.3470916748046875
2015-03-26,12,2,305.4124450683594,283.3630065917969,-4.7371673583984375,1.6048583984375,0.0,91463.0625,266.6962280273437,282.5712890625,297.8006591796875,0.0002603319007903,0.0064080134034156,0.0070373304188251,-5.021499633789063,-3.8493804931640634,-8.347671508789062,0.2352294921875,-3.3696441650390625,2.3788299560546875
2015-03-26,18,3,298.3655090332031,287.8261413574219,-3.209091186523437,1.1591796875,0.25,91855.625,266.5349426269531,281.9129943847656,294.872314453125,0.0002965244930237,0.0061515122652053,0.0074655525386333,-4.65509033203125,-4.215621948242188,-8.268112182617188,1.825225830078125,-4.594970703125,2.3141021728515625
2015-03-27,0,0,295.501953125,292.19647216796875,-1.60125732421875,1.292236328125,43.75,91756.578125,267.2037048339844,281.27880859375,294.2006225585937,0.0002936606761068,0.0048460587859153,0.0056360214948654,-3.6096038818359375,-4.102096557617188,-2.8048858642578125,-0.1140594482421875,-4.7890472412109375,3.1952056884765625
2015-03-27,6,1,303.79620361328125,285.25933837890625,-2.1171112060546875,0.3108367919921875,0.0,91893.515625,267.12823486328125,281.301025390625,294.4076843261719,0.0002896796213462,0.0040821423754096,0.0077150352299213,-1.4844512939453125,-8.4813232421875,-3.323348999023437,2.3233642578125,-4.406768798828125,-0.001434326171875
2015-03-27,12,2,305.6039428710937,281.827880859375,-3.7133941650390634,-0.3706512451171875,0.0,91492.109375,266.3824462890625,282.00030517578125,297.9765319824219,0.0003230290021747,0.0052640289068222,0.0053162109106779,-0.5919952392578125,-4.959762573242188,-5.84326171875,-1.2783050537109375,-2.7798614501953125,-1.1210784912109375
2015-03-27,18,3,298.1653747558594,285.40545654296875,-3.5580291748046875,1.574127197265625,0.0,91807.96875,267.7339782714844,282.3973693847656,294.0259704589844,0.0002544570015743,0.0023371840361505,0.0079388543963432,-0.6575927734375,-5.80889892578125,-7.373214721679687,-1.3911285400390625,-4.694366455078125,2.61602783203125
2015-03-28,0,0,295.0989074707031,292.3565368652344,-1.666351318359375,1.1033782958984375,0.0,91679.015625,267.8968505859375,281.83355712890625,293.0595092773437,0.0002214250125689,0.0021776519715785,0.0076282694935798,0.756988525390625,-6.6464691162109375,-1.604522705078125,-2.052032470703125,-5.54742431640625,2.157470703125
2015-03-28,6,1,304.2061767578125,283.2734069824219,-2.05841064453125,0.887969970703125,0.0,91804.859375,267.54150390625,282.15679931640625,294.62939453125,0.0002184619370382,0.0029976079240441,0.0065776072442531,0.980133056640625,-9.1656494140625,-3.041961669921875,0.2693939208984375,-6.060516357421875,0.703857421875
2015-03-28,12,2,305.7001342773437,281.4783935546875,-3.112030029296875,0.569549560546875,0.0,91344.671875,268.7282409667969,282.41357421875,298.4366760253906,0.0001849731343099,0.0047649815678596,0.0048323646187782,1.1717529296875,-4.37127685546875,-4.9167327880859375,-1.376922607421875,-1.7756195068359375,0.265106201171875
2015-03-28,18,3,298.240234375,288.5731811523437,-3.564071655273437,2.1044464111328125,0.0,91662.15625,268.8597717285156,282.27557373046875,294.8327331542969,0.0002088013425236,0.004619765561074,0.0085954517126083,3.23895263671875,-1.933074951171875,-6.69244384765625,-1.0504150390625,-4.402069091796875,4.949874877929688
2015-03-29,0,0,295.3408203125,292.416259765625,-1.0380859375,1.7876739501953125,114.25,91566.390625,268.33892822265625,281.5716552734375,292.692138671875,0.0002566069597378,0.0038287169300019,0.0090038292109966,1.477294921875,-4.48431396484375,-1.98614501953125,-2.8741607666015625,-2.6147003173828125,5.450042724609375
2015-03-29,6,1,304.416748046875,286.59869384765625,-0.9648895263671876,1.032257080078125,0.0,91683.140625,267.68951416015625,281.90533447265625,294.9154968261719,0.000311333220452,0.0033310856670141,0.0087188482284545,-1.3209991455078125,-5.5010833740234375,-1.5500030517578125,-1.0761871337890625,-3.12664794921875,0.99139404296875
2015-03-29,12,2,306.18560791015625,282.1051330566406,-2.88372802734375,0.1244354248046875,0.0,91220.046875,268.944580078125,282.7581787109375,298.8531494140625,0.0004840355832129,0.0058454871177673,0.0058791860938072,0.4334716796875,-3.621994018554688,-4.2595062255859375,-0.349700927734375,-1.5971832275390625,-0.3306884765625
2015-03-29,18,3,298.48638916015625,287.25714111328125,-3.087890625,1.9504852294921875,0.0,91568.484375,267.96417236328125,282.31622314453125,295.26495361328125,0.0004024286754429,0.0056725237518548,0.0082337036728858,2.8130340576171875,1.8026580810546875,-5.879318237304688,-0.2738800048828125,-4.760055541992188,6.7200775146484375
2015-03-30,0,0,294.8457336425781,290.6283264160156,-1.0372467041015625,2.2128143310546875,19.125,91516.703125,268.216064453125,281.230224609375,291.3591613769531,0.0008067390881478,0.0059298612177371,0.0114591978490352,5.1012725830078125,-4.36114501953125,2.6198272705078125,0.147186279296875,-4.717987060546875,6.7194366455078125
2015-03-30,6,1,304.5994873046875,287.2262268066406,-0.1708984375,1.93731689453125,0.0,91668.5,268.6469116210937,281.8497314453125,294.5906982421875,0.0008235615678131,0.0053701549768447,0.0095148161053657,6.177825927734375,-5.809860229492188,-0.4636688232421875,-2.6762847900390625,-5.095184326171875,2.3726043701171875
2015-03-30,12,2,306.6282958984375,282.4608764648437,-2.376739501953125,0.5091552734375,0.0,91253.890625,268.998291015625,282.5393371582031,298.78033447265625,0.000947858672589,0.0068694576621055,0.0068812407553195,5.860122680664063,-2.9269256591796875,-3.3789520263671875,-3.1132049560546875,-1.0525360107421875,0.16473388671875
2015-03-30,18,3,299.1051025390625,289.6995849609375,-3.49285888671875,2.7490692138671875,20.25,91598.5625,269.8603820800781,282.68463134765625,294.62322998046875,0.0009494090918451,0.0065907388925552,0.0097613409161567,2.874496459960937,2.0487213134765625,-6.3096466064453125,-2.848739624023437,-4.787322998046875,8.709991455078125
2015-03-31,0,0,297.1734924316406,292.6791381835937,-0.9966278076171876,2.057113647460937,114.0,91471.734375,270.1158752441406,282.1811218261719,291.45538330078125,0.0009108511731028,0.006954438984394,0.012495283037424,5.779830932617188,-3.4855499267578125,2.801605224609375,-1.546905517578125,-4.345245361328125,6.297576904296875
2015-03-31,6,1,303.5084533691406,289.1078796386719,-0.7891082763671875,1.19873046875,4.625,91697.046875,270.1007080078125,282.5028076171875,294.3362121582031,0.0017054337076842,0.0074478313326835,0.0112912915647029,6.58251953125,-5.262237548828125,-1.413543701171875,-3.1355133056640625,-3.626632690429688,1.495941162109375
2015-03-31,12,2,305.59442138671875,286.8275146484375,-2.105499267578125,-0.9804534912109376,2.0,91307.921875,269.35919189453125,282.3004150390625,297.25567626953125,0.0028628737200051,0.0092213954776525,0.0097918733954429,7.727691650390625,-3.570770263671875,-3.536239624023437,-2.198822021484375,-1.105712890625,-1.3990631103515625
2015-03-31,18,3,298.426025390625,291.2681884765625,-3.371734619140625,2.209579467773437,157.0,91677.078125,269.0421447753906,281.6170349121094,293.3590087890625,0.003008984029293,0.0091823078691959,0.0121354088187217,5.80511474609375,0.5831756591796875,-4.885177612304688,-5.093414306640625,-0.899749755859375,7.2040863037109375
2015-04-01,0,0,297.1296081542969,293.8106994628906,-1.37567138671875,1.6888275146484375,526.875,91521.71875,268.92254638671875,283.2005615234375,291.8085021972656,0.0009199783671647,0.0071666836738586,0.0125462785363197,5.3227386474609375,-4.3534698486328125,2.2320556640625,-3.994659423828125,-3.09088134765625,4.6126861572265625
2015-04-01,6,1,303.4862060546875,291.5673828125,-0.3185882568359375,0.849945068359375,242.75,91647.09375,268.86212158203125,283.0438537597656,294.26202392578125,0.0002854110207408,0.0069533176720142,0.0131401121616363,-1.971954345703125,-4.69720458984375,-0.336883544921875,-6.842376708984375,-2.1560516357421875,0.9337615966796876
2015-04-01,12,2,303.2558288574219,290.44366455078125,-1.6103363037109375,0.83740234375,41.25,91278.9375,268.6737060546875,282.88751220703125,296.2907409667969,0.0007027734536677,0.0093107298016548,0.0115175396203994,-3.417083740234375,-2.22906494140625,-2.802719116210937,-7.3275909423828125,-3.203277587890625,0.250091552734375
2015-04-01,18,3,297.9029541015625,292.9534912109375,0.3099365234375,1.5891876220703125,134.5,91671.1875,269.1864013671875,282.332763671875,293.5814819335937,0.0002334502642042,0.0091428607702255,0.0126423761248588,-9.019302368164062,-1.797149658203125,-3.46905517578125,-6.4574737548828125,-2.390594482421875,6.3902740478515625
2015-04-02,0,0,297.9100952148437,292.5009460449219,0.6742401123046875,1.6579132080078125,249.25,91489.40625,269.9888916015625,282.6151123046875,291.3895263671875,0.0002016425860347,0.0061476975679397,0.0132579691708087,-8.264694213867188,-3.473297119140625,3.1317596435546875,-3.4376373291015625,-2.012969970703125,5.5815277099609375
2015-04-02,6,1,303.6102294921875,291.05859375,0.4928741455078125,0.8664093017578125,189.0,91662.421875,269.5679626464844,283.9549255371094,294.4205627441406,0.0003021056763827,0.0045269355177879,0.0124026089906692,-6.9540557861328125,-4.7350006103515625,0.5984344482421875,-3.55853271484375,-1.1141357421875,0.9636688232421876
2015-04-02,12,2,305.85546875,288.61138916015625,-0.1949462890625,-0.0965728759765625,0.0,91187.125,268.24639892578125,282.6010131835937,298.46051025390625,0.0010780836455523,0.0089486800134181,0.0095077343285083,-4.876235961914063,-3.743576049804688,-0.6578521728515625,-2.165496826171875,-3.706878662109375,-0.86456298828125
2015-04-02,18,3,300.641357421875,288.2637023925781,-0.19964599609375,1.8584442138671875,1.625,91462.265625,268.9275817871094,282.086181640625,297.13116455078125,0.0004094319883733,0.0091422908008098,0.0099252574145793,-7.2722320556640625,-0.092315673828125,1.437591552734375,-1.1978607177734375,-3.886306762695313,4.9653167724609375
2015-04-03,0,0,298.2615966796875,293.1080322265625,1.8990478515625,0.894622802734375,1022.0,91329.609375,268.6682434082031,282.4307556152344,293.69635009765625,0.0004227710887789,0.007924847304821,0.0127866901457309,-3.835250854492188,-1.7958831787109375,4.6170654296875,1.6124114990234375,-4.6363525390625,0.2126007080078125
2015-04-03,6,1,304.0966491699219,291.7015075683594,1.9488372802734373,-1.55596923828125,406.125,91526.046875,268.42529296875,283.1375732421875,295.16180419921875,0.0004602971021085,0.0077239908277988,0.0128799229860305,-4.0177764892578125,-4.395538330078125,2.6151885986328125,1.0993499755859375,-4.128814697265625,-2.364776611328125
2015-04-03,12,2,306.0713806152344,288.47772216796875,0.186248779296875,-2.653289794921875,0.0,91040.640625,267.6563720703125,283.3075256347656,298.9679870605469,0.0018271070439368,0.0087574683129787,0.0093380361795425,-1.5781402587890625,-1.376953125,0.0778656005859375,-1.38226318359375,-6.34576416015625,-4.3355255126953125
2015-04-03,18,3,300.155029296875,289.0548095703125,-0.1130523681640625,2.7375030517578125,127.875,91357.609375,268.3020324707031,282.9232788085937,295.3502197265625,0.0010998549405485,0.0079807490110397,0.0117254368960857,-0.4040374755859375,0.0262603759765625,-0.910736083984375,0.7237396240234375,-8.25836181640625,5.367446899414063
2015-04-04,0,0,298.0838623046875,291.0497741699219,1.3199615478515625,0.5767059326171875,71.625,91184.53125,267.8489685058594,282.6392822265625,294.5129089355469,0.000561426859349,0.0077540650963783,0.0121216736733913,1.96337890625,-4.9241943359375,0.8138580322265625,-4.052703857421875,-5.223159790039063,2.595855712890625
2015-04-04,6,1,305.11248779296875,290.0970764160156,0.2303466796875,-2.009979248046875,48.25,91318.25,268.5009765625,283.63507080078125,296.20758056640625,0.0002773175947368,0.0077279843389987,0.011734802275896,0.6957855224609375,-3.140365600585937,0.1270904541015625,-4.10479736328125,-1.8319549560546875,-2.7705841064453125
2015-04-04,12,2,307.4048767089844,288.90899658203125,-0.4180145263671875,-1.3379364013671875,0.75,90929.484375,267.6107482910156,283.5922241210937,299.7891845703125,0.0002656194847077,0.0096103958785533,0.0098234824836254,-0.5024566650390625,-1.7657470703125,-0.802398681640625,-6.2800140380859375,-4.043746948242188,-2.4522247314453125
2015-04-04,18,3,300.7171325683594,290.42352294921875,-1.92169189453125,2.319076538085937,28.0,91243.59375,268.9483947753906,284.0167541503906,297.1905517578125,0.0002403757971478,0.0074438042938709,0.0107391662895679,-3.140960693359375,0.5919036865234375,-3.9255218505859375,-5.7750091552734375,-6.771636962890625,7.2112274169921875
2015-04-05,0,0,300.28668212890625,290.73028564453125,-0.2244415283203125,1.863494873046875,112.375,91201.578125,269.3085021972656,282.490234375,293.9800109863281,0.0001985110284294,0.0076715573668479,0.0124412439763545,-1.4801788330078125,-2.401718139648437,2.761322021484375,-5.6917877197265625,-6.1833038330078125,5.666900634765625
2015-04-05,6,1,305.52264404296875,291.4298400878906,-0.08111572265625,0.4305877685546875,54.625,91367.03125,267.7009582519531,284.127685546875,296.4031982421875,0.0003322218544781,0.0072354339063167,0.0118963830173015,-5.3881683349609375,-2.3136749267578125,-0.2032928466796875,-3.287322998046875,0.166717529296875,0.3375091552734375
2015-04-05,12,2,307.16357421875,289.91278076171875,-1.178466796875,0.8373870849609375,22.0,91031.328125,267.6132202148437,283.870849609375,299.7343139648437,0.0019543734379112,0.009942777454853,0.0105014964938163,-3.92156982421875,-2.4914093017578125,-1.7396087646484375,-2.704254150390625,-2.80804443359375,0.464263916015625
2015-04-05,18,3,301.0073547363281,289.52008056640625,-2.4143829345703125,2.1967926025390625,3.5,91287.265625,268.578369140625,284.2953796386719,297.576904296875,0.0014839631039649,0.0076098516583442,0.0101426988840103,-6.777130126953125,1.811676025390625,-3.801727294921875,-1.804962158203125,-6.8892822265625,8.170852661132812
2015-04-06,0,0,299.81988525390625,292.4313659667969,-1.42755126953125,2.524017333984375,469.25,91238.3125,268.522705078125,282.66375732421875,294.51678466796875,0.0004639066755771,0.0091646462678909,0.0122043080627918,-3.7700042724609375,-3.9074859619140634,1.933868408203125,0.725799560546875,-3.54949951171875,5.3787384033203125
2015-04-06,6,1,305.32330322265625,291.6783142089844,-0.3109130859375,2.4471588134765625,138.625,91423.453125,268.4336242675781,283.7181396484375,295.4189453125,0.0002920955885201,0.0075371973216533,0.01243831589818,-3.912567138671875,-3.4886627197265625,-0.5193634033203125,-1.10211181640625,-0.5464019775390625,3.40411376953125
2015-04-06,12,2,306.7528381347656,290.4056396484375,-0.7821502685546875,0.7274017333984375,53.875,91036.8125,267.47003173828125,283.42901611328125,298.73150634765625,0.0019293236546218,0.0094835869967937,0.0110463984310626,-4.136383056640625,-2.0592041015625,-1.1014862060546875,0.121490478515625,0.274658203125,0.979400634765625
2015-04-06,18,3,299.6776428222656,292.8377685546875,0.13604736328125,1.0601348876953125,108.5,91348.703125,268.7579345703125,283.0873413085937,296.3095092773437,0.0003099413006566,0.0091793816536664,0.0116134248673915,-5.5975189208984375,-2.8878936767578125,-0.959808349609375,2.497528076171875,0.431976318359375,3.221588134765625
2015-04-07,0,0,298.4366455078125,291.72802734375,1.0359344482421875,0.65521240234375,658.0,91356.28125,268.60479736328125,282.84619140625,292.8348388671875,0.0002357486519031,0.0088456198573112,0.0136195570230484,-3.1891021728515625,-5.29681396484375,1.9228515625,4.51898193359375,-1.853973388671875,0.013946533203125
2015-04-07,6,1,303.70361328125,292.1831970214844,-0.467803955078125,0.9172210693359376,418.375,91491.453125,267.6831970214844,284.43572998046875,295.1759033203125,0.0003144075162708,0.0059189982712268,0.0131682567298412,-1.406829833984375,-5.2242584228515625,-0.75341796875,3.475128173828125,-1.4830169677734375,1.10687255859375
2015-04-07,12,2,307.09747314453125,288.8458557128906,-1.3119964599609375,0.076507568359375,1.5,91056.0625,267.94891357421875,283.38116455078125,299.25640869140625,0.0006876452825963,0.0095552802085876,0.0099568739533424,-1.6449737548828125,-5.1707916259765625,-2.349700927734375,1.239105224609375,-0.069549560546875,0.14129638671875
2015-04-07,18,3,300.9712829589844,288.5956420898437,-3.4647674560546875,2.71124267578125,27.375,91453.296875,267.7187194824219,282.66705322265625,295.815673828125,0.0011839987710118,0.0091838426887989,0.0105407983064651,-4.2230377197265625,0.2040863037109375,-6.14080810546875,0.9767608642578124,1.036041259765625,8.8426513671875
2015-04-08,0,0,299.05548095703125,293.7929382324219,0.050811767578125,2.47021484375,692.875,91406.3125,267.5726928710937,282.04254150390625,293.24835205078125,0.0006990446709096,0.0093541480600833,0.0125208124518394,-1.9282379150390625,-4.8926849365234375,4.298583984375,4.398406982421875,-4.0187530517578125,5.421051025390625
2015-04-08,6,1,305.32843017578125,290.0336303710937,-0.6927337646484375,1.225982666015625,197.125,91609.265625,267.7357177734375,283.2367248535156,294.79010009765625,0.0006577870808541,0.0062257871031761,0.0127589032053947,-1.564239501953125,-6.427215576171875,-1.340484619140625,2.61285400390625,-2.2574462890625,1.59259033203125
2015-04-08,12,2,306.56024169921875,287.3786315917969,-0.8537445068359375,0.3092193603515625,0.0,91260.03125,268.02984619140625,282.9150695800781,298.6210021972656,0.001223549246788,0.0081077776849269,0.0087236538529396,-2.4095458984375,-4.8485870361328125,-1.87237548828125,0.982025146484375,-0.850250244140625,0.2461395263671875
2015-04-08,18,3,299.72979736328125,290.3209228515625,-1.9539642333984373,2.6302947998046875,98.625,91567.78125,268.1398010253906,283.8712463378906,294.0097045898437,0.0006444794125854,0.0067012645304203,0.0115096531808376,-1.199676513671875,-3.5916900634765625,-3.28887939453125,1.0939483642578125,-3.739288330078125,9.495864868164062
2015-04-09,0,0,298.5013427734375,292.3048400878906,-0.144622802734375,1.827606201171875,407.75,91472.78125,267.58331298828125,282.7138671875,291.98199462890625,0.000751671846956,0.0066208653151988,0.0129949115216732,-0.978057861328125,-4.353195190429688,2.0041961669921875,2.063140869140625,-3.580551147460937,5.7136077880859375
2015-04-09,6,1,303.7982177734375,290.5712280273437,-0.330902099609375,1.455780029296875,13.5,91648.890625,268.23834228515625,283.442138671875,294.59136962890625,0.0009131908882409,0.0050748996436595,0.0119805037975311,-4.101486206054688,-3.905914306640625,-0.638519287109375,3.352874755859375,0.0824737548828125,1.8285369873046875
2015-04-09,12,2,307.3160400390625,286.9515380859375,-1.638916015625,0.0450592041015625,0.0,91252.890625,268.1842346191406,282.529052734375,298.639404296875,0.0012070434167981,0.0085958279669284,0.0088153332471847,-0.630615234375,-4.78228759765625,-2.779205322265625,2.269683837890625,-1.6420745849609375,-0.2430572509765625
2015-04-09,18,3,299.3288269042969,292.679931640625,-2.5959014892578125,2.8552398681640625,655.375,91634.625,267.69561767578125,283.794189453125,293.11676025390625,0.0012677239719778,0.0067068450152873,0.0140462554991245,-0.8799896240234375,-1.977874755859375,-4.515914916992188,-0.599945068359375,-3.664718627929688,9.57330322265625
2015-04-10,0,0,298.48504638671875,294.1441650390625,0.1206207275390625,2.7277374267578125,989.5,91596.59375,266.5106811523437,283.0099182128906,291.4901733398437,0.0016313244123011,0.0055762119591236,0.0143597647547721,0.743896484375,-4.292327880859375,1.30670166015625,-0.071868896484375,-1.3357696533203125,6.110595703125
2015-04-10,6,1,304.018798828125,291.0332336425781,-0.2698974609375,0.233734130859375,179.375,91665.171875,267.2879638671875,283.66180419921875,294.6199035644531,0.0015212865546345,0.0062238946557044,0.0127593167126178,-0.6427154541015625,-3.705078125,-0.360626220703125,2.817413330078125,-0.1005706787109375,0.09375
2015-04-10,12,2,307.0603942871094,288.0628967285156,-1.24755859375,0.714111328125,9.125,91256.828125,268.1943664550781,283.19342041015625,298.2820129394531,0.0017237097490578,0.0087445490062236,0.0100590847432613,0.4559783935546875,-2.8486480712890625,-2.0518035888671875,1.976165771484375,-1.821868896484375,0.4277801513671875
2015-04-10,18,3,298.75738525390625,291.4390869140625,0.85980224609375,1.17108154296875,63.5,91621.421875,266.9511413574219,282.92889404296875,295.0352478027344,0.0020906212739646,0.0083478987216949,0.0118082873523235,-0.9176788330078124,-1.814178466796875,0.5431365966796875,1.50335693359375,-4.238937377929688,6.229766845703125
2015-04-11,0,0,297.4161376953125,291.513671875,1.3148956298828125,-0.1981353759765625,296.25,91645.640625,267.2790222167969,282.03912353515625,290.8519287109375,0.0028428556397557,0.0082870908081531,0.0138498432934284,2.7125701904296875,-5.744873046875,1.42474365234375,1.3511199951171875,-0.65045166015625,2.152923583984375
2015-04-11,6,1,302.6217346191406,290.77081298828125,0.160858154296875,1.26898193359375,45.375,91729.71875,266.98651123046875,283.358642578125,294.16357421875,0.0032673238310962,0.005178827792406,0.0122432596981525,2.265167236328125,-4.097671508789063,-0.16412353515625,2.6665191650390625,0.377197265625,1.7249755859375
2015-04-11,12,2,305.93817138671875,288.215576171875,1.0516204833984375,-0.19384765625,17.5,91340.078125,267.77447509765625,282.39068603515625,297.697265625,0.0027738984208554,0.0086165368556976,0.0097439512610435,4.637008666992188,-4.2375030517578125,0.655059814453125,2.332275390625,1.0095977783203125,-0.2046356201171875
2015-04-11,18,3,298.24188232421875,292.3554077148437,0.7456207275390625,-0.560699462890625,91.75,91669.484375,267.6639404296875,281.34942626953125,294.732666015625,0.0035140805412083,0.0087086725980043,0.0110597163438797,6.9716796875,-2.175079345703125,-1.34814453125,1.406524658203125,7.16827392578125,0.3382720947265625
2015-04-12,0,0,296.81396484375,291.79461669921875,1.2646636962890625,-0.3682861328125,204.125,91690.1875,266.6807861328125,282.04571533203125,290.40631103515625,0.0032675855327397,0.0086255669593811,0.0136292837560176,6.674774169921875,2.040283203125,1.327117919921875,3.6614990234375,3.020751953125,-3.800338745117188
2015-04-12,6,1,301.929931640625,292.1244506835937,0.0286712646484375,-1.398773193359375,704.875,91817.921875,266.1019592285156,282.32940673828125,293.3202819824219,0.0032567491289228,0.0077433884143829,0.0132859982550144,6.95660400390625,1.436981201171875,0.042449951171875,4.0465087890625,3.0153961181640625,-1.79736328125
2015-04-12,12,2,298.1214599609375,292.5299377441406,-2.035308837890625,-0.795379638671875,952.25,91530.328125,267.85357666015625,282.1146240234375,293.04052734375,0.003340883878991,0.0098657645285129,0.0129982978105545,12.468704223632812,5.595794677734375,-1.765899658203125,4.129180908203125,2.8737030029296875,0.649169921875
2015-04-12,18,3,294.0003662109375,292.5032043457031,-0.985809326171875,0.999847412109375,572.75,91872.703125,266.0872497558594,282.4900817871094,290.34869384765625,0.0020566873718053,0.0074507631361484,0.0139760375022888,12.518402099609377,5.99090576171875,4.2448577880859375,-0.7001495361328125,-0.538421630859375,0.92706298828125
2015-04-13,0,0,295.16259765625,292.4882202148437,1.6504058837890625,0.6182403564453125,188.375,91757.90625,266.310546875,281.2518310546875,289.1649169921875,0.0013737343251705,0.0070939511060714,0.0132656916975975,7.5556640625,7.059173583984375,4.2464447021484375,-2.5717926025390625,0.6232147216796875,-2.6945953369140625
2015-04-13,6,1,300.87469482421875,292.77276611328125,0.319061279296875,0.168182373046875,871.625,91826.375,266.822509765625,280.1578369140625,291.4374694824219,0.0008122336585074,0.0082945637404918,0.0133155286312103,9.826889038085938,5.228561401367188,0.5277557373046875,1.83441162109375,-1.6321258544921875,-0.0154571533203125
2015-04-13,12,2,297.84991455078125,292.2406005859375,0.262451171875,0.140625,1092.25,91444.578125,266.83905029296875,281.2540283203125,291.743408203125,0.0016767266206443,0.007907398045063,0.0132708474993705,12.968109130859377,5.840057373046875,1.4780426025390625,0.1197052001953125,0.0794219970703125,-0.954193115234375
2015-04-13,18,3,293.46014404296875,292.15313720703125,-0.721435546875,1.8341064453125,798.0,91739.140625,264.91070556640625,282.2982788085937,290.490966796875,0.0003401301801204,0.006414633244276,0.0131136700510978,9.928619384765623,6.903244018554688,1.9203643798828125,1.3738555908203125,-2.6445465087890625,1.7959747314453125
2015-04-14,0,0,293.9466552734375,291.8619384765625,0.80078125,2.138534545898437,299.625,91578.484375,264.173828125,279.9998779296875,290.6119689941406,0.0003305042628198,0.0075367428362369,0.0118268616497516,17.374298095703125,5.06170654296875,2.5137176513671875,-1.89837646484375,0.51153564453125,5.0595703125
2015-04-14,6,1,298.84893798828125,292.8619384765625,0.8670196533203125,1.0461273193359375,1361.625,91679.609375,263.64434814453125,280.3016967773437,290.4951477050781,0.0004103393293917,0.0073245204985141,0.0135887823998928,14.402374267578123,3.618972778320313,1.0614471435546875,-4.678512573242188,1.53082275390625,1.3932342529296875
2015-04-14,12,2,299.38214111328125,292.24298095703125,-0.9024658203125,0.6909942626953125,404.125,91292.96875,266.3267822265625,280.5375366210937,292.58624267578125,0.0010115671902894,0.0087089240550994,0.0118216462433338,12.296035766601562,5.12451171875,-1.2701263427734375,-7.8967132568359375,3.280792236328125,1.506134033203125
2015-04-14,18,3,294.73193359375,292.8934936523437,-1.7775421142578125,1.08392333984375,250.5,91666.875,266.9081115722656,280.17547607421875,289.7769470214844,0.0011122894939035,0.0081856995820999,0.0127686448395252,8.048629760742188,4.0499267578125,-0.92864990234375,-6.193649291992188,0.4987945556640625,3.3343505859375
2015-04-15,0,0,295.1190185546875,293.23846435546875,-0.7296600341796875,1.006103515625,102.25,91483.34375,267.20037841796875,280.2087707519531,290.0231628417969,0.0003808205365203,0.0070533379912376,0.0124501828104257,8.512435913085938,4.9541015625,0.7610015869140625,-6.57354736328125,0.2921600341796875,5.0509796142578125
2015-04-15,6,1,298.8756408691406,293.70770263671875,0.0323333740234375,1.7360076904296875,473.0,91709.0,267.9159851074219,280.35400390625,290.7226257324219,0.0003818811383098,0.0059153325855731,0.0131227262318134,8.752960205078125,3.487060546875,-0.1264190673828125,-5.150146484375,0.9721832275390624,2.2132720947265625
2015-04-15,12,2,301.5805053710937,290.90447998046875,0.2226715087890625,-0.14599609375,90.375,91350.890625,267.9913330078125,281.88433837890625,293.5505676269531,0.0003493425901979,0.0060892067849636,0.0119575336575508,8.210525512695312,5.7000579833984375,0.6056060791015625,-5.001876831054688,1.5191497802734375,-0.6278228759765625
2015-04-15,18,3,294.2765808105469,291.5746459960937,-3.340667724609375,1.3930206298828125,107.875,91750.84375,267.61602783203125,281.0341186523437,291.4034423828125,0.0002212348335888,0.0070540830492973,0.0121385641396045,6.243667602539063,5.581954956054688,-2.3580474853515625,-2.5724029541015625,-0.94195556640625,2.277587890625
2015-04-16,0,0,295.7480773925781,293.6314697265625,-0.3347320556640625,1.4245758056640625,165.125,91637.6875,267.36993408203125,280.7572631835937,291.285888671875,0.0002383721148362,0.0078087244182825,0.0118741579353809,7.943527221679687,2.4911651611328125,1.845550537109375,-1.2647552490234375,0.4536590576171875,1.8307037353515625
2015-04-16,6,1,301.3885803222656,292.418212890625,-0.5301666259765625,1.0168304443359375,684.125,91843.78125,267.79217529296875,281.13800048828125,291.529296875,0.0002159660944016,0.0071983560919761,0.0136802792549133,7.155197143554688,1.2457427978515625,-0.6868133544921875,-0.45318603515625,0.263763427734375,1.09539794921875
2015-04-16,12,2,301.4835510253906,291.7041015625,-1.159454345703125,-0.28118896484375,11.875,91444.234375,268.418701171875,281.59393310546875,293.948974609375,0.0001810617977753,0.0083450712263584,0.0114906914532184,8.96514892578125,4.56951904296875,-1.01220703125,-1.302734375,-0.4711456298828125,-1.4152374267578125
2015-04-16,18,3,296.5096740722656,293.59979248046875,-0.7783203125,1.4191436767578125,168.0,91809.03125,267.5419921875,281.017578125,293.3043518066406,0.0001459582126699,0.0066831931471824,0.0109334327280521,7.121307373046875,6.696456909179688,-1.34332275390625,-1.15740966796875,-5.4955902099609375,-0.734161376953125
2015-04-17,0,0,295.3212890625,291.67510986328125,1.026885986328125,0.118499755859375,74.25,91649.578125,267.0850830078125,281.4797668457031,290.56268310546875,0.000211953985854,0.0064790770411491,0.0119694396853446,9.481475830078123,2.70684814453125,3.013290405273437,0.3885955810546875,-1.26641845703125,-0.0064697265625
2015-04-17,6,1,301.236572265625,289.7040405273437,0.8777008056640625,-0.9371185302734376,105.25,91731.84375,267.1156616210937,281.71990966796875,292.6866455078125,0.0001575522328494,0.0051094815135002,0.0115635246038436,8.15057373046875,2.369964599609375,1.06304931640625,1.2096099853515625,-2.379302978515625,-1.3782958984375
2015-04-17,12,2,302.1463928222656,290.3856811523437,0.11651611328125,-1.554656982421875,11.75,91251.828125,267.3514709472656,282.5223999023437,295.1949768066406,0.0003888009232468,0.0056899301707744,0.0106737539172172,7.2864990234375,2.436920166015625,0.66925048828125,0.581024169921875,-2.2007293701171875,-2.610336303710937
2015-04-17,18,3,295.14752197265625,290.5594787597656,-1.22186279296875,0.3873291015625,102.75,91585.71875,267.2208557128906,280.9253845214844,293.14239501953125,0.0007595219649374,0.0078838653862476,0.0112677924335002,5.709259033203125,4.7358245849609375,-1.9833831787109373,3.496078491210937,-2.8127593994140625,-2.582870483398437
2015-04-18,0,0,296.13214111328125,291.4154663085937,0.0215301513671875,1.640716552734375,2.75,91406.84375,267.65631103515625,281.71942138671875,291.9330444335937,0.0005099135451018,0.0071267485618591,0.0109093375504016,6.30059814453125,0.0758056640625,0.282196044921875,4.753326416015625,-5.23907470703125,-1.046844482421875
2015-04-18,6,1,301.197998046875,290.54168701171875,-1.38531494140625,-2.236297607421875,5.375,91537.296875,267.6845703125,282.1990966796875,293.05255126953125,0.000625426415354,0.0071113221347332,0.0115325450897216,3.9020843505859375,-0.944976806640625,-2.0940704345703125,1.699981689453125,-2.47564697265625,-3.391021728515625
2015-04-18,12,2,303.2658386230469,290.5435791015625,-1.78472900390625,-1.113067626953125,8.5,91148.28125,268.03717041015625,282.8686218261719,295.23321533203125,0.000921920640394,0.0073585622012615,0.0110290609300136,4.7357025146484375,-0.8948516845703125,-3.1507720947265625,1.68206787109375,-3.19256591796875,-2.7149200439453125
2015-04-18,18,3,296.941162109375,290.8076171875,-2.3822784423828125,1.283355712890625,13.25,91487.78125,268.25445556640625,283.006103515625,293.8150329589844,0.0016689230687916,0.0063715130090713,0.0118896849453449,2.3482818603515625,-3.04931640625,-4.744308471679688,-0.193084716796875,-2.086273193359375,3.913253784179688
2015-04-19,0,0,295.173095703125,291.92889404296875,-1.148284912109375,0.9227142333984376,0.0,91296.015625,268.78863525390625,282.4042358398437,292.9293212890625,0.0019955709576606,0.0064930692315101,0.0116151012480258,2.70770263671875,-5.139572143554688,-0.1529083251953125,-1.2488555908203125,-0.835693359375,1.679779052734375
2015-04-19,6,1,303.01568603515625,290.3330993652344,-2.37060546875,-0.2038116455078125,0.0,91499.0,269.2220458984375,283.205078125,294.39825439453125,0.0019506618846207,0.0068111233413219,0.0114953257143497,-0.5782012939453125,-4.23089599609375,-3.503387451171875,0.31256103515625,0.594451904296875,-0.64764404296875
2015-04-19,12,2,304.1368408203125,289.41925048828125,-2.14825439453125,0.1487579345703125,3.5,91226.984375,269.79736328125,283.6679992675781,296.4302978515625,0.0022065809462219,0.006316527724266,0.0106007643043994,-2.2004547119140625,-4.1996612548828125,-4.296554565429688,1.4327850341796875,-2.0153350830078125,0.03515625
2015-04-19,18,3,298.21246337890625,290.0882568359375,-2.259429931640625,1.2227935791015625,2.0,91560.78125,268.9779663085937,284.3218994140625,294.7474975585937,0.0022680026013404,0.0043297410011291,0.0113229341804981,-2.5423126220703125,-6.2576446533203125,-4.000045776367188,1.14300537109375,-3.883346557617188,3.933624267578125
2015-04-20,0,0,296.8758850097656,293.1722717285156,-1.2926483154296875,1.2933807373046875,182.0,91434.234375,267.78338623046875,284.3433837890625,292.0105895996094,0.0022631944157183,0.0042713712900877,0.0138181336224079,-4.3156585693359375,-5.994293212890625,1.2273712158203125,1.7463836669921875,-0.357879638671875,4.3015899658203125
2015-04-20,6,1,302.7956848144531,291.6459350585937,-0.71661376953125,-0.4105987548828125,5.875,91666.6875,268.35858154296875,283.9769897460937,294.08404541015625,0.0018506310880184,0.0053719282150268,0.0125015005469322,-5.807373046875,-4.8377685546875,-1.062896728515625,1.059967041015625,2.06402587890625,-0.78485107421875
2015-04-20,12,2,303.91943359375,290.919189453125,-2.6116485595703125,-0.268646240234375,0.0,91334.6875,268.73358154296875,283.9991455078125,295.9312744140625,0.0016232577618211,0.0065871141850948,0.0115763992071151,-5.906051635742188,-3.857269287109375,-4.46966552734375,0.760345458984375,0.709564208984375,-0.780181884765625
2015-04-20,18,3,298.6864318847656,291.023193359375,-2.701202392578125,1.786468505859375,7.625,91667.3125,267.6730651855469,284.3941650390625,294.2742614746094,0.0032951484899967,0.0062744840979576,0.0120454430580139,-8.492279052734375,-6.099380493164063,-3.482147216796875,1.5942230224609375,-0.8459014892578125,3.639114379882813
2015-04-21,0,0,297.0433654785156,293.7333068847656,-1.40118408203125,1.838775634765625,110.0,91571.359375,268.2035827636719,283.51531982421875,292.68017578125,0.0027734206523746,0.0080132372677326,0.0120210982859134,-5.423614501953125,-6.8824615478515625,-1.472320556640625,0.5288543701171875,-0.1063385009765625,4.317535400390625
2015-04-21,6,1,303.6545715332031,292.0648498535156,-1.37896728515625,1.1559295654296875,180.75,91651.0,268.1366577148437,283.9285583496094,294.4932556152344,0.0028430917300283,0.0070794187486171,0.0125220641493797,-7.6297607421875,-8.298355102539062,-1.9185028076171875,3.0489044189453125,1.011627197265625,1.331298828125
2015-04-21,12,2,303.81036376953125,291.91943359375,-3.087066650390625,0.931304931640625,440.625,91393.421875,267.3614501953125,283.539794921875,295.1742553710937,0.0032992735505104,0.0087897479534149,0.0127226263284683,-6.8892364501953125,-5.5377197265625,-5.7344818115234375,-1.4337310791015625,0.0141754150390625,1.694366455078125
2015-04-21,18,3,297.72900390625,294.17803955078125,-1.0948638916015625,2.447845458984375,1272.5,91638.78125,267.5751342773437,284.03253173828125,293.0401916503906,0.003002070588991,0.0077580995857715,0.0145980380475521,-7.934951782226562,-6.662445068359375,-2.424072265625,-0.7142181396484375,-1.2351837158203125,6.3084259033203125
2015-04-22,0,0,297.7892150878906,295.12652587890625,0.8417205810546875,0.6790008544921875,864.125,91441.796875,266.9340209960937,284.63916015625,294.73834228515625,0.0029234178364276,0.0067606642842292,0.0109655484557151,-6.3749847412109375,-5.997039794921875,-2.367523193359375,0.828125,2.565521240234375,0.7671356201171875
2015-04-22,6,1,303.78228759765625,292.7284851074219,0.509185791015625,0.903717041015625,915.75,91628.1875,266.79425048828125,284.1553955078125,294.6947631835937,0.0027628294192254,0.0071519166231155,0.0135949030518531,-6.64764404296875,-4.7357025146484375,0.352508544921875,1.6983795166015625,3.2993621826171875,1.0021209716796875
2015-04-22,12,2,305.0230712890625,292.26861572265625,-2.4936676025390625,1.7742462158203125,1153.75,91309.515625,268.2408142089844,283.93115234375,295.3671569824219,0.0030517086852341,0.0093416199088096,0.0136727802455425,-2.167831420898437,-0.9698333740234376,-2.905853271484375,0.40277099609375,0.8341064453125,2.8326873779296875
2015-04-22,18,3,297.6015625,294.24951171875,-0.4074249267578125,0.5198822021484375,1164.375,91513.734375,267.2640991210937,285.8533935546875,294.92877197265625,0.0036798105575144,0.0059942863881587,0.0139856599271297,0.7502288818359375,-1.58892822265625,-0.4875946044921875,-0.563446044921875,-1.2405242919921875,5.6728057861328125
2015-04-23,0,0,298.1258239746094,294.9579467773437,1.2090911865234375,0.214202880859375,1185.5,91418.640625,266.4830017089844,285.1876220703125,292.6293334960937,0.003899976843968,0.0064484998583793,0.0143161006271839,2.874496459960937,-6.0778350830078125,2.8605499267578125,-3.512359619140625,0.2458953857421875,2.768417358398437
2015-04-23,6,1,302.0932312011719,294.98388671875,1.2516021728515625,-0.3471832275390625,2462.75,91653.609375,266.5770874023437,284.1512451171875,294.02117919921875,0.0039337752386927,0.0073517374694347,0.0155881084501743,1.4369964599609375,-4.057403564453125,1.684906005859375,-3.063949584960937,2.282455444335937,-0.57147216796875
2015-04-23,12,2,300.7641296386719,293.46337890625,0.502777099609375,-0.7895050048828125,2210.875,91291.796875,267.60308837890625,284.797607421875,295.3305053710937,0.0033024088479578,0.0069654956459999,0.0156712383031845,2.0498046875,-1.9656524658203125,1.045989990234375,-4.697601318359375,-0.6902313232421875,-1.2766571044921875
2015-04-23,18,3,295.52685546875,293.52001953125,1.543060302734375,-0.4485321044921875,1673.75,91661.890625,266.476806640625,284.672119140625,294.21649169921875,0.0027691291179507,0.0064585022628307,0.0145740434527397,0.723907470703125,-1.2470703125,0.757293701171875,-4.44476318359375,-0.2847900390625,-0.6276397705078125
2015-04-24,0,0,295.82598876953125,293.14324951171875,0.4319610595703125,-1.5173492431640625,684.25,91554.921875,265.6883850097656,284.125,292.7289428710937,0.0033463474828749,0.0062176585197448,0.0134693458676338,1.9987945556640625,-0.665618896484375,0.2910919189453125,-4.64227294921875,-1.2193450927734375,-1.0874481201171875
2015-04-24,6,1,302.67919921875,292.7264404296875,0.4421234130859375,-0.6605072021484375,1280.625,91638.84375,266.67822265625,283.55059814453125,294.02056884765625,0.0027011334896087,0.0065078660845756,0.0142107866704463,0.109527587890625,-0.01123046875,0.441192626953125,-3.7235107421875,-0.6876373291015625,-0.872772216796875
2015-04-24,12,2,302.7674865722656,292.3529663085937,-2.049163818359375,-0.4524688720703125,576.25,91309.5,267.698974609375,283.35223388671875,295.22125244140625,0.0029380132909864,0.0083652138710021,0.012596059590578,2.1229705810546875,1.994293212890625,-1.752288818359375,-3.678909301757813,-3.881500244140625,-4.7433624267578125
2015-04-24,18,3,296.0415344238281,293.7821655273437,-0.0410614013671875,0.6959381103515625,760.125,91595.28125,267.0272521972656,283.278076171875,292.79742431640625,0.0024774544872343,0.0064046643674373,0.013510450720787,0.8636932373046875,-0.415374755859375,-0.9942626953125,-3.57940673828125,-7.002593994140625,0.158050537109375
2015-04-25,0,0,295.78350830078125,293.26544189453125,1.2001953125,1.5237579345703125,466.0,91458.1875,267.4891357421875,282.612548828125,292.9730224609375,0.0022619508672505,0.0060672834515571,0.012441199272871,3.0965576171875,-4.316375732421875,0.0507354736328125,-1.3872222900390625,-9.17059326171875,1.4793548583984375
2015-04-25,6,1,300.051025390625,292.6785888671875,2.061752319335937,0.397369384765625,888.5,91644.34375,266.9526062011719,282.59893798828125,292.7760009765625,0.0015494795516133,0.0061530545353889,0.0140805058181285,4.305831909179688,-4.781005859375,2.9407958984375,-0.546966552734375,-7.61260986328125,0.0239410400390625
2015-04-25,12,2,302.33905029296875,290.29986572265625,-0.707183837890625,-0.4724273681640625,253.875,91234.03125,267.91552734375,282.52313232421875,296.1201171875,0.0015141351614147,0.0074223987758159,0.0120723657310009,1.45166015625,-1.7610931396484375,-0.9899444580078124,-4.119049072265625,-5.485031127929688,-1.749969482421875
2015-04-25,18,3,295.796142578125,293.31268310546875,-0.8336029052734375,1.28192138671875,354.375,91492.28125,267.83453369140625,282.5824279785156,294.4779663085937,0.0025715127121657,0.0074703320860862,0.0115129053592681,1.4788055419921875,-2.0126953125,-2.207733154296875,-0.462738037109375,-3.199951171875,-0.817596435546875
2015-04-26,0,0,295.9310913085937,292.794921875,0.805694580078125,0.5831298828125,293.375,91481.578125,267.94732666015625,281.39013671875,292.507568359375,0.0019736755639314,0.0074016787111759,0.0122797526419162,1.7744140625,-5.134780883789063,-1.0420989990234375,-1.574188232421875,-5.1392364501953125,2.8893280029296875
2015-04-26,6,1,301.70086669921875,293.36151123046875,-0.341033935546875,0.718536376953125,847.75,91653.984375,266.74267578125,282.282958984375,293.1346740722656,0.002118739997968,0.0069900527596473,0.0138785503804683,0.6379852294921875,-5.086273193359375,-0.4687042236328125,1.0501708984375,-4.01171875,0.7398223876953125
2015-04-26,12,2,299.7139892578125,293.2189636230469,-1.39154052734375,-0.0165252685546875,468.625,91319.8125,267.9955444335937,282.28436279296875,294.3575134277344,0.0025246450677514,0.0072189979255199,0.0127729810774326,0.78558349609375,-2.27276611328125,-3.637725830078125,1.28485107421875,-3.7170257568359375,-1.19580078125
2015-04-26,18,3,295.6450500488281,293.98785400390625,0.385986328125,0.9931640625,436.75,91581.84375,266.75115966796875,282.70172119140625,292.82781982421875,0.0040116570889949,0.0061808675527572,0.0124236345291137,0.399444580078125,-7.290390014648437,-2.9206695556640625,2.4765167236328125,-3.377792358398437,4.441696166992188
2015-04-27,0,0,296.30572509765625,293.525634765625,-0.954620361328125,0.596466064453125,292.75,91515.6875,265.9351806640625,283.18389892578125,292.3221740722656,0.0039590052329003,0.004214362706989,0.0121268518269062,3.7553558349609375,-7.567474365234375,-2.3789215087890625,2.546493530273437,-1.9765625,3.445037841796875
2015-04-27,6,1,302.6806030273437,291.7372436523437,-2.434112548828125,0.157012939453125,135.5,91730.953125,266.3485717773437,282.856201171875,293.8409423828125,0.0036259402986615,0.0048941075801849,0.0121463872492313,3.961105346679688,-5.313278198242188,-3.6013641357421875,1.6826629638671875,-1.3892974853515625,-0.3188323974609375
2015-04-27,12,2,303.6385803222656,290.0984802246094,-2.099960327148437,0.13623046875,37.0,91412.5,268.3118896484375,283.2593994140625,295.45440673828125,0.0022062857169657,0.0058814287185668,0.0113553218543529,6.544677734375,-4.58306884765625,-3.194320678710937,-3.0797882080078125,-5.3304443359375,-0.07391357421875
2015-04-27,18,3,297.4664001464844,292.720458984375,-0.6552734375,1.5265045166015625,255.125,91649.578125,266.84765625,283.98004150390625,294.1418151855469,0.0023039032239466,0.0038521229289472,0.0120023563504219,1.243194580078125,-8.749832153320312,0.3491363525390625,-3.4219970703125,-3.8460540771484375,1.3117523193359375
2015-04-28,0,0,296.810791015625,293.65313720703125,0.5718994140625,1.5992584228515625,310.75,91568.890625,267.0452880859375,282.9442749023437,292.39715576171875,0.0017742733471095,0.0043539218604564,0.0131255276501178,1.9237060546875,-8.718154907226562,2.4339752197265625,-0.724456787109375,-3.2542877197265625,2.1343231201171875
2015-04-28,6,1,302.73992919921875,291.92138671875,-0.3887786865234375,-0.0937042236328125,224.125,91653.03125,267.2694702148437,283.7135314941406,294.53106689453125,0.0013050278648734,0.0045120269060134,0.0127143822610378,-0.4753570556640625,-10.677413940429688,-0.8126983642578125,-2.161376953125,-3.8059234619140634,-0.6002197265625
2015-04-28,12,2,304.9124450683594,289.54180908203125,-2.1476287841796875,-0.24908447265625,9.5,91316.71875,268.273681640625,283.4996337890625,297.4264831542969,0.0008934356737881,0.0065629296004772,0.0104796178638935,-0.61572265625,-5.477996826171875,-3.335067749023437,-3.066009521484375,-6.476821899414063,-1.275726318359375
2015-04-28,18,3,297.8707275390625,291.71337890625,-0.802947998046875,1.6496429443359375,18.875,91569.1875,267.24041748046875,283.845458984375,296.0860595703125,0.0006196636240929,0.0052425116300582,0.0108749866485595,-3.652511596679688,-8.6231689453125,-2.6649932861328125,-4.7966156005859375,-4.06170654296875,1.5297698974609375
2015-04-29,0,0,297.2175598144531,292.5789489746094,1.27459716796875,0.8066864013671875,425.0,91472.5625,267.8417358398437,283.210205078125,294.0550231933594,0.0006278012879192,0.0053393244743347,0.012035958468914,-3.72723388671875,-8.071487426757812,1.708404541015625,-2.725799560546875,-2.5363311767578125,2.5980224609375
2015-04-29,6,1,303.6168212890625,293.29376220703125,1.1669464111328125,1.01812744140625,1095.125,91628.25,267.33355712890625,283.6417236328125,295.2389221191406,0.0004799957387149,0.0054151639342308,0.0136406198143959,-4.755889892578125,-5.887298583984375,1.3779296875,-3.00762939453125,-4.808563232421875,1.057647705078125
2015-04-29,12,2,300.32879638671875,291.1341552734375,-0.2254638671875,0.508575439453125,246.75,91289.59375,267.3282470703125,284.29217529296875,295.9003295898437,0.001710700802505,0.0065168924629688,0.0127161368727684,-3.4259796142578125,-2.822784423828125,-0.3624420166015625,-4.995635986328125,-4.84893798828125,0.3560638427734375
2015-04-29,18,3,296.7743835449219,291.92022705078125,1.3315887451171875,-1.2106170654296875,431.375,91676.171875,266.93707275390625,282.8456420898437,294.01483154296875,0.0020165836904197,0.0086096934974193,0.0131010040640831,-4.379302978515625,-4.418121337890625,0.47991943359375,-4.371597290039063,-3.3329315185546875,3.5624542236328125
2015-04-30,0,0,296.7857666015625,292.7248229980469,1.5171356201171875,1.24078369140625,601.75,91537.4375,265.5870361328125,283.4703674316406,294.6383361816406,0.0027273523155599,0.0079474076628685,0.0115471817553043,-4.03802490234375,-5.710174560546875,2.306793212890625,-3.625808715820313,-4.773208618164063,3.084945678710937
2015-04-30,6,1,303.563232421875,292.47442626953125,2.073837280273437,-0.9194183349609376,893.125,91677.140625,266.896240234375,284.0699462890625,295.43310546875,0.0018614274449646,0.0066033974289894,0.0131700299680233,-4.897476196289063,-6.1855010986328125,2.72802734375,-1.1326141357421875,-2.4491729736328125,-1.88311767578125
2015-04-30,12,2,302.5455322265625,293.572998046875,-1.6282196044921875,-0.7694244384765625,1134.125,91413.0625,267.4485168457031,283.577880859375,295.556884765625,0.0018769700545817,0.0102517306804656,0.0134049858897924,-4.83673095703125,0.3988800048828125,-3.164398193359375,-3.092010498046875,-5.894210815429688,-1.5090789794921875
2015-04-30,18,3,296.0096740722656,294.5687866210937,0.352294921875,2.136215209960937,932.5,91629.109375,266.3387756347656,283.47198486328125,295.0938415527344,0.002347877016291,0.0074928849935531,0.0126514583826065,-6.83319091796875,-2.4518280029296875,-2.725799560546875,-2.521347045898437,-10.2984619140625,2.9184722900390625
2015-05-01,0,0,297.2649841308594,294.4742126464844,2.4532470703125,0.1912994384765625,1200.0,91429.03125,266.871826171875,283.82525634765625,294.73974609375,0.0016082623042166,0.0057594552636146,0.0123718790709972,-5.5767822265625,-6.1037139892578125,4.3812255859375,-0.2259063720703125,-8.649368286132812,0.36737060546875
2015-05-01,6,1,303.6075439453125,293.4076538085937,1.775299072265625,-0.8928375244140625,777.25,91596.625,267.3407287597656,283.9334716796875,295.4525756835937,0.0003676915075629,0.0053129866719245,0.0130506306886672,-3.05413818359375,-6.285675048828125,2.4833221435546875,-1.4838714599609375,-5.5403900146484375,-1.944610595703125
2015-05-01,12,2,305.8337707519531,289.8853759765625,-0.9172821044921876,0.4048614501953125,15.125,91262.0,267.1468505859375,284.0356140136719,298.03857421875,0.0005630985833704,0.0075238570570945,0.0105818957090377,-1.8587188720703125,-3.0630340576171875,-1.48858642578125,-4.0728759765625,-6.1336669921875,-0.76043701171875
2015-05-01,18,3,298.6635131835937,293.0693359375,0.2729339599609375,2.2433013916015625,583.875,91570.1875,267.3631896972656,283.1828918457031,296.45947265625,0.0012729729060083,0.0086868219077587,0.0118875466287136,-3.8954925537109375,-2.50146484375,-1.332916259765625,-5.4945831298828125,-6.62353515625,5.3626861572265625
2015-05-02,0,0,297.99658203125,294.765869140625,1.936431884765625,0.9006195068359375,1237.625,91402.234375,267.69403076171875,284.19403076171875,294.2541198730469,0.0013355996925383,0.0076246857643127,0.0125933215022087,0.07196044921875,-4.806076049804688,4.2097930908203125,-0.1656646728515625,-6.919204711914063,4.6510162353515625
2015-05-02,6,1,303.44482421875,293.8895874023437,2.6857452392578125,0.404815673828125,1476.25,91582.78125,267.6531982421875,283.71466064453125,295.3211669921875,0.0014147430192679,0.0082423835992813,0.014002863317728,0.160858154296875,-5.80023193359375,3.729049682617188,-1.516937255859375,-3.149017333984375,0.121490478515625
2015-05-02,12,2,300.986572265625,292.8095703125,3.44183349609375,1.1062774658203125,1595.375,91277.71875,268.0673828125,283.64312744140625,294.78814697265625,0.0025926418602466,0.0100045353174209,0.0142178982496261,-0.798675537109375,-3.892135620117188,5.530197143554688,-3.614959716796875,-3.7991943359375,1.693206787109375
2015-05-02,18,3,296.2557067871094,293.7193603515625,1.0321807861328125,-0.3909149169921875,1572.125,91631.078125,266.591064453125,283.2431030273437,293.7427978515625,0.0043625943362712,0.0076640397310256,0.0125307887792587,-0.441558837890625,-4.960906982421875,1.177093505859375,-4.633148193359375,-1.0747528076171875,-2.5145721435546875
2015-05-03,0,0,296.84393310546875,293.0617370605469,0.8784027099609375,0.80108642578125,1026.5,91377.03125,266.1556091308594,283.677001953125,295.24835205078125,0.0041622538119554,0.0060178898274898,0.0109577029943466,-3.865402221679688,-4.6552734375,0.7651824951171875,-2.3030242919921875,-1.899444580078125,-2.859100341796875
2015-05-03,6,1,301.7442932128906,293.2850952148437,1.0764312744140625,-0.0989990234375,1034.875,91541.828125,267.62139892578125,284.2673034667969,293.8490905761719,0.0034145598765462,0.0053566694259643,0.0141915418207645,-2.593597412109375,-4.6134185791015625,1.0101318359375,-1.3065643310546875,-3.76763916015625,-0.411895751953125
2015-05-03,12,2,302.8270263671875,293.4658203125,-1.4007110595703125,0.0984039306640625,942.75,91257.4375,268.11376953125,283.8641052246094,295.32830810546875,0.0029498920775949,0.0069999620318412,0.0135665796697139,-1.7904510498046875,-4.4464111328125,-1.7611541748046875,-2.265106201171875,-4.393356323242188,-0.3362884521484375
2015-05-03,18,3,296.9919128417969,294.4602355957031,0.72491455078125,-0.0579071044921875,587.0,91500.296875,267.406982421875,283.404052734375,295.0738525390625,0.0029749479144811,0.0078842788934707,0.0126544199883937,-1.9439239501953125,-5.228515625,-2.132186889648437,-2.5610809326171875,-4.7930450439453125,1.9884185791015625
2015-05-04,0,0,297.23095703125,294.2427062988281,0.997467041015625,1.105010986328125,443.5,91359.296875,267.068603515625,283.8949584960937,293.8608703613281,0.0022649264428764,0.0055498704314231,0.0125710815191268,-1.954833984375,-5.678985595703125,-0.5908203125,-2.3495635986328125,-3.657135009765625,2.61273193359375
2015-05-04,6,1,302.66314697265625,294.2431030273437,-0.084381103515625,1.34783935546875,1935.375,91579.234375,267.50604248046875,283.935302734375,294.3519897460937,0.00182312191464,0.0051190555095672,0.0148613005876541,-3.2830047607421875,-6.616012573242188,-0.354644775390625,-0.141754150390625,-3.5421295166015625,1.65765380859375
2015-05-04,12,2,302.2650756835937,293.5374755859375,-1.491119384765625,-1.2243804931640625,1000.75,91245.296875,267.94439697265625,283.7684020996094,296.05322265625,0.0028762915171682,0.0074052512645721,0.0133728496730327,-0.935211181640625,-5.619171142578125,-3.07366943359375,-2.5882568359375,-1.793731689453125,-0.2903594970703125
2015-05-04,18,3,296.95849609375,294.44940185546875,0.735076904296875,-1.005126953125,895.625,91575.640625,267.68719482421875,283.75201416015625,293.47760009765625,0.003257188713178,0.0065696127712726,0.0133563540875911,-2.467620849609375,-8.661224365234375,-3.3893585205078125,-2.3220367431640625,-2.8227691650390625,3.4836883544921875
2015-05-05,0,0,296.8959045410156,293.6624755859375,-0.7374725341796875,1.0153656005859375,685.125,91397.859375,266.92291259765625,283.8359069824219,292.557861328125,0.0028520938940346,0.0037996389437466,0.0129080042243003,-3.903900146484375,-8.288558959960938,1.1538238525390625,-2.1160125732421875,-3.008636474609375,3.38201904296875
2015-05-05,6,1,302.71209716796875,291.6739501953125,-1.698028564453125,1.1259765625,120.625,91490.984375,268.2298583984375,283.17169189453125,294.4718017578125,0.0022762056905776,0.005840465426445,0.012720089405775,-2.9620361328125,-4.807525634765625,-2.5583648681640625,0.6630401611328125,-0.6753692626953125,1.292572021484375
2015-05-05,12,2,304.2027893066406,290.418212890625,-2.32958984375,0.0853118896484375,6.375,91192.1875,268.2795715332031,283.353515625,296.4004821777344,0.0025248802267014,0.0068136379122734,0.0113395377993583,-0.0836639404296875,-3.160247802734375,-3.715133666992188,-0.703948974609375,-2.890960693359375,-0.16717529296875
2015-05-05,18,3,299.29248046875,291.8323974609375,-1.231842041015625,1.6782989501953125,33.375,91463.3125,267.8658447265625,283.3127136230469,294.88494873046875,0.0024506447371095,0.007233265787363,0.0118277072906494,-1.199859619140625,-4.4298095703125,-1.369598388671875,-2.046127319335937,-3.26025390625,5.359405517578125
2015-05-06,0,0,298.1679077148437,292.271240234375,0.8995819091796875,0.0163726806640625,368.0,91334.390625,266.4530639648437,282.3940124511719,292.4615478515625,0.0028919079340994,0.0074348859488964,0.0135792791843414,-0.6771240234375,-7.1369476318359375,3.030975341796875,0.5082855224609375,-3.5723419189453125,0.592803955078125
2015-05-06,6,1,302.41436767578125,292.562744140625,-0.323883056640625,-0.4725341796875,842.75,91414.09375,267.97686767578125,283.3703918457031,294.31805419921875,0.0019823410548269,0.0079898238182067,0.0140021666884422,0.92352294921875,-5.80108642578125,-0.68145751953125,-1.76470947265625,-0.6707305908203125,-0.932952880859375
2015-05-06,12,2,302.1886901855469,292.7877197265625,-1.832275390625,-0.9116363525390624,524.5,91105.875,268.3870849609375,283.8480529785156,295.3007202148437,0.0032082155812531,0.0083064660429954,0.0133679509162902,1.2024993896484375,-3.8140869140625,-3.3739776611328125,-2.829574584960937,-2.04071044921875,-1.079681396484375
2015-05-06,18,3,296.64471435546875,294.2247314453125,0.3038482666015625,0.802154541015625,539.875,91482.15625,267.433349609375,284.23797607421875,294.15753173828125,0.0032551153562963,0.0076529458165168,0.013349425047636,-1.1891632080078125,-5.008636474609375,-1.9354400634765625,-1.0966339111328125,-1.93609619140625,3.03228759765625
2015-05-07,0,0,297.179931640625,293.7184143066406,0.768646240234375,-0.1365203857421875,194.875,91408.484375,267.10870361328125,283.58941650390625,292.8922119140625,0.0032285950146615,0.0075588300824165,0.0133355855941772,-0.5792999267578125,-5.93170166015625,0.3733673095703125,-0.5836944580078125,-2.872467041015625,1.105133056640625
2015-05-07,6,1,303.2764587402344,293.89227294921875,0.2641143798828125,-0.39617919921875,658.75,91544.5625,268.60418701171875,283.41949462890625,294.1133117675781,0.0019596021156758,0.0077716894447803,0.0138795264065265,0.0001373291015625,-6.0780181884765625,0.02398681640625,-1.1179046630859375,-1.5374298095703125,-0.7691802978515625
2015-05-07,12,2,303.02886962890625,292.29498291015625,-0.9362030029296876,1.6051788330078125,527.5,91207.09375,269.0229797363281,284.0546264648437,295.4601745605469,0.0020281511824578,0.0085708536207675,0.013266135007143,1.602203369140625,-5.142974853515625,-1.912994384765625,-2.2876129150390625,-3.20330810546875,0.7448883056640625
2015-05-07,18,3,296.9969482421875,293.91229248046875,1.779083251953125,0.242095947265625,1041.375,91578.75,268.13262939453125,283.6083984375,293.1552734375,0.0029538050293922,0.008773248642683,0.0141432359814643,-0.11590576171875,-8.511337280273438,2.4271240234375,-2.8833465576171875,-0.874298095703125,2.3162078857421875
2015-05-08,0,0,297.6431884765625,294.26617431640625,1.3668212890625,-0.314422607421875,492.125,91380.1875,267.54022216796875,284.70135498046875,293.9535522460937,0.0028887409716844,0.0064548328518867,0.013407178223133,1.1772003173828125,-6.038833618164063,2.6827545166015625,-3.487045288085937,-0.9602203369140624,-1.3091583251953125
2015-05-08,6,1,303.4862060546875,293.8001708984375,0.4528961181640625,-1.580535888671875,1199.625,91458.71875,268.151611328125,284.4756774902344,295.165771484375,0.0024066523183137,0.0066908076405525,0.014292623847723,0.77630615234375,-4.686203002929688,0.1989898681640625,-2.9798583984375,-2.5771942138671875,-2.5335693359375
2015-05-08,12,2,306.1586608886719,291.31744384765625,-1.4554595947265625,-0.7371368408203125,153.625,91099.78125,267.6719665527344,284.07452392578125,298.3614501953125,0.0033055320382118,0.0089672729372978,0.011057898402214,0.7456512451171875,-3.526519775390625,-3.358871459960937,-5.488784790039063,-4.494384765625,-2.5968475341796875
2015-05-08,18,3,298.317626953125,293.91473388671875,0.9887542724609376,2.045989990234375,778.625,91450.734375,267.2301330566406,284.6005554199219,294.94482421875,0.0021906190086156,0.0072566270828247,0.0136343948543071,0.0982666015625,-7.091400146484375,2.39306640625,-4.728424072265625,-4.466400146484375,3.5417022705078125
2015-05-09,0,0,297.5449523925781,293.5751953125,1.6679840087890625,0.0918121337890625,1152.375,91223.609375,268.1357421875,284.9009704589844,294.563232421875,0.0018136021681129,0.0043607950210571,0.0132335647940635,-0.9990997314453124,-8.025222778320312,2.842803955078125,-2.8764190673828125,-2.6003570556640625,-2.50439453125
2015-05-09,6,1,305.4786376953125,292.85235595703125,0.1420745849609375,-0.8813629150390625,1104.375,91347.40625,267.09490966796875,284.6439208984375,295.7754211425781,0.0020622310694307,0.0049903541803359,0.0138477645814418,-1.7623443603515625,-5.68438720703125,-0.221954345703125,-1.7641143798828125,-3.447021484375,-1.6903228759765625
2015-05-09,12,2,306.2209777832031,288.6878662109375,-1.5074920654296875,0.5416412353515625,0.0,90978.6875,268.8653564453125,283.6292724609375,299.1614685058594,0.0016153634060174,0.0078325122594833,0.0094954445958137,1.815826416015625,-4.912200927734375,-3.65087890625,-1.5333099365234375,-4.027313232421875,-0.2205352783203125
2015-05-09,18,3,298.57891845703125,293.3392639160156,3.2154541015625,-0.2384490966796875,1014.0,91283.546875,268.3315734863281,284.46319580078125,294.6356201171875,0.0017417503986507,0.0055648908019065,0.014198288321495,-2.541473388671875,-7.251556396484375,5.169586181640625,-0.310211181640625,-6.3521270751953125,1.20916748046875
2015-05-10,0,0,298.0184326171875,294.3828125,1.2847747802734375,-0.1304473876953125,1480.25,91278.703125,267.37713623046875,283.886962890625,294.31365966796875,0.0021526897326111,0.0043189451098442,0.0126093253493309,-0.501556396484375,-7.2499542236328125,3.52349853515625,-0.361907958984375,-3.964691162109375,-5.22064208984375
2015-05-10,6,1,303.45782470703125,292.6555480957031,-0.1450958251953125,-1.9163970947265625,586.625,91339.296875,266.614990234375,284.5478820800781,295.9477233886719,0.0026072517503052,0.0049640834331512,0.0129437744617462,-2.0467987060546875,-8.636245727539062,-0.6735076904296875,0.51507568359375,-0.98809814453125,-2.7605133056640625
2015-05-10,12,2,304.2579345703125,290.6867980957031,-1.2559967041015625,1.52545166015625,147.0,91044.46875,267.22906494140625,283.7064208984375,297.8387756347656,0.0041322261095047,0.0089471377432346,0.0103743113577365,-1.5921173095703125,-4.845718383789063,-3.1982879638671875,-1.55438232421875,-3.327255249023437,-0.5908203125
2015-05-10,18,3,298.708251953125,294.156005859375,1.202911376953125,0.99761962890625,1062.375,91322.640625,267.469482421875,283.6028747558594,296.86798095703125,0.0034976531751453,0.0065951161086559,0.0109498612582683,-0.4998321533203125,-9.588531494140623,-2.26080322265625,-3.087860107421875,0.185150146484375,1.000091552734375
2015-05-11,0,0,297.7074890136719,293.6724853515625,0.5298919677734375,0.45458984375,1071.75,91352.34375,266.57574462890625,283.5444030761719,293.3065490722656,0.003380736336112,0.007504042237997,0.01380430534482,-0.4904632568359375,-6.019378662109375,-0.346038818359375,-3.222625732421875,-2.8712921142578125,2.709014892578125
2015-05-11,6,1,303.0863037109375,293.5848693847656,-1.4002227783203125,1.015777587890625,1024.875,91433.4375,267.64678955078125,283.94207763671875,295.508056640625,0.0031465103384107,0.0060144290328025,0.0141339302062988,-1.1385040283203125,-9.374954223632812,-2.456893920898437,-5.0432891845703125,-2.19793701171875,1.113067626953125
2015-05-11,12,2,298.437255859375,292.77752685546875,0.6492919921875,1.8617095947265625,590.375,91353.171875,267.86285400390625,283.34375,293.94921875,0.0043158195912837,0.0079802237451076,0.0123759135603904,-2.05535888671875,-8.12420654296875,-2.336334228515625,-5.744796752929688,-1.834014892578125,4.138458251953125
2015-05-11,18,3,296.9535827636719,293.92462158203125,1.302215576171875,0.91522216796875,893.625,91547.8125,268.5052795410156,283.3094177246094,293.588134765625,0.003426281735301,0.0056319087743759,0.0110558159649372,-7.52374267578125,-12.188766479492188,-1.593780517578125,-3.6358489990234375,-2.116607666015625,5.5034027099609375
2015-05-12,0,0,296.99365234375,293.8983154296875,0.5987396240234375,-1.1932220458984375,550.125,91418.65625,267.99566650390625,282.238037109375,294.788330078125,0.0048332214355468,0.0091892257332801,0.0088525712490081,-5.7967071533203125,-8.67095947265625,-4.794937133789063,5.286666870117188,1.1710357666015625,0.3275299072265625
2015-05-12,6,1,299.5660400390625,291.24432373046875,-2.35784912109375,-0.7741546630859375,1.625,91487.921875,267.8267517089844,283.1039733886719,294.25543212890625,0.0048040635883808,0.0063545405864715,0.0112841203808784,-3.69586181640625,-14.369796752929688,-4.106109619140625,5.6957550048828125,0.020660400390625,-0.9598541259765624
2015-05-12,12,2,302.1432189941406,290.55035400390625,-2.191162109375,-0.7138214111328125,100.5,91138.5,268.1668701171875,283.52685546875,295.4610900878906,0.0049018040299415,0.0086545199155807,0.01278992369771,-1.14990234375,-9.869232177734377,-4.375747680664063,3.3016815185546875,0.2953643798828125,-1.297943115234375
2015-05-12,18,3,297.7593994140625,291.9768371582031,-0.888397216796875,2.0097808837890625,127.0,91473.859375,267.9690856933594,283.5057983398437,293.4552001953125,0.0047018118202686,0.006036028265953,0.013250183314085,-1.39178466796875,-11.953567504882812,-2.33795166015625,-1.2125091552734375,0.3919219970703125,3.2851715087890625
2015-05-13,0,0,295.1011047363281,293.2221069335937,-0.514984130859375,-0.7215576171875,272.375,91302.390625,268.4170837402344,283.38623046875,293.17950439453125,0.0044650379568338,0.0059570856392383,0.0125358365476131,-7.386886596679687,-10.935211181640623,-6.160552978515625,1.23553466796875,2.5319061279296875,0.76788330078125
2015-05-13,6,1,301.6571044921875,292.4530639648437,-2.13067626953125,-0.074859619140625,377.25,91419.9375,269.22564697265625,282.2286376953125,293.36041259765625,0.0048441365361213,0.0083943344652652,0.013876162469387,-6.201812744140625,-9.206405639648438,-3.3988037109375,4.5718994140625,2.2194061279296875,-0.495147705078125
2015-05-13,12,2,298.32379150390625,294.15289306640625,-3.0869293212890625,-0.5671234130859375,184.75,91157.4375,269.34503173828125,283.72088623046875,292.9931640625,0.0053174402564764,0.0094990879297256,0.0119359605014324,-3.1032257080078125,-10.118194580078123,-11.750717163085938,5.5878448486328125,1.86419677734375,-4.517547607421875
2015-05-13,18,3,295.9628601074219,293.3656005859375,-1.25994873046875,0.8800048828125,138.5,91355.890625,269.2630310058594,283.952880859375,292.5799560546875,0.0050544142723083,0.0084219351410865,0.0128355734050273,-2.8095245361328125,-10.071701049804688,-7.877410888671875,2.654296875,1.4343414306640625,2.648101806640625
2015-05-14,0,0,297.0761108398437,293.4034118652344,-0.5786285400390625,-1.97747802734375,215.875,91271.4375,269.3041381835937,283.19146728515625,291.1161499023437,0.0054002348333597,0.0078979358077049,0.0145526379346847,-2.5064697265625,-7.9337158203125,-4.4630279541015625,7.011642456054688,0.8874664306640625,-0.36468505859375
2015-05-14,6,1,301.5821228027344,293.7474365234375,-2.8817138671875,-0.61773681640625,432.0,91394.046875,269.80242919921875,282.6542358398437,293.22625732421875,0.0049951188266277,0.0093036890029907,0.0147167444229125,-0.8347320556640625,-7.7190399169921875,-4.705780029296875,8.625885009765625,0.8754425048828125,-1.054901123046875
2015-05-14,12,2,298.7292785644531,294.91717529296875,-2.02679443359375,-0.321868896484375,109.375,91170.765625,270.1972045898437,284.0355834960937,293.3984375,0.0047275945544242,0.0097587704658508,0.0145979318767786,-2.338119506835937,-6.194137573242188,-4.9401397705078125,6.5997314453125,2.69866943359375,-1.2390289306640625
2015-05-14,18,3,296.8199768066406,295.1091613769531,-2.69049072265625,0.476409912109375,182.875,91432.109375,269.43634033203125,284.6748046875,292.5454406738281,0.0046303952112793,0.0086246393620967,0.0141763649880886,0.502288818359375,-5.8873138427734375,-8.280548095703125,7.52203369140625,1.1613616943359375,0.773834228515625
2015-05-15,0,0,297.9634704589844,294.8417663574219,-1.181732177734375,0.8502197265625,118.25,91309.265625,269.7538452148437,284.1754150390625,291.5030517578125,0.0050821714103221,0.0096579678356647,0.0148364640772342,-0.104705810546875,-6.105636596679688,-4.6161651611328125,5.075439453125,1.6554718017578125,4.130950927734375
2015-05-15,6,1,301.75933837890625,294.18963623046875,-0.8313751220703125,1.6160888671875,503.5,91481.75,270.126708984375,283.2055053710937,293.08258056640625,0.0041063232347369,0.0105582550168037,0.0151199102401733,-1.5356292724609375,-3.923492431640625,-1.80438232421875,3.619430541992188,2.0815582275390625,1.825164794921875
2015-05-15,12,2,299.2250061035156,294.5464172363281,0.3876953125,1.3437652587890625,526.0,91284.078125,269.3085632324219,284.64263916015625,292.4794921875,0.0052745677530765,0.0104076080024242,0.0157887078821659,-0.5694732666015625,1.62225341796875,1.1549072265625,4.9219818115234375,2.9896697998046875,2.3762664794921875
2015-05-15,18,3,296.034423828125,294.8184509277344,-0.9538421630859376,0.206756591796875,345.625,91431.84375,269.16070556640625,285.19305419921875,292.53961181640625,0.0034189953003078,0.0091471783816814,0.015207216143608,-0.037506103515625,-0.097686767578125,0.1472320556640625,7.584930419921875,0.475372314453125,0.91986083984375
2015-05-16,0,0,297.62030029296875,294.7667541503906,-0.7874603271484375,-0.4026336669921875,203.5,91199.078125,270.74053955078125,283.8752746582031,291.2968139648437,0.0030389495659619,0.0105322431772947,0.01497732847929,1.8739776611328125,-2.8101806640625,-1.5833892822265625,4.0667877197265625,-0.3857574462890625,-0.2182769775390625
2015-05-16,6,1,300.67449951171875,294.6204833984375,0.4414215087890625,-0.65533447265625,1300.125,91312.5,269.8465881347656,284.5989074707031,292.3465270996094,0.0039235725998878,0.0093314051628112,0.0158480182290077,-0.716522216796875,-4.188247680664063,-0.340911865234375,0.496124267578125,2.2647247314453125,-1.508270263671875
2015-05-16,12,2,296.44842529296875,294.8509826660156,-1.2634429931640625,2.1574859619140625,644.5,91074.21875,269.2424621582031,284.86053466796875,292.6251220703125,0.0048108473420143,0.0090828314423561,0.0158848725259304,-1.5597076416015625,-3.3939208984375,-5.367095947265625,-3.846160888671875,1.3046417236328125,4.3081817626953125
2015-05-16,18,3,294.5367431640625,293.8514404296875,1.9001617431640625,0.6328277587890625,224.25,91225.375,269.2408142089844,284.65704345703125,293.0087280273437,0.004986148327589,0.0082664340734481,0.0148980692028999,-4.86297607421875,-1.6470947265625,1.9264984130859373,-4.0772552490234375,-0.2072296142578125,1.8500213623046875
2015-05-17,0,0,295.6998291015625,294.14569091796875,0.6101531982421875,-0.4933319091796875,173.625,91089.71875,269.536865234375,283.6322021484375,291.9083251953125,0.0045344568789005,0.0097464211285114,0.0149746872484683,-2.974365234375,-2.278656005859375,2.394149780273437,-0.5931549072265625,-3.972213745117188,-3.547882080078125
2015-05-17,6,1,301.0523376464844,294.749267578125,2.002197265625,0.13128662109375,654.875,91267.296875,270.3074951171875,282.91632080078125,292.7699279785156,0.0042910985648632,0.0102687142789363,0.0153284259140491,-1.6529388427734375,-3.37469482421875,2.102157592773437,-0.769561767578125,-3.0589141845703125,-0.678192138671875
2015-05-17,12,2,300.9691772460937,294.386474609375,1.6785125732421875,-0.1617279052734375,936.75,90929.890625,268.80078125,284.21014404296875,294.7332458496094,0.0053956862539052,0.0092416293919086,0.0151309892535209,0.888458251953125,-4.023971557617188,3.183502197265625,-3.651443481445313,-4.459259033203125,-1.63330078125
2015-05-17,18,3,295.3427429199219,294.05621337890625,1.9765777587890625,2.0892486572265625,535.5,91333.234375,269.2021789550781,284.06365966796875,292.6453552246094,0.0048144161701202,0.0091643817722797,0.0150267593562603,-0.5012359619140625,-4.211151123046875,3.20367431640625,-6.6593170166015625,-3.717071533203125,0.5363616943359375
2015-05-18,0,0,295.7625427246094,293.6635131835937,2.209075927734375,0.3773040771484375,234.0,91115.15625,269.8949584960937,284.255859375,293.73602294921875,0.0023925406858325,0.0084947422146797,0.0144326016306877,-2.7320556640625,-4.841766357421875,3.319000244140625,-0.03369140625,-4.6165313720703125,-0.9549713134765624
2015-05-18,6,1,302.29931640625,295.0712280273437,2.7450408935546875,-0.392547607421875,1529.0,91333.21875,269.005615234375,284.6037292480469,293.67633056640625,0.0042758211493492,0.006260085850954,0.0159967131912708,0.464019775390625,-4.324615478515625,3.742462158203125,1.9200286865234373,-6.3317718505859375,-0.977294921875
2015-05-18,12,2,302.62091064453125,295.0197448730469,-0.6163787841796875,0.8603363037109375,941.5,91049.765625,269.26934814453125,284.6414489746094,295.4438171386719,0.0047989152371883,0.0081391148269176,0.0149515457451343,1.592926025390625,-6.034469604492188,0.3750762939453125,-2.538803100585937,-6.5049591064453125,-1.4855499267578125
2015-05-18,18,3,295.6805114746094,293.8427124023437,2.3517303466796875,0.1558380126953125,343.625,91347.359375,269.0494079589844,285.5966796875,294.689208984375,0.0042086113244295,0.0068313777446746,0.0145047083497047,-4.9976348876953125,-7.5853271484375,3.8871917724609375,-6.644622802734375,-3.47210693359375,-2.191925048828125
2015-05-19,0,0,296.3304138183594,294.0317077636719,1.9219818115234373,0.66925048828125,126.875,91174.0625,268.60919189453125,285.7343139648437,296.2284545898437,0.0014729900285601,0.0057557672262191,0.0124616548418998,-6.172775268554688,-8.467300415039062,1.1725921630859375,0.443939208984375,-6.2947845458984375,-2.3147430419921875
2015-05-19,6,1,302.5003662109375,295.08563232421875,3.8209381103515625,-0.15423583984375,934.625,91390.0625,269.2798767089844,285.683349609375,294.3039855957031,0.0028708255849778,0.0070378892123699,0.0151049792766571,-6.2061614990234375,-8.010360717773438,5.506256103515625,-0.07391357421875,-6.1900634765625,-0.59344482421875
2015-05-19,12,2,302.4682006835937,296.3620910644531,0.9383392333984376,-0.77020263671875,2071.5,91163.828125,269.0240478515625,284.7423095703125,295.17041015625,0.0041096545755863,0.0093048065900802,0.0158886760473251,-7.530166625976562,-7.4123687744140625,3.8930816650390634,-1.6394195556640625,-4.52740478515625,-1.726959228515625
2015-05-19,18,3,296.1649780273437,294.6677551269531,2.7397003173828125,0.9018707275390624,1156.75,91390.515625,268.581298828125,285.5809631347656,294.75506591796875,0.0031714178621768,0.0086136870086193,0.0154103953391313,-13.23272705078125,-6.2979736328125,7.0508880615234375,-2.711395263671875,-4.035675048828125,-1.031982421875
2015-05-20,0,0,296.94317626953125,294.6051025390625,2.1236724853515625,-0.6877899169921875,788.0,91257.640625,268.0520324707031,286.63299560546875,296.6359558105469,0.000845976639539,0.0051229335367679,0.0123947747051715,-9.725173950195312,-9.159378051757812,3.9334869384765625,0.2137451171875,-5.465133666992188,-4.605514526367188
2015-05-20,6,1,302.8267822265625,294.2719116210937,3.5584869384765625,-0.506317138671875,1278.875,91439.46875,267.5976867675781,287.09051513671875,294.491455078125,0.0007837512530386,0.0064215492457151,0.0149400644004344,-9.265487670898438,-9.13226318359375,5.5369720458984375,3.3337554931640625,-5.31280517578125,-2.0218658447265625
2015-05-20,12,2,304.56005859375,295.81268310546875,1.68658447265625,-0.9508819580078124,1537.875,91217.203125,269.0602111816406,285.6744384765625,297.23468017578125,0.0019117877818644,0.0085430219769477,0.0147007070481777,-4.9202880859375,-2.678924560546875,2.6777801513671875,-2.741302490234375,-3.2211456298828125,-1.67388916015625
2015-05-20,18,3,297.93878173828125,295.4608764648437,2.89453125,1.28997802734375,1282.5,91407.984375,268.86407470703125,286.9850769042969,296.4888610839844,0.0019600873347371,0.0071041956543922,0.013637326657772,-6.3350982666015625,-6.49200439453125,5.6934967041015625,-3.1848297119140625,-6.606704711914063,0.460784912109375
2015-05-21,0,0,297.7767028808594,295.6181030273437,3.322540283203125,0.6499481201171875,983.125,91294.53125,267.9931030273437,286.7301940917969,296.1094970703125,0.0008795659523457,0.0080335810780525,0.013084203004837,-7.712249755859375,-7.030914306640625,8.143936157226562,-0.9257965087890624,-3.378280639648437,0.357452392578125
2015-05-21,6,1,302.40753173828125,294.803466796875,4.7808990478515625,0.100189208984375,1188.125,91473.90625,268.49151611328125,286.6246337890625,294.1903686523437,0.0005324333906173,0.0080837868154048,0.0152462180703878,-8.410400390625,-6.447906494140625,7.689697265625,1.3395843505859375,-3.562240600585937,-0.589813232421875
2015-05-21,12,2,304.30914306640625,295.1759033203125,3.0009765625,-0.5175628662109375,1321.625,91184.71875,270.01934814453125,286.57183837890625,297.2006225585937,0.0002684858627617,0.0078505128622055,0.0149343647062778,-8.157394409179688,-3.594818115234375,6.42742919921875,-0.45880126953125,-4.34466552734375,-1.077850341796875
2015-05-21,18,3,298.1043395996094,295.84185791015625,3.9251861572265625,0.7725677490234375,1382.125,91501.1875,268.2686767578125,286.81317138671875,294.92205810546875,0.0017188368365168,0.0066595301032066,0.0153512693941593,-5.972900390625,-3.298858642578125,8.61328125,-1.3729248046875,-2.1668853759765625,-0.5883636474609375
2015-05-22,0,0,298.05596923828125,296.07672119140625,3.4575958251953125,0.47088623046875,1315.75,91336.625,267.99273681640625,285.95196533203125,295.6663513183594,0.00116568361409,0.0082225352525711,0.0134429559111595,-6.692153930664063,-3.551620483398437,7.144088745117188,-3.17529296875,-1.5684967041015625,-0.3319091796875
2015-05-22,6,1,302.3817138671875,295.43359375,3.7408599853515625,0.26513671875,1854.125,91479.140625,269.12725830078125,286.00457763671875,294.7889709472656,0.0003617508336901,0.0078130513429641,0.0158052705228328,-8.132568359375,-3.6036224365234375,5.73431396484375,-0.0217437744140625,0.6128997802734375,-0.25323486328125
2015-05-22,12,2,304.46002197265625,295.72467041015625,3.448699951171875,0.06402587890625,1451.5,91176.5,269.45904541015625,285.96075439453125,296.7128295898437,0.0008797149639576,0.0075547397136688,0.0147517994046211,-6.087738037109375,-0.8943023681640625,7.1888275146484375,-1.9185791015625,-0.75714111328125,-1.4287109375
2015-05-22,18,3,298.72906494140625,297.28924560546875,3.575469970703125,1.5265655517578125,1786.625,91497.859375,268.0333557128906,285.94012451171875,294.765380859375,0.0017362157814204,0.0078582130372524,0.0159843638539314,-3.884674072265625,-1.5192413330078125,7.2902679443359375,-2.1346588134765625,-2.5539093017578125,-0.014373779296875
2015-05-23,0,0,297.94586181640625,295.1730041503906,3.544677734375,1.185699462890625,848.625,91342.28125,268.03857421875,286.1483764648437,295.5998229980469,0.0011462371330708,0.0075276009738445,0.0126523524522781,-4.945465087890625,-1.984130859375,8.868804931640625,-2.3506622314453125,-0.90460205078125,0.5239105224609375
2015-05-23,6,1,302.39361572265625,295.05517578125,4.14459228515625,-1.4465789794921875,1266.75,91431.265625,268.9607849121094,285.9356689453125,294.50421142578125,0.0009431091602891,0.0077475383877754,0.0150070488452911,-4.623565673828125,-1.5771331787109375,6.669403076171875,-0.523468017578125,-0.573699951171875,-2.320220947265625
2015-05-23,12,2,301.31170654296875,296.58062744140625,3.645462036132813,0.4145050048828125,1065.25,91289.140625,268.666748046875,284.96295166015625,295.6889038085937,0.0017819628119468,0.0090496465563774,0.0141513049602508,-4.1262054443359375,-0.0840606689453125,7.01898193359375,-1.967010498046875,-4.0450286865234375,-1.434783935546875
2015-05-23,18,3,297.94921875,295.63336181640625,3.57781982421875,1.5789337158203125,1250.0,91480.21875,267.9012451171875,285.52996826171875,294.71270751953125,0.0016013942658901,0.007815383374691,0.0141213163733482,-1.526397705078125,-0.0227813720703125,9.104629516601562,-0.496673583984375,-2.174560546875,-0.024932861328125
2015-05-24,0,0,297.97137451171875,295.48388671875,3.3692169189453125,0.651031494140625,853.0,91403.515625,268.0863037109375,285.1801147460937,295.5890808105469,0.0009509557858109,0.0082171037793159,0.0110439918935298,0.7498779296875,-0.9367218017578124,8.586776733398438,0.0186614990234375,-1.1014556884765625,-0.93060302734375
2015-05-24,6,1,303.30352783203125,295.0514831542969,4.32550048828125,-1.0009613037109375,761.25,91529.484375,268.880615234375,285.2396240234375,294.38604736328125,0.0005512274801731,0.0080306604504585,0.0140418037772178,0.743865966796875,0.2430267333984375,6.9811553955078125,-2.469329833984375,-1.3795928955078125,-2.0084228515625
2015-05-24,12,2,303.4427795410156,294.150634765625,2.7740631103515625,-0.8669891357421875,565.25,91212.171875,268.83062744140625,285.72772216796875,297.9902648925781,0.0006291051395237,0.0075061954557895,0.012372612953186,0.777130126953125,1.6365203857421875,6.1532745361328125,-3.076766967773437,-2.090667724609375,-4.349884033203125
2015-05-24,18,3,298.73779296875,294.9110107421875,3.715896606445313,1.8662109375,897.875,91492.828125,267.83209228515625,285.715087890625,294.91217041015625,0.0009760095272213,0.0055156089365482,0.0144938752055168,-1.3624114990234375,3.133209228515625,9.17755126953125,-4.73919677734375,-2.564437866210937,0.0499725341796875
2015-05-25,0,0,297.9511108398437,294.96099853515625,3.4481658935546875,0.09454345703125,863.875,91416.25,267.6285400390625,284.841064453125,295.1142578125,0.0009064553305506,0.0050364397466182,0.0107710249722003,-1.333984375,2.90576171875,9.448471069335938,-2.16778564453125,-3.45953369140625,-1.0892181396484375
2015-05-25,6,1,302.72271728515625,293.6566162109375,4.48883056640625,-1.4602813720703125,475.75,91493.90625,268.6234741210937,285.32574462890625,294.5370483398437,0.0007604234851896,0.0043049752712249,0.0137482993304729,0.26153564453125,2.910064697265625,7.158981323242188,-0.4798126220703125,-4.302581787109375,-2.565155029296875
2015-05-25,12,2,305.035888671875,293.38720703125,2.417709350585937,-0.9700927734375,101.5,91249.359375,268.7543029785156,285.73895263671875,297.7616577148437,0.0005733543075621,0.0042042043060064,0.0118390992283821,2.7217559814453125,2.0709991455078125,5.57708740234375,-2.8302764892578125,-2.94970703125,-3.040557861328125
2015-05-25,18,3,299.1132202148437,294.359619140625,3.423095703125,0.271240234375,438.0,91478.578125,268.57196044921875,286.32891845703125,295.4346923828125,0.0004302249290049,0.002870890777558,0.0126516371965408,1.0592803955078125,2.212554931640625,7.78582763671875,-3.5324249267578125,-1.7098236083984375,-2.57635498046875
2015-05-26,0,0,297.37109375,293.948486328125,3.289657592773437,1.3122711181640625,35.25,91399.515625,268.1088256835937,284.6658935546875,295.6471252441406,0.0003739928361028,0.0039729923009872,0.0093948617577552,0.727386474609375,-0.0734100341796875,7.3383331298828125,-1.6060028076171875,-1.960479736328125,0.34698486328125
2015-05-26,6,1,301.8861083984375,293.8732604980469,3.889358520507813,-0.741851806640625,492.0,91545.46875,267.3704833984375,284.8519287109375,294.1119384765625,0.0003868106286972,0.0041880612261593,0.013672612607479,0.6482086181640625,-2.61376953125,6.0289459228515625,-2.463485717773437,-2.1720123291015625,-1.32037353515625
2015-05-26,12,2,304.9410400390625,292.9463806152344,1.622344970703125,-0.989471435546875,222.0,91199.875,267.8798217773437,284.96514892578125,297.59881591796875,0.001361628063023,0.0056799389421939,0.0122241079807281,-5.539337158203125,-1.227935791015625,3.3317413330078125,-5.25286865234375,-1.692047119140625,-2.326812744140625
2015-05-26,18,3,299.08013916015625,293.49591064453125,2.899078369140625,0.30450439453125,543.125,91459.359375,267.3102722167969,284.8570556640625,295.6424255371094,0.0021616662852466,0.0075473971664905,0.0132635049521923,-7.788650512695312,-4.393768310546875,6.1895599365234375,-3.786422729492188,-2.2926483154296875,-2.448638916015625
2015-05-27,0,0,297.78875732421875,295.35528564453125,2.9818878173828125,0.6262054443359375,923.5,91326.03125,266.0711669921875,284.99169921875,295.053955078125,0.0022891694679856,0.007631778717041,0.0128345824778079,-8.042770385742188,-5.2625579833984375,7.441802978515625,-2.0851287841796875,-6.028366088867188,-0.2132720947265625
2015-05-27,6,1,301.87890625,294.2287902832031,3.97235107421875,0.2028350830078125,1041.0,91512.390625,266.795166015625,284.3323974609375,294.39324951171875,0.0031689079478383,0.0083133578300476,0.0140987671911716,-7.5048370361328125,-2.313095092773437,6.760787963867188,-0.5963592529296875,-5.0203704833984375,-0.243072509765625
2015-05-27,12,2,301.2596740722656,293.427001953125,4.219512939453125,-0.825286865234375,927.75,91174.90625,268.29541015625,285.2583312988281,295.0233154296875,0.0020749666728079,0.0077849179506301,0.0145891606807708,-6.65625,-3.3769989013671875,9.285507202148438,-2.6948699951171875,-5.881271362304688,-2.4305877685546875
2015-05-27,18,3,294.89678955078125,292.3827819824219,1.7987213134765625,1.689056396484375,1118.75,91404.0,266.91705322265625,285.4447631835937,293.98468017578125,0.0035550016909837,0.0090187843888998,0.0145508609712123,-2.116317749023437,-6.2753753662109375,5.2923126220703125,-4.8521575927734375,-6.8138580322265625,1.059906005859375
2015-05-28,0,0,295.3384704589844,292.6708068847656,2.5021514892578125,0.2844696044921875,1005.0,91250.59375,267.088134765625,284.6747131347656,294.703125,0.0039848769083619,0.0093279629945755,0.012710403650999,-7.646682739257812,-3.7413177490234375,4.765426635742188,-4.771774291992188,-5.437515258789063,0.9522857666015624
2015-05-28,6,1,299.3677062988281,291.8545227050781,4.0977935791015625,-0.29931640625,862.5,91412.890625,267.1156616210937,284.8905029296875,294.4496459960937,0.0043323654681444,0.0090114995837211,0.0124008320271968,-7.816116333007812,-5.8070220947265625,5.5816802978515625,-0.7178955078125,-5.7094573974609375,-1.275482177734375
2015-05-28,12,2,300.7136535644531,294.46923828125,2.5437164306640625,-0.977203369140625,758.75,91128.25,267.1141357421875,285.57891845703125,294.983642578125,0.0044633541256189,0.008640568703413,0.014249887317419,-6.3634185791015625,-2.8165283203125,4.342498779296875,1.7220916748046875,-2.60614013671875,-2.410858154296875
2015-05-28,18,3,297.30743408203125,293.927490234375,1.3848419189453125,0.99151611328125,576.75,91270.6875,267.53399658203125,285.3707275390625,295.9962158203125,0.0042632110416889,0.0087160803377628,0.013370931148529,-6.0608673095703125,-5.6333770751953125,5.080581665039063,0.0165863037109375,-2.5266876220703125,-3.819580078125
2015-05-29,0,0,297.46319580078125,294.2582397460937,1.619873046875,0.36004638671875,655.5,91176.96875,267.1017761230469,285.360595703125,294.612548828125,0.0038587015587836,0.0081720128655433,0.0139297619462013,-6.57989501953125,-6.7151641845703125,4.624191284179688,-2.8039093017578125,-1.5507965087890625,-1.4569244384765625
2015-05-29,6,1,302.2212219238281,295.3192443847656,3.17401123046875,0.11279296875,2047.5,91331.09375,268.046630859375,284.9266357421875,295.2953491210937,0.0030735207255929,0.008158653974533,0.0157096572220325,-9.10491943359375,-5.597457885742188,4.3712158203125,-2.831024169921875,-2.0372314453125,-0.4412078857421875
2015-05-29,12,2,299.4664306640625,295.0368347167969,0.843719482421875,-1.16485595703125,1944.25,91168.75,267.97540283203125,284.85760498046875,295.23980712890625,0.0044055394828319,0.0076829455792903,0.0149029605090618,-6.4473419189453125,-3.639129638671875,5.0586700439453125,-2.3495025634765625,-1.8141632080078125,-1.659759521484375
2015-05-29,18,3,294.89532470703125,293.5831298828125,3.539413452148437,-0.9764556884765624,1556.75,91449.234375,267.49462890625,285.523193359375,292.8910522460937,0.0040308563038706,0.0071606766432523,0.0161893442273139,-6.610565185546875,-8.883163452148438,8.336044311523438,-2.891693115234375,-1.2212371826171875,-5.85504150390625
2015-05-30,0,0,296.1366577148437,293.3309936523437,1.6357574462890625,-1.5334320068359375,400.75,91235.40625,269.04376220703125,285.6918640136719,294.3924255371094,0.0023441629018634,0.004331924021244,0.0141940936446189,-7.9778289794921875,-9.493011474609377,3.3805084228515625,-0.66131591796875,0.120880126953125,-6.89678955078125
2015-05-30,6,1,302.3188171386719,294.06378173828125,0.52203369140625,-3.4353790283203125,1679.25,91348.015625,269.0004577636719,285.32916259765625,295.3605651855469,0.0014617552515119,0.0056993663311004,0.0152455568313598,-6.4200592041015625,-7.635772705078125,0.6103515625,-0.1502685546875,1.4465484619140625,-5.1723175048828125
2015-05-30,12,2,305.3755187988281,293.19061279296875,-1.289276123046875,0.984100341796875,462.0,91068.0625,269.1387939453125,284.47314453125,297.78192138671875,0.0013979575596749,0.0081734098494052,0.0127808637917041,-4.461441040039063,-2.734649658203125,-1.2578277587890625,-2.803466796875,-1.5899658203125,-1.1531829833984375
2015-05-30,18,3,296.6963806152344,294.6707458496094,1.44659423828125,1.297119140625,729.75,91335.328125,268.57354736328125,285.5426025390625,295.2664794921875,0.0017446805723011,0.007041048258543,0.0136210992932319,-7.1510772705078125,-5.6737823486328125,2.41070556640625,-5.388763427734375,-2.215576171875,2.669158935546875
2015-05-31,0,0,297.24981689453125,294.9862670898437,2.166412353515625,0.87774658203125,1087.25,91215.453125,268.505126953125,285.1069030761719,295.2567138671875,0.0016000794712454,0.0064145401120185,0.0128108821809291,-7.1255645751953125,-6.03253173828125,5.8004302978515625,-5.952667236328125,-2.8695068359375,0.206787109375
2015-05-31,6,1,302.65069580078125,295.3844299316406,2.9405670166015625,-0.245025634765625,2163.5,91300.828125,268.2884521484375,284.824951171875,295.3007202148437,0.0005775280296802,0.0090881772339344,0.0156221948564052,-8.488555908203125,-6.891693115234375,4.2167510986328125,-4.450363159179688,-4.3957061767578125,-0.863037109375
2015-05-31,12,2,303.169677734375,294.67364501953125,-0.0224609375,0.0509490966796875,2237.5,90935.25,269.857666015625,285.00457763671875,296.7760925292969,0.0031480863690376,0.0101569630205631,0.0158422030508518,-5.95623779296875,-3.58563232421875,1.6619720458984375,-5.21875,-4.34368896484375,-1.4468994140625
2015-05-31,18,3,294.811279296875,293.497314453125,1.5372314453125,-1.7675323486328125,1613.25,91337.78125,267.83819580078125,284.635498046875,293.4179077148437,0.0047363527119159,0.0086586847901344,0.0160867422819137,-6.4644317626953125,-5.2393341064453125,6.113082885742188,-3.501495361328125,-2.5559234619140625,-6.15277099609375
2015-06-01,0,0,295.8557434082031,293.4129638671875,2.78350830078125,1.07806396484375,338.875,91040.71875,268.1785888671875,285.4886474609375,293.6401672363281,0.0042544044554233,0.0076297000050544,0.0142704881727695,-5.3419189453125,-4.716842651367188,7.563613891601562,-0.765167236328125,0.950653076171875,-2.078338623046875
2015-06-01,6,1,299.5665283203125,293.1693115234375,1.299285888671875,-1.2907867431640625,1026.75,91234.078125,268.0540466308594,285.041015625,295.0072021484375,0.0042689517140388,0.0081394016742706,0.0122414678335189,-4.55419921875,-3.4288330078125,2.8219451904296875,0.93792724609375,1.0657196044921875,-3.153564453125
2015-06-01,12,2,302.53094482421875,294.2962646484375,-1.59893798828125,-0.3960723876953125,878.75,91169.0625,268.2471618652344,283.49200439453125,294.264404296875,0.0041541494429111,0.0090113617479801,0.0136162713170051,-0.131439208984375,1.14154052734375,-2.591583251953125,-0.135711669921875,-1.047210693359375,-2.990325927734375
2015-06-01,18,3,296.1241455078125,294.3475952148437,1.56878662109375,0.887359619140625,930.5,91319.3125,268.13720703125,284.41021728515625,294.734375,0.0042495317757129,0.0073233172297477,0.0133650861680507,-3.5088043212890625,0.75799560546875,2.33740234375,-0.9596710205078124,0.652008056640625,0.7680816650390625
2015-06-02,0,0,295.4701538085937,294.1932373046875,2.992660522460937,0.7028045654296875,471.625,91234.578125,267.19781494140625,285.2861328125,292.2621765136719,0.0042129829525947,0.0069152079522609,0.0141390226781368,-4.031036376953125,-1.59124755859375,7.7035980224609375,-1.188629150390625,-3.441802978515625,-0.1359100341796875
2015-06-02,6,1,301.59820556640625,294.0614624023437,3.1819305419921875,-1.5060577392578125,330.25,91433.21875,267.8211364746094,283.9688720703125,293.322509765625,0.0039350818842649,0.0079489313066005,0.0139414630830287,-1.80401611328125,-1.1874237060546875,4.6374053955078125,0.1109466552734375,-1.7135467529296875,-2.38055419921875
2015-06-02,12,2,302.2510681152344,294.2211303710937,2.067047119140625,-0.642852783203125,1113.0,91189.390625,268.1419372558594,283.6705322265625,294.82965087890625,0.0041256584227085,0.0092424638569355,0.01492790132761,-1.5280609130859375,-0.7720947265625,3.0878143310546875,0.0326995849609375,-2.328704833984375,-2.080307006835937
2015-06-02,18,3,295.7529296875,293.9230041503906,1.92364501953125,0.08746337890625,743.25,91410.34375,268.2955322265625,284.0731201171875,294.1014404296875,0.0043049529194831,0.0087252296507358,0.0139216184616088,-1.232086181640625,-3.03314208984375,4.9853057861328125,-0.5587005615234375,-2.998443603515625,-1.5469512939453125
2015-06-03,0,0,295.782958984375,293.90191650390625,1.69354248046875,0.325897216796875,222.75,91204.0625,268.3281555175781,283.86016845703125,294.3143310546875,0.0043868087232112,0.0082603245973587,0.0113254413008689,2.132797241210937,-2.137191772460937,3.800216674804688,1.0070953369140625,-3.624725341796875,-3.361175537109375
2015-06-03,6,1,301.4522705078125,294.2601318359375,2.25860595703125,-1.3326263427734375,818.875,91364.09375,268.5841369628906,283.71221923828125,293.2313842773437,0.0036643168423324,0.0089824832975864,0.014453899115324,-0.6942138671875,-2.1160888671875,3.34136962890625,-1.0213775634765625,-2.7847137451171875,-2.35101318359375
2015-06-03,12,2,303.01629638671875,295.01544189453125,0.892303466796875,-0.954803466796875,1059.125,91027.96875,269.0368347167969,284.31884765625,295.5612487792969,0.0039263218641281,0.0092955604195594,0.0150450803339481,-1.4688262939453125,-2.3465118408203125,1.3144378662109375,1.94146728515625,-1.5803985595703125,-2.1392059326171875
2015-06-03,18,3,296.4342041015625,294.55059814453125,1.3568572998046875,1.6314849853515625,601.625,91266.328125,268.85760498046875,283.853515625,293.2819519042969,0.0042913071811199,0.0099411681294441,0.0146753899753093,-2.963043212890625,-3.8838043212890634,2.146759033203125,3.3699951171875,-1.3092803955078125,1.448211669921875
2015-06-04,0,0,296.41339111328125,294.58905029296875,0.596527099609375,0.7176971435546875,324.0,91192.71875,267.9565124511719,283.12615966796875,293.7684326171875,0.0039548687636852,0.0100782737135887,0.0137498155236244,-1.485107421875,-5.308837890625,-1.1584014892578125,5.46673583984375,-0.41802978515625,0.5654296875
2015-06-04,6,1,301.20025634765625,296.1083984375,-0.448638916015625,0.80029296875,1577.5,91308.46875,268.67877197265625,283.0982666015625,294.0557556152344,0.0044436231255531,0.0092750862240791,0.015436828136444,-1.4972686767578125,-5.9121856689453125,-1.3240509033203125,6.5848236083984375,2.335189819335937,1.01116943359375
2015-06-04,12,2,299.114013671875,295.67803955078125,2.566131591796875,0.90655517578125,1934.25,91097.609375,269.880615234375,284.21533203125,293.8269958496094,0.0036946041509509,0.0088907405734062,0.0156957060098648,-2.384750366210937,-4.278732299804688,1.245330810546875,6.0733642578125,3.7241058349609375,2.5981903076171875
2015-06-04,18,3,294.757080078125,293.85186767578125,1.052825927734375,0.5833740234375,495.25,91391.125,268.6085205078125,284.4486694335937,293.36053466796875,0.0036740908399224,0.0085258856415748,0.014747854322195,-5.4613037109375,-1.376495361328125,3.59051513671875,6.498794555664063,2.8296051025390625,2.573150634765625
2015-06-05,0,0,296.5516967773437,294.55474853515625,1.6085357666015625,0.644073486328125,401.125,91264.609375,268.4739685058594,283.67095947265625,293.741943359375,0.0033296113833785,0.0087462440133094,0.0132889859378337,-3.940261840820313,-0.2815399169921875,4.690673828125,7.668853759765625,2.3171844482421875,1.673370361328125
2015-06-05,6,1,300.4876708984375,294.5022888183594,2.636627197265625,0.3500823974609375,1300.375,91415.15625,269.0292053222656,283.9002380371094,293.0826416015625,0.0027162397745996,0.0089172981679439,0.0154189467430114,-4.232345581054688,-0.2191009521484375,3.8632965087890634,3.1370086669921875,2.504135131835937,0.34002685546875
2015-06-05,12,2,301.37359619140625,295.0438232421875,2.534332275390625,0.220367431640625,884.75,91197.9375,269.31414794921875,283.75958251953125,293.94073486328125,0.0026418447960168,0.0089814402163028,0.0146368741989135,-2.484649658203125,1.1286773681640625,5.8822174072265625,1.8427276611328125,2.001815795898437,0.61810302734375
2015-06-05,18,3,296.5913391113281,294.43896484375,1.4087677001953125,0.950439453125,926.75,91437.5,268.07684326171875,284.6034851074219,293.91705322265625,0.0029879035428166,0.0078704133629798,0.0139935202896595,-1.0327606201171875,2.842987060546875,4.18359375,1.1437835693359375,1.37017822265625,0.5273284912109375
2015-06-06,0,0,296.9716796875,294.14190673828125,1.83673095703125,0.91949462890625,50.0,91201.375,268.72515869140625,285.26055908203125,293.71759033203125,0.0031335663516074,0.0071446970105171,0.0118906274437904,-2.2964019775390625,1.8658447265625,4.751129150390625,2.822982788085937,2.9976043701171875,1.82659912109375
2015-06-06,6,1,301.6571044921875,293.84490966796875,3.1289825439453125,0.5695037841796875,218.125,91347.296875,267.8284912109375,284.5312805175781,293.6558837890625,0.0034017015714198,0.0075634308159351,0.0135688185691833,-1.9756927490234373,0.741180419921875,4.9253692626953125,3.410858154296875,4.3735198974609375,0.8022308349609375
2015-06-06,12,2,303.3705444335937,294.1058959960937,-0.206817626953125,1.0922088623046875,277.625,91096.234375,268.8209228515625,284.50537109375,295.94970703125,0.0028260315302759,0.0082409642636775,0.0134032033383846,3.580810546875,1.538238525390625,-0.348907470703125,3.227890014648437,3.330780029296875,0.9787139892578124
2015-06-06,18,3,298.1580810546875,293.5570678710937,0.430450439453125,1.4639739990234375,160.5,91320.640625,269.16668701171875,285.17877197265625,293.984130859375,0.0029543014243245,0.0083340108394622,0.0135381259024143,4.9705963134765625,-0.06536865234375,2.026336669921875,1.4577789306640625,3.795318603515625,5.0147247314453125
2015-06-07,0,0,297.5237731933594,293.82275390625,2.2838134765625,1.2998199462890625,36.5,91238.328125,268.96630859375,284.53326416015625,293.1871337890625,0.0033037532120943,0.0083746798336505,0.0119939222931861,0.6775665283203125,2.6862335205078125,6.47998046875,-0.95166015625,3.90264892578125,4.168365478515625
2015-06-07,6,1,301.51031494140625,293.80694580078125,2.850204467773437,2.458984375,275.75,91274.078125,268.80438232421875,285.32232666015625,293.51593017578125,0.0033337387721985,0.0064805895090103,0.0139341615140438,0.743438720703125,3.438079833984375,4.364227294921875,2.033538818359375,3.363372802734375,3.921096801757813
2015-06-07,12,2,302.8818359375,294.16455078125,2.27557373046875,1.2889556884765625,210.25,91062.03125,269.5807800292969,284.2983703613281,295.52947998046875,0.0029881799127906,0.0085513181984424,0.0133382119238376,-0.875701904296875,3.0330047607421875,5.5738372802734375,3.019515991210937,2.6262969970703125,2.69708251953125
2015-06-07,18,3,297.3998413085937,293.9605712890625,1.4667510986328125,1.813690185546875,64.125,91330.0625,268.8135986328125,284.697265625,293.8979187011719,0.0039376970380544,0.0086632780730724,0.0131754651665687,-0.65826416015625,1.3542938232421875,3.1539459228515625,1.9874114990234373,3.95379638671875,6.3982696533203125
2015-06-08,0,0,297.1410217285156,294.2163391113281,3.0975341796875,1.251800537109375,0.5,91208.96875,268.4683837890625,284.71124267578125,292.7154541015625,0.0041245236061513,0.00798761844635,0.0127712301909923,1.3211822509765625,1.1034393310546875,7.004638671875,2.818939208984375,4.1335296630859375,6.018463134765625
2015-06-08,6,1,301.07989501953125,294.3299865722656,3.318710327148437,2.399398803710937,74.75,91350.71875,269.5743713378906,284.6469116210937,293.41143798828125,0.0030355851631611,0.0073538944125175,0.0136045962572097,1.27716064453125,2.0402374267578125,5.0103302001953125,4.2940521240234375,4.5331573486328125,3.683807373046875
2015-06-08,12,2,301.4657897949219,294.37969970703125,2.9568023681640625,1.697509765625,621.75,91184.796875,268.9598083496094,283.824951171875,294.115234375,0.0034665230195969,0.0083913467824459,0.014357317239046,1.4696807861328125,2.882293701171875,6.3620147705078125,0.8609161376953125,2.0509796142578125,3.934661865234375
2015-06-08,18,3,296.1673583984375,293.2962646484375,3.7586517333984375,1.514862060546875,0.0,91484.90625,269.2166442871094,284.051513671875,291.9378662109375,0.0034993079025298,0.0081462040543556,0.0130540505051612,-0.0195770263671875,3.3513336181640625,11.032501220703123,0.3974761962890625,2.4615020751953125,4.203414916992188
2015-06-09,0,0,296.0606689453125,293.83282470703125,2.652740478515625,0.531036376953125,7.75,91325.6875,267.76055908203125,284.52984619140625,291.99530029296875,0.0040407665073871,0.0077804960310459,0.0129129588603973,0.8719940185546875,6.154022216796875,10.688644409179688,5.588882446289063,4.278854370117188,0.6097869873046875
2015-06-09,6,1,301.2414245605469,293.05975341796875,4.36517333984375,0.5190277099609375,60.25,91488.46875,268.8021240234375,284.05841064453125,293.1923828125,0.0032538624946027,0.0081004463136196,0.0131939053535461,0.999053955078125,5.303955078125,7.353790283203125,4.36865234375,2.35296630859375,0.7633819580078125
2015-06-09,12,2,299.3694763183594,293.0494384765625,2.6587677001953125,1.0012054443359375,344.125,91228.90625,269.2003173828125,284.5083923339844,294.207763671875,0.0035941749811172,0.0091529600322246,0.0134346298873424,2.554290771484375,9.245071411132812,6.775924682617188,-1.360443115234375,0.4720611572265625,0.6099395751953125
2015-06-09,18,3,295.5394287109375,292.923828125,3.602020263671875,0.786834716796875,118.125,91532.59375,269.42236328125,283.29510498046875,291.1574401855469,0.0037045825738459,0.0094999661669135,0.0142287202179431,0.568603515625,7.4285888671875,11.915191650390623,-1.345306396484375,-0.7802734375,1.7802886962890625
2015-06-10,0,0,296.68853759765625,293.83575439453125,3.648147583007813,0.8210906982421875,107.0,91367.375,268.8869323730469,283.59771728515625,290.8719482421875,0.0038623907603323,0.0092470981180667,0.0139726586639881,0.1038818359375,5.4376983642578125,11.013504028320312,0.0600738525390625,-1.5236968994140625,-0.69659423828125
2015-06-10,6,1,300.62945556640625,292.748291015625,4.23651123046875,-0.4295806884765625,111.5,91387.984375,268.8264465332031,284.7911376953125,293.3131408691406,0.0037904109340161,0.0085794981569051,0.0140182860195636,0.0211181640625,7.1552581787109375,6.5912933349609375,-1.6370697021484375,-1.7651824951171875,-1.7346343994140625
2015-06-10,12,2,304.39404296875,292.7814636230469,2.6854400634765625,-0.604156494140625,186.375,91062.34375,268.7231750488281,285.5721435546875,296.6752014160156,0.004505917429924,0.007842767983675,0.0129245556890964,-0.111083984375,9.430587768554688,5.5493927001953125,-3.478057861328125,-0.8526611328125,-1.9041748046875
2015-06-10,18,3,296.9607238769531,292.7056884765625,3.003173828125,-0.678253173828125,0.0,91359.40625,268.76519775390625,283.45574951171875,294.57720947265625,0.0049312803894281,0.0094721727073192,0.0111624673008918,1.2174530029296875,4.1502532958984375,7.0833740234375,-2.902557373046875,-5.461273193359375,-1.5804901123046875
2015-06-11,0,0,296.645751953125,293.65240478515625,2.967193603515625,0.7536468505859375,0.0,91231.15625,268.75323486328125,283.2764892578125,293.1199951171875,0.0046375580132007,0.0101889371871948,0.0119782015681266,-1.84381103515625,0.68475341796875,9.450637817382812,-0.8909912109375,-3.298919677734375,-1.0739593505859375
2015-06-11,6,1,300.2303771972656,294.61492919921875,4.2251739501953125,0.334259033203125,708.625,91350.46875,268.5932006835937,283.75537109375,293.1147155761719,0.0044442042708396,0.0098820626735687,0.0151799544692039,-1.464508056640625,-0.8547210693359375,6.3975372314453125,0.2382049560546875,-0.8531646728515625,0.108062744140625
2015-06-11,12,2,300.95916748046875,295.8751220703125,3.130035400390625,1.21990966796875,1123.25,91138.390625,268.6947631835937,283.62066650390625,293.6588439941406,0.0045127971097826,0.0099148899316787,0.0145796537399292,-3.243408203125,0.7762298583984375,8.1053466796875,-2.18194580078125,-0.052886962890625,1.7401123046875
2015-06-11,18,3,296.029541015625,294.2402648925781,3.5207672119140625,0.7359161376953125,12.375,91366.90625,268.63922119140625,284.8026123046875,292.3157958984375,0.0045121125876903,0.0086811818182468,0.0130898542702198,-3.928375244140625,-0.676910400390625,10.687759399414062,0.9456329345703124,1.4814300537109375,-0.206085205078125
2015-06-12,0,0,295.84881591796875,293.85498046875,3.209625244140625,0.1279754638671875,17.0,91265.78125,268.19677734375,283.5971374511719,291.81256103515625,0.0050006229430437,0.0096335187554359,0.0130584947764873,-0.9745941162109376,2.2291412353515625,7.901092529296875,1.330047607421875,3.2525177001953125,-3.118515014648437
2015-06-12,6,1,299.2872009277344,293.3212280273437,3.7255706787109375,-0.0332183837890625,111.0,91393.046875,268.68536376953125,284.04010009765625,291.87841796875,0.0047132223844528,0.0093033146113157,0.0142467953264713,-1.4221954345703125,5.236831665039063,5.771743774414063,1.216156005859375,3.1791534423828125,-0.328399658203125
2015-06-12,12,2,298.5657043457031,294.86279296875,3.0421142578125,0.9214935302734376,252.125,91178.125,268.79180908203125,283.4463195800781,292.80987548828125,0.0043674148619174,0.0094731710851192,0.0135182924568653,-0.18939208984375,7.826019287109375,8.979843139648438,1.9938201904296875,1.984130859375,2.3334197998046875
2015-06-12,18,3,295.5375366210937,293.4794311523437,3.0778350830078125,0.69921875,21.75,91377.34375,269.1448669433594,284.1129455566406,292.1313781738281,0.0036420002579689,0.0088732913136482,0.0124740097671747,-1.424652099609375,7.207626342773437,9.975051879882812,2.72344970703125,4.971359252929688,1.4875335693359375
2015-06-13,0,0,296.10498046875,293.4073486328125,2.484161376953125,1.5295562744140625,6.125,91205.15625,268.0865478515625,284.7870483398437,290.8584289550781,0.003324655117467,0.0075579024851322,0.0132828801870346,0.4457855224609375,7.0282745361328125,10.51416015625,5.032958984375,6.385406494140625,1.890777587890625
2015-06-13,6,1,299.9569702148437,294.1611328125,4.432174682617188,0.963623046875,67.25,91310.109375,268.7217712402344,283.7752685546875,292.16876220703125,0.0033046312164515,0.0090014189481735,0.0142022743821144,4.630126953125,6.369155883789063,7.2022857666015625,4.10845947265625,2.5146942138671875,1.2928009033203125
2015-06-13,12,2,300.6413269042969,295.5474853515625,3.691436767578125,0.4745025634765625,56.25,91011.234375,269.2362060546875,283.7528686523437,293.36700439453125,0.0033482648432254,0.0094792246818542,0.0136402994394302,3.980300903320313,6.6673583984375,10.150009155273438,4.1705474853515625,3.447845458984375,1.8988494873046875
2015-06-13,18,3,295.8955078125,293.1539306640625,3.83453369140625,0.812103271484375,0.0,91341.0,269.13494873046875,283.1528625488281,291.3402709960937,0.0039424188435077,0.0096409618854522,0.0126350335776805,5.7728118896484375,8.030136108398438,12.418212890625,4.252777099609375,1.941619873046875,0.5718231201171875
2015-06-14,0,0,295.8063049316406,293.92071533203125,3.3107147216796875,0.8408355712890625,0.0,91121.4375,268.81304931640625,284.3961181640625,290.9224853515625,0.0044267773628234,0.0087378062307834,0.012174554169178,6.8208770751953125,11.315948486328123,13.13507080078125,4.6894378662109375,2.32647705078125,-1.7089996337890625
2015-06-14,6,1,299.2623291015625,292.48858642578125,5.5667572021484375,-0.453094482421875,0.0,91271.78125,269.55914306640625,283.3634948730469,292.33416748046875,0.0037149761337786,0.0092000663280487,0.0131426304578781,6.81561279296875,9.414138793945312,9.974136352539062,6.2360382080078125,-2.175506591796875,-1.7225494384765625
2015-06-14,12,2,297.063232421875,294.2181396484375,4.2393341064453125,-0.799652099609375,159.125,91090.40625,269.41162109375,283.7939453125,291.41815185546875,0.0039275302551686,0.009696539491415,0.0152669623494148,7.899017333984375,13.415924072265623,9.798370361328123,4.543212890625,-3.221786499023437,-1.5078887939453125
2015-06-14,18,3,294.34283447265625,293.3236389160156,2.967315673828125,0.0923309326171875,8.75,91315.96875,269.3563842773437,284.939697265625,291.27398681640625,0.0038098788354545,0.0057389512658119,0.0104741528630256,15.221206665039062,15.563858032226562,11.53253173828125,2.6221160888671875,-5.53790283203125,-2.9394073486328125
2015-06-15,0,0,295.13336181640625,293.4910888671875,3.051376342773437,0.20025634765625,0.0,91151.859375,268.51080322265625,284.2699584960937,291.45147705078125,0.0038186719175428,0.0071070045232772,0.0116919912397861,12.564224243164062,14.91656494140625,11.7999267578125,2.755950927734375,-5.797622680664063,-4.246109008789063
2015-06-15,6,1,298.7500915527344,292.6421203613281,5.662567138671875,0.0438385009765625,308.375,91288.15625,268.9188842773437,283.2709350585937,292.17584228515625,0.0052595622837543,0.0083235278725624,0.0142702795565128,10.165756225585938,12.842498779296877,9.914413452148438,-2.338134765625,-5.721038818359375,-0.3232879638671875
2015-06-15,12,2,300.7489013671875,294.2125244140625,4.8843536376953125,-0.0026092529296875,219.5,90949.234375,269.3406677246094,284.7337951660156,293.9696044921875,0.0055500455200672,0.0061650313436985,0.0129399821162223,8.282608032226562,17.022369384765625,12.174407958984377,-2.826934814453125,-6.7344818115234375,-2.2321014404296875
2015-06-15,18,3,295.8164978027344,293.3298034667969,3.0793914794921875,0.7296142578125,159.125,91330.09375,268.8656616210937,283.87432861328125,290.4716186523437,0.0052400082349777,0.0057565867900848,0.0145608223974704,4.2030792236328125,11.693038940429688,10.0760498046875,-3.332672119140625,-7.259689331054687,-2.128936767578125
2015-06-16,0,0,296.34356689453125,293.59234619140625,3.54290771484375,0.20330810546875,54.5,91100.71875,268.6166381835937,283.1763916015625,290.3221435546875,0.0051718242466449,0.0066110957413911,0.0134336315095424,1.0452117919921875,14.318527221679688,12.895278930664062,-0.8396453857421875,-6.8395843505859375,-2.81640625
2015-06-16,6,1,299.25897216796875,293.6831359863281,5.7505645751953125,-0.7180328369140625,105.125,91255.375,269.0107421875,282.7963256835937,291.23443603515625,0.0047065392136573,0.0073355808854103,0.0138859562575817,1.89361572265625,12.241561889648438,10.23291015625,-1.4915924072265625,-6.515594482421875,-2.093658447265625
2015-06-16,12,2,298.5723876953125,294.049072265625,3.4010467529296875,-0.865264892578125,394.75,90964.1875,268.60467529296875,282.7559814453125,293.18023681640625,0.0049125291407108,0.0089934840798377,0.0135860070586204,2.981903076171875,12.178176879882812,11.256439208984377,-4.407623291015625,-5.9708099365234375,-3.4827117919921875
2015-06-16,18,3,295.47515869140625,292.6247863769531,3.96844482421875,0.7430419921875,36.25,91207.953125,268.4420166015625,283.4296875,291.3593139648437,0.0051136538386344,0.0084641017019748,0.0129113756120204,0.615692138671875,14.981613159179688,13.127517700195312,-6.83544921875,-7.561798095703125,-1.4532470703125
2015-06-17,0,0,295.60015869140625,293.3531494140625,4.845626831054688,0.6398162841796875,81.75,90991.71875,269.097900390625,282.70086669921875,290.562255859375,0.004871480166912,0.009728480130434,0.0137669555842876,2.517120361328125,15.79852294921875,15.605026245117188,-3.742034912109375,-7.1138763427734375,-1.4368743896484375
2015-06-17,6,1,299.301025390625,293.5270690917969,6.493911743164063,-0.90765380859375,112.125,91089.359375,269.1873474121094,283.026611328125,291.5498046875,0.0046110711991786,0.0083394199609756,0.0141980648040771,3.8895263671875,17.423080444335938,11.682968139648438,-4.5438232421875,-4.256118774414063,-1.946197509765625
2015-06-17,12,2,298.97998046875,292.73712158203125,5.9357452392578125,0.8585205078125,43.5,90862.734375,269.072021484375,283.5146484375,292.3445129394531,0.0047246776521205,0.0085617080330848,0.0137926489114761,5.124176025390625,16.128158569335938,14.01556396484375,-5.4690704345703125,-5.015792846679688,1.05535888671875
2015-06-17,18,3,294.76495361328125,291.86334228515625,4.0981292724609375,0.6191558837890625,85.875,91112.078125,269.2659912109375,282.94403076171875,290.1600952148437,0.0050861164927482,0.0082903243601322,0.0142924785614013,4.708511352539063,19.63824462890625,15.30682373046875,-2.5559234619140625,-4.424118041992188,-1.4381866455078125
2015-06-18,0,0,295.1669616699219,292.21221923828125,5.0445098876953125,0.2369842529296875,0.375,90916.71875,268.3529663085937,283.9653015136719,290.2590637207031,0.0050794184207916,0.0075940378010272,0.0132749415934085,5.9763031005859375,24.41172790527344,16.439987182617188,-3.1529693603515625,-2.734619140625,-0.804229736328125
2015-06-18,6,1,298.8809814453125,292.4874267578125,6.5400238037109375,-0.9087677001953124,74.625,91127.3125,269.147705078125,283.90447998046875,290.7908935546875,0.0050181783735752,0.0081542879343032,0.0138120558112859,7.184539794921875,20.82704162597656,12.40411376953125,-5.5667877197265625,-2.9008941650390625,-1.555572509765625
2015-06-18,12,2,296.61578369140625,293.55670166015625,5.2996673583984375,1.0205230712890625,160.0,90981.4375,269.2797241210937,283.43243408203125,291.00799560546875,0.0054128812626004,0.007866270840168,0.014208011329174,6.535064697265625,24.01679992675781,15.322830200195312,-8.716354370117188,-1.8009490966796875,0.3912353515625
2015-06-18,18,3,294.53790283203125,292.46783447265625,4.42877197265625,1.371246337890625,175.625,91142.640625,269.07080078125,283.7504577636719,290.7973022460937,0.0053609870374202,0.0062992870807647,0.0149650759994983,6.5045013427734375,26.3558349609375,15.806137084960938,-6.8639678955078125,-2.148651123046875,1.2501220703125
2015-06-19,0,0,295.30108642578125,293.262451171875,4.7333831787109375,0.248626708984375,41.25,90968.078125,268.36767578125,283.51776123046875,290.2041015625,0.0052039995789527,0.0065010748803615,0.0141844283789396,18.422027587890625,20.7099609375,16.09613037109375,-6.594024658203125,-2.537109375,-1.2579193115234375
2015-06-19,6,1,298.1962280273437,292.95263671875,8.987869262695312,-0.6454620361328125,158.125,91094.0,268.9292907714844,283.53009033203125,292.1125793457031,0.0051412507891654,0.0078746937215328,0.0139565132558345,17.23968505859375,22.11236572265625,18.090560913085938,-6.92193603515625,-3.0556182861328125,-1.5964508056640625
2015-06-19,12,2,297.128662109375,293.6509704589844,5.703216552734375,0.0315093994140625,121.5,90984.0,269.13433837890625,283.3954467773437,291.4241943359375,0.0051478035748004,0.0089096948504447,0.014611966907978,17.608291625976562,22.70977783203125,16.350860595703125,-4.461517333984375,-4.375152587890625,-1.1825714111328125
2015-06-19,18,3,294.9833984375,293.2931823730469,5.887374877929688,0.867218017578125,41.0,91154.34375,269.19482421875,283.4838562011719,290.14794921875,0.0052709877490997,0.0069819428026676,0.0141238532960414,17.707565307617188,23.64361572265625,18.22052001953125,-6.3075714111328125,-2.60748291015625,-0.2108917236328125
2015-06-20,0,0,295.6343994140625,292.43902587890625,5.7760772705078125,1.271636962890625,0.0,90994.953125,269.69891357421875,283.6498413085937,290.1561889648437,0.0046031847596168,0.0074204541742801,0.0132513977587223,14.217453002929688,21.50057983398437,17.858749389648438,-2.82281494140625,-4.99951171875,1.3490142822265625
2015-06-20,6,1,297.80499267578125,293.2530517578125,6.93377685546875,1.7169342041015625,44.0,91081.46875,269.3721008300781,284.3256225585937,291.57440185546875,0.0045111589133739,0.0078247301280498,0.0130573436617851,19.79627990722656,21.904800415039062,20.867218017578125,-3.11822509765625,-4.1968536376953125,2.546249389648437
2015-06-20,12,2,296.9428405761719,293.304443359375,7.320632934570312,1.2140045166015625,6.5,90921.203125,268.97320556640625,284.3939819335937,291.7406616210937,0.0041391993872821,0.0092560052871704,0.0129648968577384,15.935623168945312,22.2510986328125,21.66049194335937,-1.459197998046875,-1.53497314453125,2.3577117919921875
2015-06-20,18,3,295.5873107910156,292.0271301269531,7.1187896728515625,1.48150634765625,0.0,91034.265625,269.33984375,284.4443359375,290.9214782714844,0.0038453002925962,0.00856239721179,0.0129292700439691,17.601364135742188,24.429855346679688,21.156539916992188,2.5835113525390625,-0.431427001953125,2.749755859375
2015-06-21,0,0,296.44677734375,293.0648803710937,5.998626708984375,2.432952880859375,0.0,90899.515625,270.03961181640625,283.8666381835937,290.5030517578125,0.0037514325231313,0.0086179822683334,0.0140090733766555,16.724212646484375,24.26568603515625,18.0440673828125,4.32867431640625,1.761138916015625,4.971954345703125
2015-06-21,6,1,298.15191650390625,293.6165466308594,5.193374633789063,3.442779541015625,219.875,91055.84375,271.1322021484375,283.3492126464844,290.85601806640625,0.0027873034123331,0.0088162086904048,0.0147983990609645,18.923568725585938,25.79975891113281,17.333343505859375,2.9962615966796875,1.390960693359375,6.7562103271484375
2015-06-21,12,2,297.87176513671875,292.533447265625,6.2711944580078125,2.7943878173828125,66.75,90978.703125,270.4808349609375,283.2767639160156,291.8045349121094,0.0040811821818351,0.0090561360120773,0.0139663890004158,15.995468139648438,25.05918884277344,18.558624267578125,0.7102508544921875,-0.724639892578125,5.024459838867188
2015-06-21,18,3,295.4652099609375,291.9212646484375,6.27716064453125,2.1104888916015625,4.25,91193.5625,271.38671875,283.2480773925781,290.3702392578125,0.0035288666840642,0.0081927515566349,0.0135389901697635,15.602493286132812,25.724853515625,18.43663024902344,2.6367950439453125,0.09625244140625,4.69525146484375
2015-06-22,0,0,296.1436767578125,292.71832275390625,5.7765960693359375,2.0589752197265625,0.375,91039.5625,271.8231811523437,284.45147705078125,290.2191162109375,0.0032204510644078,0.0065312050282955,0.0138531923294067,14.694869995117188,24.51966857910156,18.069076538085938,2.7274322509765625,1.44268798828125,4.4104766845703125
2015-06-22,6,1,299.948974609375,292.94580078125,8.756439208984375,2.2863922119140625,5.0,91159.609375,271.6483764648437,284.73455810546875,292.30963134765625,0.0028536668978631,0.0065693967044353,0.014104938134551,11.808441162109377,24.54243469238281,16.837020874023438,4.7002716064453125,2.25653076171875,3.898590087890625
2015-06-22,12,2,299.923583984375,293.859619140625,6.12884521484375,1.995361328125,44.0,91036.359375,271.8675842285156,284.16571044921875,292.391845703125,0.0031004273332655,0.007726140320301,0.0143282637000083,10.74591064453125,22.7086181640625,17.323898315429688,4.914215087890625,1.458038330078125,3.585723876953125
2015-06-22,18,3,295.8789978027344,292.7333984375,5.825485229492188,2.3171539306640625,10.75,91267.6875,271.4625244140625,284.43853759765625,290.64178466796875,0.0023527650628238,0.0074882581830024,0.0143521688878536,8.098876953125,23.015609741210938,18.340988159179688,4.2220306396484375,2.0458526611328125,4.454757690429688
2015-06-23,0,0,296.30731201171875,293.3397216796875,5.5801849365234375,2.444488525390625,7.5,91123.875,271.0889587402344,285.2317810058594,290.1552734375,0.0033731954172253,0.0065083429217338,0.0142521783709526,8.06585693359375,21.11665344238281,17.073394775390625,5.2254486083984375,3.5551300048828125,4.692779541015625
2015-06-23,6,1,299.5723876953125,293.9104919433594,7.5793609619140625,3.226654052734375,152.625,91265.609375,271.065185546875,283.9071044921875,292.0663757324219,0.0026157314423471,0.0095876418054103,0.0146836824715137,9.410202026367188,18.72914123535156,15.065872192382812,4.854171752929688,4.886001586914063,6.212692260742188
2015-06-23,12,2,298.6375732421875,293.91949462890625,6.0402374267578125,2.2679443359375,14.5,91124.640625,271.8360595703125,283.9832763671875,291.8130187988281,0.0028150209691375,0.0095479115843772,0.0144950449466705,8.873031616210938,19.00885009765625,15.828033447265623,4.181167602539063,3.865234375,4.556304931640625
2015-06-23,18,3,295.445068359375,293.14862060546875,4.589263916015625,2.948959350585937,26.625,91384.953125,270.71466064453125,283.9759826660156,290.8039245605469,0.0023114962968975,0.0078927874565124,0.0147204380482435,6.325653076171875,19.487075805664062,16.072235107421875,0.9722900390625,4.622329711914063,6.601287841796875
2015-06-24,0,0,296.27410888671875,294.1689453125,4.964401245117188,2.57080078125,17.875,91308.46875,270.3961181640625,285.3092041015625,290.2962646484375,0.0023206255864351,0.0067098923027515,0.0144626926630735,5.7271270751953125,19.226638793945312,17.312210083007812,3.788665771484375,4.75933837890625,5.163101196289063
2015-06-24,6,1,299.7411499023437,293.5198059082031,7.276046752929687,2.66705322265625,129.5,91399.890625,269.9467163085937,285.5518798828125,292.4798583984375,0.0025589894503355,0.0061025731265544,0.0143831893801689,7.4275054931640625,20.895736694335938,14.6431884765625,1.8438873291015625,3.4149169921875,5.0830078125
2015-06-24,12,2,300.8139953613281,293.4250183105469,6.3023834228515625,1.8949127197265625,51.625,91199.0625,270.2304077148437,284.1045837402344,292.84149169921875,0.0029082614928483,0.0084133520722389,0.0143077000975608,8.365310668945312,17.203628540039062,15.192977905273438,2.136444091796875,2.063995361328125,4.013397216796875
2015-06-24,18,3,296.53857421875,293.71124267578125,4.7840423583984375,2.124298095703125,7.875,91492.078125,269.2499389648437,284.5406494140625,290.1585693359375,0.0035171823110431,0.0080784298479557,0.0139887519180774,10.197463989257812,18.915740966796875,15.710647583007812,1.0791015625,0.4180145263671875,3.8832855224609375
2015-06-25,0,0,296.4557800292969,293.8946228027344,5.321014404296875,2.101669311523437,1.75,91275.359375,269.2928466796875,285.8544311523437,290.2528076171875,0.003657997585833,0.0066118948161602,0.0142201287671923,9.909942626953123,16.45245361328125,17.30670166015625,1.761383056640625,1.9799957275390625,4.739837646484375
2015-06-25,6,1,300.2916259765625,293.635498046875,8.125991821289062,1.7548675537109375,26.625,91370.9375,268.9644775390625,284.6321105957031,292.380615234375,0.0048371069133281,0.0079031735658645,0.0141001902520656,10.654800415039062,20.242691040039062,15.60687255859375,1.8341827392578125,3.0725860595703125,3.119903564453125
2015-06-25,12,2,300.55035400390625,294.2108764648437,6.7134857177734375,1.1790924072265625,146.75,91133.125,269.81939697265625,284.3856811523437,292.78155517578125,0.004499215632677,0.0087969526648521,0.0149518139660358,11.253036499023438,19.02392578125,15.556716918945312,2.4739532470703125,0.1045989990234375,1.6533355712890625
2015-06-25,18,3,296.3338623046875,294.16680908203125,5.856292724609375,2.236557006835937,58.5,91376.84375,269.41754150390625,285.5459899902344,290.80352783203125,0.004202552139759,0.0073193348944187,0.01480657979846,11.54913330078125,19.316650390625,18.055923461914062,0.6571807861328125,-0.2864837646484375,2.820556640625
2015-06-26,0,0,296.8270874023437,293.4976806640625,6.060333251953125,1.222869873046875,13.5,91109.796875,269.1302795410156,285.5507202148437,290.6712646484375,0.0050089918076992,0.0077951662242412,0.0148492157459259,12.390029907226562,19.7955322265625,17.950973510742188,0.53912353515625,0.26397705078125,1.6247100830078125
2015-06-26,6,1,300.61041259765625,294.12518310546875,9.263458251953123,0.6420745849609375,73.875,91227.96875,268.78521728515625,286.1773681640625,292.64508056640625,0.003293085610494,0.006686296314001,0.0144233889877796,12.123703002929688,17.032150268554688,16.223464965820312,0.01104736328125,-2.706512451171875,0.9750823974609376
2015-06-26,12,2,300.2447204589844,294.08123779296875,6.11712646484375,0.70654296875,315.25,91098.96875,266.73492431640625,285.1209716796875,293.20849609375,0.0031800658907741,0.0091362744569778,0.0148464255034923,8.8878173828125,16.027084350585938,14.952484130859377,-6.4178009033203125,-3.0367889404296875,0.590545654296875
2015-06-26,18,3,296.2132568359375,292.57476806640625,5.5512237548828125,1.123199462890625,263.5,91336.578125,266.021240234375,285.8082275390625,290.60943603515625,0.0030248262919485,0.0068922974169254,0.0147582441568374,9.712677001953123,16.329330444335938,16.0594482421875,-5.9212799072265625,-2.5318145751953125,1.1689910888671875
2015-06-27,0,0,297.4451904296875,293.7645874023437,5.5469970703125,0.962738037109375,84.125,91119.25,266.7817077636719,286.44708251953125,290.083251953125,0.0032155946828424,0.0050308443605899,0.0142110772430896,10.84588623046875,15.44903564453125,16.1109619140625,-4.5917510986328125,-3.1462554931640625,1.2830047607421875
2015-06-27,6,1,300.291015625,293.6515197753906,7.755294799804687,0.0872344970703125,314.625,91290.59375,266.09228515625,286.36541748046875,292.8773498535156,0.003116181353107,0.0058290623128414,0.0138367116451263,10.298385620117188,14.281051635742188,14.903717041015623,-4.647125244140625,-6.746749877929688,-0.091949462890625
2015-06-27,12,2,300.7241516113281,294.006591796875,6.090591430664063,0.37939453125,448.375,91124.09375,265.9913330078125,284.6055908203125,293.79522705078125,0.0027471063658595,0.0077263079583644,0.0145139694213867,10.307662963867188,15.346878051757812,13.0284423828125,-5.8319091796875,-4.326217651367188,0.1767578125
2015-06-27,18,3,296.6615600585937,293.96307373046875,4.6059417724609375,1.2410888671875,204.25,91424.765625,265.682373046875,285.2399597167969,290.1884155273437,0.0021374749485403,0.0053891912102699,0.0142726488411426,8.740768432617188,9.83929443359375,15.113250732421877,-5.6510772705078125,-5.896209716796875,0.9910430908203124
2015-06-28,0,0,297.5159912109375,293.7314453125,4.8709716796875,-0.0294036865234375,256.0,91274.0625,266.61883544921875,285.691162109375,290.4258728027344,0.0016881576739251,0.0043001845479011,0.0144708640873432,6.2819366455078125,9.138015747070312,14.697006225585938,-4.626144409179688,-5.510665893554688,-0.367919921875
2015-06-28,6,1,300.984130859375,293.30963134765625,6.729095458984375,0.2757110595703125,212.75,91476.5625,265.9542236328125,285.2572937011719,292.4374389648437,0.0016456020530313,0.0041685737669467,0.0136223100125789,5.532974243164063,10.225509643554688,11.51666259765625,-1.6009521484375,-6.0883331298828125,0.4120941162109375
2015-06-28,12,2,301.2427978515625,294.01470947265625,3.7068939208984375,0.1177215576171875,136.5,91308.328125,267.54791259765625,283.48980712890625,294.1990051269531,0.0018535426352173,0.0076719708740711,0.0133099220693111,7.8471527099609375,7.519912719726562,9.083297729492188,0.503326416015625,-4.0289154052734375,-0.577850341796875
2015-06-28,18,3,296.2743530273437,293.0987548828125,3.2468719482421875,1.002044677734375,103.5,91601.171875,267.49224853515625,284.18438720703125,291.85919189453125,0.0012834689114242,0.0046365112066268,0.0135842524468898,6.6094970703125,6.1741485595703125,9.62750244140625,2.0167999267578125,-2.704803466796875,-0.689117431640625
2015-06-29,0,0,296.4579772949219,294.092041015625,3.296356201171875,0.2384185791015625,21.0,91473.5625,268.890380859375,284.0253295898437,289.8417358398437,0.0009234491735696,0.0043468843214213,0.0136004760861396,7.0496826171875,5.94097900390625,10.230087280273438,3.854095458984375,-0.8563995361328125,-1.4236602783203125
2015-06-29,6,1,300.58526611328125,293.9657592773437,4.4001312255859375,0.534088134765625,314.25,91595.765625,268.62091064453125,283.3265380859375,291.97869873046875,0.0011940419208258,0.0062798671424388,0.0141722708940505,8.252182006835938,7.2927398681640625,7.0947113037109375,3.714599609375,-1.7918243408203125,0.663604736328125
2015-06-29,12,2,299.50653076171875,294.8247985839844,3.4501190185546875,0.729278564453125,374.75,91392.96875,268.0317687988281,283.4075012207031,292.8973999023437,0.0042872540652751,0.0088107325136661,0.0139820910990238,7.050506591796875,6.0838623046875,9.40283203125,0.07244873046875,-1.345733642578125,0.8844451904296875
2015-06-29,18,3,295.13092041015625,293.153076171875,3.2493438720703125,1.2472381591796875,173.5,91640.046875,268.14385986328125,283.2131042480469,291.280029296875,0.0034525762312114,0.007631029933691,0.0138865709304809,6.220489501953125,5.5583343505859375,9.608551025390623,1.0569915771484375,-1.58660888671875,0.13677978515625
2015-06-30,0,0,296.3604431152344,294.0350646972656,3.245086669921875,0.4583892822265625,45.75,91451.4375,268.28778076171875,283.2235107421875,290.12335205078125,0.0039296559989452,0.0064575187861919,0.0140564665198326,5.2220306396484375,6.319503784179688,12.1881103515625,4.279541015625,0.065673828125,-1.5909576416015625
2015-06-30,6,1,300.225341796875,293.0822448730469,4.610198974609375,0.14227294921875,146.375,91562.328125,269.01177978515625,283.2821655273437,291.88433837890625,0.0028841921593993,0.006049808114767,0.0139350034296512,6.013702392578125,6.9646759033203125,7.451828002929687,5.4446563720703125,-0.8302154541015625,-0.0668792724609375
2015-06-30,12,2,301.6433410644531,294.087158203125,3.1964111328125,0.2507781982421875,287.75,91302.25,268.6786499023437,283.8006286621094,294.81085205078125,0.0023982960265129,0.0065871886909008,0.0131120719015598,7.477081298828125,5.949722290039063,8.439651489257812,5.58343505859375,-1.5589447021484375,-0.005615234375
2015-06-30,18,3,296.05206298828125,292.3602905273437,3.2895965576171875,0.9515838623046876,40.5,91645.390625,268.0022888183594,283.74029541015625,292.05694580078125,0.0020521117839962,0.0059005431830883,0.0127249062061309,8.917526245117188,4.687179565429688,9.238372802734377,5.59893798828125,-0.6663665771484375,0.234039306640625
2015-07-01,0,0,296.0827941894531,294.0568542480469,3.8499755859375,0.5354766845703125,51.0,91497.5625,268.7840270996094,283.47479248046875,290.273193359375,0.0019551897421479,0.0057519935071468,0.0138541087508201,9.6650390625,6.181686401367188,9.603347778320312,2.377349853515625,1.8531951904296875,-0.3408355712890625
2015-07-01,6,1,300.0323791503906,291.6974182128906,5.0611572265625,0.435394287109375,40.125,91600.328125,269.0528869628906,283.7640380859375,292.2679443359375,0.0019896337762475,0.0056193023920059,0.0132911428809165,6.64471435546875,7.5382080078125,8.158111572265625,2.1598663330078125,0.815704345703125,0.6422576904296875
2015-07-01,12,2,301.4732666015625,293.55242919921875,3.8036956787109375,0.1550750732421875,60.75,91340.015625,269.2720031738281,284.01287841796875,294.19110107421875,0.0019729228224605,0.0067040584981441,0.0134827718138694,7.3983917236328125,8.204238891601562,7.733673095703125,-0.0874176025390625,-0.555084228515625,-0.0385284423828125
2015-07-01,18,3,295.7945556640625,292.42559814453125,3.297760009765625,0.030426025390625,24.25,91684.328125,268.804443359375,283.6049194335937,291.7298583984375,0.0018251384608447,0.0064677037298679,0.0130660235881805,6.75994873046875,6.955474853515625,9.029647827148438,2.3166656494140625,-1.1822509765625,-2.093841552734375
2015-07-02,0,0,296.3115539550781,293.740478515625,2.9997711181640625,0.1799774169921875,9.0,91550.421875,270.4660949707031,282.8226318359375,290.91534423828125,0.0012321819085627,0.0073464252054691,0.0127477906644344,7.7064971923828125,6.1605224609375,9.147232055664062,0.2113494873046875,-0.874603271484375,-3.132064819335937
2015-07-02,6,1,299.7143859863281,291.8873596191406,4.6046142578125,-0.7162017822265625,0.0,91659.375,270.3376159667969,283.1387023925781,291.8715515136719,0.0010443453211337,0.0074774324893951,0.0130022950470447,5.560073852539063,8.097213745117188,7.26727294921875,-0.3778228759765625,0.0221710205078125,-1.235260009765625
2015-07-02,12,2,300.27398681640625,294.04034423828125,4.403656005859375,-0.8860931396484375,135.5,91428.578125,269.4686889648437,283.26300048828125,292.93267822265625,0.0026987651363015,0.0095713511109352,0.0139217935502529,5.869674682617188,7.594024658203125,9.355453491210938,-3.618942260742188,-0.21783447265625,-1.6651153564453125
2015-07-02,18,3,295.94891357421875,293.71490478515625,3.2342987060546875,0.477386474609375,4.625,91648.78125,269.704833984375,283.6960754394531,291.51422119140625,0.0029251943342387,0.0085746645927429,0.0130800567567348,4.0503997802734375,6.3655548095703125,9.947158813476562,-2.773910522460937,-2.0511016845703125,-2.5849609375
2015-07-03,0,0,296.209228515625,294.0556640625,3.426361083984375,0.165679931640625,13.875,91538.984375,269.9430847167969,283.32354736328125,290.64166259765625,0.0026344209909439,0.0098976455628871,0.0124774202704429,4.1237640380859375,4.6714935302734375,11.114364624023438,-2.7559967041015625,-1.43963623046875,-3.961624145507813
2015-07-03,6,1,299.6082763671875,292.55767822265625,4.9107666015625,-1.41650390625,4.25,91650.3125,269.40545654296875,283.16876220703125,292.0730895996094,0.002565664704889,0.0101422108709812,0.0134924463927745,1.198974609375,7.35247802734375,8.063766479492188,-2.7037506103515625,-1.7377166748046875,-2.4257354736328125
2015-07-03,12,2,299.79400634765625,294.6790466308594,3.6120758056640634,-1.40655517578125,199.75,91436.90625,268.8449401855469,283.64874267578125,293.501953125,0.0035922871902585,0.0096225403249263,0.0136049427092075,1.95233154296875,7.1678619384765625,9.808517456054688,-3.2946319580078125,-3.6985015869140634,-3.947296142578125
2015-07-03,18,3,296.24981689453125,292.959716796875,3.6637115478515625,0.056671142578125,15.25,91667.859375,268.1646728515625,284.3165283203125,291.2902526855469,0.0033550795633345,0.0076477155089378,0.0140150524675846,2.1531524658203125,5.3028717041015625,10.871200561523438,-4.299728393554688,-3.7783203125,-2.7762908935546875
2015-07-04,0,0,296.741455078125,293.7969970703125,3.84356689453125,-0.08416748046875,8.375,91519.59375,267.9556884765625,284.417724609375,290.322998046875,0.0024134288541972,0.0076181441545486,0.0132018364965915,1.9970703125,4.344741821289063,11.991958618164062,-3.7295989990234375,-3.620086669921875,-3.874908447265625
2015-07-04,6,1,299.9896850585937,291.47869873046875,5.48333740234375,-1.934661865234375,9.75,91607.15625,268.2080078125,284.25201416015625,292.8690490722656,0.0018619650509208,0.0070201754570007,0.0129395499825477,1.3370361328125,6.565689086914063,9.241867065429688,-3.6185302734375,-2.8543853759765625,-3.341033935546875
2015-07-04,12,2,302.77349853515625,293.0259704589844,4.3575439453125,-2.143661499023437,8.0,91375.796875,268.88250732421875,284.03326416015625,294.7869873046875,0.0015967332292348,0.0087017454206943,0.0127848144620656,2.7473297119140625,7.5180511474609375,8.41876220703125,-4.252288818359375,-3.85345458984375,-4.5427093505859375
2015-07-04,18,3,296.6053771972656,292.7025146484375,3.706008911132813,-0.3858489990234375,2.125,91565.828125,268.2653503417969,286.30535888671875,291.387451171875,0.0014787034597247,0.0042819045484066,0.0133684612810611,3.6706695556640634,4.3990020751953125,11.835433959960938,-4.259918212890625,-5.459869384765625,-4.099609375
2015-07-05,0,0,296.236572265625,293.2396850585937,3.882232666015625,-0.7810516357421875,6.125,91406.5625,268.2681579589844,286.1935729980469,289.7911071777344,0.0011634337715804,0.0040344949811697,0.0126516819000244,4.3692169189453125,2.0067138671875,12.38873291015625,-3.966232299804688,-6.1905364990234375,-6.178512573242188
2015-07-05,6,1,300.966796875,291.5316467285156,5.508316040039063,-2.635482788085937,2.125,91465.46875,268.19873046875,285.977294921875,293.0514221191406,0.0012623316142708,0.0037272903136909,0.0118885766714811,4.1156158447265625,1.8979949951171875,8.997467041015625,-2.9779205322265625,-6.3062896728515625,-4.3675079345703125
2015-07-05,12,2,302.57763671875,291.959716796875,4.1544342041015625,-2.122283935546875,13.125,91269.84375,268.22772216796875,284.71783447265625,295.0751953125,0.0013743091840296,0.0040859319269657,0.0122744441032409,5.2733154296875,6.3680419921875,8.091583251953125,-4.2626800537109375,-5.592300415039063,-4.6551513671875
2015-07-05,18,3,296.6121826171875,292.7937316894531,3.795730590820313,-0.1065826416015625,7.875,91444.5625,268.2105407714844,285.7539367675781,291.76348876953125,0.0014794119633734,0.0036044218577444,0.0127930752933025,5.083099365234375,3.31536865234375,11.452774047851562,-3.755172729492188,-3.816558837890625,-3.111541748046875
2015-07-06,0,0,296.0337219238281,293.410400390625,4.4294281005859375,-0.7610931396484375,0.25,91344.484375,267.9589538574219,285.3886108398437,290.1246337890625,0.0013426952064037,0.0034393097739666,0.0106257200241088,1.5553131103515625,6.335662841796875,14.722640991210938,-2.51190185546875,-3.4398193359375,-5.065704345703125
2015-07-06,6,1,300.3002319335937,290.1304931640625,6.819992065429688,-1.527801513671875,0.0,91365.765625,267.82037353515625,285.204345703125,292.8091735839844,0.0013950439170002,0.0035322806797921,0.0114855654537677,3.225128173828125,6.729415893554688,11.194549560546877,2.52276611328125,-3.3491973876953125,-2.58489990234375
2015-07-06,12,2,302.2933349609375,290.2099304199219,5.3060302734375,-1.38873291015625,0.0,91172.1875,268.0233764648437,283.5205078125,295.0337219238281,0.0011572947259992,0.0038075621705502,0.0105827897787094,8.086502075195312,10.101913452148438,11.3214111328125,1.997039794921875,-6.79742431640625,-3.3595428466796875
2015-07-06,18,3,295.22314453125,291.4400329589844,3.875701904296875,0.49603271484375,0.0,91426.0625,268.520263671875,284.8100280761719,291.0903625488281,0.0006268005818128,0.0030974091496318,0.0114690214395523,7.9983367919921875,8.336883544921875,11.801239013671877,0.5562286376953125,-5.17718505859375,-2.4322052001953125
2015-07-07,0,0,295.21124267578125,292.85205078125,3.564071655273437,0.251617431640625,0.0,91288.265625,269.3359069824219,283.0079345703125,290.5123291015625,0.0005838642828166,0.0034398066345602,0.0105452537536621,6.352096557617188,6.2091064453125,13.70758056640625,-2.546249389648437,-3.853927612304688,-3.072845458984375
2015-07-07,6,1,300.87176513671875,290.6552734375,7.032394409179688,-1.362091064453125,0.0,91295.03125,269.3892822265625,282.9363708496094,292.63775634765625,0.0006562755443155,0.0049601905047893,0.0112433359026908,1.6686248779296875,7.3996734619140625,11.410751342773438,1.949798583984375,-5.31597900390625,-2.255340576171875
2015-07-07,12,2,301.779296875,290.86834716796875,4.684844970703125,-1.113372802734375,2.625,91090.890625,269.4540405273437,282.87969970703125,294.9294738769531,0.0010694123338907,0.0068899579346179,0.0109682343900203,7.953857421875,9.057144165039062,10.506881713867188,0.1939239501953125,-6.763763427734375,-3.6244049072265625
2015-07-07,18,3,295.1628112792969,292.3660583496094,4.398208618164063,0.474945068359375,19.0,91364.296875,268.97283935546875,283.2922058105469,290.50738525390625,0.0009651507716625,0.0078221708536148,0.0135189667344093,2.538726806640625,7.565505981445312,12.9786376953125,-6.124053955078125,-8.320068359375,-2.060653686523437
2015-07-08,0,0,296.79034423828125,293.77911376953125,3.760299682617188,0.1894378662109375,45.0,91250.46875,268.17510986328125,283.5228271484375,289.69891357421875,0.0021322055254131,0.0069892294704914,0.0138163194060325,2.8943634033203125,5.069747924804688,12.561904907226562,-5.3459014892578125,-7.731094360351562,-2.7666473388671875
2015-07-08,6,1,299.7607421875,292.2485046386719,6.271011352539063,-0.4653167724609375,38.75,91389.4375,267.79949951171875,283.0377502441406,291.9558410644531,0.0023715761490166,0.0076833218336105,0.0133674554526805,3.10748291015625,7.0814056396484375,10.695053100585938,-5.0928955078125,-4.497314453125,-1.03204345703125
2015-07-08,12,2,299.9211730957031,293.4696655273437,4.753707885742188,-0.821197509765625,36.0,91212.40625,268.62078857421875,283.6903686523437,292.6087341308594,0.0030896954704076,0.0088726058602333,0.0135979726910591,3.875045776367188,8.252304077148438,11.93499755859375,-5.0536651611328125,-3.644012451171875,-2.7590484619140625
2015-07-08,18,3,295.57574462890625,292.2916259765625,4.614593505859375,-0.328521728515625,2.0,91468.265625,268.2601318359375,284.3919677734375,290.0848388671875,0.0026265010237693,0.0083404593169689,0.0139684416353702,2.797821044921875,7.4606781005859375,13.707260131835938,-5.2723388671875,-6.0188751220703125,-3.800247192382813
2015-07-09,0,0,296.7955322265625,294.05548095703125,4.1510162353515625,-0.190704345703125,32.625,91400.84375,268.2298278808594,284.22100830078125,290.04705810546875,0.0027892687357962,0.0081030307337641,0.0141650512814521,3.4425201416015625,8.165252685546875,13.371353149414062,-5.0773773193359375,-4.970504760742188,-3.69561767578125
2015-07-09,6,1,299.63629150390625,292.4298095703125,6.227630615234375,-1.226531982421875,71.25,91419.125,267.53643798828125,284.1996459960937,292.4828491210937,0.0031302080024033,0.0084911249577999,0.0140205770730972,2.712432861328125,8.8599853515625,10.27606201171875,-4.917251586914063,-5.2480010986328125,-2.084716796875
2015-07-09,12,2,299.6349792480469,294.84136962890625,4.638198852539063,0.0294036865234375,50.0,91185.515625,269.28668212890625,284.2333068847656,292.6762084960937,0.0034361260477453,0.009287841618061,0.0144355744123458,4.6752777099609375,11.476760864257812,12.71075439453125,-4.352325439453125,-3.8986663818359375,-2.124618530273437
2015-07-09,18,3,295.84881591796875,292.9540405273437,5.1225128173828125,-0.77008056640625,3.5,91425.78125,268.8521423339844,284.2289733886719,290.75958251953125,0.0035987088922411,0.0091662481427192,0.0147797968238592,6.246063232421875,11.4605712890625,14.845458984375,-0.6554107666015625,-6.93359375,-4.985519409179688
2015-07-10,0,0,297.02020263671875,294.0271911621094,4.065948486328125,-1.105560302734375,68.75,91213.59375,268.8106689453125,284.3150634765625,290.74859619140625,0.0040536373853683,0.0105562303215265,0.0148107670247554,7.933517456054687,11.88006591796875,13.148941040039062,-2.20440673828125,-6.733413696289063,-5.5684967041015625
2015-07-10,6,1,299.499755859375,293.765869140625,5.262466430664063,-0.6778106689453125,175.0,91274.328125,269.3368530273437,284.4217529296875,292.1732788085937,0.0033031043130904,0.0091571882367134,0.014674961566925,7.677215576171875,12.487640380859377,12.794723510742188,-5.0481719970703125,-7.698165893554687,-3.376953125
2015-07-10,12,2,300.1261901855469,294.7060241699219,6.18939208984375,-0.924285888671875,17.75,90971.203125,269.3866577148437,284.36920166015625,292.66619873046875,0.0037541815545409,0.0099592320621013,0.0145936012268066,8.088043212890625,13.4803466796875,14.443740844726562,-5.001708984375,-6.401275634765625,-3.54998779296875
2015-07-10,18,3,296.4073486328125,293.37896728515625,5.128707885742188,-0.6971588134765625,14.0,91291.890625,269.3135070800781,284.4850769042969,290.12579345703125,0.0019283071160316,0.0075823394581675,0.0141503065824508,8.6162109375,14.129638671875,14.434814453125,-4.6685943603515625,-6.1474456787109375,-3.62274169921875
2015-07-11,0,0,297.05389404296875,294.0458984375,4.4510040283203125,0.0819549560546875,27.25,91150.03125,269.1748046875,285.0284729003906,290.2234802246094,0.000880507286638,0.0079837329685688,0.0143385641276836,6.8053131103515625,11.43316650390625,13.380096435546877,-1.7227020263671875,-4.9008636474609375,-2.1527862548828125
2015-07-11,6,1,298.70513916015625,292.4914245605469,7.174774169921875,-1.580657958984375,2.0,91277.71875,268.8930053710937,283.9268798828125,292.2081298828125,0.0020211017690598,0.0078832320868968,0.013717483729124,7.603057861328125,12.789947509765623,12.188385009765623,-1.4166412353515625,-3.3636016845703125,-2.7225341796875
2015-07-11,12,2,300.2230224609375,293.51495361328125,5.9997406005859375,-0.8328704833984375,37.875,91144.40625,268.3592529296875,283.32391357421875,292.7919616699219,0.0034816537518054,0.0093202181160449,0.0136662628501653,6.9376983642578125,13.103668212890623,13.562255859375,-2.586090087890625,-4.363250732421875,-2.6701202392578125
2015-07-11,18,3,296.13916015625,293.99578857421875,4.4810638427734375,0.013702392578125,8.375,91404.484375,268.2557373046875,283.9642944335937,290.13262939453125,0.0042656660079956,0.0072191655635833,0.0140751264989376,4.060699462890625,11.255081176757812,13.634811401367188,-1.498382568359375,-6.7484893798828125,-3.536361694335937
2015-07-12,0,0,296.873291015625,293.4359741210937,4.632339477539063,-0.08709716796875,38.875,91231.734375,268.32861328125,284.3357849121094,289.3927001953125,0.003415476065129,0.0068242624402046,0.0135753564536571,1.496063232421875,9.748977661132812,13.692855834960938,1.3287200927734375,-5.247726440429688,-3.6115875244140634
2015-07-12,6,1,300.13043212890625,292.22625732421875,6.6092376708984375,-1.67144775390625,9.0,91359.90625,269.5699462890625,284.4635009765625,292.7049255371094,0.001917831134051,0.0066993534564971,0.0128436498343944,3.049072265625,7.4926910400390625,11.19647216796875,5.1683197021484375,-6.1702423095703125,-2.81866455078125
2015-07-12,12,2,301.06805419921875,293.7591247558594,4.073516845703125,-1.075836181640625,115.5,91146.1875,269.29425048828125,283.86822509765625,294.12188720703125,0.0016818605363368,0.0086303986608982,0.0136844925582408,4.08770751953125,6.19781494140625,9.330230712890623,1.0475311279296875,-3.1414337158203125,-2.94378662109375
2015-07-12,18,3,296.2670288085937,292.8187255859375,3.4615936279296875,-0.10821533203125,68.75,91428.5625,270.0133056640625,283.6884155273437,291.5926818847656,0.0006985894870012,0.007706768810749,0.0138395968824625,3.9621734619140634,5.536224365234375,9.734207153320312,0.0470733642578125,-4.016403198242188,-2.5832672119140625
2015-07-13,0,0,296.61016845703125,294.00079345703125,3.4209442138671875,-0.0726318359375,10.25,91280.890625,270.0912475585937,284.0052185058594,290.44989013671875,0.0007076328620314,0.0078699998557567,0.013428371399641,2.41973876953125,2.9103240966796875,11.893722534179688,-0.25311279296875,-1.8813018798828125,-3.201934814453125
2015-07-13,6,1,299.8881225585937,292.4021301269531,4.6517486572265625,-2.014862060546875,0.375,91331.4375,270.26348876953125,283.5008544921875,292.6798400878906,0.0007909135892987,0.0079413093626499,0.0131743177771568,1.9818115234375,4.387420654296875,8.365585327148438,0.654083251953125,-2.3695068359375,-3.660476684570313
2015-07-13,12,2,302.9218139648437,293.8231811523437,3.490142822265625,-1.1291351318359375,46.625,91036.71875,270.7178955078125,284.5865478515625,295.2694091796875,0.0010208692401647,0.00788464397192,0.0129963457584381,2.8935546875,4.302536010742188,6.464035034179688,-0.406036376953125,-2.8117218017578125,-2.385116577148437
2015-07-13,18,3,297.381591796875,293.90264892578125,3.408935546875,0.1133575439453125,104.25,91341.21875,270.6493225097656,284.506591796875,292.21295166015625,0.000893882708624,0.0079540498554706,0.014074120670557,1.8154144287109373,2.470611572265625,9.450363159179688,-1.472625732421875,-3.6975250244140634,-3.1752166748046875
2015-07-14,0,0,295.9066772460937,293.8414611816406,3.2532501220703125,-0.137176513671875,25.0,91210.765625,270.8638000488281,283.5966186523437,290.5763854980469,0.001288195606321,0.0085529945790767,0.0137789212167263,-1.3462371826171875,1.5800018310546875,8.809738159179688,-3.4837799072265625,-0.26068115234375,-3.0014190673828125
2015-07-14,6,1,299.167236328125,293.0277709960937,4.1421966552734375,-1.6019134521484375,1.75,91257.953125,269.28497314453125,283.9684753417969,292.5172424316406,0.003235817188397,0.0084817744791507,0.0138228200376033,-2.4875946044921875,2.885406494140625,6.844390869140625,-1.5828704833984375,-1.68487548828125,-2.897445678710937
2015-07-14,12,2,301.8216857910156,294.3323669433594,3.606735229492188,-0.09197998046875,8.625,90909.9375,269.64031982421875,284.8880615234375,295.058349609375,0.0038013670127838,0.0085270516574382,0.0139840170741081,-0.68359375,5.7725830078125,6.50396728515625,-3.2126922607421875,-0.1009674072265625,-0.69012451171875
2015-07-14,18,3,297.2674560546875,293.5772705078125,3.603851318359375,0.2951812744140625,22.5,91175.0,269.07843017578125,284.65155029296875,291.46514892578125,0.0041995234787464,0.0089013054966926,0.0148742869496345,1.4548187255859375,4.373504638671875,10.11895751953125,-1.7845916748046875,-2.0599517822265625,-2.081405639648437
2015-07-15,0,0,296.4745788574219,294.1942749023437,3.114105224609375,-0.566192626953125,38.875,91020.21875,269.856689453125,283.74755859375,290.86395263671875,0.0045278221368789,0.0098057426512241,0.0141857601702213,1.2502288818359375,3.5058135986328125,10.441131591796877,-2.1612091064453125,-1.253875732421875,-4.635162353515625
2015-07-15,6,1,298.5555419921875,292.8515014648437,4.561325073242188,-2.5380401611328125,19.75,91121.0,269.010986328125,283.73126220703125,292.32373046875,0.0043821632862091,0.0099044330418109,0.0141868982464075,4.184722900390625,6.5721435546875,7.3218231201171875,0.7292022705078125,-2.045761108398437,-4.226852416992188
2015-07-15,12,2,298.4459533691406,294.3596496582031,3.5448150634765625,0.3220367431640625,136.5,90914.234375,269.5267639160156,284.07763671875,292.4265441894531,0.0040588751435279,0.0099210813641548,0.0146858431398868,5.8473663330078125,5.6132659912109375,9.617584228515623,-1.03814697265625,-2.491485595703125,-2.457794189453125
2015-07-15,18,3,296.552978515625,294.04736328125,3.995040893554688,0.1794586181640625,28.25,91179.9375,269.25128173828125,283.530517578125,290.3276062011719,0.003965173382312,0.0089755654335021,0.0143943056464195,3.999069213867188,8.872238159179688,12.68438720703125,-2.2010498046875,-4.1634063720703125,-2.981307983398437
2015-07-16,0,0,296.9078063964844,293.7304077148437,4.137741088867188,0.268798828125,24.75,90940.734375,270.1385803222656,283.8575134277344,290.06787109375,0.0037334449589252,0.0079245585948228,0.0141702555119991,4.4137725830078125,7.5393218994140625,12.489547729492188,1.086181640625,-5.429244995117188,-2.1864166259765625
2015-07-16,6,1,300.177978515625,293.59228515625,5.88165283203125,-1.0633697509765625,14.625,91042.859375,270.0589294433594,283.6944580078125,291.7164306640625,0.0041177649982273,0.0078983400017023,0.0139053352177143,5.2914886474609375,9.243820190429688,9.958053588867188,1.9001312255859373,-4.85693359375,-1.8322296142578125
2015-07-16,12,2,300.0226745605469,294.4283447265625,4.1813507080078125,0.3073577880859375,112.75,90883.78125,268.9891357421875,283.8897399902344,292.8450927734375,0.0047650653868913,0.0092853382229805,0.0143396854400634,7.446365356445312,7.6373291015625,10.248550415039062,-1.4904937744140625,-3.2574005126953125,-1.1066741943359375
2015-07-16,18,3,295.569580078125,292.94415283203125,4.159637451171875,0.1880035400390625,0.0,91119.671875,268.6808166503906,284.1590881347656,290.8773498535156,0.0049006305634975,0.008262438699603,0.013570349663496,3.993560791015625,9.330154418945312,12.454299926757812,-3.133331298828125,-2.04327392578125,-2.547836303710937
2015-07-17,0,0,296.4515686035156,293.5328063964844,4.1565704345703125,0.544189453125,8.5,90970.375,269.1081848144531,284.376220703125,289.49346923828125,0.0048394873738288,0.0070315040647983,0.0135097466409206,3.0413360595703125,8.808914184570312,12.1861572265625,-2.07598876953125,-1.1399993896484375,-1.107696533203125
2015-07-17,6,1,299.704345703125,292.924560546875,5.945281982421875,0.257415771484375,7.5,91120.65625,268.04229736328125,283.960205078125,291.90789794921875,0.0046856626868247,0.0084814243018627,0.0137421637773513,3.887161254882813,12.860443115234377,10.344039916992188,1.6341400146484375,-1.398651123046875,0.3046722412109375
2015-07-17,12,2,299.0751953125,293.43707275390625,4.3899993896484375,0.3897705078125,16.5,90927.171875,268.8117980957031,283.88043212890625,292.2126770019531,0.0053533986210823,0.0093081891536712,0.0141993947327137,7.377304077148437,12.285903930664062,11.965805053710938,-1.3385772705078125,-1.7534332275390625,0.5631256103515625
2015-07-17,18,3,295.39971923828125,292.59637451171875,4.2613372802734375,-0.1947479248046875,6.25,91233.515625,268.37030029296875,283.70489501953125,290.23193359375,0.0048976354300975,0.0087725855410099,0.0143332704901695,6.5828704833984375,13.3265380859375,14.018325805664062,-0.6522979736328125,-4.164886474609375,-3.034942626953125
2015-07-18,0,0,296.4967041015625,293.46881103515625,3.789749145507813,0.5254669189453125,23.75,91123.25,269.56500244140625,284.1236267089844,290.06884765625,0.0045850463211536,0.007492072880268,0.0142686963081359,5.843063354492188,12.048751831054688,13.079849243164062,0.7002105712890625,-3.5797271728515625,-1.5965576171875
2015-07-18,6,1,300.78057861328125,294.6669311523437,6.001480102539063,-0.474884033203125,191.25,91213.546875,269.17041015625,283.2536315917969,291.4766845703125,0.0048830732703208,0.0094206444919109,0.0147318504750728,7.257736206054687,13.352493286132812,11.230239868164062,-2.815521240234375,-4.15557861328125,-1.8883056640625
2015-07-18,12,2,299.30389404296875,294.17431640625,5.4367218017578125,-0.29718017578125,20.25,91030.15625,270.15673828125,283.792724609375,292.041259765625,0.0051578357815742,0.0107954293489456,0.0143359526991844,9.140884399414062,13.6055908203125,13.952911376953123,-4.36669921875,-5.2310638427734375,-2.61529541015625
2015-07-18,18,3,295.61138916015625,293.4901733398437,5.408737182617188,-0.831512451171875,10.0,91280.78125,268.9197692871094,283.81268310546875,290.2616577148437,0.0050492994487285,0.009716510772705,0.0142308548092842,7.9584503173828125,13.72332763671875,16.429275512695312,-2.96728515625,-5.3048095703125,-4.95379638671875
2015-07-19,0,0,296.0992431640625,293.36669921875,4.701934814453125,-0.040557861328125,46.25,91123.203125,269.360595703125,284.1553955078125,290.80859375,0.0048246756196022,0.0097682252526283,0.0148634947836399,6.0053558349609375,13.7764892578125,15.06756591796875,-2.074569702148437,-4.102828979492188,-2.335067749023437
2015-07-19,6,1,298.47100830078125,294.0091552734375,5.62054443359375,-0.82305908203125,138.0,91302.671875,269.18670654296875,282.95220947265625,291.1004638671875,0.0055910535156726,0.0097080916166305,0.0145834200084209,5.590103149414063,14.702926635742188,15.206512451171877,-1.0922393798828125,-6.312042236328125,-3.3625030517578125
2015-07-19,12,2,296.106689453125,293.5667724609375,5.818115234375,0.9779052734375,80.5,91215.234375,268.4779968261719,282.5455017089844,290.349609375,0.0053668618202209,0.0102300383150577,0.0139695666730403,8.833267211914062,20.815414428710938,17.462326049804688,-6.3017425537109375,-4.128097534179688,0.4590606689453125
2015-07-19,18,3,293.5056457519531,291.934814453125,4.791290283203125,0.1634063720703125,28.75,91326.40625,268.4950256347656,282.6247863769531,290.70947265625,0.0048709139227867,0.0078774727880954,0.0134553425014019,5.335220336914063,18.434066772460938,16.860855102539062,0.084869384765625,-4.7000732421875,-2.550445556640625
2015-07-20,0,0,294.7930603027344,292.62750244140625,4.7252197265625,0.0385589599609375,3.625,91102.09375,269.34063720703125,283.79168701171875,289.1412048339844,0.0044706836342811,0.0076973550021648,0.013184018433094,6.502349853515625,11.8516845703125,15.406112670898438,1.9383544921875,-6.876220703125,-2.464019775390625
2015-07-20,6,1,299.72332763671875,293.25225830078125,7.097412109375,-0.7274322509765625,51.75,91149.0625,268.1488037109375,284.5155029296875,292.2021179199219,0.004401821643114,0.0075185373425483,0.0135093554854393,4.866241455078125,15.715530395507812,13.183135986328123,-3.74371337890625,-4.47265625,-1.6407928466796875
2015-07-20,12,2,298.5733947753906,294.5341186523437,4.950210571289063,-0.4711761474609375,79.875,90981.125,269.0223693847656,283.96612548828125,291.807373046875,0.0041186399757862,0.0095512978732585,0.0148206055164337,5.3919830322265625,12.698974609375,11.218048095703123,-4.965667724609375,-6.621429443359375,-2.225372314453125
2015-07-20,18,3,295.26531982421875,293.1794738769531,4.73388671875,-0.369293212890625,9.25,91254.296875,268.1839294433594,283.9994201660156,289.7797241210937,0.0041211582720279,0.0080583170056343,0.0139040481299161,2.34490966796875,10.704925537109377,14.439788818359377,-3.489227294921875,-5.478530883789063,-3.7271575927734375
2015-07-21,0,0,296.2459716796875,293.36187744140625,4.0988616943359375,-0.0032958984375,18.75,91031.0625,268.8856201171875,284.8939208984375,290.01885986328125,0.0034499578177928,0.0076170079410076,0.0141554623842239,5.3787384033203125,10.129058837890623,12.699417114257812,-1.3904571533203125,-1.9029693603515625,-2.780029296875
2015-07-21,6,1,299.334716796875,293.8185119628906,4.978317260742188,-0.62213134765625,414.375,91195.203125,268.4482421875,283.3668212890625,291.5630187988281,0.0032815122976899,0.0094149224460124,0.0149827823042869,7.866851806640625,9.83758544921875,8.889984130859375,-0.8149261474609375,-3.446502685546875,-1.4714508056640625
2015-07-21,12,2,298.2735595703125,294.74468994140625,4.051849365234375,0.2883453369140625,95.0,91014.21875,269.1550598144531,283.942626953125,292.25439453125,0.0041663739830255,0.0094046667218208,0.0144485794007778,8.177597045898438,10.564910888671877,10.306472778320312,-3.390533447265625,-3.895477294921875,-1.707733154296875
2015-07-21,18,3,294.6934814453125,292.8431701660156,3.9259033203125,0.9638214111328124,3.25,91336.0625,267.923095703125,283.76837158203125,289.9320983886719,0.0033898670226335,0.0084022134542465,0.0138611402362585,5.95654296875,9.771499633789062,12.620712280273438,-3.854461669921875,-3.0378570556640625,-1.22784423828125
2015-07-22,0,0,296.2322998046875,293.6282958984375,3.06756591796875,0.980865478515625,32.0,91113.28125,269.7643737792969,283.9779052734375,290.44091796875,0.0031463578343391,0.0091726332902908,0.0144598856568336,2.7866363525390625,9.190704345703123,12.442916870117188,-1.0720062255859375,-1.747344970703125,0.366302490234375
2015-07-22,6,1,299.1235656738281,293.6365966796875,4.9875335693359375,-0.899871826171875,548.5,91291.34375,268.82781982421875,283.12335205078125,291.96563720703125,0.0036558613646775,0.0098964348435401,0.0149498693645,3.287139892578125,10.623870849609377,9.178390502929688,-1.721282958984375,-2.4295806884765625,-1.8878631591796875
2015-07-22,12,2,299.2694396972656,294.7538452148437,4.062271118164063,0.47216796875,253.25,91115.5,268.972900390625,283.03564453125,291.510498046875,0.0049641504883766,0.0095743108540773,0.0147993862628936,2.85308837890625,11.024993896484377,10.22979736328125,-2.11578369140625,-2.9616851806640625,-0.09649658203125
2015-07-22,18,3,294.24822998046875,292.68280029296875,3.9964599609375,1.1583099365234375,14.875,91346.859375,268.7148742675781,283.8211364746094,290.14776611328125,0.0050829611718654,0.0080831199884414,0.0134963579475879,2.19805908203125,10.555938720703123,13.561843872070312,-0.0225677490234375,-2.4423065185546875,-0.3509368896484375
2015-07-23,0,0,295.5928955078125,293.393310546875,3.0994415283203125,1.9149017333984373,8.75,91240.09375,268.040771484375,283.4036560058594,289.57305908203125,0.0050956159830093,0.0079614445567131,0.0135231912136077,0.4376373291015625,9.020782470703123,11.8973388671875,0.6378021240234375,0.0161895751953125,1.750518798828125
2015-07-23,6,1,299.20953369140625,292.8091735839844,5.5268096923828125,1.0772857666015625,18.5,91340.53125,268.5980834960937,284.3778686523437,291.2807922363281,0.0048060938715934,0.0079486481845378,0.013478722423315,-1.370208740234375,8.08477783203125,10.517745971679688,2.430755615234375,1.3721160888671875,1.003997802734375
2015-07-23,12,2,299.52813720703125,294.4520263671875,3.58221435546875,1.6287384033203125,172.25,91120.0,269.28338623046875,283.5986022949219,292.725341796875,0.0045884326100349,0.0101342611014842,0.014046574011445,-0.17828369140625,6.9650421142578125,10.04412841796875,1.0364990234375,-2.2105712890625,2.262451171875
2015-07-23,18,3,295.39630126953125,293.24078369140625,3.051254272460937,1.59222412109375,57.125,91451.828125,269.263671875,283.212158203125,290.43231201171875,0.0045005865395069,0.0101010892540216,0.0142850317060947,0.86395263671875,6.0162353515625,11.12042236328125,2.074859619140625,-0.2165679931640625,0.143310546875
2015-07-24,0,0,295.7685546875,293.1570739746094,3.689117431640625,2.345565795898437,45.5,91393.125,268.5311889648437,282.8078308105469,289.7532958984375,0.0046506477519869,0.0099269375205039,0.0137669369578361,0.7638092041015625,4.5463409423828125,12.490493774414062,6.301483154296875,0.4959564208984375,3.63897705078125
2015-07-24,6,1,299.5098571777344,293.5018310546875,6.0284423828125,1.0916900634765625,40.75,91487.71875,269.7699584960937,283.2301025390625,290.4787292480469,0.0037310665939003,0.0086600091308355,0.0138398744165897,0.119140625,12.378692626953123,11.252822875976562,5.422042846679688,0.8498687744140625,0.5329132080078125
2015-07-24,12,2,301.17578125,293.2582702636719,4.410400390625,0.2324066162109375,76.25,91223.5,268.89239501953125,283.04913330078125,293.10406494140625,0.0051111485809087,0.0080687403678894,0.013405904173851,5.551559448242188,8.8426513671875,11.0526123046875,3.363510131835937,0.9731903076171876,0.0218658447265625
2015-07-24,18,3,295.16943359375,292.6229248046875,3.009918212890625,1.128509521484375,42.0,91580.515625,268.8692626953125,283.1936340332031,291.1664428710937,0.0052193654701113,0.0080637820065021,0.0119801089167594,2.40350341796875,6.551605224609375,11.415557861328123,3.1897430419921875,0.7716064453125,-1.2509307861328125
2015-07-25,0,0,295.4633178710937,293.3917236328125,2.8303985595703125,1.2117462158203125,8.75,91369.203125,269.7098693847656,283.3492431640625,289.54962158203125,0.0044336095452308,0.0092468932271003,0.0134734697639942,4.236373901367188,10.503448486328123,12.035293579101562,2.4357452392578125,0.6912994384765625,-1.177215576171875
2015-07-25,6,1,299.7631225585937,294.0124206542969,5.4603271484375,-0.086669921875,62.5,91466.984375,268.99615478515625,283.7679443359375,291.2776794433594,0.0045335921458899,0.0084490878507494,0.0138506777584552,5.707199096679688,10.414901733398438,9.66412353515625,2.276229858398437,-0.44378662109375,-1.2553253173828125
2015-07-25,12,2,298.474609375,295.25933837890625,2.7664337158203125,0.954742431640625,214.5,91229.515625,269.1338195800781,283.3675842285156,291.5188293457031,0.0051646754145622,0.0095873922109603,0.013844383880496,6.882049560546875,12.354644775390623,9.922409057617188,-1.3578033447265625,-2.8336181640625,-0.9655914306640624
2015-07-25,18,3,294.59503173828125,293.12701416015625,3.8364410400390634,0.8992919921875,43.25,91499.265625,268.47723388671875,283.8602905273437,289.4217529296875,0.0048975944519042,0.0086319539695978,0.0135649964213371,5.444183349609375,10.30084228515625,12.687667846679688,0.1269073486328125,-2.217514038085937,-1.0529327392578125
2015-07-26,0,0,296.0740966796875,294.1383972167969,3.611053466796875,0.71734619140625,53.75,91345.46875,268.03814697265625,283.5108642578125,289.1873779296875,0.0045134089887142,0.0081253014504909,0.0133304335176944,5.7993011474609375,12.37884521484375,12.386947631835938,1.8660888671875,-0.11688232421875,-1.646636962890625
2015-07-26,6,1,298.907958984375,293.6369323730469,5.66357421875,0.80963134765625,60.0,91468.4375,267.8856811523437,284.07421875,290.74322509765625,0.0044796429574489,0.0073904134333133,0.0138779319822788,6.675796508789063,10.867416381835938,9.229400634765623,2.369873046875,-1.57421875,1.055694580078125
2015-07-26,12,2,299.6910095214844,294.2849426269531,3.94573974609375,0.9319305419921876,137.75,91306.734375,268.65411376953125,283.47723388671875,292.077392578125,0.0052233282476663,0.0089654773473739,0.0138158127665519,5.353607177734375,12.29278564453125,10.303909301757812,-0.6757354736328125,-0.8623809814453125,0.771331787109375
2015-07-26,18,3,295.13311767578125,293.684814453125,3.54931640625,0.581298828125,72.75,91600.09375,268.282470703125,283.0883483886719,289.7889709472656,0.0050448551774024,0.0086712054908275,0.0136925093829631,3.0199127197265625,12.19451904296875,11.445724487304688,0.4854583740234375,-1.1007232666015625,-3.606536865234375
2015-07-27,0,0,295.8666381835937,294.05096435546875,3.5478515625,0.4468994140625,64.25,91447.6875,267.8114929199219,283.6229248046875,289.18719482421875,0.0049875155091285,0.0071809813380241,0.0130702536553144,5.8409271240234375,9.580917358398438,11.74774169921875,2.96343994140625,0.4882965087890625,-3.021240234375
2015-07-27,6,1,297.7011413574219,293.82647705078125,5.625762939453125,0.2493133544921875,104.75,91539.25,268.2017822265625,283.4579467773437,290.9591064453125,0.0047349669039249,0.0073506236076354,0.0140959471464157,7.001998901367188,10.131271362304688,9.30438232421875,0.6097564697265625,0.50482177734375,-0.09765625
2015-07-27,12,2,297.58984375,294.35321044921875,4.267623901367188,0.321502685546875,304.5,91435.0,268.3839416503906,283.492919921875,291.6522521972656,0.0049386881291866,0.0079741962254047,0.0127476714551448,5.76043701171875,10.650238037109377,12.487625122070312,-1.0753173828125,-0.3585357666015625,-3.405380249023437
2015-07-27,18,3,294.4248046875,292.9139404296875,2.6366729736328125,-0.3408050537109375,43.0,91680.15625,267.68280029296875,283.98016357421875,290.2225952148437,0.0046315342187881,0.0076719336211681,0.0130172781646251,9.390914916992188,8.025985717773438,11.845932006835938,-0.6367950439453125,-3.0266265869140625,-5.481353759765625
2015-07-28,0,0,295.74298095703125,293.70465087890625,3.194580078125,-0.0112762451171875,25.5,91508.359375,267.7596130371094,283.53631591796875,289.2227783203125,0.0041807070374488,0.008223183453083,0.0129194445908069,7.962753295898437,6.7073822021484375,10.998001098632812,-3.001251220703125,0.74444580078125,-3.961700439453125
2015-07-28,6,1,299.0470886230469,292.8951110839844,4.68621826171875,-0.3038482666015625,12.25,91618.078125,267.3422241210937,282.96978759765625,291.2454528808594,0.0038581141270697,0.0085188038647174,0.0127509161829948,6.5106353759765625,7.2290496826171875,8.441360473632812,-1.3510284423828125,0.8701324462890625,-1.46923828125
2015-07-28,12,2,300.1483764648437,293.7880554199219,3.603851318359375,-0.5052947998046875,138.5,91410.109375,267.63848876953125,283.2972106933594,293.2674865722656,0.0032732845284044,0.0085212625563144,0.0128707438707351,6.409698486328125,8.8316650390625,9.52740478515625,-3.009063720703125,-0.179290771484375,-2.6066131591796875
2015-07-28,18,3,295.0937805175781,292.7538452148437,2.9401397705078125,-0.9996795654296876,0.0,91638.84375,267.7425842285156,283.9066772460937,291.3624572753906,0.00273839966394,0.0077256876975297,0.012090940028429,6.643356323242188,8.041290283203125,10.11138916015625,-2.007415771484375,-0.7508544921875,-5.092193603515625
2015-07-29,0,0,295.3321228027344,293.1932373046875,2.525131225585937,0.5880126953125,0.0,91487.75,268.21295166015625,282.799560546875,291.4150695800781,0.0032642299775034,0.007832683622837,0.010576500557363,3.919479370117188,9.121795654296877,10.89013671875,-2.78802490234375,-0.0702362060546875,-3.5235595703125
2015-07-29,6,1,299.5805358886719,292.42596435546875,5.5135040283203125,-0.8445587158203125,0.0,91540.265625,268.38494873046875,283.1922607421875,291.5665283203125,0.0029945126734673,0.0058822333812713,0.0125405415892601,4.9181060791015625,9.466567993164062,8.855377197265625,-2.0326080322265625,0.760467529296875,-1.6357421875
2015-07-29,12,2,302.0363464355469,292.47576904296875,3.981353759765625,-0.954437255859375,0.0,91325.09375,268.24365234375,283.1263427734375,294.2899780273437,0.0024284350220113,0.0057569928467273,0.0118580348789691,4.4775238037109375,7.3616180419921875,8.430740356445312,-2.1624908447265625,-1.801239013671875,-2.4708404541015625
2015-07-29,18,3,295.7720947265625,292.162109375,3.313461303710937,-0.3992462158203125,0.0,91587.984375,268.5811767578125,283.0303955078125,291.20166015625,0.0020912680774927,0.0076360367238521,0.012014765292406,3.3386688232421875,5.099288940429688,10.517440795898438,-2.863525390625,-2.8953094482421875,-3.630325317382813
2015-07-30,0,0,295.0247497558594,292.582275390625,2.898834228515625,-0.20306396484375,0.0,91424.53125,269.2089233398437,282.96990966796875,290.8148193359375,0.0018599336035549,0.0083221681416034,0.0111149586737155,1.1211395263671875,6.660812377929688,11.442657470703123,-2.316436767578125,-1.9556732177734373,-5.539962768554688
2015-07-30,6,1,299.06756591796875,291.3212280273437,5.123092651367188,-2.1635284423828125,3.25,91583.609375,268.1396484375,283.082275390625,291.6779479980469,0.001815105555579,0.0064334273338317,0.0118793286383152,2.5001373291015625,7.032958984375,8.702316284179688,0.3674774169921875,-2.2367095947265625,-3.788116455078125
2015-07-30,12,2,300.8179626464844,292.6988525390625,3.0971221923828125,-1.3803863525390625,5.25,91347.78125,268.4151611328125,282.866455078125,293.20416259765625,0.0016410795506089,0.0078659132122993,0.0127816423773765,4.226776123046875,8.050094604492188,6.6220703125,-1.7673797607421875,-5.0546417236328125,-3.543548583984375
2015-07-30,18,3,295.8453063964844,292.38787841796875,3.648834228515625,-0.5416412353515625,0.0,91515.90625,269.41656494140625,282.6932373046875,291.10107421875,0.0019638638477772,0.0082640685141086,0.0130500420928001,2.8264617919921875,7.866561889648437,10.362701416015623,-0.452484130859375,-5.918548583984375,-3.5606689453125
2015-07-31,0,0,295.9342346191406,293.06854248046875,3.089202880859375,-0.9176025390625,0.25,91419.953125,268.7303771972656,282.59716796875,289.82061767578125,0.002361316466704,0.0082196965813636,0.01268220692873,2.7675323486328125,6.578643798828125,10.449874877929688,-0.56170654296875,-5.18798828125,-6.9080657958984375
2015-07-31,6,1,298.973388671875,292.57733154296875,4.179122924804688,-1.325653076171875,78.75,91544.875,268.37713623046875,282.40240478515625,290.6917724609375,0.0026245452463626,0.0087817572057247,0.0136036202311515,3.63323974609375,5.7737579345703125,6.8164825439453125,0.7964019775390625,-4.102081298828125,-2.5369873046875
2015-07-31,12,2,297.1922607421875,294.26861572265625,3.617843627929688,-1.113067626953125,335.25,91346.828125,267.54345703125,282.91900634765625,292.27490234375,0.0036506669130176,0.0094084180891513,0.0129676312208175,3.981109619140625,5.1151885986328125,9.58465576171875,-1.333953857421875,-1.2479095458984375,-2.8211669921875
2015-07-31,18,3,294.36309814453125,292.48101806640625,3.486053466796875,-0.978790283203125,0.0,91561.796875,268.8576965332031,283.13604736328125,291.2027587890625,0.0031001919414848,0.0088601224124431,0.0123629681766033,3.120330810546875,4.60186767578125,11.14410400390625,-1.6284332275390625,-3.239288330078125,-7.0818634033203125
2015-08-01,0,0,294.7867736816406,292.5989990234375,2.9600982666015625,-1.1122589111328125,0.0,91444.390625,268.7934875488281,282.65802001953125,290.2630310058594,0.0037258961237967,0.0096687078475952,0.0127106495201587,5.6538848876953125,4.630706787109375,9.850296020507812,-2.7089080810546875,-2.682037353515625,-9.033111572265623
2015-08-01,6,1,298.88525390625,293.2611694335937,3.5144195556640625,-2.7759552001953125,45.0,91622.75,268.60284423828125,282.84088134765625,291.36627197265625,0.003892732784152,0.0087071172893047,0.0131366103887557,5.0589447021484375,5.2317657470703125,5.939468383789063,-2.1964263916015625,-4.167694091796875,-5.9678497314453125
2015-08-01,12,2,298.02349853515625,294.32159423828125,3.368255615234375,-0.4217681884765625,447.25,91394.5625,268.7352294921875,282.99346923828125,291.5958557128906,0.0046665295958518,0.0087912194430828,0.0144052375108003,2.7410430908203125,5.71746826171875,9.010452270507812,-4.557052612304688,-5.4018402099609375,-2.8154449462890625
2015-08-01,18,3,294.7209777832031,292.8260498046875,3.55120849609375,-0.78692626953125,32.0,91666.15625,268.2689208984375,283.643310546875,290.7886962890625,0.0045165866613388,0.0079114586114883,0.0132076814770698,2.620834350585937,3.2080078125,10.775222778320312,-4.096160888671875,-5.559814453125,-7.497314453125
2015-08-02,0,0,295.67828369140625,293.16461181640625,3.578842163085937,-1.8721466064453125,61.5,91510.625,268.6909484863281,282.7355651855469,289.5362548828125,0.0043769441545009,0.008196722716093,0.0130014568567276,2.977035522460937,2.4104461669921875,9.136199951171877,-7.711074829101562,-2.345703125,-8.9598388671875
2015-08-02,6,1,298.610107421875,293.4442749023437,3.695144653320313,-2.632598876953125,134.75,91632.78125,267.9467163085937,282.3358154296875,290.65673828125,0.0040740258991718,0.0082031972706317,0.0135479383170604,3.242828369140625,5.13092041015625,6.11297607421875,-6.5115509033203125,-2.7933807373046875,-4.85443115234375
2015-08-02,12,2,298.9966735839844,294.1450500488281,3.561248779296875,-0.3983612060546875,112.25,91309.640625,268.365478515625,283.07208251953125,293.73541259765625,0.00333186914213,0.0079570151865482,0.0126447435468435,2.2949371337890625,5.5079193115234375,8.57025146484375,-5.876922607421875,-5.664306640625,-3.336578369140625
2015-08-02,18,3,296.0807189941406,294.18560791015625,3.757034301757813,-0.6391143798828125,10.25,91550.828125,268.063720703125,283.35906982421875,291.00897216796875,0.0022284246515482,0.0071245469152927,0.0133031383156776,1.76690673828125,4.598968505859375,11.267791748046877,-4.5346221923828125,-5.00958251953125,-5.773941040039063
2015-08-03,0,0,295.6009521484375,293.3124694824219,3.241683959960937,-0.5072784423828125,28.25,91376.640625,268.32159423828125,282.74530029296875,290.53228759765625,0.0024953819811344,0.0091509781777858,0.0128644406795501,4.0817718505859375,3.55218505859375,10.503997802734377,-3.3067169189453125,-3.209320068359375,-7.83868408203125
2015-08-03,6,1,297.9478454589844,292.7052001953125,4.301040649414063,-1.66424560546875,319.0,91478.609375,268.1890869140625,283.069580078125,290.46697998046875,0.0024596373550593,0.0077552795410156,0.0142983682453632,3.939620971679688,5.127044677734375,9.617355346679688,-2.0993194580078125,-2.5407257080078125,-5.3442230224609375
2015-08-03,12,2,299.97625732421875,294.3588562011719,4.13592529296875,-0.1251678466796875,309.25,91235.296875,267.95672607421875,283.8424377441406,293.01239013671875,0.0029477516654878,0.0071556307375431,0.0141031369566917,3.780303955078125,6.6459808349609375,9.9395751953125,-4.09698486328125,-3.8327484130859375,-2.4655303955078125
2015-08-03,18,3,294.7274780273437,292.5240478515625,4.13348388671875,0.178466796875,0.0,91541.28125,268.94677734375,282.8441772460937,290.0260009765625,0.0024371028412133,0.0081932507455348,0.0135116521269083,3.910568237304688,7.175811767578125,12.400711059570312,-1.2787322998046875,-4.00921630859375,-3.24407958984375
2015-08-04,0,0,296.0944519042969,293.70367431640625,3.517852783203125,-0.3533935546875,7.5,91337.984375,268.8175354003906,283.2591247558594,289.23046875,0.0028144307434558,0.0091799199581146,0.0133339315652847,5.808441162109375,7.558807373046875,11.094802856445312,-0.2106781005859375,-1.3170318603515625,-3.884124755859375
2015-08-04,6,1,298.256591796875,292.2547607421875,5.5143585205078125,-0.309814453125,0.0,91393.859375,269.0421142578125,283.1479187011719,291.7220153808594,0.002877508290112,0.0084880515933036,0.0131225548684597,8.604080200195312,8.920364379882812,9.77606201171875,-0.4098663330078125,-1.9102935791015625,-1.105560302734375
2015-08-04,12,2,299.15899658203125,294.5006408691406,4.07861328125,0.39947509765625,285.25,91252.375,268.5487060546875,283.1753234863281,292.1390380859375,0.0045091286301612,0.0094547364860773,0.0138639733195304,8.737747192382812,11.327011108398438,12.400146484375,-0.92803955078125,-2.9271697998046875,-1.392791748046875
2015-08-04,18,3,294.3468933105469,292.429931640625,3.877853393554688,0.4954376220703125,0.0,91446.171875,269.04998779296875,283.5550231933594,289.8778686523437,0.0027481296565383,0.0076977312564849,0.0134390890598297,8.237564086914062,11.702346801757812,12.2059326171875,1.4343719482421875,-2.818588256835937,-2.3274688720703125
2015-08-05,0,0,296.2451171875,293.07574462890625,3.75146484375,0.7974395751953125,8.25,91303.953125,269.5966796875,283.62237548828125,289.1759948730469,0.0014870266895741,0.0074865892529487,0.0133535787463188,9.61224365234375,11.784225463867188,12.423065185546877,-0.1342315673828125,-3.03961181640625,-1.6527862548828125
2015-08-05,6,1,298.802001953125,292.05279541015625,6.50006103515625,-0.26409912109375,37.0,91424.21875,268.1874389648437,283.3104248046875,291.3724365234375,0.0018818476237356,0.0078125074505805,0.0135208256542682,10.454360961914062,13.708999633789062,11.079376220703123,-1.5859527587890625,-2.6638336181640625,-0.7482757568359375
2015-08-05,12,2,299.022705078125,294.488525390625,4.464401245117188,1.196319580078125,161.25,91235.390625,267.7774353027344,282.9008483886719,292.1907958984375,0.0038078210782259,0.0089747458696365,0.0134600177407264,11.762542724609377,13.646209716796877,12.639755249023438,-2.658203125,-1.815216064453125,0.84210205078125
2015-08-05,18,3,294.7283630371094,292.2047119140625,4.611129760742188,0.22509765625,8.25,91461.8125,267.7034606933594,283.3558654785156,289.52398681640625,0.0027318950742483,0.0071232393383979,0.0137341059744358,10.815780639648438,15.761962890625,13.932464599609377,-1.227294921875,-4.839157104492188,-2.8902740478515625
2015-08-06,0,0,296.3115234375,293.259521484375,4.268829345703125,0.44842529296875,36.25,91242.9375,268.758056640625,283.87908935546875,289.6473693847656,0.0027375761419534,0.0066541358828544,0.0137822171673178,9.906005859375,16.7410888671875,14.037857055664062,0.151885986328125,-3.74493408203125,-1.381134033203125
2015-08-06,6,1,299.2960205078125,292.3328857421875,7.047531127929688,-1.2224273681640625,29.25,91312.4375,268.98687744140625,282.7513427734375,291.6947021484375,0.0030857601668685,0.0083538182079792,0.0134962946176528,10.788619995117188,15.304107666015623,12.856124877929688,0.4666595458984375,-3.198150634765625,-2.24810791015625
2015-08-06,12,2,300.1995849609375,292.9784545898437,5.215621948242188,-0.7901153564453125,27.5,91094.90625,268.7798156738281,283.64422607421875,292.998046875,0.0036352975293993,0.007717739790678,0.0135643109679222,12.374359130859377,16.3367919921875,11.554595947265623,-2.7928619384765625,-3.8739166259765625,-2.422470092773437
2015-08-06,18,3,295.8407592773437,293.1303100585937,4.080535888671875,0.006622314453125,2.0,91356.0625,268.93572998046875,283.4698791503906,289.92608642578125,0.0032570485491305,0.0072059445083141,0.0141041334718465,9.022979736328123,13.852386474609377,12.66583251953125,-2.8399810791015625,-6.904052734375,-3.1055908203125
2015-08-07,0,0,296.6260070800781,293.48748779296875,3.3910369873046875,0.3974456787109375,36.25,91231.34375,269.1296081542969,283.224609375,289.6502990722656,0.0042176507413387,0.0071026124060153,0.0139100030064582,6.8173370361328125,12.259658813476562,12.227584838867188,-4.211837768554688,-5.9728851318359375,-2.0936431884765625
2015-08-07,6,1,298.9275817871094,292.2706298828125,6.3416748046875,-0.282318115234375,0.0,91279.609375,269.27667236328125,283.31903076171875,291.81005859375,0.003515742952004,0.0078183598816394,0.0134505033493042,4.8137054443359375,11.788192749023438,10.55023193359375,-5.474044799804688,-5.7092132568359375,-0.8002777099609375
2015-08-07,12,2,299.41961669921875,293.705078125,4.682632446289063,0.52703857421875,0.5,91119.078125,269.349853515625,283.48388671875,293.19384765625,0.0032094039488583,0.009516205638647,0.0135741829872131,5.12396240234375,11.029617309570312,11.72705078125,-3.41802978515625,-3.800003051757813,-0.3399505615234375
2015-08-07,18,3,295.3112487792969,292.4034423828125,4.1717376708984375,0.2210693359375,5.5,91397.859375,268.78045654296875,283.5341491699219,290.177734375,0.0035467634443193,0.0080887340009212,0.0140624158084392,2.748031616210937,10.667327880859377,12.450790405273438,-1.3242340087890625,-6.955612182617188,-2.596954345703125
2015-08-08,0,0,296.24078369140625,293.07537841796875,4.0206146240234375,0.4099578857421875,5.75,91248.9375,269.2237548828125,283.0302124023437,289.573486328125,0.0028818035498261,0.0074943490326404,0.0134563334286212,4.465347290039063,10.477508544921877,12.019195556640623,0.1713104248046875,-7.642059326171875,-1.895599365234375
2015-08-08,6,1,299.4422607421875,292.77410888671875,6.0423583984375,-0.6428375244140625,0.5,91339.09375,269.2803649902344,283.1013488769531,291.70965576171875,0.003110191784799,0.0079645216464996,0.0131767988204956,4.246368408203125,10.672836303710938,10.153656005859377,-1.3436279296875,-5.879852294921875,-1.4718017578125
2015-08-08,12,2,300.21881103515625,293.1399230957031,4.660980224609375,0.7211456298828125,22.75,91090.234375,269.6044921875,283.1727905273437,293.0014038085937,0.0038092567119747,0.0098711140453815,0.0134975127875804,4.140914916992188,9.4735107421875,11.653457641601562,-4.184539794921875,-3.288055419921875,0.2196044921875
2015-08-08,18,3,295.4530334472656,292.571533203125,3.8018798828125,0.17236328125,0.5,91273.8125,268.31805419921875,283.5648193359375,290.5447998046875,0.0042904065921902,0.0096074752509593,0.0145785957574844,3.0908203125,8.452651977539062,11.95611572265625,-2.94049072265625,-2.689315795898437,-3.145538330078125
2015-08-09,0,0,296.24932861328125,293.51544189453125,4.1141357421875,-0.2943267822265625,17.25,91082.328125,268.5437316894531,283.3846435546875,290.06842041015625,0.0040715485811233,0.010080549865961,0.0141727104783058,1.9379730224609373,8.960235595703125,12.818588256835938,-3.857513427734375,-4.3328704833984375,-2.92108154296875
2015-08-09,6,1,299.509765625,292.6983642578125,5.37432861328125,-1.26513671875,87.25,91171.25,269.364501953125,283.41851806640625,291.9796142578125,0.0037811319343745,0.0097138695418834,0.0142874605953693,1.1688995361328125,9.482772827148438,8.93115234375,-2.38665771484375,-3.896392822265625,-2.2053985595703125
2015-08-09,12,2,299.766845703125,295.2256774902344,3.6814117431640634,-0.034149169921875,342.25,90963.890625,269.30322265625,283.6856689453125,292.7938842773437,0.0039937831461429,0.0098380334675312,0.0143440030515193,3.668365478515625,11.471542358398438,9.823822021484377,-1.5990142822265625,-4.0099639892578125,-1.2736663818359375
2015-08-09,18,3,295.49725341796875,293.2665100097656,3.8788909912109375,0.6341094970703125,6.5,91169.1875,270.0040588378906,283.6269226074219,290.8464660644531,0.0035704474430531,0.008842134848237,0.0141357518732547,3.4109039306640625,10.23455810546875,11.779205322265623,-1.3268585205078125,-5.053131103515625,-1.83441162109375
2015-08-10,0,0,296.2236328125,293.2655639648437,4.1295013427734375,-0.0380859375,6.5,91015.75,269.4291687011719,283.700439453125,290.2308349609375,0.0040690265595912,0.0094083473086357,0.014287281781435,2.88031005859375,9.638519287109377,13.693206787109377,-2.2945098876953125,-3.27435302734375,-2.3068084716796875
2015-08-10,6,1,300.13507080078125,293.7553405761719,4.990768432617188,-1.110748291015625,567.5,91114.375,268.9706420898437,283.5710144042969,291.697265625,0.0043619647622108,0.0098589472472667,0.0150531604886055,2.573150634765625,9.237808227539062,9.481613159179688,-2.1183319091796875,-4.0395050048828125,-2.2882080078125
2015-08-10,12,2,298.598388671875,295.31884765625,4.62969970703125,0.2011260986328125,24.25,90957.328125,269.6983642578125,283.968017578125,291.91668701171875,0.0045764688402414,0.0101290419697761,0.0142142958939075,2.484893798828125,9.692291259765623,10.8309326171875,-1.965484619140625,-3.402984619140625,-1.8283843994140625
2015-08-10,18,3,295.97296142578125,294.1849975585937,4.0755767822265625,0.6950531005859375,1.5,91274.65625,269.6224365234375,284.07489013671875,290.36553955078125,0.004419595003128,0.0086415708065032,0.0139639750123023,-0.60333251953125,11.2728271484375,12.607772827148438,-1.6462860107421875,-2.771209716796875,-1.5039825439453125
2015-08-11,0,0,296.7733764648437,293.8754272460937,3.721115112304688,-0.622039794921875,14.0,91121.125,268.9684143066406,283.8410339355469,289.91357421875,0.0046195313334465,0.0082050058990716,0.013994213193655,1.230743408203125,8.778854370117188,13.018173217773438,-0.3548583984375,-2.4986724853515625,-2.4499969482421875
2015-08-11,6,1,299.2851867675781,293.2559814453125,5.9671783447265625,-1.1550140380859375,0.0,91281.578125,269.76300048828125,283.7518310546875,291.9063415527344,0.0040332805365324,0.0088044516742229,0.0139565169811248,2.3551025390625,9.171646118164062,9.755386352539062,0.916412353515625,-2.5372772216796875,-1.9078216552734373
2015-08-11,12,2,300.05096435546875,294.6861267089844,3.523544311523437,0.56781005859375,357.25,91097.765625,269.62872314453125,283.6952209472656,293.45184326171875,0.0037868625950068,0.009705550968647,0.0140933878719806,5.5756378173828125,8.811904907226562,11.018341064453123,0.6509246826171875,-2.4102935791015625,0.1783905029296875
2015-08-11,18,3,295.8014221191406,293.315673828125,4.0985260009765625,0.3057708740234375,3.75,91404.625,269.4072570800781,283.4200439453125,290.8111572265625,0.0038614636287093,0.0091727972030639,0.0137161873281002,6.5914459228515625,10.69171142578125,12.593063354492188,1.0541839599609375,-2.9828033447265625,-2.884765625
2015-08-12,0,0,296.01727294921875,293.1514587402344,3.7276611328125,-0.1182708740234375,8.75,91239.765625,269.39263916015625,283.6060791015625,289.817138671875,0.0036224152427166,0.0083872526884078,0.0139080174267292,7.505722045898437,11.447998046875,12.663101196289062,0.34613037109375,-1.7795257568359375,-2.351470947265625
2015-08-12,6,1,298.04248046875,293.03546142578125,4.396392822265625,0.6504364013671875,328.75,91416.390625,268.90875244140625,282.9639587402344,291.4447326660156,0.0034861946478486,0.008715059608221,0.0142723731696605,9.533584594726562,12.685150146484377,9.966262817382812,-1.973480224609375,-2.14532470703125,-0.8349609375
2015-08-12,12,2,298.2875366210937,295.3064880371094,4.097015380859375,0.0948638916015625,59.25,91201.796875,269.3869934082031,283.8408203125,292.0130310058594,0.0045428946614265,0.0088290832936763,0.0142578892409801,8.176422119140625,12.575592041015623,11.53948974609375,-1.02984619140625,-2.316314697265625,-1.18023681640625
2015-08-12,18,3,295.26031494140625,294.2932434082031,3.724197387695313,0.6183013916015625,9.75,91404.734375,269.22979736328125,283.710693359375,289.97802734375,0.0029550010804086,0.0092305429279804,0.0141203925013542,9.441619873046877,14.051681518554688,12.653533935546877,4.134780883789063,-3.096343994140625,-2.0934295654296875
2015-08-13,0,0,296.1666259765625,293.4753112792969,3.6863861083984375,0.386505126953125,55.0,91268.5,269.1046142578125,282.78875732421875,289.7502746582031,0.0031061391346156,0.00953009724617,0.013881430029869,10.38995361328125,13.783203125,11.69805908203125,1.492645263671875,-4.147506713867188,-2.09149169921875
2015-08-13,6,1,298.58868408203125,293.9146728515625,5.518966674804688,-0.5289764404296875,146.0,91391.296875,268.7784423828125,283.6841125488281,291.5185546875,0.0038543208502233,0.0085077360272407,0.0140906237065792,10.005813598632812,12.409561157226562,10.363815307617188,-0.9367828369140624,-3.969573974609375,-1.389404296875
2015-08-13,12,2,299.98614501953125,294.174560546875,4.113433837890625,0.0946807861328125,34.0,91150.34375,270.03436279296875,283.59918212890625,293.2518920898437,0.003798896446824,0.0089297518134117,0.0140919480472803,7.731277465820312,12.142410278320312,11.231491088867188,-0.95098876953125,-4.12445068359375,-1.5557708740234375
2015-08-13,18,3,295.39410400390625,293.24737548828125,3.2840118408203125,0.2057037353515625,0.0,91432.5,269.0914306640625,283.7303466796875,290.4223327636719,0.0042993612587451,0.008645761758089,0.0142535232007503,6.7088470458984375,10.01348876953125,10.96063232421875,-0.6379241943359375,-5.045654296875,-4.1327667236328125
2015-08-14,0,0,296.5863647460937,293.9516906738281,3.2934112548828125,0.1782073974609375,36.75,91316.3125,267.6660461425781,283.3568725585937,290.01300048828125,0.0046762600541114,0.0094523318111896,0.0140923298895359,4.634429931640625,8.287994384765625,10.677276611328123,-1.3873443603515625,-4.225357055664063,-2.781036376953125
2015-08-14,6,1,298.5277404785156,292.81884765625,4.6325225830078125,-0.3320770263671875,259.0,91384.921875,269.742919921875,283.5016784667969,291.4761962890625,0.0038829972036182,0.0096157360821962,0.0148028247058391,1.227935791015625,8.190963745117188,7.98455810546875,-1.0160675048828125,-4.096969604492188,-0.9608917236328124
2015-08-14,12,2,301.6651611328125,294.8739013671875,3.3592987060546875,-0.867462158203125,72.75,91132.6875,269.654052734375,284.0746459960937,293.88397216796875,0.0043932683765888,0.009132158011198,0.0140896029770374,1.0527496337890625,7.7657470703125,7.492340087890625,0.810760498046875,-4.2540283203125,-2.4055633544921875
2015-08-14,18,3,296.18182373046875,293.6340637207031,3.08184814453125,0.2528839111328125,15.75,91441.078125,269.13427734375,284.0634765625,291.26593017578125,0.0037325685843825,0.0077207200229167,0.0140359178185462,0.5078582763671875,4.729949951171875,9.187408447265623,1.22821044921875,-3.940109252929688,-3.1513671875
2015-08-15,0,0,296.12335205078125,293.7950439453125,2.910995483398437,-0.0864410400390625,5.75,91341.90625,269.3268127441406,283.3314819335937,290.7291564941406,0.0031392253004014,0.0082193166017532,0.0130521468818187,-0.6472625732421875,3.524261474609375,10.285598754882812,2.2443084716796875,-2.8197021484375,-3.956832885742188
2015-08-15,6,1,300.6417236328125,293.4474792480469,4.27471923828125,-1.1313018798828125,12.0,91514.546875,268.6418762207031,283.80029296875,292.2062072753906,0.0032760186586529,0.0077652782201766,0.0130683556199073,0.6662139892578125,4.148284912109375,7.2024993896484375,1.071868896484375,-1.61083984375,-2.56817626953125
2015-08-15,12,2,302.3712158203125,293.46368408203125,3.2231903076171875,-0.3868865966796875,10.25,91207.875,269.4405822753906,284.06768798828125,294.49322509765625,0.0028148877900093,0.0084493719041347,0.0131646674126386,-0.5385284423828125,4.9224395751953125,7.3661956787109375,-3.1881256103515625,-2.830307006835937,-2.1567840576171875
2015-08-15,18,3,296.4134521484375,293.64093017578125,2.797882080078125,-0.2911834716796875,20.5,91568.46875,269.5325927734375,283.086669921875,291.1656799316406,0.0027061058208346,0.0094560571014881,0.0138630047440528,-3.7115478515625,3.36688232421875,8.361526489257812,-1.61126708984375,-2.227081298828125,-3.5839080810546875
2015-08-16,0,0,295.3082275390625,293.6137084960937,2.9484405517578125,-0.829010009765625,2.75,91444.5,268.8749694824219,283.161865234375,290.00543212890625,0.003437990322709,0.0089467093348503,0.0135181546211242,-2.7390289306640625,4.4320831298828125,8.982742309570312,1.8952484130859373,-0.68780517578125,-5.162322998046875
2015-08-16,6,1,298.6000061035156,292.8935546875,3.4923553466796875,-2.00103759765625,70.0,91597.703125,268.2294311523437,282.84051513671875,291.3660888671875,0.0041574090719223,0.0096980929374694,0.0140334665775299,-1.62652587890625,3.968353271484375,5.5623931884765625,2.284164428710937,-1.7383880615234375,-3.4236297607421875
2015-08-16,12,2,301.19464111328125,294.24609375,2.311752319335937,-1.3225555419921875,237.0,91288.9375,268.8836975097656,283.319580078125,294.1904602050781,0.0040070973336696,0.0103194825351238,0.0132787153124809,-1.423126220703125,4.0464935302734375,5.8396759033203125,-1.072174072265625,-4.050460815429688,-5.2965240478515625
2015-08-16,18,3,295.5761108398437,294.2974853515625,1.7721710205078125,-0.4730224609375,143.75,91561.8125,268.4628295898437,282.81622314453125,290.93194580078125,0.0039687566459178,0.0101403482258319,0.0143871568143367,-4.8621826171875,1.9126434326171875,6.857467651367188,-3.887054443359375,-4.231414794921875,-5.0043487548828125
2015-08-17,0,0,295.8795471191406,293.8160400390625,1.8058319091796875,-1.170196533203125,22.5,91368.671875,268.1683959960937,283.445556640625,291.12469482421875,0.0044018104672431,0.0094472728669643,0.0130747407674789,-6.089202880859375,1.1870574951171875,5.8407745361328125,-0.1918182373046875,0.5345916748046875,-6.497604370117188
2015-08-17,6,1,299.3143615722656,293.8635559082031,1.60455322265625,-2.0174560546875,176.75,91433.671875,270.0915832519531,283.546630859375,291.94903564453125,0.0034085214138031,0.0092870593070983,0.0142387300729751,-1.14129638671875,-0.06298828125,2.181732177734375,6.846435546875,-0.6080780029296875,-3.2406768798828125
2015-08-17,12,2,300.9004821777344,294.78387451171875,-1.0672149658203125,0.2211456298828125,533.5,91153.484375,270.4532470703125,283.7831726074219,294.222900390625,0.0034349330235272,0.0095365196466445,0.014843612909317,-2.436386108398437,-1.2259368896484375,-1.041290283203125,3.6749420166015625,1.3080902099609375,-0.5260467529296875
2015-08-17,18,3,295.7016906738281,294.477783203125,0.908966064453125,0.0610504150390625,574.75,91539.15625,268.57037353515625,283.5806884765625,291.22479248046875,0.0041883406229317,0.0106880739331245,0.014789754524827,-4.945571899414063,-1.2077178955078125,0.2100982666015625,4.6854400634765625,0.722625732421875,3.9154205322265625
2015-08-18,0,0,296.425048828125,294.56719970703125,0.53106689453125,0.33123779296875,163.75,91367.0625,268.6711120605469,284.1571960449219,291.5399780273437,0.002952535636723,0.0093849003314971,0.0140073429793119,-8.617904663085938,-1.92950439453125,0.0863037109375,6.223846435546875,3.400909423828125,2.95269775390625
2015-08-18,6,1,301.3806457519531,294.633544921875,-0.4067535400390625,1.94775390625,69.0,91456.453125,269.76806640625,284.068115234375,292.73651123046875,0.0016254619695246,0.0085864327847957,0.0142340250313282,-9.68646240234375,-3.9327239990234375,-0.842010498046875,4.954132080078125,3.495346069335937,2.662139892578125
2015-08-18,12,2,303.5814819335937,293.5685119628906,-0.8323516845703125,1.076446533203125,33.0,91175.0,269.95513916015625,284.5365905761719,295.0675048828125,0.0023231948725879,0.0079667642712593,0.0135827325284481,-8.073104858398438,-3.04168701171875,-2.0976104736328125,4.397628784179688,1.9285888671875,1.6089935302734375
2015-08-18,18,3,297.0966796875,294.502197265625,0.908447265625,-0.0152740478515625,145.0,91592.375,268.5826110839844,283.2465209960937,291.3460693359375,0.0029450105503201,0.009384412318468,0.0147481560707092,-9.550308227539062,-4.463638305664063,-1.327392578125,6.8861846923828125,0.8836517333984375,4.4054107666015625
2015-08-19,0,0,297.0602722167969,294.41796875,-1.018646240234375,1.47235107421875,90.0,91460.578125,268.3921203613281,284.0941772460937,291.7445068359375,0.0031843013130128,0.0075211636722087,0.0142322927713394,-4.845504760742188,-4.8802642822265625,-2.3498687744140625,9.129837036132812,0.671173095703125,5.734954833984375
2015-08-19,6,1,300.9433898925781,293.9165344238281,-1.66229248046875,3.07635498046875,269.0,91561.84375,268.67413330078125,284.67364501953125,293.59912109375,0.0029870960861444,0.0087163522839546,0.0138639248907566,-3.169891357421875,-2.99224853515625,-2.8000030517578125,6.64483642578125,4.387176513671875,4.431488037109375
2015-08-19,12,2,302.6005249023437,295.109130859375,-0.1684112548828125,2.13262939453125,685.75,91335.390625,269.0702514648437,284.1678466796875,294.6445617675781,0.0029452089220285,0.0099952481687068,0.0141446031630039,-4.500030517578125,-1.4258880615234375,-0.887939453125,1.812744140625,4.6157989501953125,4.672027587890625
2015-08-19,18,3,296.5915222167969,295.1759338378906,2.0036163330078125,0.4234771728515625,519.0,91607.03125,268.627685546875,283.8765869140625,292.0295104980469,0.0026174143422394,0.0094405375421047,0.0149571411311626,-4.4111175537109375,-0.1772613525390625,2.947982788085937,4.651870727539063,3.0287322998046875,3.832122802734375
2015-08-20,0,0,295.75909423828125,294.08380126953125,1.5343017578125,0.0448760986328125,150.0,91558.75,267.8773803710937,283.9759521484375,291.8822631835937,0.0028267197776585,0.008979994803667,0.0140007585287094,-1.790679931640625,0.5598907470703125,4.950973510742188,5.30279541015625,1.5925445556640625,1.42547607421875
2015-08-20,6,1,300.7404479980469,294.6190795898437,2.6959228515625,1.3658294677734375,708.75,91666.59375,268.1876220703125,283.60260009765625,291.8998718261719,0.0025367888156324,0.0094542875885963,0.0147880502045154,-0.6954193115234375,1.13623046875,4.1115264892578125,2.407928466796875,3.0616912841796875,1.7821197509765625
2015-08-20,12,2,300.841552734375,293.9460144042969,2.0330047607421875,1.288787841796875,1060.75,91334.734375,268.3515625,283.9552307128906,294.209228515625,0.0035228552296757,0.0093825869262218,0.0144989974796772,1.595611572265625,3.819259643554688,5.7791900634765625,0.52081298828125,2.188079833984375,4.7955322265625
2015-08-20,18,3,295.1932983398437,293.3603820800781,2.086532592773437,-0.48699951171875,493.5,91663.25,267.4234619140625,283.8741455078125,291.51727294921875,0.0031885418575257,0.0090929754078388,0.0150512941181659,5.571441650390625,3.427825927734375,8.64190673828125,3.5848388671875,-0.6868438720703125,0.2370452880859375
2015-08-21,0,0,295.4947204589844,293.7431640625,2.31231689453125,0.8567657470703125,277.5,91508.078125,267.19146728515625,283.16668701171875,291.42626953125,0.0041445270180702,0.0090491622686386,0.0135550238192081,8.479843139648438,4.7508697509765625,7.5815277099609375,-0.2063140869140625,2.085052490234375,0.243927001953125
2015-08-21,6,1,298.00836181640625,293.178466796875,3.778564453125,0.782196044921875,499.25,91615.0,267.3837890625,283.244140625,291.2170104980469,0.0039329910650849,0.008861981332302,0.0144766345620155,9.794204711914062,5.3172760009765625,6.215744018554688,0.17901611328125,2.9291534423828125,0.8806610107421875
2015-08-21,12,2,297.81988525390625,294.18310546875,2.70111083984375,0.55548095703125,1072.0,91367.578125,268.2059326171875,283.791015625,291.6859130859375,0.0048938170075416,0.0092079862952232,0.0153877548873424,9.973739624023438,6.8336029052734375,7.532638549804687,-0.75286865234375,0.5251007080078125,0.3831787109375
2015-08-21,18,3,294.8008117675781,294.1661376953125,2.54486083984375,0.4311065673828125,464.0,91633.171875,267.9721069335937,283.6662292480469,290.89178466796875,0.0050158686935901,0.0094824880361557,0.0145299471914768,7.454345703125,6.07135009765625,9.305862426757812,-1.2036895751953125,-3.216415405273437,-1.375885009765625
2015-08-22,0,0,295.30010986328125,294.1049194335937,3.647247314453125,-0.0965576171875,216.0,91461.203125,267.76953125,282.76171875,290.4600830078125,0.0049758311361074,0.0079694986343383,0.0137179251760244,5.25445556640625,5.2463226318359375,9.298065185546877,-1.816314697265625,-2.4278106689453125,-3.949951171875
2015-08-22,6,1,296.9141845703125,294.435791015625,3.5366973876953125,-1.366668701171875,329.25,91547.484375,267.74688720703125,282.404052734375,290.86895751953125,0.0047247940674424,0.0092678889632225,0.0137429162859916,3.777984619140625,7.2587738037109375,7.081329345703125,-5.441940307617188,-1.352874755859375,-3.7299957275390634
2015-08-22,12,2,296.6252746582031,293.6783752441406,2.8761749267578125,-0.3359527587890625,206.0,91218.203125,269.12237548828125,283.6835327148437,291.536865234375,0.0050574764609336,0.0092892721295356,0.0145847685635089,2.6287384033203125,4.6901702880859375,6.958053588867188,-2.32720947265625,-2.830917358398437,-3.07562255859375
2015-08-22,18,3,293.85223388671875,293.1181030273437,3.1197509765625,0.3367919921875,196.0,91514.671875,268.0478515625,283.055908203125,290.3393859863281,0.0049443580210208,0.0094103915616869,0.0134612694382667,0.741729736328125,5.298751831054688,11.025711059570312,-4.1502838134765625,-6.6132354736328125,-4.475494384765625
2015-08-23,0,0,295.07733154296875,293.39947509765625,3.0472412109375,0.140411376953125,39.25,91400.015625,267.85028076171875,282.4613037109375,290.28302001953125,0.0042088329792022,0.0088169686496257,0.0129193775355815,-0.831512451171875,6.982421875,10.734527587890623,-5.100921630859375,-4.2565765380859375,-5.3003997802734375
2015-08-23,6,1,298.7667236328125,292.8385009765625,4.71270751953125,-0.9684295654296876,196.0,91494.703125,267.7112731933594,282.6541748046875,290.9459228515625,0.0031423980835825,0.0080872718244791,0.0136746875941753,-0.53057861328125,7.446197509765625,8.43524169921875,-3.193939208984375,-4.485122680664063,-2.5582427978515625
2015-08-23,12,2,298.42974853515625,294.56854248046875,2.5153961181640625,0.2506561279296875,271.25,91316.9375,267.7562866210937,282.9144897460937,292.3173217773437,0.0039217695593833,0.0087211281061172,0.0135245285928249,1.0284271240234375,8.226943969726562,8.581375122070312,-5.3376007080078125,-3.7235107421875,-2.947906494140625
2015-08-23,18,3,295.4159545898437,293.8306579589844,3.2828826904296875,-0.440277099609375,13.75,91592.390625,267.70965576171875,282.8797607421875,290.8135986328125,0.0032988602761179,0.0075243115425109,0.0128063857555389,1.6782073974609375,7.826416015625,10.823837280273438,-2.853759765625,-4.46881103515625,-4.6318206787109375
2015-08-24,0,0,295.0556640625,292.8837280273437,2.9604949951171875,-0.0186614990234375,0.25,91454.671875,268.4682006835937,282.33123779296875,290.3260803222656,0.0025325110182166,0.0086077600717544,0.0114957280457019,3.8480224609375,6.06036376953125,11.036636352539062,-2.5816650390625,-2.9524383544921875,-6.1139678955078125
2015-08-24,6,1,299.01318359375,291.822265625,4.357391357421875,-2.6650848388671875,3.25,91588.53125,268.68218994140625,282.44647216796875,291.5433654785156,0.0025885598734021,0.0077450163662433,0.0120961926877498,5.115982055664063,6.695114135742188,7.1878662109375,-2.3854522705078125,-2.9201812744140625,-4.891021728515625
2015-08-24,12,2,300.604248046875,292.253173828125,2.760528564453125,-1.2939300537109375,0.0,91342.296875,269.0968322753906,283.0788879394531,292.9552917480469,0.0030131991952657,0.0078921057283878,0.01234120875597,6.158050537109375,7.753005981445312,6.2684478759765625,-0.7518768310546875,-4.3061065673828125,-3.690383911132813
2015-08-24,18,3,295.5377197265625,293.01690673828125,3.025421142578125,-0.462921142578125,0.0,91601.8125,268.14111328125,283.57427978515625,291.03045654296875,0.0032420502975583,0.0067090280354022,0.0131610482931137,6.91058349609375,3.8891448974609375,9.586944580078123,-0.908203125,-5.615982055664063,-4.283950805664063
2015-08-25,0,0,295.1658630371094,292.4519958496094,2.637359619140625,-0.4148406982421875,0.0,91410.296875,268.8436279296875,282.85089111328125,291.0169372558594,0.0034151256550103,0.0079379081726074,0.0098820738494396,6.724609375,2.3633575439453125,10.4169921875,-2.20819091796875,-4.823287963867188,-7.1715087890625
2015-08-25,6,1,298.8587646484375,291.51885986328125,4.3812255859375,-2.5594940185546875,5.25,91543.453125,268.7064208984375,282.6578369140625,291.765869140625,0.0028787178453058,0.0080384947359561,0.011791206896305,6.828155517578125,2.8514556884765625,7.1223907470703125,-3.266845703125,-2.753524780273437,-4.75384521484375
2015-08-25,12,2,301.3465270996094,292.92120361328125,2.6297760009765625,-1.220062255859375,0.5,91227.6875,269.5389404296875,283.0911865234375,293.7177124023437,0.0023423884995281,0.0074104852974414,0.0121963359415531,7.465194702148437,7.2752685546875,6.1751556396484375,-3.657180786132813,-5.128692626953125,-3.30584716796875
2015-08-25,18,3,296.12603759765625,293.1842346191406,3.2935333251953125,-0.365753173828125,2.0,91502.96875,269.03338623046875,284.0052490234375,291.3359375,0.0021485730540007,0.0062574967741966,0.0129192993044853,6.936187744140625,4.6182403564453125,9.407958984375,-4.421188354492188,-3.932662963867188,-2.736801147460937
2015-08-26,0,0,294.9989624023437,292.88671875,2.95123291015625,-0.309051513671875,0.0,91307.546875,269.20635986328125,283.9960021972656,290.2305603027344,0.0016076664905995,0.0045240148901939,0.0114034339785575,8.950927734375,5.4312896728515625,10.493881225585938,-3.5969390869140625,-4.0516510009765625,-6.1220550537109375
2015-08-26,6,1,298.218505859375,291.2930908203125,4.760528564453125,-1.2838287353515625,4.5,91417.09375,270.18865966796875,282.68023681640625,291.1591796875,0.0009916010312736,0.0073672197759151,0.0124650448560714,8.85888671875,7.479644775390625,9.03546142578125,-1.5886688232421875,-4.401168823242188,-3.2681884765625
2015-08-26,12,2,298.9798583984375,293.8989562988281,2.7248992919921875,0.4260711669921875,181.75,91110.71875,268.1107788085937,283.0416259765625,293.0367126464844,0.0022243892308324,0.0087359212338924,0.0132440291345119,7.318359375,8.24151611328125,8.501113891601562,-7.0525665283203125,-3.895538330078125,0.3509979248046875
2015-08-26,18,3,295.3604736328125,292.58062744140625,3.219573974609375,0.3732147216796875,7.25,91354.3125,268.01922607421875,282.78692626953125,290.82391357421875,0.003754460485652,0.0086610578000545,0.0137064158916473,4.886749267578125,7.373367309570312,10.129135131835938,-3.30859375,-5.256683349609375,-2.11322021484375
2015-08-27,0,0,295.6402587890625,293.5243835449219,3.4849395751953125,0.038177490234375,3.75,91167.90625,268.5108337402344,282.7094116210937,289.8788452148437,0.0042859595268964,0.0092277191579341,0.0136845484375953,6.41278076171875,5.33953857421875,10.228530883789062,-1.4622039794921875,-4.087158203125,-3.005462646484375
2015-08-27,6,1,298.21929931640625,292.7994689941406,4.028244018554688,-0.9372711181640624,498.25,91326.140625,268.7600402832031,282.9371337890625,291.1051330566406,0.0031395175028592,0.0091190561652183,0.0144756585359573,7.191909790039063,7.647781372070312,7.858001708984375,-1.623992919921875,-1.7319183349609375,-2.17193603515625
2015-08-27,12,2,297.7453918457031,295.11895751953125,2.7524871826171875,-0.2960662841796875,303.5,91152.5,268.12078857421875,283.18463134765625,292.0992431640625,0.004715621471405,0.0084287151694297,0.0146574862301349,5.648895263671875,7.89361572265625,8.495407104492188,-1.26116943359375,-3.7329254150390634,-2.74444580078125
2015-08-27,18,3,294.91131591796875,292.9132385253906,3.985549926757813,1.2528839111328125,1.5,91422.5625,268.5518493652344,283.7638244628906,290.6024475097656,0.0026238251011818,0.0071182865649461,0.0131406113505363,4.728057861328125,6.362838745117188,12.259796142578123,-0.0348358154296875,-2.96099853515625,0.241973876953125
2015-08-28,0,0,295.0035095214844,292.6680908203125,3.619781494140625,0.4199066162109375,9.75,91279.1875,269.0980224609375,283.9127197265625,289.8759460449219,0.0024135613348335,0.0055058822035789,0.0114215575158596,5.0889434814453125,6.390716552734375,13.1376953125,1.7105865478515625,-2.5712432861328125,-2.073715209960937
2015-08-28,6,1,298.7403259277344,291.4472961425781,4.764312744140625,-0.8372650146484375,0.0,91456.28125,269.1476135253906,283.178955078125,291.02032470703125,0.0014287589583545,0.005954273045063,0.01206686347723,6.813751220703125,7.1564788818359375,7.397140502929687,0.673431396484375,-1.2495880126953125,-1.4162139892578125
2015-08-28,12,2,300.372802734375,291.283203125,2.778793334960937,0.1858367919921875,0.0,91231.53125,269.4732666015625,283.82818603515625,293.5200500488281,0.0011673884000629,0.0046280627138912,0.0107962302863597,8.643386840820312,8.188690185546875,7.850997924804687,-0.4293060302734375,-0.90972900390625,-0.188568115234375
2015-08-28,18,3,296.0527038574219,292.83087158203125,3.258651733398437,0.5238494873046875,0.0,91478.390625,270.2124328613281,284.0721130371094,291.886962890625,0.0009561111219227,0.0041991621255874,0.0113841630518436,6.677261352539063,9.139801025390623,9.816192626953123,-2.9420928955078125,-1.724029541015625,-0.1170806884765625
2015-08-29,0,0,294.668212890625,292.80157470703125,2.59527587890625,0.150909423828125,0.0,91283.625,270.1709289550781,284.5675048828125,291.0599975585937,0.0009504659101366,0.0051315538585186,0.0108725205063819,4.1297454833984375,8.290115356445312,10.882904052734377,-1.6511077880859375,-4.0293731689453125,-3.344573974609375
2015-08-29,6,1,299.7001342773437,292.20654296875,4.67181396484375,-0.5756683349609375,10.0,91458.0625,270.32818603515625,283.29461669921875,292.1146240234375,0.0010981813538819,0.0063117295503616,0.0118740275502204,4.6573638916015625,6.88909912109375,8.905166625976562,-1.1659393310546875,-2.9991455078125,-1.5737457275390625
2015-08-29,12,2,300.3826904296875,292.6187744140625,2.57904052734375,0.252716064453125,0.25,91169.140625,270.46160888671875,282.8402099609375,293.82208251953125,0.0015807249583303,0.0093409530818462,0.0122207552194595,4.8112640380859375,6.287689208984375,6.7649688720703125,-2.0976104736328125,-2.6270751953125,-0.11151123046875
2015-08-29,18,3,296.40533447265625,293.49786376953125,2.9647369384765625,0.5574951171875,22.25,91519.0625,269.5263671875,282.9742431640625,291.38818359375,0.0016678432002663,0.0087457187473773,0.0133979395031929,3.134872436523437,4.543701171875,9.05853271484375,-1.316314697265625,-1.9620513916015625,-2.116363525390625
2015-08-30,0,0,295.18115234375,293.3079528808594,2.5033721923828125,0.589080810546875,0.25,91359.65625,270.490234375,282.7845458984375,291.3719482421875,0.002382882637903,0.0089290887117385,0.0114486068487167,0.2669830322265625,3.3909912109375,8.894989013671875,0.1596527099609375,-0.8805389404296875,-2.8487548828125
2015-08-30,6,1,299.5890197753906,292.5521240234375,4.354400634765625,-0.9881439208984376,3.75,91476.96875,270.368408203125,283.1004638671875,292.2630920410156,0.001954823732376,0.0086997859179973,0.0122287310659885,0.8339385986328125,3.800491333007813,7.35675048828125,0.497283935546875,0.198028564453125,-1.8659820556640625
2015-08-30,12,2,300.3673095703125,293.0946044921875,3.086044311523437,-0.24871826171875,17.5,91218.859375,271.3812866210937,282.93359375,293.74908447265625,0.0017200952861458,0.0090870279818773,0.0126223303377628,0.75537109375,5.01141357421875,6.57427978515625,1.512664794921875,-0.34912109375,-0.636199951171875
2015-08-30,18,3,296.606689453125,292.5099792480469,3.313079833984375,0.5528717041015625,46.5,91556.78125,271.0242919921875,282.4555053710937,291.6959228515625,0.0015199400950223,0.009373053908348,0.0129054337739944,-0.4985504150390625,2.6985015869140625,8.683822631835938,2.2285308837890625,-0.601470947265625,-0.766204833984375
2015-08-31,0,0,295.5931396484375,293.4203491210937,2.73809814453125,-0.07183837890625,0.0,91415.609375,270.13238525390625,283.008544921875,291.73248291015625,0.0017701482865959,0.0086338482797145,0.0109126772731542,-0.2548980712890625,2.736602783203125,10.412506103515623,5.267623901367188,0.6897125244140625,-3.2625274658203125
2015-08-31,6,1,299.42352294921875,292.40545654296875,4.505386352539063,-1.3104248046875,0.0,91603.328125,270.9927978515625,283.1008605957031,291.8677978515625,0.0020354662556201,0.0065047219395637,0.012332759797573,0.3716583251953125,4.885299682617188,7.03289794921875,5.725357055664063,0.5119476318359375,-2.1753692626953125
2015-08-31,12,2,301.5570068359375,292.27642822265625,2.465911865234375,-0.6944427490234375,0.0,91328.609375,270.634521484375,283.13983154296875,294.00164794921875,0.0017350942362099,0.0073891282081604,0.011665616184473,4.64019775390625,6.343963623046875,4.948532104492188,1.9320068359375,-0.2060546875,-1.822021484375
2015-08-31,18,3,296.87213134765625,292.6392517089844,1.922821044921875,-0.107940673828125,40.0,91590.8125,270.839111328125,282.8309936523437,292.0528869628906,0.0015835748054087,0.0078952386975288,0.0133211314678192,2.5537567138671875,4.1763458251953125,5.1714630126953125,0.514892578125,-2.83587646484375,-2.082305908203125
2015-09-01,0,0,295.90338134765625,293.4790344238281,1.8879241943359373,-0.4777374267578125,0.0,91379.703125,271.0096130371094,282.8515014648437,292.09503173828125,0.0019394413102418,0.0074280947446823,0.0111268758773803,0.2697601318359375,4.1475372314453125,5.479660034179688,0.5750274658203125,0.118499755859375,-1.76324462890625
2015-09-01,6,1,300.2344055175781,292.16192626953125,3.0260162353515625,-0.8281707763671875,0.0,91473.78125,271.07421875,282.9110717773437,292.474365234375,0.0019827410578727,0.0066313184797763,0.0122140161693096,-0.5944671630859375,5.589630126953125,4.48779296875,-0.0791015625,-0.65118408203125,-1.4003753662109375
2015-09-01,12,2,301.420166015625,292.68316650390625,2.3762664794921875,-0.654541015625,0.0,91234.4375,270.3973388671875,283.53466796875,294.569091796875,0.0018465905450284,0.0078496001660823,0.0120022594928741,1.42877197265625,6.6940460205078125,5.400543212890625,0.6801910400390625,-0.576995849609375,-1.8595123291015625
2015-09-01,18,3,296.65185546875,292.32879638671875,2.4698028564453125,-0.1216583251953125,3.25,91515.96875,270.24493408203125,283.4520874023437,292.44091796875,0.0018693637102842,0.0072528570890426,0.0131705440580844,1.5463409423828125,4.70556640625,6.7684478759765625,0.278961181640625,-1.2893218994140625,-2.148773193359375
2015-09-02,0,0,295.23980712890625,293.855712890625,2.081390380859375,-0.3966827392578125,0.5,91356.609375,270.6972351074219,282.6737670898437,292.51513671875,0.0016622643452137,0.0064836926758289,0.0107894018292427,0.1960296630859375,3.753463745117188,4.498550415039063,-0.724884033203125,2.076629638671875,-1.5739593505859375
2015-09-02,6,1,299.59967041015625,292.14996337890625,2.7821197509765625,-0.4867706298828125,0.0,91404.359375,270.68560791015625,283.79608154296875,292.484130859375,0.0015780117828398,0.0050856173038482,0.0121868960559368,-0.4365692138671875,5.37158203125,4.2136077880859375,-1.1457672119140625,0.0125732421875,-1.127227783203125
2015-09-02,12,2,301.5914306640625,293.17626953125,2.090560913085937,-0.462799072265625,0.0,91184.4375,269.593505859375,283.65496826171875,294.725341796875,0.0018848474137485,0.0072922445833683,0.0119802057743072,0.657867431640625,5.91168212890625,4.61383056640625,-0.4385223388671875,-0.2490081787109375,-1.680694580078125
2015-09-02,18,3,296.71856689453125,292.2845764160156,1.6379241943359375,-0.4999542236328125,0.5,91443.875,269.0136108398437,283.1817932128906,293.42120361328125,0.0019176166970282,0.0081233829259872,0.0128219090402126,0.5583648681640625,2.4145660400390625,3.11773681640625,0.4855499267578125,1.036346435546875,-0.952728271484375
2015-09-03,0,0,295.4002380371094,293.48052978515625,1.143096923828125,-0.328643798828125,19.5,91335.546875,268.9128112792969,282.171142578125,292.39849853515625,0.0020654324907809,0.0082094185054302,0.012651152908802,1.795745849609375,2.330108642578125,3.3423614501953125,0.8800048828125,2.1820068359375,-0.648468017578125
2015-09-03,6,1,300.60223388671875,292.8451538085937,1.1518096923828125,0.7174072265625,0.0,91485.25,269.2261962890625,283.714599609375,293.01202392578125,0.0020078984089195,0.0074709318578243,0.0130147114396095,0.15240478515625,1.482757568359375,1.3883056640625,-0.592529296875,2.892822265625,1.054718017578125
2015-09-03,12,2,302.71197509765625,293.61529541015625,0.0333404541015625,0.720245361328125,65.625,91248.421875,269.729248046875,283.963134765625,294.4422912597656,0.0018664179369807,0.0077052377164363,0.0134500302374362,-1.9192657470703125,1.2958984375,0.434600830078125,-1.3493499755859375,1.94580078125,0.87969970703125
2015-09-03,18,3,296.56072998046875,294.20098876953125,-0.7093963623046875,1.7832183837890625,135.75,91570.3125,268.35089111328125,283.149169921875,293.2720947265625,0.0029223605524748,0.0086159296333789,0.0131068378686904,-3.4249725341796875,-2.106597900390625,2.38531494140625,-1.200958251953125,0.2522430419921875,2.48828125
2015-09-04,0,0,296.94677734375,293.98455810546875,-0.766571044921875,1.0498809814453125,24.75,91492.171875,268.465087890625,283.28594970703125,292.0637512207031,0.0034280170220881,0.0091494210064411,0.0130784660577774,-5.895355224609375,-0.960418701171875,0.5461578369140625,1.4389190673828125,2.004638671875,1.5438385009765625
2015-09-04,6,1,300.9311218261719,294.78619384765625,0.821136474609375,0.3687896728515625,1034.75,91676.0625,268.59765625,283.6739501953125,292.69171142578125,0.0032778158783912,0.0086892805993556,0.0151198990643024,-5.3584747314453125,-2.00616455078125,0.912445068359375,2.7367706298828125,2.4214630126953125,0.3238677978515625
2015-09-04,12,2,301.4770812988281,294.98590087890625,0.4642791748046875,-0.213531494140625,1465.0,91432.53125,269.6126708984375,283.49578857421875,294.39111328125,0.0029619066044688,0.0097168125212192,0.0152085237205028,-4.929107666015625,-2.527679443359375,1.56915283203125,1.5782928466796875,2.9799346923828125,-0.89361572265625
2015-09-04,18,3,295.2800598144531,294.15679931640625,0.3494873046875,-0.07781982421875,828.25,91794.84375,268.0247802734375,283.98638916015625,291.6444702148437,0.004037988372147,0.0071270279586315,0.0153660401701927,-3.3760528564453125,-1.11676025390625,2.392822265625,2.909332275390625,1.67236328125,-0.9433441162109376
2015-09-05,0,0,296.24005126953125,294.3908996582031,0.41400146484375,-0.6602020263671875,339.75,91627.734375,267.86627197265625,283.9964599609375,291.8012390136719,0.0037751481868326,0.0072957016527652,0.0136471912264823,-0.5148162841796875,-1.9102783203125,-0.554412841796875,4.7900390625,0.0169525146484375,0.0446929931640625
2015-09-05,6,1,301.0452880859375,295.0125732421875,-0.077362060546875,1.0001220703125,198.75,91741.40625,268.455810546875,284.0863037109375,292.5048828125,0.0034017758443951,0.0077555701136589,0.0141271986067295,-2.1365203857421875,-3.1449737548828125,-0.4001312255859375,0.7344207763671875,1.71014404296875,1.2552032470703125
2015-09-05,12,2,301.15789794921875,295.48486328125,0.044708251953125,0.7357940673828125,744.0,91388.734375,269.3688049316406,283.5517578125,294.49029541015625,0.0029460981022566,0.0093227438628673,0.0145282559096813,-1.48016357421875,-1.7780303955078125,0.14068603515625,-0.332763671875,1.4428863525390625,-0.0719146728515625
2015-09-05,18,3,295.8693542480469,294.4618225097656,1.3852386474609375,1.0894622802734375,402.25,91775.5,268.331787109375,283.724853515625,291.52587890625,0.0037476641591638,0.0089016146957874,0.0145742632448673,-3.2674560546875,-2.110198974609375,1.043426513671875,-1.181640625,2.885772705078125,3.94189453125
2015-09-06,0,0,295.89532470703125,294.28350830078125,1.4544219970703125,1.3973541259765625,40.5,91600.296875,268.61053466796875,283.03466796875,291.24420166015625,0.0032552068587392,0.008552573621273,0.0135081969201564,-4.17645263671875,0.363525390625,1.998382568359375,-1.84368896484375,1.1478271484375,4.61981201171875
2015-09-06,6,1,300.7200622558594,296.01123046875,2.5457763671875,1.4155120849609375,226.25,91734.03125,268.2245483398437,283.5370178222656,291.82080078125,0.0028619996737688,0.0085070207715034,0.0141618847846984,-3.1298370361328125,-0.4517974853515625,3.61322021484375,-1.0921783447265625,1.418212890625,1.843841552734375
2015-09-06,12,2,300.49981689453125,294.50445556640625,1.82000732421875,0.819244384765625,1455.25,91348.671875,269.8720092773437,283.11187744140625,294.2651062011719,0.0032041170634329,0.0097340084612369,0.01579375192523,-2.093414306640625,1.374725341796875,2.46795654296875,0.249267578125,2.727081298828125,2.0526275634765625
2015-09-06,18,3,294.488037109375,293.6122741699219,3.1053619384765625,0.589630126953125,496.5,91749.375,267.7071533203125,283.64215087890625,290.5629272460937,0.0048069898039102,0.009300522506237,0.0146870575845241,0.9366607666015624,3.229156494140625,9.902984619140623,2.313446044921875,2.301361083984375,1.5164337158203125
2015-09-07,0,0,294.7515869140625,293.77947998046875,2.47705078125,-0.4843902587890625,255.0,91613.953125,267.8466186523437,282.56573486328125,290.7716064453125,0.0047920644283294,0.0094418674707412,0.0131369531154632,2.19805908203125,4.005340576171875,7.223175048828125,2.8180694580078125,3.045867919921875,-2.0644683837890625
2015-09-07,6,1,297.130126953125,293.9547119140625,3.88006591796875,0.520294189453125,288.25,91677.546875,268.06182861328125,283.0129699707031,291.15826416015625,0.0046022199094295,0.0087033845484256,0.0139956027269363,2.6959991455078125,4.748748779296875,6.5917510986328125,2.297821044921875,3.62506103515625,0.9369354248046876
2015-09-07,12,2,298.6055603027344,294.0967102050781,2.615478515625,2.804290771484375,680.75,91441.890625,268.2906494140625,282.1947326660156,291.74627685546875,0.0047174505889415,0.0090986900031566,0.0146662481129169,2.928497314453125,6.0386962890625,6.672622680664063,2.37091064453125,6.379302978515625,6.4310302734375
2015-09-07,18,3,294.4129333496094,292.9864196777344,2.9447174072265625,1.2891998291015625,180.75,91705.515625,267.7958984375,282.46905517578125,290.66192626953125,0.0047312332317233,0.0095011182129383,0.0122491419315338,5.675552368164063,3.817657470703125,9.4166259765625,5.0977630615234375,3.077728271484375,6.0385284423828125
2015-09-08,0,0,294.41583251953125,292.85260009765625,2.2534942626953125,0.9997100830078124,74.0,91522.71875,267.80694580078125,282.3233947753906,290.8436889648437,0.0050740353763103,0.0082589099183678,0.0111192688345909,4.229766845703125,4.9435882568359375,8.471893310546875,6.053970336914063,4.322113037109375,6.31231689453125
2015-09-08,6,1,298.6976928710937,293.70867919921875,3.661209106445313,2.8626861572265625,143.25,91659.90625,267.9400939941406,282.33428955078125,290.5086364746094,0.0046039707958698,0.0071560330688953,0.0123995915055274,6.990142822265625,7.384140014648437,8.114227294921875,10.698165893554688,6.792449951171875,6.443756103515625
2015-09-08,12,2,298.8783264160156,293.2408447265625,3.75494384765625,2.2425537109375,20.5,91366.796875,268.12255859375,283.31024169921875,291.416015625,0.0044864639639854,0.0076996497809886,0.0129864998161792,7.8191375732421875,14.981765747070312,8.687667846679688,9.508804321289062,7.05609130859375,5.975601196289063
2015-09-08,18,3,294.414306640625,292.72271728515625,2.34332275390625,1.0277862548828125,0.0,91701.21875,267.91162109375,282.4468994140625,290.5585021972656,0.0043402500450611,0.008652813732624,0.012598481029272,8.8172607421875,11.390274047851562,10.326812744140623,5.670745849609375,2.5443878173828125,2.457855224609375
2015-09-09,0,0,295.064697265625,293.48846435546875,2.20233154296875,1.8849639892578125,5.25,91536.453125,268.156982421875,282.2192077636719,290.2479553222656,0.0044581145048141,0.0090748593211174,0.012736041098833,8.797042846679688,7.433273315429687,8.468826293945312,5.393478393554688,0.356201171875,3.3544464111328125
2015-09-09,6,1,298.9947509765625,294.071533203125,4.1752471923828125,2.286605834960937,12.0,91613.265625,268.16851806640625,283.1192626953125,291.0580444335937,0.0042769005522131,0.0088998526334762,0.013563122600317,8.665313720703125,7.390899658203125,7.138931274414063,3.2768096923828125,2.437469482421875,3.586776733398437
2015-09-09,12,2,298.3216552734375,294.357421875,3.8856201171875,0.8297271728515625,425.5,91330.078125,268.9135131835937,283.26788330078125,292.5115966796875,0.0040059317834675,0.008948341012001,0.0136687569320201,8.359039306640625,9.378402709960938,10.590866088867188,0.7712860107421875,4.0277252197265625,4.231903076171875
2015-09-09,18,3,295.90478515625,294.1264038085937,2.8405914306640625,0.405181884765625,0.0,91657.234375,268.89129638671875,283.1735534667969,290.3996276855469,0.0033612747211009,0.0081231817603111,0.0128718242049217,7.7052001953125,7.597732543945312,9.4564208984375,3.343124389648437,3.038192749023437,-1.3936309814453125
2015-09-10,0,0,294.89617919921875,292.8929748535156,2.703704833984375,0.3710174560546875,2.0,91477.640625,268.72216796875,282.7724304199219,289.8666381835937,0.004223559051752,0.0074968449771404,0.011839747428894,9.2100830078125,9.605117797851562,9.535400390625,2.19342041015625,-0.189697265625,-2.1742706298828125
2015-09-10,6,1,298.49224853515625,292.48809814453125,4.7081298828125,0.4415130615234375,0.0,91626.640625,268.6195068359375,282.9599914550781,291.1698913574219,0.0033276120666414,0.0085160881280899,0.0124132707715034,9.178421020507812,9.1239013671875,7.946121215820312,0.6667022705078125,-0.37213134765625,0.05804443359375
2015-09-10,12,2,298.7431945800781,293.886962890625,3.3588409423828125,0.3530120849609375,102.0,91301.171875,268.6103515625,282.74664306640625,292.13446044921875,0.0044013001024723,0.0089470706880092,0.0131736453622579,7.0372161865234375,8.503616333007812,9.507431030273438,-2.641082763671875,0.4221343994140625,1.9335479736328125
2015-09-10,18,3,295.0101318359375,292.8157653808594,2.960357666015625,0.317657470703125,0.5,91620.890625,268.49969482421875,282.64581298828125,290.27081298828125,0.0044348426163196,0.0089418478310108,0.0133092701435089,4.550506591796875,8.053359985351562,9.794189453125,-1.5721588134765625,-0.2982330322265625,-2.157806396484375
2015-09-11,0,0,295.16949462890625,293.02813720703125,2.8602447509765625,0.2352447509765625,0.5,91414.75,268.18707275390625,282.4107360839844,290.38330078125,0.0045950859785079,0.0089154653251171,0.0117887631058692,6.051681518554688,9.86322021484375,11.0386962890625,-0.274505615234375,-2.241851806640625,-4.05120849609375
2015-09-11,6,1,298.6991271972656,291.97149658203125,5.279312133789063,-0.6893768310546875,0.0,91560.609375,268.09552001953125,283.86627197265625,291.0068664550781,0.0049420073628425,0.0037457465659826,0.0121449418365955,5.4700469970703125,11.772171020507812,8.06195068359375,-0.9087982177734376,-2.4400787353515625,-1.24658203125
2015-09-11,12,2,299.57196044921875,292.5370483398437,3.6066741943359375,0.25958251953125,3.75,91273.078125,267.9407958984375,283.76324462890625,292.701904296875,0.0048418380320072,0.0040770098567008,0.012322224676609,5.028411865234375,13.017410278320312,9.3719482421875,-3.668792724609375,-0.752838134765625,0.321380615234375
2015-09-11,18,3,295.7132263183594,291.4435729980469,3.9775543212890634,0.6034698486328125,0.0,91598.71875,268.6717529296875,283.426025390625,291.170166015625,0.0046544782817363,0.0034991540014743,0.0105686224997043,4.816192626953125,12.398117065429688,11.266036987304688,-3.483993530273437,-1.8511962890625,0.1551361083984375
2015-09-12,0,0,294.8593139648437,292.74237060546875,2.975936889648437,0.7462310791015625,0.0,91397.40625,267.9747314453125,282.9046630859375,290.7810974121094,0.0045879539102315,0.0042890012264251,0.0112304501235485,5.904449462890625,9.827713012695312,12.294158935546877,-0.7342987060546875,-2.99163818359375,0.2110137939453125
2015-09-12,6,1,299.103515625,291.50274658203125,5.18310546875,0.141143798828125,0.0,91569.65625,267.6977233886719,283.4790344238281,291.3812866210937,0.0046534091234207,0.0040263691917061,0.0126504376530647,5.84027099609375,9.490371704101562,8.494384765625,-1.0255126953125,-0.7541961669921875,0.011138916015625
2015-09-12,12,2,300.3201904296875,291.8995361328125,2.8856201171875,-0.477935791015625,0.0,91318.515625,268.4256591796875,283.0311279296875,293.52392578125,0.0038472511805593,0.0057532973587512,0.0120125450193881,8.372817993164062,10.996963500976562,7.397247314453125,-0.9102630615234376,-1.2060546875,-1.112060546875
2015-09-12,18,3,294.9770202636719,291.7838134765625,3.27569580078125,0.447265625,0.0,91623.59375,267.92218017578125,283.5394287109375,291.5625,0.0039763236418366,0.0044329427182674,0.0110306777060031,6.8434906005859375,11.9752197265625,9.348068237304688,-1.479095458984375,0.4382781982421875,-0.4146270751953125
2015-09-13,0,0,294.68951416015625,292.5712585449219,3.15484619140625,0.2427520751953125,0.0,91467.859375,268.1280517578125,283.6416015625,291.30865478515625,0.0036404391285032,0.0053002946078777,0.0100020840764045,6.925308227539063,15.057052612304688,11.427322387695312,-1.2303009033203125,-0.5904541015625,-1.8592681884765625
2015-09-13,6,1,299.59814453125,291.9632568359375,5.80865478515625,-0.0306243896484375,3.25,91622.140625,268.82916259765625,284.1796264648437,292.0157470703125,0.0040274299681186,0.0035787741653621,0.0118808895349502,5.883941650390625,15.806594848632812,10.272674560546877,-2.534332275390625,-4.188323974609375,-0.600189208984375
2015-09-13,12,2,300.3153076171875,292.78692626953125,3.2635650634765625,-0.4801788330078125,44.25,91309.828125,269.0986022949219,283.1797180175781,293.64410400390625,0.0032085729762911,0.0075884088873863,0.0126128420233726,7.553359985351562,12.23516845703125,9.056442260742188,-3.585479736328125,-3.468368530273437,-1.193206787109375
2015-09-13,18,3,295.6138916015625,292.1912841796875,3.7553863525390634,0.344329833984375,0.0,91630.109375,268.81854248046875,283.9361877441406,291.1595458984375,0.0040383450686931,0.0042543523013591,0.0118547417223453,4.300384521484375,12.967056274414062,11.69439697265625,-3.0767364501953125,-4.3409423828125,-1.18157958984375
2015-09-14,0,0,294.973388671875,292.7708740234375,4.067138671875,0.68341064453125,0.0,91454.96875,267.5172119140625,283.7721862792969,289.65594482421875,0.0043109161779284,0.0049994066357612,0.0120737329125404,5.319183349609375,14.421600341796877,15.073348999023438,-2.701400756835937,-4.807464599609375,-0.885040283203125
2015-09-14,6,1,298.87255859375,292.2962951660156,6.933151245117188,0.11920166015625,9.25,91547.78125,267.76483154296875,284.0815734863281,292.1380615234375,0.0043938346207141,0.0058346316218376,0.0133522972464561,5.9375762939453125,12.963287353515623,12.4847412109375,-3.562896728515625,-4.09686279296875,0.2003326416015625
2015-09-14,12,2,300.0868530273437,292.490966796875,4.1732177734375,0.7632293701171875,0.0,91208.953125,269.1658935546875,283.16314697265625,293.173583984375,0.0042172390967607,0.0066739544272422,0.0128501988947391,7.8393707275390625,11.691726684570312,10.91839599609375,-1.9331512451171875,-2.548446655273437,1.378662109375
2015-09-14,18,3,295.01171875,291.9714050292969,4.4456787109375,0.7758026123046875,0.0,91470.921875,268.9163818359375,283.50732421875,289.75701904296875,0.0040191309526562,0.0069252513349056,0.0129139050841331,8.576324462890625,10.628143310546877,14.436996459960938,-0.839202880859375,-3.67578125,0.3299560546875
2015-09-15,0,0,295.1503601074219,292.9708557128906,4.35321044921875,1.25933837890625,0.5,91252.421875,269.41259765625,283.3604736328125,289.31817626953125,0.0040981918573379,0.0095672979950904,0.0121991783380508,9.89739990234375,10.311782836914062,15.053955078125,-1.646209716796875,-4.302047729492188,1.12158203125
2015-09-15,6,1,299.6415405273437,292.1762084960937,7.402862548828125,0.229461669921875,2.0,91398.28125,270.3549194335937,283.7403259277344,291.62274169921875,0.0045345313847064,0.0097202248871326,0.012625977396965,7.0738677978515625,11.095321655273438,13.859695434570312,-4.975143432617188,-2.096786499023437,-0.33721923828125
2015-09-15,12,2,298.5389404296875,292.9003295898437,5.9204864501953125,1.021942138671875,0.0,91126.75,269.5238037109375,283.2257995605469,291.50732421875,0.0053104329854249,0.009674459695816,0.013091929256916,5.9883880615234375,14.45538330078125,14.167129516601562,-2.620223999023437,-2.171539306640625,1.5915985107421875
2015-09-15,18,3,295.6827392578125,293.5326843261719,4.8383331298828125,0.3821868896484375,2.5,91332.09375,268.85614013671875,283.7086181640625,289.6220092773437,0.005126167088747,0.0092634819447994,0.0138819850981235,7.8710479736328125,13.181915283203123,15.170196533203123,-0.7028350830078125,-5.164474487304688,-1.9964599609375
2015-09-16,0,0,296.0645446777344,292.8480834960937,4.545425415039063,-0.180999755859375,1.0,91168.09375,269.3915100097656,283.43609619140625,289.2879638671875,0.0049829222261905,0.0082103721797466,0.0121506862342357,8.223464965820312,13.045150756835938,14.428878784179688,-2.872344970703125,-4.46868896484375,-2.69293212890625
2015-09-16,6,1,299.54449462890625,292.67486572265625,6.555938720703125,-1.05438232421875,0.0,91302.15625,269.7999267578125,283.3709716796875,291.31805419921875,0.0051129311323165,0.0088400356471538,0.0130826830863952,11.032394409179688,12.431488037109377,12.931594848632812,-3.9196929931640634,-5.454620361328125,-3.1008453369140625
2015-09-16,12,2,298.2640075683594,294.8813781738281,3.72491455078125,-0.6679534912109375,97.0,91028.59375,270.560791015625,283.25177001953125,292.4188232421875,0.0048341117799282,0.010594418272376,0.0138044618070125,8.938827514648438,12.235443115234377,12.07659912109375,-3.0574951171875,-3.0675048828125,-3.7637939453125
2015-09-16,18,3,295.2200012207031,292.7803039550781,4.088287353515625,0.2589263916015625,0.0,91193.359375,269.82470703125,284.1007995605469,290.1845092773437,0.0051007270812988,0.009874477982521,0.01340788975358,7.9887542724609375,11.76885986328125,12.876998901367188,-0.24884033203125,-6.30194091796875,-2.832626342773437
2015-09-17,0,0,295.8358764648437,293.165771484375,3.546493530273437,0.3756866455078125,0.5,91074.5625,269.3910522460937,284.2138671875,290.006103515625,0.0045208036899566,0.0105801001191139,0.012571558356285,7.4496612548828125,9.852569580078123,11.824386596679688,1.1224365234375,-7.07940673828125,-3.655715942382813
2015-09-17,6,1,299.433837890625,292.46636962890625,6.1375274658203125,-1.2004852294921875,0.0,91178.359375,270.43231201171875,284.1796264648437,292.3251037597656,0.0036723187658935,0.0105348452925682,0.0128147900104522,8.783645629882812,9.606338500976562,10.0006103515625,-1.3796234130859375,-4.437789916992188,-2.0863494873046875
2015-09-17,12,2,300.15887451171875,292.79669189453125,3.83001708984375,-0.757049560546875,0.0,90950.5,270.6820373535156,284.03875732421875,294.07330322265625,0.0040734782814979,0.010341290384531,0.0129946358501911,8.750717163085938,8.941329956054688,10.007522583007812,-2.746612548828125,-3.2798004150390625,-2.3680572509765625
2015-09-17,18,3,295.5092163085937,292.69012451171875,3.4625396728515625,1.2536163330078125,0.0,91192.3125,269.563232421875,284.72735595703125,291.73779296875,0.0040384111925959,0.0094304904341697,0.0127140842378139,7.1352386474609375,6.548019409179688,10.039276123046877,-2.8829498291015625,-1.80194091796875,0.771270751953125
2015-09-18,0,0,294.5628967285156,292.7311096191406,3.493011474609375,0.936309814453125,0.0,91049.015625,270.7237548828125,284.8031311035156,291.312255859375,0.0026910088490694,0.0080734379589557,0.0102626606822013,7.801055908203125,8.419784545898438,14.110580444335938,0.962066650390625,-2.3302764892578125,-1.2346038818359375
2015-09-18,6,1,299.572509765625,291.8487243652344,5.280075073242188,-1.06719970703125,3.5,91295.03125,269.6109619140625,283.9938659667969,292.531494140625,0.0033974347170442,0.0091860741376876,0.0124806426465511,8.004928588867188,5.953292846679688,8.519927978515625,1.0506134033203125,-3.4803466796875,-1.695465087890625
2015-09-18,12,2,299.96044921875,293.4867553710937,3.37078857421875,-0.0314788818359375,7.25,91074.0625,269.79840087890625,283.7816162109375,293.1742248535156,0.0042152656242251,0.0108029320836067,0.0133044719696044,6.315216064453125,7.731094360351562,8.384765625,-0.7336578369140625,-3.111358642578125,0.2860260009765625
2015-09-18,18,3,295.8949584960937,293.9810485839844,3.36846923828125,1.2725677490234375,2.0,91331.625,269.187255859375,283.794921875,291.33575439453125,0.0044554136693477,0.0098416917026042,0.0137365348637104,6.6901702880859375,5.605392456054688,10.183425903320312,-1.4166717529296875,-2.271347045898437,0.2140655517578125
2015-09-19,0,0,295.7469482421875,293.3838195800781,3.429656982421875,0.549285888671875,3.75,91188.640625,269.86920166015625,283.65924072265625,290.47271728515625,0.0040587708353996,0.0089877657592296,0.0132995322346687,6.1842041015625,6.015594482421875,11.699554443359377,0.21405029296875,-0.184234619140625,-1.45379638671875
2015-09-19,6,1,299.3850402832031,292.8225402832031,4.6837005615234375,0.0374603271484375,2.0,91310.234375,269.5980529785156,283.5289306640625,292.4896850585937,0.0032073222100734,0.007900521159172,0.0130329802632331,7.521728515625,6.301422119140625,8.0633544921875,-0.0742340087890625,-0.9849700927734376,-0.38702392578125
2015-09-19,12,2,300.7701721191406,293.47607421875,2.140167236328125,0.1064605712890625,79.25,91066.953125,269.27215576171875,283.52301025390625,294.16265869140625,0.0021639573387801,0.0084971971809864,0.0132146328687667,6.6926116943359375,6.7303466796875,5.816650390625,-2.8474273681640625,-0.1898651123046875,0.359893798828125
2015-09-19,18,3,296.189697265625,293.2869873046875,2.482650756835937,1.036956787109375,96.75,91383.921875,269.33660888671875,282.77471923828125,291.7436828613281,0.0020614573732018,0.0090006105601787,0.0137510932981967,3.9548492431640634,5.212249755859375,7.2717742919921875,-2.730453491210937,1.3984222412109375,1.22528076171875
2015-09-20,0,0,295.67852783203125,293.67510986328125,2.475128173828125,0.98443603515625,0.0,91156.109375,269.85711669921875,283.46978759765625,290.99493408203125,0.0019064715597778,0.0086975619196891,0.0131076052784919,1.53009033203125,4.600631713867188,9.34515380859375,-2.2109527587890625,1.44110107421875,1.1500244140625
2015-09-20,6,1,299.1947021484375,294.2192077636719,3.363250732421875,0.60406494140625,206.75,91359.765625,270.2250061035156,282.9593200683594,290.94140625,0.0016277045942842,0.0096731819212436,0.0145911108702421,1.371246337890625,7.826507568359375,5.8717803955078125,2.039413452148437,1.1968231201171875,0.803436279296875
2015-09-20,12,2,297.9382019042969,294.2333068847656,2.6744384765625,1.0121917724609375,379.25,91150.078125,269.02203369140625,283.3937683105469,292.52392578125,0.0032743979245424,0.0093875005841255,0.0139117315411567,2.67333984375,7.221023559570312,9.773910522460938,4.431167602539063,0.3539581298828125,2.4159393310546875
2015-09-20,18,3,294.1435852050781,292.576904296875,2.7346649169921875,0.942779541015625,0.0,91373.890625,269.7411499023437,283.4561767578125,292.0369567871094,0.0027754304464906,0.0075066164135932,0.0114388056099414,2.7577362060546875,5.099884033203125,8.58282470703125,4.1439361572265625,2.893463134765625,-1.6779022216796875
2015-09-21,0,0,294.56494140625,292.680908203125,2.44830322265625,0.315399169921875,4.25,91301.9375,269.50665283203125,283.58233642578125,290.9525146484375,0.0033843237906694,0.0036614653654396,0.010999396443367,0.4039154052734375,3.64385986328125,9.827606201171877,7.9768524169921875,1.3189849853515625,-1.023284912109375
2015-09-21,6,1,298.3984680175781,291.5252685546875,3.451416015625,-0.11810302734375,1.75,91452.0,269.84405517578125,283.09912109375,291.527099609375,0.004260666668415,0.0044283084571361,0.0119712315499782,-1.0617828369140625,2.74041748046875,5.078872680664063,8.084274291992188,2.03955078125,-0.3145599365234375
2015-09-21,12,2,300.00494384765625,293.47613525390625,1.638092041015625,-0.378631591796875,4.5,91200.6875,270.53765869140625,283.09674072265625,293.4197692871094,0.0036188552621752,0.0057807825505733,0.0121296159923076,0.880096435546875,4.956207275390625,4.0201416015625,6.832550048828125,0.3558807373046875,-0.5706787109375
2015-09-21,18,3,294.8305053710937,291.9515991210937,1.87286376953125,-0.092559814453125,0.0,91426.6875,269.89410400390625,282.5069580078125,292.6051025390625,0.0032093471381813,0.0060865990817546,0.012311678379774,-0.348846435546875,1.789031982421875,3.9969635009765625,6.046661376953125,2.2542266845703125,-0.278472900390625
2015-09-22,0,0,295.10894775390625,292.91607666015625,1.4325103759765625,0.0809783935546875,0.0,91315.75,269.1109313964844,282.85333251953125,291.59625244140625,0.0036757520865648,0.0056914463639259,0.0124973990023136,-0.388336181640625,4.9217529296875,1.98126220703125,6.064453125,2.8302459716796875,0.5105438232421875
2015-09-22,6,1,299.862548828125,292.6556396484375,1.1848297119140625,0.9083404541015624,5.5,91493.28125,269.305908203125,284.2944030761719,292.0572204589844,0.0023925174027681,0.0046287588775157,0.012635976076126,-2.999298095703125,6.00714111328125,1.3572235107421875,4.3035736083984375,1.24603271484375,1.4340057373046875
2015-09-22,12,2,301.480224609375,293.1466979980469,1.531402587890625,0.40399169921875,0.0,91206.484375,269.77667236328125,284.0411682128906,295.2271423339844,0.001257048221305,0.004016276448965,0.0113691501319408,-3.744476318359375,4.1429443359375,3.4632720947265625,4.375030517578125,0.573638916015625,0.8578643798828125
2015-09-22,18,3,296.417724609375,290.92364501953125,1.842254638671875,-0.539154052734375,0.0,91542.1875,269.31231689453125,281.6700134277344,294.9750366210937,0.0013135222252458,0.0063856393098831,0.0094537958502769,-4.555511474609375,-2.68731689453125,2.944091796875,3.8378753662109375,3.8119049072265625,-0.2810516357421875
2015-09-23,0,0,294.9843444824219,291.6024169921875,0.4062652587890625,-1.311309814453125,0.0,91515.5,268.41754150390625,283.60467529296875,292.325439453125,0.0016605712007731,0.0077983029186725,0.0113202445209026,-4.906280517578125,0.1500701904296875,-0.9785614013671876,2.499374389648437,5.2725982666015625,-3.3078155517578125
2015-09-23,6,1,301.1410522460937,292.88330078125,-0.733489990234375,-1.58935546875,16.0,91624.484375,269.0619201660156,284.0908203125,293.0201416015625,0.0012506677303463,0.0079701803624629,0.0129085108637809,-7.44415283203125,1.15472412109375,-1.32708740234375,5.1536407470703125,4.156402587890625,-2.36383056640625
2015-09-23,12,2,302.4129638671875,293.9216613769531,-0.254974365234375,-0.644744873046875,166.25,91335.109375,269.2600402832031,283.9466552734375,294.9862976074219,0.0011746340896934,0.0092849619686603,0.0132546201348304,-6.2533111572265625,0.341156005859375,-1.0015869140625,2.49310302734375,1.572906494140625,-1.5125885009765625
2015-09-23,18,3,296.80596923828125,293.227294921875,-1.847198486328125,1.2420654296875,260.5,91643.28125,268.2294311523437,283.61016845703125,293.3359375,0.002124426420778,0.009468175470829,0.0136628001928329,-6.19671630859375,-0.313812255859375,-1.8185882568359373,2.0287628173828125,0.451507568359375,0.048858642578125
2015-09-24,0,0,297.09381103515625,293.6883239746094,0.1875457763671875,1.050262451171875,82.5,91458.640625,268.14208984375,282.7872314453125,292.51336669921875,0.002226322190836,0.0097896009683609,0.0135230310261249,-7.264968872070312,0.1175994873046875,-1.07086181640625,1.591094970703125,-0.011962890625,2.6562957763671875
2015-09-24,6,1,301.05389404296875,295.01678466796875,1.0655059814453125,0.3389739990234375,665.75,91554.578125,268.7613525390625,283.71875,292.77899169921875,0.001963835209608,0.0085270069539546,0.0146116949617862,-9.6531982421875,1.17852783203125,1.1624755859375,1.7819671630859375,0.6987762451171875,0.434600830078125
2015-09-24,12,2,300.98638916015625,295.5487060546875,-0.6077423095703125,-0.342529296875,1712.75,91283.328125,268.8895263671875,283.7894897460937,294.25494384765625,0.0032163956202566,0.0089657381176948,0.0144303515553474,-8.078125,-2.10107421875,-2.843597412109375,0.0238037109375,-2.5891571044921875,-3.240386962890625
2015-09-24,18,3,295.3782043457031,294.27117919921875,2.356552124023437,1.5184173583984375,729.5,91607.8125,268.14996337890625,282.49981689453125,291.3339538574219,0.0032554215285927,0.0096092298626899,0.0144043006002902,-8.56146240234375,-2.7781219482421875,0.8905181884765625,-0.4907684326171875,-2.1485137939453125,3.0346832275390625
2015-09-25,0,0,294.77880859375,292.6063232421875,1.5825347900390625,-0.8415985107421875,0.0,91387.015625,268.2503662109375,283.902099609375,292.4749755859375,0.0025912311393767,0.0071636103093624,0.0129422023892402,-9.047225952148438,-2.705322265625,3.0758819580078125,2.187408447265625,-0.503509521484375,-0.985107421875
2015-09-25,6,1,300.49871826171875,294.78582763671875,1.6926727294921875,-0.83673095703125,681.0,91462.34375,268.7427978515625,283.56170654296875,292.788818359375,0.0022700293920934,0.0080731771886348,0.0145674608647823,-7.089691162109375,-2.8587188720703125,2.2845458984375,1.3262786865234375,-0.81231689453125,-1.2909393310546875
2015-09-25,12,2,300.8715209960937,295.45379638671875,0.792999267578125,-0.8190765380859375,411.5,91150.265625,268.73162841796875,284.22930908203125,294.8755187988281,0.0024187047965824,0.0089523866772651,0.0139588005840778,-5.506362915039063,-1.887542724609375,1.6354217529296875,0.111663818359375,-1.8369903564453125,-2.12646484375
2015-09-25,18,3,296.5697631835937,294.8123779296875,0.381683349609375,-0.175018310546875,223.0,91517.640625,268.0312194824219,282.64630126953125,292.49346923828125,0.0031799799762666,0.0092380121350288,0.0134165473282337,-3.919387817382813,-2.733505249023437,2.610687255859375,0.32244873046875,-0.4058074951171875,-3.247406005859375
2015-09-26,0,0,294.5367431640625,292.5823974609375,0.95635986328125,-0.4367523193359375,59.25,91309.046875,267.8421630859375,283.6397705078125,292.9876708984375,0.0044594295322895,0.0082325339317321,0.0132496953010559,-6.235763549804688,-0.814056396484375,1.297943115234375,-3.445587158203125,-2.3609619140625,-2.3470916748046875
2015-09-26,6,1,298.30474853515625,294.3007507324219,2.384490966796875,-2.09954833984375,804.25,91549.78125,268.01971435546875,283.414794921875,291.0265808105469,0.0048293136060237,0.008705761283636,0.0147168263792991,-4.070526123046875,-0.99920654296875,2.729843139648437,-0.371185302734375,-2.9236602783203125,-4.3245849609375
2015-09-26,12,2,299.55340576171875,294.6146240234375,1.425811767578125,-1.262298583984375,768.25,91206.03125,268.1585693359375,283.79278564453125,293.3302001953125,0.0045643225312232,0.0080002918839454,0.0146700777113437,-2.3110809326171875,-0.1054534912109375,3.23931884765625,-1.49609375,-4.0738067626953125,-3.4395751953125
2015-09-26,18,3,296.0091857910156,294.0531005859375,0.6843719482421875,-1.4541168212890625,228.75,91503.90625,267.9881591796875,282.039794921875,293.3647155761719,0.0040153637528419,0.0092475935816764,0.0125306248664855,-1.520721435546875,-1.8570098876953125,2.235458374023437,-3.80029296875,-3.52618408203125,-3.70916748046875
2015-09-27,0,0,296.01416015625,292.766845703125,1.0757293701171875,-0.62335205078125,46.75,91353.375,268.198974609375,283.59625244140625,291.7660827636719,0.0031247409060597,0.0076942760497331,0.0123986341059207,-1.377899169921875,-2.6041259765625,2.655792236328125,-0.6493072509765625,-4.8573760986328125,-5.830108642578125
2015-09-27,6,1,300.65057373046875,294.4295959472656,1.469390869140625,-0.777069091796875,1083.5,91523.15625,268.0271301269531,282.82916259765625,292.19854736328125,0.0034178758505731,0.0081838350743055,0.0150415673851966,-2.8338165283203125,-1.260406494140625,1.917144775390625,-4.463882446289063,-4.00555419921875,-1.5178680419921875
2015-09-27,12,2,297.8255310058594,294.37042236328125,-0.4109649658203125,-1.37823486328125,1152.5,91194.296875,268.98541259765625,283.6288146972656,293.0288391113281,0.0034466092474758,0.0081195533275604,0.0147083029150962,-3.3144073486328125,-1.0278778076171875,0.981781005859375,-3.8370208740234375,-4.2837982177734375,-3.3264923095703125
2015-09-27,18,3,293.6021728515625,292.84893798828125,1.22198486328125,-0.9681549072265624,882.125,91531.09375,267.5661315917969,282.9177551269531,291.1267395019531,0.0041382759809494,0.0076621137559413,0.0148635134100914,-3.8880767822265625,-2.322540283203125,2.0611572265625,-3.666748046875,-5.5255126953125,-4.029052734375
2015-09-28,0,0,295.4010009765625,293.50506591796875,1.0443572998046875,-0.8078155517578125,23.0,91281.21875,267.64410400390625,283.23663330078125,292.7938232421875,0.0036356931086629,0.0074753016233444,0.0130597129464149,-7.094497680664063,-1.67181396484375,-0.4276123046875,-3.396026611328125,-2.15264892578125,-3.6414947509765625
2015-09-28,6,1,300.97607421875,294.2188720703125,-0.605621337890625,-2.2608642578125,253.25,91420.75,267.43243408203125,283.4630126953125,292.56256103515625,0.0028260014951229,0.0076852180063724,0.0140997506678104,-7.118682861328125,0.6571807861328125,-1.1972503662109375,-2.14208984375,-3.682540893554688,-3.384796142578125
2015-09-28,12,2,298.0431213378906,294.1416015625,-1.255157470703125,0.0373382568359375,392.5,91163.0,268.5657958984375,282.8747253417969,293.4946594238281,0.0037135365419089,0.0074969045817852,0.0133521035313606,-5.562347412109375,1.8748931884765625,-1.3885345458984375,-2.636749267578125,-5.514892578125,-5.301681518554688
2015-09-28,18,3,294.8962707519531,293.87255859375,0.123046875,1.3214111328125,120.0,91391.8125,268.8375549316406,282.529541015625,291.787109375,0.003225949127227,0.0065807662904262,0.0132939480245113,-6.564056396484375,0.3099822998046875,-3.258544921875,-1.6885986328125,-5.852935791015625,-1.3664093017578125
2015-09-29,0,0,295.59130859375,293.83905029296875,-0.3560638427734375,0.2286834716796875,5.75,91201.703125,268.6061096191406,282.5819702148437,291.90350341796875,0.0035046436823904,0.0067255087196826,0.0125689879059791,-6.114517211914063,-1.9043731689453125,-3.644012451171875,-1.827117919921875,-2.917022705078125,-1.5061798095703125
2015-09-29,6,1,300.52935791015625,292.9588623046875,-2.45330810546875,-0.042388916015625,31.0,91374.46875,268.6028747558594,282.6072998046875,292.2691345214844,0.0032703017350286,0.0076112188398838,0.0132774449884891,-7.075775146484375,-3.388900756835937,-3.641311645507813,-3.799285888671875,-0.3713836669921875,-0.1312255859375
2015-09-29,12,2,298.7772216796875,293.5604248046875,-1.7203369140625,-0.396697998046875,62.0,91153.65625,268.35906982421875,283.4876403808594,293.3769836425781,0.0042025111615657,0.0077656805515289,0.0132629461586475,-7.718505859375,-3.82501220703125,-5.0650482177734375,-3.7642669677734375,-1.29180908203125,-2.110458374023437
2015-09-29,18,3,295.590087890625,293.6405639648437,-1.7847900390625,1.0112152099609375,199.0,91463.84375,268.5516967773437,282.2606201171875,291.61724853515625,0.0048214681446552,0.007721547037363,0.0130726248025894,-9.867156982421877,-6.43353271484375,-6.7073974609375,-2.3159637451171875,-2.24542236328125,1.8836822509765625
2015-09-30,0,0,296.33404541015625,293.831298828125,-1.30377197265625,0.8818817138671875,95.0,91337.015625,267.8537292480469,282.095458984375,291.61785888671875,0.0046603828668594,0.0084214657545089,0.0116534233093261,-10.217422485351562,-7.8191375732421875,-5.0042266845703125,5.20404052734375,-0.9481201171875,2.035263061523437
2015-09-30,6,1,300.1865234375,292.65802001953125,-2.984039306640625,1.1454010009765625,188.5,91502.96875,269.02349853515625,282.35174560546875,291.7312316894531,0.0039556939154863,0.0098118185997009,0.0135515853762626,-7.02142333984375,-8.92694091796875,-4.734588623046875,5.16473388671875,0.8336944580078125,1.75714111328125
2015-09-30,12,2,297.6551513671875,294.05792236328125,-1.4513092041015625,0.1308135986328125,159.25,91304.109375,269.26031494140625,283.20074462890625,291.8408203125,0.0038182993885129,0.0098155662417411,0.0140955857932567,-7.8742828369140625,-5.626007080078125,-4.419235229492188,1.53338623046875,-0.572296142578125,0.5635833740234375
2015-09-30,18,3,295.29119873046875,293.71026611328125,-2.042694091796875,0.87847900390625,71.0,91566.828125,268.36895751953125,282.5364990234375,291.00244140625,0.0041403993964195,0.0101047307252883,0.0138973481953144,-10.147018432617188,-5.944580078125,-5.0503692626953125,0.55792236328125,1.337554931640625,2.9823455810546875
2015-10-01,0,0,295.4791259765625,293.4794921875,-1.53558349609375,0.1480865478515625,0.75,91428.59375,268.13629150390625,283.06866455078125,290.85467529296875,0.0041911900043487,0.0093040084466338,0.0130662843585014,-7.297149658203125,-5.009292602539063,-4.612823486328125,4.907394409179688,2.183258056640625,2.405731201171875
2015-10-01,6,1,299.763671875,293.0954284667969,-2.030426025390625,1.7252960205078125,1.75,91613.171875,268.6572570800781,282.997802734375,291.8270568847656,0.004125153645873,0.0093897767364978,0.0133175402879714,-5.10211181640625,-3.85211181640625,-3.2034149169921875,5.230072021484375,3.2564697265625,2.3328857421875
2015-10-01,12,2,298.44342041015625,294.23565673828125,-1.511627197265625,0.507080078125,507.0,91408.8125,269.02471923828125,283.46697998046875,292.3948669433594,0.004175454378128,0.0094500742852687,0.014519702643156,-2.3236083984375,0.28448486328125,-2.536285400390625,3.5844268798828125,4.900894165039063,3.553451538085937
2015-10-01,18,3,296.0921936035156,294.8100280761719,0.9036712646484376,0.9748687744140624,95.25,91684.875,268.2144775390625,283.5056457519531,291.4529724121094,0.0043251626193523,0.0088592991232872,0.0143495146185159,-2.938690185546875,1.7406768798828125,0.2461395263671875,4.905776977539063,2.4014434814453125,4.359664916992188
2015-10-02,0,0,296.15380859375,294.0462646484375,1.2943267822265625,0.4812164306640625,84.0,91570.84375,268.64410400390625,283.4279479980469,290.820068359375,0.0045126564800739,0.0090121589601039,0.0140592604875564,-1.607025146484375,3.171127319335937,5.35308837890625,1.492095947265625,3.1181640625,1.044036865234375
2015-10-02,6,1,299.8221130371094,293.6632385253906,2.6362457275390625,1.5246124267578125,424.25,91828.1875,268.3171081542969,283.15887451171875,291.5219116210937,0.0046166777610778,0.0089451745152473,0.0144350342452526,-1.6715545654296875,3.554428100585937,3.9270172119140634,-0.64276123046875,2.6016845703125,2.0690155029296875
2015-10-02,12,2,300.0915832519531,294.32763671875,3.21502685546875,0.21099853515625,479.625,91500.390625,268.1888122558594,283.4288330078125,293.647705078125,0.0045497976243495,0.0088942162692546,0.0138145424425601,-1.6493988037109375,5.840301513671875,7.64605712890625,-1.0631866455078125,2.46484375,1.2832794189453125
2015-10-02,18,3,296.0958251953125,294.452880859375,1.946685791015625,-0.6119232177734375,349.75,91768.859375,268.24566650390625,283.34405517578125,291.7574462890625,0.0043937414884567,0.0087062641978263,0.0133562386035919,2.0444488525390625,4.6866302490234375,7.66986083984375,-0.3802032470703125,-0.5161590576171875,-0.250091552734375
2015-10-03,0,0,295.0989990234375,293.486572265625,2.3086700439453125,-0.6171875,0.0,91672.125,268.91143798828125,282.9913330078125,291.3643798828125,0.0045390874147415,0.0084548518061637,0.0118819251656532,4.4604034423828125,5.025726318359375,9.492919921875,-0.2242889404296875,-2.10101318359375,-2.389495849609375
2015-10-03,6,1,298.5702514648437,293.1298217773437,4.0443878173828125,-1.47576904296875,19.25,91842.96875,268.74981689453125,283.6854858398437,292.0304870605469,0.0042580626904964,0.0076965391635894,0.0128146791830658,5.384674072265625,6.2818756103515625,6.4672698974609375,-2.907928466796875,-3.408920288085937,-2.83148193359375
2015-10-03,12,2,300.2088623046875,293.4921875,2.356185913085937,-0.253021240234375,134.0,91534.640625,269.2005615234375,283.67803955078125,293.7315979003906,0.0042770355939865,0.0084972269833087,0.0135933570563793,2.465072631835937,6.758453369140625,5.8972015380859375,-4.582321166992188,-3.2527008056640625,-1.7803192138671875
2015-10-03,18,3,295.715576171875,293.3004150390625,2.023529052734375,0.0417022705078125,56.0,91782.734375,268.59930419921875,283.3658447265625,291.5556030273437,0.0041535310447216,0.0090972436591982,0.0141986347734928,2.65887451171875,6.06024169921875,7.037872314453125,-1.983978271484375,-4.13299560546875,-3.1722564697265625
2015-10-04,0,0,295.7947998046875,293.8568420410156,2.7464599609375,-0.7976837158203125,129.75,91679.671875,268.3868408203125,283.30157470703125,290.89361572265625,0.0044427663087844,0.0092050284147262,0.0134003385901451,4.409088134765625,3.4464569091796875,6.754425048828125,-2.43792724609375,-5.295181274414063,-6.9175872802734375
2015-10-04,6,1,300.0707397460937,294.2629089355469,3.074127197265625,-1.570648193359375,190.25,91733.046875,268.4318542480469,283.0818786621094,291.7041320800781,0.0045584701001644,0.009622897952795,0.0141848102211952,3.7520599365234375,0.2313385009765625,4.6673126220703125,-4.68585205078125,-3.331573486328125,-3.2453765869140625
2015-10-04,12,2,297.7064208984375,294.9140625,1.29833984375,0.0648956298828125,744.5,91501.625,268.475341796875,283.0506591796875,291.8453369140625,0.0051043443381786,0.0099675469100475,0.0151432268321514,2.5030517578125,1.744232177734375,4.55645751953125,-5.949554443359375,-0.8410491943359375,0.2138671875
2015-10-04,18,3,294.2362060546875,293.3299560546875,1.27703857421875,-0.91546630859375,423.75,91726.578125,268.36785888671875,282.74462890625,290.8017578125,0.0051429495215415,0.0082043670117855,0.0145939216017723,2.4106597900390625,-0.205535888671875,5.109771728515625,-2.167999267578125,-2.9071807861328125,-4.5772552490234375
2015-10-05,0,0,295.2670288085937,293.6840209960937,2.316741943359375,-0.2302398681640625,121.0,91518.28125,268.4677734375,282.728515625,292.0799560546875,0.0052199810743331,0.0085544064640998,0.0132454745471477,-0.8307037353515625,3.580780029296875,3.049957275390625,2.28472900390625,-2.2158355712890625,-1.6177978515625
2015-10-05,6,1,298.6522216796875,293.78277587890625,2.184539794921875,-0.098785400390625,513.0,91634.375,268.757080078125,281.98211669921875,290.60955810546875,0.0046954229474067,0.0075287073850631,0.0146515630185604,-1.9284210205078125,-3.862579345703125,3.029205322265625,1.089202880859375,-0.5882568359375,-0.618865966796875
2015-10-05,12,2,297.26983642578125,293.8103332519531,2.02239990234375,1.78289794921875,345.0,91379.671875,268.6177978515625,282.5712890625,291.34344482421875,0.0051918886601924,0.0090448558330535,0.0143700465559959,-2.0736541748046875,-3.0525665283203125,4.6814727783203125,-0.6362762451171875,0.543426513671875,2.7675323486328125
2015-10-05,18,3,294.294921875,293.3392333984375,2.5255126953125,1.4287261962890625,112.0,91598.734375,268.21539306640625,282.02069091796875,290.2696838378906,0.0053117722272872,0.0096135325729846,0.0136799663305282,-6.550094604492188,2.1032867431640625,8.40777587890625,-3.689544677734375,3.2596893310546875,1.2896270751953125
2015-10-06,0,0,295.11602783203125,293.27264404296875,2.1991729736328125,0.6212615966796875,13.25,91407.671875,268.42901611328125,282.7772827148437,290.59112548828125,0.0050349682569503,0.0092656910419464,0.0125105045735836,-5.166961669921875,3.626632690429688,9.565536499023438,2.789581298828125,3.3877410888671875,-0.3401336669921875
2015-10-06,6,1,299.428955078125,292.5567626953125,3.1129150390625,0.7492828369140625,93.25,91530.484375,268.96807861328125,282.5877685546875,291.5494384765625,0.0046632597222924,0.0083853527903556,0.0133908800780773,-0.0914306640625,1.9136962890625,4.541915893554688,7.269805908203125,3.10052490234375,0.9114990234375
2015-10-06,12,2,299.8683776855469,293.69000244140625,2.009140014648437,0.773834228515625,281.0,91257.609375,268.28240966796875,282.74102783203125,292.7777099609375,0.004959113895893,0.0080038718879222,0.0135772451758384,7.092071533203125,2.104705810546875,4.269989013671875,3.8279876708984375,2.033599853515625,1.4373779296875
2015-10-06,18,3,295.4613037109375,293.0990295410156,1.0701446533203125,0.415679931640625,124.5,91531.796875,267.669921875,282.34722900390625,291.610107421875,0.0046692341566085,0.0091624334454536,0.0126277394592762,3.4132843017578125,4.4146575927734375,4.824142456054688,0.7575531005859375,3.935958862304688,2.750701904296875
2015-10-07,0,0,296.1117553710937,292.6702575683594,1.5499420166015625,0.7064666748046875,0.0,91389.046875,268.0269775390625,283.00347900390625,291.3162536621094,0.0045841112732887,0.0093489103019237,0.0119893290102481,5.417251586914063,4.088882446289063,6.0562896728515625,1.5982666015625,1.55584716796875,4.528823852539063
2015-10-07,6,1,300.8192749023437,293.2314453125,2.216217041015625,1.9071502685546875,1.5,91508.90625,268.9178466796875,283.426025390625,291.8919982910156,0.0038625658489763,0.0088429991155862,0.0133625455200672,5.5551300048828125,4.291290283203125,3.226715087890625,3.2105712890625,4.221923828125,2.79888916015625
2015-10-07,12,2,299.600830078125,293.828125,1.8284912109375,0.8579864501953125,263.75,91372.125,268.40789794921875,283.10308837890625,293.8203430175781,0.0032067550346255,0.0092472843825817,0.0134790763258934,3.0177001953125,6.5121917724609375,5.925262451171875,1.7499847412109375,4.58282470703125,2.5953826904296875
2015-10-07,18,3,295.75390625,292.4955139160156,1.944061279296875,0.3385162353515625,0.0,91624.28125,268.53717041015625,283.00262451171875,291.8132019042969,0.0029073434416204,0.0085858702659606,0.0124123394489288,4.3841094970703125,6.0530853271484375,6.514556884765625,3.273895263671875,4.149383544921875,2.8751983642578125
2015-10-08,0,0,294.630615234375,292.6723022460937,2.509262084960937,0.90936279296875,0.0,91465.171875,269.0339050292969,283.0794677734375,291.8961486816406,0.0037139160558581,0.0094710551202297,0.0120760314166545,5.081954956054688,5.369354248046875,8.551620483398438,1.322845458984375,3.165283203125,5.162689208984375
2015-10-08,6,1,300.300537109375,293.8258361816406,4.0092315673828125,3.181015014648437,0.0,91546.125,269.22265625,283.82684326171875,291.95953369140625,0.0036798096261918,0.0089975446462631,0.0136991254985332,5.223159790039063,5.207321166992188,6.28460693359375,-0.025238037109375,4.064865112304688,4.9678955078125
2015-10-08,12,2,299.6552124023437,293.71112060546875,1.793060302734375,1.2233734130859375,182.25,91352.109375,268.98736572265625,283.2846374511719,293.317138671875,0.0037710547912865,0.0093692597001791,0.0138910077512264,4.767105102539063,6.40545654296875,5.9154205322265625,-1.085235595703125,4.948272705078125,3.612991333007813
2015-10-08,18,3,296.0555114746094,292.6043701171875,2.7588043212890625,0.8721771240234375,0.0,91622.5,268.97076416015625,283.0489501953125,291.8691101074219,0.0036828082520514,0.0089937932789325,0.0125986076891422,2.84637451171875,6.4876556396484375,8.454208374023438,-1.4050750732421875,3.1905059814453125,4.829360961914063
2015-10-09,0,0,295.3697509765625,293.34820556640625,2.706695556640625,0.704071044921875,0.0,91449.0625,268.34918212890625,282.87091064453125,291.17364501953125,0.0041115954518318,0.0096913464367389,0.0125318951904773,2.863265991210937,2.908187866210937,7.407608032226562,-1.222869873046875,4.400314331054688,6.4549407958984375
2015-10-09,6,1,300.0285339355469,293.05877685546875,3.4837188720703125,2.2644805908203125,3.25,91560.4375,268.157958984375,283.6762084960937,291.9798583984375,0.0045290552079677,0.0094738900661468,0.0134969726204872,2.9359588623046875,5.41058349609375,5.1689453125,-0.1385040283203125,4.4975433349609375,3.6550445556640634
2015-10-09,12,2,298.6663818359375,294.384521484375,1.78729248046875,0.478485107421875,251.875,91308.359375,268.94110107421875,283.6717529296875,292.9623413085937,0.0039941719733178,0.0096577443182468,0.0135019421577453,4.3353118896484375,6.542572021484375,4.493896484375,-0.1464691162109375,3.0721893310546875,3.188827514648437
2015-10-09,18,3,295.9473876953125,293.913818359375,2.338409423828125,1.49554443359375,3.375,91610.015625,268.1214599609375,284.177490234375,291.7885131835937,0.0036508494522422,0.0094652436673641,0.0130729526281356,3.714630126953125,5.695068359375,8.087005615234375,-0.970855712890625,0.6747589111328125,4.0963134765625
2015-10-10,0,0,295.3977355957031,293.26727294921875,2.1482696533203125,0.7917938232421875,0.0,91501.890625,268.3583984375,282.87847900390625,291.60595703125,0.0038390888366848,0.0097880437970161,0.0124526098370552,3.15484619140625,4.2711029052734375,7.971588134765625,-1.8272552490234373,0.905670166015625,4.23931884765625
2015-10-10,6,1,300.259033203125,293.9213256835937,3.7569580078125,2.1202392578125,177.75,91660.40625,268.33709716796875,283.4537353515625,291.9847412109375,0.0038675984833389,0.0092708952724933,0.0140349362045526,1.490386962890625,3.60528564453125,5.714813232421875,-2.6578369140625,0.95208740234375,3.2252655029296875
2015-10-10,12,2,299.12567138671875,294.3759155273437,2.1248321533203125,0.16790771484375,644.0,91428.96875,268.3878479003906,283.13604736328125,292.580810546875,0.0042541325092315,0.0099383406341075,0.0141802690923213,1.7759857177734375,3.274887084960937,7.360198974609375,-0.8892059326171875,-0.421844482421875,0.64642333984375
2015-10-10,18,3,295.7090759277344,293.8626708984375,1.1198272705078125,1.1280975341796875,365.875,91712.234375,267.7998046875,282.301025390625,291.4583435058594,0.004697747528553,0.0102429538965225,0.014050256460905,1.10455322265625,2.7559967041015625,4.103363037109375,-2.5211639404296875,-0.72344970703125,1.4673309326171875
2015-10-11,0,0,295.54412841796875,293.5859375,1.366607666015625,0.9073028564453124,30.625,91622.609375,267.8510131835937,282.5668640136719,291.5615234375,0.004499957896769,0.0096398293972015,0.0124242715537548,2.9545440673828125,1.980133056640625,4.020599365234375,-2.693328857421875,-0.189208984375,0.645782470703125
2015-10-11,6,1,300.23345947265625,294.2342529296875,1.0222625732421875,0.02587890625,236.75,91751.890625,267.72186279296875,283.21197509765625,291.8217163085937,0.0042991545051336,0.0088438093662261,0.014195155352354,1.495849609375,2.345428466796875,1.1663970947265625,-0.8651123046875,-0.683135986328125,-0.268798828125
2015-10-11,12,2,298.64263916015625,294.41461181640625,-0.8326416015625,-0.6732025146484375,1113.625,91538.5625,269.0585327148437,282.90386962890625,293.1278686523437,0.0034893492702394,0.0094030909240245,0.0148561522364616,3.05133056640625,2.0865936279296875,0.381072998046875,-1.422515869140625,-0.4041900634765625,-0.51177978515625
2015-10-11,18,3,295.26177978515625,294.5770874023437,1.2219696044921875,1.3184814453125,523.5,91836.65625,267.9002380371094,283.3638610839844,291.627197265625,0.0039331885054707,0.0083214491605758,0.0141983442008495,1.71929931640625,0.5650634765625,1.2917327880859375,-1.6750640869140625,-0.755462646484375,0.1283721923828125
2015-10-12,0,0,295.4058837890625,293.636962890625,0.8813934326171875,-1.3536376953125,185.25,91696.203125,267.935302734375,281.49285888671875,291.8277282714844,0.0046187974512577,0.0092341881245374,0.0134257599711418,0.51959228515625,-3.09881591796875,-3.700439453125,-1.5543365478515625,-2.664581298828125,-1.4138946533203125
2015-10-12,6,1,299.8833923339844,295.2231140136719,-1.9523773193359373,-0.1615142822265625,1488.0,91801.53125,268.3095092773437,282.90655517578125,291.84429931640625,0.0046465657651424,0.0083919167518615,0.0145617723464965,1.3685760498046875,-5.8165130615234375,-4.5426177978515625,-1.5766143798828125,-1.585357666015625,-0.23455810546875
2015-10-12,12,2,300.23944091796875,294.19854736328125,-0.750885009765625,-1.139556884765625,677.375,91542.8125,268.43341064453125,283.20703125,293.6570129394531,0.0039319135248661,0.0085446536540985,0.0136656835675239,2.582794189453125,-4.9951019287109375,-4.21246337890625,-3.052276611328125,-0.8830108642578125,-2.8090057373046875
2015-10-12,18,3,296.6220703125,294.5507507324219,-1.3379364013671875,-0.1812286376953125,150.5,91770.234375,268.5823974609375,282.8067626953125,292.2470703125,0.0029556141234934,0.0074631907045841,0.0132493861019611,2.263885498046875,-4.7664947509765625,-5.941436767578125,-2.0314178466796875,-1.62811279296875,0.2163848876953125
2015-10-13,0,0,295.3834228515625,292.9503173828125,-1.751434326171875,0.5187835693359375,169.875,91673.796875,269.72802734375,282.02496337890625,292.60357666015625,0.0019021769985556,0.0079622007906436,0.0095903277397155,3.1169586181640625,-5.066253662109375,-5.5630645751953125,-2.795623779296875,-3.137420654296875,1.4049530029296875
2015-10-13,6,1,301.607177734375,290.87408447265625,-1.9705352783203125,1.2504730224609375,0.0,91771.65625,269.3395690917969,282.1927795410156,292.9057006835937,0.0018073085229843,0.00692930072546,0.010616086423397,1.8873748779296875,-5.59637451171875,-3.3044586181640625,-2.621566772460937,-1.5470123291015625,1.592041015625
2015-10-13,12,2,300.77520751953125,291.42547607421875,-1.384521484375,0.279205322265625,0.0,91474.765625,269.6542358398437,282.9550170898437,294.47320556640625,0.0013753524981439,0.0048871450126171,0.0097245834767818,1.5507659912109375,-2.9021453857421875,-3.9725341796875,-1.7970733642578125,-1.3176116943359375,0.375
2015-10-13,18,3,294.26300048828125,289.9193420410156,-1.998504638671875,0.6694488525390625,0.0,91772.9375,269.1173095703125,282.8310546875,293.1080322265625,0.0013625724241137,0.0047497265040874,0.0097439028322696,0.6569061279296875,-2.452301025390625,-4.213775634765625,0.3589324951171875,-2.70330810546875,1.9307708740234373
2015-10-14,0,0,294.47265625,291.10565185546875,-1.971649169921875,-0.4339141845703125,0.0,91668.6875,268.8932800292969,281.9113464355469,293.15899658203125,0.0012976676225662,0.0039970120415091,0.0063370876014232,1.1141815185546875,-4.396209716796875,-5.479660034179688,1.6884918212890625,-3.712844848632813,-1.04827880859375
2015-10-14,6,1,301.766845703125,288.4088134765625,-2.7268524169921875,0.3981170654296875,0.0,91846.03125,269.7694396972656,281.8913269042969,292.9882202148437,0.0011991842184215,0.003635412082076,0.0087044760584831,1.129241943359375,-5.469024658203125,-4.3804779052734375,3.1919708251953125,-1.988006591796875,0.4250335693359375
2015-10-14,12,2,300.2201843261719,290.5761108398437,-1.6041259765625,0.5105438232421875,0.0,91562.046875,269.623046875,281.4957275390625,294.704345703125,0.0014445232227444,0.0035245413891971,0.0080761946737766,2.34600830078125,-5.091079711914063,-3.44189453125,2.193450927734375,-1.14154052734375,0.6704254150390625
2015-10-14,18,3,294.0399475097656,288.8437805175781,-1.95697021484375,0.684906005859375,0.0,91802.125,269.17852783203125,282.2603454589844,293.63623046875,0.0015364531427621,0.0027716066688299,0.0080940313637256,1.2290802001953125,-7.1428070068359375,-4.2808990478515625,0.5278472900390625,0.0919952392578125,0.8985443115234375
2015-10-15,0,0,293.7546081542969,290.5068359375,-2.0854644775390625,-0.4384002685546875,0.0,91647.25,268.7982177734375,281.5702819824219,293.0648803710937,0.0016383379697799,0.0044224886223673,0.0078678540885448,0.0119171142578125,-7.648117065429687,-4.7794952392578125,0.5498504638671875,-1.88543701171875,-1.8104400634765625
2015-10-15,6,1,301.63232421875,290.3214111328125,-1.6876983642578125,-0.2473297119140625,0.0,91790.578125,269.4828491210937,282.24639892578125,293.1470947265625,0.0014255542773753,0.0044345557689666,0.0105401240289211,-0.99395751953125,-5.884613037109375,-2.8660888671875,2.402816772460937,-2.50592041015625,-0.769287109375
2015-10-15,12,2,300.81951904296875,292.1455993652344,-1.442718505859375,-0.2701873779296875,34.0,91505.6875,269.4580078125,281.4079895019531,294.890380859375,0.001367072109133,0.0072448104619979,0.0100484155118465,0.9137420654296876,-2.97686767578125,-3.4275360107421875,0.2767333984375,-2.348785400390625,-1.117828369140625
2015-10-15,18,3,295.8652648925781,292.1011657714844,-1.9030303955078125,0.2015533447265625,0.0,91774.0625,269.4065856933594,282.0271911621094,293.1361694335937,0.0011029685847461,0.0053019449114799,0.0108110271394252,0.5379486083984375,-5.4754638671875,-4.358657836914063,0.5602264404296875,-3.420501708984375,1.4991607666015625
2015-10-16,0,0,294.4298400878906,291.339599609375,-2.08172607421875,0.430908203125,0.0,91627.90625,269.2198486328125,281.73095703125,292.591064453125,0.0008979609701782,0.0051396377384662,0.0103458017110824,0.195770263671875,-4.264190673828125,-3.2417144775390625,1.0093536376953125,-4.229705810546875,-0.9582977294921876
2015-10-16,6,1,301.79833984375,291.38336181640625,-2.553985595703125,-1.273529052734375,0.0,91757.109375,269.55841064453125,282.5617370605469,293.20654296875,0.0007066882681101,0.005306851118803,0.0110424272716045,-0.8282928466796875,-4.8729400634765625,-4.070831298828125,2.136566162109375,-2.800079345703125,-2.138412475585937
2015-10-16,12,2,300.444091796875,292.3209533691406,-1.3050537109375,-0.790618896484375,0.25,91515.578125,269.8925170898437,282.7049560546875,294.41375732421875,0.000484598102048,0.0062840282917022,0.0110050551593303,-0.6303558349609375,-3.622360229492188,-4.2191009521484375,-0.46807861328125,-2.75689697265625,-2.4541168212890625
2015-10-16,18,3,295.8218078613281,292.8174743652344,-2.3108673095703125,0.87469482421875,23.125,91822.125,268.0916442871094,283.0375366210937,292.3333740234375,0.0006258920766413,0.0052229650318622,0.0124314613640308,-1.1455535888671875,-3.2793121337890625,-3.97503662109375,-0.4633331298828125,-3.200958251953125,0.53265380859375
2015-10-17,0,0,295.6944580078125,293.3976745605469,-1.604248046875,-0.0441436767578125,0.0,91695.953125,268.5780029296875,283.405029296875,292.20733642578125,0.0003931776154786,0.0051343794912099,0.0107712373137474,-3.6721038818359375,-3.86029052734375,-4.122161865234375,0.43389892578125,-4.131149291992188,-1.26666259765625
2015-10-17,6,1,301.6263427734375,292.4551696777344,-2.61895751953125,-0.217010498046875,0.0,91828.84375,269.51300048828125,283.5325012207031,292.5468139648437,0.0002252237463835,0.0047545358538627,0.0117132551968097,-3.7506256103515625,-5.860748291015625,-4.0782012939453125,1.962005615234375,-3.9405670166015625,-0.669677734375
2015-10-17,12,2,300.4439697265625,291.6736755371094,-1.8470611572265625,0.420257568359375,0.0,91481.6875,270.2003173828125,283.951171875,294.662353515625,0.0004885653033852,0.004012044519186,0.0109228007495403,-2.39166259765625,-4.352584838867188,-5.3733673095703125,2.9724578857421875,-4.11859130859375,0.2871856689453125
2015-10-17,18,3,295.1710205078125,292.2391357421875,-2.51531982421875,0.97607421875,0.0,91814.078125,269.462158203125,283.591796875,292.579345703125,0.0013573209289461,0.0053948387503623,0.0109223574399948,-2.097137451171875,-6.0247344970703125,-4.077362060546875,1.652587890625,-3.4675750732421875,2.6080474853515625
2015-10-18,0,0,295.9947509765625,293.9815673828125,-1.9711151123046875,-0.090118408203125,0.0,91748.75,269.2957763671875,283.0365600585937,292.1653137207031,0.0011642335448414,0.0053636245429515,0.0110984332859516,-4.170700073242188,-6.678970336914063,-3.8221282958984375,1.5500335693359375,-2.0793914794921875,1.2638092041015625
2015-10-18,6,1,301.3243408203125,292.4961242675781,-2.5178985595703125,-0.0496978759765625,0.0,91898.203125,269.04937744140625,283.1141357421875,292.63201904296875,0.0009012550581246,0.0050248866900801,0.0122165009379386,-6.333648681640625,-6.3373565673828125,-3.860321044921875,0.6854095458984375,-0.9997711181640624,-0.395172119140625
2015-10-18,12,2,301.0921325683594,291.7431640625,-1.4949188232421875,0.0093841552734375,1.75,91642.390625,268.68023681640625,283.3813171386719,294.1682434082031,0.0006904704496264,0.0058196149766445,0.0120232477784156,-6.680877685546875,-3.207794189453125,-4.32562255859375,1.5983428955078125,-1.4067535400390625,-0.23492431640625
2015-10-18,18,3,296.51434326171875,292.8699951171875,-3.215316772460937,0.4080047607421875,0.0,91868.984375,269.3213806152344,283.2637023925781,292.32666015625,0.0009884254541248,0.0059712007641792,0.0127155669033527,-6.198532104492188,-6.2494049072265625,-5.26446533203125,0.8622894287109375,-2.482696533203125,0.3214263916015625
2015-10-19,0,0,296.31219482421875,294.134765625,-2.319793701171875,0.7642974853515625,0.5,91775.78125,269.093017578125,282.91796875,292.4420471191406,0.0007381071336567,0.0061276108026504,0.0100418291985988,-5.5435791015625,-5.1363067626953125,-6.47332763671875,-1.1819610595703125,-0.179412841796875,-0.6175384521484375
2015-10-19,6,1,301.3721008300781,290.8035888671875,-2.394882202148437,-0.39337158203125,0.0,91839.84375,269.31695556640625,284.03643798828125,292.8546142578125,0.000471344217658,0.0039523523300886,0.011070217937231,-7.216094970703125,-5.66717529296875,-3.9738616943359375,-0.2423095703125,-2.043563842773437,-0.708770751953125
2015-10-19,12,2,301.4208984375,292.60601806640625,-1.36761474609375,-0.5908660888671875,0.0,91517.96875,269.5850830078125,284.2377319335937,295.1089782714844,0.0003827938344329,0.0029219058342278,0.0106527507305145,-7.2246246337890625,-4.7720794677734375,-4.447906494140625,0.61358642578125,-1.8241424560546875,-2.187286376953125
2015-10-19,18,3,295.59844970703125,293.3798828125,-2.194549560546875,1.2073516845703125,55.0,91792.34375,269.76123046875,283.39019775390625,292.4990234375,0.0003610055427998,0.0046293959021568,0.0126035958528518,-5.260177612304688,-5.007049560546875,-5.2772216796875,0.024322509765625,-2.9886016845703125,-1.3901824951171875
2015-10-20,0,0,296.6225280761719,294.259521484375,-1.927734375,0.5948944091796875,26.625,91643.640625,269.23797607421875,282.7213134765625,291.7630615234375,0.0004421724006533,0.0050253868103027,0.0115776620805263,-1.1857147216796875,-3.380645751953125,-6.05987548828125,0.1879425048828125,-3.433502197265625,-1.137939453125
2015-10-20,6,1,302.2589111328125,292.0575561523437,-2.9829559326171875,-0.7342071533203125,0.0,91686.078125,269.4016418457031,283.0018920898437,292.8798828125,0.000394555972889,0.0049469545483589,0.0120509751141071,-2.74420166015625,-3.550018310546875,-4.7168731689453125,-0.904754638671875,-2.18359375,-1.284881591796875
2015-10-20,12,2,301.07891845703125,293.4813842773437,-1.2147369384765625,0.2712860107421875,5.375,91422.921875,269.7289428710937,282.5824584960937,294.8272705078125,0.0003407394979149,0.0067765787243843,0.0111276991665363,-3.285736083984375,-2.0039215087890625,-2.655853271484375,-1.1414337158203125,-2.33538818359375,0.321319580078125
2015-10-20,18,3,296.0570068359375,291.6872863769531,-2.6481170654296875,0.5844573974609375,8.5,91639.09375,270.30242919921875,282.470458984375,292.6713562011719,0.0002615782432258,0.0064892843365669,0.0122404471039772,-2.760223388671875,-1.87091064453125,-4.5098876953125,1.7791595458984375,-1.4841766357421875,0.938690185546875
2015-10-21,0,0,294.78814697265625,292.8871459960937,-1.5196533203125,0.6768646240234375,97.625,91522.5625,270.25604248046875,281.74267578125,292.23846435546875,0.0002692183479666,0.0053300932049751,0.0116856507956981,-0.8170013427734375,-1.4588623046875,-5.521820068359375,1.3572235107421875,-1.878387451171875,-2.2221221923828125
2015-10-21,6,1,302.32354736328125,291.60723876953125,-2.7681427001953125,-0.9626007080078124,0.0,91642.734375,270.2159729003906,283.4329528808594,293.1787109375,0.0004206157755106,0.0030384161509573,0.0113053172826766,-3.0809478759765625,-1.1473541259765625,-4.030731201171875,0.90252685546875,-1.4765472412109375,-1.737579345703125
2015-10-21,12,2,300.283935546875,291.7124328613281,-1.64154052734375,0.2037200927734375,11.5,91377.234375,271.17340087890625,281.5906677246094,294.92364501953125,0.0006485083140432,0.0042979791760444,0.0102359689772129,-3.373077392578125,-0.7290496826171875,-5.0455169677734375,0.54669189453125,-1.1024627685546875,-0.085235595703125
2015-10-21,18,3,294.8174743652344,290.3544311523437,-2.3602447509765625,0.82794189453125,4.875,91701.03125,269.6215209960937,282.2648010253906,293.2232360839844,0.0009625260718166,0.0025756456889212,0.0106245279312133,-3.995086669921875,1.0291595458984375,-4.928756713867188,1.0799407958984375,-0.16912841796875,0.2186279296875
2015-10-22,0,0,293.7022399902344,291.5922241210937,-1.6650543212890625,0.12908935546875,22.25,91610.390625,269.7237854003906,281.5555419921875,292.72003173828125,0.000739854760468,0.0033127670176327,0.009349163621664,-4.01654052734375,1.7987213134765625,-4.44140625,2.6442108154296875,-0.0562744140625,-3.712844848632813
2015-10-22,6,1,302.0325012207031,288.6206359863281,-2.61041259765625,-2.0238800048828125,0.0,91736.359375,270.69989013671875,284.1036376953125,293.50653076171875,0.0004098829813301,0.0019469228573143,0.0097862891852855,-3.884063720703125,1.421966552734375,-3.9941253662109375,2.1069488525390625,-0.6485748291015625,-3.1689453125
2015-10-22,12,2,300.00439453125,289.4923095703125,-1.9521026611328125,-0.2518310546875,0.0,91473.328125,270.99298095703125,282.0995788574219,294.8143310546875,0.0006404311861842,0.0036848871968686,0.0083133205771446,-2.074859619140625,-0.9380645751953124,-6.1298828125,1.19818115234375,-2.2606964111328125,-1.275848388671875
2015-10-22,18,3,294.22039794921875,286.861083984375,-2.41845703125,0.3892364501953125,0.0,91733.953125,269.78466796875,283.19061279296875,293.28228759765625,0.0009987424127757,0.0017762519419193,0.0084959529340267,-2.0493927001953125,-4.071380615234375,-4.391769409179688,1.36395263671875,-0.3496856689453125,-1.3162078857421875
2015-10-23,0,0,293.531494140625,290.1748046875,-1.398529052734375,-1.1064300537109375,0.0,91534.953125,269.96044921875,282.5302734375,292.5708923339844,0.0016084942035377,0.0016269804909825,0.0081668421626091,-2.5129852294921875,-3.807785034179688,-3.5303497314453125,0.8018341064453125,-0.8293609619140625,-4.8014068603515625
2015-10-23,6,1,300.91552734375,286.6402587890625,-2.5323486328125,-2.1392059326171875,0.0,91721.796875,270.57354736328125,283.82330322265625,293.2453308105469,0.0007707208860665,0.0011489945463836,0.0067723840475082,-2.89678955078125,-3.6757965087890634,-3.829803466796875,-1.831390380859375,-2.652450561523437,-3.376083374023437
2015-10-23,12,2,299.0386962890625,290.1528625488281,-1.9300384521484373,-0.43414306640625,0.0,91502.3125,270.11431884765625,283.8740234375,294.66668701171875,0.0002032160118687,0.0016052571590989,0.0064171366393566,-3.517547607421875,-3.384063720703125,-4.23443603515625,-3.6083984375,-0.9535675048828124,-1.8259735107421875
2015-10-23,18,3,293.7180480957031,289.1120910644531,-2.268783569335937,-0.101470947265625,0.0,91671.234375,269.9566650390625,283.90771484375,293.1367492675781,0.0001667782635195,0.0031900827307254,0.0084137991070747,-4.253097534179688,-4.64251708984375,-5.288619995117188,-2.503326416015625,0.61895751953125,-3.3366241455078125
2015-10-24,0,0,294.3350830078125,293.1832275390625,-2.178985595703125,-0.536224365234375,0.0,91546.46875,270.1520080566406,282.096923828125,292.9502258300781,0.0001640787377255,0.0069440342485904,0.0047362186014652,-5.23248291015625,-4.936294555664063,-8.010833740234375,0.0258026123046875,-1.5023193359375,-3.761749267578125
2015-10-24,6,1,301.2239990234375,284.7427673339844,-3.810333251953125,-0.4459228515625,0.0,91652.78125,270.64752197265625,283.9600830078125,293.0414123535156,0.0001480887440266,0.0048118233680725,0.0064591877162456,-5.5425567626953125,-6.166717529296875,-6.3883056640625,-1.6079864501953125,-2.2429962158203125,-0.681640625
2015-10-24,12,2,299.3065185546875,285.36114501953125,-2.266357421875,0.0940704345703125,0.0,91463.328125,269.9322509765625,283.10791015625,294.514892578125,0.0001683449372649,0.002004871610552,0.0065947473049163,-4.856246948242188,-6.9275665283203125,-7.1573638916015625,-3.3656005859375,-1.4283294677734375,0.0741424560546875
2015-10-24,18,3,293.28912353515625,288.5404052734375,-2.03973388671875,-0.365966796875,0.0,91708.828125,270.0083312988281,282.939453125,292.9209289550781,0.0001545873383292,0.0017521479167044,0.00666144490242,-7.49346923828125,-5.178955078125,-6.43109130859375,-0.824005126953125,0.01116943359375,-3.205108642578125
2015-10-25,0,0,292.0335388183594,289.1492614746094,-2.222991943359375,-0.0670013427734375,0.0,91571.390625,271.3434143066406,282.5492248535156,292.6365966796875,0.0001421308406861,0.001767645124346,0.0034802847076207,-8.131759643554688,-3.397323608398437,-7.7666015625,0.6739959716796875,-3.074798583984375,-2.094589233398437
2015-10-25,6,1,301.00262451171875,287.7197265625,-3.739456176757813,0.7153167724609375,0.0,91804.46875,270.542724609375,282.1218566894531,291.8652648925781,0.0002105490129906,0.003173705888912,0.0087299533188343,-9.209915161132812,-7.8368988037109375,-6.147125244140625,2.056182861328125,-3.8925933837890634,0.933074951171875
2015-10-25,12,2,299.04266357421875,290.069091796875,-2.5517578125,0.0926361083984375,0.0,91527.359375,269.6280517578125,282.5181884765625,293.6380920410156,0.0002574028330855,0.0034435240086168,0.0106106102466583,-8.624435424804688,-8.492340087890625,-6.972259521484375,2.23419189453125,-2.241683959960937,-0.28509521484375
2015-10-25,18,3,294.6896667480469,292.3222961425781,-2.404891967773437,0.5791778564453125,14.375,91791.546875,269.662841796875,281.4316711425781,291.3939208984375,0.0002520929556339,0.004950389266014,0.0106373280286788,-6.9852142333984375,-9.200653076171877,-4.83319091796875,2.817001342773437,-1.60675048828125,-0.6111907958984375
2015-10-26,0,0,294.877685546875,293.40826416015625,-2.04559326171875,-0.8566131591796875,0.25,91650.203125,269.1849060058594,281.26715087890625,291.4208374023437,0.0002952083013951,0.004528522491455,0.0089266449213027,-8.49371337890625,-6.774993896484375,-4.8318939208984375,2.808349609375,-2.3855743408203125,-3.047210693359375
2015-10-26,6,1,300.3548278808594,290.8764038085937,-4.0015716552734375,-1.29888916015625,16.875,91813.9375,269.1339111328125,281.231689453125,291.6654052734375,0.0004735090769827,0.0051838047802448,0.0117621757090091,-8.9129638671875,-6.98883056640625,-6.1758880615234375,3.514862060546875,-3.182601928710937,-1.9592742919921875
2015-10-26,12,2,299.44586181640625,290.8172607421875,-2.0252685546875,-0.3036346435546875,11.25,91572.015625,268.77099609375,281.7642822265625,293.3446655273437,0.0013182766269892,0.0052336528897285,0.0110805742442607,-7.7718505859375,-5.306915283203125,-6.0937347412109375,1.7418975830078125,-3.973358154296875,-1.3988037109375
2015-10-26,18,3,295.456298828125,291.80615234375,-2.305526733398437,-0.1263885498046875,14.5,91863.765625,269.0046691894531,281.3507385253906,291.30975341796875,0.0026740410830825,0.0059188343584537,0.0118205361068248,-4.746673583984375,-4.8010101318359375,-4.590728759765625,0.8343963623046875,-2.078109741210937,-1.10968017578125
2015-10-27,0,0,294.9117126464844,292.79754638671875,-1.454864501953125,-0.661895751953125,1.0,91607.0,268.155517578125,281.6947937011719,291.0971374511719,0.0013500307686626,0.0062180086970329,0.0108799152076244,-5.8133087158203125,-2.902694702148437,-3.6328277587890634,1.1477813720703125,-1.292510986328125,-2.543548583984375
2015-10-27,6,1,301.09442138671875,291.24859619140625,-2.1240997314453125,-2.528961181640625,0.0,91797.609375,267.9483337402344,281.8551025390625,291.822265625,0.0011830604635179,0.0055215507745742,0.011204320937395,-5.6477813720703125,-3.5246734619140625,-3.382064819335937,2.7181396484375,-1.1915130615234375,-3.955841064453125
2015-10-27,12,2,300.41326904296875,290.9052124023437,-1.2712554931640625,0.030303955078125,0.0,91505.8125,268.63104248046875,281.76171875,293.50006103515625,0.0028281428385525,0.0076402500271797,0.0105371996760368,-3.709030151367188,-1.3465118408203125,-3.4429168701171875,2.2552947998046875,0.2575836181640625,-2.288192749023437
2015-10-27,18,3,294.5130615234375,291.8685913085937,-1.94854736328125,0.8661956787109375,41.25,91807.265625,268.50897216796875,282.6180725097656,291.2614440917969,0.0041851252317428,0.007549948990345,0.0118355304002761,-1.92193603515625,0.6389617919921875,-6.30047607421875,4.710296630859375,-0.8561553955078125,-0.6338958740234375
2015-10-28,0,0,294.8985900878906,292.9958801269531,-1.2705841064453125,-0.023895263671875,4.25,91602.90625,268.0154724121094,282.6541748046875,291.549072265625,0.0035754025448113,0.0083255060017108,0.0098934881389141,1.4657440185546875,-1.832122802734375,-5.420928955078125,0.4095611572265625,0.3643951416015625,-4.01800537109375
2015-10-28,6,1,302.3895874023437,290.3033447265625,-2.65069580078125,0.230377197265625,3.625,91790.796875,268.40875244140625,281.8070678710937,291.80670166015625,0.0034674836788326,0.0085846707224845,0.0112677030265331,-2.4268035888671875,-3.5714874267578125,-4.1586761474609375,-1.7375335693359375,1.6277313232421875,0.0581207275390625
2015-10-28,12,2,299.5428771972656,291.7897033691406,-2.160247802734375,0.680419921875,48.0,91469.53125,268.0579833984375,281.98504638671875,293.2388610839844,0.0037360747810453,0.0091824978590011,0.0121819376945495,-2.12701416015625,-1.7730865478515625,-3.6172943115234375,-1.2928314208984375,0.0785980224609375,0.99554443359375
2015-10-28,18,3,294.8048095703125,293.2867431640625,-1.352783203125,1.6522216796875,346.5,91745.796875,268.2465209960937,281.7805480957031,292.11376953125,0.0031873509287834,0.0090168304741382,0.0126749575138092,-1.3355255126953125,-3.823043823242188,-2.420654296875,-1.75146484375,-0.7271575927734375,3.772308349609375
2015-10-29,0,0,296.0479431152344,293.4591064453125,-1.084747314453125,-0.1563568115234375,32.0,91589.25,268.2514038085937,282.15869140625,290.8236083984375,0.0035093263722956,0.0079519748687744,0.0120302587747573,-0.8427581787109375,-3.86138916015625,-2.0970611572265625,-4.0145263671875,-0.345428466796875,2.1740875244140625
2015-10-29,6,1,300.69512939453125,292.0120849609375,-2.2513885498046875,-0.02935791015625,0.0,91725.359375,268.6542053222656,282.8046875,291.6688842773437,0.0035719405859708,0.0069437697529792,0.0124625414609909,1.360748291015625,-5.5047149658203125,-3.276275634765625,-2.18450927734375,-1.26654052734375,-0.0762786865234375
2015-10-29,12,2,300.801513671875,291.9063720703125,-1.6667633056640625,-1.0742950439453125,0.125,91383.40625,269.08770751953125,282.88433837890625,293.97998046875,0.0035074334591627,0.0080052502453327,0.0120088681578636,0.5038909912109375,-3.4621124267578125,-4.123703002929688,-4.217193603515625,-3.0421142578125,-2.090179443359375
2015-10-29,18,3,296.0508117675781,294.1248474121094,-2.141342163085937,0.4535064697265625,70.0,91682.546875,268.36016845703125,282.673095703125,291.9467163085937,0.002490013372153,0.0074828043580055,0.0130405873060226,-1.125274658203125,-3.3481903076171875,-4.9405059814453125,-4.921066284179688,-3.8639984130859375,-1.8107147216796875
2015-10-30,0,0,295.1220703125,293.34844970703125,-0.938995361328125,-0.949371337890625,11.875,91483.65625,268.9521789550781,282.308837890625,292.1181640625,0.0013232827186584,0.0073650665581226,0.0111305713653564,1.445556640625,-3.1739501953125,-3.686981201171875,-4.192886352539063,-5.881393432617188,-5.02642822265625
2015-10-30,6,1,301.8943176269531,291.450927734375,-2.5548095703125,-2.1198272705078125,13.5,91605.859375,268.9281005859375,282.930908203125,292.7503662109375,0.0007069348357617,0.0073104761540889,0.0125649515539407,-0.2630462646484375,-4.9012298583984375,-3.899826049804688,-5.02581787109375,-4.654693603515625,-3.125091552734375
2015-10-30,12,2,301.2357482910156,292.4646301269531,-1.6141357421875,-1.2643585205078125,71.625,91320.21875,269.5265808105469,283.12896728515625,294.0451354980469,0.0002314365119673,0.0078352130949497,0.012619812041521,-4.180816650390625,-2.55987548828125,-3.50885009765625,-3.9374847412109375,-4.8782501220703125,-3.918670654296875
2015-10-30,18,3,295.2849426269531,293.4751892089844,-1.849700927734375,0.093353271484375,163.0,91576.9375,269.7592163085937,282.26129150390625,292.3764038085937,0.0008055553771555,0.0070131048560142,0.0133682843297719,-4.87255859375,-2.2152557373046875,-4.7572784423828125,-0.4959259033203125,-4.7705841064453125,-4.471450805664063
2015-10-31,0,0,295.9757385253906,294.104248046875,-0.5942840576171875,-0.90850830078125,25.0,91437.1875,270.1737060546875,282.3207702636719,291.36737060546875,0.0015140231698751,0.0070652849972248,0.0120883956551551,-1.901885986328125,-0.005157470703125,-4.70672607421875,-0.849822998046875,-3.99737548828125,-5.0994873046875
2015-10-31,6,1,299.9715881347656,292.15484619140625,-2.2618560791015625,-2.317611694335937,0.0,91546.03125,269.8319091796875,282.32000732421875,292.3607177734375,0.0022151968441903,0.0075752958655357,0.0126035958528518,-1.7160491943359375,-2.343109130859375,-3.5196533203125,2.0365447998046875,-3.21722412109375,-3.455963134765625
2015-10-31,12,2,300.68829345703125,292.82568359375,-3.0904693603515625,0.562652587890625,10.75,91362.953125,269.4180908203125,282.4031066894531,292.9527587890625,0.0033271638676524,0.0089622288942337,0.0126498192548751,-0.804656982421875,-1.4049530029296875,-5.42608642578125,0.3716888427734375,-3.642288208007813,-1.5156707763671875
2015-10-31,18,3,295.45343017578125,293.584716796875,-2.28424072265625,1.053558349609375,270.625,91627.921875,269.61199951171875,281.90118408203125,291.7305908203125,0.0019232353661209,0.0087704509496688,0.0123119615018367,-1.3903045654296875,-4.304702758789063,-8.455612182617188,-0.672149658203125,-1.5767974853515625,0.750030517578125
2015-11-01,0,0,296.6706848144531,294.0155029296875,-1.8624725341796875,0.1304168701171875,161.125,91499.875,269.40875244140625,282.5209350585937,291.64471435546875,0.0037803885061293,0.0086346119642257,0.0112697668373584,-1.2739715576171875,-3.3595428466796875,-6.596969604492188,3.25811767578125,2.21234130859375,0.4162139892578125
2015-11-01,6,1,301.218017578125,293.58941650390625,-2.7681884765625,0.7361907958984375,299.0,91640.984375,269.01763916015625,282.1842041015625,292.2937316894531,0.0049078911542892,0.0096860341727733,0.0139278098940849,-2.3250885009765625,-3.05035400390625,-4.3167724609375,5.199020385742188,6.268890380859375,1.497467041015625
2015-11-01,12,2,296.7449035644531,294.45458984375,-1.9919891357421875,0.3761444091796875,550.75,91428.375,268.8677673339844,282.7660522460937,291.40155029296875,0.0051756277680397,0.0096088647842407,0.0149146914482116,1.6724853515625,-1.74835205078125,-4.6011505126953125,6.2367095947265625,6.245849609375,2.1450653076171875
2015-11-01,18,3,295.1381225585937,294.0133056640625,-2.6339569091796875,2.0774688720703125,112.5,91695.359375,268.7510986328125,282.91033935546875,290.316650390625,0.0047172764316201,0.0100016295909881,0.0140633136034011,3.5216827392578125,4.126251220703125,-4.6043243408203125,7.1955413818359375,4.7414093017578125,9.308517456054688
2015-11-02,0,0,295.1683349609375,293.74737548828125,-0.888458251953125,2.402496337890625,187.25,91571.28125,268.0863647460937,283.2441711425781,289.9217529296875,0.0051732622087001,0.0090980865061283,0.0133743844926357,1.59942626953125,4.19036865234375,1.151031494140625,1.232452392578125,6.69195556640625,6.6573333740234375
2015-11-02,6,1,299.16845703125,294.2463073730469,-0.2181549072265625,1.3359832763671875,187.375,91797.5,268.2070007324219,282.9223327636719,290.63262939453125,0.0049466188065707,0.0087787248194217,0.0134081989526748,0.17584228515625,2.281524658203125,0.189361572265625,4.647476196289063,9.201980590820312,1.9280853271484373
2015-11-02,12,2,299.6449584960937,294.2328491210937,-0.3350982666015625,-0.72259521484375,461.875,91542.375,268.7262268066406,282.99908447265625,291.9583740234375,0.0045127719640731,0.0087754428386688,0.0147786699235439,2.77960205078125,2.356674194335937,-1.489501953125,4.057098388671875,6.4644317626953125,-0.1228485107421875
2015-11-02,18,3,295.4224853515625,294.3196105957031,0.5067596435546875,1.3787994384765625,165.375,91810.375,268.00555419921875,282.97186279296875,290.4729919433594,0.0049556400626897,0.0082186348736286,0.0143681056797504,1.1089324951171875,3.6268157958984375,-0.059967041015625,2.302719116210937,2.7762603759765625,3.244049072265625
2015-11-03,0,0,295.81805419921875,293.80474853515625,-0.950347900390625,0.5804443359375,59.25,91618.109375,267.94451904296875,283.48272705078125,291.5258178710937,0.0046685114502906,0.0078886859118938,0.0135790705680847,1.493927001953125,5.9635009765625,0.397064208984375,2.767486572265625,2.948959350585937,1.2398529052734375
2015-11-03,6,1,299.6873779296875,294.59735107421875,0.4392242431640625,1.281219482421875,81.625,91760.53125,267.7098999023437,283.333740234375,291.8479919433594,0.004583965986967,0.007880825549364,0.0138105638325214,-0.2028350830078125,2.1566619873046875,0.10687255859375,1.8179779052734373,2.0871734619140625,1.642974853515625
2015-11-03,12,2,295.8531188964844,293.87548828125,0.2660369873046875,-1.192413330078125,668.625,91635.296875,268.4423828125,282.3619689941406,291.06793212890625,0.0051938388496637,0.0094676576554775,0.014778234064579,1.4824066162109375,1.92236328125,1.2534942626953125,-0.5304718017578125,-0.48138427734375,-1.8625946044921875
2015-11-03,18,3,294.41168212890625,293.4052124023437,0.199615478515625,-0.5875091552734375,250.25,91838.328125,268.6207275390625,282.9142150878906,291.0262756347656,0.0053141769021749,0.0088179446756839,0.0139911100268363,-0.070159912109375,2.882659912109375,1.939971923828125,-1.8072357177734373,0.3482513427734375,-0.873321533203125
2015-11-04,0,0,295.3639221191406,293.415771484375,0.25738525390625,-0.974639892578125,39.375,91622.328125,267.5797119140625,283.31719970703125,291.1832580566406,0.0047641135752201,0.0079875104129314,0.0131383053958415,0.739013671875,2.480224609375,0.0159912109375,-1.1018524169921875,-0.1601104736328125,-1.5417327880859375
2015-11-04,6,1,300.5698547363281,294.7364807128906,-1.427093505859375,-0.269622802734375,66.0,91736.859375,267.6287841796875,282.7618408203125,291.5702514648437,0.0043586455285549,0.0091884396970272,0.0136442743241786,-1.36627197265625,0.6648406982421875,-2.30810546875,-2.141510009765625,-1.7258758544921875,-0.4013214111328125
2015-11-04,12,2,297.07257080078125,293.9872741699219,-0.9338531494140624,-1.4494171142578125,316.5,91556.453125,268.4017333984375,282.26922607421875,291.0823669433594,0.0027613036800175,0.0096700191497802,0.0142870992422103,-2.6902008056640625,0.60577392578125,-3.080429077148437,-3.71893310546875,-3.267669677734375,-3.921844482421875
2015-11-04,18,3,295.26837158203125,294.1112060546875,-0.936279296875,0.257720947265625,167.875,91758.5625,268.44171142578125,282.24871826171875,290.8336181640625,0.003249947912991,0.0089888833463191,0.013557594269514,-3.483428955078125,-1.3619384765625,-5.773239135742188,-0.533599853515625,-4.062271118164063,-1.289825439453125
2015-11-05,0,0,294.3572692871094,292.7538452148437,-1.06353759765625,-0.6642303466796875,0.0,91636.21875,268.4745483398437,281.3924865722656,291.34893798828125,0.0014508243184536,0.0092554166913032,0.0108274817466735,-2.7304840087890625,-2.266693115234375,-6.96856689453125,-2.11962890625,-4.143646240234375,-2.108123779296875
2015-11-05,6,1,300.3072814941406,292.37921142578125,-2.581390380859375,-0.9115447998046876,7.375,91765.40625,269.3971862792969,282.0353088378906,291.5648193359375,0.0004787906073033,0.0082149943336844,0.0126279406249523,-7.093048095703125,-2.462631225585937,-4.294464111328125,-3.63201904296875,-3.5730133056640625,-1.63409423828125
2015-11-05,12,2,299.3240966796875,291.7601928710937,-1.0194244384765625,-0.819244384765625,25.125,91456.65625,268.6800537109375,282.56280517578125,292.8487243652344,0.0007602837868034,0.0071631260216236,0.012018047273159,-8.49774169921875,-0.2066497802734375,-3.4332275390625,-2.59613037109375,-4.13330078125,-3.68035888671875
2015-11-05,18,3,294.78619384765625,293.45465087890625,-1.4113006591796875,0.7575836181640625,67.75,91742.921875,269.0806579589844,281.8565673828125,291.28009033203125,0.0002648346126079,0.00515903159976,0.0126006230711936,-7.723495483398437,-2.1816558837890625,-4.9437255859375,-0.7196197509765625,-6.4713897705078125,-1.707550048828125
2015-11-06,0,0,294.29998779296875,292.6205444335937,-1.2252960205078125,-0.6722564697265625,4.5,91513.90625,268.7608642578125,282.4671936035156,291.4769897460937,0.0003480087034404,0.0039948113262653,0.0105903968214988,-5.3674163818359375,0.614288330078125,-5.100387573242188,-0.6601409912109375,-2.48516845703125,-5.282730102539063
2015-11-06,6,1,301.295166015625,291.34539794921875,-2.5080718994140625,-2.754302978515625,0.0,91632.90625,269.638916015625,282.6647033691406,291.83612060546875,0.0003216848708689,0.003305215621367,0.0113153271377086,-4.0960540771484375,0.3350372314453125,-4.196548461914063,0.6328887939453125,-2.708358764648437,-4.541427612304688
2015-11-06,12,2,299.6399230957031,291.20751953125,-1.1517181396484375,-0.911895751953125,24.5,91344.890625,269.49688720703125,281.473388671875,294.09576416015625,0.0003360188566148,0.0038362112827599,0.0101208463311195,-2.1170806884765625,-3.0143280029296875,-4.267303466796875,-3.284454345703125,-2.590438842773437,-3.87139892578125
2015-11-06,18,3,295.1986389160156,293.1879272460937,-2.50872802734375,-0.1060028076171875,55.0,91700.171875,269.0678100585937,280.9244384765625,291.7842712402344,0.0003615932073444,0.0074757374823093,0.011531189084053,-6.416900634765625,-4.41424560546875,-8.108505249023438,-2.253662109375,-0.0243072509765625,-3.6116790771484375
2015-11-07,0,0,296.4664306640625,293.216064453125,-1.7963104248046875,-0.5562286376953125,64.875,91539.0625,269.02105712890625,279.52154541015625,291.7406005859375,0.0004842956550419,0.0084574371576309,0.0081865787506103,-7.256439208984375,-2.1688690185546875,-7.807968139648437,-3.770553588867188,0.0095977783203125,-3.72454833984375
2015-11-07,6,1,299.982666015625,290.8062744140625,-3.7668609619140634,-1.4843902587890625,0.0,91666.828125,269.42840576171875,282.1565856933594,291.78192138671875,0.0005968080367892,0.0079665035009384,0.0115401782095432,-8.2752685546875,-5.982757568359375,-6.225357055664063,-0.6924896240234375,0.819915771484375,-2.6280059814453125
2015-11-07,12,2,299.0404052734375,292.0758056640625,-2.606292724609375,-0.896453857421875,16.5,91420.578125,269.03857421875,282.24273681640625,291.93963623046875,0.0016890065744519,0.0093545988202095,0.0127725824713706,-6.374069213867188,-4.901641845703125,-7.2349090576171875,-1.50408935546875,-0.3847198486328125,-3.67218017578125
2015-11-07,18,3,295.1284484863281,291.97607421875,-2.371612548828125,-0.4920196533203125,3.25,91734.53125,269.2623291015625,281.591064453125,291.1951599121094,0.0008392804302275,0.0088658407330513,0.0116059370338916,-8.822525024414062,-5.832443237304688,-8.694915771484375,-2.958343505859375,-0.56280517578125,-4.523483276367188
2015-11-08,0,0,294.8408203125,291.74169921875,-2.2239227294921875,-2.2127227783203125,0.0,91536.484375,269.2657775878906,282.34625244140625,292.0175170898437,0.0005300513003021,0.0080552101135253,0.0080152638256549,-9.252120971679688,-4.1506195068359375,-9.564346313476562,-1.240081787109375,-2.2718048095703125,-8.72491455078125
2015-11-08,6,1,299.02447509765625,291.97528076171875,-3.774017333984375,-3.59735107421875,3.125,91726.46875,269.2266845703125,281.9627990722656,291.35528564453125,0.0024474081583321,0.0087114684283733,0.0120200775563716,-8.374359130859375,-6.18609619140625,-6.288238525390625,-2.0955963134765625,-5.0221099853515625,-5.932586669921875
2015-11-08,12,2,298.6645202636719,291.7864685058594,-2.4122772216796875,-0.9599609375,2.75,91463.125,268.61651611328125,282.76141357421875,292.0365600585937,0.0032739804591983,0.0085350722074508,0.0122551806271076,-6.1314544677734375,-5.2822265625,-5.805206298828125,-8.311691284179688,-5.849868774414063,-6.445602416992188
2015-11-08,18,3,294.41668701171875,292.29205322265625,-0.878753662109375,-1.4904632568359375,11.25,91663.859375,268.494140625,282.7958068847656,291.4332275390625,0.0007621604017913,0.0063587613403797,0.0105645582079887,-4.363693237304688,-6.6916351318359375,-6.194488525390625,-15.047149658203123,-8.371780395507812,-9.31475830078125
2015-11-09,0,0,294.6724548339844,292.4176330566406,-0.2303619384765625,-4.1379241943359375,20.25,91385.828125,269.1715087890625,284.0811767578125,290.8544311523437,0.0007560355588793,0.0053174570202827,0.01191121712327,-0.800018310546875,-3.2728729248046875,-6.954254150390625,-13.927276611328123,-9.567596435546877,-12.92657470703125
2015-11-09,6,1,295.31689453125,293.4785461425781,-1.0428466796875,-6.977798461914063,18.625,91517.6875,267.94097900390625,283.2005615234375,289.70220947265625,0.0032337631564587,0.0062470510601997,0.0138804540038108,-1.75164794921875,-3.568206787109375,-5.24462890625,-12.482421875,-14.710739135742188,-12.688308715820312
2015-11-09,12,2,292.66876220703125,292.48443603515625,2.107513427734375,-5.1248931884765625,162.125,91286.890625,268.4840087890625,281.26416015625,290.1659240722656,0.0052711172029376,0.0078289583325386,0.0134833566844463,-17.261306762695312,0.7315673828125,-1.30902099609375,-12.447998046875,-18.375213623046875,-15.614639282226562
2015-11-09,18,3,292.637939453125,291.59912109375,3.1278076171875,-5.619415283203125,37.75,91378.0,269.44921875,283.1701965332031,287.110107421875,0.005493190139532,0.0105329006910324,0.0109068974852561,-11.732879638671877,-18.68467712402344,3.997482299804688,-11.970443725585938,-16.351211547851562,-18.440338134765625
2015-11-10,0,0,292.753662109375,292.5568542480469,3.15582275390625,-5.341567993164063,51.75,91159.46875,267.9414978027344,282.68621826171875,288.1041259765625,0.0048235058784484,0.0096116513013839,0.0126182474195957,-8.129257202148438,-9.450027465820312,-1.7931976318359375,-9.2249755859375,-14.25946044921875,-18.099609375
2015-11-10,6,1,293.1898498535156,292.6757202148437,2.016830444335937,-6.086959838867188,5.0,91282.328125,269.0232238769531,283.4134826660156,288.88818359375,0.0040563531219959,0.0092434622347354,0.0130835808813571,-8.170684814453125,-6.925827026367188,-2.128890991210937,-13.141403198242188,-12.8487548828125,-15.929916381835938
2015-11-10,12,2,293.5045166015625,293.11883544921875,1.3939666748046875,-5.7705841064453125,30.0,91157.78125,268.77642822265625,282.59716796875,289.31402587890625,0.0045422594994306,0.0099544376134872,0.0135452337563037,-8.659378051757812,-5.3199615478515625,-3.649749755859375,-7.412185668945312,-12.003082275390623,-17.42376708984375
2015-11-10,18,3,293.45867919921875,292.98663330078125,1.8032989501953125,-3.769775390625,10.0,91317.109375,268.673583984375,282.71490478515625,289.7656555175781,0.0051142461597919,0.0105836205184459,0.0139227956533432,-8.475540161132812,-9.297027587890623,-5.5009613037109375,-4.8838958740234375,-4.178482055664063,-10.3951416015625
2015-11-11,0,0,293.5335388183594,292.8631896972656,-4.014068603515625,-1.6291961669921875,23.125,91224.140625,269.4950561523437,282.1983642578125,289.4454345703125,0.0045933816581964,0.0102345533668994,0.0136040151119232,-5.4516448974609375,-10.135986328125,-9.001373291015625,-0.8195343017578125,-0.3887176513671875,-0.501678466796875
2015-11-11,6,1,295.51983642578125,294.33282470703125,-3.482208251953125,0.5384674072265625,191.0,91510.1875,271.13055419921875,282.06695556640625,289.7723388671875,0.0031902778428047,0.0099890194833278,0.0136882374063134,-8.983291625976562,-5.975799560546875,-9.858291625976562,2.824981689453125,1.4571533203125,0.519683837890625
2015-11-11,12,2,295.95001220703125,293.10760498046875,-2.376617431640625,-0.4461822509765625,5.5,91355.09375,269.95184326171875,282.8463134765625,290.6542358398437,0.0030495796818286,0.0098328590393066,0.0139199364930391,-6.524444580078125,-7.559326171875,-5.861007690429688,3.958694458007813,0.8652801513671875,0.358184814453125
2015-11-11,18,3,294.09686279296875,293.11444091796875,-2.7464599609375,-0.503143310546875,0.375,91701.40625,269.0762939453125,283.1649780273437,290.1696472167969,0.0043247267603874,0.0098001211881637,0.0137516409158706,-9.118057250976562,-6.5882110595703125,-7.043243408203125,-0.3098907470703125,3.3192291259765625,2.4851531982421875
2015-11-12,0,0,294.3342590332031,293.04595947265625,-3.3436279296875,-1.2303314208984375,6.25,91532.078125,269.6921691894531,283.6466369628906,290.5387268066406,0.0038614629302173,0.0088133178651332,0.0130837671458721,-9.571334838867188,-8.148757934570312,-5.8701019287109375,-2.754150390625,3.5433807373046875,0.3324432373046875
2015-11-12,6,1,298.1392822265625,293.93975830078125,-3.461395263671875,0.173919677734375,296.125,91782.484375,269.96832275390625,282.66766357421875,290.78875732421875,0.0029126934241503,0.0094019621610641,0.0142800100147724,-10.036727905273438,-6.3349609375,-5.975067138671875,-1.99554443359375,2.448883056640625,0.3806915283203125
2015-11-12,12,2,296.9218139648437,294.1680603027344,-1.61187744140625,-0.53106689453125,258.75,91637.4375,268.7803955078125,283.01416015625,291.0483093261719,0.0024247656110674,0.009440753608942,0.0143196657299995,-10.063369750976562,-5.299163818359375,-4.38861083984375,-4.548187255859375,1.6428680419921875,-0.6212005615234375
2015-11-12,18,3,293.804443359375,293.0551147460937,-1.2960052490234375,-1.35760498046875,255.5,91882.125,268.3311767578125,282.3709411621094,290.5164794921875,0.0038396583404392,0.0097777135670185,0.0146598070859909,-10.872283935546877,-4.564743041992188,-5.7076568603515625,-2.6899566650390625,-0.2763824462890625,-1.7545318603515625
2015-11-13,0,0,293.718017578125,291.7860717773437,-1.3470306396484375,-2.1566162109375,190.625,91724.15625,268.08203125,281.67352294921875,290.0984802246094,0.0030591147951781,0.0101904533803462,0.0098259672522544,-11.176605224609377,-3.3718414306640625,-5.853271484375,-2.552597045898437,-2.0733795166015625,-6.7203216552734375
2015-11-13,6,1,296.1910095214844,289.8879699707031,-2.6529083251953125,-2.3518829345703125,0.0,91902.109375,268.30694580078125,282.15679931640625,290.7438659667969,0.0034509184770286,0.009817712008953,0.0088189132511615,-11.144927978515623,-2.542236328125,-7.604080200195312,-0.55511474609375,-2.39715576171875,-5.8673095703125
2015-11-13,12,2,296.4100036621094,290.8468017578125,-1.559478759765625,-0.1270904541015625,0.0,91605.25,267.9248962402344,284.25946044921875,290.619384765625,0.003723778296262,0.0067459866404533,0.0110752880573272,-10.7587890625,-1.4045562744140625,-5.324005126953125,-4.6181182861328125,-6.612518310546875,-3.445343017578125
2015-11-13,18,3,292.64556884765625,291.1849670410156,-1.5772552490234375,-1.2895050048828125,0.0,91760.5,268.4568786621094,285.4432983398437,291.3199462890625,0.0031365088652819,0.0017488836310803,0.0065139979124069,-9.577407836914062,-4.718109130859375,-6.546676635742188,-4.75494384765625,-0.7657623291015625,-6.413009643554688
2015-11-14,0,0,292.53790283203125,288.360107421875,-1.73419189453125,-1.319732666015625,0.0,91498.234375,268.59478759765625,284.7640380859375,290.6705017089844,0.0045847781002521,0.0012435573153197,0.0065780170261859,-5.335906982421875,-4.63519287109375,-8.351531982421875,1.730194091796875,-0.80816650390625,-7.8142547607421875
2015-11-14,6,1,295.9322204589844,286.2573547363281,-3.5583648681640625,-2.564697265625,0.0,91664.703125,269.05328369140625,283.0379943847656,289.86834716796875,0.0037783929146826,0.0087749287486076,0.0073241218924522,-5.6051025390625,-5.295700073242188,-8.827621459960938,-2.5525665283203125,1.939788818359375,-5.020065307617188
2015-11-14,12,2,296.08990478515625,288.895751953125,-1.660552978515625,-0.421875,3.875,91421.28125,268.57647705078125,282.5763854980469,290.52020263671875,0.0039678905159235,0.0092066340148448,0.0103914737701416,-8.489883422851562,-3.469879150390625,-5.6418304443359375,-3.161834716796875,-0.0041046142578125,-2.082260131835937
2015-11-14,18,3,293.1488647460937,290.7675476074219,-0.8664093017578125,-0.854766845703125,74.0,91625.171875,268.370849609375,282.47235107421875,289.48150634765625,0.0038008990231901,0.0096225664019584,0.010848082602024,-14.001510620117188,-6.206466674804688,-5.5578155517578125,-2.400604248046875,-0.2497406005859375,-3.2961883544921875
2015-11-15,0,0,293.7191162109375,290.0129699707031,-1.271728515625,-1.3821563720703125,5.25,91389.265625,268.4957275390625,282.0103759765625,290.9407958984375,0.0044993683695793,0.009822953492403,0.0059071481227874,-12.881439208984377,-6.686325073242188,-6.69671630859375,0.1371917724609375,0.243194580078125,-7.095474243164063
2015-11-15,6,1,295.16278076171875,288.53826904296875,-1.990875244140625,-2.86175537109375,172.75,91664.171875,269.145751953125,283.0833740234375,289.2879638671875,0.0053380019962787,0.0092522986233234,0.0103519037365913,-11.263412475585938,-8.561111450195312,-7.544540405273437,-2.833709716796875,0.967376708984375,-8.8140869140625
2015-11-15,12,2,292.10186767578125,290.109619140625,-0.8023529052734375,-3.668991088867188,62.375,91332.0,268.67431640625,282.08123779296875,290.68829345703125,0.0052633620798587,0.0082019530236721,0.0116320289671421,-13.817855834960938,-5.694580078125,-9.055404663085938,1.7437286376953125,-4.6156005859375,-7.68060302734375
2015-11-15,18,3,291.57794189453125,289.8639221191406,-1.645416259765625,-3.3485870361328125,31.0,91454.859375,268.67822265625,282.48553466796875,290.13543701171875,0.005437163170427,0.0103460848331451,0.0135069526731967,-11.519134521484377,-12.555511474609377,-12.844284057617188,3.468246459960937,-4.2773284912109375,-9.142227172851562
2015-11-16,0,0,292.3443908691406,291.2513427734375,-1.80743408203125,-4.2073516845703125,228.125,91283.546875,268.9833374023437,282.6748046875,290.5923156738281,0.0053258333355188,0.008243516087532,0.0139023177325725,-3.2119903564453125,-8.730575561523438,-14.251815795898438,-1.5244293212890625,-0.9943389892578124,-10.574951171875
2015-11-16,6,1,292.5119934082031,291.878173828125,-0.4655914306640625,-2.9720458984375,141.375,91452.984375,268.7210693359375,282.2864685058594,289.7188415527344,0.0054691098630428,0.0094167999923229,0.0137600190937519,-11.438552856445312,-4.113494873046875,-10.423187255859377,5.16473388671875,-2.843612670898437,-9.028976440429688
2015-11-16,12,2,293.03106689453125,291.9698486328125,-0.6010894775390625,-4.5425872802734375,26.625,91216.953125,269.1527099609375,282.70849609375,289.5995483398437,0.0051453597843647,0.0100631788372993,0.0128301307559013,-4.772262573242188,-5.058395385742188,-6.96429443359375,4.41387939453125,-2.197006225585937,-9.630035400390623
2015-11-16,18,3,291.2607421875,290.74151611328125,-0.67779541015625,-3.3153228759765625,158.0,91376.40625,269.31561279296875,282.5604858398437,289.65887451171875,0.0048179738223552,0.0101235210895538,0.0136633589863777,3.704910278320313,-8.918441772460938,-9.273712158203123,2.9970855712890625,-0.1568756103515625,-5.996856689453125
2015-11-17,0,0,292.8281555175781,291.7616577148437,1.6536407470703125,-2.3806915283203125,112.375,91268.890625,268.9932556152344,282.4404602050781,288.46685791015625,0.0053283274173736,0.0102774612605571,0.012757122516632,3.7262115478515625,-2.5241851806640625,-4.5843658447265625,-0.47308349609375,-8.902191162109375,-12.854263305664062
2015-11-17,6,1,293.8912048339844,292.01043701171875,1.3610382080078125,-3.4784698486328125,24.875,91470.234375,269.3720092773437,283.0113220214844,288.0848693847656,0.0045790858566761,0.0102189630270004,0.0125055648386478,2.965576171875,-0.0306854248046875,-2.816864013671875,-0.15411376953125,-7.9431610107421875,-9.665878295898438
2015-11-17,12,2,293.8326416015625,292.3943176269531,0.0721282958984375,-3.823944091796875,23.25,91230.703125,269.8358154296875,283.37060546875,288.54742431640625,0.0035072425380349,0.0106865130364894,0.0129104601219296,1.6684112548828125,-2.208709716796875,-4.0660552978515625,-4.56939697265625,-8.91705322265625,-11.416351318359377
2015-11-17,18,3,292.487548828125,291.82916259765625,-0.9617156982421876,-2.7593994140625,7.875,91444.96875,268.66571044921875,282.870849609375,290.0113525390625,0.0037917518056929,0.0106584765017032,0.0135106295347213,-4.4263916015625,-3.136566162109375,-5.5877685546875,-6.475875854492188,-5.7374420166015625,-8.937271118164062
2015-11-18,0,0,293.6193542480469,292.544189453125,-0.64581298828125,-3.044906616210937,8.125,91305.890625,270.1285095214844,283.9105529785156,289.40582275390625,0.0008880198001861,0.0091169849038124,0.0135890580713748,-4.432586669921875,-2.057723999023437,-6.503509521484375,-3.88714599609375,-5.789077758789063,-6.62451171875
2015-11-18,6,1,294.4926452636719,292.2672119140625,-2.181884765625,-3.4959259033203125,0.875,91501.96875,270.3919982910156,284.3265380859375,289.1600036621094,0.0004980769008398,0.0079815313220024,0.0134139489382505,-3.11920166015625,-3.2732391357421875,-6.0160064697265625,-4.916763305664063,-4.418914794921875,-5.667282104492188
2015-11-18,12,2,295.23895263671875,292.7454528808594,-1.62744140625,-3.2209625244140625,3.0,91339.140625,269.6889038085937,282.7141418457031,289.8555908203125,0.0031514593865722,0.0099761839956045,0.0137771628797054,-6.083053588867188,-7.405960083007812,-6.2210693359375,-4.163970947265625,-3.7200775146484375,-6.018966674804688
2015-11-18,18,3,293.66162109375,292.87750244140625,-1.598968505859375,-2.561737060546875,14.75,91590.5625,269.71881103515625,282.37017822265625,289.75750732421875,0.0027932289522141,0.0103981792926788,0.0138062611222267,-6.336944580078125,-9.5548095703125,-8.960403442382812,-0.7784423828125,0.5152435302734375,-6.1774444580078125
2015-11-19,0,0,294.0047607421875,292.9441833496094,-1.744384765625,-1.8375396728515625,3.75,91433.84375,269.3041076660156,282.9147033691406,289.9209289550781,0.0039711352437734,0.0093224123120307,0.0140284691005945,-8.791473388671875,-4.032150268554688,-7.136077880859375,-1.7960205078125,1.872589111328125,0.6303253173828125
2015-11-19,6,1,296.0335388183594,293.6805725097656,-1.7540283203125,-1.992034912109375,9.375,91591.796875,268.90020751953125,283.7033996582031,289.9664306640625,0.0034019162412732,0.0092846825718879,0.0140710957348346,-6.02545166015625,-1.8787689208984373,-2.7350311279296875,3.32342529296875,3.9212799072265625,-0.216064453125
2015-11-19,12,2,296.348876953125,293.76153564453125,-2.0744781494140625,-1.11273193359375,185.75,91476.8125,268.49444580078125,282.62066650390625,290.4278869628906,0.0039151459932327,0.0099333971738815,0.0144105982035398,-1.2313232421875,-2.582794189453125,-5.16009521484375,2.1844024658203125,2.70819091796875,-1.366058349609375
2015-11-19,18,3,294.65692138671875,293.8306579589844,-3.0390625,-0.6205902099609375,43.125,91624.3125,268.8751220703125,282.6131286621094,290.11737060546875,0.0038285520859062,0.0090334489941596,0.0141226546838879,0.54248046875,-6.738006591796875,-8.87335205078125,1.759368896484375,2.6970672607421875,2.3371124267578125
2015-11-20,0,0,295.08843994140625,293.6163330078125,-2.8624267578125,0.62567138671875,21.5,91467.84375,268.2118530273437,283.04852294921875,290.20294189453125,0.0038650648202747,0.0091827418655157,0.0139756985008716,-0.4110870361328125,-7.4655609130859375,-7.753768920898437,1.6446075439453125,5.4192657470703125,3.2557830810546875
2015-11-20,6,1,298.7601623535156,293.8291015625,-3.19964599609375,1.1337127685546875,1108.0,91607.046875,268.51983642578125,282.967041015625,290.7129821777344,0.0036032856442034,0.0088687054812908,0.0140858329832553,-2.6953887939453125,-7.282791137695312,-6.4994659423828125,3.0657196044921875,4.585250854492188,3.827056884765625
2015-11-20,12,2,297.37042236328125,293.8465576171875,-1.5276336669921875,0.4689483642578125,319.75,91448.4375,267.91070556640625,282.9139709472656,291.32012939453125,0.0042175576090812,0.0094806253910064,0.0141051262617111,-4.076080322265625,-4.3048248291015625,-5.585128784179688,2.094207763671875,2.7511138916015625,2.3608551025390625
2015-11-20,18,3,293.45098876953125,292.90460205078125,-2.9635467529296875,0.04962158203125,37.0,91687.796875,268.4132080078125,282.219482421875,290.36981201171875,0.0042099095880985,0.0093852803111076,0.0132087282836437,-3.146636962890625,-4.1790924072265625,-8.181671142578125,1.474456787109375,2.5233917236328125,2.458969116210937
2015-11-21,0,0,294.5854797363281,293.010986328125,-2.666229248046875,0.353912353515625,28.5,91499.421875,267.685302734375,283.0682678222656,289.5232238769531,0.0044946372509002,0.0088539011776447,0.0132920369505882,-2.025054931640625,-5.7572021484375,-7.4590301513671875,0.2692413330078125,2.82391357421875,2.450180053710937
2015-11-21,6,1,297.5523376464844,293.1533203125,-4.384811401367188,0.257537841796875,42.0,91618.78125,267.6512756347656,283.787353515625,290.9210205078125,0.0046202279627323,0.0077857822179794,0.0138883832842111,-3.51031494140625,-6.568817138671875,-6.671157836914063,1.512176513671875,0.935546875,0.6590576171875
2015-11-21,12,2,298.2622985839844,293.40576171875,-2.5116729736328125,-0.637237548828125,225.375,91401.984375,267.9565734863281,282.90643310546875,290.7839660644531,0.0038258365821093,0.0091234669089317,0.0141251496970653,-2.750579833984375,-7.35943603515625,-8.62420654296875,-1.036163330078125,0.9970703125,0.3603057861328125
2015-11-21,18,3,295.1626281738281,293.8060302734375,-2.2315216064453125,-1.26513671875,42.75,91647.1875,267.9580078125,283.04949951171875,289.96112060546875,0.0034350433852523,0.0080875270068645,0.0137498192489147,-7.332000732421875,-7.968292236328125,-9.689743041992188,-0.9074249267578124,0.6993408203125,-0.249481201171875
2015-11-22,0,0,295.17437744140625,293.5629272460937,-3.107040405273437,-1.8021240234375,68.0,91469.03125,268.4140625,283.1465148925781,290.1365051269531,0.0041715241968631,0.0094811283051967,0.0133860222995281,-9.731689453125,-9.432861328125,-10.662033081054688,3.113067626953125,1.3018341064453125,-1.9742889404296875
2015-11-22,6,1,297.62066650390625,293.48370361328125,-5.5152130126953125,0.109527587890625,264.25,91653.375,268.9522705078125,282.96484375,290.79376220703125,0.0045970976352691,0.0097831934690475,0.013407826423645,-6.95745849609375,-10.196060180664062,-12.874404907226562,2.2908935546875,0.7389984130859375,0.637176513671875
2015-11-22,12,2,295.6627502441406,293.08331298828125,-3.382720947265625,0.6761322021484375,107.0,91472.609375,269.0697631835937,282.6075744628906,290.4612731933594,0.0052947402000427,0.0101323761045932,0.0139772966504096,-5.94451904296875,-10.668411254882812,-11.419754028320312,0.4240875244140625,4.076416015625,1.91925048828125
2015-11-22,18,3,294.105712890625,293.5697326660156,-3.302230834960937,0.2191314697265625,145.0,91723.125,268.5827941894531,283.44091796875,290.4574584960937,0.0051218681037425,0.0091548077762126,0.0134040527045726,-6.8842620849609375,-7.475341796875,-9.704666137695312,9.22802734375,2.344573974609375,2.575286865234375
2015-11-23,0,0,294.6711120605469,293.073974609375,-4.1162872314453125,0.704193115234375,11.5,91510.3125,268.3228759765625,283.5909118652344,289.9262084960937,0.0042384453117847,0.0091357417404651,0.0135247875005006,-0.5123291015625,-5.940643310546875,-10.553863525390623,4.3199615478515625,2.519500732421875,4.230728149414063
2015-11-23,6,1,297.445068359375,294.2543334960937,-3.9180755615234375,1.607635498046875,125.625,91804.828125,267.7850036621094,282.75537109375,290.5694580078125,0.004370380192995,0.0092852031812071,0.0137369446456432,-4.437301635742188,-6.366256713867188,-7.0260162353515625,1.903900146484375,3.0271453857421875,3.0973358154296875
2015-11-23,12,2,295.51678466796875,293.82049560546875,-1.9471893310546875,0.297454833984375,177.0,91556.296875,268.0249938964844,282.9017639160156,290.7444152832031,0.0050825364887714,0.0105316564440727,0.0143048129975795,-4.5174713134765625,-5.125411987304688,-7.2554168701171875,0.581024169921875,2.772201538085937,2.0678863525390625
2015-11-23,18,3,293.72918701171875,293.250732421875,-2.341094970703125,-0.3405914306640625,194.375,91815.28125,268.036865234375,282.6238708496094,290.4461669921875,0.0045102126896381,0.0098159126937389,0.0143252983689308,-5.119720458984375,-2.8535919189453125,-7.18316650390625,0.2904510498046875,2.8873748779296875,2.1788330078125
2015-11-24,0,0,294.9150390625,293.01483154296875,-3.038055419921875,-0.30633544921875,65.625,91638.703125,267.5137634277344,282.51153564453125,289.8161926269531,0.004516739398241,0.0085855349898338,0.0133254509419202,-3.8546142578125,-3.672760009765625,-8.205581665039062,1.6590118408203125,0.128814697265625,2.147689819335937
2015-11-24,6,1,298.2955322265625,292.9493103027344,-4.363311767578125,0.96966552734375,2.625,91810.28125,267.2466735839844,282.6207275390625,290.92413330078125,0.0040202611126005,0.0088611841201782,0.0125899352133274,-5.585601806640625,-3.5750732421875,-7.254318237304687,0.367584228515625,-0.42230224609375,1.38763427734375
2015-11-24,12,2,298.0336608886719,292.2274169921875,-1.42193603515625,0.7230682373046875,10.75,91531.640625,268.0911865234375,282.3143920898437,291.6683044433594,0.001992849400267,0.0089007876813411,0.0126259438693523,-4.7984466552734375,-2.07073974609375,-6.080291748046875,0.6517791748046875,-0.548919677734375,-0.052520751953125
2015-11-24,18,3,293.58074951171875,292.11187744140625,-3.1405792236328125,-0.3534088134765625,0.0,91746.609375,268.99664306640625,283.13726806640625,290.63348388671875,0.0003244086983613,0.0077228061854839,0.0116591043770313,-2.58050537109375,-1.5120086669921875,-7.4274749755859375,0.9029541015625,-3.6266937255859375,-2.441635131835937
2015-11-25,0,0,293.48175048828125,291.6503601074219,-2.2804718017578125,-0.2226715087890625,7.5,91630.828125,269.134033203125,284.7027587890625,290.48980712890625,0.0002506356686353,0.0019972287118434,0.0072187259793281,-3.3365936279296875,-3.97723388671875,-6.9176025390625,-0.34765625,-5.102706909179688,-2.8298492431640625
2015-11-25,6,1,298.5275573730469,287.7674255371094,-3.0756988525390625,-0.3723297119140625,0.0,91755.0625,269.2313232421875,284.61187744140625,290.23748779296875,6.7056535044685e-05,0.0006253982428461,0.0088435895740985,-5.830245971679688,-5.2572021484375,-5.4341888427734375,-0.5635833740234375,-3.0609893798828125,-1.093048095703125
2015-11-25,12,2,297.5342102050781,288.78570556640625,-1.8160552978515625,-0.2599639892578125,0.0,91506.71875,269.87469482421875,284.357666015625,291.7809753417969,6.810830382164568e-05,0.0003407789045013,0.0086532682180404,-6.596359252929688,-2.73504638671875,-4.755157470703125,-0.7193603515625,-2.49371337890625,-1.2655487060546875
2015-11-25,18,3,292.147705078125,290.66424560546875,-1.8496551513671875,-0.822540283203125,0.0,91852.890625,268.340087890625,283.78875732421875,289.1854248046875,0.0003254937473684,0.0001776543067535,0.0112121254205703,-5.37689208984375,-2.82177734375,-4.7550201416015625,1.14630126953125,-0.8166961669921875,-0.7860870361328125
2015-11-26,0,0,293.0080871582031,291.09063720703125,-1.093597412109375,-0.969573974609375,0.0,91642.5,268.37158203125,282.8204040527344,289.2306823730469,0.0009798293467611,0.0023735049180686,0.0091736391186714,-4.91802978515625,-3.9456939697265625,-3.47015380859375,1.8704681396484373,0.441070556640625,-1.1458740234375
2015-11-26,6,1,299.1783447265625,289.25994873046875,-2.7218017578125,-0.698638916015625,0.0,91767.015625,268.0873413085937,283.1678466796875,290.2796630859375,0.0012643912341445,0.0031263995915651,0.0098009649664163,-1.7348175048828125,-3.9521331787109375,-4.7594757080078125,0.1838531494140625,3.249420166015625,-1.2021484375
2015-11-26,12,2,299.2674255371094,291.44195556640625,-1.7910919189453125,-0.2810516357421875,35.125,91496.203125,268.06915283203125,282.43218994140625,292.413330078125,0.0015048431232571,0.0050189867615699,0.0117922462522983,-1.4947052001953125,-2.397201538085937,-5.067047119140625,-0.797760009765625,1.95263671875,-0.9801177978515624
2015-11-26,18,3,294.7914428710937,291.7269897460937,-1.6041412353515625,-0.7860260009765625,36.5,91745.25,268.6119079589844,280.846435546875,290.1921691894531,0.0013666609302163,0.0073647201061248,0.0126311480998992,-2.10479736328125,-6.907806396484375,-3.5878448486328125,1.4582977294921875,-0.7755889892578125,-2.374740600585937
2015-11-27,0,0,295.6123046875,292.0482788085937,-2.125396728515625,-0.0795440673828125,13.125,91551.1875,268.622802734375,281.0567626953125,290.6654968261719,0.0019244302529841,0.0084522701799869,0.0110203102231025,0.3409271240234375,-6.355194091796875,-2.474151611328125,1.0286407470703125,0.301177978515625,-6.2757415771484375
2015-11-27,6,1,300.031494140625,291.0331420898437,-2.6065216064453125,-0.6954345703125,0.0,91618.40625,268.4412841796875,282.84619140625,291.5022277832031,0.0016204502899199,0.0071034505963325,0.0110065937042236,0.93798828125,-4.859649658203125,-4.2347564697265625,-0.13250732421875,1.269989013671875,-1.5045166015625
2015-11-27,12,2,299.0006408691406,291.32061767578125,-1.6306915283203125,0.3462677001953125,0.625,91390.1875,269.26885986328125,282.4927673339844,293.0020751953125,0.0012080981396138,0.0046157934702932,0.010804571211338,0.1577301025390625,-4.489028930664063,-3.158676147460937,-3.175140380859375,-0.3742218017578125,0.4723663330078125
2015-11-27,18,3,292.8316650390625,289.0081787109375,-2.433807373046875,0.4160614013671875,0.0,91692.40625,268.7911376953125,283.2971496582031,291.158203125,0.0011077276431024,0.0024579716846346,0.0092962756752967,-3.87298583984375,-6.6377716064453125,-2.322738647460937,-0.6497650146484375,2.1169891357421875,1.1995697021484375
2015-11-28,0,0,291.51513671875,289.7712097167969,-1.2439117431640625,-0.3486785888671875,0.0,91572.5625,268.4297790527344,282.9150695800781,290.43829345703125,0.0010258469264954,0.0022864656057208,0.0095316357910633,-4.378936767578125,-6.6021270751953125,1.42608642578125,3.707351684570313,0.71990966796875,-1.6011199951171875
2015-11-28,6,1,299.8016967773437,287.5679931640625,-1.1489410400390625,-1.4756927490234375,0.0,91830.9375,268.1561584472656,282.28759765625,290.5229187011719,0.001210861839354,0.0022653196938335,0.008957453072071,-4.054534912109375,-6.967086791992188,-1.5191497802734375,4.419525146484375,-0.8292694091796875,-2.7242431640625
2015-11-28,12,2,297.632568359375,288.1912841796875,-1.7449798583984375,-0.5808563232421875,0.0,91598.109375,267.6650695800781,282.6934814453125,292.1689453125,0.0012843436561524,0.0024963957257568,0.0077957957983016,-2.3751983642578125,-5.0797882080078125,-4.967864990234375,1.160003662109375,-1.9282684326171875,-1.546539306640625
2015-11-28,18,3,292.6383361816406,290.71484375,-2.7355499267578125,-0.4029083251953125,0.0,91915.421875,267.3819580078125,282.4117431640625,289.6121826171875,0.0006778764072805,0.0029031739104539,0.009985014796257,-3.75067138671875,-5.6394805908203125,-5.6271820068359375,1.4233551025390625,-2.8286285400390625,-1.8065948486328125
2015-11-29,0,0,293.9263000488281,291.53228759765625,-2.4055938720703125,-1.4525146484375,2.125,91693.40625,268.3047180175781,283.07635498046875,289.78826904296875,0.003856997936964,0.0022217633668333,0.0109191015362739,-2.9986572265625,-5.4664459228515625,-12.243637084960938,3.1875457763671875,-0.6172027587890625,0.4592437744140625
2015-11-29,6,1,297.6312561035156,292.38397216796875,-4.793975830078125,0.752960205078125,3.125,91861.0,268.21044921875,283.0594482421875,291.0906982421875,0.0045824609696865,0.0043586604297161,0.0122970901429653,-10.338623046875,-6.8411712646484375,-8.777618408203125,2.3338165283203125,2.711532592773437,2.0187530517578125
2015-11-29,12,2,296.4208374023437,293.7596435546875,-2.876434326171875,-0.9605255126953124,191.5,91628.859375,268.346435546875,282.1620483398437,290.8514404296875,0.0046505630016326,0.0086564682424068,0.0131975933909416,-3.4944000244140625,-6.39093017578125,-9.933868408203123,2.7849884033203125,0.258697509765625,-1.5253143310546875
2015-11-29,18,3,294.39337158203125,292.973876953125,-2.6413726806640625,-0.8990631103515625,48.5,91922.28125,268.4481201171875,281.7391967773437,289.77899169921875,0.0048952475190162,0.0096077732741832,0.0133719258010387,-5.539276123046875,-7.951065063476562,-9.74334716796875,4.472900390625,3.65655517578125,0.5579986572265625
2015-11-30,0,0,294.4442443847656,293.29205322265625,-2.3588409423828125,-0.27252197265625,43.875,91801.265625,267.9135437011719,282.8610534667969,289.24029541015625,0.0049493797123432,0.0078056044876575,0.0134347807615995,-3.534164428710937,-7.707107543945312,-8.6500244140625,0.9954681396484376,4.72998046875,4.0010986328125
2015-11-30,6,1,297.01373291015625,294.2201538085937,-3.2888336181640625,-0.211029052734375,96.625,91950.546875,267.83209228515625,282.811767578125,289.8659973144531,0.0044639334082603,0.008281797170639,0.0138964317739009,-5.672760009765625,-7.1634063720703125,-6.324676513671875,0.01678466796875,3.221221923828125,0.4273529052734375
2015-11-30,12,2,296.47491455078125,293.6500244140625,-1.360687255859375,-0.983245849609375,225.125,91644.515625,268.0262451171875,282.9726867675781,290.86181640625,0.0042465850710868,0.0091380961239337,0.0140038840472698,-3.682296752929688,-6.477310180664063,-6.1478271484375,-1.2497100830078125,0.10736083984375,-1.7388763427734375
2015-11-30,18,3,294.25323486328125,292.9947204589844,-2.0702362060546875,-0.6560211181640625,211.125,91827.515625,268.3750915527344,282.2270202636719,290.18194580078125,0.0046710297465324,0.0104766115546226,0.0143570750951766,-0.90557861328125,-8.916717529296875,-8.886978149414062,-1.440704345703125,-2.830429077148437,-3.05499267578125
2015-12-01,0,0,294.3841552734375,292.85693359375,-2.45977783203125,-2.2322998046875,37.375,91623.0,268.0875244140625,283.2343139648437,290.1943359375,0.0042188055813312,0.008052323013544,0.0120005793869495,0.714599609375,-4.9461669921875,-9.2425537109375,-2.4136505126953125,-5.5535736083984375,-4.6837310791015625
2015-12-01,6,1,296.2323913574219,292.37762451171875,-4.477142333984375,-1.1511383056640625,38.0,91812.796875,268.6820678710937,282.43682861328125,290.2833251953125,0.0034639588557183,0.0082672107964754,0.0129940137267112,-0.00213623046875,-7.131591796875,-7.9945831298828125,-5.0938720703125,-2.9187469482421875,-1.89385986328125
2015-12-01,12,2,296.4483642578125,292.78472900390625,-2.5291900634765625,-1.063140869140625,0.5,91497.140625,269.18560791015625,283.20849609375,290.138427734375,0.0025451711844652,0.0078229419887065,0.0135094448924064,-2.652618408203125,-4.765792846679688,-7.616912841796875,-7.48162841796875,-3.65277099609375,-2.450302124023437
2015-12-01,18,3,294.14453125,292.6600341796875,-1.3312530517578125,-2.6568756103515625,12.75,91668.65625,269.19549560546875,282.1932678222656,290.8265380859375,0.002673550043255,0.0092081166803836,0.0132452510297298,-2.2186431884765625,-5.96942138671875,-7.7841796875,-4.5065765380859375,-0.0328521728515625,-2.6236572265625
2015-12-02,0,0,294.02215576171875,292.72857666015625,-2.4814605712890625,-1.8979339599609373,6.5,91563.453125,269.6605224609375,281.96441650390625,289.2541809082031,0.0042409151792526,0.0095101445913314,0.0126764327287673,-1.814666748046875,-4.65106201171875,-11.097702026367188,-1.518280029296875,-1.5406646728515625,0.171661376953125
2015-12-02,6,1,294.9215087890625,294.1786499023437,-3.3759765625,-1.8420562744140625,33.75,91728.953125,268.58843994140625,282.3534545898437,289.17431640625,0.0050350837409496,0.010171853005886,0.0131469294428825,-4.838714599609375,-5.4000244140625,-10.3260498046875,1.029571533203125,1.8509979248046875,-2.007797241210937
2015-12-02,12,2,295.4866638183594,292.8665771484375,-2.540740966796875,-0.7083587646484375,0.125,91550.46875,269.4096069335937,282.625244140625,290.0194091796875,0.0044924318790435,0.0097276419401168,0.0134167075157165,-3.305816650390625,-5.330734252929688,-8.590484619140625,0.193817138671875,1.592010498046875,-0.577301025390625
2015-12-02,18,3,293.5257263183594,292.819580078125,-3.406280517578125,-2.235626220703125,24.5,91771.8125,268.94146728515625,282.427978515625,290.1231384277344,0.0032215532846748,0.0101159960031509,0.0132684167474508,-4.012451171875,-3.973678588867188,-10.555023193359377,1.39886474609375,1.321319580078125,-2.160980224609375
2015-12-03,0,0,293.59136962890625,292.4632568359375,-2.517822265625,-2.0589141845703125,3.0,91620.78125,268.9242553710937,282.2226867675781,290.27392578125,0.0025204794947057,0.0098275952041149,0.0125669129192829,-0.687286376953125,-2.8736724853515625,-8.871673583984375,-2.1307525634765625,-1.7779388427734375,-1.8145904541015625
2015-12-03,6,1,294.5047607421875,293.1159362792969,-2.89862060546875,-1.4971771240234375,16.125,91823.5625,268.2738342285156,281.77960205078125,290.6224365234375,0.0011180965229868,0.0097557865083217,0.0121120624244213,-0.4279937744140625,-4.4052734375,-11.07501220703125,-5.4457550048828125,-6.005859375,-2.6676177978515625
2015-12-03,12,2,296.7864990234375,293.15447998046875,-2.103851318359375,-1.6552276611328125,1.25,91569.515625,268.929443359375,282.4404296875,290.4725952148437,0.0002466810401529,0.0086659528315067,0.0131471939384937,-3.9437408447265625,-7.5575714111328125,-6.32098388671875,-8.478439331054688,-5.1097564697265625,-4.164825439453125
2015-12-03,18,3,293.8588562011719,292.42803955078125,-1.7144317626953125,-2.1534576416015625,0.125,91740.453125,269.70758056640625,283.3593139648437,289.760986328125,0.000203878225875,0.0069799721240997,0.0131881199777126,-6.99432373046875,-6.9172210693359375,-6.5373382568359375,-5.30645751953125,-6.709014892578125,-4.43450927734375
2015-12-04,0,0,293.5670166015625,291.9216003417969,-2.188339233398437,-2.30621337890625,0.25,91632.84375,270.2128601074219,281.44256591796875,290.17431640625,0.0002017737569985,0.0059186592698097,0.0109713375568389,-5.1845550537109375,-4.5848388671875,-8.023422241210938,-6.39361572265625,-2.809478759765625,-6.610321044921875
2015-12-04,6,1,298.8107604980469,291.17193603515625,-3.2813873291015625,-3.757034301757813,0.0,91710.25,269.6141357421875,283.7308654785156,290.44659423828125,7.872836431488395e-05,0.0022261135745793,0.0109245888888835,-7.9504852294921875,-5.617889404296875,-7.041900634765625,-5.905487060546875,-1.122833251953125,-7.1042022705078125
2015-12-04,12,2,297.5980224609375,289.25250244140625,-3.16912841796875,-1.7386932373046875,0.0,91532.25,269.5473022460937,282.5985717773437,290.471435546875,6.639161438215524e-05,0.0037899501621723,0.0108788907527923,-8.571456909179688,-4.86822509765625,-8.69244384765625,-6.195114135742188,-1.2571868896484375,-4.0702056884765625
2015-12-04,18,3,293.1152648925781,290.31793212890625,-2.789459228515625,-1.815155029296875,0.0,91747.125,269.89434814453125,282.36688232421875,289.65924072265625,5.232500552665442e-05,0.009070161730051,0.0085610002279281,-10.51763916015625,-8.132278442382812,-13.032241821289062,-6.259246826171875,1.0160980224609375,-3.8264007568359375
2015-12-05,0,0,292.59686279296875,288.5591735839844,-2.8986053466796875,-2.2607574462890625,0.0,91569.046875,269.21392822265625,282.5792236328125,289.07427978515625,7.068012200761586e-05,0.0092651583254337,0.0104275792837142,-15.869552612304688,-6.131149291992188,-14.206085205078123,-6.970672607421875,2.121246337890625,-4.04248046875
2015-12-05,6,1,298.7467346191406,290.36444091796875,-5.01593017578125,-2.0773468017578125,0.0,91715.265625,268.8396911621094,283.2889099121094,289.67169189453125,6.463723548222333e-05,0.0093269273638725,0.0117332525551319,-16.370376586914062,-7.90802001953125,-9.088546752929688,-4.0771331787109375,0.400604248046875,-3.5477752685546875
2015-12-05,12,2,297.4703063964844,291.073486328125,-3.4377899169921875,-1.2652587890625,1.75,91547.75,269.3578796386719,283.6763916015625,290.8304443359375,3.518853918649256e-05,0.0097333192825317,0.0121632143855094,-16.122161865234375,-6.396530151367188,-8.091720581054688,-2.545562744140625,-0.6273345947265625,-3.058807373046875
2015-12-05,18,3,293.81207275390625,290.7920227050781,-3.0191802978515625,-1.7816314697265625,0.0,91757.03125,269.59930419921875,283.0914306640625,290.5570983886719,0.0001607852900633,0.0088342390954494,0.0091376267373561,-15.191436767578123,-7.2678070068359375,-12.135910034179688,-0.5736083984375,-2.935943603515625,-2.9084930419921875
2015-12-06,0,0,292.69061279296875,289.2945251464844,-2.848724365234375,-2.004150390625,0.0,91626.65625,268.5542297363281,282.803466796875,290.3489990234375,0.0017521823756396,0.0095415972173213,0.0095845684409141,-16.061920166015625,-8.817962646484375,-12.380340576171877,-1.179168701171875,-0.276824951171875,-2.987945556640625
2015-12-06,6,1,297.5963134765625,291.115234375,-6.0199127197265625,-1.361053466796875,0.0,91792.75,268.86285400390625,283.3114624023437,289.6956787109375,0.0014255666173994,0.0096744671463966,0.0121505968272686,-17.406784057617188,-9.99578857421875,-10.421722412109377,-1.0204925537109375,2.740097045898437,-1.9447021484375
2015-12-06,12,2,296.5655517578125,291.3707580566406,-3.52569580078125,-1.105682373046875,0.0,91534.125,268.6290588378906,284.02935791015625,289.9169616699219,0.001942329108715,0.0085823088884353,0.0129645429551601,-15.903594970703123,-9.687255859375,-9.055404663085938,1.641143798828125,1.5031585693359375,-2.5412139892578125
2015-12-06,18,3,292.958740234375,290.56103515625,-2.638900756835937,-1.3323516845703125,0.0,91814.640625,268.5455322265625,284.08740234375,290.2393798828125,0.0003751961048692,0.0085278563201427,0.0131194666028022,-15.653778076171877,-8.397262573242188,-11.2952880859375,1.25189208984375,1.455657958984375,0.839569091796875
2015-12-07,0,0,292.335205078125,289.1568603515625,-2.262420654296875,-1.9027252197265625,0.0,91635.28125,269.2595520019531,283.00103759765625,290.3739624023437,0.0004391192924231,0.0082457549870014,0.0131848454475402,-14.642120361328123,-7.822128295898437,-9.772445678710938,2.361846923828125,0.691497802734375,-0.2352142333984375
2015-12-07,6,1,298.4134216308594,290.8126525878906,-3.2799224853515625,-1.8160552978515625,0.0,91872.5,269.2748718261719,282.7066650390625,290.0483703613281,0.0014462054241448,0.0091119073331356,0.0108668804168701,-14.396026611328123,-7.773147583007812,-7.8046875,3.452133178710937,1.004791259765625,-2.200057983398437
2015-12-07,12,2,298.2336730957031,291.35369873046875,-2.683700561523437,-1.2831573486328125,0.0,91579.65625,269.11444091796875,283.0033569335937,291.02508544921875,0.0011273720301687,0.0096635892987251,0.0119572505354881,-12.389678955078123,-7.304031372070312,-6.9238128662109375,3.1277618408203125,1.181884765625,-3.8869476318359375
2015-12-07,18,3,292.6609191894531,290.7156982421875,-3.0709228515625,-1.0899658203125,0.0,91859.671875,269.3497314453125,283.07470703125,290.785888671875,0.0007637918461114,0.0092310011386871,0.0089197866618633,-12.005661010742188,-5.8720245361328125,-8.925949096679688,4.3049163818359375,0.989410400390625,-2.8204345703125
2015-12-08,0,0,291.6156311035156,287.40625,-1.746429443359375,-1.6646881103515625,0.0,91694.796875,269.60858154296875,282.84814453125,292.0028076171875,0.0008558474946767,0.0087849833071231,0.0070562250912189,-13.75396728515625,-6.104019165039063,-8.775558471679688,3.8930511474609375,0.6461029052734375,-2.49072265625
2015-12-08,6,1,298.0043029785156,288.7361755371094,-3.2191619873046875,-0.91357421875,0.0,91978.375,268.0166931152344,282.5655517578125,290.9423828125,0.0033229880500584,0.008785456418991,0.0051398426294326,-11.488082885742188,-8.2232666015625,-9.35321044921875,4.30364990234375,-1.6922607421875,-1.8935089111328125
2015-12-08,12,2,295.8422546386719,288.5580749511719,-1.7386474609375,0.710968017578125,33.75,91667.484375,267.658203125,283.5876770019531,290.3897705078125,0.0041194185614585,0.009027861058712,0.0090677961707115,-9.914260864257812,-9.88604736328125,-5.438385009765625,2.511932373046875,-1.1974639892578125,-1.8186187744140625
2015-12-08,18,3,292.1898498535156,289.7317199707031,-2.50677490234375,0.0231781005859375,153.25,91903.734375,267.9266357421875,283.9377136230469,291.22930908203125,0.0035388246178627,0.0097588300704956,0.0110764726996421,-10.72821044921875,-11.531723022460938,-8.425537109375,2.9407958984375,2.943756103515625,2.826019287109375
2015-12-09,0,0,292.7523193359375,290.1185913085937,-2.168548583984375,-1.0759429931640625,0.0,91704.8125,268.1244506835937,284.4013061523437,290.8850402832031,0.0034404513426125,0.0078071281313896,0.012150090187788,-9.321670532226562,-6.6566314697265625,-10.227798461914062,5.27490234375,4.1051025390625,2.8662872314453125
2015-12-09,6,1,297.6047668457031,293.7611083984375,-3.066009521484375,-0.1501312255859375,2.25,91952.234375,268.7135009765625,283.6777648925781,290.2135009765625,0.0020894415210932,0.0075302384793758,0.0142363011837005,-10.764068603515623,-9.184799194335938,-7.919265747070312,4.19000244140625,5.849365234375,2.59271240234375
2015-12-09,12,2,298.1298828125,293.553955078125,-3.192474365234375,0.213043212890625,4.5,91624.421875,269.28155517578125,284.1484069824219,290.97918701171875,0.001180256018415,0.0084511451423168,0.0144284032285213,-7.31170654296875,-7.59161376953125,-7.10205078125,5.257781982421875,3.89678955078125,0.2280731201171875
2015-12-09,18,3,295.3531799316406,293.33807373046875,-2.23681640625,-0.2028045654296875,1.875,91901.96875,269.4132080078125,284.1585693359375,290.28369140625,0.0006217134650796,0.0079833753407001,0.0143199749290943,-7.1629638671875,-5.677459716796875,-9.702667236328123,4.515304565429688,4.149749755859375,3.0870513916015625
2015-12-10,0,0,295.8041381835937,293.6273803710937,-2.109832763671875,-0.509124755859375,31.25,91702.015625,269.6744384765625,283.8714599609375,289.71697998046875,0.0003291142638772,0.0074281617999076,0.0134602300822734,-7.1326446533203125,-4.036911010742188,-6.4643402099609375,6.1011962890625,0.1971588134765625,2.225799560546875
2015-12-10,6,1,298.61968994140625,293.3021850585937,-3.5071258544921875,1.3555755615234375,4.5,91912.125,268.8888854980469,283.69512939453125,291.21392822265625,0.0005179709987714,0.0075028873980045,0.0136180333793163,-5.715744018554688,-3.219085693359375,-5.3079376220703125,4.588714599609375,0.7441253662109375,1.8953399658203125
2015-12-10,12,2,298.2611083984375,293.2849426269531,-2.2966766357421875,0.945953369140625,45.125,91607.421875,269.36248779296875,283.2794189453125,291.4173583984375,0.0001509378489572,0.0081303156912326,0.0141686424612998,-5.0050811767578125,-3.6361083984375,-5.71856689453125,0.9242095947265624,0.970550537109375,1.49334716796875
2015-12-10,18,3,294.189208984375,293.29852294921875,-2.3748321533203125,0.9389801025390624,2.375,91815.21875,269.784423828125,283.625,291.714111328125,0.0002969782799482,0.0045512989163398,0.0127205979079008,-5.479705810546875,-5.886474609375,-3.541168212890625,3.2282867431640625,0.1301422119140625,3.51458740234375
2015-12-11,0,0,294.4862670898437,292.40313720703125,-1.0572662353515625,1.4325408935546875,10.125,91675.828125,268.3544921875,283.57501220703125,290.8526611328125,0.0017317673191428,0.0051942765712738,0.0117452852427959,-4.876510620117188,-3.59832763671875,-1.7758026123046875,5.6963958740234375,0.6548919677734375,4.000518798828125
2015-12-11,6,1,299.490966796875,292.1791381835937,-1.28875732421875,3.039901733398437,3.125,91816.40625,269.08477783203125,284.38299560546875,291.60546875,0.0015150930266827,0.0035751268733292,0.0125894546508789,-5.50238037109375,-4.304000854492188,-1.936676025390625,5.0167999267578125,0.49700927734375,4.1070404052734375
2015-12-11,12,2,299.7427978515625,293.4831848144531,-0.7515411376953125,0.4365081787109375,6.625,91494.71875,269.56134033203125,284.4452514648437,292.2523193359375,0.0007853626739233,0.0015294856857508,0.0132027193903923,-5.5377960205078125,-2.963165283203125,-1.3220062255859375,5.90142822265625,1.0665740966796875,0.685821533203125
2015-12-11,18,3,294.4810791015625,292.90008544921875,-2.25811767578125,1.4274139404296875,0.0,91714.515625,269.08160400390625,285.10943603515625,292.160888671875,0.0029743057675659,0.0003524522762745,0.0112898536026477,-4.412139892578125,-3.973602294921875,-2.2694549560546875,5.792022705078125,1.643035888671875,0.70269775390625
2015-12-12,0,0,294.4027099609375,292.9764709472656,-1.788299560546875,-0.0140228271484375,2.75,91511.4375,268.041015625,284.01666259765625,292.31793212890625,0.0044556371867656,0.0020899416413158,0.009861908853054,0.5484466552734375,-3.587677001953125,-2.2322998046875,6.327682495117188,3.3076629638671875,-3.280364990234375
2015-12-12,6,1,298.91094970703125,292.8197631835937,-2.7350006103515625,1.3837432861328125,0.0,91715.0,267.9168701171875,283.728515625,291.7747497558594,0.004395268857479,0.0091905258595943,0.008710853755474,4.058197021484375,-0.083892822265625,-4.845184326171875,4.75665283203125,4.232025146484375,-0.819610595703125
2015-12-12,12,2,297.50439453125,288.6859130859375,-2.297393798828125,-1.1059417724609375,0.25,91437.6875,269.0363464355469,282.9282531738281,292.7681579589844,0.0038780539762228,0.0097622200846672,0.0068828500807285,6.952056884765625,2.2974853515625,-1.400177001953125,4.3881378173828125,0.5836639404296875,-0.7265625
2015-12-12,18,3,293.59405517578125,289.325927734375,-1.78948974609375,0.3823089599609375,0.0,91634.390625,268.4907531738281,283.54071044921875,293.0595092773437,0.0038305730558931,0.0074676908552646,0.0068176500499248,8.571121215820312,-0.5095977783203125,-0.8961944580078125,3.8792877197265625,-2.085922241210937,0.4715423583984375
2015-12-13,0,0,293.6226501464844,290.2623291015625,-1.283935546875,0.72845458984375,11.75,91499.359375,268.1551513671875,282.83990478515625,292.4155578613281,0.0039463173598051,0.0087010525166988,0.0077826417982578,5.166015625,-3.323837280273437,-1.981842041015625,-1.5674896240234375,-0.3389739990234375,0.862060546875
2015-12-13,6,1,300.4769287109375,292.3966979980469,-0.189971923828125,0.654327392578125,1.875,91763.578125,268.87744140625,282.212646484375,291.83258056640625,0.0035527732688933,0.0094915516674518,0.0086297318339347,-1.162139892578125,-5.1322784423828125,-0.9102020263671876,-2.0120391845703125,0.9110107421875,-0.0317230224609375
2015-12-13,12,2,300.46807861328125,291.4736633300781,-1.314910888671875,0.3738861083984375,0.0,91461.796875,268.7040710449219,282.74786376953125,293.7509765625,0.0034850316587835,0.0092331133782863,0.0104857347905635,-5.025054931640625,-2.47760009765625,-1.5292816162109375,0.1433563232421875,1.8489227294921875,0.218658447265625
2015-12-13,18,3,295.09014892578125,292.93231201171875,-1.5103759765625,1.309417724609375,5.0,91745.828125,268.66046142578125,282.8232116699219,291.69488525390625,0.003195465542376,0.0086529999971389,0.0127555951476097,-4.9618682861328125,-3.3689117431640625,-0.776702880859375,2.283966064453125,-0.5236968994140625,2.5821685791015625
2015-12-14,0,0,294.3437805175781,292.73748779296875,-0.9737548828125,0.7201995849609375,8.25,91559.640625,268.43267822265625,281.9013671875,291.89361572265625,0.0026780939660966,0.0089624356478452,0.0114026367664337,-4.227447509765625,-3.77581787109375,-0.235687255859375,-0.1162261962890625,1.321075439453125,-0.1901092529296875
2015-12-14,6,1,300.2926025390625,293.8123779296875,-0.7809600830078125,0.8153839111328125,163.5,91801.703125,268.8089904785156,282.2770080566406,291.2625427246094,0.0020233900286257,0.0087782572954893,0.0134761817753314,-3.514923095703125,-3.4276275634765625,-1.4897308349609375,-0.8199005126953125,1.6515655517578125,0.6132965087890625
2015-12-14,12,2,298.50701904296875,294.1267395019531,-1.093597412109375,0.52777099609375,324.75,91541.375,268.4359741210937,283.15069580078125,292.3747253417969,0.0024963209871202,0.0083445757627487,0.0136727467179298,-3.87579345703125,-1.2955780029296875,-2.243515014648437,-0.9435577392578124,-0.295013427734375,-0.054229736328125
2015-12-14,18,3,295.1327209472656,293.5556030273437,-1.7639007568359375,1.0666961669921875,122.375,91784.609375,267.91973876953125,283.03955078125,291.1168212890625,0.0017313351854681,0.0080804973840713,0.0141514614224433,-3.110626220703125,-4.3070068359375,-1.0106658935546875,2.075836181640625,-0.5225372314453125,0.9701995849609376
2015-12-15,0,0,294.1039428710937,292.6021728515625,-1.7871551513671875,1.40576171875,1.125,91521.1875,267.768310546875,284.5152587890625,292.02166748046875,0.0015614880248904,0.007413562387228,0.0123550035059452,1.3455047607421875,-3.30548095703125,-1.93719482421875,0.4093170166015625,1.7620849609375,-0.4532318115234375
2015-12-15,6,1,299.63720703125,293.08355712890625,-1.2040557861328125,0.3083343505859375,0.25,91761.171875,268.87774658203125,283.3269348144531,290.8363037109375,0.0010698100086301,0.0072560086846351,0.0126931332051754,-1.5839691162109375,-3.69903564453125,-1.655242919921875,-1.5154876708984375,2.14984130859375,0.1206207275390625
2015-12-15,12,2,300.47613525390625,292.9336242675781,-1.407989501953125,0.0413970947265625,0.0,91489.375,268.3949279785156,283.6171264648437,293.3817138671875,0.0008922261185944,0.0062710084021091,0.0113904029130935,-2.685150146484375,-1.4904632568359375,-1.749481201171875,0.1486358642578125,0.3899383544921875,-0.2304229736328125
2015-12-15,18,3,294.272216796875,292.4093017578125,-1.680023193359375,1.06890869140625,6.125,91784.265625,267.90887451171875,283.5687561035156,291.395263671875,0.0007908220868557,0.0045456984080374,0.0123495385050773,-0.9194793701171876,-3.4140777587890625,-0.6160125732421875,1.4866790771484375,-0.8931732177734375,1.8168182373046875
2015-12-16,0,0,293.83642578125,292.58697509765625,-1.276947021484375,1.0311737060546875,4.5,91628.578125,267.61572265625,284.0577087402344,290.97491455078125,0.0008522768039256,0.0013345212209969,0.0121158808469772,-0.1738739013671875,-3.4120330810546875,0.684478759765625,1.851654052734375,3.503662109375,-0.0103759765625
2015-12-16,6,1,299.5980834960937,292.0630187988281,-0.2596282958984375,-0.40740966796875,28.0,91860.390625,267.5906982421875,283.5333251953125,290.53240966796875,0.0007613864727318,0.0015987006481736,0.0128238871693611,-0.554412841796875,-3.549713134765625,-0.7631072998046875,3.472640991210937,2.6392974853515625,-1.1882476806640625
2015-12-16,12,2,299.1548156738281,290.71484375,-1.69757080078125,0.742767333984375,0.0,91502.90625,268.0030822753906,284.1949157714844,293.1382141113281,0.0006488615181297,0.0014728428795933,0.0100524052977561,1.970947265625,-3.4927520751953125,-3.726531982421875,0.0868377685546875,0.4195098876953125,1.277740478515625
2015-12-16,18,3,292.77313232421875,291.1100158691406,-2.6065216064453125,1.0489044189453125,0.0,91785.296875,267.935302734375,284.20379638671875,292.590576171875,0.0005372471641749,0.0014652742538601,0.0078767016530036,2.2882537841796875,-4.7262725830078125,-0.57476806640625,-0.788330078125,1.4589080810546875,1.56146240234375
2015-12-17,0,0,291.151611328125,289.81121826171875,-2.4739990234375,0.8827056884765625,0.125,91597.484375,268.63922119140625,284.65167236328125,293.2489624023437,0.0004422762431204,0.0019389644730836,0.0024449985940009,4.946075439453125,-4.4770355224609375,-3.324081420898437,-1.2431488037109375,1.8285369873046875,1.720855712890625
2015-12-17,6,1,298.7592163085937,288.90533447265625,-1.6668548583984375,1.72100830078125,0.0,91817.140625,269.9195556640625,284.6461181640625,292.53326416015625,0.0002796750050038,0.0014208655338734,0.0027977607678622,1.493072509765625,-4.825851440429688,-4.735153198242188,-0.4021759033203125,2.291290283203125,2.9525299072265625
2015-12-17,12,2,298.11669921875,289.0260009765625,-1.435516357421875,1.1825408935546875,0.0,91542.09375,270.693359375,284.50054931640625,291.4963684082031,0.0002076809469144,0.0009895039256662,0.0093173123896121,1.566558837890625,-4.1315765380859375,-3.3968658447265625,-2.6329803466796875,2.7580108642578125,2.12310791015625
2015-12-17,18,3,292.1170654296875,290.17364501953125,-1.6993560791015625,0.8315582275390625,0.0,91790.046875,270.78692626953125,283.99517822265625,291.26385498046875,0.0001689505879767,0.0008383921813219,0.0065232887864112,0.216461181640625,-5.074798583984375,-1.158111572265625,-0.208343505859375,2.8719024658203125,3.573974609375
2015-12-18,0,0,292.43536376953125,291.3454284667969,-1.9962921142578125,1.18585205078125,0.0,91657.125,271.2049560546875,283.6915283203125,291.1222229003906,0.0001510703878011,0.0009612301364541,0.0069218724966049,0.5889739990234375,-4.3263092041015625,-0.1987457275390625,-0.8682403564453125,1.5152435302734375,4.824386596679688
2015-12-18,6,1,299.18731689453125,292.0741577148437,-1.021697998046875,2.259857177734375,2.625,91889.46875,270.81201171875,283.7823181152344,289.7762145996094,0.0001225867890752,0.0010396915022283,0.012157492339611,-0.91668701171875,-5.55908203125,-1.4167022705078125,-3.6604156494140634,3.6976318359375,3.622528076171875
2015-12-18,12,2,298.78741455078125,290.6676025390625,-1.3248443603515625,1.8650970458984373,0.0,91620.359375,270.69500732421875,284.1883544921875,291.6314697265625,0.000136797039886,0.0012461114674806,0.0115219056606292,-1.99749755859375,-3.39208984375,-2.423004150390625,-5.0235443115234375,3.8501129150390634,3.806549072265625
2015-12-18,18,3,293.2557983398437,291.29010009765625,-2.2563629150390625,1.3069000244140625,15.875,91893.5,270.5279541015625,284.2466125488281,291.2557067871094,0.0001923173549585,0.0015145651996135,0.0097420960664749,-4.19964599609375,-4.261199951171875,-0.9835052490234376,-4.412322998046875,2.5499725341796875,2.0809478759765625
2015-12-19,0,0,294.06182861328125,292.4266357421875,-1.9995269775390625,1.6060638427734375,32.875,91818.09375,271.236572265625,282.3797607421875,290.45147705078125,0.0001255676179425,0.0019571059383451,0.0105369202792644,-5.129791259765625,-4.8516998291015625,-0.0241546630859375,-4.99627685546875,-0.430511474609375,2.7588043212890625
2015-12-19,6,1,299.3412475585937,292.1727294921875,-2.077484130859375,0.9329833984375,7.375,92063.75,270.8324890136719,282.6787109375,290.0032958984375,0.0001979217486223,0.0021175716537982,0.0121353045105934,-7.447113037109375,-4.8725128173828125,-3.073104858398437,-4.814239501953125,0.6237335205078125,1.13043212890625
2015-12-19,12,2,299.11395263671875,291.5594482421875,-1.3607330322265625,0.8273468017578125,0.0,91748.546875,269.8046875,283.0147705078125,292.3243408203125,0.0002119690761901,0.0031541734933853,0.0112079419195652,-5.658004760742188,-3.044158935546875,-3.4315948486328125,-4.8031768798828125,-0.611053466796875,1.6698150634765625
2015-12-19,18,3,293.771484375,292.4145812988281,-2.6029815673828125,1.5345458984375,4.0,92076.34375,269.7220458984375,283.004638671875,290.9200744628906,0.0002826580312103,0.0021930690854787,0.0099634826183319,-4.8587493896484375,-3.185150146484375,-3.1624908447265625,-2.914306640625,-1.4050140380859375,2.2718658447265625
2015-12-20,0,0,294.2314758300781,291.95672607421875,-2.0591583251953125,0.9409027099609376,7.375,91865.90625,268.5573425292969,282.6833190917969,290.1869201660156,0.0002816275227814,0.0021755094639956,0.0102652236819267,-3.405990600585937,-1.731964111328125,-4.57843017578125,-4.6230010986328125,-1.7469329833984375,4.622406005859375
2015-12-20,6,1,299.0066223144531,291.16168212890625,-2.791717529296875,2.65667724609375,0.0,92043.890625,268.7029113769531,283.123291015625,289.7514038085937,0.0003341932315379,0.00176626839675,0.0118898078799247,-3.5365753173828125,0.14764404296875,-4.27484130859375,-5.2978057861328125,-1.8306427001953125,4.0438079833984375
2015-12-20,12,2,298.9766845703125,290.6198425292969,-1.3407745361328125,1.4222869873046875,0.0,91707.65625,269.6112670898437,282.49334716796875,291.67657470703125,0.0003163173096254,0.0016934659797698,0.0113229975104331,-3.0928955078125,0.098297119140625,-3.0210723876953125,-5.01312255859375,-4.72772216796875,2.646347045898437
2015-12-20,18,3,292.89813232421875,290.6181030273437,-1.8267364501953125,1.457977294921875,0.0,91933.40625,269.8671875,281.75177001953125,290.88214111328125,0.0003192706499248,0.001857987139374,0.0097614377737045,-4.132354736328125,-0.8282318115234375,-1.6746368408203125,-5.4548187255859375,-4.0469818115234375,2.276763916015625
2015-12-21,0,0,293.93145751953125,292.14892578125,-2.1300811767578125,1.391693115234375,17.375,91823.765625,269.3170166015625,279.87646484375,290.92657470703125,0.0003040112787857,0.002412789966911,0.0085798017680644,-2.373275756835937,-2.200546264648437,-0.5962066650390625,-5.61871337890625,-3.917449951171875,0.854736328125
2015-12-21,6,1,299.31085205078125,289.6454772949219,-1.2292022705078125,1.9490509033203125,0.0,92042.0625,269.4659729003906,279.92657470703125,290.2054443359375,0.0002874427009373,0.0024518549907952,0.0096701122820377,-4.5430755615234375,-1.6587677001953125,-2.189239501953125,-6.457443237304688,-2.0122222900390625,1.99749755859375
2015-12-21,12,2,299.355712890625,290.31280517578125,-1.39404296875,0.3231658935546875,0.0,91713.109375,268.8421630859375,281.06884765625,293.15252685546875,0.0003016494447365,0.0032598252873867,0.0089953355491161,-4.203460693359375,2.346221923828125,-1.2916107177734375,-4.08160400390625,-2.7393341064453125,-1.2496490478515625
2015-12-21,18,3,293.16363525390625,288.040771484375,-2.1881103515625,1.1016693115234375,0.0,91983.96875,268.7044982910156,282.74298095703125,291.7778625488281,0.0003186775138601,0.0019701761193573,0.0086581595242023,-3.702316284179688,-4.399322509765625,-4.83642578125,-3.188095092773437,-4.919921875,-0.074554443359375
2015-12-22,0,0,291.88787841796875,288.80816650390625,-1.6894073486328125,0.71002197265625,0.0,91834.34375,269.01715087890625,280.8727111816406,291.70733642578125,0.0003410165663808,0.0030314454343169,0.0061447136104106,-3.16015625,-4.197235107421875,-5.903564453125,-2.371063232421875,-4.849822998046875,-1.13140869140625
2015-12-22,6,1,300.45166015625,287.21307373046875,-1.950286865234375,1.0853118896484375,0.0,92077.578125,268.65509033203125,282.52606201171875,291.06768798828125,0.0003815307281911,0.0021490051876753,0.0079047232866287,-4.546310424804688,-5.6951751708984375,-3.969528198242188,-2.889984130859375,-2.654159545898437,0.6488494873046875
2015-12-22,12,2,299.09210205078125,287.9261474609375,-1.8733062744140625,0.346527099609375,0.0,91729.46875,269.1728515625,283.46490478515625,292.84844970703125,0.0004315064288675,0.0016214693896472,0.0083186328411102,-6.180831909179688,-1.9191131591796875,-4.68359375,-2.9730682373046875,-4.829635620117188,-0.6449737548828125
2015-12-22,18,3,292.3872985839844,288.8178100585937,-2.393646240234375,0.1493988037109375,0.0,92089.5625,269.55523681640625,283.4105834960937,291.9332275390625,0.0003711984027177,0.0012586829252541,0.0066614523530006,-6.85504150390625,-4.6869659423828125,-5.7829132080078125,-1.7969818115234375,-5.718414306640625,-2.963363647460937
2015-12-23,0,0,292.4896240234375,291.03778076171875,-2.3762359619140625,1.2793731689453125,0.0,91895.171875,269.563720703125,283.2272644042969,290.3322448730469,0.0003009337233379,0.0013497660402208,0.007372424006462,-5.441940307617188,-6.824371337890625,-6.70111083984375,-1.3421630859375,-6.3394317626953125,1.111541748046875
2015-12-23,6,1,298.92095947265625,289.3216552734375,-2.2453155517578125,1.8653717041015625,0.0,92115.390625,269.230712890625,283.1271057128906,289.414306640625,0.0003208612324669,0.001176158664748,0.0097607672214508,-6.6116790771484375,-7.92938232421875,-4.116958618164063,-0.93133544921875,-2.65704345703125,2.5055694580078125
2015-12-23,12,2,298.56622314453125,288.7639465332031,-1.3659820556640625,0.507171630859375,0.0,91766.65625,268.81201171875,284.2567138671875,291.824951171875,0.0003185658133588,0.0011547724716365,0.0095086358487606,-6.216476440429688,-5.35980224609375,-3.514404296875,0.7199249267578125,-4.622283935546875,-0.00592041015625
2015-12-23,18,3,292.61676025390625,288.885498046875,-2.53314208984375,0.56463623046875,0.0,91987.40625,268.7733459472656,285.45025634765625,290.7318420410156,0.0003095414722338,0.0006817525718361,0.0086427293717861,-4.5706634521484375,-6.728424072265625,-4.7346954345703125,-0.22021484375,-6.475631713867188,-0.926727294921875
2015-12-24,0,0,291.25555419921875,289.5941467285156,-1.7297821044921875,-0.204864501953125,0.0,91812.234375,268.651611328125,285.0279541015625,290.3958740234375,0.0002887500450015,0.0007318274583667,0.0066674314439296,-2.026885986328125,-6.46295166015625,-4.913970947265625,-5.2455596923828125,-3.7868499755859375,-2.0427703857421875
2015-12-24,6,1,299.51434326171875,285.9150390625,-2.6129608154296875,-0.470855712890625,0.0,92025.515625,269.07647705078125,285.0614318847656,290.56640625,0.0002548012416809,0.0008075956720858,0.0078238770365715,-4.50421142578125,-6.5421142578125,-4.4057464599609375,-6.635498046875,-3.0028533935546875,-0.894439697265625
2015-12-24,12,2,298.39044189453125,288.2276306152344,-1.776123046875,0.003021240234375,0.0,91688.6875,269.85076904296875,285.043701171875,292.662353515625,0.0002863662957679,0.0008133159135468,0.0078020393848419,-5.46148681640625,-3.1482391357421875,-5.086837768554688,-8.373748779296875,-7.1437530517578125,-0.7761993408203125
2015-12-24,18,3,292.4804077148437,288.79888916015625,-2.81109619140625,-0.030914306640625,0.0,91953.875,270.103759765625,285.6977844238281,290.2038879394531,0.0003076090943068,0.0009296741336584,0.0090584717690944,-6.8338623046875,-7.0970611572265625,-6.876556396484375,-6.507904052734375,-6.9234619140625,-2.30096435546875
2015-12-25,0,0,292.3514709472656,291.0028686523437,-2.039642333984375,0.273345947265625,0.375,91775.421875,269.90740966796875,285.471923828125,290.41864013671875,0.0003586296224966,0.000936069060117,0.0066778510808944,-6.3591156005859375,-6.993499755859375,-7.711181640625,-7.4514617919921875,-4.4167327880859375,-2.5348663330078125
2015-12-25,6,1,298.86181640625,287.85516357421875,-3.751876831054688,-1.177978515625,0.0,91988.828125,270.15264892578125,286.27764892578125,290.0036926269531,0.0002308712573722,0.0010093078017234,0.0091029554605484,-9.131332397460938,-7.172576904296875,-6.730499267578125,-4.811203002929688,-2.6982574462890625,-2.6917724609375
2015-12-25,12,2,298.2074584960937,287.2756042480469,-3.0230712890625,-1.45147705078125,0.75,91690.109375,269.7821350097656,285.9119567871094,291.2004699707031,0.0001386443764204,0.0010665794834494,0.0092045553028583,-9.371978759765623,-6.055816650390625,-7.224578857421875,-5.1757659912109375,-3.013702392578125,-3.66796875
2015-12-25,18,3,293.5748291015625,289.5699768066406,-2.686386108398437,-0.617156982421875,45.625,91955.765625,270.01153564453125,285.8558349609375,288.2666320800781,0.0001524191611679,0.0007327839266508,0.0118053667247295,-11.049240112304688,-7.5065765380859375,-7.31256103515625,-4.468429565429688,-2.862060546875,-3.606964111328125
2015-12-26,0,0,293.26287841796875,290.1739196777344,-2.935211181640625,-0.7294158935546875,46.375,91850.28125,269.1533203125,284.9098205566406,287.7188415527344,0.000144001445733,0.0004692070651799,0.0094638206064701,-10.948867797851562,-9.968460083007812,-10.131088256835938,-5.776138305664063,-0.9084625244140624,-2.7639617919921875
2015-12-26,6,1,298.34674072265625,287.4639892578125,-4.387466430664063,-0.8488922119140625,0.0,92032.578125,268.3822937011719,285.67626953125,289.1014404296875,0.0002948243636637,0.0003513754345476,0.0094450749456882,-12.001510620117188,-9.598587036132812,-7.210968017578125,-5.2869720458984375,1.915069580078125,-1.1930084228515625
2015-12-26,12,2,298.0479736328125,288.4698791503906,-2.57623291015625,0.00726318359375,0.0,91766.328125,268.0599975585937,285.20477294921875,291.2673034667969,0.0003448221832513,0.0004190525505691,0.0093657933175563,-12.01715087890625,-6.3160400390625,-6.745529174804688,-3.4141082763671875,0.7977447509765625,-0.05596923828125
2015-12-26,18,3,291.8492126464844,289.16314697265625,-2.98284912109375,-1.5858306884765625,0.0,92047.421875,268.61688232421875,284.8985900878906,289.5423583984375,0.000218545043026,0.0005049468018114,0.0075989365577697,-16.954010009765625,-7.768157958984375,-6.7344512939453125,0.8136749267578125,-0.24737548828125,-1.1801910400390625
2015-12-27,0,0,292.9423828125,291.0438842773437,-3.114974975585937,-1.4774017333984375,13.25,91910.875,269.18914794921875,284.1947631835937,286.8915405273437,0.0001438399631297,0.0011356966570019,0.0105634629726409,-17.7470703125,-8.510696411132812,-12.600967407226562,0.388946533203125,0.265411376953125,-1.4973602294921875
2015-12-27,6,1,298.2699279785156,290.0491027832031,-5.3050689697265625,-0.6337127685546875,0.0,92092.015625,268.78680419921875,284.6610412597656,289.372802734375,0.0002147480408893,0.0013407019432634,0.0108695290982723,-18.07676696777344,-8.678985595703125,-8.442626953125,0.396240234375,1.783905029296875,-0.924346923828125
2015-12-27,12,2,298.7394714355469,290.38885498046875,-3.071441650390625,-0.18408203125,0.0,91862.125,268.9514465332031,285.05352783203125,291.4550476074219,0.0002540775458328,0.0011432555038481,0.0102559961378574,-16.250381469726562,-7.858261108398437,-6.8722686767578125,1.7240753173828125,0.4590911865234375,-1.0109100341796875
2015-12-27,18,3,293.3283996582031,291.66094970703125,-3.321502685546875,-0.7561492919921875,0.0,92119.65625,268.382568359375,284.6351013183594,289.18463134765625,0.000320877879858,0.0018436894752085,0.0105845741927623,-16.335494995117188,-8.757675170898438,-6.2870635986328125,2.1169891357421875,1.5447845458984375,-1.8004150390625
2015-12-28,0,0,292.7359924316406,289.66461181640625,-2.7872314453125,-1.0621795654296875,0.625,92019.0,268.7048034667969,285.181396484375,289.87890625,0.0003295575734227,0.0006319626700133,0.0072772875428199,-15.212936401367188,-9.639846801757812,-9.199981689453123,4.487564086914063,0.08184814453125,-0.5506439208984375
2015-12-28,6,1,298.71905517578125,287.4012145996094,-4.098785400390625,-0.64398193359375,0.0,92278.125,267.9085998535156,285.20135498046875,289.0921630859375,0.0003106181975454,0.0005248931702226,0.0081418678164482,-13.134552001953123,-10.530029296875,-8.335113525390625,3.65374755859375,-0.60638427734375,-0.6476287841796875
2015-12-28,12,2,297.79815673828125,287.8486022949219,-2.8442535400390625,-0.3135833740234375,0.0,91984.546875,268.01763916015625,285.24542236328125,290.8390808105469,0.0002995070535689,0.000807128380984,0.0089052207767963,-9.625473022460938,-11.239028930664062,-6.9361114501953125,3.7218017578125,-1.12884521484375,-1.0768890380859375
2015-12-28,18,3,290.905029296875,288.40240478515625,-2.1514129638671875,-0.9214324951171876,0.0,92174.375,268.73565673828125,284.7662048339844,291.2959899902344,0.0002459166571497,0.000975586939603,0.0055182538926601,-9.743392944335938,-13.362442016601562,-7.58447265625,6.221603393554688,-1.5618896484375,1.058319091796875
2015-12-29,0,0,291.0041198730469,287.98199462890625,-2.864349365234375,-0.7151031494140625,0.0,91963.015625,267.5765686035156,285.4638061523437,291.1591796875,0.0017740027979016,0.0011266965884715,0.0068848170340061,-4.915328979492188,-12.146453857421877,-11.651443481445312,5.8803253173828125,-0.776397705078125,2.491241455078125
2015-12-29,6,1,299.2685546875,286.0728454589844,-3.8883056640625,-0.832427978515625,0.0,92120.421875,267.350830078125,285.00860595703125,290.26318359375,0.0023730259854346,0.0021877863910049,0.00771189853549,-3.567230224609375,-13.749603271484377,-7.95892333984375,3.227645874023437,1.0066375732421875,-0.6804351806640625
2015-12-29,12,2,299.0175476074219,286.6957397460937,-2.6355743408203125,0.0698394775390625,0.0,91810.71875,267.50213623046875,284.6033935546875,291.8107604980469,0.0023045216221362,0.0020819103810936,0.0082956217229366,-2.2960357666015625,-11.606033325195312,-6.758392333984375,0.5799102783203125,2.608642578125,-0.204193115234375
2015-12-29,18,3,291.3111572265625,287.95489501953125,-2.4044189453125,-0.286712646484375,0.0,92026.984375,267.494384765625,284.26934814453125,291.9683837890625,0.0023632762022316,0.0020708409138023,0.0040137828327715,-1.865570068359375,-10.290786743164062,-7.052734375,0.8301239013671875,2.394393920898437,-0.743927001953125
2015-12-30,0,0,290.12451171875,287.7757873535156,-1.834075927734375,-1.084808349609375,0.0,91842.796875,267.1147766113281,283.73931884765625,292.0526733398437,0.0025866813957691,0.001672894693911,0.0022815172560513,0.1799468994140625,-9.688858032226562,-8.954071044921875,-0.388671875,-0.0069427490234375,-2.0658721923828125
2015-12-30,6,1,299.8553771972656,280.9994201660156,-4.3015899658203125,-0.675567626953125,0.0,92027.03125,266.8248291015625,283.85302734375,291.01861572265625,0.0017176000401377,0.0011404361575841,0.0045124236494302,-0.12969970703125,-9.428955078125,-10.064773559570312,0.007110595703125,-1.0375823974609375,-1.4272308349609375
2015-12-30,12,2,298.92431640625,284.1080017089844,-3.0706329345703125,0.0431060791015625,0.0,91733.46875,267.13299560546875,283.82720947265625,291.75811767578125,0.0020583220757544,0.0009233246091753,0.0064687281847,1.969970703125,-9.04425048828125,-8.694183349609375,-0.402862548828125,-2.134613037109375,-0.511566162109375
2015-12-30,18,3,291.02349853515625,287.936279296875,-2.1296539306640625,-0.317230224609375,0.0,92009.203125,266.5574951171875,283.9237060546875,291.382568359375,0.002126837382093,0.0007455197628587,0.0029006444383412,3.0134429931640625,-9.271270751953123,-11.035980224609377,1.69647216796875,-2.675521850585937,0.1796417236328125
2015-12-31,0,0,290.1313171386719,285.1044311523437,-2.6306304931640625,-0.820159912109375,0.0,91824.53125,265.5910949707031,284.66717529296875,291.85498046875,0.0014057629741728,0.0006462673190981,0.002688402775675,4.27069091796875,-8.114349365234375,-11.906692504882812,-3.47967529296875,-2.6241455078125,0.52545166015625
2015-12-31,6,1,299.49853515625,281.71588134765625,-4.405288696289063,-0.091094970703125,0.0,92076.859375,266.2802124023437,284.06884765625,290.98785400390625,0.0016434756107628,0.0007895841263234,0.0043600462377071,3.048858642578125,-10.572921752929688,-10.102676391601562,-3.3833465576171875,-3.6699066162109375,-0.9297332763671876
2015-12-31,12,2,298.0003662109375,284.81744384765625,-3.165023803710937,-0.249114990234375,0.0,91852.71875,266.29864501953125,283.65484619140625,291.53076171875,0.0015317036304622,0.001095438376069,0.007278423756361,4.953033447265625,-10.607925415039062,-7.9787445068359375,-2.7455291748046875,-4.68377685546875,-1.4384613037109375
2015-12-31,18,3,291.1201477050781,288.6502685546875,-2.8232421875,-0.7533416748046875,0.0,92129.515625,265.30389404296875,283.6534423828125,290.2421264648437,0.000952269649133,0.0012479133438318,0.0038504768162965,3.335357666015625,-10.55914306640625,-12.561660766601562,-2.7407379150390625,-4.66595458984375,-2.761444091796875
2016-01-01,0,0,290.2156982421875,287.9124755859375,-2.5072174072265625,-0.5061798095703125,0.0,91952.671875,266.4545288085937,283.5297241210937,291.55010986328125,0.0002015022182604,0.0012121072504669,0.0020509879104793,0.61859130859375,-8.538192749023438,-13.973800659179688,-5.2774505615234375,-2.759033203125,-1.6280975341796875
2016-01-01,6,1,298.2140197753906,285.5215148925781,-5.036041259765625,-1.2012481689453125,0.0,92209.03125,267.0390625,283.47076416015625,289.228759765625,0.0001141567190643,0.0013289260677993,0.0057730637490749,-2.600799560546875,-8.51373291015625,-11.483047485351562,-3.74267578125,-3.144927978515625,-2.500579833984375
2016-01-01,12,2,297.5438842773437,285.1602783203125,-3.696563720703125,-0.801422119140625,0.0,91951.78125,268.45538330078125,282.6753845214844,290.4893798828125,0.0001792668917914,0.0013585335109382,0.007856611162424,0.46820068359375,-6.839874267578125,-9.042648315429688,-6.378875732421875,-3.662063598632813,-2.4015655517578125
2016-01-01,18,3,290.601806640625,287.2181396484375,-2.070663452148437,-0.8763427734375,0.0,92229.75,268.84918212890625,282.7758178710937,290.6552734375,0.0001701879082247,0.0014481565449386,0.0024711694568395,1.05487060546875,-4.532638549804688,-14.254135131835938,-7.37176513671875,-4.113204956054688,-2.0428466796875
2016-01-02,0,0,289.867919921875,284.5882568359375,-2.55596923828125,-1.561981201171875,0.0,92063.34375,268.024658203125,282.5945129394531,289.91070556640625,0.0001338207221124,0.0013277870602905,0.0026384214870631,0.327484130859375,-1.4297943115234375,-13.402236938476562,-5.0672760009765625,-2.5291900634765625,-3.3227996826171875
2016-01-02,6,1,299.1179504394531,281.0643920898437,-4.554656982421875,-1.460968017578125,0.0,92324.78125,268.4710693359375,281.5733642578125,289.6773376464844,0.0001204624713864,0.0012237324845045,0.005157146602869,1.01318359375,-1.499359130859375,-8.032028198242188,-3.0491943359375,-0.405181884765625,-2.8874053955078125
2016-01-02,12,2,298.32720947265625,282.52508544921875,-1.933563232421875,-0.3744354248046875,0.0,91956.109375,268.0216064453125,282.44342041015625,291.4335327148437,0.000118569296319,0.0011682054027915,0.005789004266262,3.352752685546875,2.4017333984375,-5.45404052734375,-1.7758026123046875,-1.478790283203125,-1.71630859375
2016-01-02,18,3,290.9971008300781,286.5852355957031,-2.4344635009765625,-0.3719635009765625,0.0,92194.046875,268.1539306640625,281.93536376953125,289.260986328125,0.0001277369447052,0.0008280843030661,0.0059758462011814,4.817108154296875,1.0595703125,-5.290008544921875,-2.137802124023437,-1.8070831298828125,-4.1027679443359375
2016-01-03,0,0,289.7646484375,286.77130126953125,-1.938934326171875,-0.31927490234375,0.0,92029.671875,267.3599853515625,282.77392578125,289.12847900390625,0.0001445226516807,0.0004986450076103,0.0049913004040718,6.667251586914063,2.9054107666015625,-10.773956298828123,-3.407501220703125,-0.8645172119140625,-5.547760009765625
2016-01-03,6,1,299.4234619140625,281.9561767578125,-4.510772705078125,-1.29931640625,0.0,92158.1875,267.2987060546875,282.7083740234375,290.14410400390625,0.0001683459995547,0.0004029863048344,0.0059058777987957,6.10186767578125,2.32171630859375,-7.520660400390625,-5.5799560546875,-1.0796051025390625,-2.757080078125
2016-01-03,12,2,298.84893798828125,282.8841552734375,-2.1351318359375,-0.2614898681640625,0.0,91777.0,267.7532958984375,284.0209655761719,292.4268798828125,0.0001455262681702,0.0002394557814113,0.0059774778783321,5.8815765380859375,1.7405853271484375,-5.6171722412109375,-3.2146453857421875,-2.421661376953125,-1.6473236083984375
2016-01-03,18,3,291.21356201171875,283.5950012207031,-2.753402709960937,-0.0711669921875,0.0,92027.3125,267.99249267578125,284.5098876953125,289.658447265625,0.000135017951834,0.0002604214823804,0.006729919463396,5.503021240234375,-1.7626190185546875,-7.1473236083984375,-3.426986694335937,-1.6957550048828125,-1.55120849609375
2016-01-04,0,0,289.2707214355469,287.0194702148437,-1.952667236328125,0.557525634765625,0.0,91959.96875,267.81866455078125,283.4544372558594,289.1546630859375,0.0001247760665137,0.000382165191695,0.0038580629043281,5.5760650634765625,-3.3409576416015625,-8.678451538085938,-6.628631591796875,-1.5572509765625,-0.8577423095703125
2016-01-04,6,1,299.2933349609375,281.39794921875,-4.7005615234375,-0.442291259765625,0.0,92143.171875,266.94879150390625,283.8743591308594,289.85400390625,0.0001184111170005,0.0005311481654644,0.0057205334305763,3.9044036865234375,-3.4243621826171875,-8.21142578125,-3.077117919921875,-0.6623382568359375,-1.5321044921875
2016-01-04,12,2,298.44012451171875,282.6229248046875,-2.757904052734375,0.200286865234375,0.0,91816.6875,267.6803894042969,283.94830322265625,291.4136047363281,0.0001087372365873,0.0006319214589893,0.0064271539449691,4.172088623046875,-2.3292388916015625,-6.664718627929688,-0.404449462890625,-0.8453521728515625,-0.3112945556640625
2016-01-04,18,3,290.8834533691406,284.647705078125,-2.820175170898437,0.05926513671875,0.0,92096.90625,268.639404296875,283.54083251953125,288.4148254394531,0.000106840612716,0.0006860415451228,0.0078213773667812,5.44549560546875,-3.31646728515625,-5.961517333984375,1.0428009033203125,0.0607757568359375,0.3981170654296875
2016-01-05,0,0,290.1270751953125,287.6454772949219,-1.9781646728515625,-0.45672607421875,0.0,91891.984375,268.1737060546875,283.5482788085937,288.37060546875,0.0001341081224381,0.0005914792418479,0.0046988055109977,7.192901611328125,-1.3394775390625,-6.023223876953125,2.4212646484375,-0.0151214599609375,-2.864471435546875
2016-01-05,6,1,297.9183959960937,282.4735107421875,-3.1902008056640625,-0.217376708984375,0.0,92048.875,268.6268920898437,283.3335876464844,289.0135803222656,0.0001368890953017,0.0005549027118831,0.0054013039916753,8.027389526367188,-2.8820037841796875,-4.842300415039063,2.31298828125,2.2611083984375,-0.3472747802734375
2016-01-05,12,2,297.32452392578125,284.0897827148437,-1.4593658447265625,0.3421173095703125,0.0,91742.40625,268.6123046875,282.6878662109375,291.50653076171875,0.0001260447315871,0.0003385967575013,0.0055819116532802,9.194168090820312,0.721527099609375,-3.1943511962890625,2.234954833984375,3.393951416015625,0.630035400390625
2016-01-05,18,3,291.3235778808594,286.794921875,-3.03704833984375,0.6626434326171875,0.0,91996.90625,269.2745361328125,283.4939270019531,289.041259765625,0.0001120995293604,0.0004190376494079,0.0082435607910156,8.051071166992188,1.1363983154296875,-4.866714477539063,1.0134735107421875,2.5440826416015625,2.6587371826171875
2016-01-06,0,0,289.9379272460937,288.2202453613281,-1.8096923828125,-1.0192413330078125,0.0,91892.6875,268.4376220703125,281.9525146484375,288.52117919921875,0.0001204407017212,0.0005530416965484,0.0065252110362052,8.357345581054688,1.53851318359375,0.2341156005859375,0.3722991943359375,0.7997894287109375,0.0682525634765625
2016-01-06,6,1,299.1085510253906,285.4833984375,-1.193756103515625,-0.1201629638671875,0.0,92059.015625,268.0806884765625,282.5812683105469,289.5233154296875,0.0001066132826963,0.0003873982932418,0.0077233090996742,6.88519287109375,3.4172515869140625,-1.581451416015625,1.6813507080078125,3.02105712890625,0.0238189697265625
2016-01-06,12,2,298.83306884765625,288.10308837890625,-1.08551025390625,0.218475341796875,0.0,91684.546875,268.1938171386719,282.2884826660156,292.0440979003906,0.0001245616440428,0.0005796053446829,0.0077254101634025,7.673187255859375,5.9589385986328125,-1.856414794921875,2.4322662353515625,-0.1408233642578125,0.34320068359375
2016-01-06,18,3,292.5010986328125,288.233154296875,-3.837066650390625,0.656494140625,3.625,91980.953125,268.1127319335937,284.0350646972656,287.99273681640625,0.0001382476912112,0.0006980658508837,0.0107333324849605,7.2010650634765625,5.0943145751953125,-7.94195556640625,3.753829956054688,1.281097412109375,3.837326049804688
2016-01-07,0,0,291.78875732421875,289.9772033691406,-2.3126220703125,-0.247161865234375,0.25,91888.03125,267.9671936035156,282.66064453125,288.9349975585937,0.0003876981791108,0.0010671222116798,0.0093325451016426,7.353927612304687,4.1053466796875,-2.1684722900390625,4.13671875,0.3625946044921875,1.517059326171875
2016-01-07,6,1,297.8994140625,286.73046875,-2.3167877197265625,-0.4072418212890625,0.0,92111.53125,268.1229858398437,282.16571044921875,289.5794677734375,0.0007736999541521,0.0017338113393634,0.0092153660953044,6.859161376953125,6.3947601318359375,-3.3551177978515625,5.2193756103515625,-0.878173828125,-0.816314697265625
2016-01-07,12,2,298.3840637207031,288.04083251953125,-1.0193023681640625,0.58465576171875,0.0,91814.15625,268.29595947265625,281.9320068359375,292.05029296875,0.0006033573299646,0.0023182679433375,0.0088275894522666,9.986724853515623,8.752182006835938,-1.889007568359375,2.0854644775390625,-3.216156005859375,1.1561431884765625
2016-01-07,18,3,292.5551452636719,287.81591796875,-3.2157440185546875,0.1575927734375,0.0,92040.171875,268.309326171875,283.458740234375,288.64410400390625,0.0003719693049788,0.0018460769206285,0.0096402913331985,9.95037841796875,5.8179931640625,-5.332290649414063,0.975311279296875,2.7415008544921875,3.39996337890625
2016-01-08,0,0,290.61334228515625,288.710693359375,-2.030792236328125,-0.5423736572265625,0.0,91938.0,268.86602783203125,282.46588134765625,288.999267578125,0.0005407745484262,0.002507037948817,0.0099647678434848,10.426300048828123,9.660247802734377,-0.6851806640625,2.0319061279296875,-0.9279632568359376,0.2503662109375
2016-01-08,6,1,297.7030029296875,286.68023681640625,-2.180511474609375,-1.277587890625,0.0,92158.375,269.026123046875,281.79296875,289.1388854980469,0.0012443715240806,0.0033097798004746,0.0088950656354427,11.105117797851562,10.114822387695312,-3.0924224853515625,3.181549072265625,1.47479248046875,-2.415679931640625
2016-01-08,12,2,297.971435546875,287.00262451171875,-0.6352996826171875,-0.9185943603515624,0.0,91818.640625,268.946044921875,281.35760498046875,291.7249755859375,0.0005964860320091,0.0040997043251991,0.0068807452917099,11.559417724609377,9.993606567382812,-1.204254150390625,0.58929443359375,-0.207244873046875,-2.135009765625
2016-01-08,18,3,291.8907775878906,285.1831970214844,-3.09222412109375,-0.070648193359375,0.0,91992.34375,268.7333984375,283.3473815917969,289.4967346191406,0.0004055716563016,0.0015717046335339,0.0070653595030307,10.509689331054688,9.15972900390625,-5.1231536865234375,1.846221923828125,-1.0891265869140625,-0.786041259765625
2016-01-09,0,0,290.3321838378906,286.6365966796875,-2.531829833984375,-0.3230133056640625,0.0,91742.625,268.8207702636719,283.2171325683594,289.7216796875,0.0006574769504368,0.0016372692771255,0.0049448907375335,13.410003662109377,9.649642944335938,-4.6420440673828125,-0.9493560791015624,0.8964385986328125,-3.222763061523437
2016-01-09,6,1,298.2591552734375,280.10760498046875,-3.3496246337890625,-1.08538818359375,0.0,91969.03125,268.8129272460937,283.1138000488281,289.862060546875,0.0005246696528047,0.0016631402540951,0.0049582049250602,12.752288818359377,9.077377319335938,-5.069915771484375,0.308837890625,0.97076416015625,-2.1483612060546875
2016-01-09,12,2,298.32232666015625,285.264892578125,-1.67791748046875,0.0816650390625,0.0,91611.796875,269.0026550292969,281.845703125,292.3481140136719,0.0012529431842267,0.0025851356331259,0.005512423813343,14.178817749023438,10.067855834960938,-3.586654663085937,-0.6469879150390625,0.342987060546875,-0.252685546875
2016-01-09,18,3,291.1483764648437,282.5655822753906,-3.548919677734375,0.247589111328125,0.0,91940.78125,268.1016845703125,285.13262939453125,289.3182678222656,0.0014676300343126,0.000668215798214,0.0062163062393665,10.954452514648438,8.04132080078125,-6.048828125,0.6390228271484375,1.61328125,1.3172760009765625
2016-01-10,0,0,290.2191772460937,287.1737365722656,-2.251800537109375,0.16314697265625,0.0,91806.65625,267.98858642578125,281.9022216796875,290.1308898925781,0.0024456339888274,0.0017697340808808,0.0050059892237186,13.910293579101562,8.432464599609375,-4.3441925048828125,1.7824249267578125,1.709869384765625,-1.939117431640625
2016-01-10,6,1,298.39459228515625,280.3291015625,-2.6833953857421875,-0.1736907958984375,0.0,92021.6875,267.3423156738281,282.62957763671875,289.5238952636719,0.0024496940895915,0.0014600523281842,0.0048040188848972,11.901473999023438,6.6877288818359375,-4.0386505126953125,2.3703155517578125,2.4822540283203125,-0.85546875
2016-01-10,12,2,298.5817565917969,282.8521728515625,-1.791107177734375,0.222320556640625,0.0,91690.296875,267.92431640625,282.1700134277344,291.8746337890625,0.0020538924727588,0.0020982353016734,0.0051673538982868,12.523529052734377,8.313583374023438,-3.7807464599609375,4.8251800537109375,0.9665069580078124,0.1424713134765625
2016-01-10,18,3,291.01043701171875,282.29833984375,-3.56976318359375,0.3645477294921875,0.0,92040.59375,267.014892578125,283.667724609375,289.41241455078125,0.002115007257089,0.0010816261637955,0.0056575685739517,11.120071411132812,6.6201019287109375,-5.4946136474609375,4.748565673828125,0.435028076171875,1.5275421142578125
2016-01-11,0,0,290.208740234375,285.77069091796875,-2.230575561523437,-0.4521484375,0.0,91847.734375,266.3732604980469,282.63983154296875,290.1034851074219,0.0017556368838995,0.0012518968433141,0.0046200565993785,12.764328002929688,5.640106201171875,-2.8863677978515625,6.207244873046875,-0.7801055908203125,-2.1423797607421875
2016-01-11,6,1,298.54541015625,279.7631530761719,-3.3179931640625,-0.3584747314453125,0.0,92089.21875,266.40679931640625,282.77496337890625,289.4285583496094,0.001864586258307,0.001237318618223,0.0046123340725898,14.689697265625,5.629150390625,-5.04669189453125,5.5942230224609375,-1.7115020751953125,-1.0473785400390625
2016-01-11,12,2,298.28759765625,284.5140075683594,-1.7638397216796875,0.2691802978515625,0.0,91712.609375,266.8477783203125,283.49609375,291.5976867675781,0.0010783954057842,0.0010571104940026,0.0060353577136993,15.350021362304688,7.56231689453125,-3.6714019775390634,3.0063018798828125,-7.0341644287109375,0.2207489013671875
2016-01-11,18,3,291.3599548339844,285.51373291015625,-3.2346649169921875,0.788818359375,0.0,91936.59375,267.0950927734375,284.1024169921875,288.935546875,0.0005704364739358,0.0024298161733895,0.0075335726141929,12.132919311523438,7.5644683837890625,-3.9975738525390634,2.9534149169921875,-6.4577178955078125,2.3216094970703125
2016-01-12,0,0,289.17315673828125,286.6065673828125,-2.284271240234375,0.4384307861328125,0.0,91802.421875,266.9447937011719,283.1653747558594,289.29254150390625,0.0004345488268882,0.0022545079700648,0.0066901557147502,12.745895385742188,8.450225830078125,-1.873504638671875,1.917205810546875,-5.0596771240234375,0.2754364013671875
2016-01-12,6,1,298.3240661621094,283.7606201171875,-2.2240753173828125,-0.8816986083984375,0.0,91900.328125,267.33905029296875,283.509033203125,289.691162109375,0.0002379967481829,0.0028196545317769,0.0067174695432186,11.231246948242188,8.841949462890625,-3.1641845703125,1.4459991455078125,-4.3932952880859375,-1.9789581298828125
2016-01-12,12,2,299.0800170898437,286.9349975585937,-1.17156982421875,-0.62579345703125,0.0,91569.984375,267.812744140625,283.044921875,292.57330322265625,0.0001361905742669,0.0024352197069674,0.0067838504910469,13.687179565429688,10.6075439453125,-2.337997436523437,-1.5537109375,-4.504241943359375,-1.3985748291015625
2016-01-12,18,3,291.2269287109375,284.78289794921875,-3.13836669921875,0.56597900390625,0.0,91777.65625,268.0557861328125,284.2191162109375,289.8373718261719,0.0002195161796407,0.0017601673025637,0.0072343870997428,12.759918212890623,13.756134033203123,-4.851837158203125,-0.158721923828125,-4.80279541015625,0.161376953125
2016-01-13,0,0,290.2159118652344,287.038818359375,-1.8976898193359373,0.7304229736328125,0.0,91679.96875,267.0914306640625,282.9725341796875,289.40057373046875,0.0002708837855607,0.0016904529184103,0.0069877617061138,13.910491943359377,14.328369140625,-2.189300537109375,0.2717742919921875,-5.081588745117188,-0.2617340087890625
2016-01-13,6,1,297.63458251953125,284.62603759765625,-1.7828521728515625,1.0551605224609375,0.0,91877.6875,267.8954162597656,282.4935302734375,289.3173217773437,0.0001910247228806,0.0014738405589014,0.007579531520605,14.37750244140625,12.15118408203125,-2.5153045654296875,-1.4476165771484375,-4.496124267578125,0.8840179443359375
2016-01-13,12,2,298.4760437011719,286.2425537109375,-0.960357666015625,0.2106170654296875,0.0,91525.875,268.17999267578125,283.0664978027344,291.907470703125,0.0001606520672794,0.0005176381673663,0.0072320066392421,13.724136352539062,8.40362548828125,-1.71868896484375,-4.311325073242188,-7.288818359375,-0.40582275390625
2016-01-13,18,3,291.222900390625,284.3887939453125,-3.3199005126953125,1.1611328125,0.0,91782.59375,268.2802734375,284.2001342773437,288.79180908203125,0.0002496460801921,0.0006962353363633,0.0081129558384418,12.038955688476562,7.0695343017578125,-5.465377807617188,-2.047958374023437,-6.007110595703125,3.89727783203125
2016-01-14,0,0,290.3464660644531,287.80828857421875,-2.25506591796875,0.668426513671875,0.0,91717.71875,268.3236999511719,283.0322570800781,289.17779541015625,0.0002773933811113,0.0007781819440424,0.0067395493388175,13.8931884765625,6.119232177734375,-3.66314697265625,-3.305511474609375,-4.115386962890625,-0.0632171630859375
2016-01-14,6,1,298.6840209960937,283.7079162597656,-2.36181640625,-0.0819091796875,0.0,91904.28125,269.2797241210937,282.9633178710937,289.7166442871094,0.0002374292962485,0.000914579257369,0.0068338587880134,11.577987670898438,5.027130126953125,-3.253204345703125,-3.11126708984375,-2.956024169921875,-0.68408203125
2016-01-14,12,2,299.14776611328125,286.46417236328125,-1.338714599609375,0.176116943359375,0.0,91505.34375,269.3741455078125,282.20709228515625,292.6981201171875,0.0002494556829333,0.0009153643622994,0.0065292716026306,11.285995483398438,6.072357177734375,-2.6991729736328125,-4.649337768554688,-3.5098114013671875,-0.1083221435546875
2016-01-14,18,3,291.9421691894531,285.5947265625,-4.0785675048828125,1.1559600830078125,0.0,91722.40625,269.52984619140625,285.0146484375,288.3656311035156,0.0002252251579193,0.0006623205263167,0.0085839815437793,8.899520874023438,3.6009979248046875,-7.505996704101562,-1.4916534423828125,-3.3001861572265625,3.0399627685546875
2016-01-15,0,0,290.2320556640625,287.96392822265625,-2.961334228515625,1.3166961669921875,0.0,91615.28125,269.5084533691406,283.49920654296875,287.908203125,0.0002342290390515,0.0006948816590011,0.0077932402491569,10.6732177734375,1.111663818359375,-6.51025390625,-2.40740966796875,0.41180419921875,3.1382293701171875
2016-01-15,6,1,297.78485107421875,285.2784118652344,-1.974365234375,0.7220001220703125,0.0,91806.90625,269.57574462890625,282.80377197265625,288.94775390625,0.0002054242650046,0.0008017057552933,0.0078500024974346,7.80706787109375,2.8482666015625,-2.720062255859375,0.9020233154296876,1.4071044921875,0.5043792724609375
2016-01-15,12,2,299.0584716796875,286.4061279296875,-0.7942352294921875,-0.475982666015625,0.0,91477.046875,270.1710205078125,280.9557189941406,291.6226806640625,0.0002115667884936,0.0013128833379596,0.0078187994658946,10.161270141601562,4.063888549804688,-1.1825408935546875,1.3128509521484375,-0.349945068359375,-1.0719451904296875
2016-01-15,18,3,292.1825866699219,285.3871459960937,-3.4441375732421875,0.801605224609375,0.0,91727.046875,269.8218994140625,284.85369873046875,288.66180419921875,0.0002556163817644,0.0007304926402866,0.0087537690997123,6.6834259033203125,5.72662353515625,-5.4717559814453125,2.1135711669921875,1.2035675048828125,2.993988037109375
2016-01-16,0,0,289.667724609375,287.9283447265625,-1.9000091552734373,0.636749267578125,0.0,91548.0625,269.7908630371094,282.9460754394531,289.0636291503906,0.0002408922446193,0.0008081856649369,0.0082480236887931,10.25689697265625,5.86199951171875,-2.3339385986328125,7.6059112548828125,-1.1466064453125,0.3178558349609375
2016-01-16,6,1,298.76531982421875,286.2162475585937,-0.6161041259765625,0.482391357421875,0.0,91750.109375,270.4537353515625,282.641357421875,289.33984375,0.0002005719288717,0.0008425051346421,0.0088844560086727,11.033218383789062,5.4964599609375,-0.779388427734375,6.54168701171875,-0.8348541259765625,0.3719482421875
2016-01-16,12,2,299.186767578125,286.3621826171875,1.0439605712890625,0.6280975341796875,3.5,91437.0,270.54119873046875,277.66796875,292.3062438964844,0.0001998955704038,0.0062340125441551,0.0082236677408218,11.446121215820312,2.69061279296875,2.2615203857421875,6.8395538330078125,-1.1451416015625,0.8970947265625
2016-01-16,18,3,292.9852905273437,285.51641845703125,-3.561859130859375,1.7846221923828125,8.25,91694.703125,270.8056030273437,278.0746765136719,290.0662841796875,0.000213042309042,0.0047480720095336,0.0089804455637931,7.760818481445312,7.479248046875,-3.615554809570313,5.001632690429688,-1.467620849609375,5.645477294921875
2016-01-17,0,0,290.594482421875,287.305419921875,-1.66888427734375,0.51849365234375,2.25,91572.109375,269.7752990722656,281.5294189453125,288.0830078125,0.0002594664692878,0.0017516354564577,0.0106717497110366,9.38916015625,10.096817016601562,2.6177520751953125,7.283782958984375,0.86297607421875,3.950958251953125
2016-01-17,6,1,298.13800048828125,288.416259765625,0.591156005859375,0.922637939453125,18.375,91736.140625,270.85858154296875,281.3346252441406,289.7389831542969,0.0002315681049367,0.0011235631536692,0.0102291405200958,10.141555786132812,10.69622802734375,1.11492919921875,5.158538818359375,0.74810791015625,0.953887939453125
2016-01-17,12,2,298.4224548339844,287.9418334960937,0.7198944091796875,0.6309051513671875,2.75,91360.5625,271.171142578125,278.258056640625,292.42333984375,0.0002425222482997,0.0057667084038257,0.0088006071746349,10.446380615234377,4.86944580078125,1.7860107421875,4.47625732421875,0.0924224853515625,0.968292236328125
2016-01-17,18,3,293.01434326171875,287.5125427246094,-3.0170135498046875,2.113510131835937,46.5,91618.84375,272.2568664550781,277.8250732421875,288.90380859375,0.000249670818448,0.0069321878254413,0.0104142874479293,6.778564453125,9.992843627929688,-6.51312255859375,5.1559906005859375,-1.0788421630859375,7.84552001953125
2016-01-18,0,0,291.7442321777344,289.0692749023437,-1.3843994140625,0.7794647216796875,0.5,91463.21875,271.55889892578125,279.138671875,289.25177001953125,0.0002441874239593,0.0041738636791706,0.0101713500916957,8.35394287109375,8.2457275390625,1.6903533935546875,7.1712493896484375,1.3043212890625,4.707290649414063
2016-01-18,6,1,298.3294677734375,289.91064453125,-0.8303680419921875,1.3075714111328125,0.0,91657.734375,271.9681396484375,280.025390625,290.0551452636719,0.000331662595272,0.0050614774227142,0.0106526352465152,10.55621337890625,7.458953857421875,-1.0064544677734375,7.647247314453125,2.545318603515625,1.5406036376953125
2016-01-18,12,2,298.23406982421875,289.217041015625,-1.1569366455078125,1.63629150390625,7.625,91382.859375,272.18377685546875,279.8616638183594,291.4223022460937,0.0004685558378696,0.0077316090464591,0.0106115564703941,11.813446044921877,8.975128173828125,-1.449188232421875,6.687713623046875,1.963287353515625,2.1653594970703125
2016-01-18,18,3,293.8946838378906,289.2527770996094,-2.4130859375,2.211456298828125,7.875,91609.3125,272.4380187988281,279.5350341796875,289.3031311035156,0.0005235015414655,0.0082476325333118,0.0109884943813085,11.134368896484377,8.387100219726562,-3.731048583984375,5.806396484375,2.1950836181640625,7.030441284179688
2016-01-19,0,0,292.91131591796875,291.2652282714844,-2.314300537109375,1.85003662109375,1.5,91471.34375,271.3695983886719,280.55938720703125,288.7318115234375,0.0007358330767601,0.0070999376475811,0.0113202109932899,13.45843505859375,7.408523559570312,0.270355224609375,5.697998046875,0.78753662109375,6.6745452880859375
2016-01-19,6,1,296.95465087890625,290.8227844238281,-0.5935821533203125,2.1487274169921875,22.75,91667.421875,273.0843505859375,280.7367553710937,289.3089294433594,0.0008755398448556,0.0076253972947597,0.0120621137320995,13.918548583984377,4.786529541015625,-0.8924713134765625,7.8310394287109375,4.132598876953125,3.134140014648437
2016-01-19,12,2,297.4332580566406,290.5478820800781,-0.837646484375,0.713409423828125,19.5,91419.0625,273.1097412109375,280.92889404296875,290.8909912109375,0.0010429136455059,0.0078311786055564,0.0117648392915725,13.96185302734375,6.496337890625,-1.3494720458984375,8.231475830078125,4.9600830078125,1.5794219970703125
2016-01-19,18,3,294.87115478515625,290.11297607421875,-1.80596923828125,0.8300933837890625,0.0,91684.796875,272.27447509765625,281.0977478027344,290.1119384765625,0.001532849157229,0.0079156942665576,0.0119628459215164,13.307418823242188,6.3277435302734375,-1.7477874755859375,8.576950073242188,4.59686279296875,4.1244049072265625
2016-01-20,0,0,293.91619873046875,291.34149169921875,-2.0775299072265625,1.367034912109375,40.75,91577.140625,268.45880126953125,281.57550048828125,289.1124267578125,0.0024388667661696,0.0082814209163188,0.0120682585984468,12.1533203125,3.58721923828125,0.318084716796875,10.326126098632812,1.9311065673828125,5.2063751220703125
2016-01-20,6,1,296.6097412109375,292.3358764648437,-1.298980712890625,1.5866241455078125,0.5,91832.75,268.68243408203125,280.9506225585937,289.791748046875,0.0021019324194639,0.0089223347604274,0.0115592405200004,9.305755615234377,3.299423217773437,0.8105621337890625,10.885055541992188,1.6592864990234375,3.2140655517578125
2016-01-20,12,2,297.8338623046875,292.09295654296875,-0.11688232421875,0.6445770263671875,28.125,91523.125,272.30535888671875,281.3358154296875,289.9559326171875,0.0013311384245753,0.0092484317719936,0.0128374584019184,13.077377319335938,5.113449096679688,0.6979217529296875,8.605300903320312,-1.0879974365234375,0.6174468994140625
2016-01-20,18,3,293.66534423828125,291.20721435546875,-1.3595733642578125,-0.1998138427734375,16.375,91793.359375,272.9910583496094,281.662109375,289.41375732421875,0.0003527821972966,0.0077118128538131,0.0128098204731941,13.365142822265623,5.9470062255859375,-1.04827880859375,7.3943023681640625,-2.400604248046875,-0.2135009765625
2016-01-21,0,0,293.55828857421875,291.76300048828125,-1.3408355712890625,0.69268798828125,68.625,91715.46875,270.91766357421875,280.67987060546875,288.9232788085937,0.0001376026484649,0.0077849552035331,0.0128168929368257,10.932174682617188,4.9704437255859375,1.0506744384765625,2.918365478515625,1.049072265625,1.9699859619140625
2016-01-21,6,1,298.1763610839844,292.8674011230469,-0.619842529296875,0.9009857177734376,123.25,91953.0,270.74298095703125,280.6686706542969,289.6779479980469,9.735747880768032e-05,0.008151639252901,0.0127009265124797,8.943695068359375,3.61578369140625,-0.7656707763671875,-0.75213623046875,4.261978149414063,0.380218505859375
2016-01-21,12,2,299.3573303222656,291.65484619140625,-1.559600830078125,-0.932586669921875,30.375,91544.390625,271.00537109375,282.07769775390625,291.387939453125,9.9569748272188e-05,0.0068119429051876,0.0124448724091053,8.290740966796875,6.40960693359375,-1.321044921875,-0.7568206787109375,2.376083374023437,-0.7888641357421875
2016-01-21,18,3,293.92340087890625,291.7665405273437,-2.2169647216796875,-0.35150146484375,4.625,91828.828125,271.2268371582031,281.3793029785156,289.2017822265625,0.000112468842417,0.0076739117503166,0.0129097327589988,7.1317291259765625,3.985763549804688,-4.03240966796875,0.0116729736328125,1.4148406982421875,0.7602386474609375
2016-01-22,0,0,293.4035949707031,290.91314697265625,-2.7176055908203125,0.6588287353515625,7.0,91684.5625,270.174072265625,281.13299560546875,289.755859375,0.0001270384818781,0.006067294627428,0.0121385194361209,5.002716064453125,6.630294799804688,-4.9667816162109375,-1.6649627685546875,4.645034790039063,0.5946044921875
2016-01-22,6,1,297.3310241699219,290.69268798828125,-2.8852081298828125,0.914825439453125,3.0,91976.421875,269.79327392578125,281.78790283203125,290.30487060546875,0.0001408631651429,0.0048954300582408,0.0118938796222209,4.862396240234375,5.501373291015625,-3.8347320556640634,-1.1419525146484375,3.9355316162109375,1.2276153564453125
2016-01-22,12,2,299.53045654296875,289.755126953125,-2.728424072265625,0.3359832763671875,0.0,91626.65625,269.9769287109375,281.6138916015625,291.9231872558594,0.0001624887372599,0.0070591010153293,0.0116407759487628,5.4657745361328125,3.76287841796875,-5.060317993164063,1.445068359375,1.45587158203125,1.4311065673828125
2016-01-22,18,3,294.2191162109375,291.8564758300781,-3.2542877197265625,0.7024383544921875,18.0,91923.578125,270.2177124023437,281.0596618652344,288.8896484375,0.0001754377590259,0.0072914101183414,0.012520495802164,6.540740966796875,1.5689849853515625,-7.338027954101562,2.4407501220703125,2.455078125,1.8768310546875
2016-01-23,0,0,293.25341796875,291.1649780273437,-3.0420684814453125,-0.2536468505859375,5.75,91779.265625,270.2476806640625,280.4315490722656,288.66070556640625,0.0001947347918758,0.007356259971857,0.0119492933154106,8.060943603515625,3.688873291015625,-5.609710693359375,2.275421142578125,4.8959503173828125,1.3889312744140625
2016-01-23,6,1,297.9271545410156,290.3715209960937,-3.66326904296875,1.0831451416015625,4.5,92025.8125,269.8832397460937,281.8853759765625,290.5650634765625,0.0002155744587071,0.0058093462139368,0.0110319815576076,9.153594970703123,3.8521728515625,-5.777984619140625,3.9755706787109375,5.63372802734375,1.8325653076171875
2016-01-23,12,2,298.91680908203125,290.635009765625,-2.23223876953125,0.7080230712890625,0.0,91743.46875,269.38555908203125,282.357421875,291.74676513671875,0.0002384285762673,0.005058292299509,0.01132657751441,12.082107543945312,3.79876708984375,-3.62689208984375,3.4782867431640625,4.388595581054688,1.15283203125
2016-01-23,18,3,293.6471862792969,291.711181640625,-3.664215087890625,0.1888275146484375,0.0,92012.515625,269.4261474609375,281.52508544921875,290.45135498046875,0.0001616577937966,0.0058070942759513,0.0113075003027915,12.26470947265625,4.7652740478515625,-5.0116119384765625,0.9903106689453124,4.5850982666015625,0.334991455078125
2016-01-24,0,0,293.1220092773437,290.8446655273437,-2.8830108642578125,0.10491943359375,10.875,91836.21875,267.803955078125,282.4002685546875,290.4515380859375,0.0002584557514637,0.0047687739133834,0.0102467574179172,10.73162841796875,6.319183349609375,-5.282135009765625,-1.8102874755859373,5.2658538818359375,2.647918701171875
2016-01-24,6,1,298.5468139648437,290.3070068359375,-3.0094451904296875,1.206817626953125,3.875,92079.625,268.4340209960937,282.5286865234375,290.40728759765625,0.0002763371448963,0.0047418624162673,0.0113713853061199,7.9003448486328125,7.6601104736328125,-4.1947784423828125,-7.387039184570312,4.961395263671875,1.7089996337890625
2016-01-24,12,2,298.88922119140625,291.2538146972656,-1.1668548583984375,0.67333984375,12.25,91761.578125,268.7686462402344,280.6819763183594,291.779296875,0.0003436901606619,0.0068472307175397,0.0117274709045887,7.370697021484375,3.56134033203125,-1.550872802734375,-10.077072143554688,1.65753173828125,0.970001220703125
2016-01-24,18,3,293.3506774902344,291.83758544921875,-3.163970947265625,0.8818511962890625,6.5,91983.859375,268.9957580566406,281.22479248046875,290.5040283203125,0.0004213363863527,0.0053629502654075,0.0124811343848705,8.179229736328125,9.036102294921877,-3.3944091796875,-8.925888061523438,1.3834991455078125,1.650787353515625
2016-01-25,0,0,294.1162109375,291.4837951660156,-2.31768798828125,0.8267059326171875,10.0,91769.4375,268.5361328125,282.4121398925781,289.6873779296875,0.0004777291323989,0.003554533002898,0.0116311535239219,7.0797119140625,11.351760864257812,-0.4710235595703125,-7.823150634765625,1.1874237060546875,2.0460357666015625
2016-01-25,6,1,299.34918212890625,291.03570556640625,-1.062774658203125,0.4012908935546875,0.5,91943.3125,268.65692138671875,282.99676513671875,290.4311218261719,0.0004934219177812,0.0027158698067069,0.0121716000139713,6.9085693359375,9.121597290039062,-1.5634002685546875,-10.386734008789062,-0.7569580078125,0.1032562255859375
2016-01-25,12,2,301.2401123046875,290.61480712890625,-0.5364532470703125,0.7670745849609375,17.25,91584.71875,269.4779052734375,280.2703857421875,293.0332336425781,0.0004675951786339,0.0068445913493633,0.0111641064286232,3.256072998046875,1.4493255615234375,0.1100616455078125,-15.256179809570312,-2.7704010009765625,0.6622772216796875
2016-01-25,18,3,294.96295166015625,291.08282470703125,-3.174041748046875,1.641845703125,21.125,91833.40625,269.5853881835937,280.15740966796875,290.7633972167969,0.0004116720519959,0.004746738821268,0.0118174571543931,-3.4263153076171875,6.873077392578125,-2.819931030273437,-17.184844970703125,-5.167938232421875,4.487228393554688
2016-01-26,0,0,293.2250061035156,291.4277648925781,-2.020248413085937,1.6532745361328125,3.5,91697.078125,269.3748474121094,282.5986328125,290.5162353515625,0.0004100722726434,0.0020379999186843,0.0113039650022983,1.360595703125,1.760162353515625,0.594451904296875,-16.2843017578125,-4.3978118896484375,3.2984619140625
2016-01-26,6,1,299.4156494140625,291.3294677734375,-0.8260345458984375,0.8928680419921875,2.875,91878.328125,269.506591796875,282.84552001953125,290.967041015625,0.0003996435552835,0.001888619037345,0.0121680162847042,-0.3314361572265625,0.137908935546875,-1.1434478759765625,-13.870346069335938,-2.881591796875,0.801177978515625
2016-01-26,12,2,301.4313659667969,290.6576232910156,-0.472991943359375,0.2045135498046875,25.0,91575.421875,268.6053466796875,280.2211608886719,293.8600769042969,0.0004177959635853,0.0066936798393726,0.0108602866530418,-0.701812744140625,0.0698699951171875,-0.4119873046875,-12.567718505859377,-2.7960357666015625,-0.2948760986328125
2016-01-26,18,3,294.2935485839844,289.6070861816406,-3.266754150390625,1.4780731201171875,0.0,91847.6875,268.0898742675781,284.53350830078125,290.70709228515625,0.0004234606749378,0.0015784499701112,0.011769276112318,-2.549224853515625,-2.853851318359375,-3.5143280029296875,-13.155258178710938,-4.8828887939453125,4.5270843505859375
2016-01-27,0,0,293.6469116210937,291.19970703125,-1.801483154296875,1.3859405517578125,4.375,91693.875,267.4652709960937,283.5739440917969,289.9869689941406,0.0003621964715421,0.0012696231715381,0.0121395736932754,-2.5493927001953125,-4.341949462890625,2.0084991455078125,-12.103775024414062,-4.2574615478515625,4.624176025390625
2016-01-27,6,1,300.0469970703125,291.162109375,0.0438079833984375,0.4593963623046875,24.125,91908.59375,266.9372863769531,285.35284423828125,291.4051513671875,0.0003523235791362,0.0009648217819631,0.0121314749121665,-4.992843627929688,-3.258453369140625,-0.067840576171875,-9.729751586914062,-1.4674835205078125,0.1333770751953125
2016-01-27,12,2,301.70751953125,290.2308959960937,-0.8296356201171875,-0.6353759765625,5.125,91548.703125,267.2423095703125,283.77734375,294.5619506835937,0.0003300718963146,0.0027791529428213,0.0102111920714378,-4.7885589599609375,-0.7825775146484375,-1.7339935302734375,-8.124481201171875,-3.5810699462890625,-1.715576171875
2016-01-27,18,3,295.3454895019531,289.72625732421875,-3.15093994140625,0.9278717041015624,0.0,91830.859375,267.9945068359375,286.21954345703125,291.25079345703125,0.0002917039673775,0.0004979469813406,0.0110960714519023,-4.9700775146484375,-5.032135009765625,-5.414596557617188,-7.27447509765625,-6.3768463134765625,1.6515045166015625
2016-01-28,0,0,292.2181396484375,290.0660400390625,-1.9592437744140625,0.7469482421875,0.0,91708.375,267.25469970703125,285.086669921875,291.0990600585937,0.0003192035946995,0.0005597067065536,0.0101901292800903,-3.6617584228515625,-5.615020751953125,-3.0625457763671875,-7.57720947265625,-5.677825927734375,-2.4715118408203125
2016-01-28,6,1,300.773681640625,288.1902770996094,-2.2890167236328125,-1.2783966064453125,0.0,91932.78125,266.8150634765625,285.2257080078125,292.1547241210937,0.0004110056906938,0.0006876469124108,0.0098383426666259,-4.895431518554688,-6.6624755859375,-3.573974609375,-6.9731292724609375,-7.577011108398437,-2.6737823486328125
2016-01-28,12,2,301.9796142578125,287.9239196777344,-1.5353546142578125,-0.3534698486328125,0.0,91595.84375,266.60906982421875,284.0315856933594,295.01251220703125,0.000432739732787,0.0010242958087474,0.0082614347338676,-5.713287353515625,-5.64263916015625,-3.16046142578125,-7.6868133544921875,-9.080078125,-1.2268218994140625
2016-01-28,18,3,294.1005554199219,287.136474609375,-2.265228271484375,0.4055633544921875,0.0,91888.6875,267.23956298828125,285.06744384765625,292.6751708984375,0.0003515861462801,0.0011666342616081,0.0095413513481616,-5.19122314453125,-8.633407592773438,-3.44085693359375,-6.915817260742188,-9.664306640625,-0.5170745849609375
2016-01-29,0,0,292.592041015625,289.9305419921875,-1.744293212890625,0.16351318359375,0.0,91772.828125,267.57672119140625,285.1643981933594,292.1029663085937,0.0002506471937522,0.0008419302757829,0.0087322369217872,-5.342208862304688,-10.663818359375,-1.670989990234375,-5.384979248046875,-8.21453857421875,-3.841552734375
2016-01-29,6,1,301.1205444335937,288.81640625,-2.9122772216796875,-0.253570556640625,0.0,92011.703125,267.6861267089844,285.29107666015625,292.16326904296875,0.0002296917955391,0.0008131006034091,0.0100342445075511,-5.3939971923828125,-13.0018310546875,-4.494537353515625,-3.1460113525390625,-7.225433349609375,-1.0967254638671875
2016-01-29,12,2,301.3311767578125,288.6728515625,-2.7211151123046875,-0.8238677978515625,0.0,91680.546875,268.0702209472656,284.42059326171875,294.0687255859375,0.0002431240864098,0.0011478529777377,0.0093412175774574,-3.585174560546875,-11.134124755859377,-4.7921142578125,-1.964599609375,-5.217681884765625,-2.020248413085937
2016-01-29,18,3,294.4521484375,287.20220947265625,-3.16802978515625,-0.1650238037109375,0.0,91991.53125,267.9175720214844,285.2610168457031,291.4390869140625,0.0002731557469815,0.0007856148295104,0.0093756504356861,-4.962570190429688,-13.7723388671875,-4.6284027099609375,-3.22967529296875,-3.822540283203125,-2.7907257080078125
2016-01-30,0,0,291.9659423828125,288.5426025390625,-1.975189208984375,-0.394256591796875,0.0,91784.625,267.51611328125,286.165283203125,291.2720947265625,0.0002700742334127,0.000718483235687,0.0044543743133544,-3.13372802734375,-12.614501953125,-7.564376831054687,-3.2576141357421875,-4.3434906005859375,-4.4564208984375
2016-01-30,6,1,300.175048828125,285.0599975585937,-4.839202880859375,-0.465484619140625,0.0,91995.859375,268.01495361328125,285.41363525390625,291.13897705078125,0.0002734381705522,0.0007640563417226,0.0079645290970802,-3.043853759765625,-11.88714599609375,-8.125076293945312,-4.64910888671875,-4.796798706054688,-0.902099609375
2016-01-30,12,2,301.0172119140625,286.1194763183594,-3.0814971923828125,0.084625244140625,0.0,91694.09375,267.0058898925781,283.726806640625,293.8328552246094,0.0003018912684638,0.0010313349775969,0.0081333555281162,-6.2333831787109375,-10.679763793945312,-6.211685180664063,-5.32769775390625,-5.254608154296875,-0.0696868896484375
2016-01-30,18,3,293.4166259765625,285.609375,-2.495452880859375,-0.611297607421875,0.0,91930.90625,267.44024658203125,284.4302062988281,291.9910888671875,0.0002773196902126,0.0008083968423306,0.0064365454018116,-8.645721435546875,-11.39111328125,-5.736785888671875,-3.5282440185546875,-5.8400726318359375,-2.9111785888671875
2016-01-31,0,0,291.7940673828125,288.40313720703125,-2.0342559814453125,-0.536834716796875,0.0,91750.953125,267.7540588378906,284.72100830078125,292.0566101074219,0.0002842349931597,0.0005857469514012,0.0032802699133753,-7.38165283203125,-10.115325927734377,-8.17913818359375,-1.640106201171875,-6.2362823486328125,-0.4000701904296875
2016-01-31,6,1,301.5045166015625,282.4426574707031,-3.875,-0.1980438232421875,0.0,91954.3125,269.2639465332031,284.5982666015625,292.324462890625,0.0002239973400719,0.0006031582597643,0.005598209798336,-6.0843353271484375,-12.588394165039062,-7.020751953125,1.0637054443359375,-6.7484893798828125,-0.33612060546875
2016-01-31,12,2,300.9695129394531,281.7373962402344,-3.1805419921875,0.199920654296875,0.0,91721.984375,269.63153076171875,282.6731262207031,294.35113525390625,0.0001965190313057,0.0007819330785423,0.0049794316291809,-5.57171630859375,-11.411651611328123,-7.418777465820312,-0.77947998046875,-4.657684326171875,0.3215789794921875
2016-01-31,18,3,292.5528564453125,281.25396728515625,-2.439453125,-0.482147216796875,0.0,91888.53125,270.39410400390625,284.7737731933594,293.4867553710937,0.0001922224910231,0.0006920523010194,0.002193663502112,-5.5619049072265625,-12.028152465820312,-8.061447143554688,2.268661499023437,-4.553741455078125,0.617279052734375
2016-02-01,0,0,289.548828125,286.2538452148437,-1.8250274658203125,-0.9659271240234376,0.0,91725.546875,270.94091796875,282.94830322265625,292.6991271972656,0.0001704115566099,0.0008600712753832,0.0019690673798322,-5.213592529296875,-11.853408813476562,-9.350738525390623,0.60040283203125,-2.227508544921875,-0.280609130859375
2016-02-01,6,1,301.4007568359375,279.3315734863281,-3.80078125,-0.4866790771484375,0.0,91967.828125,271.3936767578125,282.7084045410156,292.72802734375,0.0001559682568768,0.0011252865660935,0.0035604855511337,-7.222991943359375,-12.392868041992188,-6.64208984375,-0.2822265625,-0.84942626953125,-1.0142059326171875
2016-02-01,12,2,301.6373291015625,279.8567810058594,-2.4009552001953125,0.014801025390625,0.0,91667.171875,271.0916442871094,282.83447265625,295.03076171875,0.0001512777380412,0.0013327018823474,0.0039584003388881,-8.088150024414062,-8.634124755859375,-6.203704833984375,-0.761505126953125,-0.1114654541015625,-0.4941558837890625
2016-02-01,18,3,292.75341796875,281.38287353515625,-2.553085327148437,0.0850677490234375,0.0,91987.53125,270.66455078125,283.3051452636719,292.7265625,0.0001618138921912,0.000970495166257,0.0045245625078678,-7.63543701171875,-10.379531860351562,-4.944869995117188,2.440643310546875,-0.941192626953125,-1.606353759765625
2016-02-02,0,0,290.505615234375,286.7363586425781,-2.453964233398437,-0.2978973388671875,0.0,91812.109375,270.929931640625,282.59423828125,293.0975341796875,0.0001799294841475,0.0008423407562077,0.0019929122645407,-4.444244384765625,-10.345901489257812,-6.669723510742188,3.0211944580078125,-0.0653228759765625,-1.5539398193359375
2016-02-02,6,1,301.344970703125,280.8192443847656,-3.4636688232421875,-0.4163970947265625,0.0,92024.046875,270.5302734375,283.7764892578125,293.185791015625,0.0001749307120917,0.0005032659973949,0.0039715506136417,-5.594650268554688,-10.469955444335938,-6.2284088134765625,0.997955322265625,-1.5809173583984375,-1.7672271728515625
2016-02-02,12,2,302.3715209960937,281.1359558105469,-2.202911376953125,-0.0587158203125,0.0,91664.4375,269.92340087890625,283.9514465332031,295.530517578125,0.00017492378538,0.0005396334454417,0.0039485469460487,-5.3079833984375,-7.244796752929687,-5.50421142578125,-3.1693572998046875,-2.408798217773437,-0.8940887451171875
2016-02-02,18,3,293.75701904296875,279.617919921875,-2.6432647705078125,0.3293914794921875,0.0,91926.609375,270.28204345703125,284.3287353515625,293.31622314453125,0.0001418852625647,0.0005596086848527,0.0046558938920497,-5.223052978515625,-7.397064208984375,-5.592086791992188,-5.021163940429688,-3.9904632568359375,-2.139434814453125
2016-02-03,0,0,290.313720703125,284.8172302246094,-2.5595703125,0.11334228515625,0.0,91711.671875,270.20947265625,284.22198486328125,292.5606689453125,0.0001465576060581,0.0004804716445505,0.0032520508393645,-3.6337890625,-5.2733001708984375,-6.306365966796875,-7.87799072265625,-5.4678802490234375,-3.2128448486328125
2016-02-03,6,1,300.8002319335937,282.5350341796875,-2.970977783203125,-0.1244964599609375,0.0,91934.203125,270.0837707519531,283.3872375488281,292.88720703125,0.0001861251221271,0.0004630114417523,0.0055954679846763,-7.8271484375,-4.7766876220703125,-5.17279052734375,-7.47235107421875,-5.777740478515625,-1.170196533203125
2016-02-03,12,2,301.62890625,285.575439453125,-2.30889892578125,-0.67535400390625,0.0,91593.328125,270.45867919921875,281.3318176269531,295.157470703125,0.0001944701652973,0.0026840677019208,0.0062776431441307,-10.900970458984377,-2.811752319335937,-5.1333770751953125,-5.6593780517578125,-8.11077880859375,-2.6034393310546875
2016-02-03,18,3,294.67071533203125,285.54058837890625,-2.569686889648437,1.117279052734375,0.0,91889.125,270.76959228515625,282.48291015625,292.36090087890625,0.0002198664587922,0.0009191485587507,0.0074498765170574,-12.811691284179688,-4.940643310546875,-6.6720123291015625,-3.412826538085937,-11.149978637695312,-0.335205078125
2016-02-04,0,0,292.158935546875,287.81561279296875,-1.9413604736328125,0.832183837890625,0.0,91731.5,270.40728759765625,280.01190185546875,291.8562316894531,0.0002494208165444,0.0031371805816888,0.0058681555092334,-12.839431762695312,-6.01824951171875,-6.432281494140625,-0.3798828125,-8.322036743164062,0.993255615234375
2016-02-04,6,1,301.1679992675781,283.6572265625,-3.54296875,0.0085296630859375,0.0,91902.0,270.2908935546875,283.2098083496094,292.43804931640625,0.0002569430507719,0.0008054443169385,0.0060813352465629,-13.136123657226562,-9.525588989257812,-5.515151977539063,2.279937744140625,-6.7967071533203125,-0.884063720703125
2016-02-04,12,2,301.6879272460937,282.4561767578125,-3.1790771484375,-0.1342926025390625,0.0,91558.65625,270.6717529296875,279.9732360839844,294.5204467773437,0.0001869788393378,0.0031751769129186,0.0055719520896673,-12.935134887695312,-5.8955841064453125,-6.447662353515625,1.33074951171875,-4.530914306640625,-0.7550506591796875
2016-02-04,18,3,294.76324462890625,283.8388671875,-3.190948486328125,1.198150634765625,0.0,91856.0625,270.1639709472656,283.8378295898437,291.55694580078125,0.000134875124786,0.0003997110761702,0.0066965408623218,-13.588821411132812,-8.126251220703125,-6.82806396484375,3.888107299804688,-1.8078155517578125,1.407318115234375
2016-02-05,0,0,291.08172607421875,286.80615234375,-2.17919921875,1.2295684814453125,0.0,91676.5625,270.7704467773437,284.79345703125,290.29119873046875,0.0001284164754906,0.000338454497978,0.004580121487379,-11.42803955078125,-8.437744140625,-6.09765625,5.084716796875,0.8672637939453125,-0.182769775390625
2016-02-05,6,1,300.22686767578125,282.9460144042969,-2.3101806640625,1.3250732421875,0.0,91935.25,270.298095703125,283.28399658203125,290.62994384765625,0.0003761411644518,0.000282865948975,0.0064474418759346,-12.134185791015623,-5.0385589599609375,-3.4116668701171875,5.981216430664063,3.613250732421875,1.2226409912109375
2016-02-05,12,2,300.63458251953125,281.4464111328125,-1.7767333984375,0.4672088623046875,0.0,91537.578125,269.951416015625,283.27197265625,293.3271484375,0.0010682444553822,0.0002971990033984,0.0060109719634056,-10.263412475585938,0.25311279296875,-2.4549713134765625,8.561370849609375,3.870880126953125,0.369293212890625
2016-02-05,18,3,293.7760009765625,284.3932800292969,-3.269760131835937,1.3773345947265625,0.0,91761.296875,270.71343994140625,283.9303894042969,290.8861389160156,0.0014210219960659,0.0022792322561144,0.0074696503579616,-8.45379638671875,0.1212310791015625,-5.938934326171875,10.33306884765625,4.550338745117188,3.332015991210937
2016-02-06,0,0,290.5490417480469,288.2710876464844,-2.558578491210937,1.4326934814453125,0.0,91516.140625,270.70526123046875,284.50592041015625,290.3495483398437,0.0019410839304327,0.0024042192380875,0.0071392469108104,-3.7428131103515625,-0.00921630859375,-3.883499145507813,11.172012329101562,4.706878662109375,2.6981658935546875
2016-02-06,6,1,299.94244384765625,286.02655029296875,-1.2555999755859375,1.2918548583984375,0.0,91752.03125,270.42291259765625,285.04071044921875,290.6884460449219,0.0021937196142971,0.0025765793398022,0.0081395730376243,-4.214157104492188,0.654937744140625,-1.757843017578125,10.780960083007812,5.9784088134765625,1.422515869140625
2016-02-06,12,2,302.0107421875,286.76336669921875,-1.0093536376953125,1.0747222900390625,0.0,91421.953125,269.97320556640625,282.00152587890625,294.5123291015625,0.0022511519491672,0.0046760998666286,0.0082347691059112,-3.602569580078125,1.7772674560546875,-1.22808837890625,9.14581298828125,2.5966796875,1.180145263671875
2016-02-06,18,3,295.2406005859375,289.1728820800781,-2.865325927734375,2.531219482421875,0.0,91730.875,268.05279541015625,285.6235656738281,291.17266845703125,0.0028989736456424,0.0026960053946822,0.0099126510322093,-1.7526397705078125,2.311859130859375,-3.1149139404296875,5.846954345703125,3.05224609375,7.933349609375
2016-02-07,0,0,292.6148681640625,290.71099853515625,-1.230743408203125,1.1253662109375,0.0,91644.328125,267.8652038574219,283.730712890625,290.0653381347656,0.0035076728090643,0.0042786262929439,0.0097222626209259,1.7003173828125,2.7801666259765625,2.6499786376953125,5.828781127929688,3.527450561523437,5.3756866455078125
2016-02-07,6,1,299.689697265625,288.96295166015625,0.915802001953125,0.9515380859375,0.0,91916.609375,269.1172790527344,283.61572265625,291.0548095703125,0.0025778268463909,0.0050256364047527,0.0108816176652908,1.714111328125,2.235931396484375,0.96923828125,3.759765625,1.54205322265625,1.10504150390625
2016-02-07,12,2,302.4129638671875,288.47833251953125,0.46734619140625,-1.2345428466796875,3.75,91597.84375,268.47479248046875,280.32452392578125,295.0378112792969,0.0030026810709387,0.0079631954431533,0.009745068848133,1.0986328125,-0.3073577880859375,0.6407470703125,-0.5368194580078125,-1.454498291015625,-1.99041748046875
2016-02-07,18,3,296.4814453125,288.6868896484375,-3.4217681884765625,0.963714599609375,0.0,91843.890625,267.86346435546875,285.22955322265625,292.1211242675781,0.0027262119110673,0.0044666631147265,0.0112550258636474,0.2867584228515625,3.786346435546875,-5.658905029296875,-2.7677001953125,-1.5550994873046875,3.8915863037109375
2016-02-08,0,0,294.212646484375,292.0240478515625,-2.525543212890625,1.5515594482421875,0.0,91647.234375,267.7440795898437,284.70953369140625,292.06024169921875,0.0025024076458066,0.004291795194149,0.0107534900307655,0.9671630859375,0.310638427734375,-2.2845001220703125,-4.4267578125,-2.3047332763671875,2.2877197265625
2016-02-08,6,1,300.5491943359375,290.8733825683594,-2.1219024658203125,0.5338134765625,0.0,91809.171875,268.0037841796875,285.0694274902344,291.95068359375,0.0020977708045393,0.0041048415005207,0.0118070691823959,0.5779266357421875,2.23736572265625,-3.3127899169921875,-3.492050170898437,-0.797088623046875,0.131378173828125
2016-02-08,12,2,302.4356689453125,289.5213928222656,-1.8016357421875,-0.7108917236328125,5.5,91474.515625,268.89794921875,280.4837951660156,295.505615234375,0.0009862754959613,0.0083509199321269,0.0097611993551254,1.433013916015625,-0.631103515625,-2.3480224609375,-4.1490478515625,-0.7196044921875,-1.256378173828125
2016-02-08,18,3,296.00506591796875,288.056640625,-3.58380126953125,1.2902679443359375,0.0,91803.953125,268.45391845703125,285.234619140625,291.8255920410156,0.0002374084142502,0.0051262415945529,0.0104952678084373,-1.02935791015625,0.5976104736328125,-5.52020263671875,-5.187759399414063,-2.670074462890625,4.482147216796875
2016-02-09,0,0,293.25518798828125,290.5797119140625,-1.7099609375,0.4089202880859375,0.0,91670.5,269.3257141113281,283.5923156738281,292.2015686035156,7.395626744255424e-05,0.0044597126543521,0.0088399499654769,-1.264892578125,0.43206787109375,-4.53851318359375,-3.56463623046875,-1.49566650390625,0.506683349609375
2016-02-09,6,1,301.21466064453125,287.1859741210937,-2.7148590087890625,0.4759063720703125,0.0,91882.296875,269.5540466308594,284.2603759765625,292.3897705078125,9.139097528532147e-05,0.0041351728141307,0.0083756074309349,-3.289886474609375,2.3850860595703125,-4.2388763427734375,-4.22979736328125,-1.0843048095703125,0.185943603515625
2016-02-09,12,2,302.87091064453125,288.33660888671875,-1.7900848388671875,-0.0569915771484375,0.0,91497.671875,269.974609375,280.1541442871094,295.64703369140625,9.514958946965636e-05,0.0077417828142642,0.008381500840187,-2.57818603515625,-0.55419921875,-2.5064849853515625,-5.419769287109375,-2.8660888671875,-0.534881591796875
2016-02-09,18,3,295.9791259765625,285.93280029296875,-3.459335327148437,1.076171875,0.0,91730.8125,269.58917236328125,284.6933288574219,291.8677673339844,0.0001074624306056,0.0017688211519271,0.0090174302458763,-2.238998413085937,3.61431884765625,-6.276763916015625,-3.235504150390625,-3.351913452148437,4.5135345458984375
2016-02-10,0,0,293.5795288085937,289.9210205078125,-1.5330047607421875,1.117919921875,0.0,91668.375,269.6820068359375,283.3816833496094,291.3431091308594,0.0001123532711062,0.0021493115928024,0.0094205029308795,-1.85418701171875,4.0552520751953125,-2.7943115234375,-5.414962768554688,-3.261077880859375,4.8194122314453125
2016-02-10,6,1,301.1296691894531,288.03399658203125,-0.8770599365234375,1.512664794921875,0.0,91820.75,270.31524658203125,283.8485107421875,292.43145751953125,0.0001180679391836,0.0013008513487875,0.009557019919157,-2.7398681640625,5.190155029296875,-1.17352294921875,-4.71923828125,-0.6111907958984375,1.87640380859375
2016-02-10,12,2,303.1690368652344,288.1410522460937,-0.5730743408203125,-0.3010101318359375,0.0,91474.6875,270.0110168457031,280.4727478027344,295.7811889648437,0.0001166074362117,0.0071338489651679,0.0086234658956527,-1.57647705078125,2.067291259765625,-0.578155517578125,-6.98565673828125,-1.8773651123046875,-0.7352142333984375
2016-02-10,18,3,296.3393249511719,286.96978759765625,-3.742523193359375,2.1200714111328125,0.0,91695.15625,270.53533935546875,280.17974853515625,291.9900207519531,0.0001279363350477,0.0061213411390781,0.0093347318470478,-0.283294677734375,8.090957641601562,-5.67291259765625,-4.068695068359375,-2.6690826416015625,6.4717864990234375
2016-02-11,0,0,294.3798217773437,285.4136962890625,-1.1175384521484375,1.7995758056640625,4.375,91575.0625,271.38543701171875,279.7228698730469,290.956787109375,0.0001463709049858,0.0054328413680195,0.0100920125842094,0.636871337890625,1.470611572265625,0.7849578857421875,-6.8231201171875,-3.6902008056640634,7.61236572265625
2016-02-11,6,1,301.32861328125,287.16064453125,0.928314208984375,2.181869506835937,0.0,91735.0625,270.82537841796875,282.219970703125,292.56610107421875,0.0001426028175046,0.0019333879463374,0.0101081579923629,-3.673431396484375,3.027099609375,1.303009033203125,-7.2686767578125,-0.586883544921875,2.78790283203125
2016-02-11,12,2,303.2326965332031,287.6280212402344,1.1468353271484375,0.298095703125,3.125,91427.734375,270.69256591796875,280.4049072265625,296.0389404296875,0.0001860027841757,0.0070086792111396,0.0086395442485809,-5.081817626953125,0.846343994140625,1.856658935546875,-4.8872833251953125,-0.669403076171875,0.06024169921875
2016-02-11,18,3,297.3997802734375,287.4759521484375,-2.4998779296875,2.551986694335937,43.375,91665.21875,270.78375244140625,279.6408386230469,292.897705078125,0.0002056460216408,0.0078923068940639,0.0097549185156822,-3.641357421875,4.39764404296875,-1.80072021484375,-1.72711181640625,-4.04534912109375,8.104461669921875
2016-02-12,0,0,294.71148681640625,287.4017333984375,-1.2969512939453125,1.55615234375,5.125,91607.453125,270.18328857421875,280.4453125,290.97430419921875,0.0002345261600567,0.0065454728901386,0.0101176379248499,-4.3416900634765625,0.0142059326171875,2.7273406982421875,0.87481689453125,-1.3657379150390625,5.915451049804688
2016-02-12,6,1,301.4169921875,288.4159545898437,0.0481109619140625,1.64776611328125,12.125,91764.828125,270.3536376953125,280.48394775390625,292.6505126953125,0.0002421346289338,0.0058041885495185,0.0107808299362659,-4.67486572265625,0.7146453857421875,0.080230712890625,0.5988006591796875,0.60504150390625,2.049407958984375
2016-02-12,12,2,302.9390869140625,289.0975341796875,-0.7162628173828125,0.8951568603515625,6.875,91431.859375,270.4642333984375,280.686279296875,295.6631164550781,0.0002381286612944,0.0069767273962497,0.0092502795159816,-4.688156127929688,0.130462646484375,-0.62615966796875,0.6089935302734375,-0.06756591796875,1.267578125
2016-02-12,18,3,295.9867553710937,286.50836181640625,-2.71942138671875,1.753875732421875,0.0,91656.09375,269.8500671386719,282.76959228515625,293.1358337402344,0.000238603723119,0.0030451864004135,0.0086451657116413,-3.93701171875,3.144256591796875,-4.337554931640625,2.7060699462890625,-4.03546142578125,6.6608734130859375
2016-02-13,0,0,293.764892578125,288.53009033203125,-1.2403564453125,1.2213287353515625,0.0,91598.625,270.05328369140625,280.2738647460937,292.10968017578125,0.0002304500812897,0.0041261906735599,0.0084834657609462,-3.984649658203125,-2.0967254638671875,-1.25799560546875,4.618331909179688,-3.609817504882813,5.844894409179688
2016-02-13,6,1,300.53192138671875,287.6911926269531,-0.473846435546875,2.082626342773437,2.625,91816.65625,270.0291748046875,280.7882080078125,292.1251220703125,0.000190102335182,0.0038710797671228,0.009646151214838,-4.867523193359375,-2.5977020263671875,-1.0074462890625,5.591644287109375,0.5455474853515625,2.8962554931640625
2016-02-13,12,2,302.37457275390625,287.95147705078125,-1.2320098876953125,0.4128265380859375,0.0,91454.03125,270.1925048828125,279.4873046875,295.509765625,0.0002223671035608,0.0078689511865377,0.008380189538002,-5.6274261474609375,-4.007232666015625,-2.2462615966796875,6.3385772705078125,-0.9560699462890624,0.33624267578125
2016-02-13,18,3,296.2197265625,287.8285217285156,-3.6022491455078125,1.2732086181640625,0.375,91722.8125,269.390380859375,280.715087890625,292.256591796875,0.0003086186479777,0.0061003826558589,0.0099055226892232,-5.2587738037109375,-1.2393341064453125,-7.462646484375,6.32049560546875,-3.679885864257813,4.374267578125
2016-02-14,0,0,292.8468017578125,289.0408935546875,-2.433090209960937,0.70697021484375,0.0,91510.8125,269.154541015625,283.27154541015625,292.3593444824219,0.0003388728946447,0.0026318279560655,0.0071011148393154,-4.60919189453125,-4.314224243164063,-8.861557006835938,6.851715087890625,0.02325439453125,-2.159027099609375
2016-02-14,6,1,301.3475646972656,285.4452819824219,-4.164108276367188,0.8190155029296875,0.0,91805.59375,269.685302734375,282.7261962890625,292.38702392578125,0.0003904418554157,0.0021606283262372,0.0079853609204292,-2.7917938232421875,-6.30291748046875,-6.7873077392578125,6.674102783203125,0.7718048095703125,0.4217987060546875
2016-02-14,12,2,301.6903076171875,285.1536560058594,-3.3570556640625,0.3148193359375,0.0,91528.75,270.211181640625,282.4971923828125,294.8404541015625,0.0005951372440904,0.0026715735439211,0.0070896334946155,-1.6622772216796875,-1.430267333984375,-5.431549072265625,3.59814453125,0.5062103271484375,0.1369171142578125
2016-02-14,18,3,294.85064697265625,286.4861755371094,-3.299224853515625,0.7975616455078125,0.0,91795.5625,270.953125,283.4881896972656,291.8734436035156,0.0006369589827954,0.002429227810353,0.0081511847674846,-3.3448028564453125,-1.9411773681640625,-6.272613525390625,1.9407958984375,5.3993988037109375,0.594757080078125
2016-02-15,0,0,292.4643249511719,289.69561767578125,-1.9788665771484373,0.319549560546875,0.0,91628.28125,270.52099609375,283.0767822265625,292.529541015625,0.0002879372332245,0.0024069147184491,0.004049171693623,-3.149749755859375,-1.4114837646484375,-4.2771759033203125,5.408935546875,3.729324340820313,0.215179443359375
2016-02-15,6,1,300.0175170898437,285.7483825683594,-3.0944366455078125,2.830963134765625,0.0,91913.890625,270.2727355957031,283.591552734375,291.4080505371094,0.000222951566684,0.001908533507958,0.0071805082261562,-3.7637786865234375,-1.0849609375,-5.0052337646484375,4.550704956054688,4.8770599365234375,4.58477783203125
2016-02-15,12,2,301.175537109375,288.16912841796875,-2.47857666015625,2.528106689453125,0.0,91610.46875,269.0831298828125,283.7860717773437,293.7967529296875,0.0002341618528589,0.002427564933896,0.0096281394362449,-3.574462890625,1.576568603515625,-3.875518798828125,3.462921142578125,4.903594970703125,4.1010284423828125
2016-02-15,18,3,294.8041076660156,288.54547119140625,-4.1270599365234375,1.564239501953125,0.0,91904.921875,269.28924560546875,284.4894714355469,290.6808166503906,0.0001900617498904,0.0027821629773825,0.0107860974967479,-3.59820556640625,-2.569305419921875,-5.58148193359375,3.7358245849609375,4.7175140380859375,5.1044464111328125
2016-02-16,0,0,294.8886108398437,291.7183532714844,-2.48260498046875,1.9021759033203125,6.875,91748.5,268.68017578125,282.44189453125,291.1590881347656,0.0001960225345101,0.0027954794932156,0.0088992491364479,-4.443649291992188,-3.79876708984375,-1.023101806640625,4.2311553955078125,2.5703277587890625,5.170257568359375
2016-02-16,6,1,300.3265991210937,288.8759765625,-2.031463623046875,2.069091796875,0.0,92017.546875,268.3162841796875,283.1566162109375,290.5048828125,0.0001775813580024,0.0008728932589292,0.0105579011142253,-4.045654296875,-6.3822784423828125,-3.1839752197265625,4.7730255126953125,3.332260131835937,2.971221923828125
2016-02-16,12,2,302.4538269042969,284.6759338378906,-3.0886688232421875,1.0415802001953125,0.0,91595.296875,268.1082763671875,282.31494140625,295.15582275390625,0.0005243117921054,0.0012100383173674,0.0076022483408451,-3.7610015869140634,-5.97137451171875,-5.13055419921875,5.1978912353515625,0.2315521240234375,1.4358367919921875
2016-02-16,18,3,295.0929870605469,288.4979553222656,-3.782257080078125,1.099090576171875,0.0,91884.28125,268.645751953125,283.86553955078125,291.6138610839844,0.0003343301359564,0.0027455310337245,0.0092225633561611,-5.7591400146484375,-6.100830078125,-5.935577392578125,6.3742523193359375,4.591964721679688,1.6882781982421875
2016-02-17,0,0,291.85870361328125,288.0638427734375,-2.579193115234375,0.2702484130859375,0.0,91764.875,267.41168212890625,282.5565185546875,292.2333374023437,0.0037172827869653,0.0059831254184246,0.0047002173960208,-3.536483764648437,-5.439300537109375,-5.28363037109375,10.733383178710938,2.649993896484375,2.00006103515625
2016-02-17,6,1,300.13311767578125,284.4559020996094,-3.607498168945313,0.8961029052734375,0.0,91999.234375,267.4986877441406,282.6288452148437,291.5467224121094,0.0042631961405277,0.0054700598120689,0.0065509974956512,-3.5218658447265625,-6.838165283203125,-5.964630126953125,9.705047607421877,2.1233062744140625,1.7137603759765625
2016-02-17,12,2,301.0047912597656,288.732177734375,-4.25140380859375,1.012969970703125,0.0,91633.5,267.2940979003906,283.022705078125,293.104248046875,0.0047530527226626,0.0057441443204879,0.0100205577909946,-2.588043212890625,-6.26190185546875,-7.3561859130859375,7.0953369140625,0.79571533203125,1.5475616455078125
2016-02-17,18,3,295.29620361328125,289.4242553710937,-3.3175811767578125,0.466278076171875,0.0,91869.03125,267.35418701171875,284.4101257324219,290.8410949707031,0.004341872408986,0.0051614381372928,0.0102966502308845,-3.5054931640625,-7.125991821289063,-6.941864013671875,7.456756591796875,1.1559600830078125,2.09197998046875
2016-02-18,0,0,294.255615234375,292.1471862792969,-3.6948089599609375,0.7533111572265625,4.875,91734.640625,267.38494873046875,284.4510498046875,289.05780029296875,0.0041310489177703,0.0040638418868184,0.0098399147391319,-3.92645263671875,-5.8489990234375,-10.608123779296877,4.634796142578125,2.777206420898437,5.2010345458984375
2016-02-18,6,1,300.0228881835937,288.99871826171875,-5.362701416015625,2.0228729248046875,0.0,91989.75,267.3553466796875,284.648681640625,290.3544616699219,0.0041075181216001,0.0034629814326763,0.0106541141867637,-4.8153076171875,-7.3662261962890625,-8.768173217773438,1.7894744873046875,2.947174072265625,3.2516632080078125
2016-02-18,12,2,301.1557312011719,287.8065795898437,-3.9174652099609375,1.4311065673828125,0.0,91641.015625,267.9366149902344,284.6025390625,293.4384155273437,0.0038243231829255,0.0022527617402374,0.009171973913908,-4.5882568359375,-8.263534545898438,-6.569015502929688,0.844482421875,3.907257080078125,2.356658935546875
2016-02-18,18,3,295.36065673828125,286.335693359375,-2.9550933837890625,1.1243133544921875,0.0,91959.46875,268.2177124023437,284.7823181152344,290.84600830078125,0.0031397568527609,0.0037543540820479,0.0094997361302375,-7.2288055419921875,-6.354827880859375,-5.690597534179688,0.07672119140625,5.99591064453125,2.28985595703125
2016-02-19,0,0,292.84918212890625,288.0769958496094,-2.244735717773437,0.4739227294921875,0.0,91819.515625,268.81964111328125,284.37091064453125,291.0757751464844,0.0017971829511225,0.0055518243461847,0.0071631446480751,-7.854217529296875,-5.8450775146484375,-5.763473510742188,1.099639892578125,4.725021362304688,4.893585205078125
2016-02-19,6,1,302.135498046875,285.6306457519531,-3.600326538085937,2.2964019775390625,0.0,91999.0,269.15118408203125,284.4062194824219,292.23944091796875,0.0005031190812587,0.005612377077341,0.0078956671059131,-9.9156494140625,-6.877960205078125,-5.679412841796875,2.5058746337890625,4.42523193359375,3.4549713134765625
2016-02-19,12,2,302.54644775390625,286.85235595703125,-2.942413330078125,1.9522247314453125,0.0,91737.515625,269.38043212890625,282.3628845214844,294.5436706542969,0.0015955495182424,0.0059480629861354,0.0086679980158805,-10.893814086914062,-4.3297271728515625,-4.887847900390625,0.61151123046875,1.758575439453125,3.182113647460937
2016-02-19,18,3,296.21746826171875,288.468994140625,-3.071273803710937,1.015716552734375,0.0,92060.0625,268.92877197265625,283.608154296875,292.70416259765625,0.0005522107239812,0.0046976655721664,0.009998831897974,-10.445068359375,-4.548141479492188,-2.598663330078125,2.7794647216796875,2.312118530273437,2.5272216796875
2016-02-20,0,0,294.6096496582031,291.6888122558594,-1.8169403076171875,0.89599609375,0.0,91883.203125,269.13720703125,282.6537170410156,292.65411376953125,0.0004713472444564,0.0050754584372043,0.0094965882599353,-6.635910034179688,-3.1772613525390625,-0.8341827392578125,5.9725341796875,0.3524627685546875,1.310272216796875
2016-02-20,6,1,302.559326171875,288.9774169921875,-1.986846923828125,-0.1148223876953125,0.0,92041.875,269.2671813964844,283.97003173828125,293.0199584960937,0.0006826452445238,0.0035105338320136,0.0102922469377517,-4.9094085693359375,-4.528610229492188,-3.04534912109375,4.6660003662109375,-0.06390380859375,-0.7769775390625
2016-02-20,12,2,304.2654113769531,286.851318359375,-2.171127319335937,-0.20947265625,0.0,91582.5,269.227294921875,281.1064453125,297.08624267578125,0.0004988538566976,0.0081988386809825,0.0084183998405933,-7.553741455078125,-2.534652709960937,-3.50555419921875,3.997116088867188,-2.6867218017578125,-0.8893280029296875
2016-02-20,18,3,297.1676940917969,288.6808166503906,-2.1407928466796875,1.1752471923828125,0.0,91973.671875,268.912841796875,283.74102783203125,293.50262451171875,0.0004679120611399,0.0030244519002735,0.0109565369784832,-8.543777465820312,-2.476043701171875,-3.4425048828125,3.4536895751953125,-4.204116821289063,4.995758056640625
2016-02-21,0,0,294.978271484375,291.974853515625,-0.7702789306640625,1.8799896240234373,0.0,91728.46875,268.65924072265625,284.750244140625,292.46630859375,0.0004170320462435,0.0014794939197599,0.0116185555234551,-4.91717529296875,-5.15167236328125,1.5193023681640625,2.592529296875,-4.8091583251953125,5.26153564453125
2016-02-21,6,1,302.78839111328125,290.8622436523437,0.514434814453125,-0.1503143310546875,0.0,91963.5,268.87213134765625,284.739501953125,293.95001220703125,0.000387733336538,0.0017657994758337,0.0113836228847503,-5.9907073974609375,-6.631500244140625,0.2713165283203125,2.5334014892578125,0.3106231689453125,-0.82440185546875
2016-02-21,12,2,305.0841064453125,287.8345947265625,-1.0618438720703125,-0.97979736328125,0.0,91494.46875,269.1711120605469,282.2269897460937,298.35845947265625,0.0003745942376554,0.0077654235064983,0.0079888589680194,-6.3924102783203125,-3.3173828125,-2.1126251220703125,0.051116943359375,-2.098602294921875,-1.7930908203125
2016-02-21,18,3,297.7585144042969,289.275390625,-2.9875640869140625,1.1140289306640625,0.0,91865.734375,269.1785888671875,284.35223388671875,294.925537109375,0.0003580297343432,0.0029191081412136,0.0109992437064647,-7.2786865234375,-3.3802490234375,-2.7522125244140625,0.4981231689453125,-2.9773406982421875,5.7275390625
2016-02-22,0,0,295.74908447265625,291.9771728515625,-1.1703033447265625,1.420928955078125,0.0,91745.234375,269.46337890625,283.2537536621094,292.75634765625,0.0003152294084429,0.0023569168988615,0.0117390602827072,-4.703155517578125,-5.240509033203125,1.0575103759765625,1.374755859375,-2.0731658935546875,4.462982177734375
2016-02-22,6,1,302.74932861328125,291.3975830078125,-0.19171142578125,0.4987640380859375,0.75,92011.46875,269.0712890625,285.01025390625,294.21832275390625,0.0003130813129246,0.0007242334540933,0.011361751705408,-5.3927001953125,-6.6446380615234375,-0.82904052734375,0.2299957275390625,0.9333343505859376,0.1031341552734375
2016-02-22,12,2,305.6962280273437,286.14208984375,-1.84417724609375,-0.29541015625,0.0,91553.328125,269.5029296875,282.837158203125,298.9844055175781,0.0003435928374528,0.0059245266020298,0.0062078721821308,-5.2209014892578125,-4.1529388427734375,-3.8469390869140634,-4.2806396484375,-2.211044311523437,-1.0541839599609375
2016-02-22,18,3,297.67462158203125,287.7791442871094,-3.2152099609375,1.1374664306640625,0.0,91910.890625,269.4217529296875,285.4002685546875,295.5536499023437,0.0004737901035696,0.0009996572043746,0.0085213780403137,-7.1980743408203125,-5.528976440429688,-5.8851470947265625,-2.2021484375,-1.671173095703125,2.0416259765625
2016-02-23,0,0,294.3023681640625,291.95635986328125,-1.3374786376953125,1.09600830078125,0.0,91670.0625,270.741943359375,285.95098876953125,294.966796875,0.0003846145700663,0.0005713938735425,0.0060966834425926,-5.071075439453125,-5.9998931884765625,-3.624679565429688,-3.2218170166015625,-1.75726318359375,-0.0447235107421875
2016-02-23,6,1,303.432373046875,286.3041381835937,-0.6023406982421875,1.3838043212890625,0.0,91888.9375,270.0296325683594,285.998046875,294.5133056640625,0.0005339209455996,0.0005433813203126,0.0072961747646331,-5.4898529052734375,-5.5202484130859375,-1.268951416015625,-4.4866790771484375,-0.656036376953125,1.354156494140625
2016-02-23,12,2,305.233642578125,284.1522216796875,-1.65496826171875,0.7885894775390625,0.0,91495.0,269.9711608886719,283.0638427734375,298.2748718261719,0.0005827213171869,0.0036318327765911,0.0050833150744438,-4.921066284179688,-2.1663360595703125,-3.15765380859375,-4.2716064453125,-3.62274169921875,0.726043701171875
2016-02-23,18,3,296.4396667480469,285.75982666015625,-2.5663299560546875,1.853912353515625,0.0,91735.25,269.9013061523437,285.60955810546875,295.8629455566406,0.0007409127429127,0.0007160096429288,0.0060402452945709,-4.331512451171875,-4.848297119140625,-2.240707397460937,-1.1062469482421875,-0.2030792236328125,3.745361328125
2016-02-24,0,0,293.924560546875,287.8648681640625,-0.363800048828125,2.026275634765625,0.0,91627.125,269.3754272460937,284.2969970703125,292.0596008300781,0.0007477821782231,0.0016187895089387,0.0089272446930408,0.6964263916015625,-4.9988555908203125,3.1189727783203125,-6.2161865234375,-2.896575927734375,5.1922760009765625
2016-02-24,6,1,301.4665222167969,290.24725341796875,1.675567626953125,0.805084228515625,0.0,91815.015625,269.879150390625,284.9664306640625,292.6467590332031,0.0008404683321714,0.0010504198726266,0.0111135803163051,-2.543075561523437,-3.96551513671875,2.11993408203125,-5.100677490234375,0.6714019775390625,0.6995086669921875
2016-02-24,12,2,304.610595703125,289.0164794921875,-0.1870269775390625,0.3413543701171875,0.0,91451.1875,269.15118408203125,281.8275756835937,297.6874084472656,0.0008784427773207,0.0077103152871131,0.0091732889413833,-3.756515502929688,-1.5431060791015625,-0.2918701171875,-3.409027099609375,-2.1381378173828125,-0.0924835205078125
2016-02-24,18,3,297.9371337890625,287.6533203125,-2.6595916748046875,1.920745849609375,0.0,91679.453125,269.32574462890625,282.46923828125,295.0975646972656,0.0010800738818943,0.0066794622689485,0.0093320105224847,-3.439208984375,3.4277496337890625,-3.316253662109375,-2.0526580810546875,-3.970413208007813,5.8189544677734375
2016-02-25,0,0,295.3023376464844,288.3010559082031,0.133056640625,1.7529449462890625,32.375,91625.125,267.7426452636719,282.5751342773437,292.57257080078125,0.0010694419033825,0.0053019933402538,0.0106917284429073,-2.15167236328125,-4.810836791992188,6.3787689208984375,0.484100341796875,-2.1346435546875,3.30047607421875
2016-02-25,6,1,302.2689208984375,290.6301574707031,0.4729156494140625,-0.1754150390625,231.0,91829.40625,268.434326171875,284.2821044921875,293.733642578125,0.000966589897871,0.0035547753795981,0.0126746408641338,-1.380706787109375,-0.9077606201171876,0.563262939453125,-0.581817626953125,-0.9969024658203124,-0.6165008544921875
2016-02-25,12,2,304.30645751953125,290.5423583984375,-1.4171905517578125,0.3192291259765625,11.25,91454.109375,268.7696533203125,282.1937866210937,297.5447998046875,0.000809084624052,0.0090282820165157,0.0099549926817417,-2.1281890869140625,-2.9116363525390625,-2.4292144775390625,-2.526596069335937,-2.502838134765625,-0.2097320556640625
2016-02-25,18,3,298.154541015625,290.6348876953125,-2.9621124267578125,1.7543487548828125,3.5,91846.0625,268.36236572265625,282.777099609375,293.9219055175781,0.0007625622674822,0.008427195250988,0.0112777389585971,-3.951080322265625,-1.659423828125,-3.798126220703125,-3.92889404296875,-3.4505767822265625,6.352874755859375
2016-02-26,0,0,295.34405517578125,292.3973693847656,-2.166534423828125,2.2759552001953125,101.5,91717.265625,268.4125061035156,282.061279296875,292.27117919921875,0.000730960862711,0.0068902932107448,0.011626448482275,-2.704559326171875,-5.234954833984375,-0.523040771484375,-1.1576690673828125,-4.5024261474609375,3.9228363037109375
2016-02-26,6,1,301.308349609375,290.76690673828125,-2.209442138671875,1.5037689208984375,77.75,91921.21875,268.0291748046875,283.6581420898437,292.2846069335937,0.0007962074596434,0.0021268350537866,0.0123075693845748,-4.00201416015625,-7.4472503662109375,-3.060577392578125,0.232513427734375,0.3245849609375,1.7256011962890625
2016-02-26,12,2,303.0095520019531,286.5990905761719,-3.1245269775390625,1.777313232421875,0.0,91623.28125,268.19580078125,283.8443908691406,295.3231506347656,0.0008152029477059,0.0007178706582635,0.0083565451204776,-3.83929443359375,-4.856964111328125,-4.837615966796875,0.2484283447265625,-0.855865478515625,2.4862823486328125
2016-02-26,18,3,296.56646728515625,289.6506042480469,-3.379364013671875,1.7018890380859375,0.0,91926.859375,268.31768798828125,284.1265869140625,292.81280517578125,0.0007384566124528,0.001358950510621,0.0096560455858707,-2.417388916015625,-5.791717529296875,-3.2569732666015625,-1.235137939453125,2.2911376953125,4.2052001953125
2016-02-27,0,0,294.61151123046875,292.1962890625,-2.3426666259765625,1.826873779296875,2.75,91875.71875,267.62158203125,283.1726379394531,291.4526062011719,0.0007507009431719,0.0021693957969546,0.00988245382905,-2.3921356201171875,-5.5639495849609375,-1.494415283203125,-1.780517578125,1.080047607421875,5.548828125
2016-02-27,6,1,301.4784545898437,286.6235046386719,-2.14569091796875,2.36285400390625,0.0,92045.15625,267.75311279296875,283.033447265625,292.5578918457031,0.0005853630136698,0.0019392357207834,0.0076340995728969,-0.04071044921875,-6.195602416992188,-3.303741455078125,-1.3541717529296875,0.3779449462890625,3.375030517578125
2016-02-27,12,2,302.5597229003906,286.7557678222656,-2.449554443359375,1.9268798828125,0.0,91735.859375,267.169189453125,282.729248046875,295.234130859375,0.0006928767543286,0.001901218201965,0.007902055978775,-1.529083251953125,-4.346923828125,-4.1216888427734375,-3.875640869140625,-2.2025299072265625,2.8696746826171875
2016-02-27,18,3,296.6585693359375,289.92138671875,-3.2227935791015625,2.171539306640625,0.0,92044.0625,267.31085205078125,283.0177001953125,293.193603515625,0.0006446130573749,0.0015544223133474,0.0096626169979572,-2.451629638671875,-5.580581665039063,-3.514022827148437,-0.97119140625,-0.83905029296875,3.6646728515625
2016-02-28,0,0,294.9622802734375,292.814697265625,-2.3576202392578125,1.2821197509765625,9.875,91915.78125,268.0300598144531,283.0128173828125,293.64044189453125,0.000602796440944,0.0015268062707036,0.0069456435739994,2.5843658447265625,-6.3910675048828125,-2.8515167236328125,0.9292449951171876,-2.971282958984375,1.52569580078125
2016-02-28,6,1,301.040283203125,290.43231201171875,-2.73431396484375,1.8783416748046875,0.0,92148.5625,267.38232421875,283.37969970703125,292.3363342285156,0.0006633189041167,0.0020231690723448,0.0111187435686588,1.933441162109375,-7.725494384765625,-4.283462524414063,-2.353118896484375,-1.3979949951171875,2.381439208984375
2016-02-28,12,2,302.4242858886719,288.1009826660156,-2.9041748046875,1.24853515625,0.0,91842.75,267.0506591796875,282.88336181640625,294.6556396484375,0.0007167318835854,0.0023188986815512,0.0088774785399436,1.6377716064453125,-7.0847930908203125,-5.0130615234375,-4.030364990234375,-1.835052490234375,1.88421630859375
2016-02-28,18,3,296.760986328125,289.2829284667969,-3.294830322265625,1.461029052734375,0.0,92114.8125,267.1873779296875,282.7880859375,292.38623046875,0.0008366534020751,0.0036171190440654,0.0105949081480503,0.0277862548828125,-7.1592559814453125,-4.7540130615234375,-2.3788604736328125,-0.2924957275390625,2.520294189453125
2016-02-29,0,0,294.0059814453125,292.52520751953125,-2.3219757080078125,1.1436309814453125,78.875,91989.28125,267.32537841796875,282.31658935546875,292.4552917480469,0.0011311867274343,0.0051724500954151,0.0092409253120422,2.599578857421875,-6.9192962646484375,-1.4534454345703125,-1.939300537109375,-0.866851806640625,1.6437835693359375
2016-02-29,6,1,300.669921875,289.431640625,-2.1015625,0.9429168701171876,0.0,92143.453125,267.31915283203125,282.73455810546875,292.0080871582031,0.0013113406021147,0.006003264337778,0.0107110664248466,1.87286376953125,-6.895233154296875,-3.1938934326171875,-0.2669677734375,-1.469329833984375,0.81890869140625
2016-02-29,12,2,301.8500366210937,288.1265869140625,-2.9036102294921875,1.042724609375,0.0,91774.953125,266.9158630371094,282.8480529785156,294.60845947265625,0.001571592874825,0.0051671117544174,0.0090634673833847,2.3027801513671875,-5.72076416015625,-4.958221435546875,-0.05291748046875,-5.191070556640625,1.1341094970703125
2016-02-29,18,3,296.66314697265625,289.931884765625,-3.3915557861328125,1.7216796875,0.0,92003.1875,267.4013061523437,282.82696533203125,291.9324951171875,0.0016637502703815,0.0043992940336465,0.0101354122161865,4.164474487304688,-7.061370849609375,-5.638336181640625,-1.82952880859375,-3.1146697998046875,3.8122406005859375
2016-03-01,0,0,294.847900390625,292.72686767578125,-2.397689819335937,1.14105224609375,2.0,91815.796875,267.38818359375,281.9130859375,293.08526611328125,0.0017145078163594,0.004846666008234,0.0056083053350448,3.588485717773437,-6.921112060546875,-5.0615234375,-1.19970703125,-3.262924194335937,2.958724975585937
2016-03-01,6,1,301.73358154296875,287.7894287109375,-3.1197509765625,1.0482177734375,0.0,91977.046875,267.6007080078125,282.3558959960937,292.58709716796875,0.0018031154759228,0.0044468566775321,0.00851970911026,5.015350341796875,-8.642547607421875,-5.1527099609375,0.033660888671875,-1.7978668212890625,1.2793121337890625
2016-03-01,12,2,302.50469970703125,287.94598388671875,-3.328948974609375,1.2443389892578125,0.0,91650.75,266.90338134765625,283.1365966796875,295.225341796875,0.0015768161974847,0.0050155483186244,0.0093972980976104,3.07965087890625,-8.458663940429688,-5.4227447509765625,-0.752471923828125,-3.47174072265625,1.6777496337890625
2016-03-01,18,3,296.50506591796875,289.3410339355469,-3.461395263671875,1.6970367431640625,0.0,91844.578125,267.6900939941406,283.427001953125,292.6420593261719,0.0017599668353796,0.0041275192052125,0.0105610862374305,5.26611328125,-8.057144165039062,-5.2516937255859375,-0.363800048828125,-3.02020263671875,2.942230224609375
2016-03-02,0,0,294.77764892578125,293.0106506347656,-2.401153564453125,0.853790283203125,0.5,91787.75,267.27557373046875,282.0435791015625,292.6124267578125,0.0022953022271394,0.0058119483292102,0.0071667954325675,5.38616943359375,-6.3283233642578125,-6.469009399414063,1.267547607421875,-4.7166595458984375,1.96875
2016-03-02,6,1,301.55889892578125,286.41162109375,-2.782379150390625,0.717681884765625,0.0,91964.46875,267.5653686523437,282.1835632324219,292.8725280761719,0.0021300988737493,0.0047509800642728,0.0084789618849754,2.44573974609375,-8.531494140625,-4.4816741943359375,2.440948486328125,-4.55975341796875,0.65985107421875
2016-03-02,12,2,302.50811767578125,286.7877197265625,-3.019927978515625,0.373809814453125,0.0,91698.0,266.8674011230469,281.2493896484375,295.1236267089844,0.0014434622135013,0.0055658407509326,0.00837854295969,0.715362548828125,-5.623306274414063,-5.2014923095703125,3.8000335693359375,-5.066452026367188,-0.0224151611328125
2016-03-02,18,3,296.533935546875,288.5548095703125,-3.06439208984375,0.8782806396484375,0.0,92009.234375,267.0545654296875,283.71844482421875,292.5810852050781,0.0016199972014874,0.0028233802877366,0.0097462609410285,2.8335113525390625,-6.725433349609375,-5.3928070068359375,5.7631683349609375,-3.14617919921875,1.7336883544921875
2016-03-03,0,0,294.33056640625,291.4939880371094,-2.170928955078125,-0.1049041748046875,0.0,91866.515625,267.59039306640625,281.6806640625,292.8041076660156,0.0014801463112235,0.0038737775757908,0.0069415979087352,4.0135650634765625,-7.253494262695312,-6.117645263671875,6.663787841796875,-5.65484619140625,-1.8115692138671875
2016-03-03,6,1,302.59771728515625,286.4564819335937,-4.195220947265625,-2.137054443359375,0.0,91992.71875,268.565185546875,282.278564453125,293.759033203125,0.0016108665149658,0.0044724689796566,0.008259855210781,6.7870025634765625,-9.908294677734377,-6.7621917724609375,5.296661376953125,-3.0152587890625,-3.67291259765625
2016-03-03,12,2,303.8490600585937,286.07489013671875,-3.9582366943359375,0.1690521240234375,0.0,91674.59375,267.6740417480469,281.97967529296875,295.9135131835937,0.0014633804094046,0.005786906927824,0.0081726498901844,6.029312133789063,-6.441177368164063,-6.6223907470703125,4.472137451171875,-4.1174163818359375,-0.1071014404296875
2016-03-03,18,3,296.7155456542969,288.02978515625,-3.3235015869140625,1.3780059814453125,0.0,91972.90625,267.3462829589844,283.19256591796875,292.46075439453125,0.0015274798497557,0.0042021190747618,0.0097228921949863,7.913681030273437,-7.467437744140625,-5.13726806640625,4.0885009765625,-2.317901611328125,2.0818328857421875
2016-03-04,0,0,292.8368530273437,290.4417419433594,-1.3803863525390625,-0.1457061767578125,0.0,91765.9375,267.0230712890625,282.92254638671875,293.2962341308594,0.001974795712158,0.0039588036015629,0.0047826115041971,9.965805053710938,-6.4434967041015625,-4.7111358642578125,3.982223510742188,-2.1181793212890625,-1.7926483154296875
2016-03-04,6,1,303.49151611328125,281.3818359375,-2.652679443359375,-1.301544189453125,0.0,91882.859375,268.146484375,283.6199951171875,294.4773254394531,0.0019797827117145,0.0032623815350234,0.005328070372343,12.185836791992188,-6.51995849609375,-4.2082061767578125,2.76251220703125,-1.026336669921875,-2.0131988525390625
2016-03-04,12,2,304.0014038085937,282.1363525390625,-2.9849090576171875,-0.5731353759765625,0.0,91531.296875,267.26300048828125,281.66851806640625,297.02081298828125,0.0026115903165191,0.0044451709836721,0.0053005442023277,12.2872314453125,-2.4323272705078125,-5.219284057617188,2.118637084960937,-2.827423095703125,-1.4156036376953125
2016-03-04,18,3,296.365234375,286.1549987792969,-3.3168182373046875,0.6752471923828125,0.0,91829.875,266.8907775878906,283.7220153808594,293.91754150390625,0.0030878204852342,0.0021142880432307,0.0072124600410461,13.26898193359375,-3.3597412109375,-6.598846435546875,3.8080902099609375,-2.585662841796875,-1.365447998046875
2016-03-05,0,0,294.6365966796875,292.9544677734375,-2.162567138671875,1.1485748291015625,0.25,91681.5625,266.8738708496094,282.4503173828125,293.9064025878906,0.002268929965794,0.0024273463059216,0.0040046079084277,12.728317260742188,-1.9234771728515625,-6.430923461914063,5.120529174804688,-3.504486083984375,-0.312164306640625
2016-03-05,6,1,302.80474853515625,284.56256103515625,-1.9937896728515625,-0.1537933349609375,0.0,91804.625,267.6870422363281,282.7748413085937,293.8629150390625,0.0005394958425313,0.0026326421648263,0.0069516971707344,9.292129516601562,-4.3957061767578125,-3.3902130126953125,3.5325469970703125,-3.996047973632813,-0.8265228271484375
2016-03-05,12,2,304.7567138671875,284.9088134765625,-2.615219116210937,-0.10736083984375,0.0,91410.0,268.6068115234375,281.37969970703125,297.37957763671875,0.0001644592848606,0.0059999153017997,0.0060958601534366,9.298370361328123,-3.4536590576171875,-4.59564208984375,2.00439453125,-2.2795562744140625,-0.643280029296875
2016-03-05,18,3,296.9301147460937,286.4960327148437,-3.30572509765625,1.6048431396484375,0.0,91728.875,268.4129638671875,283.2317199707031,294.10504150390625,0.0006326916627585,0.003137070685625,0.0079217180609703,9.614608764648438,-4.97039794921875,-5.396728515625,-1.4776611328125,-1.1173858642578125,3.137359619140625
2016-03-06,0,0,293.12890625,291.2244567871094,-2.159942626953125,1.441925048828125,0.0,91602.359375,268.16632080078125,282.553466796875,293.26885986328125,0.0007225149311125,0.0031245204154402,0.007840946316719,9.116485595703123,-5.5240631103515625,-1.826934814453125,-1.820404052734375,0.3154296875,2.5381317138671875
2016-03-06,6,1,302.2698974609375,287.84967041015625,-0.6204681396484375,0.815887451171875,0.0,91747.09375,268.48370361328125,283.5728759765625,293.3529968261719,0.0009291882161051,0.0024700742214918,0.0091294720768928,8.395919799804688,-6.100555419921875,-1.13958740234375,-2.37103271484375,2.363800048828125,0.62884521484375
2016-03-06,12,2,305.07672119140625,285.1668701171875,-1.9482574462890625,0.84588623046875,0.0,91348.5,268.57879638671875,281.91326904296875,297.54791259765625,0.0008231383981183,0.0057761669158935,0.0067435391247272,6.724411010742188,-2.246856689453125,-3.066253662109375,-4.363540649414063,-1.497344970703125,0.8509521484375
2016-03-06,18,3,296.7343444824219,288.1336669921875,-3.6150970458984375,1.4614105224609375,0.0,91681.34375,268.6057434082031,283.54656982421875,294.0726928710937,0.0008434075862169,0.0031423328910022,0.0086947716772556,3.886260986328125,-1.6022491455078125,-5.476776123046875,-2.963531494140625,0.8749542236328125,3.845428466796875
2016-03-07,0,0,294.2891845703125,292.43389892578125,-1.915863037109375,1.438934326171875,0.125,91551.765625,268.75408935546875,282.52569580078125,293.6037902832031,0.0007727753836661,0.0031765999738126,0.0082916505634784,4.93218994140625,-4.498016357421875,-2.4614410400390625,-2.67620849609375,-1.03216552734375,1.9546051025390625
2016-03-07,6,1,301.80499267578125,288.1534729003906,-1.2207183837890625,1.746307373046875,0.0,91742.015625,269.01483154296875,283.44195556640625,293.0482788085937,0.0007051546126604,0.0029425793327391,0.0097572430968284,4.563934326171875,-6.4818267822265625,-1.827117919921875,-2.599227905273437,1.2688751220703125,2.0437164306640625
2016-03-07,12,2,304.2196655273437,284.8261108398437,-2.4884490966796875,1.1606597900390625,0.0,91373.515625,268.8988342285156,284.2103271484375,296.9654541015625,0.0006288725417107,0.0026168629992753,0.0065905787050724,2.917343139648437,-1.6583251953125,-4.1385650634765625,-2.101837158203125,0.3363037109375,1.533416748046875
2016-03-07,18,3,296.44976806640625,286.8229064941406,-3.540756225585937,1.585418701171875,0.0,91600.609375,268.85986328125,284.6112060546875,293.7679443359375,0.0005410437006503,0.0025477735325694,0.0085571482777595,0.75909423828125,-0.843231201171875,-4.69964599609375,-0.7154541015625,1.8225555419921875,3.3164215087890625
2016-03-08,0,0,293.0184936523437,291.0180969238281,-1.72259521484375,1.2728118896484375,0.0,91521.390625,268.6407775878906,283.3663330078125,293.39385986328125,0.0004967709537595,0.00267916591838,0.006959855556488,-0.3917083740234375,-3.0541534423828125,-1.9112091064453125,1.1703643798828125,-0.97412109375,3.31195068359375
2016-03-08,6,1,302.098388671875,288.93804931640625,0.1885986328125,0.7630615234375,0.0,91720.8125,268.8184814453125,284.3653564453125,293.2655029296875,0.0005760721396654,0.0025645659770816,0.0094314329326152,-1.8435821533203125,-5.6450042724609375,0.0792083740234375,3.692352294921875,0.9863739013671876,0.5854339599609375
2016-03-08,12,2,305.2312927246094,285.233642578125,-1.7600250244140625,-0.1082000732421875,0.0,91307.171875,269.2782897949219,282.27978515625,298.2037353515625,0.0006201877258718,0.0053303129971027,0.0060048922896385,-1.687103271484375,-2.4611358642578125,-2.8584747314453125,4.193649291992188,-3.348007202148437,-0.9050750732421876
2016-03-08,18,3,296.9213256835937,287.1402282714844,-3.019012451171875,1.1158447265625,0.0,91626.625,269.1400146484375,284.5257568359375,294.46807861328125,0.000612947391346,0.0023651854135096,0.0084154568612575,-0.54693603515625,-5.263442993164063,-4.95672607421875,3.463104248046875,-0.440032958984375,2.8802490234375
2016-03-09,0,0,294.116943359375,291.3085021972656,-1.1698760986328125,1.28045654296875,0.0,91529.71875,268.024658203125,284.22491455078125,293.2794189453125,0.0005833837203681,0.0018077800050377,0.0082872733473777,-1.04144287109375,-5.2967376708984375,-0.5048370361328125,1.7762451171875,-1.5514984130859375,2.0224761962890625
2016-03-09,6,1,303.10699462890625,289.39697265625,0.0654754638671875,1.0063629150390625,0.0,91759.03125,268.53131103515625,284.90771484375,293.8738708496094,0.0004174443893134,0.0018988600932061,0.0093727260828018,-2.884506225585937,-4.5626220703125,-0.3201446533203125,5.826171875,-1.1082763671875,0.9708709716796876
2016-03-09,12,2,305.4559020996094,286.4882202148437,-1.7107696533203125,0.2714691162109375,0.0,91387.9375,268.3673095703125,282.7648010253906,298.5766296386719,0.0013861753977835,0.0057659251615405,0.0068607255816459,-0.5945587158203125,-2.923370361328125,-2.86676025390625,9.125961303710938,-2.682861328125,-0.259979248046875
2016-03-09,18,3,298.0900573730469,287.2261047363281,-3.291976928710937,0.8481597900390625,0.0,91760.1875,268.1259155273437,284.6659545898437,295.2464294433594,0.0012319574598222,0.0028092314023524,0.008961834013462,2.7314910888671875,-4.8546142578125,-5.758316040039063,8.422561645507812,-1.51690673828125,2.89837646484375
2016-03-10,0,0,296.2233581542969,292.2128295898437,-1.9922637939453125,1.4352264404296875,7.125,91587.28125,268.2615661621094,283.980224609375,295.2470703125,0.0012141857296228,0.002421737415716,0.0070829503238201,3.32086181640625,-5.9914398193359375,-4.57159423828125,6.541595458984375,-2.3523712158203125,0.3907318115234375
2016-03-10,6,1,302.9490966796875,288.95703125,-0.9596099853515624,1.505828857421875,0.0,91775.4375,268.7405700683594,285.4212646484375,294.2625732421875,0.0015300810337066,0.001867966260761,0.0099596194922924,2.2502593994140625,-6.817230224609375,-2.033905029296875,3.962600708007813,0.350067138671875,1.49700927734375
2016-03-10,12,2,305.4354858398437,286.75946044921875,-1.6185455322265625,0.5220947265625,0.0,91463.90625,268.73077392578125,284.0914001464844,298.38720703125,0.0022255431395024,0.0033769451547414,0.0071934051811695,1.678741455078125,-4.452178955078125,-3.450164794921875,4.11151123046875,-3.172637939453125,0.325347900390625
2016-03-10,18,3,298.01324462890625,288.002197265625,-2.9672393798828125,0.677276611328125,0.0,91808.3125,268.603759765625,285.07379150390625,295.5518798828125,0.0016271732747554,0.0020797695033252,0.0091597661375999,-0.6320343017578125,-7.075927734375,-4.35418701171875,5.845504760742188,-1.67108154296875,2.340682983398437
2016-03-11,0,0,295.5692749023437,291.9063720703125,-1.1884918212890625,1.2225189208984375,2.875,91685.265625,267.8988342285156,283.41949462890625,294.1072082519531,0.002632463350892,0.0028727299068123,0.0092448778450489,1.555084228515625,-4.3048858642578125,-0.3836212158203125,8.172164916992188,-4.50128173828125,1.91796875
2016-03-11,6,1,303.62310791015625,289.87384033203125,0.07366943359375,0.789794921875,0.0,91871.25,268.2044982910156,284.24169921875,294.6241455078125,0.002220484893769,0.0023612978402525,0.0102415010333061,-2.770599365234375,-7.063003540039063,-0.3395538330078125,7.7419586181640625,-1.9398193359375,0.6324310302734375
2016-03-11,12,2,306.71307373046875,287.3153076171875,-1.31109619140625,-0.47344970703125,0.0,91463.796875,267.9660339355469,282.7894897460937,298.88690185546875,0.0028016085270792,0.0064358003437519,0.0066563189029693,-1.19122314453125,-2.929595947265625,-2.1739654541015625,5.524185180664063,-2.7835235595703125,-1.2249755859375
2016-03-11,18,3,299.1495666503906,288.2454528808594,-3.2126007080078125,0.5277862548828125,0.0,91761.796875,267.7289428710937,284.8760070800781,295.2164306640625,0.0035559616517275,0.0031099328771233,0.009794931858778,0.40545654296875,-1.3488616943359375,-6.5367431640625,5.2593841552734375,-1.0512847900390625,4.075851440429688
2016-03-12,0,0,295.976806640625,291.7876892089844,-0.377044677734375,1.6312103271484375,28.75,91594.390625,266.7401428222656,283.9063415527344,293.861083984375,0.0035504759289324,0.0029742212500423,0.0109482929110527,3.422943115234375,-4.22186279296875,1.4147796630859375,4.12689208984375,-4.5764923095703125,5.102874755859375
2016-03-12,6,1,303.8677978515625,290.1517333984375,0.936553955078125,0.7153472900390625,28.5,91761.03125,267.02783203125,284.728271484375,295.02301025390625,0.0035137475933879,0.0020810870919376,0.0106849782168865,4.4900665283203125,-6.199478149414063,0.8799591064453125,5.76995849609375,0.42816162109375,0.674560546875
2016-03-12,12,2,305.9169616699219,287.85723876953125,-0.7795562744140625,2.181381225585937,0.0,91388.875,267.6407165527344,282.9222412109375,298.53955078125,0.0036029212642461,0.0066764391958713,0.0086358524858951,6.1183624267578125,-2.0291290283203125,-1.203399658203125,3.0766143798828125,0.889617919921875,2.90057373046875
2016-03-12,18,3,299.27978515625,289.0619506835937,-0.6898651123046875,2.9469757080078125,0.0,91700.59375,267.37841796875,283.817138671875,295.41802978515625,0.0034028636291623,0.0049474099650979,0.0109396129846572,4.04638671875,3.5144195556640625,-0.6246490478515625,3.740158081054688,-1.94073486328125,9.738052368164062
2016-03-13,0,0,297.5394592285156,293.61383056640625,1.7766571044921875,0.4876251220703125,828.25,91654.203125,266.9672546386719,284.123291015625,292.8399658203125,0.0032427925616502,0.0037153954617679,0.0128495246171951,4.972183227539063,-3.633514404296875,6.8216400146484375,6.66839599609375,1.0403594970703125,2.060791015625
2016-03-13,6,1,303.0717163085937,291.8333740234375,1.836181640625,-0.178192138671875,127.0,91809.4375,267.18231201171875,284.06964111328125,294.932861328125,0.0031877076253294,0.0046739326789975,0.0121019072830677,4.977142333984375,0.3429412841796875,2.497344970703125,9.949951171875,2.56109619140625,-0.6399993896484375
2016-03-13,12,2,305.45611572265625,290.16912841796875,9.1552734375e-05,1.7787628173828125,152.375,91408.9375,267.5176696777344,283.3994445800781,298.72882080078125,0.0027314980980008,0.0090488009154796,0.0107460394501686,8.592727661132812,1.0531005859375,0.367462158203125,2.046295166015625,-0.0101318359375,2.018280029296875
2016-03-13,18,3,299.6602783203125,290.53131103515625,-0.470367431640625,-0.0915069580078125,105.375,91741.546875,268.3458251953125,282.95977783203125,295.4579467773437,0.001033199718222,0.0093865171074867,0.0115465074777603,6.9964141845703125,0.7711639404296875,0.8189544677734375,2.8615875244140625,-0.5082550048828125,3.430282592773437
2016-03-14,0,0,297.9483337402344,291.3412475585937,0.1005096435546875,0.946563720703125,155.75,91636.53125,269.0242004394531,282.0609741210937,293.54229736328125,0.0003062966279685,0.009125493466854,0.0128564611077308,7.693984985351562,-0.5636749267578125,3.15423583984375,3.6475677490234375,-1.5984344482421875,1.536834716796875
2016-03-14,6,1,303.2396850585937,292.3273620605469,0.94952392578125,-0.8670654296875,228.125,91799.703125,270.0936279296875,282.90020751953125,294.9248352050781,0.0001949210127349,0.008797064423561,0.0123695842921733,9.322433471679688,-0.2762298583984375,1.205902099609375,1.377349853515625,3.5355224609375,-1.3342132568359375
2016-03-14,12,2,305.0493469238281,291.6131286621094,-0.2390289306640625,2.1209716796875,387.125,91434.703125,267.99688720703125,284.4447326660156,297.624267578125,0.0010115508921444,0.0068820416927337,0.0121395476162433,9.333938598632812,3.4914703369140625,-0.4168243408203125,-3.525726318359375,1.5607147216796875,2.838104248046875
2016-03-14,18,3,299.52490234375,292.7452392578125,-1.2891082763671875,2.33966064453125,205.625,91607.46875,269.23785400390625,283.742431640625,295.7958984375,0.0001419295294908,0.007182590663433,0.0123431272804737,2.5906982421875,1.961273193359375,0.57464599609375,-4.3431396484375,-3.8187255859375,8.648269653320312
2016-03-15,0,0,298.37750244140625,291.5394897460937,0.7091522216796875,1.6701507568359375,598.375,91589.859375,268.85650634765625,283.363037109375,292.56121826171875,0.0002195156557718,0.0069327689707279,0.0140330605208873,1.9566802978515625,-0.0676116943359375,4.986236572265625,-3.8348236083984375,0.906494140625,5.228439331054688
2016-03-15,6,1,302.560302734375,293.7735900878906,2.7013397216796875,0.0497894287109375,526.0,91800.375,268.8011779785156,283.4232177734375,293.75567626953125,0.0002942415885627,0.0081607736647129,0.0137486904859542,-0.653228759765625,0.2508697509765625,3.8321380615234375,-1.53076171875,2.6003570556640625,-0.2843475341796875
2016-03-15,12,2,302.95245361328125,291.96612548828125,1.0835723876953125,0.9100189208984376,119.25,91445.59375,268.986572265625,283.65362548828125,296.2889709472656,0.000265046255663,0.0090303122997283,0.0124067664146423,1.463226318359375,2.0654754638671875,2.422607421875,0.360198974609375,1.564727783203125,-0.0019073486328125
2016-03-15,18,3,296.5711975097656,293.2146911621094,0.6013336181640625,1.7526702880859375,179.875,91663.0625,269.3294982910156,282.83612060546875,294.6288452148437,0.0002074195508612,0.0080361291766166,0.012758582830429,4.848556518554688,-0.1466217041015625,2.35455322265625,-2.823455810546875,-4.804351806640625,7.327911376953125
2016-03-16,0,0,297.6968994140625,294.0917358398437,0.9732818603515624,-0.0919647216796875,45.0,91574.9375,269.2597045898437,283.0979919433594,292.51824951171875,0.0003141445340588,0.0071428678929805,0.0128022916615009,7.16796875,1.4407806396484375,3.842529296875,-1.4323577880859375,-0.1293792724609375,1.34259033203125
2016-03-16,6,1,303.0072021484375,290.4368896484375,0.5105438232421875,-0.10028076171875,19.125,91737.5625,268.84503173828125,284.04901123046875,294.77703857421875,0.0006477173883467,0.005971934646368,0.0119671896100044,5.442047119140625,0.18316650390625,0.6295623779296875,-1.207489013671875,1.1172332763671875,-0.4013519287109375
2016-03-16,12,2,305.387451171875,290.7393493652344,-0.390167236328125,0.9289398193359376,15.75,91367.90625,268.634765625,283.8974914550781,297.60406494140625,0.0006787509191781,0.0075732506811618,0.0110573060810565,2.872421264648437,0.7349395751953125,-0.283660888671875,-6.224212646484375,-0.4045562744140625,0.5212860107421875
2016-03-16,18,3,299.09375,291.9278564453125,-2.746734619140625,2.7372589111328125,34.375,91644.671875,268.58172607421875,282.7686767578125,295.27764892578125,0.0003667303826659,0.0083943046629428,0.0124037899076938,-2.9373016357421875,2.4874267578125,-2.3013916015625,-6.2969970703125,-5.8509674072265625,6.647140502929688
2016-03-17,0,0,297.9286499023437,293.864501953125,-0.732574462890625,1.2332611083984375,220.75,91581.5,268.62725830078125,282.47808837890625,292.24053955078125,0.0004504101816564,0.0081737712025642,0.0137950517237186,-2.921051025390625,-3.0784454345703125,3.4358062744140625,-6.9822998046875,-0.28350830078125,4.6171722412109375
2016-03-17,6,1,303.3988647460937,292.2992248535156,0.1978912353515625,0.15570068359375,92.625,91822.84375,267.73846435546875,284.3392333984375,294.8364562988281,0.0004876293241977,0.0064005330204963,0.0128738470375537,-3.8748931884765625,-0.7167510986328125,0.20343017578125,-1.856781005859375,0.48626708984375,0.2085723876953125
2016-03-17,12,2,305.2222900390625,292.33990478515625,-1.437164306640625,0.739501953125,18.125,91442.21875,268.6321716308594,284.4461669921875,296.9926147460937,0.0005657286383211,0.0065100267529487,0.0118772946298122,-4.73150634765625,1.044647216796875,-1.762725830078125,-2.417266845703125,-1.5338134765625,0.4982147216796875
2016-03-17,18,3,299.19647216796875,292.73248291015625,-1.9836883544921875,1.9423828125,13.25,91719.609375,269.4329833984375,283.068115234375,295.61444091796875,0.0008005846757441,0.0084266886115074,0.0120845809578895,-7.4079742431640625,1.0657806396484375,-3.5061798095703125,-0.6541290283203125,-8.190139770507812,6.2884521484375
2016-03-18,0,0,298.7884521484375,292.5501708984375,-0.121551513671875,-0.8419036865234375,113.875,91595.765625,269.63653564453125,282.31072998046875,294.5707092285156,0.0005002752877771,0.0087319575250148,0.0121929533779621,-2.7538604736328125,-4.06201171875,0.4508514404296875,-1.581878662109375,-5.3861083984375,3.747650146484375
2016-03-18,6,1,304.6588134765625,291.1768493652344,-2.023910522460937,-0.1003875732421875,0.0,91711.390625,269.6265869140625,284.412841796875,296.18798828125,0.000456140609458,0.0050699710845947,0.0113025940954685,-4.3810577392578125,-3.705413818359375,-3.1673126220703125,-0.8033447265625,-3.2538604736328125,-0.3328399658203125
2016-03-18,12,2,306.64324951171875,289.4693298339844,-1.9374542236328125,0.931671142578125,0.5,91342.46875,268.71893310546875,283.5565795898437,299.328857421875,0.0006970551330596,0.0088356882333755,0.0091967470943927,-3.175765991210937,-3.687088012695313,-3.247772216796875,-2.4849853515625,-2.3806915283203125,0.7249755859375
2016-03-18,18,3,299.6395568847656,290.3048400878906,-2.668243408203125,1.8468780517578125,0.0,91643.625,269.1591796875,284.1858215332031,296.0668334960937,0.0003170107956975,0.007662933319807,0.0110678561031818,-3.821701049804688,-0.876708984375,-2.93865966796875,-0.6331787109375,-6.69964599609375,7.257293701171875
2016-03-19,0,0,297.78082275390625,291.57720947265625,1.11859130859375,1.4245758056640625,32.25,91557.515625,269.9337158203125,282.7787475585937,294.9778747558594,0.0001959272194653,0.0087924720719456,0.0100846365094184,-1.068695068359375,-3.533294677734375,0.8177032470703125,-1.0946197509765625,-8.40789794921875,6.0728607177734375
2016-03-19,6,1,304.9848022460937,289.40380859375,0.19122314453125,0.8735504150390625,0.0,91763.984375,268.9293212890625,283.1260986328125,296.5526123046875,0.000242655762122,0.0081118047237396,0.009966991841793,-2.170745849609375,-5.702072143554688,-0.3044586181640625,-1.84796142578125,-5.693771362304688,0.765350341796875
2016-03-19,12,2,307.07647705078125,288.6671142578125,-0.449493408203125,-0.1574249267578125,0.0,91378.40625,267.79571533203125,283.88397216796875,300.1613464355469,0.0006699415389448,0.0080160312354564,0.0081466734409332,-3.059555053710937,-3.68731689453125,-1.1115264892578125,0.241973876953125,-3.6790924072265625,-1.2553253173828125
2016-03-19,18,3,300.8346252441406,286.1501159667969,-3.1255340576171875,1.685150146484375,0.125,91710.078125,267.68121337890625,283.71099853515625,297.2231140136719,0.0002266425581183,0.0076998099684715,0.0090598613023757,-6.4642181396484375,0.499237060546875,-3.1845245361328125,1.3702545166015625,-6.48358154296875,7.335647583007812
2016-03-20,0,0,296.627197265625,287.6466064453125,0.860687255859375,1.8739166259765625,0.0,91581.15625,267.6312255859375,283.326171875,295.4310913085937,0.0002432077599223,0.0071490965783596,0.0088784992694854,-2.2322235107421875,-4.024948120117188,1.288421630859375,2.235015869140625,-9.017349243164062,5.549072265625
2016-03-20,6,1,305.347412109375,289.270263671875,-0.060394287109375,1.6458892822265625,0.0,91780.609375,269.15093994140625,283.0292358398437,296.8670349121094,0.0001957794156624,0.0067487973719835,0.0097669288516044,-3.681884765625,-4.7372894287109375,-0.3879241943359375,-0.2154388427734375,-8.598373413085938,1.794677734375
2016-03-20,12,2,308.2049865722656,287.10064697265625,-1.29620361328125,-0.5352783203125,1.0,91353.65625,268.3739929199219,284.7221069335937,300.91473388671875,0.0002030591422226,0.0076732076704502,0.0077786073088645,-1.1221466064453125,-2.3642578125,-2.1003570556640625,-1.352264404296875,-4.5944366455078125,-1.9476470947265625
2016-03-20,18,3,300.5076904296875,286.82293701171875,-2.666488647460937,1.4217987060546875,6.25,91747.0,267.7592163085937,283.6831359863281,297.24591064453125,0.0002196078130509,0.0079222731292247,0.0093907415866851,-3.1063385009765625,-1.3058319091796875,-4.4392852783203125,0.1230621337890625,-6.312164306640625,8.198928833007812
2016-03-21,0,0,297.5858764648437,289.9825134277344,0.49066162109375,1.895233154296875,69.25,91580.15625,269.0459289550781,283.37274169921875,295.7818603515625,0.0001485686079831,0.0068853050470352,0.0098849274218082,0.1937255859375,-3.6696929931640634,-1.3646240234375,-1.7968292236328125,-8.906570434570312,7.0843505859375
2016-03-21,6,1,305.25927734375,290.85906982421875,-0.9534454345703124,0.74603271484375,0.0,91738.75,269.681640625,283.3032531738281,297.15771484375,0.0001842371857492,0.0057386793196201,0.010380707681179,-0.1985321044921875,-2.74267578125,-1.84136962890625,-1.162078857421875,-7.19708251953125,0.4664459228515625
2016-03-21,12,2,308.2630615234375,288.52252197265625,-0.1416015625,-0.339111328125,5.75,91283.515625,270.5155334472656,284.51397705078125,300.74395751953125,0.000198177571292,0.0079532749950885,0.0080342888832092,0.6691436767578125,-1.1594696044921875,-0.4186248779296875,-4.702362060546875,-4.3762969970703125,-1.820648193359375
2016-03-21,18,3,301.48016357421875,287.4208984375,-2.032684326171875,2.241912841796875,39.0,91502.8125,270.943359375,284.48809814453125,297.9579467773437,0.000189172438695,0.007586020976305,0.0094087310135364,-4.54010009765625,2.3376007080078125,-2.767120361328125,0.10015869140625,-6.9756927490234375,8.327545166015625
2016-03-22,0,0,298.223388671875,291.8099975585937,1.3859710693359375,1.171844482421875,723.5,91441.765625,270.129150390625,283.2828063964844,295.13525390625,0.0001907040277728,0.0078905969858169,0.0116587169468402,1.0552825927734375,-1.5279083251953125,4.859954833984375,-1.0274810791015625,-6.680816650390625,3.5063934326171875
2016-03-22,6,1,304.4581298828125,292.4854431152344,1.5728302001953125,-0.4266815185546875,7.5,91572.8125,270.4870300292969,283.95660400390625,296.3739624023437,0.0001941793452715,0.0054456293582916,0.0124810598790645,-0.41845703125,-2.999618530273437,2.115020751953125,-0.673614501953125,-2.801254272460937,-0.90753173828125
2016-03-22,12,2,307.4189758300781,290.0923156738281,-0.362091064453125,0.9155731201171876,0.0,91208.1875,270.9365234375,284.0140991210937,300.02301025390625,0.0003636442124843,0.0088727883994579,0.0095318630337715,0.777008056640625,-0.834381103515625,-0.4819183349609375,-3.1038360595703125,-4.151290893554688,0.0799713134765625
2016-03-22,18,3,300.32928466796875,289.6606750488281,-0.1539459228515625,1.32635498046875,65.0,91467.484375,271.6913452148437,284.327392578125,298.6248779296875,0.000166366007761,0.0065575391054153,0.0105941332876682,-2.4869384765625,-0.7088623046875,-0.881988525390625,-2.396514892578125,-5.7924346923828125,4.063034057617188
2016-03-23,0,0,299.1605224609375,294.620849609375,1.2513885498046875,1.093017578125,871.625,91458.078125,270.8700866699219,283.3075561523437,294.6688537597656,0.0001291699591092,0.0065067037940025,0.0127276368439197,-1.8430938720703125,-1.928131103515625,3.59173583984375,-2.0408172607421875,-3.4705352783203125,-0.1188507080078125
2016-03-23,6,1,304.03668212890625,292.7792053222656,1.610809326171875,1.5569610595703125,62.625,91629.59375,270.267822265625,283.42926025390625,295.80279541015625,0.000106171995867,0.0057423710823059,0.012469008564949,-3.6441650390625,-3.5313873291015625,2.1295623779296875,-1.1504669189453125,-1.99761962890625,2.2943572998046875
2016-03-23,12,2,306.17022705078125,290.843505859375,-1.038330078125,0.4997711181640625,10.375,91335.453125,270.1595764160156,283.9076843261719,298.5429992675781,9.173134458251296e-05,0.0092515498399734,0.0108762681484222,-3.5187225341796875,-3.078231811523437,-1.844970703125,-1.636138916015625,-1.4792022705078125,0.44500732421875
2016-03-23,18,3,301.4080505371094,288.8056335449219,-3.5469970703125,2.77838134765625,13.0,91627.234375,271.2089233398437,283.4056701660156,296.7352294921875,9.849936759565026e-05,0.0092725791037082,0.0106935910880565,-5.313644409179688,-0.96490478515625,-6.4886322021484375,-1.8184356689453125,-2.6274871826171875,9.089111328125
2016-03-24,0,0,298.93218994140625,292.5384521484375,-0.5927581787109375,1.4239349365234375,277.875,91556.34375,271.04498291015625,282.43475341796875,294.0955810546875,0.0001000955962808,0.009048692882061,0.0120007134974002,-1.2376556396484375,-6.01885986328125,0.0830230712890625,-0.9405670166015624,-3.5577850341796875,6.4364013671875
2016-03-24,6,1,305.55352783203125,289.3642272949219,-1.025787353515625,2.2037811279296875,0.0,91800.046875,270.2204895019531,282.3805236816406,295.9022827148437,0.000122908866615,0.0072270557284355,0.0096318982541561,-4.076171875,-6.567352294921875,-1.85272216796875,-0.236083984375,-5.874481201171875,2.8802490234375
2016-03-24,12,2,307.0810546875,287.4394226074219,-2.824737548828125,0.4443511962890625,1.25,91470.71875,268.98516845703125,283.3123779296875,299.5606689453125,0.0001817837037378,0.0078267976641654,0.0079168379306793,-4.594528198242188,-3.3503875732421875,-4.479339599609375,-2.8939971923828125,-1.36834716796875,0.039703369140625
2016-03-24,18,3,300.3897399902344,287.63787841796875,-3.6253509521484375,1.7842254638671875,0.0,91859.4375,268.6943359375,282.762939453125,295.2889709472656,0.0002407854481134,0.007265917956829,0.0098111219704151,-6.7913360595703125,0.657867431640625,-9.962356567382812,-3.922805786132813,-4.748992919921875,5.7430267333984375
2016-03-25,0,0,297.2637023925781,290.6122741699219,-1.102020263671875,1.738983154296875,0.25,91772.640625,270.1875,281.7936706542969,294.94384765625,0.0002204627962782,0.0058156102895736,0.006934568285942,-7.787811279296875,-3.9361572265625,-4.7612152099609375,-0.1984100341796875,-7.774688720703125,5.6381378173828125
2016-03-25,6,1,304.78436279296875,287.828857421875,-2.1451873779296875,1.791015625,0.0,91934.90625,269.14996337890625,282.4183349609375,295.7220458984375,0.0003688645083457,0.0033626679796725,0.0085113495588302,-8.21246337890625,-8.399948120117188,-3.4045867919921875,2.224227905273437,-7.571395874023437,1.956268310546875
2016-03-25,12,2,306.6363525390625,285.6742248535156,-2.743011474609375,0.873199462890625,0.0,91553.203125,268.4178771972656,283.183837890625,299.2894287109375,0.0003499540034681,0.0060686394572257,0.0062098428606987,-7.364898681640625,-3.0876922607421875,-4.497817993164063,3.05328369140625,-2.752670288085937,0.5025787353515625
2016-03-25,18,3,298.8140869140625,287.2136535644531,-2.987899780273437,1.4839630126953125,0.0,91888.46875,269.0062255859375,283.8109130859375,295.5338439941406,0.0002651466056704,0.0038091714959591,0.0080330036580562,-8.177566528320312,-2.537109375,-5.6818389892578125,2.5264434814453125,-7.034591674804688,5.5962677001953125
2016-03-26,0,0,296.08953857421875,288.9260559082031,-0.7548828125,1.6140289306640625,0.0,91745.953125,269.7798767089844,283.3425598144531,293.94989013671875,0.0002032995253102,0.0010874872095882,0.0081290081143379,-6.5595703125,-8.2738037109375,-1.68194580078125,3.8747711181640634,-6.55010986328125,3.9740142822265625
2016-03-26,6,1,303.9188232421875,287.3096008300781,-1.3350067138671875,1.02740478515625,0.0,91915.421875,269.1226806640625,283.8733215332031,295.3539123535156,0.00024334617774,0.0010864988435059,0.0077290870249271,-3.0235595703125,-12.090072631835938,-2.445281982421875,3.776336669921875,-5.186294555664063,1.0191802978515625
2016-03-26,12,2,306.6094055175781,282.7256164550781,-2.9060211181640625,0.83740234375,0.0,91484.3125,268.3694763183594,283.3607788085937,299.3593139648437,0.000275935512036,0.0049318959936499,0.0051743425428867,-0.0527801513671875,-4.8030548095703125,-5.0545196533203125,0.3807525634765625,-2.43017578125,0.756134033203125
2016-03-26,18,3,298.1072082519531,284.3775634765625,-2.6667633056640625,1.74749755859375,0.0,91790.265625,267.9779357910156,284.61016845703125,296.8081359863281,0.0002758326008915,0.0011923930142074,0.0049421675503253,-0.14691162109375,-7.97906494140625,-5.820037841796875,-0.1959686279296875,-2.4155731201171875,1.8217926025390625
2016-03-27,0,0,295.09246826171875,288.46343994140625,-1.301727294921875,1.451385498046875,0.0,91702.046875,267.6815795898437,283.9512939453125,294.80438232421875,0.0002951242495328,0.0013271595817059,0.0049079982563853,0.113922119140625,-7.793594360351562,-2.712066650390625,0.8954925537109375,-3.93096923828125,2.3749542236328125
2016-03-27,6,1,304.50738525390625,285.58123779296875,-0.288482666015625,2.026962280273437,0.0,91833.046875,267.3157958984375,283.658203125,295.219970703125,0.0002921244595199,0.0015423884615302,0.0066749081015586,0.97998046875,-8.479278564453125,-0.6661529541015625,1.4415283203125,-1.9682769775390625,2.4817047119140625
2016-03-27,12,2,306.27264404296875,283.607421875,-1.5010833740234375,1.007171630859375,0.0,91452.421875,267.584716796875,283.3128662109375,299.3543701171875,0.000248204334639,0.0039938897825777,0.0047438330948352,2.5627593994140625,-3.2886199951171875,-2.4290924072265625,-0.660552978515625,-1.79974365234375,0.9410552978515624
2016-03-27,18,3,298.1221618652344,285.3526611328125,-2.857650756835937,1.790008544921875,0.0,91751.0,267.7804870605469,284.52020263671875,296.5618896484375,0.0002205420169048,0.001545778941363,0.0062838345766067,1.2064666748046875,-0.131317138671875,-3.0464019775390625,1.581787109375,-1.3914337158203125,6.216567993164063
2016-03-28,0,0,295.62890625,289.1280517578125,-0.6037139892578125,1.41485595703125,1.625,91708.578125,266.0238647460937,283.5400390625,293.5020751953125,0.0002211218670709,0.0021850275807082,0.0085331313312053,1.1056365966796875,-1.9213409423828125,2.264984130859375,3.5876007080078125,-4.052154541015625,4.316650390625
2016-03-28,6,1,303.9398803710937,288.29327392578125,-0.345855712890625,0.998382568359375,0.0,91873.65625,265.6249084472656,283.8886108398437,294.8701171875,0.0003135988954454,0.0012239604257047,0.0092484392225742,3.666961669921875,-4.0053558349609375,-0.6899566650390625,3.947586059570313,-1.9197845458984373,0.962249755859375
2016-03-28,12,2,306.762939453125,286.0430908203125,-1.6510162353515625,0.9557342529296876,0.0,91468.34375,266.47235107421875,282.40118408203125,298.51690673828125,0.0003879854921251,0.0065412782132625,0.0067388452589511,4.59326171875,-2.924301147460937,-2.396224975585937,-0.04620361328125,-1.1948394775390625,0.773651123046875
2016-03-28,18,3,299.00762939453125,289.8603820800781,-3.495223999023437,1.472015380859375,155.25,91812.484375,265.8841552734375,285.2374267578125,294.72882080078125,0.000467310892418,0.0015941862948238,0.010022684931755,1.941864013671875,-2.032379150390625,-4.615966796875,3.4746551513671875,-6.369964599609375,5.743911743164063
2016-03-29,0,0,296.599365234375,294.0870361328125,-1.10223388671875,1.689849853515625,148.625,91742.1875,266.2183837890625,283.8343811035156,293.0633239746094,0.000320290448144,0.0014227970968931,0.010805495083332,6.9098663330078125,-5.4185333251953125,-1.2886199951171875,-2.5929718017578125,-8.582077026367188,5.456298828125
2016-03-29,6,1,304.0506591796875,290.5255126953125,-0.5512542724609375,1.858062744140625,110.375,91883.109375,265.95819091796875,282.8664855957031,294.6881103515625,0.0005325493402779,0.0036973191890865,0.0109786093235015,-0.7872161865234375,-6.5684967041015625,-0.9553680419921876,-3.821212768554688,-4.5406646728515625,2.21087646484375
2016-03-29,12,2,305.9225769042969,286.0234680175781,-2.6408843994140625,0.99169921875,0.0,91489.3125,267.49200439453125,282.6334228515625,298.6231689453125,0.0003031177911907,0.0070831514894962,0.007203634828329,-3.7462158203125,-3.3717498779296875,-4.163742065429688,-6.00787353515625,-1.704315185546875,0.7716064453125
2016-03-29,18,3,298.9350280761719,289.86773681640625,-3.15966796875,1.5085601806640625,10.25,91822.71875,267.4949035644531,282.3734741210937,295.9711303710937,0.0002055515942629,0.006392978131771,0.0085282362997531,-3.9452056884765625,-1.8570404052734373,-5.8266143798828125,-3.829910278320313,-3.9388427734375,5.02984619140625
2016-03-30,0,0,296.79656982421875,294.0570678710937,-0.666259765625,1.93035888671875,457.875,91722.328125,267.7351379394531,282.6420288085937,294.21856689453125,0.0001899166090879,0.0053431317210197,0.0084248669445514,-0.739166259765625,-3.745697021484375,-2.4076080322265625,-0.84381103515625,-7.134201049804688,4.059295654296875
2016-03-30,6,1,304.31402587890625,289.9096374511719,-1.2023162841796875,1.586517333984375,21.0,91882.6875,267.4169311523437,283.14703369140625,295.2015380859375,0.0002390384324826,0.0048647969961166,0.0103021785616874,-0.0917816162109375,-8.09002685546875,-2.0464019775390625,-2.7227783203125,-6.649826049804688,1.962890625
2016-03-30,12,2,306.63140869140625,287.37921142578125,-2.533721923828125,1.201141357421875,0.0,91549.140625,266.7448425292969,282.66473388671875,298.6898193359375,0.0011200138833373,0.0075307935476303,0.0076097510755062,1.9722747802734373,-4.666534423828125,-4.77642822265625,-5.405364990234375,-1.4237060546875,1.4248199462890625
2016-03-30,18,3,299.51483154296875,289.1000366210937,-2.26324462890625,1.6562347412109375,0.0,91808.671875,266.8373718261719,282.781982421875,295.9080810546875,0.0011929955799132,0.0069558769464492,0.0089580565690994,1.49249267578125,-2.6881103515625,-4.2266693115234375,-5.673599243164063,-4.46685791015625,5.667572021484375
2016-03-31,0,0,296.797119140625,291.4737548828125,-0.553253173828125,1.779205322265625,427.375,91693.15625,267.3155822753906,282.82763671875,293.6437072753906,0.000961241312325,0.0048075392842292,0.0101316533982753,3.4703826904296875,-6.684600830078125,1.3072052001953125,-6.147720336914063,-5.6469573974609375,5.5213470458984375
2016-03-31,6,1,304.1689758300781,289.5939636230469,-0.0760040283203125,1.3320465087890625,14.125,91826.34375,266.6611022949219,282.991943359375,295.46875,0.0009388218168169,0.005656000226736,0.0096235461533069,-1.8648223876953125,-7.62884521484375,-0.4123382568359375,-6.30108642578125,-6.508590698242188,1.39837646484375
2016-03-31,12,2,306.3067626953125,287.2625732421875,-2.8789215087890625,0.8037109375,0.0,91362.578125,266.468017578125,282.7790222167969,298.853515625,0.0015922102611511,0.0082265958189964,0.0082950200885534,-0.7144927978515625,-4.6877288818359375,-4.8954620361328125,-5.991973876953125,-1.291259765625,0.641815185546875
2016-03-31,18,3,299.25982666015625,286.7191467285156,-2.7312469482421875,1.4578094482421875,0.0,91592.8125,266.6132507324219,282.9428405761719,296.2244873046875,0.001717755338177,0.0072982087731361,0.0089911706745624,-3.208038330078125,-2.05206298828125,-4.6297760009765625,-5.45361328125,-5.43170166015625,5.891326904296875
2016-04-01,0,0,297.778076171875,292.116455078125,-0.577972412109375,1.5446319580078125,223.375,91477.625,268.26397705078125,282.84814453125,293.7362060546875,0.0013931395951658,0.0062808170914649,0.0107254013419151,-0.693267822265625,-6.856475830078125,2.149871826171875,-5.237472534179688,-5.52593994140625,4.981613159179688
2016-04-01,6,1,304.3793334960937,289.9532775878906,-0.618011474609375,1.2903594970703125,5.375,91630.9375,267.91949462890625,283.15216064453125,295.91143798828125,0.0008693314157426,0.0066604502499103,0.0098252370953559,-2.42242431640625,-7.153594970703125,-1.1911163330078125,-6.956100463867188,-5.209014892578125,1.2828521728515625
2016-04-01,12,2,305.9681091308594,289.34625244140625,-3.1068878173828125,0.5573883056640625,0.0,91291.671875,266.9180908203125,283.06396484375,298.3550109863281,0.0025653305929154,0.0082203783094882,0.008902657777071,-2.376190185546875,-4.4408111572265625,-5.6577911376953125,-5.274688720703125,-1.182098388671875,1.1003875732421875
2016-04-01,18,3,299.80975341796875,287.1246337890625,-2.202239990234375,1.30535888671875,0.0,91630.984375,267.2689208984375,283.2840270996094,296.4664306640625,0.0020379519555717,0.0067348256707191,0.0090584829449653,-4.51702880859375,-4.718231201171875,-3.961135864257813,-5.236343383789063,-3.8897705078125,5.444732666015625
2016-04-02,0,0,296.9153137207031,291.1471862792969,-0.435638427734375,1.659149169921875,84.5,91510.59375,267.916259765625,283.55535888671875,294.3915100097656,0.0010695944074541,0.0045214816927909,0.0105843655765056,-3.978683471679688,-7.265060424804687,1.3972930908203125,-3.437103271484375,-5.350311279296875,4.208999633789063
2016-04-02,6,1,304.50006103515625,290.6468200683594,-1.4640350341796875,0.8544921875,0.0,91695.96875,268.10894775390625,283.4939880371094,296.2035827636719,0.0006393061485141,0.0050304979085922,0.0096895918250083,-4.368133544921875,-7.866790771484375,-2.5343017578125,-0.7333984375,-5.912200927734375,0.938568115234375
2016-04-02,12,2,306.9148864746094,286.8121643066406,-2.853912353515625,1.196502685546875,0.0,91336.34375,268.22918701171875,283.54302978515625,299.64599609375,0.0005428567528724,0.0076903291046619,0.0077541247010231,-3.8914642333984375,-4.900894165039063,-5.125411987304688,-1.142120361328125,-0.822265625,1.310089111328125
2016-04-02,18,3,299.8324890136719,286.4114074707031,-2.161117553710937,1.3214569091796875,0.0,91681.796875,268.5830383300781,283.92999267578125,297.4339294433594,0.000576639547944,0.0057339062914252,0.0082782283425331,-5.7913360595703125,-5.35870361328125,-4.3652191162109375,-2.249984741210937,-6.526901245117188,5.2949981689453125
2016-04-03,0,0,296.8353576660156,291.0307006835937,-0.0277862548828125,1.9187164306640625,120.625,91626.234375,269.8201904296875,283.73809814453125,294.1785888671875,0.0004057078622281,0.003778435755521,0.0110192336142063,-1.831390380859375,-9.461776733398438,1.584381103515625,0.025146484375,-7.353103637695312,5.92864990234375
2016-04-03,6,1,304.7714233398437,290.384765625,-0.436248779296875,0.9990081787109376,8.375,91803.578125,268.9256591796875,283.5683898925781,296.3273010253906,0.0004122781101614,0.004679474979639,0.0098274871706962,-2.384918212890625,-8.004165649414062,-1.0645904541015625,0.0519256591796875,-5.000778198242188,1.07672119140625
2016-04-03,12,2,306.82550048828125,288.7237548828125,-2.323471069335937,0.7496490478515625,0.0,91427.03125,266.89434814453125,283.6248474121094,299.82275390625,0.0012099710293114,0.0078303404152393,0.0079089626669883,-1.7933807373046875,-4.567230224609375,-4.417266845703125,-1.7405242919921875,-1.67041015625,0.6574249267578125
2016-04-03,18,3,299.9387512207031,286.4833679199219,-2.396484375,1.4282989501953125,0.0,91745.171875,268.19830322265625,283.63262939453125,297.3817749023437,0.000222142189159,0.0076753571629524,0.0087291225790977,-6.115493774414063,-0.8148345947265625,-4.385498046875,-1.44451904296875,-5.794525146484375,6.1225128173828125
2016-04-04,0,0,298.18426513671875,289.2645263671875,-0.84014892578125,1.5304107666015625,6.375,91574.203125,268.65924072265625,282.936767578125,294.83905029296875,0.0001558605436002,0.0071376599371433,0.0094783715903759,-2.9431610107421875,-6.236663818359375,-1.0816650390625,1.762115478515625,-6.12481689453125,5.463226318359375
2016-04-04,6,1,305.6058959960937,288.9508056640625,-0.9009246826171876,1.4887847900390625,0.0,91693.78125,268.639404296875,283.0484313964844,296.8035888671875,0.0001657057582633,0.0052271028980612,0.0087983906269073,-2.19000244140625,-6.899810791015625,-1.6944122314453125,3.405059814453125,-5.449249267578125,1.7308807373046875
2016-04-04,12,2,307.4674072265625,285.8398742675781,-3.04656982421875,1.0928497314453125,0.0,91253.46875,269.10321044921875,284.01812744140625,300.188720703125,0.0001355351123493,0.00678700953722,0.0069635361433029,-1.9128570556640625,-4.84686279296875,-5.3489837646484375,0.8045196533203125,-0.9732513427734376,1.290496826171875
2016-04-04,18,3,299.8697204589844,286.376953125,-2.447174072265625,1.6304168701171875,0.0,91592.28125,269.5321655273437,284.1064453125,297.4976501464844,0.0001164019340649,0.0040634023025631,0.0075777620077133,-1.1535186767578125,-5.0933380126953125,-5.217544555664063,-0.4476165771484375,-4.8637542724609375,4.9179229736328125
2016-04-05,0,0,297.6965637207031,287.9715881347656,1.588226318359375,1.2820281982421875,9.25,91495.125,269.50830078125,283.448974609375,293.7917175292969,9.125046199187636e-05,0.003655755193904,0.0103741474449634,0.069427490234375,-9.009490966796877,2.30322265625,0.5129547119140625,-4.9869537353515625,5.016937255859375
2016-04-05,6,1,304.8116455078125,289.4447326660156,-0.0054931640625,0.6799774169921875,0.0,91621.875,268.54931640625,283.3729858398437,296.5307312011719,9.328569285571577e-05,0.002841331064701,0.0089175887405872,-1.7249298095703125,-8.337844848632812,-0.3615264892578125,1.675140380859375,-2.578842163085937,0.59967041015625
2016-04-05,12,2,307.1949157714844,287.0101623535156,-2.352890014648437,0.374725341796875,0.0,91178.234375,269.17694091796875,283.9189453125,300.1678466796875,9.789213072508574e-05,0.0064635016024112,0.0065257363021373,0.179901123046875,-3.6187896728515625,-3.786819458007813,0.8212738037109375,-1.7647857666015625,-0.1038970947265625
2016-04-05,18,3,299.835693359375,283.746826171875,-2.8623199462890625,1.9522247314453125,0.0,91585.265625,269.4697265625,283.702880859375,297.21435546875,0.0001327426289208,0.0056900233030319,0.0080670118331909,-0.240875244140625,3.690719604492188,-5.32293701171875,0.7111358642578125,-4.965835571289063,7.86578369140625
2016-04-06,0,0,297.875732421875,290.3251037597656,1.067413330078125,1.7110595703125,192.5,91493.1875,268.198974609375,282.7242431640625,292.82489013671875,0.0002827048301696,0.0047324076294898,0.0122676491737365,-0.075164794921875,-3.74359130859375,4.31121826171875,-0.5514068603515625,-6.31866455078125,2.09808349609375
2016-04-06,6,1,304.379638671875,292.0871887207031,1.53363037109375,-0.418792724609375,14.25,91697.046875,269.02508544921875,283.46685791015625,295.22589111328125,0.0003014444373548,0.0050730183720588,0.0120475254952907,-0.4849853515625,-3.871017456054688,2.127044677734375,2.95556640625,-1.8790283203125,-0.9912109375
2016-04-06,12,2,306.8085327148437,289.28497314453125,-0.284637451171875,0.8563995361328125,0.0,91285.5,268.9392395019531,283.3758544921875,299.3284912109375,0.0004814504645764,0.0078163892030715,0.0085456930100917,3.6207275390625,-1.8589324951171875,-0.5006866455078125,1.1816864013671875,-3.169677734375,0.3692626953125
2016-04-06,18,3,300.3995666503906,287.72393798828125,-1.8243560791015625,2.111114501953125,2.375,91622.15625,268.4783935546875,283.3339233398437,296.97576904296875,0.0008509352337568,0.0076255351305007,0.0100642368197441,1.5787353515625,2.194610595703125,-2.8204803466796875,-1.6934967041015625,-3.46185302734375,8.3406982421875
2016-04-07,0,0,298.67266845703125,291.8779296875,1.133544921875,0.9420623779296876,281.375,91536.75,268.575439453125,283.04327392578125,292.5509948730469,0.0008516882080584,0.0060113035142421,0.0130867473781108,4.4776763916015625,-0.9179840087890624,3.770919799804688,2.1021270751953125,-4.2759552001953125,-1.39300537109375
2016-04-07,6,1,304.6057434082031,291.9675598144531,0.832489013671875,-1.202728271484375,51.75,91609.75,268.8687744140625,284.1058349609375,295.7632141113281,0.0007577412761747,0.0039982660673558,0.0125537365674972,7.590530395507812,-3.6383056640625,0.99639892578125,3.423248291015625,-0.550018310546875,-1.842315673828125
2016-04-07,12,2,307.64825439453125,288.4886474609375,-0.8783416748046875,0.592803955078125,0.0,91214.0,268.9054870605469,283.6674499511719,300.0182800292969,0.0011693590786308,0.0090658627450466,0.0092292577028274,10.477508544921877,-1.8572235107421875,-1.1044769287109375,-0.766510009765625,-1.7209014892578125,-0.05426025390625
2016-04-07,18,3,300.9996032714844,291.307373046875,-3.335662841796875,2.428131103515625,158.5,91543.765625,269.2113647460937,283.6466064453125,296.22821044921875,0.0005860808305442,0.0085453577339649,0.0117551051080226,8.810333251953125,1.707244873046875,-3.6274566650390634,-2.816070556640625,-4.8988189697265625,9.543350219726562
2016-04-08,0,0,298.19708251953125,294.84844970703125,0.3084259033203125,1.91351318359375,1189.0,91514.34375,268.6634826660156,283.2027587890625,292.9517822265625,0.0003477281425148,0.0075979121029376,0.0148893520236015,7.557296752929687,-1.5860595703125,2.8253631591796875,-2.81622314453125,-1.7945098876953125,5.9201202392578125
2016-04-08,6,1,302.3700256347656,292.5804138183594,0.5542755126953125,1.1841583251953125,231.375,91596.359375,269.3973388671875,284.7123413085937,295.5157470703125,0.000382125377655,0.0063769854605197,0.0137192048132419,5.309738159179688,-0.238433837890625,0.7598419189453125,-1.3445892333984375,-0.577362060546875,1.3729095458984375
2016-04-08,12,2,307.1625366210937,290.71221923828125,-1.150543212890625,1.0043792724609375,18.625,91224.53125,269.5965576171875,284.5103759765625,298.82000732421875,0.0006317347288131,0.009417101740837,0.0113714821636676,5.67822265625,-0.067291259765625,-1.7118377685546875,-1.6789398193359375,-2.6676788330078125,0.869720458984375
2016-04-08,18,3,300.5904541015625,292.83721923828125,-1.720733642578125,2.1955108642578125,512.0,91582.984375,270.025634765625,283.3003234863281,295.5576171875,0.0006614169105887,0.0100414231419563,0.0135088749229907,4.404556274414063,-1.247772216796875,-2.8873291015625,-0.9261322021484376,-4.0285491943359375,7.4817352294921875
2016-04-09,0,0,299.8433532714844,294.0993347167969,-0.3868408203125,1.87200927734375,873.0,91477.640625,269.55718994140625,283.56854248046875,293.1272888183594,0.0004690329078584,0.0086008459329605,0.0143297389149665,3.0660858154296875,-3.743743896484375,3.8820648193359375,1.49395751953125,-6.318618774414063,5.073883056640625
2016-04-09,6,1,303.3111572265625,293.6825561523437,0.2325286865234375,1.30706787109375,423.0,91678.4375,269.87469482421875,284.41705322265625,294.645263671875,0.0004419547040015,0.0061413198709487,0.0141039341688156,2.962020874023437,-3.478302001953125,0.0947113037109375,1.163055419921875,-3.969635009765625,1.462738037109375
2016-04-09,12,2,305.34539794921875,292.9302978515625,-1.752532958984375,1.046051025390625,173.625,91358.953125,270.0684814453125,284.9022827148437,297.00250244140625,0.0005611851811408,0.0072886124253273,0.0123551115393638,1.6298828125,-3.0639801025390625,-2.6217803955078125,1.0713043212890625,-2.6231231689453125,0.622283935546875
2016-04-09,18,3,298.7904052734375,294.2619323730469,1.2447052001953125,1.2672882080078125,367.0,91731.671875,269.7117004394531,284.5704345703125,293.9727783203125,0.0010039284825325,0.0081988163292407,0.0141459554433822,-0.246490478515625,-4.44085693359375,-0.69317626953125,1.883544921875,-4.2333831787109375,6.17138671875
2016-04-10,0,0,299.05303955078125,294.2484741210937,0.626556396484375,0.4109954833984375,712.25,91644.421875,269.4237060546875,284.8242492675781,292.2547912597656,0.001308552455157,0.0021541938185691,0.0146326161921024,0.7771453857421875,-6.616470336914063,2.2469635009765625,2.6600341796875,-4.881637573242188,2.158843994140625
2016-04-10,6,1,304.04901123046875,293.9779663085937,-0.2221221923828125,-0.0746917724609375,471.75,91764.234375,269.68902587890625,283.818603515625,294.974853515625,0.0011799805797636,0.0069480836391448,0.0139270238578319,-1.64495849609375,-3.55474853515625,-0.469757080078125,2.287078857421875,-2.1461944580078125,-0.4490814208984375
2016-04-10,12,2,305.30291748046875,292.10968017578125,-1.489593505859375,0.3488311767578125,64.0,91409.921875,269.0615234375,283.82037353515625,298.4989624023437,0.001083034556359,0.0095412284135818,0.0115308426320552,-0.1172027587890625,-2.6337432861328125,-2.4219970703125,-1.79205322265625,-3.403961181640625,0.0092620849609375
2016-04-10,18,3,300.0789489746094,291.2954406738281,-1.595977783203125,1.7524261474609375,78.0,91704.609375,269.8182373046875,283.44512939453125,295.634521484375,0.0007795591372996,0.0098295211791992,0.0117544680833816,-3.776153564453125,-2.1993560791015625,-3.1103057861328125,-1.0872039794921875,-4.804244995117188,6.368911743164063
2016-04-11,0,0,298.95654296875,292.826171875,0.9885406494140624,0.941314697265625,220.5,91572.109375,269.4681091308594,285.12451171875,293.1216735839844,0.0004741419106721,0.0031576526816934,0.0141889601945877,-4.005035400390625,-6.4966888427734375,5.072357177734375,2.105987548828125,-7.28619384765625,0.2694244384765625
2016-04-11,6,1,304.8433837890625,292.9882507324219,1.0218963623046875,-1.6763153076171875,148.0,91649.75,270.2779846191406,285.5234375,296.3603820800781,0.0003773891367018,0.0036912211216986,0.0127933919429779,-4.512466430664063,-6.3440704345703125,1.1262054443359375,3.325775146484375,-4.591323852539063,-2.806625366210937
2016-04-11,12,2,308.3402709960937,289.7138977050781,-1.2023468017578125,-0.416748046875,1.5,91254.015625,269.8623046875,284.6732788085937,301.0739440917969,0.0011887247674167,0.0093479715287685,0.0094520077109336,-2.762725830078125,-3.6844329833984375,-2.452880859375,-0.062469482421875,-3.854217529296875,-1.6836090087890625
2016-04-11,18,3,301.69464111328125,291.38482666015625,-2.268539428710937,1.774139404296875,64.0,91588.078125,270.2030029296875,284.37939453125,296.8787841796875,0.0006751832552254,0.0087053254246711,0.0123516991734504,-4.4898834228515625,0.6205291748046875,-3.2752838134765625,0.2456512451171875,-4.665054321289063,7.431793212890625
2016-04-12,0,0,299.2298583984375,293.1131591796875,1.0634002685546875,1.3628082275390625,575.125,91458.015625,269.766357421875,285.2387084960937,293.9677734375,0.0004488716367632,0.0030137656722217,0.0139372833073139,-2.02557373046875,-8.020065307617188,4.5211334228515625,2.899169921875,-5.783966064453125,4.527130126953125
2016-04-12,6,1,304.88983154296875,293.8359680175781,0.817840576171875,0.3223876953125,173.5,91548.015625,269.75689697265625,285.199951171875,297.1475830078125,0.0003717611543834,0.00437952298671,0.0123100131750106,-2.07904052734375,-6.992202758789063,0.6403961181640625,1.1910552978515625,-3.261322021484375,0.009613037109375
2016-04-12,12,2,308.6458740234375,290.07000732421875,-0.8383941650390625,0.0984344482421875,0.0,91131.171875,269.66949462890625,285.29718017578125,301.6656494140625,0.0005328189581632,0.0089383795857429,0.0090701095759868,-0.6129150390625,-3.347885131835937,-1.663055419921875,-2.278289794921875,-2.53045654296875,-0.5691680908203125
2016-04-12,18,3,302.4453125,288.40478515625,-1.7912750244140625,1.9157562255859373,9.375,91475.640625,269.258544921875,284.2684326171875,298.15020751953125,0.0004206164740025,0.0096690542995929,0.0115880891680717,-3.781097412109375,0.3427886962890625,-2.6194305419921875,-0.412750244140625,-0.302734375,9.31329345703125
2016-04-13,0,0,299.8545837402344,296.2604064941406,2.85198974609375,1.1429595947265625,2122.25,91387.0625,268.698974609375,284.4468994140625,294.58184814453125,0.0004311143420636,0.0073640272021293,0.0142260938882827,-0.138824462890625,-4.147125244140625,6.8450927734375,-0.8661956787109375,-5.698410034179688,2.077743530273437
2016-04-13,6,1,305.12176513671875,293.048583984375,2.1427001953125,-1.071197509765625,516.375,91468.65625,269.6209411621094,284.9500732421875,296.97772216796875,0.0004194504581391,0.0062919631600379,0.0134950019419193,-0.3699798583984375,-3.92791748046875,2.837799072265625,0.8266448974609375,-5.027557373046875,-1.71337890625
2016-04-13,12,2,308.6590576171875,290.37188720703125,0.419677734375,-1.2160797119140625,0.0,91021.546875,269.03143310546875,285.1984558105469,301.1478271484375,0.001559370663017,0.0095305368304252,0.0101093165576457,-0.94146728515625,-1.2069091796875,0.3940887451171875,-0.3125152587890625,-5.3118743896484375,-2.5028533935546875
2016-04-13,18,3,302.1775207519531,289.583984375,0.2725677490234375,0.0958251953125,133.125,91265.5625,270.09698486328125,285.17724609375,300.40045166015625,0.0004395050927996,0.0089177712798118,0.0101977251470088,1.0272216796875,-3.732757568359375,-0.612518310546875,3.068389892578125,-4.56573486328125,-1.76385498046875
2016-04-14,0,0,300.8983764648437,293.6322021484375,1.1403656005859375,0.412872314453125,788.125,91295.765625,269.2805480957031,284.5362854003906,295.93463134765625,0.0004187701269984,0.0085493437945842,0.0128059312701225,1.6602935791015625,-2.8775787353515625,0.390350341796875,0.178558349609375,-5.5923919677734375,3.2378692626953125
2016-04-14,6,1,305.66778564453125,292.87677001953125,0.5376434326171875,0.811676025390625,239.75,91426.4375,268.8746337890625,285.421142578125,297.2969055175781,0.0004596505314111,0.0075370743870735,0.0133223831653594,-0.016937255859375,-5.2874603271484375,0.7839202880859375,0.4920196533203125,-2.868270874023437,0.914947509765625
2016-04-14,12,2,308.47711181640625,292.53045654296875,-1.5718841552734375,1.7562103271484375,61.75,91098.5625,269.35009765625,285.14324951171875,301.0011291503906,0.0004585050046443,0.0099983401596546,0.011289358139038,0.687530517578125,-3.3673553466796875,-2.222015380859375,-3.0110626220703125,-2.062240600585937,2.0316925048828125
2016-04-14,18,3,303.02313232421875,290.7645874023437,-2.8886260986328125,2.23333740234375,0.75,91416.9375,269.0412292480469,285.3489990234375,298.11962890625,0.0010284311138093,0.0094596073031425,0.01166657730937,-2.6513214111328125,-0.2600860595703125,-4.947311401367188,-5.5176849365234375,-6.716720581054688,8.8092041015625
2016-04-15,0,0,300.31353759765625,293.56121826171875,0.7974853515625,0.9269561767578124,984.125,91437.40625,269.72442626953125,284.0279541015625,295.0717163085937,0.0005887695588171,0.0100527964532375,0.0142978429794311,1.9524383544921875,-5.353805541992188,2.6800079345703125,-3.147613525390625,-2.3223876953125,3.778228759765625
2016-04-15,6,1,306.532470703125,292.2705383300781,-1.2808685302734375,0.4799957275390625,28.375,91564.9375,269.62762451171875,285.1962890625,298.29718017578125,0.0005387973506003,0.0081550180912017,0.0114737041294574,1.219207763671875,-6.096115112304688,-2.202117919921875,0.9337158203125,-6.277557373046875,0.338470458984375
2016-04-15,12,2,308.7821960449219,290.27099609375,-3.12896728515625,1.3055877685546875,0.0,91255.703125,268.75457763671875,285.0137634277344,300.9784545898437,0.0020719403401017,0.0094337128102779,0.0098205283284187,2.09552001953125,-4.737945556640625,-5.883834838867188,-2.0150146484375,-0.9132843017578124,1.6693115234375
2016-04-15,18,3,301.99688720703125,290.9811096191406,-2.887191772460937,2.3694305419921875,261.5,91521.9375,268.7999572753906,284.7626342773437,297.77178955078125,0.0015900775324553,0.0085054971277713,0.0111833624541759,-3.61419677734375,-3.2740936279296875,-4.69354248046875,-4.041351318359375,-2.9443359375,6.983413696289063
2016-04-16,0,0,299.4057006835937,293.85076904296875,0.144927978515625,1.7652740478515625,869.5,91415.4375,269.4006042480469,285.05377197265625,294.45025634765625,0.0001586449216119,0.0055200532078742,0.0140067636966705,-7.270217895507812,-8.167861938476562,2.1680908203125,-1.1471710205078125,-7.3764190673828125,5.649429321289063
2016-04-16,6,1,305.8169250488281,292.1474914550781,-1.0577850341796875,1.1292266845703125,7.875,91578.296875,268.4261474609375,284.8853454589844,297.43231201171875,0.0002680217730812,0.0058922581374645,0.0112432539463043,-5.86383056640625,-7.792327880859375,-1.94964599609375,1.581573486328125,-6.8368072509765625,1.1525726318359375
2016-04-16,12,2,307.834228515625,289.44512939453125,-2.320785522460937,0.6767578125,0.0,91206.34375,268.54522705078125,284.70245361328125,301.006591796875,0.0018599131144583,0.0088650211691856,0.0089742131531238,-3.7054443359375,-3.8631744384765625,-3.7551116943359375,-0.2606353759765625,-0.9643707275390624,0.7017364501953125
2016-04-16,18,3,301.427490234375,287.8139038085937,-1.7684326171875,2.17803955078125,0.0,91481.515625,269.033447265625,284.82684326171875,298.4862976074219,0.0008650284726172,0.0081800743937492,0.0098468214273452,-6.54638671875,-1.8069915771484373,-3.0553131103515625,-1.9799041748046875,-4.74749755859375,8.812667846679688
2016-04-17,0,0,299.0365600585937,292.4459228515625,1.2602691650390625,0.3408355712890625,825.25,91370.453125,268.6098327636719,284.5735168457031,295.6155700683594,0.0001704107125988,0.0068503841757774,0.0124370120465755,-1.84619140625,-8.40460205078125,5.0924835205078125,1.9725799560546875,-7.916229248046875,0.8652191162109375
2016-04-17,6,1,305.84234619140625,291.9124755859375,-0.1848602294921875,-1.6803436279296875,126.125,91488.640625,268.853271484375,285.2112121582031,297.7843017578125,0.0001464413071516,0.0062591582536697,0.0119963996112346,-3.436996459960937,-8.516189575195312,-0.731597900390625,2.0088043212890625,-4.884735107421875,-2.654815673828125
2016-04-17,12,2,308.5267333984375,290.7982177734375,-2.2401580810546875,0.0375213623046875,0.0,91071.421875,269.16143798828125,285.52496337890625,302.0064392089844,0.0010408270172774,0.0082244202494621,0.0083438158035278,-2.2093963623046875,-4.9557952880859375,-5.212188720703125,0.3858795166015625,-1.9988861083984373,-0.656707763671875
2016-04-17,18,3,301.8226623535156,288.6899108886719,-2.592147827148437,1.9266204833984373,2.25,91469.34375,268.205078125,285.08648681640625,298.0899353027344,0.0010233025532215,0.0079266875982284,0.0100394152104854,-5.0565185546875,-3.617218017578125,-5.0385589599609375,-0.9303741455078124,-3.7059326171875,6.32086181640625
2016-04-18,0,0,298.4892272949219,292.66082763671875,-0.255462646484375,1.7083282470703125,130.625,91358.96875,268.58709716796875,285.48974609375,294.33209228515625,0.0004618659149855,0.004373769275844,0.0123142898082733,-0.3278961181640625,-10.2081298828125,0.5766448974609375,4.99859619140625,-6.235153198242188,5.180908203125
2016-04-18,6,1,305.382568359375,290.8191833496094,-0.5743865966796875,2.1234893798828125,0.0,91540.609375,268.0086669921875,285.7978210449219,296.4364013671875,0.0004915341269224,0.0030670545529574,0.0115393251180648,-0.634124755859375,-11.833831787109377,-1.05645751953125,4.5990142822265625,-2.4411163330078125,2.6481170654296875
2016-04-18,12,2,307.8306884765625,288.3906555175781,-1.83154296875,1.3076324462890625,0.0,91141.703125,268.14263916015625,284.5382080078125,300.5894470214844,0.000692656263709,0.0072166435420513,0.0081344805657863,-1.05718994140625,-3.8048095703125,-3.0166778564453125,2.259262084960937,-1.395904541015625,1.3690032958984375
2016-04-18,18,3,300.78643798828125,287.9957275390625,-2.6929473876953125,1.945709228515625,0.0,91453.8125,268.28814697265625,285.4866943359375,297.57861328125,0.0006167129613459,0.0042314976453781,0.0102008879184722,-2.864044189453125,-2.2385406494140625,-2.9422607421875,1.7302703857421875,-4.933349609375,8.409194946289062
2016-04-19,0,0,299.6739501953125,293.8393859863281,0.0556793212890625,2.063201904296875,602.75,91444.890625,268.5858459472656,285.523193359375,292.9267578125,0.0003325473517179,0.0016046266537159,0.0143418312072753,-1.907562255859375,-5.4705657958984375,2.737548828125,1.1580352783203125,-1.760650634765625,6.330474853515625
2016-04-19,6,1,305.6561889648437,292.6546630859375,-0.1888580322265625,0.936187744140625,20.875,91580.265625,269.1678771972656,285.5487060546875,296.67645263671875,0.0002904362045228,0.0039993841201066,0.0123533457517623,-3.5713653564453125,-4.155487060546875,-0.4506683349609375,2.2022857666015625,1.48187255859375,0.78314208984375
2016-04-19,12,2,308.40802001953125,289.1903686523437,-1.31939697265625,0.7843017578125,0.0,91188.015625,269.6010131835937,284.1490478515625,300.3807983398437,0.0009835767559707,0.0086963325738906,0.0090200565755367,-2.2400360107421875,-3.133285522460937,-2.118865966796875,2.4547576904296875,-1.9879302978515625,0.4371795654296875
2016-04-19,18,3,301.771240234375,289.68365478515625,-2.708969116210937,2.400390625,17.0,91630.21875,268.51580810546875,285.34112548828125,297.5887451171875,0.0005211241077631,0.0061643943190574,0.0105152800679206,-3.392486572265625,-1.2547149658203125,-2.825958251953125,0.933349609375,-4.720611572265625,9.700424194335938
2016-04-20,0,0,300.0703125,293.291015625,0.478240966796875,1.6750946044921875,365.875,91548.515625,270.0076599121094,285.4500732421875,292.995849609375,0.0004032105207443,0.0030614158604294,0.0144381932914257,-1.0777130126953125,-7.24639892578125,3.4798126220703125,0.7031707763671875,-3.8730316162109375,4.904800415039063
2016-04-20,6,1,305.8271484375,293.2091064453125,0.4137725830078125,0.460479736328125,107.25,91713.390625,269.281982421875,286.20916748046875,296.69110107421875,0.0004641239065676,0.0022411458194255,0.0128443166613578,-5.6424407958984375,-6.6035919189453125,0.2170562744140625,0.2625274658203125,0.852294921875,0.2601318359375
2016-04-20,12,2,308.7904663085937,289.285888671875,-0.2978363037109375,0.16131591796875,0.0,91297.609375,268.2614440917969,285.02020263671875,301.2310791015625,0.0017295207362622,0.00870106741786,0.0090052708983421,-4.482818603515625,-3.43548583984375,-0.868316650390625,0.0926513671875,-2.5458984375,-0.47906494140625
2016-04-20,18,3,302.03350830078125,288.9682922363281,-0.9648284912109376,1.9846038818359373,1.0,91637.375,268.66778564453125,284.86920166015625,298.87945556640625,0.0005681857001036,0.0082325413823127,0.010504100471735,-7.085113525390625,1.8199615478515625,-0.734588623046875,-1.7010040283203125,-4.620162963867188,7.9455718994140625
2016-04-21,0,0,299.9918212890625,294.144287109375,1.54742431640625,1.118408203125,571.75,91485.75,269.7010498046875,285.0272216796875,295.0140380859375,0.0002394389448454,0.003808609675616,0.0130036324262619,-3.764617919921875,-6.4036712646484375,3.999710083007813,0.4896087646484375,-3.8882904052734375,1.443359375
2016-04-21,6,1,306.3293762207031,292.7265625,1.372161865234375,0.554840087890625,203.625,91637.078125,269.85546875,284.7310791015625,297.2845764160156,0.0002385836414759,0.0050198547542095,0.0126844085752964,-4.9625244140625,-4.274703979492188,1.6130828857421875,0.92034912109375,-0.5075836181640625,0.463714599609375
2016-04-21,12,2,307.73193359375,289.6158447265625,0.31964111328125,1.2047271728515625,0.0,91239.59375,270.25390625,284.77655029296875,300.8819885253906,0.0006992404814809,0.0089826025068759,0.0093909837305545,-5.043731689453125,-2.5049591064453125,0.070068359375,-0.2605438232421875,-2.734466552734375,0.9013671875
2016-04-21,18,3,302.4396057128906,289.14239501953125,1.1787567138671875,2.208099365234375,47.375,91543.6875,270.43084716796875,285.2667236328125,298.3652648925781,0.0006131639238446,0.0083843506872653,0.0108909793198108,-7.0649261474609375,-1.61328125,2.9188385009765625,-1.2997589111328125,-5.017578125,7.871414184570312
2016-04-22,0,0,299.58905029296875,296.00390625,2.278305053710937,1.4816436767578125,1042.0,91441.765625,269.8032531738281,285.0220947265625,295.9405517578125,0.0005959828849881,0.0066238939762115,0.0119068920612335,-3.286605834960937,-4.9843597412109375,5.8869171142578125,0.89459228515625,-4.6194610595703125,1.37164306640625
2016-04-22,6,1,304.99688720703125,293.8095092773437,2.993499755859375,-0.5471649169921875,650.625,91638.234375,268.84490966796875,285.2447204589844,296.3167724609375,0.0006513257976621,0.0056551862508058,0.013813205063343,-3.432037353515625,-5.8108978271484375,4.240081787109375,4.0084075927734375,-2.6025543212890625,-0.9644775390625
2016-04-22,12,2,307.0139465332031,292.1505126953125,1.0077972412109375,-1.15472412109375,208.5,91220.71875,268.531494140625,284.91998291015625,299.44000244140625,0.0015686044935137,0.0091522634029388,0.0121212303638458,-2.923919677734375,-0.884368896484375,1.4955596923828125,0.023223876953125,-3.453598022460937,-2.11505126953125
2016-04-22,18,3,301.64117431640625,291.6293334960937,2.079620361328125,1.4002838134765625,51.375,91454.84375,269.7325439453125,284.3623352050781,297.850830078125,0.0010997815988957,0.009191770106554,0.0120740160346031,-0.3215179443359375,-5.40283203125,4.6336822509765625,-1.18292236328125,-3.2126922607421875,1.164886474609375
2016-04-23,0,0,300.2904968261719,293.6239624023437,1.98785400390625,-1.5277557373046875,417.75,91303.4375,270.0735168457031,284.6063537597656,296.6112670898437,0.0006550052203238,0.0092108994722366,0.0118981935083866,-1.74835205078125,-5.0595245361328125,6.1916351318359375,-1.77789306640625,-1.6334991455078125,-4.627243041992188
2016-04-23,6,1,307.00543212890625,289.5675964355469,2.184326171875,-1.8746795654296875,0.0,91423.046875,269.9237060546875,284.481201171875,298.5663757324219,0.0005003795959055,0.0094731673598289,0.0103783272206783,-0.03338623046875,-2.660400390625,2.999908447265625,-1.365570068359375,-0.4479217529296875,-3.1165771484375
2016-04-23,12,2,309.9096069335937,288.42071533203125,0.4383697509765625,-0.744873046875,0.0,91014.0625,269.5248107910156,285.8444519042969,302.24169921875,0.0003450473304837,0.00821478292346,0.0083186700940132,1.2421112060546875,0.0706329345703125,0.56610107421875,-4.82916259765625,-2.5386199951171875,-1.6024932861328125
2016-04-23,18,3,301.236083984375,291.3326721191406,2.349212646484375,1.528350830078125,206.125,91285.109375,270.2406616210937,285.67901611328125,298.8257751464844,0.0003740221727639,0.0074612870812416,0.0108365528285503,1.5674285888671875,-3.474472045898437,5.31146240234375,-4.7355499267578125,-3.908889770507813,-0.791046142578125
2016-04-24,0,0,298.504150390625,294.6031188964844,1.947845458984375,-0.13037109375,471.875,91205.0625,270.3902587890625,284.94403076171875,296.82257080078125,0.0003413599915802,0.0068678259849548,0.0100295580923557,0.07635498046875,-4.5444183349609375,2.5617828369140625,-2.592620849609375,-3.560791015625,-5.066177368164063
2016-04-24,6,1,307.133056640625,290.42156982421875,1.226318359375,-2.69140625,2.125,91296.53125,269.92755126953125,285.0971374511719,298.9690856933594,0.000381997320801,0.0062820576131343,0.0100814551115036,0.2790069580078125,-3.4632568359375,1.223236083984375,-2.5963134765625,0.0757293701171875,-3.889846801757813
2016-04-24,12,2,310.01470947265625,289.24932861328125,0.2606201171875,-1.320098876953125,0.0,90931.34375,269.5303955078125,286.6236572265625,303.0401306152344,0.0003633939195424,0.0074542760848999,0.0074976533651351,-0.474151611328125,-1.7576141357421875,-0.130340576171875,-3.34466552734375,-1.66156005859375,-2.05291748046875
2016-04-24,18,3,302.35650634765625,288.3169250488281,-0.9497528076171876,1.9442596435546875,54.875,91218.953125,271.0249328613281,285.84686279296875,300.3037109375,0.0002355064643779,0.0072364024817943,0.0092655755579471,-4.75927734375,-2.062591552734375,-2.3131103515625,-1.177734375,-3.0432586669921875,5.0960845947265625
2016-04-25,0,0,299.76422119140625,294.013916015625,1.5570068359375,0.31640625,1068.375,91220.921875,269.80810546875,284.59210205078125,296.505859375,0.0003296623472124,0.0088795274496078,0.0115153007209301,-0.6869049072265625,-5.155792236328125,0.724517822265625,-1.4079132080078125,-1.751953125,-1.121856689453125
2016-04-25,6,1,306.91558837890625,290.1731262207031,-0.5151519775390625,-0.8351287841796875,138.125,91373.0625,269.787353515625,284.6547241210937,298.1952819824219,0.0003190104616805,0.0080678761005401,0.0115339420735836,-4.1011810302734375,-5.5558929443359375,-0.813446044921875,-0.71527099609375,1.8835906982421875,-1.699859619140625
2016-04-25,12,2,307.99542236328125,290.2156982421875,-1.3520355224609375,2.3486480712890625,61.875,91113.125,268.4732666015625,284.5311279296875,300.6419372558594,0.0018929534126073,0.0102206394076347,0.0108231417834758,-2.8036651611328125,-2.3534698486328125,-2.14190673828125,-2.7975006103515625,-2.826812744140625,2.135101318359375
2016-04-25,18,3,300.2383117675781,292.1385192871094,-0.33428955078125,1.7833099365234375,113.75,91428.046875,268.636474609375,285.4835205078125,298.3573608398437,0.0004689944908022,0.0083303302526474,0.0114881880581378,-10.047042846679688,-1.3604736328125,-4.19384765625,-1.0251617431640625,-6.056793212890625,7.6983642578125
2016-04-26,0,0,300.73455810546875,292.2509460449219,-0.6728363037109375,-0.016021728515625,330.625,91411.609375,269.24285888671875,284.4939880371094,295.7586975097656,0.0003071428509429,0.0079837031662464,0.0125645324587821,-8.230789184570312,-7.990447998046875,1.547943115234375,1.9055328369140625,-2.1942596435546875,1.1298065185546875
2016-04-26,6,1,306.4989624023437,291.0746459960937,-2.1427001953125,0.582977294921875,15.375,91555.15625,269.2952880859375,284.11181640625,298.5025939941406,0.0004710301291197,0.0073898807168006,0.0102673731744289,-7.855148315429687,-8.831039428710938,-3.2996063232421875,0.6961212158203125,-2.12615966796875,0.7225341796875
2016-04-26,12,2,308.14434814453125,289.16094970703125,-2.834457397460937,2.19976806640625,0.0,91278.5625,268.6956787109375,284.84893798828125,299.957275390625,0.0007568194996565,0.0083970129489898,0.0091917961835861,-7.6403656005859375,-3.953277587890625,-5.5612335205078125,-0.3001251220703125,-1.989715576171875,3.266326904296875
2016-04-26,18,3,301.00311279296875,290.6675109863281,-2.544662475585937,2.105133056640625,3.875,91533.484375,268.8988647460937,284.928955078125,298.141357421875,0.000356541480869,0.0076463893055915,0.0088539607822895,-9.059066772460938,-5.159713745117188,-5.8590850830078125,0.558807373046875,-5.8427581787109375,6.516159057617188
2016-04-27,0,0,298.88336181640625,293.42822265625,-1.6727142333984375,1.41650390625,30.375,91429.0,268.3797912597656,285.32476806640625,297.84869384765625,0.0004974526818841,0.0031598645728081,0.0053322464227676,-9.365707397460938,-7.685470581054687,-5.924652099609375,3.080841064453125,-6.5104522705078125,3.636428833007813
2016-04-27,6,1,306.986083984375,288.83111572265625,-1.8875274658203125,2.1419830322265625,0.0,91530.90625,268.7779541015625,285.63140869140625,298.2415771484375,0.0005465566646307,0.0026522404514253,0.0082447007298469,-7.8869781494140625,-10.657958984375,-3.212310791015625,4.440200805664063,-4.218353271484375,2.762847900390625
2016-04-27,12,2,308.08111572265625,286.2301025390625,-2.5404815673828125,2.267974853515625,0.0,91221.6875,268.711669921875,284.8173522949219,300.1015625,0.0006264988332986,0.0055898153223097,0.0073039010167121,-6.1015167236328125,-3.191375732421875,-4.266754150390625,1.0410919189453125,-2.87353515625,3.2918243408203125
2016-04-27,18,3,300.58660888671875,287.4144897460937,-1.6563873291015625,1.39361572265625,0.0,91433.375,268.1592712402344,286.3189697265625,297.86456298828125,0.0006231535226106,0.0022711406927555,0.0087942853569984,-6.097671508789063,-7.2018890380859375,-1.9997100830078125,-1.01983642578125,-3.8449554443359375,5.8906097412109375
2016-04-28,0,0,298.2635192871094,290.98016357421875,-0.101165771484375,1.351715087890625,489.625,91432.984375,268.800537109375,285.5491943359375,293.5179748535156,0.0005834826733916,0.0023820812348276,0.0135971568524837,-5.455612182617188,-8.379592895507812,1.2281341552734375,0.4554290771484375,-2.04248046875,6.7272491455078125
2016-04-28,6,1,306.1590270996094,291.40985107421875,-0.2316741943359375,1.477386474609375,8.75,91496.953125,268.38262939453125,285.6668701171875,297.08477783203125,0.0005644499324262,0.0025551619473844,0.0111494623124599,-4.641159057617188,-9.075668334960938,-0.7181243896484375,-0.1271209716796875,0.1135711669921875,1.665802001953125
2016-04-28,12,2,308.205322265625,286.77685546875,-1.7294921875,2.23577880859375,0.0,91174.375,268.025634765625,284.59033203125,300.79443359375,0.0005915293004363,0.0079295262694358,0.008115142583847,-4.9905548095703125,-3.475830078125,-3.104736328125,-2.7142486572265625,0.7173004150390625,2.8775787353515625
2016-04-28,18,3,301.4579772949219,286.21783447265625,-2.4801177978515625,2.45574951171875,0.0,91416.328125,268.7708740234375,285.05572509765625,298.2129211425781,0.0004104143008589,0.0066051259636878,0.009253229945898,-7.0329437255859375,-3.3394012451171875,-3.38494873046875,-2.417327880859375,-6.04913330078125,9.189132690429688
2016-04-29,0,0,300.234619140625,289.79541015625,1.4572296142578125,0.6275634765625,91.25,91442.578125,269.3316650390625,284.40203857421875,293.3251953125,0.0003193242009729,0.0047250119969248,0.0131274051964282,-3.3009185791015625,-9.563812255859377,2.435150146484375,1.0577239990234375,-5.121109008789063,4.5016021728515625
2016-04-29,6,1,306.1552124023437,291.483154296875,-0.8570709228515625,1.5952911376953125,0.0,91530.015625,268.4086303710937,284.7723388671875,297.2792053222656,0.0002892510965466,0.0037129078991711,0.0105482414364814,-3.7468109130859375,-8.790008544921875,-1.6004638671875,0.2414703369140625,-0.4408416748046875,1.885589599609375
2016-04-29,12,2,308.5284423828125,286.3145751953125,-2.25372314453125,2.0203399658203125,0.0,91261.0625,268.2382202148437,284.6224975585937,300.81427001953125,0.0003343331627547,0.0077496320009231,0.0078237876296043,-2.4976806640625,-3.67962646484375,-3.7745513916015625,-0.7346343994140625,0.2664642333984375,2.5355377197265625
2016-04-29,18,3,301.0863037109375,285.5995483398437,-2.25177001953125,2.1145477294921875,0.0,91502.578125,268.8528137207031,284.9354248046875,297.902099609375,0.000297465827316,0.0072977542877197,0.0088236331939697,-4.981231689453125,-2.007843017578125,-3.220947265625,0.3763885498046875,-7.74951171875,8.382598876953125
2016-04-30,0,0,299.26153564453125,291.02801513671875,1.235107421875,1.22650146484375,195.75,91494.890625,269.21221923828125,284.1303100585937,294.218994140625,0.0003986798692494,0.0055751986801624,0.011637732386589,-1.0736083984375,-9.457168579101562,3.7368011474609375,1.027496337890625,-4.909271240234375,2.386093139648437
2016-04-30,6,1,306.4483337402344,290.6317749023437,-0.2174835205078125,0.6283721923828125,0.0,91528.203125,268.4123840332031,284.7410583496094,297.54071044921875,0.0004245459567755,0.0031411184463649,0.0101165920495986,-0.821441650390625,-8.038375854492188,-0.6128692626953125,0.0867767333984375,0.3135986328125,0.5617523193359375
2016-04-30,12,2,308.9806823730469,287.50750732421875,-1.4911346435546875,1.81536865234375,0.0,91191.25,268.5594482421875,284.96844482421875,301.2222900390625,0.0004246758762747,0.0074269399046897,0.0075253695249557,-1.7570343017578125,-2.514190673828125,-2.443145751953125,-2.14202880859375,0.13262939453125,1.9595184326171875
2016-04-30,18,3,301.6024780273437,287.22332763671875,-2.838241577148437,3.276718139648437,0.0,91525.75,268.0286865234375,285.3285522460937,297.3726806640625,0.0004248921759426,0.0068307965993881,0.0097127072513103,-3.1107177734375,0.321319580078125,-4.8528594970703125,-2.39532470703125,-7.134246826171875,11.050048828125
2016-05-01,0,0,300.2884521484375,290.70867919921875,1.146484375,1.7121734619140625,329.0,91491.21875,269.1688537597656,284.4239807128906,293.9686584472656,0.0005020736716687,0.0067243427038192,0.0120502822101116,1.1212158203125,-4.532730102539063,5.2530670166015625,-0.7488250732421875,-3.8536529541015625,4.2623443603515625
2016-05-01,6,1,306.3658447265625,290.3663330078125,1.0951385498046875,0.71368408203125,10.5,91504.84375,268.7078857421875,285.1825561523437,297.6295166015625,0.0005487301386892,0.0048785535618662,0.0105832517147064,-0.856964111328125,-7.353729248046875,1.13458251953125,0.8004913330078125,-2.40057373046875,0.68572998046875
2016-05-01,12,2,308.8812561035156,288.6249084472656,-1.1709747314453125,-0.1259765625,0.0,91088.453125,268.4654846191406,284.94683837890625,301.3416748046875,0.0013131529558449,0.0083341598510742,0.0083503052592277,1.8662872314453125,-3.1710968017578125,-1.9735870361328125,-2.9421539306640625,-1.22125244140625,-0.6781463623046875
2016-05-01,18,3,302.02056884765625,285.7319030761719,-2.018768310546875,1.6656646728515625,0.0,91435.65625,268.01446533203125,284.4244079589844,298.6224060058594,0.0014728389214724,0.007709052413702,0.0087288059294223,-0.214111328125,2.1621551513671875,-3.806915283203125,-2.881698608398437,-0.0335693359375,10.104629516601562
2016-05-02,0,0,300.6470947265625,292.6501770019531,1.2270050048828125,2.07421875,816.125,91445.140625,267.4789428710937,284.08111572265625,295.3724060058594,0.0014360453933477,0.007727276533842,0.0115071684122085,0.8256683349609375,-3.850067138671875,5.140289306640625,-2.7530059814453125,-1.6390228271484375,3.756103515625
2016-05-02,6,1,305.98681640625,293.35516357421875,2.5933837890625,-0.6334228515625,1080.875,91512.0625,268.07977294921875,284.72705078125,297.35406494140625,0.0011266749352216,0.0063601583242416,0.0133275613188743,0.1439208984375,-6.542572021484375,3.43353271484375,-1.169525146484375,0.5670623779296875,-1.1988525390625
2016-05-02,12,2,304.095703125,293.9187316894531,-0.897064208984375,0.9048004150390624,395.875,91259.953125,267.9373779296875,285.1132202148437,297.68212890625,0.0026196767576038,0.0096065662801265,0.011705357581377,-0.5290679931640625,-2.472930908203125,-1.450347900390625,-3.78912353515625,-2.9626007080078125,-0.71221923828125
2016-05-02,18,3,300.3880615234375,291.9594421386719,0.6285247802734375,-0.769195556640625,86.0,91446.140625,267.56524658203125,284.4798889160156,298.2337646484375,0.0028305684681981,0.0093803070485591,0.0102834515273571,-1.2498931884765625,-2.795562744140625,-3.151351928710937,-3.392303466796875,-1.780517578125,1.9694061279296875
2016-05-03,0,0,299.5684814453125,292.8211669921875,0.0410003662109375,1.5857086181640625,278.0,91338.15625,268.3856201171875,284.41259765625,295.0482177734375,0.0015793265774846,0.0081165693700313,0.0120294094085693,1.0678863525390625,-5.051803588867188,-0.2856597900390625,-3.688644409179688,-6.497283935546875,7.644989013671875
2016-05-03,6,1,305.75567626953125,292.6334228515625,0.3802642822265625,1.656280517578125,572.375,91498.46875,268.994873046875,284.54595947265625,297.0163879394531,0.0017466167919337,0.0076086893677711,0.01280028373003,0.81378173828125,-6.224411010742188,0.2582550048828125,-4.080352783203125,-1.6527252197265625,2.13104248046875
2016-05-03,12,2,305.64215087890625,290.98388671875,-0.173065185546875,1.3266448974609375,119.25,91146.625,268.6951904296875,284.2138671875,299.78436279296875,0.0023861087393015,0.0094425268471241,0.0103164315223693,0.91119384765625,-5.059860229492188,-1.1364898681640625,-3.468490600585937,1.485015869140625,2.16552734375
2016-05-03,18,3,300.1142883300781,292.4613037109375,0.037445068359375,-0.900421142578125,1313.25,91460.65625,268.3529663085937,283.94647216796875,297.6742553710937,0.0031599784269928,0.0082879215478897,0.0113222524523735,-0.1255950927734375,-2.8086395263671875,-2.2576446533203125,-3.291000366210937,3.1799774169921875,-0.6273651123046875
2016-05-04,0,0,299.2801208496094,294.518310546875,0.4197235107421875,1.0342864990234375,1224.875,91387.953125,267.9545288085937,284.0665283203125,294.3653564453125,0.0031938420142978,0.0081776715815067,0.0127991400659084,2.5798492431640625,-6.0843505859375,0.258148193359375,-4.223541259765625,-2.110214233398437,6.378433227539063
2016-05-04,6,1,305.2193603515625,292.8348999023437,0.9167938232421876,1.421417236328125,554.375,91527.5625,268.7484741210937,284.0765991210937,296.6302795410156,0.0019054915755987,0.0064079910516738,0.0128364153206348,0.0594482421875,-6.523681640625,0.7942962646484375,-2.714630126953125,-0.5174407958984375,1.8645172119140625
2016-05-04,12,2,303.71044921875,293.428466796875,2.205551147460937,-1.0912628173828125,155.625,91155.140625,268.0482177734375,284.0858154296875,298.4240417480469,0.0027242426294833,0.0089751109480857,0.0115521550178527,2.657455444335937,-5.35577392578125,1.95458984375,-2.41461181640625,1.6375732421875,-0.177215576171875
2016-05-04,18,3,299.39276123046875,292.63970947265625,0.568450927734375,-1.15240478515625,450.0,91498.171875,267.73712158203125,283.2305603027344,296.74334716796875,0.0033380121458321,0.0088968984782695,0.0118848606944084,2.4596710205078125,-3.30975341796875,-1.5547637939453125,-2.50970458984375,3.109039306640625,-1.6690673828125
2016-05-05,0,0,299.3739624023437,293.17169189453125,0.4595184326171875,0.8649444580078125,359.25,91435.78125,267.2163391113281,283.4309997558594,294.4136047363281,0.0027228449471294,0.0088077709078788,0.0120186693966388,1.3194122314453125,-4.810028076171875,0.42041015625,-1.893768310546875,-3.539047241210937,2.214462280273437
2016-05-05,6,1,305.5548095703125,293.00946044921875,0.364013671875,1.0265350341796875,586.625,91568.03125,267.8779602050781,283.6567077636719,297.00946044921875,0.0019720445852726,0.0076553300023078,0.0128338746726512,0.5710296630859375,-4.536590576171875,0.2306060791015625,-0.135040283203125,-0.57904052734375,1.0062255859375
2016-05-05,12,2,302.578857421875,293.0316162109375,-0.979034423828125,-0.527191162109375,327.0,91314.515625,268.241943359375,283.865966796875,295.4385986328125,0.003670998616144,0.0106666311621665,0.012862280011177,1.13739013671875,-1.1646575927734375,-1.278411865234375,-0.524383544921875,-0.988739013671875,-0.9208221435546876
2016-05-05,18,3,297.44793701171875,292.576416015625,-0.602081298828125,0.0625457763671875,699.125,91541.46875,268.2704467773437,283.48077392578125,296.16192626953125,0.0028487956151366,0.0096504539251327,0.0119111388921737,2.543060302734375,-2.43389892578125,-2.2845458984375,-1.320068359375,1.0159759521484375,2.540771484375
2016-05-06,0,0,299.2430419921875,293.6972961425781,0.14959716796875,1.5105743408203125,251.625,91422.890625,268.2078857421875,284.314208984375,293.29754638671875,0.0016784826293587,0.0083274096250534,0.0129639208316802,5.563980102539063,-1.5320892333984375,2.4452056884765625,0.4363250732421875,-2.379150390625,5.608734130859375
2016-05-06,6,1,304.4976806640625,294.14117431640625,1.066131591796875,-0.609771728515625,977.75,91583.828125,267.90704345703125,283.67041015625,295.12646484375,0.0023198542185127,0.0087820440530776,0.0141147933900356,4.580810546875,-1.811614990234375,1.16131591796875,2.7295684814453125,-0.753326416015625,-0.988433837890625
2016-05-06,12,2,297.49951171875,293.9620361328125,-2.053680419921875,-1.7764739990234375,1509.75,91398.234375,268.00177001953125,283.6376342773437,293.4169921875,0.0033798832446336,0.009587038308382,0.0146242603659629,8.550399780273438,0.7829132080078125,-3.7239837646484375,1.4720001220703125,-0.903228759765625,-4.77642822265625
2016-05-06,18,3,295.9517822265625,293.58074951171875,-1.5651702880859375,1.5494384765625,1171.75,91507.046875,267.4469299316406,283.6754150390625,294.4862670898437,0.0031623223330825,0.0088421776890754,0.0130300167948007,5.427001953125,1.6395263671875,-3.8440093994140634,1.583221435546875,-3.757003784179688,4.5033721923828125
2016-05-07,0,0,296.90966796875,294.342041015625,0.8897552490234375,0.894012451171875,749.875,91373.125,268.37652587890625,283.6576232910156,293.2391052246094,0.0009721366222947,0.0083467215299606,0.0125118009746074,9.05133056640625,-4.3815460205078125,1.9934234619140625,-0.3820648193359375,-4.1143951416015625,6.383102416992188
2016-05-07,6,1,303.38690185546875,293.044189453125,0.6195526123046875,0.420684814453125,688.75,91464.140625,268.5126953125,284.8006591796875,295.4178466796875,0.0010817579459398,0.007637470960617,0.0139233320951461,9.049819946289062,-4.7654876708984375,0.66192626953125,2.1678619384765625,-1.5847015380859375,0.079833984375
2016-05-07,12,2,303.8468933105469,293.79791259765625,-2.44952392578125,1.666168212890625,523.375,91212.90625,268.40985107421875,284.23016357421875,296.76446533203125,0.0019735575187951,0.0097856037318706,0.0131777226924896,8.16845703125,0.013214111328125,-3.2193603515625,-2.0869293212890625,-0.12286376953125,1.8348541259765625
2016-05-07,18,3,297.52294921875,294.8055114746094,0.3311767578125,2.185699462890625,360.5,91614.15625,267.7218322753906,283.6500244140625,294.92364501953125,0.0020559220574796,0.0096158161759376,0.0131159760057926,6.021881103515625,-0.6297454833984375,-0.882476806640625,-1.713043212890625,-0.33770751953125,8.693557739257812
2016-05-08,0,0,297.791748046875,293.80181884765625,-0.1220855712890625,1.4553375244140625,372.875,91463.78125,268.5272216796875,283.9354248046875,292.6043701171875,0.0012058049906045,0.008410707116127,0.0134671181440353,10.037353515625,-3.62628173828125,2.111083984375,-1.08740234375,-0.161712646484375,6.25189208984375
2016-05-08,6,1,303.4781188964844,294.4407043457031,1.50897216796875,-0.5276031494140625,1412.125,91616.875,268.41619873046875,283.9785461425781,294.9959411621094,0.0013988795690238,0.0080732554197311,0.014817863702774,7.20489501953125,-4.491851806640625,1.8922576904296875,1.55206298828125,-0.081512451171875,-1.1803131103515625
2016-05-08,12,2,298.2113037109375,293.4279479980469,-0.363006591796875,0.3783721923828125,1278.125,91383.171875,268.87060546875,283.8763732910156,295.17388916015625,0.0023883290123194,0.010398481041193,0.0144271831959486,6.2171173095703125,-1.0478515625,0.6695709228515625,3.68524169921875,-2.5453643798828125,-3.0895538330078125
2016-05-08,18,3,295.6572265625,294.1636962890625,-0.0298614501953125,2.2241668701171875,1054.125,91672.328125,267.1418151855469,283.6484375,295.29498291015625,0.0026655809488147,0.0090483352541923,0.0128768198192119,8.504287719726562,-4.6186370849609375,-3.32769775390625,2.316162109375,-3.6327972412109375,2.10491943359375
2016-05-09,0,0,297.4697265625,294.45458984375,1.111328125,-0.4362335205078125,839.0,91534.1875,267.293212890625,283.5123291015625,294.41314697265625,0.0012647605035454,0.0072990842163562,0.0122064054012298,9.248916625976562,-5.3988189697265625,-0.038177490234375,0.600860595703125,-6.773727416992188,1.3036651611328125
2016-05-09,6,1,303.33184814453125,293.0198974609375,0.019805908203125,-1.735687255859375,552.625,91545.078125,267.5813293457031,284.1350402832031,295.6805114746094,0.0013943046797066,0.0074191913008689,0.0130390152335166,8.459457397460938,-7.306259155273437,0.0391845703125,1.0532989501953125,-1.3685302734375,-2.942733764648437
2016-05-09,12,2,304.28399658203125,292.3594970703125,-1.5177001953125,0.4841156005859375,1.375,91136.4375,267.5487976074219,284.2872314453125,298.5751953125,0.0010768608190119,0.007924236357212,0.0104177184402942,7.360275268554687,-2.1043243408203125,-3.0426483154296875,1.9186859130859373,-3.396957397460937,-0.0261688232421875
2016-05-09,18,3,298.9062805175781,293.047119140625,-1.45501708984375,2.0716705322265625,137.375,91523.875,267.4237365722656,283.9114074707031,295.9149169921875,0.0007660272531211,0.0080614425241947,0.0123446937650442,5.1536712646484375,-2.677398681640625,-3.913619995117188,0.906097412109375,-1.19720458984375,7.207229614257812
2016-05-10,0,0,298.5782470703125,293.7269897460937,0.6135711669921875,1.192535400390625,280.25,91431.75,267.3165283203125,283.906005859375,294.4774169921875,0.0005253870040178,0.0062278732657432,0.012690182775259,1.7386322021484375,-2.73822021484375,2.271728515625,6.0103759765625,-5.41033935546875,4.824264526367188
2016-05-10,6,1,303.794189453125,293.4657897949219,-0.1643218994140625,1.0240631103515625,811.375,91590.578125,267.7939147949219,283.95587158203125,295.047607421875,0.0004404773935675,0.0060980282723903,0.0142686143517494,1.862091064453125,-4.546142578125,-0.098052978515625,5.65069580078125,-3.371078491210937,1.178497314453125
2016-05-10,12,2,304.3194580078125,293.40106201171875,-3.44146728515625,-0.4505615234375,534.75,91264.859375,268.6981811523437,284.63201904296875,295.9283447265625,0.002257608808577,0.008005566895008,0.0134780891239643,3.9051666259765625,-3.2608184814453125,-4.7230987548828125,3.152572631835937,-0.440032958984375,-1.4651641845703125
2016-05-10,18,3,296.5906982421875,292.9986267089844,0.271484375,2.045928955078125,481.375,91540.4375,266.75323486328125,284.96630859375,294.8478088378906,0.0037180834915488,0.0064746811985969,0.0118734687566757,0.0109405517578125,-2.0647430419921875,-3.3009185791015625,1.6573028564453125,-1.818634033203125,5.2927093505859375
2016-05-11,0,0,297.192626953125,294.0517272949219,1.264007568359375,-1.0329742431640625,247.875,91429.34375,267.6093139648437,283.991943359375,294.1151733398437,0.0038705919869244,0.0073732063174247,0.0119071342051029,-2.8481597900390625,-4.6118927001953125,0.4077911376953125,4.9527130126953125,-3.121734619140625,1.90570068359375
2016-05-11,6,1,303.8533935546875,293.1088562011719,-1.0248565673828125,0.7587738037109375,290.5,91549.234375,268.2084045410156,283.802001953125,295.0428466796875,0.0044166631996631,0.0065160579979419,0.0133103542029857,-3.328399658203125,-5.794357299804688,-1.5942535400390625,2.94573974609375,-2.875106811523437,0.623443603515625
2016-05-11,12,2,303.6697692871094,291.87762451171875,-1.5736541748046875,0.849395751953125,65.75,91166.75,268.057373046875,284.5629577636719,297.3816223144531,0.0049254670739173,0.0075465440750122,0.0116902776062488,0.0262298583984375,-3.393539428710937,-3.362167358398437,2.355987548828125,-4.8039398193359375,0.758514404296875
2016-05-11,18,3,297.9040832519531,292.433837890625,0.9760589599609376,0.9480743408203124,137.5,91417.453125,267.4097900390625,283.8744506835937,294.75299072265625,0.0044434540905058,0.0088032037019729,0.012827593833208,-2.1749725341796875,-5.4375762939453125,2.251129150390625,-0.1874237060546875,-5.2980804443359375,5.082794189453125
2016-05-12,0,0,298.08648681640625,293.446044921875,1.2318267822265625,0.187286376953125,123.75,91294.53125,267.844970703125,284.528564453125,294.6272277832031,0.00436482578516,0.0069846026599407,0.0119044370949268,-2.268310546875,-5.189468383789063,4.593597412109375,4.253875732421875,-5.0577239990234375,0.44305419921875
2016-05-12,6,1,304.05303955078125,293.0360412597656,0.5865020751953125,0.2906646728515625,337.0,91372.203125,268.5614013671875,283.507568359375,296.08740234375,0.0044302232563495,0.0087442658841609,0.0133353807032108,-2.37567138671875,-6.804046630859375,0.73828125,0.0728607177734375,-4.7442626953125,-0.3064422607421875
2016-05-12,12,2,301.9880065917969,292.97320556640625,-1.590606689453125,0.9378814697265624,341.5,91097.515625,269.1057434082031,284.2135009765625,295.36798095703125,0.0050911158323287,0.0093424804508686,0.0134727135300636,-0.221527099609375,-3.9342193603515625,-4.584808349609375,-5.2521514892578125,1.1651153564453125,2.1340789794921875
2016-05-12,18,3,297.3153686523437,293.7718200683594,2.349960327148437,-0.38519287109375,611.625,91347.234375,268.4604187011719,285.3004455566406,294.641357421875,0.0051077902317047,0.0070170499384403,0.0128143057227134,-5.1890869140625,-6.917633056640625,2.590911865234375,-5.0688323974609375,-0.521697998046875,3.211944580078125
2016-05-13,0,0,297.8822631835937,295.1736755371094,1.119873046875,0.1396026611328125,478.5,91261.984375,268.2800598144531,284.65594482421875,293.6568603515625,0.0046662166714668,0.0068892613053321,0.0128556042909622,-4.4193267822265625,-6.394134521484375,4.3271484375,-2.3760528564453125,-2.94891357421875,1.3917999267578125
2016-05-13,6,1,303.7501525878906,293.01129150390625,0.094696044921875,-0.5653839111328125,84.5,91367.015625,268.6378173828125,285.1134948730469,296.19549560546875,0.0039518438279628,0.0048261717893183,0.0130041576921939,-5.8495941162109375,-4.14117431640625,-0.1927032470703125,-2.568832397460937,-1.030548095703125,-1.0715789794921875
2016-05-13,12,2,306.86541748046875,292.1618347167969,-0.69110107421875,-0.0089111328125,51.875,91045.84375,268.9181823730469,284.5367431640625,299.1954650878906,0.0035258654970675,0.0094691328704357,0.0116654001176357,-3.299057006835937,-2.7689361572265625,-1.20965576171875,-5.6136322021484375,-2.5794830322265625,-0.56982421875
2016-05-13,18,3,299.2856750488281,294.7663269042969,1.6966094970703125,-1.8443603515625,688.625,91327.828125,268.6768798828125,283.92218017578125,296.5573425292969,0.0025336444377899,0.0100693888962268,0.0136096328496932,-5.851593017578125,-5.3829498291015625,2.7152557373046875,-6.23748779296875,-2.2949371337890625,-3.761550903320313
2016-05-14,0,0,298.5292358398437,295.3559265136719,0.981170654296875,0.8096923828125,1374.375,91369.921875,268.0679931640625,284.70416259765625,293.74591064453125,0.0020521148107945,0.0067852698266506,0.0148034282028675,-4.7284088134765625,-8.834075927734375,1.52423095703125,-3.405059814453125,-6.392257690429688,-2.2368316650390625
2016-05-14,6,1,303.2073974609375,296.410888671875,1.2836456298828125,-1.9228057861328125,1842.5,91505.734375,268.3157958984375,285.20098876953125,295.3796081542969,0.0011402633972465,0.0068753398954868,0.0160019993782043,-5.232467651367188,-10.7608642578125,1.465545654296875,-4.1174163818359375,-4.9581298828125,-3.013778686523437
2016-05-14,12,2,302.4200134277344,294.9556884765625,-1.06683349609375,-0.545318603515625,258.5,91153.921875,269.8063659667969,284.47100830078125,297.17633056640625,0.0034210463054478,0.0103925950825214,0.0130070634186267,-4.822601318359375,-7.386306762695312,-5.596771240234375,-3.9104156494140634,-5.4636993408203125,-2.6760711669921875
2016-05-14,18,3,298.23834228515625,295.0780639648437,0.949462890625,0.7832489013671875,468.875,91494.546875,268.788818359375,284.96612548828125,294.593994140625,0.0017918781377375,0.0067849270999431,0.0138433761894702,-9.609848022460938,-11.237899780273438,-2.9536285400390625,-8.902755737304688,-6.803482055664063,4.828872680664063
2016-05-15,0,0,298.8607482910156,295.5324401855469,-0.2580718994140625,0.811614990234375,694.125,91399.3125,267.954345703125,284.8614501953125,292.9633178710937,0.0012946166098117,0.006069429218769,0.0141888046637177,-11.733047485351562,-10.868011474609377,0.471466064453125,-1.7980499267578125,-5.83331298828125,4.1569671630859375
2016-05-15,6,1,304.2572631835937,292.9678039550781,-0.8789520263671875,-0.7679443359375,166.75,91467.859375,268.4642333984375,285.4911499023437,296.2861633300781,0.0017851954326033,0.005527451634407,0.0133850127458572,-10.146942138671877,-9.793685913085938,-1.7078704833984375,-0.8048095703125,-3.612823486328125,-1.4319305419921875
2016-05-15,12,2,307.5814819335937,290.5184936523437,-1.7506103515625,-0.0838775634765625,0.0,91026.546875,268.8598022460937,284.26544189453125,300.4905700683594,0.0030110199004411,0.0093106292188167,0.0095170922577381,-11.549697875976562,-5.997833251953125,-4.066421508789063,-1.7053985595703125,-5.1842803955078125,-1.2831878662109375
2016-05-15,18,3,299.60076904296875,292.29913330078125,-1.029022216796875,2.1813201904296875,245.875,91352.78125,269.32086181640625,283.9588928222656,295.26239013671875,0.0024557686410844,0.0088506452739238,0.0138498209416866,-16.057968139648438,-3.46282958984375,-3.831329345703125,-5.106292724609375,-6.7191009521484375,8.480789184570312
2016-05-16,0,0,299.01031494140625,293.966796875,-1.3466949462890625,0.909149169921875,79.25,91119.453125,269.3540954589844,285.1299743652344,293.83624267578125,0.0017550874035805,0.004434335976839,0.0142558179795742,-13.893478393554688,-9.300643920898438,-1.0418701171875,-5.6295928955078125,-8.578994750976562,2.1575469970703125
2016-05-16,6,1,303.8548583984375,292.4404602050781,-0.3335418701171875,0.318695068359375,261.625,91301.796875,267.97515869140625,284.7518005371094,294.98388671875,0.0023881855886429,0.0048619545996189,0.0136472769081592,-17.128524780273438,-10.404647827148438,-0.888885498046875,-6.4754486083984375,-7.1791534423828125,0.1677093505859375
2016-05-16,12,2,302.35040283203125,292.1410217285156,-0.4429473876953125,1.0190887451171875,12.375,90874.078125,270.5745849609375,284.9750366210937,296.9558410644531,0.0047484450042247,0.0068598054349422,0.0115803554654121,-16.070892333984375,-10.306198120117188,-0.7167205810546875,-0.8880615234375,-10.183685302734377,-1.6020050048828125
2016-05-16,18,3,298.229248046875,294.65264892578125,0.4955291748046875,0.9031829833984376,345.25,91141.65625,269.9325866699219,283.7661437988281,294.22174072265625,0.003564863698557,0.007383607327938,0.0142424926161766,-13.926712036132812,-8.557693481445312,-2.3251190185546875,-13.776351928710938,-7.445236206054687,-0.2325592041015625
2016-05-17,0,0,297.6342163085937,293.8495788574219,0.6932220458984375,-1.1252288818359375,146.75,90931.765625,268.911865234375,284.7513122558594,294.5264892578125,0.0045153312385082,0.0052806138992309,0.013734146952629,-14.19818115234375,-7.0016632080078125,-0.7059326171875,-8.387725830078125,-10.105682373046877,-1.7630462646484375
2016-05-17,6,1,300.2594299316406,294.331787109375,-0.076263427734375,-3.34893798828125,471.5,91052.828125,269.41387939453125,285.2943420410156,294.23101806640625,0.0055043995380401,0.0044657364487648,0.014937151223421,-10.646881103515623,-8.543731689453125,-0.65777587890625,-0.906402587890625,-13.900253295898438,-5.620208740234375
2016-05-17,12,2,301.9278564453125,292.0937805175781,0.4370269775390625,-1.275634765625,259.25,90741.171875,270.4296264648437,284.7742919921875,296.1639709472656,0.0058848094195127,0.0072870329022407,0.0132969357073307,-7.154937744140625,-6.7591705322265625,0.6522216796875,-7.1473541259765625,-12.147689819335938,-3.961822509765625
2016-05-17,18,3,297.1307373046875,293.551025390625,1.918548583984375,-0.6396484375,587.0,91061.203125,268.3948669433594,282.92724609375,293.5785827636719,0.0042257606983184,0.0082082711160182,0.0142456665635108,-7.5998687744140625,-8.115036010742188,2.02423095703125,-20.888885498046875,-12.860015869140623,-5.016326904296875
2016-05-18,0,0,296.87506103515625,294.93896484375,3.334457397460937,-0.89398193359375,448.625,90765.3125,268.47491455078125,285.6559143066406,293.88409423828125,0.0037512055132538,0.0077532827854156,0.0141364224255085,-9.267425537109377,-3.7596588134765625,6.071685791015625,-19.0548095703125,-16.972900390625,-5.699630737304688
2016-05-18,6,1,298.1566772460937,296.50457763671875,4.636322021484375,-1.3111724853515625,1132.375,90963.171875,267.9954833984375,284.18707275390625,293.9144287109375,0.0038766013458371,0.0091549307107925,0.0162939950823783,-3.342132568359375,-0.460296630859375,9.521087646484377,-17.73736572265625,-16.259674072265625,-3.4495086669921875
2016-05-18,12,2,299.7760009765625,296.79901123046875,3.0003814697265625,2.4910888671875,1801.0,90687.234375,268.67999267578125,285.5328063964844,295.015380859375,0.0030358261428773,0.0098479278385639,0.0164313428103923,8.458206176757812,3.7679595947265625,11.7379150390625,-15.185592651367188,-14.992767333984377,3.5418701171875
2016-05-18,18,3,295.902099609375,294.43292236328125,4.5411529541015625,0.931243896484375,826.25,91068.3125,268.7035522460937,284.82672119140625,293.1090087890625,0.0052265338599681,0.0071420893073081,0.0154203958809375,7.0997161865234375,6.352325439453125,13.685409545898438,-13.980392456054688,-12.400665283203123,-2.28448486328125
2016-05-19,0,0,296.3041687011719,294.4759826660156,3.8484954833984375,2.195037841796875,235.125,90872.3125,269.5291748046875,285.3749084472656,291.80615234375,0.0037379767745733,0.0083631016314029,0.0152669306844472,6.474044799804688,4.9715728759765625,12.902481079101562,-13.23431396484375,-11.439056396484377,3.712738037109375
2016-05-19,6,1,300.83203125,293.6448669433594,4.735626220703125,0.9718170166015624,499.625,91094.765625,268.84735107421875,284.1903076171875,293.0985717773437,0.0046945251524448,0.010456409305334,0.0154080353677272,5.3320159912109375,4.215911865234375,8.383621215820312,-9.47576904296875,-11.863174438476562,1.2718505859375
2016-05-19,12,2,299.3700561523437,295.2668151855469,1.776519775390625,0.95391845703125,802.0,90843.3125,269.8930969238281,284.715087890625,294.8688049316406,0.0024481043219566,0.010317139327526,0.0151848122477531,9.986984252929688,6.3690185546875,6.66265869140625,-5.0382843017578125,-7.0440216064453125,2.07708740234375
2016-05-19,18,3,295.2811889648437,293.4256896972656,1.279266357421875,-0.050048828125,575.5,91279.1875,268.87188720703125,284.1595458984375,292.1851501464844,0.0033696130849421,0.0107021406292915,0.0159686021506786,5.5678253173828125,2.4376373291015625,11.243240356445312,-4.80352783203125,-2.553207397460937,1.0749053955078125
2016-05-20,0,0,296.4991760253906,294.7403564453125,2.0673065185546875,2.207870483398437,192.0,91096.546875,268.837158203125,284.0689697265625,291.2396850585937,0.0043839812278747,0.0090006180107593,0.0144854858517646,5.11651611328125,2.676177978515625,10.5736083984375,-11.810409545898438,-6.088302612304688,2.1566162109375
2016-05-20,6,1,300.399658203125,293.8807373046875,3.895919799804688,-0.4219818115234375,517.75,91281.359375,268.1503601074219,284.3881225585937,293.5258178710937,0.0044904090464115,0.0098460130393505,0.0148155055940151,-0.0258331298828125,6.762420654296875,7.1519622802734375,-8.8353271484375,-6.2360382080078125,-1.24578857421875
2016-05-20,12,2,301.90985107421875,294.85235595703125,4.35064697265625,0.72198486328125,765.625,90911.09375,268.3109741210937,286.32476806640625,295.18035888671875,0.0043155401945114,0.0076651535928249,0.0156015790998935,4.755157470703125,-0.15802001953125,9.551651000976562,-7.167449951171875,-7.4216766357421875,0.3977508544921875
2016-05-20,18,3,297.01617431640625,293.9298095703125,4.65313720703125,0.352996826171875,177.5,91255.71875,268.89190673828125,286.6561279296875,292.796630859375,0.0032966763246804,0.0076224245131015,0.0139180496335029,2.969207763671875,-1.1195526123046875,13.763351440429688,-7.2047119140625,-3.773635864257813,-1.5657196044921875
2016-05-21,0,0,297.7865600585937,294.77508544921875,4.334564208984375,0.468109130859375,100.875,91153.484375,268.8709716796875,286.44287109375,292.25244140625,0.0030019974801689,0.0071934610605239,0.0125282816588878,2.297958374023437,0.330230712890625,14.002975463867188,-4.1905059814453125,-1.482269287109375,-1.9753570556640625
2016-05-21,6,1,303.02410888671875,292.96356201171875,5.5670013427734375,-0.24053955078125,509.625,91313.640625,269.0492553710937,286.7693786621094,295.09002685546875,0.0028974351007491,0.0071432217955589,0.0144401341676712,0.330322265625,1.0948944091796875,9.061965942382812,-0.8689117431640625,-2.05517578125,-0.78912353515625
2016-05-21,12,2,305.18524169921875,293.4164123535156,3.6690826416015625,0.175811767578125,466.125,91085.359375,268.508056640625,287.2623291015625,298.698486328125,0.0031263099517673,0.0072304420173168,0.0130929984152317,2.845977783203125,1.434112548828125,8.09967041015625,-0.467620849609375,-4.8265228271484375,-0.722808837890625
2016-05-21,18,3,298.7787170410156,293.8183288574219,4.2370452880859375,0.055999755859375,269.875,91412.0625,267.87579345703125,287.6122436523437,294.23126220703125,0.0031290436163544,0.0065955705940723,0.0113083571195602,3.48626708984375,1.1659698486328125,11.504653930664062,0.88909912109375,-2.489990234375,-2.298568725585937
2016-05-22,0,0,297.4376220703125,293.5200500488281,3.461273193359375,-0.5966644287109375,0.0,91318.953125,267.7828063964844,287.07135009765625,294.6649169921875,0.0034975167363882,0.005430269986391,0.0098763220012187,4.680206298828125,-1.1976776123046875,13.836700439453123,1.455810546875,-3.987380981445313,-6.455337524414063
2016-05-22,6,1,303.6851806640625,292.21160888671875,4.2425079345703125,-0.9746551513671876,163.375,91430.640625,267.6513671875,286.6864929199219,295.345458984375,0.0034015483688563,0.0059094727039337,0.0130330994725227,7.1955108642578125,-2.8536529541015625,6.6376495361328125,0.251861572265625,-2.1626739501953125,-2.1536407470703125
2016-05-22,12,2,306.7252197265625,291.7847900390625,2.5948486328125,0.112274169921875,171.5,91195.671875,268.23638916015625,286.49322509765625,298.9886474609375,0.0032864087261259,0.0064753890037536,0.012337926775217,9.384552001953123,-0.055999755859375,5.38433837890625,-3.5628814697265625,-2.058349609375,-0.3208465576171875
2016-05-22,18,3,299.45416259765625,294.6571655273437,4.3277435302734375,0.5336456298828125,325.5,91527.171875,268.53680419921875,287.3349609375,294.37725830078125,0.0020820316858589,0.0050939582288265,0.0138219483196735,7.545486450195312,-0.789031982421875,11.962677001953123,-5.652069091796875,-2.91064453125,-0.48095703125
2016-05-23,0,0,297.85015869140625,294.53125,3.781463623046875,-0.013031005859375,112.5,91431.203125,268.44561767578125,286.7718811035156,294.49493408203125,0.0009890033397823,0.0045518111437559,0.0105327293276786,3.662445068359375,0.20477294921875,13.628341674804688,-2.56597900390625,-3.4004669189453125,-2.450714111328125
2016-05-23,6,1,304.07452392578125,292.4970092773437,4.5755767822265625,-1.4646148681640625,141.25,91502.0625,269.5389404296875,286.9757995605469,295.4635314941406,0.000562138389796,0.0043834820389747,0.0132391490042209,4.6457366943359375,0.937530517578125,7.2739410400390625,-3.028289794921875,-2.432525634765625,-2.60662841796875
2016-05-23,12,2,306.560302734375,290.61309814453125,3.14752197265625,-0.7317047119140625,106.75,91185.25,269.87091064453125,287.1201477050781,298.9486694335937,0.0005490633193403,0.0042829923331737,0.0121544376015663,5.035736083984375,1.7808685302734375,6.0348663330078125,-3.41241455078125,-4.5126495361328125,-2.0238800048828125
2016-05-23,18,3,299.5380249023437,294.29864501953125,4.18341064453125,0.2418060302734375,293.0,91482.640625,270.6685791015625,287.4608764648437,294.3386535644531,0.0003928681835532,0.0035514929331839,0.014073472470045,2.6226043701171875,0.511444091796875,11.67694091796875,-3.5301971435546875,-4.65826416015625,-2.2259674072265625
2016-05-24,0,0,298.2308654785156,293.61688232421875,3.283432006835937,-0.780670166015625,46.5,91430.859375,270.90240478515625,286.3033447265625,294.86114501953125,0.0003240450751036,0.003840452292934,0.0099591314792633,2.48358154296875,1.8250274658203125,11.171295166015623,-2.929306030273437,-5.08441162109375,-5.9928131103515625
2016-05-24,6,1,304.55401611328125,293.1666259765625,4.097335815429688,-1.4134063720703125,162.875,91443.640625,271.0834350585937,286.4622802734375,295.47515869140625,0.0002905528526753,0.0034483894705772,0.0138118006289005,3.123519897460937,2.7771148681640625,6.2305450439453125,-3.823318481445313,-4.95269775390625,-2.489990234375
2016-05-24,12,2,307.279296875,290.249755859375,2.746826171875,-0.16424560546875,24.75,91116.78125,270.57373046875,285.421875,298.9896240234375,0.0003931918181478,0.0072819404304027,0.0110724419355392,2.33795166015625,3.777664184570313,5.341522216796875,-7.139907836914063,-3.141143798828125,-1.2422027587890625
2016-05-24,18,3,299.29150390625,294.80419921875,4.5711822509765625,0.201751708984375,655.5,91482.296875,269.5723876953125,285.75836181640625,293.5448608398437,0.0003722384572029,0.0054213069379329,0.0147879496216773,2.3211212158203125,2.5188446044921875,12.945266723632812,-3.8209075927734375,-2.603256225585937,-2.3666229248046875
2016-05-25,0,0,298.4676818847656,294.6608581542969,3.76849365234375,0.55364990234375,165.5,91345.875,270.23712158203125,284.87359619140625,293.63836669921875,0.0004066934343427,0.0059318467974662,0.0128235518932342,4.082763671875,0.9556732177734376,13.108367919921877,-0.3902130126953125,-3.2186431884765625,-2.239486694335937
2016-05-25,6,1,304.3584899902344,292.956787109375,4.531906127929688,-1.5026092529296875,258.25,91395.03125,269.84722900390625,285.37286376953125,295.3353881835937,0.0004087155684828,0.0053586438298225,0.0140087082982063,6.495819091796875,-1.457183837890625,6.8884124755859375,-3.993606567382813,-0.030792236328125,-2.4001617431640625
2016-05-25,12,2,306.0629577636719,291.8478088378906,3.634613037109375,-1.8899078369140625,12.0,91085.3125,270.43377685546875,285.3783874511719,297.78240966796875,0.0008674629498273,0.0064296200871467,0.0118848867714405,6.963287353515625,1.7877044677734375,5.7865142822265625,-1.864227294921875,-0.9541473388671876,-3.7099609375
2016-05-25,18,3,299.2215881347656,293.6919860839844,3.460311889648437,0.4130706787109375,113.0,91406.59375,270.3903503417969,285.4623718261719,293.02984619140625,0.0012458728160709,0.0056499764323234,0.0145070143043994,5.174728393554688,0.44970703125,9.347335815429688,-1.6583404541015625,-1.2579345703125,-2.51251220703125
2016-05-26,0,0,298.2564697265625,294.63232421875,2.7078857421875,0.0312347412109375,66.875,91325.9375,270.25152587890625,284.6238098144531,294.26824951171875,0.0009704113472253,0.00630359724164,0.0112725980579853,5.9940338134765625,-0.0696563720703125,8.86395263671875,-0.0748443603515625,-0.1006622314453125,-4.942108154296875
2016-05-26,6,1,304.2002258300781,292.17462158203125,3.2484283447265625,-1.57940673828125,311.875,91431.6875,269.5452575683594,284.6834716796875,295.7155456542969,0.0011612533126026,0.0060837157070636,0.0136338882148265,6.11846923828125,0.3549041748046875,4.531906127929688,-4.068084716796875,0.0970001220703125,-2.4815216064453125
2016-05-26,12,2,306.7682800292969,291.2270812988281,2.047225952148437,-0.554779052734375,22.125,91113.4375,269.8403015136719,285.566162109375,298.753173828125,0.0015559599269181,0.0060192607343196,0.0115142650902271,4.3891448974609375,1.6551666259765625,3.151275634765625,-5.990142822265625,-2.09710693359375,-1.4777069091796875
2016-05-26,18,3,300.5071716308594,294.2857666015625,3.5712890625,-0.067840576171875,518.375,91481.96875,268.9691162109375,286.1454772949219,293.8157043457031,0.0005659661255776,0.0056569576263427,0.0146555714309215,1.068817138671875,-1.1257171630859375,9.083755493164062,-5.23138427734375,-2.5178680419921875,-2.769927978515625
2016-05-27,0,0,298.93218994140625,294.9383544921875,2.849456787109375,-0.900054931640625,181.375,91395.6875,269.3370361328125,285.08251953125,294.0443115234375,0.0001968520664377,0.0060027204453945,0.0124967582523822,1.20269775390625,-2.024505615234375,8.397842407226562,-4.7761077880859375,-3.0770263671875,-5.426849365234375
2016-05-27,6,1,304.2607421875,292.8116455078125,3.2423553466796875,-1.03887939453125,539.25,91453.5625,268.90203857421875,284.1985168457031,295.9715576171875,0.0014334227889776,0.0074420496821403,0.0140787102282047,-3.8288726806640634,-2.173980712890625,4.5235748291015625,-6.3724517822265625,0.0208282470703125,-1.5593109130859375
2016-05-27,12,2,306.22247314453125,291.8177795410156,1.1661529541015625,-2.0075836181640625,229.0,91167.359375,268.5124206542969,284.931640625,298.5765380859375,0.0029284527990967,0.0081889666616916,0.0125231407582759,-6.39971923828125,-0.3431243896484375,1.7679595947265625,-4.985153198242188,-2.455352783203125,-3.619705200195313
2016-05-27,18,3,296.46307373046875,294.92535400390625,2.8350067138671875,1.1255950927734375,782.125,91562.03125,267.9353332519531,284.244140625,293.50494384765625,0.0038036727346479,0.008906602859497,0.0149656049907207,-7.188751220703125,-0.9689788818359376,8.08514404296875,-2.2883758544921875,-3.08428955078125,-2.74542236328125
2016-05-28,0,0,298.17840576171875,294.59844970703125,2.869842529296875,0.3650054931640625,276.5,91424.265625,268.3418273925781,284.7857666015625,293.8540344238281,0.0022461162880063,0.0073634646832942,0.0123125053942203,-7.7622222900390625,-5.079345703125,8.644332885742188,-2.776214599609375,-1.1793365478515625,-3.5911407470703125
2016-05-28,6,1,303.5154113769531,293.4099426269531,3.5655975341796875,-1.978057861328125,538.125,91478.15625,268.52117919921875,284.27520751953125,294.7800598144531,0.0024303877726197,0.0083206593990325,0.0141393803060054,-7.8323974609375,-4.2974395751953125,5.24835205078125,-1.248382568359375,-0.0919342041015625,-3.147918701171875
2016-05-28,12,2,305.13287353515625,290.9549560546875,0.6982879638671875,-1.744232177734375,541.25,91118.0,269.9241943359375,284.28228759765625,297.2348022460937,0.0029631142970174,0.0102630034089088,0.0135925598442554,-3.30181884765625,-0.1994476318359375,1.89776611328125,-5.881851196289063,-2.519134521484375,-2.6296844482421875
2016-05-28,18,3,295.6693420410156,294.6153259277344,0.9584808349609376,1.82611083984375,1027.25,91437.203125,267.9849548339844,284.9617004394531,293.2197265625,0.0046251192688941,0.0082882121205329,0.0148021504282951,-3.573150634765625,-2.8277130126953125,5.1190185546875,-3.508270263671875,-3.211395263671875,-1.8538970947265625
2016-05-29,0,0,295.9916076660156,294.22418212890625,2.61761474609375,-0.6073455810546875,415.75,91362.421875,267.72930908203125,284.142578125,293.6190795898437,0.0048297103494405,0.0079527609050273,0.01143454387784,0.76422119140625,-1.2708587646484375,6.3311614990234375,0.0867462158203125,-0.1832122802734375,-4.9476165771484375
2016-05-29,6,1,298.6812438964844,293.30084228515625,3.6218109130859375,-3.0128173828125,158.0,91494.65625,268.23602294921875,284.0803527832031,292.43505859375,0.0049429349601268,0.0075271651148796,0.014076966792345,1.05401611328125,0.5384674072265625,5.961822509765625,-1.062896728515625,-2.37420654296875,-4.8908233642578125
2016-05-29,12,2,300.1610412597656,293.7338256835937,2.872650146484375,-0.548675537109375,254.0,91181.734375,268.7315673828125,285.0576477050781,294.82568359375,0.0051178932189941,0.0072972364723682,0.0137040689587593,0.0664825439453125,1.706329345703125,4.354095458984375,-3.7801666259765625,-3.636138916015625,-2.4294891357421875
2016-05-29,18,3,297.5085144042969,294.26715087890625,2.826156616210937,1.2748260498046875,399.375,91384.890625,267.72918701171875,284.65673828125,292.6342468261719,0.0049173235893249,0.008034698665142,0.0147160664200782,-1.509185791015625,-1.3920135498046875,8.5675048828125,-2.6131134033203125,-5.750656127929688,-1.0312957763671875
2016-05-30,0,0,297.723876953125,294.59716796875,2.876983642578125,-0.70361328125,127.125,91223.984375,267.3876953125,283.4842529296875,293.33746337890625,0.0039730453863739,0.0091291107237339,0.011804811656475,2.9784698486328125,-4.1773223876953125,9.68548583984375,-1.5467529296875,-3.3344879150390625,-5.7996978759765625
2016-05-30,6,1,301.15972900390625,293.6452331542969,2.862045288085937,-1.43878173828125,404.25,91420.8125,268.6530456542969,282.6596374511719,293.6164245605469,0.0038258209824562,0.0099718123674392,0.0141634866595268,4.32867431640625,-3.17828369140625,4.127120971679688,-3.2610015869140625,-0.6683349609375,-2.6525115966796875
2016-05-30,12,2,303.6087341308594,292.9864196777344,1.3976287841796875,-0.7202301025390625,597.375,91033.3125,268.8018798828125,284.65594482421875,297.31524658203125,0.0025176941417157,0.0086355842649936,0.0142370536923408,3.4370880126953125,-1.642425537109375,1.73974609375,-5.756118774414063,0.27423095703125,-1.7238922119140625
2016-05-30,18,3,295.7305908203125,294.62066650390625,2.0662384033203125,1.4925384521484375,510.125,91443.6875,267.4564819335937,284.25439453125,293.7633972167969,0.0049088634550571,0.0091573558747768,0.0136558599770069,-0.2266998291015625,-1.32867431640625,5.98956298828125,-3.3074951171875,-0.8383636474609375,-1.2789764404296875
2016-05-31,0,0,297.25634765625,295.1171875,2.5675811767578125,-0.0175323486328125,139.75,91246.953125,268.919677734375,284.3719787597656,293.721923828125,0.0041109919548034,0.0086465328931808,0.0120104365050792,1.4348297119140625,-2.3215484619140625,7.280609130859375,0.4603271484375,-0.082244873046875,-2.6421051025390625
2016-05-31,6,1,302.5611572265625,294.3419189453125,2.409896850585937,-1.8515167236328125,688.625,91435.390625,268.3243408203125,283.3082275390625,294.5437316894531,0.0042975582182407,0.009839653968811,0.0146276950836181,1.6789398193359375,-3.40252685546875,3.2733306884765625,2.0451202392578125,-0.243133544921875,-2.999984741210937
2016-05-31,12,2,300.197509765625,295.93878173828125,2.91845703125,-0.344482421875,1333.25,91214.59375,269.1876220703125,284.19696044921875,294.4018859863281,0.0041950778104364,0.0098100826144218,0.0142558217048645,0.950042724609375,-0.988006591796875,5.956558227539063,-2.724716186523437,-1.249542236328125,-3.761520385742188
2016-05-31,18,3,296.77423095703125,295.1285095214844,2.696151733398437,1.3118743896484375,862.5,91503.0625,268.12530517578125,284.3175048828125,293.3470153808594,0.0047856047749519,0.0091622807085514,0.0145342759788036,0.1575927734375,-3.2982940673828125,7.366348266601562,-2.5657196044921875,-0.65814208984375,-0.678436279296875
2016-06-01,0,0,297.3532409667969,295.01531982421875,2.474594116210937,-0.1973114013671875,438.5,91396.90625,267.72540283203125,284.80029296875,293.3458557128906,0.0037329776678234,0.0076379626989364,0.0124647058546543,0.85321044921875,-3.1714324951171875,7.4822235107421875,-1.96771240234375,-0.334075927734375,-3.077621459960937
2016-06-01,6,1,302.3143310546875,294.6109619140625,2.707015991210937,-1.302093505859375,1018.125,91434.875,268.23828125,284.1361083984375,294.2845458984375,0.0029062428511679,0.0083064176142215,0.0151054821908473,-1.6570587158203125,-2.8574981689453125,3.748336791992188,-3.0906219482421875,0.52410888671875,-2.303436279296875
2016-06-01,12,2,303.6487731933594,294.932373046875,1.50518798828125,0.07855224609375,1009.75,91161.734375,268.983642578125,284.1829833984375,295.5168762207031,0.0049583986401557,0.0106567554175853,0.0144365318119525,-2.4072723388671875,1.3588714599609375,2.915512084960937,-5.136444091796875,-2.986923217773437,-1.9331207275390625
2016-06-01,18,3,296.30712890625,294.9556884765625,2.3243865966796875,1.883575439453125,1142.5,91497.9375,267.77008056640625,284.392822265625,293.204345703125,0.004164345562458,0.0097484961152076,0.0152582228183746,-6.5721435546875,-2.415679931640625,5.238800048828125,-6.4156341552734375,-2.5443267822265625,0.6344451904296875
2016-06-02,0,0,296.1576538085937,294.54510498046875,2.706146240234375,0.3580322265625,389.125,91235.609375,267.4981384277344,285.0231628417969,293.4156188964844,0.0033557140268385,0.0086855292320251,0.0140423029661178,-8.8089599609375,-4.6117095947265625,7.33282470703125,-1.72265625,-1.5313873291015625,0.4678192138671875
2016-06-02,6,1,298.6270751953125,293.5589599609375,2.4739990234375,-1.9169921875,967.25,91470.765625,268.6223449707031,283.53125,292.704833984375,0.0022272423375397,0.0102061927318573,0.0155666135251522,-8.000961303710938,-3.41705322265625,3.893630981445313,-1.1888427734375,0.1448211669921875,-3.2366943359375
2016-06-02,12,2,302.15008544921875,294.6768493652344,0.530975341796875,-1.669097900390625,525.0,91124.625,269.70782470703125,284.39263916015625,294.92547607421875,0.0023892403114587,0.0090325102210044,0.0146424323320388,-4.673797607421875,-1.6264495849609375,1.26007080078125,-1.5459442138671875,-1.673431396484375,-3.618820190429688
2016-06-02,18,3,295.9909362792969,294.5689392089844,2.4039764404296875,0.2924346923828125,620.875,91360.265625,268.6093139648437,285.4422607421875,292.6164855957031,0.0038855399470776,0.007478691637516,0.0152154490351676,-4.386383056640625,-1.56365966796875,5.192672729492188,-2.620361328125,-1.821533203125,-1.7208251953125
2016-06-03,0,0,297.29913330078125,294.9001770019531,3.3018951416015625,0.1302032470703125,389.5,91249.390625,267.6522521972656,285.0875549316406,292.0014038085937,0.0043845614418387,0.0073860734701156,0.0145229790359735,-4.48583984375,-3.1129150390625,7.2533721923828125,-0.9249420166015624,-1.494415283203125,-2.2674102783203125
2016-06-03,6,1,301.6344299316406,295.7011108398437,2.740234375,-0.8163604736328125,693.25,91359.828125,268.2396545410156,284.83184814453125,293.1620483398437,0.0036347373388707,0.0078841485083103,0.015056625008583,-4.44189453125,-2.349853515625,3.963134765625,-2.05169677734375,0.8516387939453125,-1.563140869140625
2016-06-03,12,2,302.58465576171875,295.9432983398437,2.3002166748046875,0.85284423828125,1493.75,91091.1875,269.3773803710937,283.93328857421875,294.5894470214844,0.003032776992768,0.0095750838518142,0.0150867626070976,-3.851806640625,-0.890594482421875,4.21270751953125,-4.024566650390625,-1.3104705810546875,1.409423828125
2016-06-03,18,3,296.2981262207031,294.251953125,2.5358123779296875,1.057464599609375,437.5,91309.4375,268.6965637207031,285.67144775390625,293.01910400390625,0.003596578259021,0.0070600360631942,0.01459651440382,-6.60968017578125,-2.13787841796875,7.713485717773437,-2.20770263671875,-0.426910400390625,1.118743896484375
2016-06-04,0,0,296.89862060546875,294.7872009277344,3.526763916015625,-1.4215087890625,464.0,91218.46875,269.691650390625,284.47393798828125,290.9957580566406,0.0032061745878309,0.0089894980192184,0.0149581916630268,-1.41650390625,0.3177642822265625,9.0718994140625,2.0276336669921875,-2.1053619384765625,-6.186370849609375
2016-06-04,6,1,300.3740539550781,294.92047119140625,3.32366943359375,-1.0679779052734375,1366.375,91334.703125,268.4527587890625,285.0839233398437,293.14996337890625,0.0036058819387108,0.0081857591867446,0.0159437619149684,-0.6947784423828125,1.513824462890625,5.2790069580078125,-2.4347076416015625,-1.105743408203125,-1.891357421875
2016-06-04,12,2,300.0570678710937,295.7995910644531,1.9583740234375,0.5536956787109375,1644.25,91121.203125,269.5097045898437,283.8606262207031,293.939453125,0.0038482577074319,0.0090575590729713,0.0156412087380886,4.7921142578125,1.6134796142578125,3.156112670898437,-0.29400634765625,-2.667266845703125,-0.639923095703125
2016-06-04,18,3,296.0349426269531,294.101806640625,2.826522827148437,2.461822509765625,434.625,91320.8125,269.20721435546875,284.88555908203125,292.61090087890625,0.004379779100418,0.008285891264677,0.0152792297303676,2.713348388671875,1.587890625,7.106201171875,1.313690185546875,-0.5684814453125,3.01275634765625
2016-06-05,0,0,297.6648864746094,294.2884826660156,2.1628875732421875,0.19549560546875,277.875,91190.4375,269.50592041015625,285.0826416015625,291.97802734375,0.0040191337466239,0.0080786049365997,0.0145252607762813,2.7570343017578125,0.52447509765625,8.78521728515625,0.375091552734375,-0.596282958984375,-3.5343170166015625
2016-06-05,6,1,301.7663879394531,295.6976013183594,3.1139068603515625,-0.0681915283203125,1233.375,91342.71875,269.34051513671875,284.2025146484375,292.6003112792969,0.0043845027685165,0.0087280739098787,0.0158911235630512,4.845489501953125,2.6655731201171875,4.8585968017578125,1.8788909912109373,-0.5398101806640625,-0.6711273193359375
2016-06-05,12,2,298.0235290527344,294.13818359375,2.1571197509765625,-0.60626220703125,1091.375,91094.34375,270.2296447753906,284.3519592285156,293.06365966796875,0.0045377686619758,0.0091933198273181,0.0162573382258415,9.446395874023438,3.2467041015625,5.02410888671875,0.4490509033203125,-0.0452117919921875,-1.3008880615234375
2016-06-05,18,3,295.96466064453125,294.2633056640625,2.24505615234375,1.3716888427734375,190.625,91393.984375,269.3148803710937,284.32623291015625,292.8365478515625,0.0055442973971366,0.0085327923297882,0.0145948752760887,0.838348388671875,4.637619018554688,8.09124755859375,-2.01007080078125,-0.39678955078125,-0.12506103515625
2016-06-06,0,0,297.275634765625,295.08367919921875,3.2034454345703125,0.610595703125,170.25,91274.015625,269.47021484375,284.1150207519531,292.58209228515625,0.0038611986674368,0.0086377449333667,0.0133044347167015,5.086212158203125,5.640548706054688,9.900222778320312,2.2835693359375,1.1199951171875,-1.2391204833984375
2016-06-06,6,1,301.6000366210937,294.0541687011719,3.88580322265625,0.6202545166015625,83.375,91339.859375,270.16473388671875,283.87896728515625,293.08758544921875,0.0037497794255614,0.008958488702774,0.0142466202378273,5.693389892578125,8.102645874023438,5.741989135742188,3.900924682617188,0.8349609375,0.633880615234375
2016-06-06,12,2,301.0318298339844,294.8992614746094,3.5199127197265625,1.125457763671875,476.75,91047.1875,270.05767822265625,284.8051147460937,294.35711669921875,0.0050254836678504,0.010032769292593,0.0145575478672981,8.162796020507812,6.1997833251953125,8.584518432617188,0.6895294189453125,-0.1469573974609375,3.503509521484375
2016-06-06,18,3,297.58428955078125,294.3009033203125,3.2271728515625,1.4918670654296875,128.5,91400.9375,270.3271484375,284.4086303710937,292.46337890625,0.004660353064537,0.0096680037677288,0.0145378448069095,7.44329833984375,3.430816650390625,9.77764892578125,0.3211212158203125,2.7483062744140625,2.27081298828125
2016-06-07,0,0,297.08563232421875,294.10089111328125,2.848541259765625,0.743621826171875,0.0,91193.203125,270.7235412597656,284.3432922363281,292.3777770996094,0.0041885487735271,0.0092118792235851,0.0136856213212013,10.887054443359377,3.400787353515625,9.45965576171875,1.89178466796875,-0.448516845703125,1.7704315185546875
2016-06-07,6,1,300.809326171875,295.8204345703125,3.084701538085937,0.50213623046875,636.75,91309.15625,270.53521728515625,283.0668334960937,292.9296264648437,0.0047104768455028,0.0102531984448432,0.0152550674974918,8.797714233398438,3.647140502929688,5.2679595947265625,1.1991424560546875,0.91082763671875,0.4774932861328125
2016-06-07,12,2,300.09588623046875,295.4720764160156,1.82720947265625,1.6104583740234375,733.75,91093.734375,270.685546875,284.36334228515625,293.3295593261719,0.004596758633852,0.0103982985019683,0.0161472186446189,8.426712036132812,6.576934814453125,5.752593994140625,0.4369049072265625,2.561264038085937,2.7325897216796875
2016-06-07,18,3,296.88482666015625,294.83514404296875,1.92437744140625,0.23602294921875,256.625,91344.4375,269.8741455078125,285.2181396484375,292.73828125,0.0044313296675682,0.0098236873745918,0.0151525288820266,6.694091796875,6.7824554443359375,8.042922973632812,3.60589599609375,0.468536376953125,0.16705322265625
2016-06-08,0,0,296.945556640625,295.1383056640625,1.915435791015625,0.2716064453125,11.25,91149.28125,270.7523803710937,284.8211364746094,292.50518798828125,0.0045517776161432,0.0099833384156227,0.0141341369599103,9.462570190429688,6.312423706054688,7.1240081787109375,0.81060791015625,-0.808502197265625,-0.1008148193359375
2016-06-08,6,1,299.7300109863281,295.2117919921875,3.193511962890625,0.0918731689453125,341.625,91306.546875,269.897705078125,284.48272705078125,292.5150146484375,0.005094438791275,0.0095259044319391,0.0151556879281997,9.545852661132812,5.6742706298828125,4.998870849609375,2.6165771484375,0.6793975830078125,-0.1768646240234375
2016-06-08,12,2,297.7626953125,294.9024963378906,3.013168334960937,2.409820556640625,648.875,91155.671875,269.43536376953125,284.1542053222656,292.585205078125,0.0055870190262794,0.01076016202569,0.0159485749900341,3.9954833984375,4.88128662109375,7.8979949951171875,2.38360595703125,1.6255340576171875,5.78790283203125
2016-06-08,18,3,295.7815246582031,294.34375,3.8701171875,0.8350677490234375,148.625,91346.65625,269.6033630371094,284.7182312011719,292.34185791015625,0.0054827071726322,0.0097549594938755,0.013831659220159,3.143905639648437,9.549484252929688,12.310089111328123,8.434356689453125,2.49468994140625,0.5424957275390625
2016-06-09,0,0,295.62457275390625,294.1236572265625,2.29254150390625,1.916107177734375,76.0,91225.40625,268.7619323730469,285.20196533203125,292.65155029296875,0.0051982887089252,0.0081813745200634,0.013161014765501,4.8558197021484375,13.319091796875,10.910507202148438,6.92828369140625,2.561019897460937,2.0640411376953125
2016-06-09,6,1,299.4159240722656,294.60125732421875,3.999664306640625,2.0008544921875,310.5,91368.6875,269.478515625,283.9795837402344,291.86834716796875,0.0051913596689701,0.0090829990804195,0.0150460973381996,14.321395874023438,8.1591796875,8.043930053710938,6.531417846679688,4.631881713867188,3.3820953369140625
2016-06-09,12,2,299.2628173828125,294.7718505859375,2.72259521484375,2.383575439453125,144.25,91116.640625,269.53436279296875,284.7660217285156,293.4527587890625,0.0039296559989452,0.0095238238573074,0.0149761624634265,13.631790161132812,11.14715576171875,6.862762451171875,6.7806549072265625,8.721786499023438,7.469345092773437
2016-06-09,18,3,296.15008544921875,293.7191162109375,3.2082977294921875,2.4498748779296875,1.75,91354.65625,270.2450256347656,285.4167785644531,291.0785522460937,0.0041269473731517,0.0073125064373016,0.0143814980983734,9.936294555664062,16.38934326171875,11.817520141601562,8.1231689453125,5.456451416015625,7.113739013671875
2016-06-10,0,0,296.142578125,293.92449951171875,3.2812957763671875,2.48602294921875,1.75,91225.15625,269.4393920898437,286.39276123046875,290.7310791015625,0.004022728651762,0.0072990804910659,0.0142935067415237,10.456207275390623,17.241439819335938,12.498886108398438,6.318817138671875,6.968521118164063,8.118179321289062
2016-06-10,6,1,299.6623229980469,293.3675537109375,6.063156127929688,3.27044677734375,115.875,91350.015625,269.02374267578125,284.6003112792969,292.49365234375,0.00389423687011,0.0095491483807563,0.014760211110115,7.67169189453125,14.466384887695312,10.874481201171877,9.16741943359375,4.0880126953125,5.603286743164063
2016-06-10,12,2,300.4306640625,294.1293334960937,4.96429443359375,2.404083251953125,7.0,91175.859375,270.09716796875,284.52508544921875,292.9654846191406,0.0037017189897596,0.0099395588040351,0.014797780662775,8.17120361328125,13.227249145507812,12.02581787109375,3.302841186523437,3.318023681640625,5.6927490234375
2016-06-10,18,3,296.1529541015625,293.5682373046875,3.88568115234375,0.52728271484375,0.0,91392.0,270.4500427246094,285.1610717773437,291.17578125,0.0034734534565359,0.0090415440499782,0.014495451003313,3.062469482421875,14.46575927734375,12.21966552734375,7.94720458984375,0.5194244384765625,-1.9522247314453125
2016-06-11,0,0,296.13433837890625,293.43511962890625,3.5303497314453125,0.86212158203125,0.0,91337.4375,269.4291076660156,284.69635009765625,291.4910888671875,0.0041313637048006,0.0095864534378051,0.0114054903388023,4.6348419189453125,12.90899658203125,12.4544677734375,4.968414306640625,0.263946533203125,-2.805908203125
2016-06-11,6,1,300.7606811523437,292.7015380859375,5.830245971679688,-0.587158203125,0.25,91469.171875,269.37860107421875,283.0284423828125,292.3245849609375,0.0041772108525037,0.0099983662366867,0.0135737527161836,5.6041412353515625,12.0670166015625,10.190826416015623,4.7953643798828125,-0.3322296142578125,-1.4489593505859375
2016-06-11,12,2,301.015625,293.2714233398437,4.6273956298828125,0.3306884765625,1.0,91274.25,269.8564453125,283.7674560546875,294.1148681640625,0.0041470117866992,0.0099573656916618,0.0136050581932067,3.4315338134765625,11.889129638671877,10.482452392578123,2.5113983154296875,-1.004730224609375,0.44464111328125
2016-06-11,18,3,296.14422607421875,293.2655639648437,4.049591064453125,0.2159881591796875,0.0,91519.734375,269.13922119140625,284.9122314453125,290.91473388671875,0.0042468719184398,0.0087228640913963,0.0141083411872386,2.3641510009765625,11.668441772460938,12.386444091796877,3.891021728515625,-3.55706787109375,-2.83154296875
2016-06-12,0,0,296.87860107421875,293.3780517578125,3.972503662109375,-0.2076416015625,0.0,91371.265625,268.81988525390625,285.427490234375,290.71197509765625,0.0037828981876373,0.0082110427320003,0.0133488699793815,5.7333526611328125,12.13775634765625,13.327560424804688,3.111083984375,-3.138946533203125,-3.830322265625
2016-06-12,6,1,299.78076171875,292.98223876953125,5.4382171630859375,-1.2697601318359375,9.5,91484.53125,269.54315185546875,284.4491577148437,292.81317138671875,0.0010479888878762,0.0096912756562232,0.0139353945851325,7.04254150390625,12.326583862304688,10.390045166015623,1.3320770263671875,-4.1974945068359375,-3.0343170166015625
2016-06-12,12,2,301.314453125,294.189208984375,3.803131103515625,-1.1650543212890625,349.0,91248.6875,270.3751220703125,284.0178527832031,293.2689819335937,0.0023626375477761,0.0099996030330657,0.015067595988512,5.7543792724609375,10.31610107421875,10.0404052734375,-1.4597320556640625,-4.9451904296875,-2.970077514648437
2016-06-12,18,3,297.0691223144531,293.125732421875,3.6432037353515625,0.5609893798828125,0.125,91501.421875,270.0834655761719,283.8282165527344,291.62554931640625,0.0013032264541834,0.0090690478682518,0.0141887255012989,5.932891845703125,9.727371215820312,11.46356201171875,-3.102996826171875,-4.078170776367188,-1.923553466796875
2016-06-13,0,0,296.2562255859375,293.2359619140625,4.2667388916015625,0.399993896484375,2.75,91417.6875,269.3043212890625,283.8090209960937,290.0166931152344,0.0014887114521116,0.0081136226654052,0.013706736266613,5.233642578125,10.46697998046875,13.927474975585938,-1.478240966796875,-3.2450714111328125,-1.7138519287109375
2016-06-13,6,1,299.95391845703125,293.7696228027344,5.705413818359375,-0.7413482666015625,280.875,91507.8125,269.6767578125,283.3202514648437,292.0212097167969,0.0020356399472802,0.0085608623921871,0.0146028250455856,4.98187255859375,10.826934814453123,10.052169799804688,-1.4539031982421875,-3.910232543945313,-1.5888519287109375
2016-06-13,12,2,298.9629211425781,293.91680908203125,3.3095703125,-0.3764801025390625,314.0,91361.125,269.0307006835937,283.35986328125,292.9047241210937,0.0044702421873807,0.0089846849441528,0.0140128433704376,5.3838653564453125,12.805740356445312,12.21539306640625,-1.4477996826171875,-4.674118041992188,-2.748687744140625
2016-06-13,18,3,295.63116455078125,292.5572509765625,4.0872344970703125,0.3874664306640625,0.0,91545.40625,268.865478515625,283.8476257324219,291.01373291015625,0.0037590994033962,0.0076951347291469,0.0131466537714004,1.6291961669921875,8.75830078125,13.506362915039062,0.290496826171875,-6.454513549804688,-2.431060791015625
2016-06-14,0,0,296.347900390625,293.06500244140625,4.372711181640625,-0.2234649658203125,0.75,91366.421875,269.72149658203125,283.612548828125,290.118408203125,0.0022049760445952,0.0090371631085872,0.013195626437664,4.6956634521484375,6.006118774414063,14.381393432617188,3.64794921875,-5.889251708984375,-3.606277465820313
2016-06-14,6,1,300.4768981933594,292.4549255371094,5.943771362304688,-0.98583984375,96.625,91465.21875,270.2225646972656,283.27978515625,292.3978271484375,0.0012346031144261,0.0094854421913623,0.0139577910304069,5.4952392578125,4.5093994140625,9.952835083007812,1.149932861328125,-3.287017822265625,-1.9870452880859373
2016-06-14,12,2,299.4262084960937,294.2685546875,3.877197265625,-1.252044677734375,397.375,91256.265625,269.48406982421875,283.03955078125,292.62896728515625,0.0035884648095816,0.0102119520306587,0.0143620856106281,5.1368255615234375,6.809173583984375,11.269882202148438,-2.082305908203125,-3.733444213867188,-3.590072631835937
2016-06-14,18,3,295.97760009765625,291.71197509765625,4.194137573242188,0.576751708984375,0.0,91436.0,268.79150390625,283.154541015625,290.92706298828125,0.0042944308370351,0.0094651971012353,0.0127951093018054,2.6168212890625,4.7162933349609375,13.224380493164062,-2.498046875,-4.5380706787109375,-1.262237548828125
2016-06-15,0,0,295.82745361328125,292.4354248046875,4.276092529296875,0.2509918212890625,0.0,91256.484375,270.0648193359375,283.4784545898437,290.1627502441406,0.0029197123367339,0.0094136595726013,0.0127113088965415,0.9793243408203124,6.039398193359375,14.938430786132812,0.857147216796875,-3.433929443359375,-1.4669036865234375
2016-06-15,6,1,300.3719482421875,291.21142578125,7.6537933349609375,-0.98370361328125,0.375,91324.03125,269.41339111328125,283.87677001953125,293.3158569335937,0.0028795269317924,0.0071549303829669,0.0119080357253551,1.5281524658203125,8.320907592773438,13.360488891601562,2.071868896484375,-4.1542816162109375,-1.972930908203125
2016-06-15,12,2,301.8407592773437,291.7170104980469,4.07818603515625,-0.1497344970703125,32.25,91068.59375,269.32598876953125,284.2660522460937,294.3888244628906,0.0022066712845116,0.0064811818301677,0.0127604296430945,3.476654052734375,10.121307373046877,9.511688232421877,0.91546630859375,-4.0883636474609375,-1.49847412109375
2016-06-15,18,3,296.2191467285156,292.5551452636719,4.03094482421875,1.0911407470703125,68.5,91307.65625,268.74676513671875,284.3148803710937,291.1669921875,0.0019989889115095,0.005760084837675,0.013345256447792,2.0950469970703125,5.576141357421875,11.443679809570312,-1.159088134765625,-3.107452392578125,0.1024017333984375
2016-06-16,0,0,295.9302673339844,293.2882080078125,3.3651580810546875,0.85113525390625,16.0,91130.34375,269.04962158203125,283.71002197265625,291.47998046875,0.0017703031189739,0.0076231211423873,0.0121537409722805,4.54168701171875,2.7516326904296875,12.3485107421875,1.13104248046875,-3.008056640625,-0.403472900390625
2016-06-16,6,1,299.4040222167969,292.44879150390625,5.409942626953125,-0.3107757568359375,25.125,91243.015625,268.70770263671875,283.4970092773437,292.16192626953125,0.0018984631169587,0.0080140940845012,0.013424415141344,2.5454864501953125,3.5129852294921875,8.817962646484375,-1.55462646484375,-1.68988037109375,-0.8324737548828125
2016-06-16,12,2,299.1469421386719,294.97119140625,3.2184600830078125,0.301727294921875,194.0,91010.796875,268.38360595703125,283.10675048828125,292.49322509765625,0.0031340520363301,0.0092290677130222,0.0137865804135799,2.164337158203125,6.0052642822265625,8.154586791992188,-3.2858428955078125,-2.6552276611328125,-1.186004638671875
2016-06-16,18,3,295.68572998046875,292.9593505859375,3.8438568115234375,0.3971099853515625,18.375,91243.765625,269.3074951171875,283.86102294921875,291.59747314453125,0.002716815797612,0.008169051259756,0.013073444366455,1.8220062255859373,4.4733428955078125,11.198928833007812,-3.020004272460937,-3.354400634765625,-3.183685302734375
2016-06-17,0,0,295.6440124511719,293.4092102050781,3.525985717773437,-0.1602020263671875,0.5,90984.71875,268.7619934082031,284.1336364746094,291.41375732421875,0.0037536178715527,0.0077049247920513,0.0126447156071662,3.998687744140625,1.138458251953125,10.884780883789062,-1.7230224609375,-3.6783599853515625,-5.68328857421875
2016-06-17,6,1,300.0880432128906,292.4699401855469,4.4375,-1.8831024169921875,210.125,91202.140625,268.3407592773437,283.29254150390625,291.88214111328125,0.0038166372105479,0.0082053244113922,0.0140642598271369,5.0346221923828125,-1.0531463623046875,7.091964721679688,-2.74078369140625,-2.6051025390625,-3.44085693359375
2016-06-17,12,2,299.4957275390625,294.96014404296875,2.348739624023437,0.22991943359375,850.5,90931.109375,268.3028564453125,283.62652587890625,293.81512451171875,0.0037822779268026,0.0086132027208805,0.0140704698860645,-0.725860595703125,0.533905029296875,7.017730712890625,-4.66986083984375,-3.2852783203125,-3.00177001953125
2016-06-17,18,3,296.0648803710937,294.08380126953125,3.594329833984375,-0.1929473876953125,148.125,91222.328125,268.90740966796875,283.2100830078125,291.86749267578125,0.0023860279470682,0.0085969604551792,0.0135792829096317,-1.772247314453125,4.44549560546875,11.29296875,-5.4090423583984375,-2.816131591796875,-5.0304107666015625
2016-06-18,0,0,295.8104858398437,293.2294921875,3.4185791015625,-1.1052703857421875,0.0,91011.5,269.55859375,283.86724853515625,290.5472717285156,0.0024385913275182,0.007318839430809,0.0137814246118068,1.1807098388671875,1.9827117919921875,11.599853515625,-0.1106109619140625,-4.6829833984375,-7.286941528320312
2016-06-18,6,1,299.6751708984375,292.8487548828125,4.0921630859375,-3.258285522460937,316.75,91221.5,268.7682800292969,283.1772155761719,292.3972473144531,0.0024447808973491,0.0079180635511875,0.0141158662736415,1.752655029296875,2.416717529296875,6.613494873046875,-0.091705322265625,-4.30035400390625,-5.80810546875
2016-06-18,12,2,300.18231201171875,294.056884765625,2.710723876953125,0.5752410888671875,276.5,90916.296875,269.1080017089844,283.3533020019531,293.6024780273437,0.002653382718563,0.0098122209310531,0.013850349932909,3.060699462890625,4.3282470703125,5.854049682617188,-4.867233276367188,-3.814498901367188,-1.683349609375
2016-06-18,18,3,294.6621398925781,293.4988098144531,2.575546264648437,0.2444305419921875,84.5,91211.296875,268.521240234375,283.42218017578125,291.16162109375,0.0047010444104671,0.0089709274470806,0.0141742518171668,0.2418060302734375,6.3846282958984375,10.99639892578125,-3.7613372802734375,-2.8353729248046875,-2.9266815185546875
2016-06-19,0,0,296.1502990722656,293.82379150390625,3.59173583984375,0.174560546875,7.875,91013.4375,269.0629272460937,284.01629638671875,290.0202941894531,0.0043127788230776,0.0087945722043514,0.013947308063507,0.15460205078125,4.475753784179688,11.78839111328125,-1.22808837890625,-0.4721527099609375,-4.47686767578125
2016-06-19,6,1,299.40142822265625,294.3739318847656,4.8053741455078125,-2.2912139892578125,82.25,91135.03125,269.11602783203125,283.67340087890625,292.3354187011719,0.0042374357581138,0.0094787962734699,0.0143382735550403,-0.9874420166015624,6.009780883789063,7.842864990234375,0.8910369873046875,-0.55706787109375,-3.960494995117188
2016-06-19,12,2,299.58758544921875,293.88604736328125,2.264739990234375,-0.0603485107421875,70.5,90916.03125,269.8903503417969,283.7626953125,292.8451232910156,0.0039809243753552,0.0095407031476497,0.0144962556660175,0.38055419921875,5.378662109375,4.544601440429688,0.8692779541015625,-0.87396240234375,-1.3533782958984375
2016-06-19,18,3,295.0201721191406,293.8141784667969,2.6004180908203125,0.256317138671875,16.0,91213.953125,269.4569702148437,283.11676025390625,290.7669677734375,0.0038610070478171,0.0099943690001964,0.0131745263934135,-1.7688446044921875,5.9722442626953125,9.107406616210938,-0.8949737548828125,-0.6833953857421875,-2.49468994140625
2016-06-20,0,0,294.98486328125,292.58709716796875,2.019271850585937,0.720184326171875,2.25,91039.46875,268.87518310546875,283.01641845703125,290.6202087402344,0.0047040022909641,0.0102975741028785,0.0131756588816642,-1.4956817626953125,2.162353515625,7.634002685546875,-1.151702880859375,2.3479156494140625,-2.16015625
2016-06-20,6,1,297.94757080078125,293.1357421875,3.7545166015625,0.8224029541015625,27.625,91143.5625,269.43084716796875,283.1936950683594,291.31024169921875,0.0047314725816249,0.0103429667651653,0.0138917788863182,-0.864898681640625,3.60382080078125,6.3278350830078125,1.0471649169921875,4.015396118164063,1.09503173828125
2016-06-20,12,2,300.08282470703125,293.0802001953125,0.858001708984375,1.6534881591796875,380.5,90857.65625,269.708984375,283.7783203125,293.66998291015625,0.0044575035572052,0.0103048682212829,0.0136277116835117,1.63604736328125,4.329559326171875,5.457290649414063,-0.1059722900390625,1.1477508544921875,3.650543212890625
2016-06-20,18,3,295.9575500488281,292.5126342773437,3.16900634765625,1.8527374267578125,0.125,91150.109375,270.137451171875,283.2408447265625,290.5886535644531,0.0042354092001914,0.010706577450037,0.0138894952833652,-1.2758331298828125,4.182098388671875,10.178207397460938,0.8295745849609375,0.920501708984375,2.663192749023437
2016-06-21,0,0,296.1283569335937,293.40185546875,3.109039306640625,1.5706634521484375,0.0,91028.9375,269.0874938964844,283.54296875,290.39923095703125,0.0047508925199508,0.0100712925195693,0.0140231736004352,-1.02789306640625,1.666351318359375,11.695480346679688,2.874984741210937,-0.6288909912109375,0.939971923828125
2016-06-21,6,1,298.5394287109375,293.278564453125,4.4820404052734375,0.713287353515625,96.25,91177.515625,269.484619140625,283.03240966796875,291.0438842773437,0.0044560767710208,0.0105261132121086,0.0145412869751453,-1.3627471923828125,3.07720947265625,7.544631958007812,3.011505126953125,1.0819244384765625,0.568328857421875
2016-06-21,12,2,297.0024719238281,293.96368408203125,3.570785522460937,1.223388671875,272.0,90977.875,269.82086181640625,283.570556640625,292.4464111328125,0.0045009143650531,0.010073434561491,0.0136741176247596,-3.468536376953125,7.7793121337890625,11.191452026367188,-1.20245361328125,-0.065155029296875,1.89483642578125
2016-06-21,18,3,294.4232177734375,292.48699951171875,3.18505859375,0.40753173828125,2.125,91350.0,268.7506103515625,282.6170349121094,289.6768798828125,0.0048618465662002,0.009758461266756,0.0127976797521114,-3.173370361328125,7.975738525390625,11.860549926757812,-2.142807006835937,-1.3738555908203125,-1.87762451171875
2016-06-22,0,0,295.06903076171875,292.3963623046875,3.109359741210937,-0.4560546875,3.25,91187.296875,268.29742431640625,282.97296142578125,290.4107971191406,0.0050071999430656,0.0094557292759418,0.0123536922037601,-0.904876708984375,5.76348876953125,12.957366943359377,-2.4434051513671875,-4.217010498046875,-4.0321044921875
2016-06-22,6,1,298.53692626953125,294.35211181640625,5.351333618164063,-0.3053741455078125,10.75,91303.1875,268.6553955078125,283.3818054199219,291.5291748046875,0.0049308314919471,0.0092677623033523,0.013971772044897,-0.0362548828125,5.9886627197265625,9.082000732421877,-3.521224975585937,-4.181854248046875,-0.9884033203125
2016-06-22,12,2,296.9935913085937,295.1094055175781,2.373641967773437,0.68426513671875,640.5,91127.125,268.73602294921875,283.29315185546875,292.7248229980469,0.0038459259085357,0.0107434540987014,0.0138555876910686,-1.6340484619140625,3.7772216796875,8.601776123046875,-4.445892333984375,-3.775802612304688,0.9106903076171876
2016-06-22,18,3,294.50390625,292.81304931640625,4.3998565673828125,0.1479644775390625,27.0,91411.25,268.7821044921875,282.8534545898437,290.02099609375,0.0036049005575478,0.0104252323508262,0.0141296274960041,-2.7933349609375,3.669967651367188,13.744918823242188,-2.0099334716796875,-3.235580444335937,-3.874237060546875
2016-06-23,0,0,294.4721984863281,292.510009765625,4.287399291992188,0.0424346923828125,28.75,91295.5625,267.93487548828125,281.65008544921875,289.6605529785156,0.0049746707081794,0.009742796421051,0.0137330070137977,0.0976715087890625,8.573883056640625,14.898422241210938,-5.6087493896484375,-6.464324951171875,-1.703125
2016-06-23,6,1,296.7706298828125,292.7056884765625,6.159194946289063,-0.395721435546875,57.25,91364.234375,268.1629943847656,282.3963623046875,290.6500549316406,0.0048282369971275,0.0097676739096641,0.0135991908609867,-3.0263824462890625,11.176651000976562,13.465576171875,-3.953338623046875,-6.094268798828125,-2.818572998046875
2016-06-23,12,2,296.5868530273437,293.4197998046875,4.608444213867188,-0.1138763427734375,124.75,91208.828125,268.4068908691406,282.6793518066406,290.8263244628906,0.0046651624143123,0.0103219971060752,0.0142894648015499,-6.781982421875,11.783157348632812,13.371963500976562,-4.944381713867188,-6.781661987304688,-1.97607421875
2016-06-23,18,3,294.31268310546875,291.103515625,4.99249267578125,-0.357452392578125,13.5,91411.546875,268.5430908203125,282.9776611328125,289.18414306640625,0.0041449489071965,0.0099156983196735,0.013064794242382,-9.003768920898438,10.474822998046877,16.475982666015625,-1.114715576171875,-9.31610107421875,-2.95684814453125
2016-06-24,0,0,294.61114501953125,291.68621826171875,4.440231323242188,-1.0517120361328125,0.0,91224.515625,267.78143310546875,283.00634765625,289.3277587890625,0.0038776905275881,0.009352046996355,0.0125484205782413,-3.74609375,12.404434204101562,15.28228759765625,-1.1516876220703125,-9.530715942382812,-4.507110595703125
2016-06-24,6,1,299.7424621582031,292.81298828125,6.189056396484375,-1.506317138671875,7.5,91239.296875,268.20562744140625,283.3466796875,292.4664306640625,0.0035782293416559,0.0100013613700866,0.0127500854432582,0.6362457275390625,11.757492065429688,14.156265258789062,-6.0716552734375,-9.368301391601562,-4.8297119140625
2016-06-24,12,2,297.50213623046875,293.5887451171875,4.13909912109375,0.39373779296875,346.75,91108.140625,268.3131103515625,282.7139892578125,291.4378662109375,0.0038101770915091,0.0100718028843402,0.0133828409016132,1.2921905517578125,7.6486663818359375,12.019012451171877,-7.061920166015625,-7.168060302734375,-2.9608154296875
2016-06-24,18,3,293.8500671386719,291.8252258300781,5.023223876953125,0.51739501953125,0.25,91368.65625,269.32342529296875,282.95172119140625,289.4967346191406,0.00350047275424,0.0101015157997608,0.013086762279272,-1.2159881591796875,13.763412475585938,16.56878662109375,-5.751617431640625,-8.675857543945312,-3.110824584960937
2016-06-25,0,0,294.6636962890625,292.4853515625,4.897506713867188,-0.41253662109375,2.875,91241.5625,268.08074951171875,282.1849975585937,290.1437072753906,0.0039240219630301,0.0099339596927165,0.0128527879714965,1.2976226806640625,12.038619995117188,16.41021728515625,-4.237335205078125,-6.185836791992188,-3.0927734375
2016-06-25,6,1,299.02166748046875,292.34088134765625,7.56610107421875,-2.143890380859375,4.25,91311.703125,268.5478515625,283.4713439941406,291.650390625,0.004098929464817,0.0087206661701202,0.0133199132978916,0.67767333984375,15.01019287109375,14.235931396484377,-5.1671905517578125,-5.6724853515625,-4.234649658203125
2016-06-25,12,2,294.7411804199219,292.90838623046875,4.94976806640625,-0.28717041015625,78.25,91312.171875,268.00616455078125,282.0348815917969,290.2758178710937,0.004767220467329,0.0101472698152065,0.0133490525186061,1.2807769775390625,15.8648681640625,15.350433349609377,-4.451873779296875,-6.9443206787109375,-3.2218017578125
2016-06-25,18,3,293.5830078125,291.9256591796875,4.873443603515625,-0.7740020751953125,4.375,91451.59375,268.84332275390625,282.8807983398437,290.60205078125,0.0043676160275936,0.0078164562582969,0.0133632533252239,0.190277099609375,18.42401123046875,17.364089965820312,-0.5461273193359375,-5.447921752929688,-5.311614990234375
2016-06-26,0,0,294.794677734375,292.81317138671875,4.5467681884765625,-1.1553802490234375,15.5,91291.40625,267.8709716796875,283.489501953125,290.67498779296875,0.0045339427888393,0.0061931684613227,0.0126465335488319,1.910308837890625,18.370132446289062,15.444808959960938,-1.2001953125,-8.16058349609375,-5.170166015625
2016-06-26,6,1,298.6137084960937,292.74627685546875,6.285797119140625,-0.2204132080078125,33.0,91336.390625,268.5512084960937,283.7497863769531,291.23321533203125,0.0043657161295413,0.0077591501176357,0.0136208832263946,3.6791839599609375,14.534896850585938,12.44354248046875,-0.981231689453125,-5.2549896240234375,-1.7250823974609375
2016-06-26,12,2,297.81915283203125,294.352294921875,3.3424072265625,0.1723175048828125,194.75,91125.625,268.9400634765625,283.8480834960937,292.25885009765625,0.0048900321125984,0.008333720266819,0.0137626230716705,8.0556640625,13.26123046875,11.280364990234377,-2.354522705078125,-2.8231353759765625,-0.2213134765625
2016-06-26,18,3,295.1539001464844,292.66461181640625,4.319015502929688,0.0463409423828125,42.375,91318.25,268.99755859375,284.4188842773437,290.2709350585937,0.0046606659889221,0.007315021008253,0.0144219249486923,6.907760620117188,14.582366943359377,14.9066162109375,-2.6693115234375,-4.793914794921875,-2.4838104248046875
2016-06-27,0,0,295.6409912109375,294.19854736328125,4.4629974365234375,0.26239013671875,46.75,91130.75,268.869384765625,284.4608764648437,289.9223022460937,0.004795353859663,0.0076066963374614,0.0142213143408298,9.485855102539062,14.544326782226562,14.863296508789062,-4.157379150390625,-3.9579925537109375,-2.4309844970703125
2016-06-27,6,1,299.0693664550781,293.28643798828125,7.099609375,-0.997100830078125,73.25,91179.53125,268.9378662109375,283.9752197265625,291.4816589355469,0.00479282066226,0.0090057589113712,0.0142363160848617,8.330520629882812,14.49176025390625,14.501174926757812,0.2691650390625,-4.344253540039063,-3.33062744140625
2016-06-27,12,2,297.1933288574219,293.598876953125,5.099212646484375,-0.519073486328125,21.5,91009.328125,269.1175537109375,283.38385009765625,291.4025573730469,0.0054262205958366,0.0091187246143817,0.0141978673636913,7.967666625976562,16.109878540039062,13.600234985351562,-1.6163787841796875,-3.755691528320313,-2.0972442626953125
2016-06-27,18,3,294.5404663085937,292.8922119140625,4.446807861328125,0.478790283203125,149.5,91200.09375,269.1586303710937,283.62408447265625,290.20855712890625,0.0054691098630428,0.0082170329988002,0.0143822059035301,10.475250244140623,16.589981079101562,14.85784912109375,-1.6005859375,-3.793380737304688,-1.3199615478515625
2016-06-28,0,0,295.8117370605469,294.39013671875,3.983230590820313,0.5771026611328125,83.0,91018.53125,269.24609375,284.30419921875,290.75933837890625,0.0053596645593643,0.0088167265057563,0.0145918279886245,13.051162719726562,13.628067016601562,14.70721435546875,-3.841629028320313,-2.0014190673828125,-0.1483154296875
2016-06-28,6,1,296.71051025390625,294.62457275390625,3.9332427978515625,1.54718017578125,1727.5,91207.359375,269.33624267578125,283.7385559082031,291.2020874023437,0.0050438083708286,0.0090138390660285,0.0150327533483505,10.546661376953123,14.21673583984375,13.702682495117188,-3.304840087890625,-3.638351440429688,0.58453369140625
2016-06-28,12,2,296.735595703125,294.0726013183594,4.6383209228515625,0.7861328125,183.5,91035.140625,269.6591186523437,284.089599609375,290.7748413085937,0.0056658163666725,0.0091283060610294,0.0146996602416038,8.27008056640625,18.716629028320312,15.581344604492188,-5.9284515380859375,-2.0704345703125,0.2251434326171875
2016-06-28,18,3,294.35418701171875,293.1132202148437,5.033248901367188,1.0277862548828125,144.625,91250.046875,269.2724304199219,283.3373413085937,290.35992431640625,0.005543771199882,0.0087465532124042,0.0144949406385421,7.526290893554687,17.6248779296875,17.29852294921875,-5.657135009765625,-2.130767822265625,0.488433837890625
2016-06-29,0,0,294.7462158203125,293.3456420898437,4.762222290039063,1.48828125,63.75,91057.03125,269.5519104003906,283.76416015625,290.1080322265625,0.0054234862327575,0.0086160227656364,0.014175858348608,12.604537963867188,19.385513305664062,16.696212768554688,-2.786346435546875,-1.29205322265625,1.225738525390625
2016-06-29,6,1,295.495849609375,293.9716796875,4.9798583984375,1.5383148193359375,144.125,91308.40625,269.7995300292969,283.25732421875,290.1419372558594,0.0057108625769615,0.0083048492670059,0.0140472315251827,12.723373413085938,19.7899169921875,17.813385009765625,-4.948028564453125,0.507171630859375,0.5187835693359375
2016-06-29,12,2,295.3358154296875,293.4244079589844,5.8788604736328125,0.880584716796875,29.25,91086.78125,269.4830627441406,283.7747497558594,290.43560791015625,0.0053434558212757,0.0080788172781467,0.0139456801116466,10.557113647460938,21.501983642578125,18.397628784179688,-3.8702239990234375,-2.0181427001953125,-0.37152099609375
2016-06-29,18,3,294.260009765625,292.5926513671875,5.1231842041015625,0.3957672119140625,16.875,91297.75,269.6288146972656,283.87286376953125,290.1921691894531,0.0050757154822349,0.0097656026482582,0.0142931826412677,12.721603393554688,19.324676513671875,17.857879638671875,-0.948272705078125,-4.673370361328125,-1.7262725830078125
2016-06-30,0,0,295.07696533203125,293.124755859375,5.306930541992188,0.53118896484375,13.75,91066.390625,270.1011047363281,284.03582763671875,290.3973693847656,0.0049472097307443,0.0081574209034442,0.0143498741090297,9.304428100585938,19.652847290039062,17.695404052734375,-2.861297607421875,-3.7386474609375,-1.130828857421875
2016-06-30,6,1,297.73779296875,293.1965637207031,7.481414794921875,-0.2818603515625,180.5,91262.40625,270.0094909667969,283.756103515625,291.44610595703125,0.0048783235251903,0.0088946744799613,0.0142941996455192,8.934326171875,18.230941772460938,15.991683959960938,-0.0432586669921875,-5.5308990478515625,-1.509979248046875
2016-06-30,12,2,297.7080993652344,292.9501953125,5.9061431884765625,-0.364593505859375,0.0,91069.46875,269.8309936523437,283.8194885253906,291.7426147460937,0.0044074542820453,0.0083897374570369,0.0139079317450523,11.327529907226562,19.7958984375,15.956268310546877,-1.19696044921875,-6.809982299804688,-1.6820831298828125
2016-06-30,18,3,295.5919189453125,292.8987121582031,5.310562133789063,-0.1863250732421875,5.125,91249.78125,270.02197265625,284.64239501953125,290.1642150878906,0.0046859234571456,0.0082729347050189,0.0142207667231559,9.769073486328123,20.269454956054688,16.986083984375,-1.930389404296875,-6.41357421875,-2.35528564453125
2016-07-01,0,0,296.569580078125,293.35552978515625,5.3189697265625,0.4190521240234375,4.75,91082.625,269.45654296875,284.5986328125,290.7359619140625,0.0044959150254726,0.0087007097899913,0.0144177116453647,10.558074951171877,19.19110107421875,16.596969604492188,-3.8130950927734375,-5.450363159179688,-0.4004364013671875
2016-07-01,6,1,298.7651672363281,292.941650390625,8.506607055664062,0.3588409423828125,6.375,91206.8125,269.346435546875,284.3287353515625,292.169677734375,0.0043743103742599,0.0091204307973384,0.0141669139266014,8.576080322265625,19.56063842773437,15.98016357421875,-3.814407348632813,-3.91741943359375,0.3874359130859375
2016-07-01,12,2,299.41064453125,293.20135498046875,6.444549560546875,0.8586578369140625,0.0,91046.78125,269.5853271484375,283.65533447265625,292.3887939453125,0.0047546122223138,0.0094816535711288,0.0137649662792682,8.535110473632812,20.727813720703125,15.951385498046877,-3.6518402099609375,-4.058013916015625,0.3522491455078125
2016-07-01,18,3,295.62579345703125,292.0419616699219,6.537200927734375,0.9514312744140624,0.0,91284.859375,268.9454650878906,284.9012145996094,290.4439697265625,0.0047100707888603,0.0081169456243515,0.012359220534563,4.3199615478515625,21.870346069335938,20.09663391113281,-2.674560546875,-4.162872314453125,0.680816650390625
2016-07-02,0,0,296.41876220703125,292.683837890625,5.9611663818359375,0.553924560546875,0.0,91058.203125,269.47998046875,285.58038330078125,289.8771667480469,0.0041480511426925,0.0077422372996807,0.0131394155323505,3.3464813232421875,20.081451416015625,18.499420166015625,-0.8329315185546875,-5.7091827392578125,0.107635498046875
2016-07-02,6,1,299.7039794921875,293.5350952148437,8.817535400390625,0.2530975341796875,7.5,91215.828125,269.4825439453125,285.7674255371094,292.581787109375,0.0041783303022384,0.008488617837429,0.0139980055391788,5.3126068115234375,17.14605712890625,15.68707275390625,2.9224853515625,-4.38519287109375,0.3488922119140625
2016-07-02,12,2,300.5543212890625,293.06524658203125,5.486358642578125,1.301513671875,3.75,91094.84375,269.86285400390625,283.9716796875,292.77313232421875,0.0025680502876639,0.0094721540808677,0.0140063464641571,6.901702880859375,13.378982543945312,13.673873901367188,2.778350830078125,-5.3493194580078125,1.3697662353515625
2016-07-02,18,3,295.708251953125,292.052978515625,5.0484161376953125,1.2676544189453125,0.0,91393.109375,270.90576171875,283.68853759765625,290.3692626953125,0.0019924896769225,0.0095131248235702,0.0134836509823799,6.532012939453125,16.733612060546875,16.996673583984375,1.544647216796875,-3.153182983398437,0.7019805908203125
2016-07-03,0,0,296.21026611328125,293.1663818359375,5.177215576171875,1.637969970703125,6.5,91195.625,269.62139892578125,285.3176574707031,289.9483642578125,0.0035883365198969,0.0090053118765354,0.0139143653213977,7.977920532226562,13.583526611328123,16.472457885742188,0.4202880859375,-1.5958099365234375,2.404449462890625
2016-07-03,6,1,299.15789794921875,292.81365966796875,8.208786010742188,-0.0778350830078125,4.25,91327.8125,270.305419921875,284.8926696777344,292.7333068847656,0.0028720351401716,0.0093855634331703,0.0142246857285499,8.04412841796875,13.798568725585938,15.126296997070312,1.2424468994140625,0.8226165771484375,-0.211212158203125
2016-07-03,12,2,299.7764587402344,293.4852905273437,4.889862060546875,0.1672210693359375,7.75,91134.171875,270.9206237792969,284.5679931640625,293.3510131835937,0.0027595162391662,0.0107357464730739,0.0143643794581294,6.730743408203125,13.037796020507812,11.827056884765623,6.8455657958984375,-2.9583282470703125,-0.6891937255859375
2016-07-03,18,3,295.92926025390625,293.15875244140625,3.713180541992188,0.682098388671875,0.0,91430.65625,270.8262939453125,284.10906982421875,291.251708984375,0.0028255262877792,0.0100990086793899,0.0146561972796916,7.250244140625,11.471817016601562,13.609848022460938,4.0814056396484375,0.6954498291015625,-0.5814971923828125
2016-07-04,0,0,296.05474853515625,293.6865234375,3.868408203125,1.6018524169921875,8.0,91264.71875,270.5292663574219,284.0478210449219,289.92315673828125,0.0036793281324207,0.0106425993144512,0.0140607617795467,6.352554321289063,9.872268676757812,13.302703857421877,0.5908660888671875,2.863861083984375,1.3104248046875
2016-07-04,6,1,299.7135925292969,293.80230712890625,4.48541259765625,1.518341064453125,10.75,91415.21875,269.2956848144531,284.22613525390625,291.52587890625,0.0049653574824333,0.0107446461915969,0.0150302238762378,4.5929718017578125,12.5291748046875,9.313400268554688,4.0189361572265625,0.604949951171875,0.0343780517578125
2016-07-04,12,2,298.2735595703125,294.9390869140625,3.260986328125,2.226547241210937,117.25,91220.453125,270.2580261230469,284.049072265625,292.05181884765625,0.0051296353340148,0.0105971992015838,0.0149087011814117,3.208709716796875,11.562149047851562,11.871078491210938,1.745697021484375,1.7656707763671875,1.8404388427734373
2016-07-04,18,3,295.64208984375,293.7245483398437,4.474044799804688,0.9732208251953124,5.0,91465.953125,269.5534362792969,283.55377197265625,290.7264404296875,0.0052182972431182,0.0106566026806831,0.0138245448470115,3.9620208740234375,13.091659545898438,15.478515625,5.2835235595703125,-0.6103668212890625,0.3106536865234375
2016-07-05,0,0,295.3419189453125,294.0743713378906,4.0378265380859375,0.816375732421875,4.0,91222.078125,269.195068359375,284.41290283203125,291.0295715332031,0.0053224824368953,0.0104095824062824,0.0142008252441883,6.6858673095703125,13.51556396484375,15.255020141601562,1.03704833984375,1.211029052734375,2.1675262451171875
2016-07-05,6,1,296.7382507324219,294.4907531738281,5.23785400390625,2.3175811767578125,311.625,91378.15625,269.0767517089844,285.5130310058594,291.29425048828125,0.005333449691534,0.0078498162329196,0.0144752264022827,8.092132568359375,11.21533203125,12.923812866210938,4.315765380859375,6.048355102539063,2.06622314453125
2016-07-05,12,2,298.89141845703125,293.7768859863281,4.79779052734375,1.100250244140625,124.0,91147.765625,268.9453125,284.02294921875,292.7933349609375,0.0036016539670526,0.0096873007714748,0.0142765305936336,4.481704711914063,14.385635375976562,13.189666748046877,8.167694091796875,0.8139495849609375,1.73809814453125
2016-07-05,18,3,295.6165771484375,293.600341796875,3.501190185546875,1.0183258056640625,3.75,91361.828125,269.2274780273437,284.68524169921875,290.84832763671875,0.0034535978920757,0.0091828107833862,0.0145179033279418,6.823638916015625,13.536529541015623,12.905563354492188,7.1053466796875,-0.7377777099609375,-0.898193359375
2016-07-06,0,0,296.44696044921875,294.1041259765625,2.735092163085937,2.0458526611328125,14.25,91193.265625,268.6585693359375,284.5968933105469,290.70123291015625,0.0046696104109287,0.0089382044970989,0.0145218707621097,9.555313110351562,15.490646362304688,12.302154541015623,0.9593963623046876,1.3323974609375,1.321502685546875
2016-07-06,6,1,298.9605712890625,293.490234375,5.706939697265625,0.621551513671875,21.125,91287.234375,268.7904052734375,284.18170166015625,292.1234130859375,0.0043711848556995,0.0101874470710754,0.0145203173160552,9.56817626953125,13.574798583984377,10.175430297851562,3.12591552734375,-0.336669921875,0.165252685546875
2016-07-06,12,2,296.9786682128906,294.8573303222656,4.38604736328125,1.0034332275390625,281.5,91139.015625,269.4879150390625,284.29931640625,291.9366455078125,0.0051285289227962,0.0100350305438041,0.0145638361573219,5.776626586914063,14.149139404296877,13.730331420898438,-1.914337158203125,-0.9967803955078124,1.1276397705078125
2016-07-06,18,3,294.4716186523437,293.5174865722656,4.429855346679688,0.4814910888671875,26.5,91397.078125,268.637939453125,284.0003967285156,290.7130432128906,0.0048134513199329,0.0100862011313438,0.0141395144164562,3.149276733398437,14.052322387695312,16.019729614257812,-3.2974090576171875,-0.1163177490234375,-1.058135986328125
2016-07-07,0,0,295.4960327148437,293.8500366210937,4.230377197265625,1.09686279296875,0.0,91208.421875,269.11334228515625,284.7463684082031,290.7193603515625,0.0042272731661796,0.0090177245438098,0.0135691501200199,5.99407958984375,16.99017333984375,15.249526977539062,-2.525054931640625,1.79925537109375,0.7608795166015625
2016-07-07,6,1,298.79571533203125,293.21490478515625,6.956268310546875,0.3927459716796875,96.25,91298.734375,268.8226013183594,285.38818359375,291.926513671875,0.0038097109645605,0.0079523436725139,0.0141535773873329,5.8682861328125,16.38946533203125,14.01336669921875,-1.785308837890625,2.89593505859375,-0.1398773193359375
2016-07-07,12,2,299.1292724609375,294.56768798828125,4.2191162109375,0.0729217529296875,489.25,91195.6875,268.3095703125,283.5311279296875,292.4350280761719,0.0046365670859813,0.0098458938300609,0.014392714947462,7.378753662109375,18.951202392578125,12.926162719726562,3.1146697998046875,-1.87188720703125,-0.4368438720703125
2016-07-07,18,3,295.4203186035156,293.533203125,3.7371978759765625,0.5321197509765625,49.25,91413.265625,268.0385131835937,284.34405517578125,290.467041015625,0.0043693110346794,0.008625891059637,0.014173274859786,8.4234619140625,16.021652221679688,12.92315673828125,-0.3458709716796875,-1.94329833984375,-1.1812744140625
2016-07-08,0,0,296.3247375488281,293.7242431640625,4.12469482421875,0.3686065673828125,17.75,91167.125,268.2547607421875,284.2320251464844,290.1523742675781,0.0039143869653344,0.0093799196183681,0.0142858494073152,6.893798828125,18.50811767578125,13.612335205078123,-4.6036376953125,-0.274749755859375,-0.7756805419921875
2016-07-08,6,1,299.20782470703125,293.61590576171875,7.50750732421875,-0.125244140625,7.25,91241.296875,268.1182556152344,283.3602905273437,291.87701416015625,0.0043147169053554,0.0099087059497833,0.0140247642993927,7.0931549072265625,16.25341796875,14.382553100585938,-1.4963836669921875,-0.72796630859375,-0.6438446044921875
2016-07-08,12,2,299.491455078125,293.3202209472656,5.7618408203125,0.366546630859375,63.25,91029.015625,268.32244873046875,283.9197998046875,292.8576965332031,0.0035067286808043,0.0088791958987712,0.0140756070613861,5.08575439453125,19.73016357421875,14.508712768554688,-5.2218780517578125,-1.246856689453125,-0.275787353515625
2016-07-08,18,3,295.41876220703125,292.62274169921875,5.035247802734375,1.108734130859375,24.25,91276.734375,268.16729736328125,284.0805053710937,289.99517822265625,0.0034070308320224,0.0076561532914638,0.0140690021216869,5.600631713867188,22.671142578125,15.627853393554688,-3.192367553710937,-2.0031280517578125,-0.1348419189453125
2016-07-09,0,0,295.6023254394531,292.2587280273437,5.820343017578125,1.2252960205078125,5.625,91126.765625,267.8564453125,283.73455810546875,289.9651184082031,0.0041091796010732,0.0090880468487739,0.0138140507042407,6.895797729492188,23.44673156738281,17.280303955078125,-3.6316070556640634,-0.8165283203125,1.3903961181640625
2016-07-09,6,1,298.3171691894531,292.2094116210937,9.022567749023438,1.095428466796875,4.25,91264.90625,268.25347900390625,283.05767822265625,291.3163452148437,0.0038924610707908,0.0083581609651446,0.0137708634138107,6.862640380859375,21.97035217285156,16.964080810546875,-2.777328491210937,1.4746551513671875,1.852020263671875
2016-07-09,12,2,298.7696228027344,292.88299560546875,7.0060882568359375,1.2625579833984375,15.75,91037.796875,268.15106201171875,284.06915283203125,292.0675354003906,0.0039577707648277,0.0084931068122386,0.0138730453327298,8.126754760742188,22.962387084960938,17.570510864257812,1.7266387939453125,0.289794921875,1.9722442626953125
2016-07-09,18,3,295.16259765625,292.4271240234375,6.196136474609375,1.0916595458984375,11.75,91204.828125,268.50836181640625,286.1934814453125,289.84490966796875,0.0043483115732669,0.0058267153799533,0.0139850005507469,10.708343505859377,19.17144775390625,18.18682861328125,-0.0800628662109375,-2.83599853515625,1.0670623779296875
2016-07-10,0,0,295.95855712890625,293.0947570800781,6.299163818359375,1.9019775390625,12.5,91111.859375,268.56182861328125,284.1033935546875,289.9557189941406,0.0040394440293312,0.0079984664916992,0.0140973888337612,12.75146484375,21.96226501464844,18.67372131347656,-1.3771209716796875,-0.3428802490234375,2.29058837890625
2016-07-10,6,1,298.9014892578125,292.45770263671875,8.986770629882812,1.0459442138671875,4.0,91179.90625,268.8671569824219,283.9296875,291.8218688964844,0.0040078572928905,0.0079323910176754,0.0135843493044376,11.738296508789062,21.828842163085938,17.697052001953125,0.7881622314453125,0.1540985107421875,1.8450469970703125
2016-07-10,12,2,298.9561462402344,293.0468139648437,7.0230255126953125,1.0724945068359375,0.0,91010.53125,269.7088623046875,284.3477478027344,291.83447265625,0.0048880912363529,0.0071174465119838,0.0139535218477249,10.771697998046877,22.58648681640625,16.440444946289062,0.7180023193359375,-0.453521728515625,1.608551025390625
2016-07-10,18,3,295.81036376953125,292.40594482421875,6.376998901367188,1.2435302734375,15.5,91227.375,269.3227233886719,283.75115966796875,290.30908203125,0.0036163667682558,0.0069321691989898,0.0143026495352387,9.277694702148438,22.418441772460938,18.81182861328125,1.0917205810546875,-1.523712158203125,1.6555633544921875
2016-07-11,0,0,296.00701904296875,292.8501281738281,6.296890258789063,1.36279296875,0.25,91061.640625,269.4369506835937,283.651123046875,289.94940185546875,0.004183392971754,0.008063431829214,0.0139699205756187,9.560302734375,21.724853515625,19.299057006835938,-1.950225830078125,-0.80322265625,2.384124755859375
2016-07-11,6,1,299.1783447265625,292.1062927246094,7.311111450195312,0.4460601806640625,6.75,91195.8125,269.3573303222656,284.01434326171875,290.51824951171875,0.0052275210618972,0.0080385990440845,0.0134513191878795,8.35394287109375,20.267837524414062,18.597579956054688,1.463104248046875,-0.3334808349609375,-0.123504638671875
2016-07-11,12,2,299.7837219238281,292.9013671875,6.5047149658203125,1.434478759765625,12.0,91040.96875,269.5692749023437,282.9364624023437,292.17645263671875,0.0048247426748275,0.0086938142776489,0.0136650595813989,5.2485198974609375,19.86883544921875,17.025405883789062,-0.623016357421875,-3.0744171142578125,2.652099609375
2016-07-11,18,3,295.4288330078125,292.1923217773437,6.02008056640625,0.7598114013671875,9.75,91246.1875,268.3475952148437,284.529296875,289.85968017578125,0.0045120939612388,0.0073956251144409,0.0137635953724384,3.618621826171875,18.82598876953125,17.789291381835938,3.720001220703125,-3.615692138671875,-0.335296630859375
2016-07-12,0,0,295.572509765625,292.25445556640625,5.7263946533203125,1.526947021484375,0.0,91171.34375,268.025390625,284.607666015625,289.583740234375,0.0043647736310958,0.0086654312908649,0.0134690031409263,4.952239990234375,16.01287841796875,17.559661865234375,3.547348022460937,-3.29132080078125,1.7680206298828125
2016-07-12,6,1,298.91558837890625,292.7281494140625,7.7966461181640625,0.8096160888671875,7.25,91302.515625,268.4754333496094,284.02813720703125,291.57177734375,0.0046320222318172,0.0083270147442817,0.0138488002121448,3.5379791259765625,16.708740234375,14.2039794921875,2.9163970947265625,-1.8441314697265625,1.1699676513671875
2016-07-12,12,2,299.4032592773437,293.18048095703125,6.217544555664063,0.66253662109375,1.25,91148.296875,268.98016357421875,283.2709350585937,292.03143310546875,0.0044659115374088,0.0090808942914009,0.0137067018076777,4.461685180664063,15.327835083007812,14.847488403320312,1.0131683349609375,-2.3297882080078125,1.0697479248046875
2016-07-12,18,3,295.37042236328125,292.14312744140625,4.8277130126953125,0.9884185791015624,7.75,91380.703125,268.03887939453125,284.8053283691406,289.3687744140625,0.0044883340597152,0.0077543333172798,0.0136571563780307,2.904052734375,13.429840087890623,15.673477172851562,-0.5782012939453125,-0.9696197509765624,0.1712493896484375
2016-07-13,0,0,296.101806640625,292.70037841796875,4.8521881103515625,1.0985107421875,7.0,91273.546875,268.5284729003906,285.1786193847656,289.1461181640625,0.0042553730309009,0.0075466856360435,0.0134411118924617,2.824920654296875,9.902664184570312,15.417709350585938,-2.136260986328125,-1.3891448974609375,0.7633819580078125
2016-07-13,6,1,299.34698486328125,292.94415283203125,6.759002685546875,0.977142333984375,22.5,91322.0625,269.62078857421875,285.1251220703125,291.86248779296875,0.003533850191161,0.0078192763030529,0.0136846341192722,0.2874603271484375,8.845687866210938,12.222366333007812,-0.3550872802734375,-1.5147247314453125,1.565032958984375
2016-07-13,12,2,299.96514892578125,293.4649353027344,4.986480712890625,0.4759521484375,61.5,91103.703125,271.1363220214844,283.47381591796875,293.308837890625,0.0023759154137223,0.0098339840769767,0.0136091746389865,-1.685333251953125,8.33551025390625,12.555465698242188,2.60498046875,-0.5267791748046875,0.7606964111328125
2016-07-13,18,3,295.3631286621094,292.43218994140625,3.901031494140625,0.5778656005859375,0.0,91339.84375,270.2577514648437,283.82159423828125,290.22723388671875,0.0021603433415293,0.0085428655147552,0.0132216438651084,-2.708038330078125,6.4920654296875,13.176239013671877,4.3492584228515625,0.38177490234375,-0.8449859619140625
2016-07-14,0,0,295.82861328125,293.4844970703125,2.8662109375,0.7045440673828125,1.5,91194.015625,270.3902282714844,284.29132080078125,289.8567810058594,0.0021040965802967,0.0084000155329704,0.0131152682006359,-1.395751953125,4.667510986328125,11.931594848632812,5.115890502929688,1.514984130859375,-0.5353240966796875
2016-07-14,6,1,299.85272216796875,292.9249267578125,4.9207763671875,0.0745086669921875,7.75,91203.71875,270.48883056640625,284.3935241699219,292.34014892578125,0.0020214125979691,0.0079832151532173,0.0137697905302047,-0.97003173828125,2.673126220703125,8.46112060546875,5.604171752929688,1.3426971435546875,-0.24945068359375
2016-07-14,12,2,300.80108642578125,295.38629150390625,2.4867706298828125,1.220794677734375,428.0,91011.296875,270.3140869140625,284.11676025390625,293.1549072265625,0.0023038659710437,0.0099477842450141,0.0143939442932605,-1.148529052734375,4.5712738037109375,5.914794921875,1.7769775390625,0.9590911865234376,2.2108306884765625
2016-07-14,18,3,295.8843688964844,293.7961730957031,2.642440795898437,0.295623779296875,6.75,91318.03125,269.5463256835937,283.6219482421875,291.43951416015625,0.0026083171833306,0.0101435296237468,0.014409564435482,-2.2798004150390625,2.18048095703125,7.995315551757812,1.3263092041015625,0.413848876953125,-2.1562042236328125
2016-07-15,0,0,296.2812194824219,294.1474609375,2.1702117919921875,-0.081573486328125,11.0,91192.140625,269.6849670410156,283.44549560546875,290.53680419921875,0.0018967571668326,0.010132323950529,0.0134591236710548,-1.7698822021484375,1.2481842041015625,7.1654052734375,1.7073974609375,3.0719146728515625,-2.69525146484375
2016-07-15,6,1,299.16607666015625,293.1767578125,2.9130096435546875,-0.5733184814453125,2.25,91276.84375,269.695068359375,283.4378356933594,291.9568176269531,0.0020742670167237,0.0098286233842372,0.0136211961507797,-1.69036865234375,2.8319244384765625,4.445404052734375,1.760589599609375,3.343109130859375,-0.9218292236328124
2016-07-15,12,2,302.37664794921875,294.9377746582031,1.9003448486328125,-0.3710479736328125,246.0,91027.21875,269.596435546875,283.20806884765625,294.1824035644531,0.0024414777290076,0.0094912126660346,0.0142886452376842,0.2403106689453125,2.2353668212890625,3.1956787109375,-1.6101531982421875,4.490493774414063,-1.23870849609375
2016-07-15,18,3,295.5419006347656,293.66314697265625,1.8202056884765625,1.3382568359375,234.0,91431.015625,268.21063232421875,283.4222106933594,291.1806640625,0.0032744666095823,0.0093113593757152,0.0147749334573745,-0.7010650634765625,1.9667510986328125,4.810211181640625,0.068695068359375,3.612106323242188,-0.5774688720703125
2016-07-16,0,0,295.74822998046875,294.071533203125,2.454208374023437,0.7802734375,16.75,91229.0,268.10223388671875,283.5140380859375,291.0403747558594,0.0039110421203076,0.0097804032266139,0.0132773332297801,-2.7827911376953125,2.1380157470703125,7.9603271484375,0.8933868408203125,3.328582763671875,-0.46527099609375
2016-07-16,6,1,299.02587890625,293.13116455078125,3.415191650390625,0.252960205078125,60.5,91394.3125,268.6743469238281,282.9853210449219,291.3713684082031,0.0035293407272547,0.0097750648856163,0.0139522589743137,-2.3552703857421875,0.674774169921875,5.2415771484375,4.28582763671875,4.25701904296875,0.173828125
2016-07-16,12,2,301.4043884277344,294.1843566894531,1.6812286376953125,0.603912353515625,157.0,91145.953125,269.1112670898437,283.7037658691406,293.8256225585937,0.0029540380928665,0.0085071586072444,0.0138377472758293,-1.1424713134765625,1.1994476318359375,2.83624267578125,0.665008544921875,5.0653076171875,0.74700927734375
2016-07-16,18,3,296.0650939941406,293.6748352050781,1.341888427734375,1.050140380859375,288.75,91569.953125,268.0779113769531,282.9320983886719,291.3088684082031,0.0035153371281921,0.0090303793549537,0.0145358406007289,-2.192779541015625,0.3816070556640625,4.8026885986328125,1.1318511962890625,2.54974365234375,1.1196441650390625
2016-07-17,0,0,295.4566955566406,293.55548095703125,1.628265380859375,0.2234649658203125,0.0,91405.828125,267.9554443359375,283.073974609375,290.91680908203125,0.0042783245444297,0.0087091326713562,0.0128760002553462,-1.4956817626953125,0.44573974609375,6.4361114501953125,4.060302734375,0.4896240234375,-1.2326812744140625
2016-07-17,6,1,298.0362243652344,293.24053955078125,2.901947021484375,0.7209320068359375,734.25,91580.515625,268.30108642578125,282.67584228515625,290.2568664550781,0.0042439475655555,0.009030096232891,0.0141152888536453,0.61798095703125,0.5988311767578125,5.750640869140625,1.8748931884765625,2.11932373046875,0.29705810546875
2016-07-17,12,2,298.5263977050781,294.5438232421875,2.4150390625,1.02056884765625,631.5,91397.96875,268.2208251953125,282.9765014648437,291.635009765625,0.004266008734703,0.0095655359327793,0.0150856189429759,-1.129302978515625,2.754058837890625,5.457687377929688,2.182113647460937,2.2864227294921875,1.398468017578125
2016-07-17,18,3,295.1583251953125,293.39141845703125,2.281341552734375,0.225006103515625,207.5,91620.96875,267.6922607421875,283.32672119140625,290.8280334472656,0.0043663587421178,0.0087999813258647,0.0139531344175338,-0.691741943359375,2.61358642578125,7.3056640625,0.693389892578125,1.0077362060546875,-1.7245025634765625
2016-07-18,0,0,295.0223693847656,293.36444091796875,2.459442138671875,0.06427001953125,4.25,91502.078125,267.51959228515625,282.62860107421875,290.43231201171875,0.0048033222556114,0.0093551129102706,0.012854341417551,-0.040924072265625,3.52374267578125,9.042999267578123,3.149444580078125,0.1087646484375,-3.2042999267578125
2016-07-18,6,1,298.8534851074219,292.777099609375,4.0498809814453125,-0.8682403564453125,35.75,91583.140625,267.937744140625,282.8612670898437,290.7115783691406,0.0045955516397953,0.0088288411498069,0.0136531703174114,0.699981689453125,3.6563568115234375,6.373580932617188,1.4534454345703125,1.7202606201171875,-1.5992889404296875
2016-07-18,12,2,297.9114990234375,294.2664794921875,2.2389678955078125,0.55230712890625,235.5,91323.484375,268.69384765625,283.4535827636719,291.87139892578125,0.0043893288820981,0.0087988153100013,0.0136943161487579,1.00885009765625,4.1065826416015625,5.5465240478515625,1.105438232421875,0.3618927001953125,-1.7280426025390625
2016-07-18,18,3,294.7221069335937,292.3363037109375,3.236679077148437,-0.1930999755859375,15.0,91595.234375,268.3424072265625,282.3360595703125,289.8114013671875,0.0046546049416065,0.0094015412032604,0.0133299157023429,-0.34820556640625,5.324752807617188,11.7913818359375,0.799163818359375,-3.0013885498046875,-4.61505126953125
2016-07-19,0,0,294.4844970703125,292.8800048828125,2.9300079345703125,-0.5261077880859375,4.75,91429.046875,267.9989013671875,282.2680053710937,289.2544860839844,0.0047401525080204,0.0091097988188266,0.0126023702323436,2.402618408203125,4.16510009765625,11.005157470703123,0.6245269775390625,-1.2557525634765625,-5.058639526367188
2016-07-19,6,1,297.44195556640625,292.1136474609375,4.6046905517578125,-1.6242523193359375,12.5,91550.28125,268.2763366699219,281.9595947265625,290.3890991210937,0.0042866356670856,0.0088584199547767,0.0130763016641139,4.4031524658203125,4.2239532470703125,7.8149261474609375,-0.459014892578125,-3.67144775390625,-3.165512084960937
2016-07-19,12,2,297.70880126953125,293.6436767578125,2.77459716796875,-1.6590118408203125,168.0,91272.078125,269.3009033203125,282.49859619140625,292.3575439453125,0.0039035868830978,0.0091941431164741,0.0133823454380035,3.890533447265625,5.863204956054688,7.617019653320312,-1.1429290771484375,-4.177459716796875,-4.381622314453125
2016-07-19,18,3,295.0726318359375,292.4367370605469,3.028778076171875,-0.5761566162109375,0.25,91512.03125,268.5067749023437,282.43023681640625,290.7471618652344,0.0041057802736759,0.0087310932576656,0.0131912939250469,2.454803466796875,6.137863159179688,9.611129760742188,-2.468353271484375,-5.7900390625,-3.274932861328125
2016-07-20,0,0,295.6778564453125,292.69287109375,3.288314819335937,-0.9713592529296876,4.75,91335.65625,268.03338623046875,282.6798400878906,289.56005859375,0.0047941319644451,0.0093661211431026,0.0134111419320106,4.2755279541015625,6.678558349609375,10.312408447265623,-3.18096923828125,-3.6614990234375,-5.029937744140625
2016-07-20,6,1,298.09649658203125,292.845947265625,4.7655792236328125,-1.6580047607421875,66.0,91453.546875,267.9915771484375,282.5028991699219,290.86578369140625,0.0047221984714269,0.0096011720597743,0.0137074291706085,3.769683837890625,7.707595825195312,8.017623901367188,-4.375701904296875,-3.698410034179688,-2.85638427734375
2016-07-20,12,2,297.0747985839844,293.63824462890625,3.5693359375,-1.1577606201171875,236.5,91240.859375,268.8065490722656,282.44024658203125,291.3040771484375,0.0053415969014167,0.0097297169268131,0.0143936797976493,4.404571533203125,6.334320068359375,9.153579711914062,-6.067901611328125,-3.934494018554688,-4.25274658203125
2016-07-20,18,3,294.1533203125,292.2250671386719,4.082275390625,-1.1666107177734375,35.0,91436.984375,268.5328369140625,283.5673217773437,289.41357421875,0.0047345757484436,0.0092620030045509,0.0134059302508831,-0.0844573974609375,11.552658081054688,13.153060913085938,-5.255096435546875,-4.598663330078125,-5.96630859375
2016-07-21,0,0,294.31304931640625,292.9387512207031,3.694732666015625,-0.1055755615234375,29.5,91224.78125,268.3952331542969,283.3309936523437,289.01678466796875,0.0050573758780956,0.0083177424967288,0.0131641440093517,-1.8066558837890625,12.29034423828125,12.12591552734375,-2.24945068359375,-4.826217651367188,-4.485397338867188
2016-07-21,6,1,296.73992919921875,292.643798828125,4.7977142333984375,-0.899810791015625,231.75,91352.453125,268.7603759765625,281.78887939453125,290.28912353515625,0.0047016665339469,0.0098206214606761,0.0137943960726261,1.325592041015625,11.263580322265623,10.402099609375,-1.0232391357421875,-7.08203125,-3.45220947265625
2016-07-21,12,2,296.3583679199219,293.7548828125,4.763336181640625,-0.190948486328125,175.25,91155.203125,268.20733642578125,283.1003723144531,291.0106201171875,0.0049136132001876,0.0097594149410724,0.0142905078828334,2.08349609375,11.31317138671875,12.424026489257812,-3.6728515625,-5.9589691162109375,-1.164093017578125
2016-07-21,18,3,293.9971923828125,292.4145812988281,4.470260620117188,-0.3203125,3.75,91321.046875,268.6534423828125,283.4505615234375,289.640625,0.0040983147919178,0.0095664486289024,0.0132302939891815,-0.186004638671875,10.402420043945312,14.686920166015623,-2.4240875244140625,-4.403778076171875,-3.964508056640625
2016-07-22,0,0,295.2159729003906,292.3774719238281,4.0814208984375,-0.63531494140625,16.0,91172.734375,268.56298828125,283.073486328125,289.1337890625,0.0042287744581699,0.0096224006265401,0.0134047679603099,1.5045318603515625,11.77386474609375,13.669326782226562,-1.2874755859375,-6.1395111083984375,-3.8200836181640634
2016-07-22,6,1,298.349365234375,292.6414794921875,5.893096923828125,-1.285430908203125,13.25,91244.171875,268.6498413085937,282.6504211425781,290.581787109375,0.0039343992248177,0.0100552067160606,0.0137962959706783,0.2982330322265625,11.646621704101562,11.499679565429688,-0.505615234375,-5.378082275390625,-2.592636108398437
2016-07-22,12,2,296.60693359375,292.5790405273437,3.79071044921875,-0.6392364501953125,2.25,91119.1875,268.5728454589844,282.53192138671875,290.823974609375,0.003900104900822,0.0102356374263763,0.0132120624184608,1.384552001953125,9.731216430664062,11.094497680664062,-1.643951416015625,-3.1917877197265625,-2.5358123779296875
2016-07-22,18,3,294.413330078125,291.630615234375,3.47955322265625,-0.2231597900390625,0.0,91326.5625,268.5584411621094,282.6625061035156,289.7391967773437,0.0040829591453075,0.0091035962104797,0.0126721374690532,1.1676025390625,11.346786499023438,12.83160400390625,-0.1889801025390625,-3.45257568359375,-2.520050048828125
2016-07-23,0,0,294.89276123046875,292.3709716796875,3.381103515625,0.0156707763671875,0.5,91155.234375,268.2177734375,282.4457092285156,289.297119140625,0.0044907927513122,0.0096012316644191,0.0130463894456624,-0.2866668701171875,8.984237670898438,12.868255615234377,-1.1771392822265625,-2.31341552734375,-3.41290283203125
2016-07-23,6,1,299.0247802734375,293.247802734375,4.823532104492188,-0.3357086181640625,72.0,91210.09375,269.3397216796875,282.760498046875,290.67047119140625,0.0040576886385679,0.0101587288081645,0.0136592388153076,-0.132080078125,8.996856689453125,10.315170288085938,0.288421630859375,-3.956512451171875,-2.0164337158203125
2016-07-23,12,2,297.30078125,294.1478881835937,2.751129150390625,0.4695892333984375,150.0,91115.296875,268.58624267578125,282.8627014160156,291.55438232421875,0.0039909784682095,0.0097899511456489,0.0141163244843482,3.331939697265625,6.5727081298828125,8.965713500976562,-2.6718292236328125,-3.1769256591796875,-0.2208099365234375
2016-07-23,18,3,294.84246826171875,293.2001342773437,3.80584716796875,-0.0386810302734375,17.0,91293.34375,269.34033203125,282.94659423828125,289.7568664550781,0.0040794089436531,0.0099960472434759,0.0139131471514701,0.033782958984375,7.889572143554687,12.382492065429688,-1.374847412109375,-2.961822509765625,-3.3536834716796875
2016-07-24,0,0,295.88629150390625,293.410888671875,2.932479858398437,-0.087432861328125,10.25,91115.734375,268.4212341308594,283.5153503417969,289.8365478515625,0.0045140981674194,0.0099556967616081,0.0139806624501943,1.2161865234375,5.177902221679688,11.133346557617188,0.994171142578125,-2.626495361328125,-3.5238494873046875
2016-07-24,6,1,298.48291015625,293.2232360839844,4.969970703125,0.001953125,66.75,91198.46875,268.7904357910156,283.6889038085937,291.8041381835937,0.0038866479881107,0.0098473690450191,0.0141457989811897,2.059921264648437,5.82611083984375,8.2264404296875,1.5029754638671875,-2.537994384765625,-0.5369873046875
2016-07-24,12,2,297.711181640625,294.1383056640625,3.035369873046875,0.465240478515625,111.25,91047.9375,269.5375366210937,283.14801025390625,291.51177978515625,0.0041165612637996,0.0105737624689936,0.0146347768604755,0.0254974365234375,4.757354736328125,7.1165313720703125,1.2218170166015625,-0.6844329833984375,0.0912322998046875
2016-07-24,18,3,294.7289428710937,293.4975280761719,2.1497344970703125,0.1220550537109375,54.75,91317.265625,268.7838134765625,283.4429931640625,290.65899658203125,0.0045017935335636,0.0103117860853672,0.0140138529241085,-0.3213348388671875,2.660995483398437,7.92657470703125,2.3843231201171875,0.8975830078125,-3.683868408203125
2016-07-25,0,0,295.57940673828125,293.5502624511719,1.9796600341796875,0.875640869140625,8.0,91211.578125,268.73858642578125,283.0878295898437,290.05181884765625,0.0041168630123138,0.0103347040712833,0.0136433951556682,1.9929962158203125,2.878326416015625,8.065948486328125,4.861007690429688,0.00341796875,-0.9540863037109376
2016-07-25,6,1,298.912353515625,293.8803405761719,3.662887573242188,0.7968597412109375,6.25,91212.75,269.75836181640625,284.218505859375,292.233642578125,0.0036749956198036,0.0089825205504894,0.0137373395264148,-0.4508819580078125,3.975189208984375,5.2901763916015625,3.4357452392578125,1.4012451171875,0.5146636962890625
2016-07-25,12,2,300.97979736328125,294.7671203613281,2.400863647460937,0.3756256103515625,603.5,90996.453125,270.31121826171875,283.73516845703125,293.44842529296875,0.003879782743752,0.0101052075624465,0.0144627541303634,-2.623565673828125,3.528778076171875,5.7157135009765625,-0.011077880859375,2.1976470947265625,0.2842254638671875
2016-07-25,18,3,295.2214660644531,293.8951110839844,0.9114837646484376,0.0538787841796875,160.5,91358.734375,268.777587890625,283.0107421875,290.72412109375,0.0050672516226768,0.0106829265132546,0.0144993253052234,-1.6749420166015625,3.045379638671875,5.663864135742188,0.1470794677734375,1.188140869140625,-0.89947509765625
2016-07-26,0,0,295.1693420410156,293.50762939453125,1.01165771484375,1.309967041015625,25.5,91198.546875,268.273681640625,284.08905029296875,290.32635498046875,0.0048886537551879,0.0091748088598251,0.0135159604251384,-4.6920928955078125,3.065292358398437,4.789215087890625,3.662353515625,0.729248046875,-0.25836181640625
2016-07-26,6,1,298.1644897460937,293.8990478515625,2.827865600585937,0.3231048583984375,1.75,91228.203125,268.88916015625,283.8300170898437,292.0433654785156,0.0042683519423007,0.0093558672815561,0.0137479081749916,-0.76519775390625,2.095306396484375,4.20556640625,4.7994384765625,0.264007568359375,-0.178955078125
2016-07-26,12,2,299.8945617675781,293.67803955078125,0.5787200927734375,1.2742919921875,21.75,90944.609375,269.8690490722656,284.03155517578125,293.725341796875,0.0044739693403244,0.0090346410870552,0.0137791037559509,-1.02301025390625,0.6638336181640625,1.25750732421875,-1.2762908935546875,1.376495361328125,1.963775634765625
2016-07-26,18,3,296.004638671875,294.17095947265625,0.1999969482421875,1.4501800537109375,117.0,91344.328125,268.7293701171875,283.2183837890625,290.94439697265625,0.0050406605005264,0.0093738846480846,0.0141537636518478,-1.895721435546875,0.0609283447265625,1.77313232421875,0.0009765625,0.8497314453125,3.6744537353515625
2016-07-27,0,0,295.6354675292969,293.946044921875,0.9635162353515624,0.6813507080078125,30.0,91187.390625,268.5634765625,283.093994140625,291.258056640625,0.0049225687980651,0.0090093575417995,0.013696551322937,-2.1312255859375,2.1683502197265625,3.607833862304688,1.36138916015625,1.7751922607421875,1.6807708740234375
2016-07-27,6,1,299.9000244140625,294.37847900390625,1.418365478515625,0.21881103515625,1431.5,91296.65625,269.0923156738281,283.3771057128906,291.4541931152344,0.0044215181842446,0.0085298418998718,0.0141632482409477,-3.63818359375,1.59588623046875,2.6525115966796875,3.1866607666015625,2.0349273681640625,0.8682861328125
2016-07-27,12,2,300.13055419921875,294.5076904296875,1.8227691650390625,1.6642303466796875,714.0,91109.109375,269.31842041015625,283.7877197265625,292.7745056152344,0.0035023977980017,0.009856566786766,0.0147485174238681,-1.2757110595703125,1.295989990234375,3.6081695556640634,4.5284271240234375,3.836013793945313,3.449691772460937
2016-07-27,18,3,295.3730163574219,293.85614013671875,1.8975677490234373,0.944976806640625,67.0,91392.484375,268.7073974609375,283.10528564453125,290.7186279296875,0.0044156648218631,0.0096572041511535,0.014584194868803,-0.9122772216796876,2.2403717041015625,7.1748809814453125,3.9006195068359375,2.3433074951171875,-0.271392822265625
2016-07-28,0,0,296.129638671875,293.45880126953125,1.9910888671875,-0.2363128662109375,8.0,91251.8125,268.2998962402344,283.7410888671875,290.110595703125,0.0046802293509244,0.0098575428128242,0.0140525102615356,0.6567230224609375,2.2552947998046875,6.412567138671875,7.84710693359375,2.8804473876953125,-3.61907958984375
2016-07-28,6,1,299.028076171875,293.333740234375,2.3681640625,-1.8084869384765625,58.0,91300.875,269.04058837890625,283.92694091796875,291.852783203125,0.0039201593026518,0.0100978352129459,0.0140167288482189,0.8855743408203125,2.775634765625,3.51531982421875,8.769515991210938,1.3119354248046875,-2.8726959228515625
2016-07-28,12,2,299.233154296875,294.4589538574219,2.3349761962890625,0.0883636474609375,457.75,91104.5,269.2784118652344,283.4550476074219,293.1566772460937,0.0043778866529464,0.0106399431824684,0.0143409259617328,5.6909027099609375,3.812789916992188,4.9935302734375,3.98150634765625,1.7823333740234375,-0.7007598876953125
2016-07-28,18,3,295.6342163085937,293.9076538085937,2.431640625,0.9384307861328124,230.0,91363.203125,269.03863525390625,282.86846923828125,290.95733642578125,0.0047714076936244,0.0104650519788265,0.0149566195905208,6.5707855224609375,5.150650024414063,6.6453857421875,1.6777496337890625,-0.3152618408203125,-0.4219818115234375
2016-07-29,0,0,294.6602478027344,293.1148681640625,2.5290679931640625,0.1074066162109375,42.0,91228.703125,269.2049255371094,282.3790283203125,290.2493896484375,0.0050049591809511,0.0100058056414127,0.0141793861985206,5.53192138671875,5.845703125,9.737350463867188,2.934555053710937,-0.38323974609375,-4.3882598876953125
2016-07-29,6,1,296.9306945800781,293.4594421386719,3.73236083984375,-0.9754638671875,487.75,91360.4375,268.955078125,282.46600341796875,290.92242431640625,0.0049811005592346,0.0100337378680706,0.0126799270510673,5.8560638427734375,7.0402374267578125,10.219192504882812,2.0767822265625,-2.5962677001953125,-6.675384521484375
2016-07-29,12,2,297.89019775390625,293.3193054199219,3.270721435546875,-0.6567840576171875,105.5,91070.703125,268.5980224609375,283.2091369628906,291.05133056640625,0.0050793141126632,0.0091156102716922,0.0137802585959434,2.816268920898437,9.595504760742188,8.95648193359375,-3.084945678710937,-2.263275146484375,-3.5367584228515625
2016-07-29,18,3,294.5565490722656,293.25860595703125,2.909896850585937,-0.1028594970703125,125.5,91375.015625,268.43145751953125,283.0209045410156,290.5062255859375,0.0050274394452571,0.0081534497439861,0.0135874822735786,4.128631591796875,8.870269775390625,10.34429931640625,-0.278564453125,-1.549896240234375,-2.3428192138671875
2016-07-30,0,0,294.55126953125,293.06072998046875,2.8619537353515625,0.23956298828125,0.0,91170.828125,268.7552490234375,282.6606140136719,290.3485717773437,0.0045396126806735,0.0090063326060771,0.0128242224454879,6.1261749267578125,8.77880859375,10.304901123046877,2.032623291015625,-4.3399200439453125,-3.03271484375
2016-07-30,6,1,298.519287109375,293.0941162109375,4.6761627197265625,0.0286712646484375,427.0,91343.171875,269.2585754394531,282.2271423339844,290.1980895996094,0.00411775149405,0.00989880412817,0.0138150677084922,3.7844085693359375,8.938827514648438,9.69091796875,0.0072784423828125,-2.158966064453125,-0.902130126953125
2016-07-30,12,2,296.3807373046875,293.2942810058594,3.3563385009765625,1.0116729736328125,84.5,91178.609375,268.5516052246094,282.96051025390625,290.82684326171875,0.004703089594841,0.0100475065410137,0.0127566419541835,3.506622314453125,9.743743896484377,11.570770263671877,-3.1797027587890625,0.531494140625,1.506011962890625
2016-07-30,18,3,293.71905517578125,292.70416259765625,4.045013427734375,0.61907958984375,34.125,91471.625,268.4558410644531,283.01727294921875,290.25714111328125,0.0052714701741933,0.0086893811821937,0.0121352113783359,0.337554931640625,10.771591186523438,14.059707641601562,-4.004928588867188,0.4910736083984375,-1.3729095458984375
2016-07-31,0,0,294.8411865234375,292.7728881835937,4.064971923828125,0.425872802734375,7.0,91347.765625,268.01812744140625,282.90728759765625,289.3470458984375,0.0049869045615196,0.0079143308103084,0.0125573612749576,3.060653686523437,12.158584594726562,15.056533813476562,-1.957183837890625,-1.0829620361328125,-1.3945465087890625
2016-07-31,6,1,297.3861999511719,292.4093017578125,5.5183868408203125,0.059783935546875,6.0,91468.234375,267.4307861328125,283.9294738769531,289.9847717285156,0.004234354943037,0.0071150176227092,0.0132508799433708,5.69512939453125,11.243209838867188,10.725540161132812,-1.7133331298828125,-2.009368896484375,-1.3987579345703125
2016-07-31,12,2,299.11627197265625,292.63946533203125,4.11376953125,-0.492218017578125,19.0,91204.265625,268.1649169921875,282.94256591796875,291.9408264160156,0.0042109806090593,0.0071024969220161,0.0134857147932052,8.265823364257812,13.061660766601562,10.428207397460938,1.9995574951171875,-1.7834625244140625,-0.6066741943359375
2016-07-31,18,3,295.0347900390625,292.1181030273437,4.3443756103515625,0.7175750732421875,0.0,91506.796875,268.5515441894531,283.7092590332031,289.59039306640625,0.0040625436231493,0.0062910169363021,0.0131203047931194,7.279403686523437,12.673843383789062,13.33612060546875,0.4382781982421875,-3.2898712158203125,-0.207977294921875
2016-08-01,0,0,295.0658569335937,292.0953369140625,4.533233642578125,0.603271484375,1.5,91275.125,268.28857421875,283.61529541015625,288.7286376953125,0.0040127485990524,0.0066675245761871,0.0129247643053531,6.0443878173828125,16.005157470703125,15.48040771484375,-0.2212677001953125,-4.585174560546875,-0.2892913818359375
2016-08-01,6,1,297.9957275390625,292.4632873535156,6.23101806640625,0.6775360107421875,11.0,91402.453125,267.90673828125,283.750244140625,290.9924621582031,0.0038414450827986,0.0074995346367359,0.0129685848951339,8.146286010742188,15.470962524414062,15.12322998046875,0.304534912109375,-5.6844024658203125,-0.3064422607421875
2016-08-01,12,2,298.30230712890625,292.719482421875,5.828277587890625,0.7201080322265625,1.75,91191.46875,268.3160400390625,282.9538879394531,291.57989501953125,0.0042389668524265,0.0084010139107704,0.013167193159461,8.753128051757812,16.087921142578125,15.142059326171877,-0.7778778076171875,-3.102386474609375,0.7841644287109375
2016-08-01,18,3,294.5984802246094,291.4901733398437,5.50994873046875,0.2736663818359375,0.0,91417.1875,268.77154541015625,283.3764038085937,289.40313720703125,0.0040468834340572,0.0067783221602439,0.0126964300870895,4.5882415771484375,18.962326049804688,17.40179443359375,-0.357208251953125,-5.5821380615234375,-1.90838623046875
2016-08-02,0,0,295.20123291015625,291.8320617675781,5.325531005859375,1.0614776611328125,0.0,91107.453125,268.9945678710937,283.98883056640625,289.2454833984375,0.004208818078041,0.0045760571956634,0.0123130958527326,8.879638671875,21.695327758789062,17.210662841796875,2.21466064453125,-7.189849853515625,-0.3368988037109375
2016-08-02,6,1,298.174072265625,290.855224609375,6.7484893798828125,1.0779571533203125,0.0,91248.15625,268.300537109375,283.24365234375,290.7001953125,0.0049619767814874,0.0059919990599155,0.0126014649868011,9.006378173828125,22.870162963867188,16.126510620117188,-1.873626708984375,-4.9342041015625,1.47088623046875
2016-08-02,12,2,298.4404296875,290.98486328125,5.415084838867188,0.967559814453125,0.0,90958.984375,269.110595703125,282.54119873046875,292.49725341796875,0.0041523277759552,0.0066101141273975,0.0124200507998466,7.843597412109375,21.284469604492188,14.171890258789062,-1.234161376953125,-0.904541015625,1.4658660888671875
2016-08-02,18,3,294.6689453125,291.3648681640625,5.512420654296875,1.1727294921875,0.0,91180.734375,268.4706115722656,284.6968994140625,289.2035827636719,0.0040296092629432,0.0041885748505592,0.0128153283149003,7.108978271484375,19.338150024414062,17.287429809570312,2.9783935546875,-2.44122314453125,0.8776092529296875
2016-08-03,0,0,295.41229248046875,291.7781982421875,5.838714599609375,1.6934814453125,0.0,90977.265625,268.4472045898437,284.92059326171875,289.2762451171875,0.0037366268225014,0.0047861523926258,0.0128329768776893,10.323196411132812,18.021286010742188,18.313980102539062,0.1902008056640625,-4.143951416015625,2.58648681640625
2016-08-03,6,1,298.4621276855469,290.9674072265625,8.57879638671875,0.0812530517578125,7.0,91184.328125,268.675537109375,283.694091796875,291.1146240234375,0.0045399647206068,0.0070863589644432,0.0130890607833862,7.681915283203125,18.007217407226562,15.320098876953123,1.5579986572265625,-0.7470245361328125,0.119232177734375
2016-08-03,12,2,298.8450927734375,291.5487670898437,6.0721435546875,0.664398193359375,0.0,90959.5,269.2246398925781,283.91949462890625,292.0381164550781,0.0040609315037727,0.0072009786963462,0.0128567218780517,7.1665802001953125,16.287841796875,14.45611572265625,0.9486236572265624,-1.5721435546875,0.68017578125
2016-08-03,18,3,295.1746826171875,291.4591064453125,5.2787933349609375,0.71875,0.25,91237.8125,268.2200622558594,284.09002685546875,289.2020263671875,0.0042353384196758,0.0072227828204631,0.0132492966949939,5.781646728515625,15.268234252929688,16.468780517578125,2.0027313232421875,-2.6166534423828125,-0.6415252685546875
2016-08-04,0,0,295.457275390625,291.7953491210937,5.504852294921875,0.6544952392578125,0.75,91090.234375,267.74658203125,284.2357177734375,288.94598388671875,0.0035579812247306,0.0068927928805351,0.0130122564733028,7.074554443359375,15.1561279296875,16.830596923828125,1.5487518310546875,-3.0834503173828125,-0.1216888427734375
2016-08-04,6,1,298.52178955078125,291.943115234375,7.720291137695312,-0.18133544921875,15.25,91237.4375,269.073974609375,283.85205078125,292.0492248535156,0.0024254883173853,0.0076518487185239,0.012391097843647,6.899459838867188,14.318893432617188,16.284652709960938,1.3450469970703125,-3.0905303955078125,-1.2694854736328125
2016-08-04,12,2,298.1904296875,292.041748046875,5.097946166992188,1.0921173095703125,10.0,91066.171875,269.2711181640625,283.02947998046875,292.0126647949219,0.0034060939215123,0.0093658603727817,0.0136577486991882,7.7019195556640625,13.988861083984377,13.301193237304688,-4.7022857666015625,-1.4102630615234375,1.786956787109375
2016-08-04,18,3,294.513427734375,291.5367431640625,5.5417022705078125,0.342315673828125,1.5,91342.140625,268.9956359863281,283.22772216796875,289.8006591796875,0.0038394087459892,0.0088827237486839,0.0137907154858112,6.32586669921875,17.772537231445312,16.74749755859375,-1.515838623046875,-3.418685913085937,-1.6545867919921875
2016-08-05,0,0,295.02264404296875,291.8409118652344,5.223190307617188,1.056854248046875,0.0,91154.65625,268.04364013671875,283.9679870605469,289.13739013671875,0.0045396462082862,0.0085671544075012,0.0130973830819129,4.5932159423828125,16.332351684570312,17.1400146484375,0.1663970947265625,-1.197845458984375,0.6947021484375
2016-08-05,6,1,298.2989501953125,292.04180908203125,6.7599945068359375,0.5088043212890625,10.75,91302.375,268.1923217773437,283.9573669433594,291.59210205078125,0.0037722322158515,0.0077133141458034,0.0129642114043235,5.8460693359375,17.8201904296875,15.0390625,0.7735595703125,-2.7098541259765625,0.2685089111328125
2016-08-05,12,2,298.7864990234375,293.01202392578125,5.2434844970703125,0.42376708984375,18.5,91145.03125,268.4911499023437,283.09674072265625,292.273193359375,0.004306461662054,0.0088682509958744,0.0137433744966983,7.533309936523437,15.566055297851562,13.717041015625,-0.205596923828125,-2.9283905029296875,-0.1294403076171875
2016-08-05,18,3,295.3895874023437,292.12469482421875,4.7616119384765625,0.9513702392578124,9.25,91418.375,268.31805419921875,283.6026611328125,289.54705810546875,0.0036432277411222,0.0076520070433616,0.0136961117386817,4.1683349609375,17.41259765625,15.530624389648438,-0.1718292236328125,-1.6131134033203125,-0.1441802978515625
2016-08-06,0,0,295.3394775390625,292.1586303710937,5.449493408203125,1.1240081787109375,0.0,91249.359375,267.3031616210937,284.2711181640625,289.4745483398437,0.0042186006903648,0.0075020417571067,0.0134155787527561,4.116470336914063,17.0185546875,17.618453979492188,0.3784027099609375,-1.770782470703125,1.0678253173828125
2016-08-06,6,1,298.29522705078125,292.38995361328125,7.865631103515625,0.285430908203125,15.0,91326.296875,268.11749267578125,283.9534606933594,291.5716247558594,0.0032496196217834,0.0076318681240081,0.0132407248020172,5.0810546875,18.079498291015625,15.144439697265623,0.8226470947265625,-3.3044891357421875,0.1606597900390625
2016-08-06,12,2,299.8500366210937,293.0667724609375,4.974212646484375,0.054443359375,3.75,91159.15625,268.3636474609375,283.3287353515625,292.4686889648437,0.0031782290898263,0.0088369809091091,0.0133634414523839,7.0922698974609375,14.632644653320312,12.80706787109375,-0.1778106689453125,-4.063385009765625,-0.6631011962890625
2016-08-06,18,3,294.79010009765625,292.0299072265625,4.432876586914063,0.8224334716796875,0.0,91403.875,269.35308837890625,283.4015808105469,289.7616577148437,0.002834373852238,0.0085081607103347,0.013385634869337,5.119964599609375,13.165725708007812,14.340805053710938,-0.041473388671875,-4.7592315673828125,-1.0507049560546875
2016-08-07,0,0,295.82061767578125,292.4676513671875,4.257492065429688,1.085601806640625,6.25,91343.21875,268.58349609375,283.63311767578125,289.22857666015625,0.0032326942309737,0.008522193878889,0.0134336315095424,4.7177734375,12.11968994140625,14.431503295898438,0.1649627685546875,-2.300765991210937,0.1152191162109375
2016-08-07,6,1,298.96270751953125,292.4161376953125,6.897384643554688,-0.10723876953125,24.25,91366.421875,269.61004638671875,283.5904541015625,291.8584899902344,0.0028267370071262,0.0078968629240989,0.0136678107082843,4.0482025146484375,12.777297973632812,11.908828735351562,0.2503509521484375,-2.4783172607421875,-0.5126953125
2016-08-07,12,2,299.576416015625,293.2279052734375,4.3276214599609375,-0.089019775390625,104.0,91289.640625,268.34625244140625,283.1323547363281,292.1747436523437,0.0037946871016174,0.0095230601727962,0.0132763758301734,6.0433349609375,11.262619018554688,12.297805786132812,-1.35406494140625,-3.0103759765625,-0.7254180908203125
2016-08-07,18,3,295.1220092773437,292.05718994140625,3.5714874267578125,0.15704345703125,0.0,91616.78125,267.390380859375,283.13311767578125,289.82568359375,0.0036832441110163,0.0082422606647014,0.0130884433165192,3.78997802734375,10.63226318359375,12.075927734375,0.110504150390625,-0.9350738525390624,-2.872161865234375
2016-08-08,0,0,295.479736328125,292.7709350585937,3.7996978759765625,0.7890472412109375,0.25,91423.65625,268.4345092773437,283.9910888671875,289.2090148925781,0.0028823919128626,0.007207054644823,0.0128114707767963,5.605270385742188,9.823898315429688,13.428756713867188,1.010528564453125,-2.26947021484375,-1.0760650634765625
2016-08-08,6,1,298.833984375,292.5282592773437,5.691909790039063,-0.106903076171875,9.5,91513.171875,269.2763061523437,284.58526611328125,291.7249450683594,0.002587660215795,0.0065941885113716,0.0127069354057312,4.53662109375,10.09893798828125,11.705795288085938,0.5680084228515625,-2.1887664794921875,-1.0601806640625
2016-08-08,12,2,300.10076904296875,293.7728271484375,3.470123291015625,-0.001861572265625,248.0,91261.953125,269.1800842285156,283.740234375,292.9212646484375,0.0026454052422195,0.0086268298327922,0.0137956775724887,6.7324981689453125,10.829193115234377,10.4266357421875,-2.28106689453125,-2.568817138671875,-1.9700927734375
2016-08-08,18,3,295.58868408203125,292.8283996582031,3.8638916015625,0.51959228515625,7.75,91558.046875,269.7059936523437,283.6519775390625,290.34521484375,0.0019540891516953,0.0072831213474273,0.0137948058545589,4.995208740234375,8.381256103515625,11.56304931640625,-1.09033203125,-1.0283050537109375,-2.356414794921875
2016-08-09,0,0,295.5772705078125,292.8399963378906,3.3354644775390625,0.9921112060546876,0.25,91387.546875,270.160400390625,283.13543701171875,289.7528991699219,0.0017342437058687,0.0084311068058013,0.0123291499912738,4.31829833984375,8.15716552734375,11.903182983398438,0.169036865234375,0.0316162109375,-1.3000640869140625
2016-08-09,6,1,299.3008117675781,292.1650390625,5.71356201171875,0.04595947265625,11.25,91449.890625,270.01776123046875,283.694091796875,292.32867431640625,0.0016916985623538,0.0073513127863407,0.0124812759459018,4.620849609375,8.5975341796875,11.272857666015623,1.4860992431640625,-0.4783782958984375,-0.77972412109375
2016-08-09,12,2,299.7418518066406,293.7034912109375,3.6501312255859375,0.27166748046875,107.25,91263.5,270.0009155273437,283.1990966796875,292.6646728515625,0.0012684829998761,0.0091723687946796,0.0136728938668966,4.6220550537109375,8.908477783203125,10.389068603515623,-1.0120697021484375,-0.091033935546875,-0.2626190185546875
2016-08-09,18,3,295.1015014648437,292.4581298828125,3.822509765625,0.62646484375,3.0,91587.046875,269.167724609375,283.07147216796875,290.01025390625,0.0012045635376125,0.0080310441553592,0.0135881528258323,5.955368041992188,7.871505737304687,11.450653076171877,-0.627105712890625,0.96875,-1.5009307861328125
2016-08-10,0,0,295.9156494140625,292.954833984375,3.5763092041015625,0.82318115234375,1.0,91425.375,269.50054931640625,283.0211181640625,289.56884765625,0.0012048701755702,0.008212674409151,0.012997418642044,3.911666870117188,9.05303955078125,12.696441650390623,1.8542938232421875,0.7828826904296875,-0.9995574951171876
2016-08-10,6,1,298.966796875,291.8077392578125,5.806060791015625,-0.2883453369140625,7.5,91513.15625,269.5797119140625,283.7821655273437,291.95001220703125,0.0012347768060863,0.0082145687192678,0.0123358648270368,5.0641937255859375,8.665023803710938,11.750091552734377,2.3120880126953125,-0.0738677978515625,-1.0266265869140625
2016-08-10,12,2,300.14520263671875,294.02838134765625,3.3949127197265625,0.2505340576171875,12.0,91270.984375,269.89508056640625,283.1802978515625,293.2689514160156,0.0012854863889515,0.0084320083260536,0.0132384458556771,5.2733001708984375,9.901092529296877,8.722808837890625,-0.701751708984375,-1.84344482421875,-0.3209075927734375
2016-08-10,18,3,295.140380859375,292.33837890625,3.4085235595703125,0.67779541015625,0.25,91577.125,268.8726806640625,283.3500366210937,290.55743408203125,0.0012169110123068,0.0060780942440032,0.013112835586071,4.671066284179688,7.05767822265625,10.135391235351562,-1.75482177734375,0.240997314453125,-1.310882568359375
2016-08-11,0,0,295.5780029296875,292.5697021484375,3.346435546875,0.434051513671875,1.25,91512.421875,269.2479248046875,283.2713623046875,290.357666015625,0.0013551553711295,0.0068997144699096,0.0121454671025276,1.717041015625,5.424957275390625,11.936660766601562,0.7057342529296875,0.937347412109375,-2.1597137451171875
2016-08-11,6,1,299.2923889160156,292.0750732421875,5.166793823242188,-0.0885162353515625,8.5,91579.984375,269.4220275878906,284.12408447265625,291.8485412597656,0.0013959791976958,0.0063760057091712,0.0124079622328281,1.6847076416015625,6.4553070068359375,9.53472900390625,0.662933349609375,-0.0941009521484375,-0.67901611328125
2016-08-11,12,2,300.4232788085937,294.278076171875,3.3627471923828125,-0.339935302734375,19.0,91376.765625,269.9704895019531,283.54327392578125,293.25079345703125,0.0013567758724093,0.0081608928740024,0.0131248198449611,2.1912384033203125,7.274246215820312,7.975784301757812,-1.0493621826171875,-1.8343353271484373,-1.875823974609375
2016-08-11,18,3,295.5255126953125,292.7377319335937,3.04052734375,-0.3284759521484375,6.5,91616.71875,269.8194274902344,283.02105712890625,290.7253112792969,0.0012506102211773,0.0084051638841629,0.0137352533638477,2.1108551025390625,5.4002227783203125,9.605224609375,-1.6287841796875,-3.333831787109375,-3.5858612060546875
2016-08-12,0,0,295.6054992675781,293.191650390625,3.0522613525390625,0.139984130859375,8.75,91524.484375,269.5704040527344,282.7202453613281,290.516357421875,0.0012451671063899,0.0086588598787784,0.0127057991921901,2.968292236328125,4.8212738037109375,9.145843505859377,0.6246795654296875,-2.285751342773437,-2.7772369384765625
2016-08-12,6,1,298.04656982421875,292.8267517089844,4.74725341796875,-0.124847412109375,122.5,91585.828125,269.7328796386719,282.78271484375,291.131103515625,0.0011906828731298,0.0086852200329303,0.0140638202428817,3.1374969482421875,5.09967041015625,8.042037963867188,-0.5672760009765625,-0.71923828125,-0.623321533203125
2016-08-12,12,2,299.2894592285156,294.34796142578125,3.582061767578125,0.461395263671875,229.0,91332.859375,269.56964111328125,283.6598815917969,292.4554443359375,0.0021164764184504,0.0092788785696029,0.0139346085488796,3.99365234375,6.433273315429688,8.664154052734375,-3.7339019775390634,-2.2508697509765625,-1.62158203125
2016-08-12,18,3,295.7376708984375,293.1937255859375,3.4270782470703125,0.3756561279296875,5.25,91546.40625,269.58837890625,283.1693115234375,290.3097839355469,0.001764201093465,0.0094975605607032,0.0141744725406169,2.0750274658203125,7.29205322265625,10.549270629882812,-2.9687652587890625,-3.8320465087890634,-2.759796142578125
2016-08-13,0,0,295.79852294921875,293.4718322753906,3.2334136962890625,0.104827880859375,30.5,91398.3125,269.5167541503906,283.1644897460937,289.62713623046875,0.0018687557894736,0.0087965987622737,0.013626180589199,0.998077392578125,7.2003021240234375,10.6497802734375,-3.115325927734375,-3.2666015625,-3.14056396484375
2016-08-13,6,1,299.3132629394531,293.71307373046875,4.991378784179688,-0.40875244140625,72.75,91460.875,270.2284851074219,283.56304931640625,291.4722900390625,0.0017747583333402,0.0085722543299198,0.0142073966562747,0.632659912109375,7.707366943359375,8.210800170898438,-0.41290283203125,-2.4803466796875,-1.0560302734375
2016-08-13,12,2,298.901123046875,295.125,3.008575439453125,-0.237945556640625,283.75,91228.578125,269.0406494140625,283.5804748535156,293.2314453125,0.0032239363063126,0.0090797133743762,0.0137176066637039,4.4412689208984375,7.0894927978515625,8.231842041015625,-0.96282958984375,-3.903900146484375,-2.6638336181640625
2016-08-13,18,3,295.0146484375,292.91717529296875,3.6679534912109375,0.7452239990234375,0.5,91476.15625,269.5074462890625,283.4165344238281,291.116943359375,0.002225954318419,0.008326943963766,0.0139372050762176,3.831253051757813,7.3047332763671875,10.48602294921875,-1.854156494140625,-2.214202880859375,-1.3494720458984375
2016-08-14,0,0,295.254150390625,293.19561767578125,3.94561767578125,0.3321380615234375,6.0,91342.546875,270.89892578125,283.3222045898437,289.5315246582031,0.0020941856782883,0.0077392719686031,0.0132851675152778,2.062606811523437,8.796524047851562,13.053176879882812,-0.1712646484375,-3.186553955078125,-1.7242584228515625
2016-08-14,6,1,298.1439514160156,292.2725830078125,6.028091430664063,-0.5278778076171875,0.0,91435.4375,270.41082763671875,282.846435546875,291.3257141113281,0.0022993374150246,0.0077902749180793,0.0132562359794974,3.873260498046875,9.879226684570312,10.254486083984377,1.7344818115234375,-2.7319793701171875,-1.226837158203125
2016-08-14,12,2,299.4608764648437,292.7784423828125,3.8347320556640634,-0.268157958984375,16.0,91191.828125,270.1282653808594,282.829833984375,293.20703125,0.0025225798599421,0.0088062956929206,0.0128095895051956,5.2355499267578125,8.803970336914062,10.385604858398438,0.4096527099609375,-1.9285430908203125,-2.179107666015625
2016-08-14,18,3,294.59063720703125,292.3216857910156,4.0479736328125,0.4898529052734375,0.0,91406.546875,270.30926513671875,283.75897216796875,290.35369873046875,0.0024510230869054,0.0072849504649639,0.0127506852149963,4.99285888671875,8.84552001953125,12.844329833984377,0.3128204345703125,-2.609359741210937,-1.89495849609375
2016-08-15,0,0,295.0516052246094,292.8995666503906,3.7637786865234375,0.1384735107421875,5.25,91276.71875,270.2787475585937,283.9163818359375,288.90240478515625,0.0020522011909633,0.0062828809022903,0.0131287761032581,6.330368041992188,9.5775146484375,11.902862548828123,0.5418853759765625,-3.395660400390625,-2.9573211669921875
2016-08-15,6,1,297.8027648925781,292.13824462890625,6.4860382080078125,-0.71392822265625,0.0,91359.71875,270.19610595703125,283.29229736328125,291.1886291503906,0.0018701660446822,0.0074939653277397,0.0134861171245574,8.392471313476562,11.723068237304688,11.919326782226562,-1.0189208984375,-4.786544799804688,-1.9547576904296875
2016-08-15,12,2,299.19879150390625,293.274169921875,4.8390045166015625,-0.628326416015625,5.25,91159.4375,269.9583435058594,283.44207763671875,292.5616455078125,0.0019165370613336,0.008859422057867,0.0132379010319709,8.933639526367188,12.7921142578125,13.053329467773438,-2.931060791015625,-5.1437835693359375,-2.7474517822265625
2016-08-15,18,3,294.8529663085937,292.4754638671875,4.7958984375,0.0395050048828125,2.5,91405.359375,269.7128601074219,283.8536682128906,289.5528564453125,0.0020211222581565,0.0066623166203498,0.0137065425515174,8.316314697265625,12.020431518554688,14.32659912109375,-3.835540771484375,-6.8582763671875,-2.701690673828125
2016-08-16,0,0,295.7732238769531,292.6011962890625,5.01593017578125,-0.567535400390625,13.0,91174.40625,270.0448608398437,284.75494384765625,289.0558776855469,0.0016301542054861,0.005652792751789,0.0133407805114984,8.745712280273438,11.764724731445312,14.908828735351562,-1.827728271484375,-6.28509521484375,-3.4076690673828125
2016-08-16,6,1,298.615966796875,291.81524658203125,7.333984375,-1.250701904296875,15.5,91257.140625,269.4809875488281,284.82598876953125,291.719970703125,0.0017826419789344,0.0049447044730186,0.0128081552684307,8.8837890625,14.5460205078125,14.520980834960938,-4.186767578125,-6.495880126953125,-2.8349609375
2016-08-16,12,2,299.2003173828125,293.6869506835937,4.8023529052734375,-1.0809173583984375,55.0,91083.21875,268.9624328613281,283.4267578125,292.3950500488281,0.0023925376590341,0.0087051652371883,0.0137216132134199,8.743087768554688,14.51080322265625,13.595138549804688,-3.5245361328125,-5.83111572265625,-4.639556884765625
2016-08-16,18,3,295.73876953125,292.4169616699219,5.0312347412109375,-0.1580657958984375,4.0,91303.53125,269.6526794433594,284.703125,289.57830810546875,0.0018794822972267,0.0053169168531894,0.013708222657442,7.35931396484375,13.2545166015625,14.430740356445312,-1.4409942626953125,-7.646102905273437,-3.348419189453125
2016-08-17,0,0,296.2769470214844,292.6851501464844,4.497314453125,0.0959930419921875,19.5,91110.765625,270.3699951171875,284.7597045898437,289.23162841796875,0.0015931227244436,0.0039305407553911,0.0134422183036804,10.382492065429688,9.700088500976562,13.449615478515623,-0.43365478515625,-7.0592803955078125,-1.8741912841796875
2016-08-17,6,1,299.1195678710937,292.5871887207031,7.20989990234375,-0.59423828125,10.25,91256.484375,270.1861877441406,284.528564453125,292.03497314453125,0.0013480561319738,0.004572220146656,0.0127695687115192,9.843276977539062,11.040679931640623,12.163497924804688,-1.105743408203125,-5.5421142578125,-1.304534912109375
2016-08-17,12,2,299.58514404296875,293.2059326171875,4.3739013671875,-0.1326904296875,121.25,91039.0,270.21514892578125,283.5101928710937,292.34375,0.0019628666341304,0.0077121295034885,0.0135743860155344,8.932296752929688,9.890289306640623,12.730697631835938,-1.569976806640625,-4.9023284912109375,-1.853912353515625
2016-08-17,18,3,295.01446533203125,292.5380554199219,4.122467041015625,-0.0271453857421875,0.25,91233.875,271.2846069335937,283.38580322265625,289.8258361816406,0.0017500580288469,0.0065653100609779,0.0137763880193233,6.2326507568359375,8.054473876953125,12.63909912109375,0.3405303955078125,-5.677642822265625,-2.958251953125
2016-08-18,0,0,296.2919006347656,292.98712158203125,3.1511383056640625,0.3119049072265625,29.25,91197.875,270.1168212890625,282.67987060546875,289.3814392089844,0.0020696211140602,0.0065407091751694,0.0135206244885921,6.5364837646484375,6.299468994140625,10.423934936523438,0.3152618408203125,-5.5302276611328125,-2.27685546875
2016-08-18,6,1,299.1048583984375,292.6643981933594,5.672775268554688,-1.177978515625,17.25,91267.171875,269.8936767578125,284.153564453125,291.7378234863281,0.0012338405940681,0.0052549578249454,0.0133142508566379,6.344512939453125,7.14788818359375,9.553115844726562,1.7456817626953125,-3.5350341796875,-2.082138061523437
2016-08-18,12,2,300.1121520996094,293.5548095703125,3.6197662353515625,-0.60125732421875,175.0,91048.1875,270.1790466308594,283.4120483398437,293.3569641113281,0.0026884446851909,0.0075836312025785,0.0133326202630996,8.294189453125,6.567886352539063,9.870269775390623,2.0262908935546875,-3.4933013916015625,-2.2183380126953125
2016-08-18,18,3,295.4390869140625,292.75457763671875,4.11077880859375,-0.098175048828125,27.25,91309.984375,271.428955078125,284.0141296386719,289.9844055175781,0.0015354780480265,0.0069064497947692,0.0137176029384136,4.799118041992188,6.222625732421875,11.847213745117188,3.2296142578125,-2.981063842773437,-3.5265350341796875
2016-08-19,0,0,296.2025756835937,293.0875244140625,3.263885498046875,0.4036407470703125,5.5,91207.265625,271.7959899902344,283.1474304199219,289.177001953125,0.0014987741596996,0.0076537989079952,0.0132694207131862,3.3961334228515625,5.15142822265625,11.191543579101562,2.5593414306640625,-1.259002685546875,-2.7849273681640625
2016-08-19,6,1,298.6072998046875,292.5914001464844,4.87109375,-1.1949462890625,17.875,91327.109375,271.3409729003906,283.5054931640625,291.8421936035156,0.0015273399185389,0.0071839056909084,0.0128851048648357,2.235595703125,6.881149291992188,9.39111328125,3.4402313232421875,-1.1046905517578125,-2.4605255126953125
2016-08-19,12,2,299.69061279296875,294.45050048828125,3.121810913085937,-0.5767059326171875,80.25,91099.3125,270.847412109375,283.3099975585937,293.646484375,0.0016348953358829,0.0087287239730358,0.0130753591656684,3.966018676757813,6.28631591796875,6.31915283203125,2.2707061767578125,-1.5615234375,-1.8787384033203125
2016-08-19,18,3,295.63543701171875,292.7033996582031,2.563217163085937,0.1788482666015625,59.25,91297.96875,271.56109619140625,283.7913818359375,291.16583251953125,0.0009475701954215,0.0070621743798255,0.013955894857645,4.2068634033203125,6.0587005615234375,7.9290008544921875,1.7530517578125,-2.8570098876953125,-1.855072021484375
2016-08-20,0,0,295.5718994140625,293.36090087890625,2.661865234375,-0.573486328125,30.0,91222.65625,272.7025756835937,283.3851318359375,290.5863342285156,0.0009243951644748,0.0065125860273838,0.0122000463306903,2.6031494140625,4.321380615234375,8.170120239257812,-1.098846435546875,-0.5316314697265625,-3.4159088134765625
2016-08-20,6,1,299.102783203125,292.21942138671875,3.9156494140625,-0.71990966796875,0.5,91308.078125,272.6875305175781,283.1938781738281,291.836669921875,0.0009868589695543,0.0071789678186178,0.0126648470759391,-0.6082611083984375,6.3858184814453125,6.07623291015625,1.41876220703125,0.8812713623046875,-1.155487060546875
2016-08-20,12,2,301.0654296875,292.5074462890625,2.1449127197265625,-0.855743408203125,1.0,91038.90625,272.47283935546875,283.3861694335937,294.2465515136719,0.0010734004899859,0.0072768107056617,0.0120907835662364,0.1886749267578125,5.863540649414063,5.459136962890625,0.132904052734375,-0.204681396484375,-2.324493408203125
2016-08-20,18,3,295.7214660644531,292.88299560546875,2.246688842773437,0.26776123046875,78.25,91346.640625,272.0541381835937,283.3448486328125,292.3232727050781,0.0010653906501829,0.0070553161203861,0.0134225860238075,0.378631591796875,3.384552001953125,6.446685791015625,-1.0017852783203125,-0.5795440673828125,-2.0033111572265625
2016-08-21,0,0,294.79022216796875,293.179931640625,2.326812744140625,-0.54217529296875,11.0,91220.125,272.9136962890625,283.1809997558594,291.810546875,0.0011903576087206,0.0062962546944618,0.0114325061440467,-1.9188995361328125,3.7701416015625,6.564376831054688,0.8192138671875,0.3009033203125,-3.82318115234375
2016-08-21,6,1,299.2188720703125,292.1219482421875,3.6618499755859375,-0.732452392578125,11.0,91333.359375,271.8994140625,284.3851318359375,292.6274719238281,0.001394250197336,0.0052672214806079,0.0124960169196128,-0.4056854248046875,4.7581787109375,5.9066009521484375,3.25439453125,-0.568878173828125,-1.451202392578125
2016-08-21,12,2,300.85223388671875,293.13360595703125,2.436187744140625,-0.0078582763671875,29.75,91118.46875,271.8339233398437,284.12652587890625,294.1127319335937,0.001567403320223,0.0070468485355377,0.0130826029926538,-0.587554931640625,5.4927978515625,4.844650268554688,3.795135498046875,-2.6989288330078125,-0.524688720703125
2016-08-21,18,3,295.2392883300781,292.8370361328125,2.5847930908203125,0.011932373046875,86.0,91411.109375,271.94488525390625,283.0128173828125,292.01885986328125,0.0013917956966906,0.009278230369091,0.0137280002236366,-1.4887542724609375,4.7126007080078125,7.986053466796875,3.893356323242188,-1.00958251953125,-1.3610992431640625
2016-08-22,0,0,295.8334045410156,293.5500183105469,2.736846923828125,-0.5258941650390625,13.25,91306.921875,270.99560546875,283.0192565917969,290.950439453125,0.0018180848564952,0.0091140195727348,0.012497205287218,-0.517578125,6.5315704345703125,9.494415283203123,5.2488555908203125,-2.2378387451171875,-3.753616333007813
2016-08-22,6,1,298.7546081542969,292.57598876953125,4.025924682617188,-0.91046142578125,42.0,91479.109375,270.20660400390625,283.7178955078125,291.669921875,0.0019074392039328,0.006449818611145,0.0130997039377689,2.11602783203125,5.462493896484375,6.993682861328125,3.426910400390625,-2.32421875,-2.1394500732421875
2016-08-22,12,2,301.471923828125,292.982666015625,2.376708984375,-0.5790252685546875,0.25,91172.140625,270.98052978515625,283.81744384765625,294.08258056640625,0.0018783023115247,0.0081850253045558,0.0129097774624824,1.334747314453125,5.5142822265625,5.4467620849609375,0.844940185546875,-1.293853759765625,-1.3255615234375
2016-08-22,18,3,295.91900634765625,293.0782470703125,3.07135009765625,0.5189056396484375,97.0,91434.8125,270.0852355957031,283.99639892578125,291.7096252441406,0.0020188328344374,0.0080939456820487,0.0140277072787284,1.3941497802734375,4.4957122802734375,8.231048583984375,-0.221832275390625,-0.386322021484375,-0.7404632568359375
2016-08-23,0,0,295.91265869140625,293.40069580078125,3.1642303466796875,-0.226226806640625,22.75,91365.21875,269.91656494140625,283.0975952148437,290.13201904296875,0.00187445175834,0.0087045691907405,0.0134237185120582,1.4568634033203125,4.65386962890625,8.456375122070312,0.6875762939453125,2.04083251953125,-2.22894287109375
2016-08-23,6,1,299.2377624511719,292.9111328125,4.802734375,0.0561065673828125,10.25,91385.25,270.04205322265625,283.44561767578125,292.2383117675781,0.0017401694785803,0.0077530294656753,0.0133473314344882,1.19403076171875,6.445343017578125,7.60174560546875,1.285430908203125,-0.9290771484375,-0.2218780517578125
2016-08-23,12,2,299.91607666015625,293.5798034667969,3.4784393310546875,0.072509765625,46.0,91151.71875,269.3616943359375,283.65899658203125,294.1278076171875,0.002011148026213,0.0083870217204093,0.0130224674940109,2.3251495361328125,6.966842651367188,7.343948364257812,-1.39483642578125,-0.991058349609375,-0.3918609619140625
2016-08-23,18,3,295.4300231933594,292.71630859375,3.8380126953125,0.346588134765625,1.5,91419.515625,269.6180419921875,283.51666259765625,290.4337158203125,0.0016223541460931,0.0085722841322422,0.0136032700538635,1.158355712890625,6.489227294921875,11.576522827148438,-2.065338134765625,-0.8529052734375,-1.452972412109375
2016-08-24,0,0,296.05633544921875,293.56451416015625,3.20172119140625,0.0988616943359375,12.5,91318.71875,269.3796691894531,283.277587890625,289.3782958984375,0.0018683550879359,0.0093366745859384,0.0134427286684513,1.558929443359375,5.143814086914063,10.604278564453123,0.8411865234375,-2.197372436523437,-2.75579833984375
2016-08-24,6,1,298.4498291015625,292.8433837890625,4.6883087158203125,-0.7959747314453125,10.75,91335.390625,268.9813537597656,283.5508117675781,291.97760009765625,0.0019899648614227,0.0093644894659519,0.0133426301181316,2.49945068359375,5.33282470703125,8.558029174804688,0.8078460693359375,-2.833526611328125,-2.10821533203125
2016-08-24,12,2,300.5936889648437,294.5488586425781,3.3702545166015625,-0.114013671875,45.25,91075.140625,268.86138916015625,283.51910400390625,294.1132202148437,0.0031810996588319,0.0092553980648517,0.0133327990770339,1.360748291015625,5.491867065429688,6.946014404296875,-1.823394775390625,-3.6862640380859375,-1.1537933349609375
2016-08-24,18,3,296.32421875,292.9450378417969,3.525985717773437,0.49658203125,121.0,91359.90625,268.7265625,284.089111328125,291.44781494140625,0.0021179167088121,0.0087201222777366,0.0139845013618469,0.2937469482421875,3.771560668945313,9.678390502929688,-3.108627319335937,-2.890716552734375,-1.6048583984375
2016-08-25,0,0,295.3493957519531,293.322265625,3.533554077148437,-0.0180511474609375,36.0,91276.796875,268.565673828125,283.8672790527344,289.9704895019531,0.002160616684705,0.0085548236966133,0.0138853192329406,0.3129730224609375,4.072021484375,12.622467041015623,-3.309539794921875,-1.499725341796875,-2.1456451416015625
2016-08-25,6,1,297.42041015625,292.97589111328125,3.5782012939453125,-1.1781158447265625,571.5,91387.46875,268.47332763671875,283.30389404296875,291.53271484375,0.0018971692770719,0.0087321884930133,0.0146873369812965,-1.0760955810546875,3.9812164306640634,6.041763305664063,-4.81610107421875,-1.19451904296875,-2.056365966796875
2016-08-25,12,2,299.1786499023437,294.64068603515625,3.2158203125,-0.717437744140625,189.25,91188.921875,268.574951171875,283.58111572265625,292.06109619140625,0.0033135756384581,0.0093252807855606,0.0146693661808967,0.011505126953125,6.450714111328125,6.8928985595703125,-5.52728271484375,-0.738555908203125,-1.9166412353515625
2016-08-25,18,3,294.54840087890625,293.2237548828125,2.92608642578125,0.0781097412109375,13.25,91384.15625,268.50274658203125,283.73248291015625,290.74853515625,0.0030566956847906,0.0087887924164533,0.0142764635384082,0.047393798828125,4.893325805664063,9.338302612304688,-3.969894409179688,-0.5708465576171875,-2.3730926513671875
2016-08-26,0,0,295.80572509765625,293.4393920898437,3.0887603759765625,-0.6527557373046875,18.25,91216.046875,268.6058959960937,283.388427734375,290.7086181640625,0.0034196963533759,0.0095462091267108,0.0132775101810693,2.024261474609375,5.242431640625,8.97216796875,-3.243927001953125,-1.340667724609375,-5.996597290039063
2016-08-26,6,1,298.68731689453125,292.7720947265625,3.490264892578125,-1.658935546875,168.0,91372.765625,267.798828125,283.1085205078125,291.09735107421875,0.0046015232801437,0.0096135679632425,0.01425601541996,0.574615478515625,7.536651611328125,5.660079956054688,-3.72296142578125,-2.513153076171875,-3.2250518798828125
2016-08-26,12,2,297.7010803222656,294.8483581542969,1.791168212890625,-0.96978759765625,361.0,91190.203125,267.6344909667969,283.2237243652344,292.6275939941406,0.0041873976588249,0.0091593526303768,0.0140298604965209,1.9629669189453125,7.0045928955078125,4.834976196289063,-6.744171142578125,-2.319122314453125,-3.21905517578125
2016-08-26,18,3,294.67657470703125,293.4735717773437,2.8598785400390625,0.6577301025390625,12.5,91368.125,267.9230041503906,283.3804626464844,291.07861328125,0.0046456679701805,0.0086066462099552,0.0139072388410568,1.5164642333984375,5.754150390625,8.676193237304688,-6.1906585693359375,-3.172760009765625,-1.2938995361328125
2016-08-27,0,0,295.3831787109375,293.31298828125,3.514251708984375,-0.0472259521484375,6.75,91241.953125,268.45904541015625,283.5924072265625,290.3124389648437,0.0046095885336399,0.007508810609579,0.013629525899887,0.125030517578125,4.645111083984375,11.728042602539062,-6.6778411865234375,-4.518814086914063,-3.535919189453125
2016-08-27,6,1,297.2537841796875,292.90411376953125,4.1270294189453125,-0.8917236328125,118.5,91379.109375,267.4921875,283.198486328125,290.843505859375,0.0043420977890491,0.0078812874853611,0.0137641169130802,-0.3761138916015625,4.5060577392578125,7.599014282226562,-8.818984985351562,-3.650100708007813,-2.1097564697265625
2016-08-27,12,2,297.2240905761719,294.0668029785156,2.299346923828125,-0.0784149169921875,267.25,91142.625,268.8095092773437,283.0035705566406,292.232177734375,0.005195178091526,0.0093489997088909,0.0137295834720134,0.71490478515625,7.1192474365234375,6.6715087890625,-2.55621337890625,-3.040283203125,-1.858306884765625
2016-08-27,18,3,294.23345947265625,293.20135498046875,2.7440338134765625,0.838134765625,107.0,91438.640625,268.6962890625,282.95654296875,290.7425537109375,0.0053976848721504,0.0092549696564674,0.0137833356857299,-0.6323394775390625,5.6634368896484375,10.371078491210938,-2.488433837890625,-2.7847900390625,-1.7570953369140625
2016-08-28,0,0,295.272705078125,293.48553466796875,3.509506225585937,-0.1272430419921875,35.5,91326.453125,268.75152587890625,283.4581298828125,289.85321044921875,0.0052313581109046,0.0084909424185752,0.0131072923541069,-1.936492919921875,7.315582275390625,11.478103637695312,-1.8271636962890625,-2.177276611328125,-2.254119873046875
2016-08-28,6,1,298.6044921875,292.7714233398437,5.218185424804688,-0.84503173828125,33.0,91433.71875,269.3019714355469,283.67291259765625,291.3515319824219,0.0050269849598407,0.0075023286044597,0.0137136466801166,-2.609161376953125,7.067642211914063,9.050582885742188,-0.9968414306640624,-3.7711181640625,-1.435699462890625
2016-08-28,12,2,298.76983642578125,293.5869140625,3.1620330810546875,-0.2029266357421875,62.25,91171.828125,269.5053100585937,283.25537109375,292.4402160644531,0.0045421458780765,0.0092058256268501,0.0134636238217353,-0.3390655517578125,5.6312408447265625,7.825790405273437,-2.381576538085937,-4.766754150390625,-2.7445220947265625
2016-08-28,18,3,295.0579833984375,293.09735107421875,3.436386108398437,0.163299560546875,8.5,91439.4375,269.4979858398437,283.0204467773437,290.5466613769531,0.0047860676422715,0.0094170738011598,0.0136862583458423,-4.5306396484375,4.3365325927734375,10.160430908203123,-1.4095611572265625,-3.868011474609375,-2.54864501953125
2016-08-29,0,0,295.739990234375,293.4169921875,2.999053955078125,-0.45587158203125,1.25,91257.109375,268.8515930175781,283.074462890625,291.0343933105469,0.0047688595950603,0.010172065347433,0.0130176022648811,-5.324996948242188,3.2908477783203125,9.99957275390625,-0.442108154296875,-2.387451171875,-4.387847900390625
2016-08-29,6,1,298.0067749023437,292.7812194824219,4.1128997802734375,-1.5626678466796875,38.0,91377.078125,269.16314697265625,282.97344970703125,291.3291015625,0.0043268632143735,0.0097357966005802,0.0137291476130485,-4.596588134765625,5.635101318359375,6.720977783203125,1.895263671875,-3.660568237304688,-3.1170654296875
2016-08-29,12,2,300.306640625,293.18560791015625,2.7022857666015625,-0.5205535888671875,96.0,91034.15625,269.3397827148437,282.6727905273437,294.0980224609375,0.0042989812791347,0.0104383826255798,0.0130970515310764,-4.292694091796875,5.761688232421875,6.839813232421875,-0.4118499755859375,-3.9155426025390634,-3.33648681640625
2016-08-29,18,3,295.3568115234375,293.8374938964844,3.1381072998046875,-0.135711669921875,45.0,91329.921875,268.8549194335937,282.98834228515625,290.7268371582031,0.0048353411257267,0.0102916844189167,0.0144630558788776,-1.95794677734375,2.779937744140625,9.598236083984377,-3.2101593017578125,-4.5101470947265625,-4.492691040039063
2016-08-30,0,0,295.938720703125,293.966064453125,3.293731689453125,0.046356201171875,43.75,91131.921875,268.9535827636719,283.6451416015625,289.8710327148437,0.0041053695604205,0.0099865458905696,0.013969549909234,-4.1157989501953125,1.6427459716796875,10.410202026367188,-0.390228271484375,-0.9056854248046876,-3.54986572265625
2016-08-30,6,1,298.29705810546875,293.5907287597656,3.7984619140625,-1.7552337646484375,374.5,91286.703125,268.634521484375,283.2548522949219,291.17974853515625,0.0044357404112815,0.0102401450276374,0.0146577730774879,-2.007431030273437,1.969146728515625,6.572769165039063,-0.278167724609375,-1.218505859375,-3.710693359375
2016-08-30,12,2,297.2395324707031,294.375,2.31640625,0.3125152587890625,468.5,90949.796875,269.1568603515625,284.85845947265625,292.8609619140625,0.004002209752798,0.0095226690173149,0.0141506046056747,-0.5506134033203125,1.563201904296875,4.904144287109375,0.618011474609375,-3.837005615234375,-3.38543701171875
2016-08-30,18,3,294.4857788085937,293.583740234375,2.3888092041015625,-0.788299560546875,25.5,91282.796875,268.95684814453125,283.1600952148437,290.5726928710937,0.004170561209321,0.0105283483862876,0.0137707330286502,-1.929107666015625,0.853790283203125,8.836212158203125,-0.749786376953125,-1.72857666015625,-5.086822509765625
2016-08-31,0,0,294.53485107421875,292.989990234375,2.3983917236328125,0.34674072265625,13.25,91133.453125,269.29071044921875,283.3222045898437,290.4763488769531,0.0050558075308799,0.0101194493472576,0.0128892511129379,-1.3235321044921875,2.2507476806640625,6.9499053955078125,2.7012939453125,-1.2379608154296875,-4.6573486328125
2016-08-31,6,1,297.42266845703125,292.84283447265625,4.228668212890625,-1.476806640625,9.75,91334.34375,269.5218505859375,283.68896484375,291.31689453125,0.0049000196158885,0.0101648122072219,0.0135409496724605,0.169403076171875,2.19720458984375,6.768569946289063,2.257659912109375,0.5587005615234375,-2.910186767578125
2016-08-31,12,2,297.3468933105469,294.26953125,1.7098388671875,-0.7545318603515625,133.0,91139.21875,269.7945556640625,283.3367614746094,292.06298828125,0.0049171596765518,0.0098642632365226,0.0140495188534259,0.3819732666015625,5.7989349365234375,4.8538360595703125,0.4085235595703125,-1.2321624755859375,-1.7963104248046875
2016-08-31,18,3,294.1607666015625,293.5526733398437,2.2312164306640625,1.01934814453125,46.5,91440.453125,269.0014038085937,283.58599853515625,290.95391845703125,0.0050354339182376,0.0100640058517456,0.0138453766703605,-1.7980194091796875,4.421600341796875,7.88787841796875,1.0628814697265625,-0.8040008544921875,-0.2557830810546875
2016-09-01,0,0,294.6111755371094,293.29345703125,2.7174835205078125,0.491973876953125,22.25,91290.015625,268.6317138671875,283.1851806640625,290.41412353515625,0.0049911849200725,0.0108093842864036,0.0132359825074672,-0.010040283203125,5.124267578125,10.356735229492188,1.4330596923828125,1.626190185546875,-1.672119140625
2016-09-01,6,1,297.5244140625,293.78619384765625,4.448974609375,-0.4189910888671875,521.5,91488.8125,268.7957763671875,282.8225402832031,290.7025756835937,0.004854492843151,0.0103714726865291,0.0132373310625553,-0.564727783203125,5.7928314208984375,9.203521728515623,2.9458770751953125,1.782379150390625,-2.375
2016-09-01,12,2,299.1607666015625,293.073486328125,3.0719757080078125,-0.457763671875,0.0,91163.40625,269.3828125,283.6044921875,291.7067565917969,0.0040122773498296,0.0095476582646369,0.0140939280390739,-0.7166595458984375,6.862274169921875,7.570220947265625,5.3133697509765625,0.67340087890625,-0.7736053466796875
2016-09-01,18,3,295.5943298339844,292.5807800292969,2.8765106201171875,0.2060089111328125,0.0,91529.609375,268.53863525390625,282.9482727050781,290.9862060546875,0.0041397772729396,0.0092039406299591,0.0129025429487228,1.167999267578125,4.361251831054688,8.5718994140625,4.1656494140625,-1.65106201171875,-0.5804443359375
2016-09-02,0,0,294.91827392578125,292.76904296875,2.7468719482421875,0.6852264404296875,0.0,91374.65625,268.5374755859375,282.8939819335937,290.8617553710937,0.0041986443102359,0.0086848624050617,0.0125108361244201,1.611968994140625,3.587127685546875,9.695114135742188,1.590057373046875,-0.988067626953125,-1.813995361328125
2016-09-02,6,1,298.6802978515625,293.33941650390625,4.43157958984375,0.5972137451171875,9.75,91502.6875,268.2818603515625,282.7985534667969,291.22003173828125,0.0044694412499666,0.008728252723813,0.0131690986454486,1.183624267578125,3.9637603759765625,7.2324371337890625,1.5462188720703125,-0.0766143798828125,0.560638427734375
2016-09-02,12,2,297.9322204589844,293.7252197265625,3.227569580078125,0.7879791259765625,109.5,91223.984375,268.9146728515625,283.0511474609375,292.1160888671875,0.0043121799826622,0.0097037255764007,0.0133312009274959,0.4152679443359375,3.8877105712890634,9.122650146484377,1.7730865478515625,0.49395751953125,0.965301513671875
2016-09-02,18,3,294.9188232421875,292.908447265625,3.5508575439453125,0.7762603759765625,0.0,91500.734375,268.4489440917969,283.13818359375,290.5679931640625,0.0040739029645919,0.0094938911497592,0.0129686966538429,-0.025970458984375,4.305389404296875,10.547286987304688,3.2117919921875,0.805023193359375,-1.6017608642578125
2016-09-03,0,0,294.2725830078125,292.7027587890625,3.909698486328125,0.7337646484375,4.5,91341.96875,268.4786682128906,283.0648193359375,289.96636962890625,0.0039438568055629,0.0098618492484092,0.0129134207963943,-0.098663330078125,5.3227386474609375,10.618698120117188,2.8574676513671875,-1.38739013671875,-1.0887908935546875
2016-09-03,6,1,298.27130126953125,292.942138671875,4.9631195068359375,-0.885986328125,3.5,91486.578125,269.2982788085937,283.0244140625,291.17266845703125,0.0036155900452286,0.0094372816383838,0.0129074528813362,-0.7533416748046875,7.281845092773437,8.784317016601562,3.6830902099609375,-0.028900146484375,-1.936737060546875
2016-09-03,12,2,298.1944274902344,293.96209716796875,2.175811767578125,-0.5255126953125,236.5,91261.625,269.20361328125,283.1131591796875,292.82049560546875,0.0035100516397506,0.0094299875199794,0.013399638235569,0.52276611328125,8.54486083984375,7.3200836181640625,3.8725738525390634,-2.1678924560546875,-1.4872283935546875
2016-09-03,18,3,295.1535339355469,292.7713623046875,2.5199127197265625,0.6058197021484375,12.5,91525.4375,269.0521240234375,282.72528076171875,291.16046142578125,0.0031961824279278,0.0078715197741985,0.0136654339730739,1.92083740234375,8.120590209960938,7.39300537109375,3.111053466796875,-1.1926116943359375,-1.83319091796875
2016-09-04,0,0,294.270263671875,292.3550109863281,2.804107666015625,0.31494140625,0.0,91430.453125,269.2093811035156,282.90380859375,290.919921875,0.0037037644069641,0.008385706692934,0.0116375535726547,2.2517242431640625,10.685745239257812,9.751495361328123,1.6030426025390625,-2.4869384765625,-2.5697479248046875
2016-09-04,6,1,297.9057006835937,292.5372314453125,4.82977294921875,-1.260009765625,0.0,91636.828125,268.3935546875,282.5001525878906,290.87908935546875,0.0036664484068751,0.0081052593886852,0.0128845162689685,2.799163818359375,10.714813232421877,8.187362670898438,1.392059326171875,-2.1494140625,-2.31134033203125
2016-09-04,12,2,299.3846435546875,292.3309020996094,3.4969940185546875,-0.88519287109375,46.5,91428.359375,268.9879150390625,282.787109375,292.5818786621094,0.0034050587564706,0.0084150806069374,0.0129530578851699,1.4622039794921875,11.860992431640623,10.24755859375,1.875823974609375,-1.9121551513671875,-2.6243438720703125
2016-09-04,18,3,294.911376953125,292.25146484375,2.7888946533203125,-0.0906982421875,0.0,91716.5625,268.5544128417969,283.01727294921875,290.75634765625,0.003480254439637,0.0058183707296848,0.0125154182314872,2.4587860107421875,11.3897705078125,9.200881958007812,2.212005615234375,-2.9070587158203125,-3.2750701904296875
2016-09-05,0,0,293.7813720703125,292.30059814453125,3.029159545898437,-0.3637542724609375,0.0,91555.625,268.405029296875,283.4130554199219,290.60601806640625,0.0034133703447878,0.0057103671133518,0.0107607617974281,3.053695678710937,13.269241333007812,11.063247680664062,0.83135986328125,-2.40814208984375,-5.423751831054688
2016-09-05,6,1,298.0580139160156,291.46661376953125,5.256378173828125,-2.032577514648437,7.25,91666.828125,269.50408935546875,283.1596069335937,291.2748718261719,0.0032068854197859,0.0060832612216472,0.0116177946329116,3.326080322265625,12.068374633789062,9.9840087890625,1.1502227783203125,-2.815032958984375,-3.817550659179688
2016-09-05,12,2,299.119140625,293.0849914550781,2.907745361328125,-0.80621337890625,114.5,91471.734375,269.5123291015625,282.1864624023437,292.40435791015625,0.0031905982177704,0.0078364983201026,0.0126229710876941,2.88861083984375,11.278244018554688,8.661224365234375,-0.427764892578125,-3.2201690673828125,-3.1502227783203125
2016-09-05,18,3,294.9561462402344,292.27301025390625,3.07135009765625,0.307464599609375,0.0,91700.46875,268.2150573730469,282.78912353515625,290.72344970703125,0.0035902550444006,0.006399530917406,0.0119077637791633,3.1632537841796875,10.30230712890625,9.56463623046875,-1.729217529296875,-1.8687896728515625,-2.56689453125
2016-09-06,0,0,294.1717529296875,292.01739501953125,2.75323486328125,-0.3398284912109375,0.0,91587.0,268.4048767089844,282.05548095703125,290.1590576171875,0.0034835233818739,0.0064139626920223,0.0110417827963829,3.2972564697265625,10.558151245117188,10.858001708984377,-1.228240966796875,-2.81427001953125,-4.809783935546875
2016-09-06,6,1,297.84521484375,291.92681884765625,4.8338775634765625,-1.5846099853515625,0.0,91692.625,269.1771240234375,281.5746765136719,290.45050048828125,0.003167285118252,0.0076692178845405,0.0118738152086734,2.2006988525390625,10.718887329101562,8.742935180664062,0.8276214599609375,-4.4354248046875,-3.125213623046875
2016-09-06,12,2,297.4849548339844,293.3079833984375,4.18084716796875,-0.2173919677734375,119.25,91474.171875,268.7500915527344,281.77569580078125,291.66943359375,0.0036276730243116,0.0092267915606498,0.0127815380692482,3.934646606445313,9.380661010742188,10.673263549804688,-1.09100341796875,-4.8173675537109375,-2.792724609375
2016-09-06,18,3,294.1551818847656,291.49676513671875,3.624908447265625,-0.110015869140625,1.0,91706.34375,269.0414428710937,281.58380126953125,289.962646484375,0.0032736246939748,0.0081088431179523,0.0113283619284629,3.4822998046875,8.594329833984375,10.884567260742188,-0.4929351806640625,-4.61041259765625,-4.32733154296875
2016-09-07,0,0,293.2516784667969,291.17755126953125,3.128753662109375,-0.6306610107421875,0.0,91529.59375,269.5282287597656,281.8885498046875,290.12615966796875,0.0030196106527,0.004948865622282,0.0105311907827854,3.041534423828125,9.343765258789062,11.626388549804688,-1.125732421875,-2.69451904296875,-6.0298919677734375
2016-09-07,6,1,298.6703491210937,290.404296875,4.376480102539063,-2.0308837890625,8.75,91579.078125,269.50811767578125,282.39801025390625,291.3628234863281,0.0029828732367604,0.0047409534454345,0.0109466239809989,2.913314819335937,8.249557495117188,7.211700439453125,0.1500091552734375,-3.06170654296875,-3.711669921875
2016-09-07,12,2,298.6002502441406,292.487060546875,1.9007720947265625,-0.68988037109375,82.25,91378.140625,268.95489501953125,281.3846740722656,291.95574951171875,0.0031335451640188,0.0073964707553386,0.0122658014297485,5.227142333984375,8.968734741210938,5.563003540039063,-0.5615081787109375,-3.1005859375,-2.185287475585937
2016-09-07,18,3,294.979736328125,291.34881591796875,2.5233612060546875,-0.087371826171875,0.0,91557.390625,268.8345947265625,281.5665588378906,290.6238098144531,0.0030424511060118,0.0070157162845134,0.0120957233011722,4.841827392578125,5.332077026367188,7.134078979492188,-1.7395172119140625,-2.1887359619140625,-2.949081420898437
2016-09-08,0,0,293.42431640625,290.8558959960937,2.250152587890625,-0.5058746337890625,0.0,91399.640625,269.92401123046875,281.9331359863281,290.554443359375,0.0024083224125206,0.0059722922742366,0.0090767815709114,3.422958374023437,4.8347015380859375,7.839935302734375,-4.7398834228515625,-1.2701873779296875,-3.548568725585937
2016-09-08,6,1,298.2869567871094,290.0916748046875,3.7462005615234375,-1.9649658203125,1.75,91567.703125,269.83502197265625,281.7557373046875,290.91033935546875,0.0021387317683547,0.0053526796400547,0.0109824500977993,2.2783660888671875,4.7885284423828125,5.825775146484375,-4.6683502197265625,-1.0639801025390625,-3.143539428710937
2016-09-08,12,2,300.0458374023437,291.731201171875,1.849578857421875,-0.8342437744140625,3.5,91346.109375,269.9422607421875,281.8382568359375,293.0392150878906,0.0020438849460333,0.0072861090302467,0.0113519839942455,1.91888427734375,5.27020263671875,3.474945068359375,-4.228439331054688,-4.2362823486328125,-2.8209991455078125
2016-09-08,18,3,295.9664306640625,292.0575256347656,2.467025756835937,-1.15380859375,4.5,91573.71875,270.3659362792969,282.04254150390625,291.5277099609375,0.0018340277019888,0.0062677226960659,0.0120696574449539,-1.34149169921875,1.7897796630859375,5.610076904296875,-4.3173828125,-4.9930572509765625,-3.984054565429688
2016-09-09,0,0,294.9715270996094,292.49822998046875,2.3426971435546875,-1.629608154296875,33.125,91446.65625,270.55731201171875,281.1301574707031,291.4325561523437,0.0016517774201929,0.0068302191793918,0.011708129197359,-1.79052734375,1.61993408203125,3.45440673828125,-2.2396392822265625,-2.354598999023437,-6.3248443603515625
2016-09-09,6,1,299.092041015625,292.01824951171875,2.55279541015625,-3.106903076171875,5.0,91564.421875,270.764404296875,282.20361328125,291.6351318359375,0.0016450195107609,0.0073029212653636,0.012521106749773,-0.9861602783203124,3.1989898681640625,3.762741088867188,-1.3116912841796875,-2.2946319580078125,-4.932769775390625
2016-09-09,12,2,299.51251220703125,293.026611328125,1.7680816650390625,-0.89776611328125,206.0,91290.609375,271.4210510253906,282.38580322265625,293.83990478515625,0.0023571765050292,0.0074623078107833,0.0127047523856163,-0.4440155029296875,1.9069671630859373,4.55133056640625,-1.9397430419921875,-4.3371124267578125,-3.812744140625
2016-09-09,18,3,294.8407592773437,291.35845947265625,1.6611175537109375,-1.4154815673828125,21.25,91574.09375,270.8739624023437,282.103515625,292.1783447265625,0.0018616095185279,0.0075249597430229,0.0127181708812713,0.4637451171875,0.7066650390625,5.188812255859375,-3.0793609619140625,-1.729034423828125,-6.8224639892578125
2016-09-10,0,0,294.28399658203125,292.6434936523437,2.072418212890625,-1.20941162109375,56.25,91426.609375,270.53369140625,281.2514038085937,292.04510498046875,0.0019702252466231,0.0080481022596359,0.0123276002705097,-0.156280517578125,2.9131011962890625,4.3550872802734375,-1.896728515625,-3.069366455078125,-5.138427734375
2016-09-10,6,1,299.3057861328125,292.95135498046875,3.4968719482421875,-2.0892333984375,31.0,91516.34375,270.2427062988281,282.62164306640625,291.68609619140625,0.001719998428598,0.0073321051895618,0.0129894949495792,2.219696044921875,2.525665283203125,5.209930419921875,-1.7397918701171875,-1.5294189453125,-3.267059326171875
2016-09-10,12,2,299.6365966796875,293.61376953125,3.425994873046875,-0.530914306640625,130.75,91187.5,270.065673828125,283.34246826171875,293.8202209472656,0.0019002866465598,0.0065608322620391,0.0130743831396102,1.5649261474609375,3.930389404296875,8.018661499023438,0.1262054443359375,-2.3291778564453125,-2.351043701171875
2016-09-10,18,3,294.7493896484375,291.886474609375,3.0634002685546875,-1.26031494140625,0.0,91507.515625,270.0211181640625,282.3196105957031,291.1116943359375,0.0020143815781921,0.0075723268091678,0.0125116668641567,2.8625640869140625,5.332565307617188,9.370162963867188,0.4329071044921875,-0.66717529296875,-6.445098876953125
2016-09-11,0,0,293.31365966796875,291.9842529296875,2.9291534423828125,-1.439971923828125,0.0,91362.90625,269.5229797363281,282.12628173828125,290.601806640625,0.0021737646311521,0.0076569877564907,0.0112056918442249,3.3487091064453125,6.7174072265625,8.80914306640625,-1.255462646484375,-0.0900726318359375,-9.52459716796875
2016-09-11,6,1,298.0723571777344,291.6908874511719,4.300140380859375,-3.3004913330078125,2.875,91420.640625,269.0533447265625,283.7681884765625,291.6094970703125,0.0027137061115354,0.0058148689568042,0.0120781958103179,3.853317260742188,5.169830322265625,6.7602081298828125,-2.240951538085937,-0.4472808837890625,-5.4430084228515625
2016-09-11,12,2,299.5364990234375,291.6048889160156,2.39532470703125,-1.2587738037109375,0.0,91144.84375,269.0381164550781,282.6586303710937,293.5477294921875,0.0035848713014274,0.0060824193060398,0.0116457715630531,2.5118408203125,7.97906494140625,6.0565338134765625,-4.0204620361328125,-2.6912994384765625,-3.4245758056640625
2016-09-11,18,3,295.3412475585937,292.19696044921875,3.001556396484375,-1.4408416748046875,1.625,91364.3125,268.5595092773437,282.3423767089844,291.3202514648437,0.0039953300729393,0.007936168462038,0.0129749318584799,-0.207916259765625,7.198043823242188,7.931289672851562,-0.6778106689453125,-3.267929077148437,-6.85540771484375
2016-09-12,0,0,294.52154541015625,292.7818603515625,2.540924072265625,-0.359161376953125,0.0,91205.796875,269.02001953125,282.324951171875,290.339599609375,0.0046000741422176,0.0082806423306465,0.0127612948417663,0.0986480712890625,3.276397705078125,7.294601440429687,-3.038925170898437,-6.55474853515625,-5.564544677734375
2016-09-12,6,1,298.381591796875,291.019775390625,4.017135620117188,-3.1203155517578125,0.0,91356.5,268.85498046875,282.38299560546875,291.346923828125,0.0051684454083442,0.0082724653184413,0.012492349371314,-0.24456787109375,4.264328002929688,6.2911529541015625,-2.674896240234375,-3.0341949462890625,-4.9317169189453125
2016-09-12,12,2,299.05291748046875,292.49737548828125,1.801544189453125,-1.470550537109375,4.5,91160.671875,268.4437561035156,282.8485412597656,292.9974365234375,0.0051065143197774,0.0074006952345371,0.0123514086008071,0.6288604736328125,7.095367431640625,5.9315948486328125,-3.13433837890625,-3.917144775390625,-4.3824462890625
2016-09-12,18,3,295.65234375,292.60467529296875,3.1192169189453125,-0.8397216796875,0.0,91404.65625,268.80206298828125,283.2817077636719,291.3228454589844,0.004788652062416,0.0064136609435081,0.0130761936306953,0.1364288330078125,5.567108154296875,7.945098876953125,-2.002044677734375,-4.89129638671875,-5.531417846679688
2016-09-13,0,0,295.03973388671875,292.6990661621094,2.9989166259765625,-0.6254425048828125,0.0,91228.1875,269.0385131835937,282.6022033691406,290.9793701171875,0.0044491626322269,0.0076474589295685,0.0123290196061134,2.80145263671875,5.721832275390625,8.851715087890625,-1.4966888427734375,-4.027435302734375,-6.3818206787109375
2016-09-13,6,1,298.6205139160156,292.3333740234375,4.313934326171875,-2.5684814453125,13.5,91378.203125,268.85626220703125,283.2418212890625,291.8316955566406,0.0042797997593879,0.0072364918887615,0.0123843289911746,4.334640502929688,5.8781280517578125,7.421142578125,0.57403564453125,-5.35736083984375,-4.958755493164063
2016-09-13,12,2,299.7184753417969,292.5870361328125,2.4718475341796875,-1.3487396240234375,37.0,91167.140625,268.8829345703125,282.90234375,293.2767333984375,0.004431877285242,0.0087928064167499,0.0127772968262434,5.2508544921875,7.8366851806640625,6.11907958984375,-2.1328277587890625,-4.084625244140625,-4.75042724609375
2016-09-13,18,3,295.176025390625,292.71075439453125,3.161956787109375,-0.602630615234375,9.125,91430.171875,268.73992919921875,283.19219970703125,290.8332214355469,0.0043855085968971,0.008437693119049,0.0138805704191327,4.7245941162109375,6.7257080078125,9.035537719726562,-2.1501007080078125,-4.691864013671875,-5.3207550048828125
2016-09-14,0,0,295.26531982421875,292.5638122558594,3.373397827148437,-0.856689453125,2.75,91273.46875,268.5848693847656,283.3484802246094,289.8616943359375,0.0041678138077259,0.0089131332933902,0.0130218043923377,5.283599853515625,7.56494140625,9.625503540039062,-2.3837890625,-5.608200073242188,-6.1916351318359375
2016-09-14,6,1,298.9432983398437,292.8962707519531,4.886962890625,-2.497161865234375,24.25,91372.8125,268.6267395019531,283.8125,291.8349609375,0.003900320501998,0.0076135843992233,0.0130434222519397,4.3834991455078125,9.19970703125,8.679611206054688,-0.5550994873046875,-6.603759765625,-5.016616821289063
2016-09-14,12,2,298.9911499023437,293.6691589355469,3.852020263671875,-0.1866455078125,120.75,91113.3125,268.3372802734375,283.45428466796875,293.2330322265625,0.0037472671829164,0.0087752640247344,0.0132041424512863,6.241363525390625,9.2576904296875,9.254791259765623,-0.9509124755859376,-6.8069610595703125,-2.466094970703125
2016-09-14,18,3,295.0942077636719,293.1709289550781,3.077606201171875,-0.5892333984375,37.75,91381.953125,268.6058349609375,283.28741455078125,290.6319274902344,0.0043435543775558,0.0077947862446308,0.0137339457869529,6.54901123046875,11.275848388671877,10.547866821289062,-0.0365753173828125,-5.919403076171875,-4.900421142578125
2016-09-15,0,0,295.56060791015625,293.11395263671875,3.238800048828125,1.0811920166015625,16.75,91212.828125,269.1176147460937,282.7048034667969,289.6249084472656,0.0042169354856014,0.0073491148650646,0.0135386176407337,5.1188812255859375,13.376663208007812,10.457977294921877,0.99420166015625,-8.051040649414062,-1.8098297119140625
2016-09-15,6,1,298.9290771484375,292.4963684082031,4.8642578125,-1.3263702392578125,437.0,91344.953125,269.0147705078125,282.8006286621094,290.9347839355469,0.0040690042078495,0.0080562829971313,0.0142620019614696,4.4092864990234375,12.07415771484375,9.825942993164062,2.7304840087890625,-2.5001678466796875,-2.62872314453125
2016-09-15,12,2,298.96661376953125,293.74957275390625,3.708419799804688,-0.2017364501953125,140.25,91038.71875,269.5130920410156,283.3487548828125,293.3983764648437,0.0033400156535208,0.0086618326604366,0.0139067806303501,6.024688720703125,10.173233032226562,9.460128784179688,-0.83282470703125,-1.446136474609375,-1.1349029541015625
2016-09-15,18,3,295.0326538085937,292.168212890625,3.070541381835937,0.662445068359375,18.5,91356.671875,268.8477783203125,282.4637756347656,290.97174072265625,0.0041886833496391,0.0097097158432006,0.0137914475053548,4.07330322265625,10.69403076171875,10.085052490234377,-1.6697998046875,-0.4479217529296875,-0.4177093505859375
2016-09-16,0,0,294.61981201171875,292.9404296875,3.41455078125,1.0158538818359375,4.75,91186.34375,269.299072265625,283.1080627441406,290.0415954589844,0.0042876414954662,0.0092495530843734,0.0134210884571075,3.980682373046875,12.147064208984377,12.792037963867188,0.8566741943359375,-2.524887084960937,-0.8336029052734375
2016-09-16,6,1,298.0771179199219,292.21685791015625,6.11529541015625,0.1061859130859375,18.5,91286.171875,269.75885009765625,283.3233337402344,291.97430419921875,0.0042480304837226,0.0093578249216079,0.0137563608586788,5.140182495117188,11.332427978515623,10.174072265625,1.195831298828125,-1.56158447265625,0.165283203125
2016-09-16,12,2,298.0039978027344,293.36297607421875,3.77947998046875,0.365570068359375,182.75,91105.765625,269.36248779296875,283.3245849609375,292.5346069335937,0.004879742860794,0.0099717415869236,0.0133267156779766,5.096343994140625,10.2447509765625,12.7633056640625,-0.5307464599609375,-1.9877471923828125,0.0887603759765625
2016-09-16,18,3,294.25445556640625,292.0496826171875,3.8115386962890634,0.76837158203125,1.75,91391.828125,268.968017578125,283.3712158203125,290.0106811523437,0.0045886300504207,0.008738063275814,0.0130393654108047,3.4603271484375,9.4364013671875,12.432296752929688,-1.66607666015625,-1.762664794921875,-0.899566650390625
2016-09-17,0,0,294.68170166015625,292.51171875,3.739288330078125,0.847137451171875,12.125,91226.53125,268.7470397949219,283.9894104003906,289.4500732421875,0.0043023489415645,0.0066733099520206,0.0129957348108291,3.964202880859375,8.920745849609375,13.375564575195312,-1.26177978515625,-4.2382354736328125,-0.1139678955078125
2016-09-17,6,1,298.51373291015625,291.94049072265625,6.159576416015625,0.54083251953125,6.875,91365.875,269.047119140625,284.45318603515625,291.9444885253906,0.0043486580252647,0.0058231987059116,0.013204351067543,1.6128692626953125,9.53515625,10.763839721679688,0.4864959716796875,-2.371673583984375,0.4760894775390625
2016-09-17,12,2,299.4828796386719,292.30487060546875,3.710250854492188,0.6226806640625,5.25,91141.265625,268.6259765625,283.7094421386719,293.632080078125,0.0043408125638961,0.0044259652495384,0.0124971959739923,1.5717620849609375,10.11529541015625,9.339614868164062,-2.15216064453125,-1.2670745849609375,0.4802093505859375
2016-09-17,18,3,294.53887939453125,291.209228515625,3.465301513671875,1.127838134765625,0.0,91446.765625,268.5298156738281,283.96307373046875,290.7916259765625,0.0039502708241343,0.0043468065559864,0.0121064782142639,0.8554229736328125,10.588699340820312,10.787216186523438,-1.199462890625,-3.221786499023437,0.200958251953125
2016-09-18,0,0,293.87078857421875,291.73760986328125,3.0596160888671875,0.49542236328125,0.625,91343.375,268.0002136230469,284.3670654296875,290.0057983398437,0.003872325643897,0.0039083221927285,0.0111293345689773,-2.147491455078125,6.24542236328125,12.7579345703125,1.554229736328125,-2.726181030273437,-1.278350830078125
2016-09-18,6,1,299.6913452148437,291.24639892578125,5.479751586914063,0.0691680908203125,13.75,91521.0,267.72320556640625,283.465087890625,291.778076171875,0.004000537097454,0.0058447308838367,0.0124759562313556,0.36505126953125,7.59381103515625,10.305953979492188,2.2448272705078125,-2.6971435546875,-0.47882080078125
2016-09-18,12,2,300.4007873535156,292.6065673828125,2.5894012451171875,-0.261077880859375,27.5,91261.03125,267.7733764648437,282.5909423828125,294.0411682128906,0.0042248703539371,0.0073766149580478,0.0121331624686717,0.705352783203125,6.653244018554688,7.3935546875,-0.488861083984375,-2.2510528564453125,-1.527069091796875
2016-09-18,18,3,295.0975341796875,292.05487060546875,3.5681610107421875,-0.3262939453125,10.75,91630.28125,267.258544921875,282.5869140625,289.6962890625,0.0041902530938386,0.0069889314472675,0.0133395828306674,0.23443603515625,6.059738159179688,11.186965942382812,-1.837066650390625,-1.709259033203125,-3.3194732666015625
2016-09-19,0,0,295.1302490234375,292.1298828125,3.52667236328125,-0.6727294921875,2.25,91433.34375,266.8426513671875,283.5126037597656,289.9580078125,0.0038072129245847,0.0057606734335422,0.0117437280714511,1.1094207763671875,7.754730224609375,11.48779296875,-0.4285430908203125,-4.167877197265625,-4.696548461914063
2016-09-19,6,1,299.2433166503906,291.36968994140625,5.3399658203125,-1.7568511962890625,12.5,91504.484375,267.1643981933594,283.8088073730469,292.2899475097656,0.0036018739920109,0.0044698901474475,0.0118735507130622,1.5524444580078125,6.477203369140625,10.379653930664062,-2.87506103515625,-4.8859710693359375,-3.5139923095703125
2016-09-19,12,2,300.85821533203125,292.96319580078125,2.6273956298828125,-1.6011810302734375,36.5,91252.25,268.3861999511719,282.76171875,293.7348327636719,0.0034002284519374,0.0075237117707729,0.0125485509634017,1.8936309814453125,7.03192138671875,7.009490966796875,-4.380279541015625,-4.99981689453125,-5.152801513671875
2016-09-19,18,3,295.35888671875,291.9808959960937,3.76190185546875,-1.109710693359375,0.0,91564.53125,268.0843811035156,282.5028686523437,290.936279296875,0.0035705789923667,0.0077765770256519,0.012476522475481,1.4691925048828125,4.8398284912109375,11.19696044921875,-4.978668212890625,-4.542144775390625,-5.700592041015625
2016-09-20,0,0,294.8065490722656,292.3944702148437,3.7972564697265625,-1.190338134765625,8.0,91347.953125,268.2108764648437,283.12115478515625,289.527099609375,0.0035899085924029,0.0073184110224246,0.0121878422796726,0.0049285888671875,6.0543060302734375,11.873367309570312,-3.5686492919921875,-4.47857666015625,-7.0866546630859375
2016-09-20,6,1,298.0692138671875,291.1121826171875,5.2997589111328125,-2.426864624023437,6.875,91435.828125,267.86883544921875,282.9400329589844,292.05242919921875,0.0037554851733148,0.0080716274678707,0.0120567232370376,0.2480010986328125,6.3220062255859375,10.482666015625,-4.4082794189453125,-4.136001586914063,-5.3839111328125
2016-09-20,12,2,299.146484375,292.40875244140625,3.259246826171875,-1.112396240234375,0.375,91109.390625,268.3585510253906,282.4199523925781,293.14794921875,0.0041091963648796,0.00894495844841,0.0125133618712425,1.0502777099609375,8.224456787109375,8.395339965820312,-5.215606689453125,-4.639450073242188,-3.7017974853515625
2016-09-20,18,3,295.565673828125,292.3275146484375,3.84356689453125,-1.092041015625,0.0,91418.109375,268.096435546875,282.462646484375,290.1562194824219,0.0046093799173831,0.0086740516126155,0.0131866931915283,1.0167236328125,8.694442749023438,11.6270751953125,-3.80914306640625,-4.314849853515625,-6.359390258789063
2016-09-21,0,0,294.74664306640625,292.76641845703125,3.3814697265625,-1.5114593505859375,2.25,91306.34375,268.2164306640625,282.3424377441406,289.5084228515625,0.0049015022814273,0.0093230493366718,0.012118050828576,3.829681396484375,9.328643798828123,10.943374633789062,-4.465835571289063,-5.47467041015625,-8.587966918945312
2016-09-21,6,1,297.3485107421875,292.8319091796875,5.1697540283203125,-2.8282928466796875,0.75,91429.71875,268.7309265136719,282.2353210449219,290.55767822265625,0.0051245503127574,0.0081372186541557,0.0125307366251945,4.5152130126953125,11.488189697265623,9.945709228515623,-0.78656005859375,-7.5283050537109375,-5.9679718017578125
2016-09-21,12,2,297.3375244140625,293.446044921875,3.0263214111328125,-1.324920654296875,107.0,91202.203125,269.0496520996094,282.57958984375,291.3875427246094,0.0051408149302005,0.0095025897026062,0.0134108029305934,6.7254486083984375,7.92706298828125,8.935317993164062,-3.3894805908203125,-6.178558349609375,-3.8099517822265625
2016-09-21,18,3,294.39569091796875,292.37255859375,3.8480072021484375,-0.757232666015625,60.75,91490.28125,268.4071044921875,282.3878173828125,290.6644287109375,0.0052988342940807,0.0090898536145687,0.0131650511175394,7.1634368896484375,10.860580444335938,12.80078125,-5.359039306640625,-4.82464599609375,-6.4269561767578125
2016-09-22,0,0,294.52459716796875,292.494384765625,4.125656127929688,-1.2874755859375,16.375,91328.921875,268.27545166015625,282.3114929199219,289.61395263671875,0.0050145713612437,0.0095071420073509,0.0122063867747783,7.4226531982421875,10.974197387695312,13.181259155273438,-2.7477569580078125,-6.623199462890625,-7.491363525390625
2016-09-22,6,1,297.9488525390625,292.0823974609375,6.605499267578125,-2.514373779296875,5.25,91459.734375,268.6875,283.07257080078125,291.3983154296875,0.0048733353614807,0.0085975974798202,0.0122645907104015,5.1986236572265625,14.006362915039062,12.108795166015623,0.1412506103515625,-7.0122833251953125,-5.187255859375
2016-09-22,12,2,298.53448486328125,292.6912841796875,4.932373046875,-1.1657867431640625,1.25,91147.84375,269.590576171875,283.1073608398437,292.18048095703125,0.0042253863066434,0.0088471174240112,0.0136407017707824,7.4790496826171875,11.733108520507812,12.44879150390625,-0.4475555419921875,-5.542770385742188,-3.747406005859375
2016-09-22,18,3,294.7947692871094,292.0844116210937,3.9307708740234375,-0.1896820068359375,0.0,91424.453125,268.05450439453125,283.07196044921875,289.6307373046875,0.0043287314474582,0.0092299096286296,0.0130937974900007,7.004898071289063,9.769973754882812,12.379623413085938,-1.0660247802734375,-5.1892852783203125,-4.752532958984375
2016-09-23,0,0,294.87890625,292.2660827636719,4.370849609375,-0.0871124267578125,0.375,91148.296875,268.1224975585937,283.4259033203125,289.04693603515625,0.0045155920088291,0.0096679925918579,0.0123905800282955,4.445327758789063,12.938644409179688,13.908905029296877,-1.99322509765625,-6.349395751953125,-4.50018310546875
2016-09-23,6,1,297.3719177246094,291.7681884765625,6.42047119140625,-0.5538482666015625,27.5,91248.84375,269.371826171875,283.16241455078125,291.4417724609375,0.0037806718610227,0.0097379013895988,0.0132257342338562,6.4843292236328125,12.913345336914062,12.496200561523438,-0.5757904052734375,-7.293380737304687,-1.9229888916015625
2016-09-23,12,2,297.83905029296875,292.1402587890625,3.863113403320313,-0.876922607421875,6.25,91026.328125,270.28594970703125,282.82830810546875,291.7999267578125,0.0043421536684036,0.0099684558808803,0.0135168768465518,8.595748901367188,10.962783813476562,11.26763916015625,-2.294036865234375,-4.443389892578125,-3.1283416748046875
2016-09-23,18,3,294.8188781738281,291.92559814453125,4.334747314453125,0.21148681640625,0.0,91185.09375,269.4579162597656,283.6844482421875,289.867919921875,0.0046177059412002,0.0097672082483768,0.013351522386074,7.516433715820312,11.980758666992188,12.892745971679688,-2.42327880859375,-5.6286163330078125,-2.315704345703125
2016-09-24,0,0,294.93096923828125,292.0754089355469,4.506805419921875,-0.1703643798828125,6.5,91079.515625,269.7334289550781,283.00946044921875,289.32489013671875,0.0047072283923625,0.0099404156208038,0.0134812444448471,8.166778564453125,11.737991333007812,13.892105102539062,-0.88507080078125,-5.119308471679688,-4.0274200439453125
2016-09-24,6,1,297.9476318359375,292.3726806640625,6.9301300048828125,-1.20867919921875,0.125,91174.453125,270.14306640625,282.80908203125,291.464111328125,0.0041237436234951,0.0103556141257286,0.0132755832746624,5.386978149414063,13.820465087890623,11.955322265625,1.52264404296875,-5.1932373046875,-2.006866455078125
2016-09-24,12,2,297.81988525390625,291.947021484375,4.767349243164063,0.6575469970703125,1.875,90928.3125,270.85235595703125,282.91949462890625,292.0959777832031,0.0041874758899211,0.0095692910254001,0.0135429203510284,5.3399505615234375,14.635543823242188,12.503219604492188,0.884124755859375,-5.719207763671875,0.0965728759765625
2016-09-24,18,3,294.8401184082031,291.122314453125,4.506027221679688,0.384796142578125,2.625,91130.84375,269.5743408203125,284.6036376953125,289.81500244140625,0.0045084841549396,0.0092842150479555,0.0132660381495952,6.353424072265625,10.284011840820312,14.149566650390623,1.2560272216796875,-5.021987915039063,-1.907745361328125
2016-09-25,0,0,295.3782043457031,292.26544189453125,4.4178466796875,-0.0948486328125,2.125,91028.765625,269.7207946777344,284.6762084960937,289.65045166015625,0.0040907496586441,0.00922192633152,0.0138206519186496,5.5738677978515625,11.140609741210938,13.763961791992188,1.5610809326171875,-3.049163818359375,-3.877716064453125
2016-09-25,6,1,297.5340576171875,292.3969116210937,5.9753265380859375,-0.373931884765625,9.0,91246.734375,269.6795654296875,283.61737060546875,291.8160400390625,0.0041323793120682,0.0096911191940307,0.0134539492428302,5.8482818603515625,10.727691650390623,12.508468627929688,0.11981201171875,-1.936187744140625,-1.3580169677734375
2016-09-25,12,2,298.2445068359375,293.2152709960937,3.984573364257813,-0.1016845703125,0.75,91037.53125,270.501708984375,283.64434814453125,292.1361083984375,0.0035026317927986,0.0094121992588043,0.0142124518752098,1.5405426025390625,9.384536743164062,9.77423095703125,1.16705322265625,-2.8011627197265625,-0.6389007568359375
2016-09-25,18,3,295.6123046875,292.4536437988281,3.66131591796875,-0.2844696044921875,13.0,91318.796875,270.2315368652344,283.9486694335937,290.079833984375,0.002736461116001,0.0088366083800792,0.0142143554985523,1.767791748046875,6.4193878173828125,10.482254028320312,1.4103546142578125,-4.933563232421875,-4.240631103515625
2016-09-26,0,0,295.52789306640625,292.830078125,3.692901611328125,-0.0839080810546875,8.25,91224.75,269.6358642578125,283.710205078125,289.91815185546875,0.0030069651547819,0.0088780783116817,0.0136819928884506,0.804534912109375,3.242050170898437,10.4464111328125,0.9786834716796876,-4.405807495117188,-4.0357513427734375
2016-09-26,6,1,298.4781494140625,292.72442626953125,4.17431640625,-1.4000701904296875,10.25,91363.0,269.89166259765625,283.80108642578125,292.2497863769531,0.0023994708899408,0.0088886357843875,0.0132962353527545,-0.28814697265625,3.280380249023437,7.288909912109375,-0.06451416015625,-3.160980224609375,-3.3245391845703125
2016-09-26,12,2,299.80615234375,293.6436767578125,1.76708984375,-1.0127105712890625,124.0,91136.3125,270.30865478515625,283.9332275390625,293.8751525878906,0.0025883370544761,0.0096266381442546,0.0139379352331161,1.4146270751953125,4.1070404052734375,5.318450927734375,0.9242706298828124,-1.6047821044921875,-2.733062744140625
2016-09-26,18,3,296.352783203125,293.3637390136719,2.210067749023437,-1.03607177734375,1.0,91465.984375,269.83087158203125,283.5509948730469,291.1947937011719,0.0024888908956199,0.0101833082735538,0.0145813263952732,0.351593017578125,2.4279022216796875,8.132110595703125,-0.129974365234375,-2.4447021484375,-4.2388763427734375
2016-09-27,0,0,295.7295227050781,293.3665771484375,2.79302978515625,-0.6124114990234375,23.25,91329.734375,269.67388916015625,283.3328857421875,291.47235107421875,0.0025444666389375,0.0100182369351387,0.0138627253472805,1.2128448486328125,1.17645263671875,7.57635498046875,-1.28497314453125,-0.5308837890625,-5.445648193359375
2016-09-27,6,1,298.66961669921875,294.36883544921875,3.1988525390625,-1.7350921630859375,373.75,91481.875,269.8099975585937,283.14764404296875,291.12115478515625,0.0034435873385518,0.0098121277987957,0.014845959842205,0.3796234130859375,3.5742340087890625,5.3804473876953125,-2.1078033447265625,0.946502685546875,-3.152679443359375
2016-09-27,12,2,299.786865234375,295.31170654296875,2.1226959228515625,-0.76788330078125,706.5,91193.5,269.8966064453125,283.87066650390625,293.732666015625,0.0042589036747813,0.0096124783158302,0.0148073174059391,1.251495361328125,5.403076171875,4.7479248046875,-0.7236785888671875,0.6724395751953125,-2.44146728515625
2016-09-27,18,3,295.5287170410156,294.096923828125,2.3904266357421875,-0.753173828125,133.0,91434.625,269.08355712890625,283.99615478515625,292.2077941894531,0.0048289597034454,0.0096332319080829,0.0144040808081626,2.473861694335937,3.72637939453125,6.47552490234375,-2.2176666259765625,-2.36810302734375,-3.136749267578125
2016-09-28,0,0,295.3843994140625,293.9279479980469,2.6409454345703125,-1.448028564453125,12.25,91296.515625,269.0909118652344,283.029541015625,291.22283935546875,0.0044289231300354,0.0102847628295421,0.0139236450195312,4.3582916259765625,2.2541961669921875,5.4969329833984375,-0.919769287109375,-2.0839996337890625,-7.119781494140625
2016-09-28,6,1,297.6335754394531,294.2700500488281,2.3800811767578125,-1.3066558837890625,871.25,91436.75,269.0710754394531,283.2605285644531,290.9906616210937,0.0042120795696973,0.0100206360220909,0.0151350945234298,3.1380157470703125,2.6102447509765625,4.2188873291015625,-1.517913818359375,-1.1900177001953125,-3.402130126953125
2016-09-28,12,2,298.9886474609375,295.0853271484375,1.594573974609375,-0.0666351318359375,718.5,91088.734375,269.51861572265625,283.64825439453125,293.646240234375,0.0047256685793399,0.0101377628743648,0.0141101665794849,2.4710235595703125,4.206588745117188,4.192398071289063,-0.5056915283203125,-1.1521453857421875,-2.698455810546875
2016-09-28,18,3,295.4486083984375,294.0408935546875,2.371566772460937,-0.0040435791015625,297.75,91368.765625,268.85986328125,283.37603759765625,291.74835205078125,0.0052606612443923,0.0097131840884685,0.0151186808943748,3.10382080078125,2.121063232421875,5.66070556640625,0.1703643798828125,-2.889877319335937,-2.1785125732421875
2016-09-29,0,0,295.64764404296875,294.1727294921875,3.1002960205078125,-0.7625274658203125,190.25,91209.984375,269.308349609375,282.84991455078125,291.41455078125,0.0045606009662151,0.0092063024640083,0.0143769346177577,5.2147064208984375,2.9222412109375,6.122726440429688,0.87701416015625,-1.814666748046875,-4.3792572021484375
2016-09-29,6,1,299.2279052734375,294.44537353515625,3.3720245361328125,-1.2508087158203125,1073.875,91330.671875,269.91412353515625,283.35675048828125,291.5740966796875,0.003134774742648,0.0085468366742134,0.0152270421385765,4.07080078125,4.3914337158203125,5.720474243164063,1.7723388671875,-0.405426025390625,-3.0572662353515625
2016-09-29,12,2,299.3441772460937,294.15008544921875,2.3009033203125,-0.4840240478515625,357.75,91044.078125,269.2228088378906,283.47882080078125,294.2120361328125,0.0048658028244972,0.0080556944012641,0.0134022645652294,6.7407073974609375,6.700408935546875,5.980880737304688,1.7508392333984375,-3.00250244140625,-4.7545318603515625
2016-09-29,18,3,295.6998291015625,293.5798645019531,2.084930419921875,-1.064117431640625,58.5,91358.765625,268.9241943359375,283.41668701171875,290.9375,0.0032811551354825,0.0073217153549194,0.0145273515954613,6.216278076171875,6.374053955078125,7.6536865234375,-0.0017242431640625,-2.081527709960937,-4.9833526611328125
2016-09-30,0,0,295.3369140625,292.8681640625,3.166259765625,-0.21697998046875,3.5,91146.1875,269.8197021484375,283.44775390625,290.8570861816406,0.0011538106482475,0.0057638809084892,0.0128237418830394,7.399765014648437,6.492218017578125,7.4630126953125,0.6269073486328125,-1.70281982421875,-4.7534942626953125
2016-09-30,6,1,299.1014404296875,292.21881103515625,4.1048126220703125,-1.8140716552734373,6.5,91295.453125,269.8246459960937,282.7460021972656,291.7457580566406,0.0008018517401069,0.0066374540328979,0.0129765458405017,7.66473388671875,6.5746612548828125,6.58038330078125,1.13824462890625,-2.128692626953125,-3.125396728515625
2016-09-30,12,2,300.7215576171875,293.0111083984375,2.6112213134765625,-0.3266448974609375,25.5,90989.140625,269.3167724609375,284.24774169921875,294.1212158203125,0.0008776523172855,0.0053950175642967,0.0125237219035625,8.1046142578125,7.371749877929687,7.102264404296875,0.4607086181640625,-1.6314697265625,-1.77606201171875
2016-09-30,18,3,295.3759765625,292.6396484375,2.625640869140625,-0.5348052978515625,0.0,91337.390625,269.0352783203125,283.1144714355469,291.192626953125,0.0010768843349069,0.0065233372151851,0.0126864053308963,9.053085327148438,4.6675872802734375,7.6207275390625,2.3248291015625,0.238922119140625,-4.731719970703125
2016-10-01,0,0,294.82843017578125,292.1941833496094,3.0651092529296875,0.2272186279296875,7.75,91228.765625,269.457275390625,282.53668212890625,290.33038330078125,0.0012662508524954,0.0059928447008132,0.0115260258316993,8.539642333984375,3.406524658203125,8.586563110351562,1.6877288818359375,-0.1715850830078125,-3.254547119140625
2016-10-01,6,1,298.4649658203125,291.62774658203125,3.84881591796875,-0.143585205078125,0.5,91353.578125,269.6474609375,283.13873291015625,291.2193603515625,0.0014931391924619,0.004682283848524,0.0120200291275978,7.529159545898437,2.874847412109375,5.69842529296875,2.3159637451171875,3.4068145751953125,-0.18548583984375
2016-10-01,12,2,299.9583740234375,292.4908142089844,1.4823455810546875,0.5444793701171875,0.0,91135.046875,269.761962890625,283.14581298828125,293.4118347167969,0.0013241078704595,0.0036765050608664,0.0112194865942001,8.739059448242188,4.729751586914063,5.721206665039063,-0.2919921875,2.007965087890625,1.74658203125
2016-10-01,18,3,294.89044189453125,291.3796081542969,1.9737701416015625,-0.1789398193359375,0.0,91447.84375,270.05096435546875,282.3844299316406,291.387451171875,0.0011832050513476,0.0058533996343612,0.0120166093111038,5.6870880126953125,3.876419067382813,7.235443115234375,1.120025634765625,0.9302520751953124,-0.63262939453125
2016-10-02,0,0,293.4433288574219,291.6263427734375,1.6658935546875,0.355804443359375,0.0,91422.140625,270.0950012207031,282.0888366699219,291.2857666015625,0.0011684126220643,0.0046037472784519,0.0107105299830436,4.91534423828125,2.6100616455078125,5.2896270751953125,2.164215087890625,3.24969482421875,-0.6407318115234375
2016-10-02,6,1,299.3485717773437,291.50048828125,2.460174560546875,0.9557342529296876,0.0,91577.578125,269.87066650390625,283.741943359375,291.0814208984375,0.0010187069419771,0.0028215935453772,0.0122954957187175,3.830764770507813,3.465682983398437,3.457489013671875,1.0832061767578125,1.8849029541015625,1.4088897705078125
2016-10-02,12,2,300.8293762207031,292.0741271972656,1.1439666748046875,0.5108489990234375,0.375,91267.078125,269.92462158203125,283.9985046386719,294.1705322265625,0.0010182363912463,0.0028794521931558,0.0106842815876007,5.372360229492188,2.7578582763671875,3.110504150390625,1.4997406005859375,2.6160430908203125,0.6180877685546875
2016-10-02,18,3,294.9898986816406,291.0452880859375,2.0741119384765625,-1.04559326171875,5.375,91478.1875,270.656494140625,282.4152526855469,292.2966613769531,0.0011376275215297,0.0049202255904674,0.0122042819857597,3.915115356445313,-0.39727783203125,3.63446044921875,2.752532958984375,3.49420166015625,-3.1219024658203125
2016-10-03,0,0,294.0997314453125,292.05621337890625,0.7914581298828125,-0.2405853271484375,26.75,91429.625,270.8349609375,281.3194580078125,291.10906982421875,0.0012536575086414,0.0060785673558712,0.0124479383230209,2.8782501220703125,3.718475341796875,2.3918609619140625,1.1629791259765625,1.2244720458984375,-2.2389068603515625
2016-10-03,6,1,300.3658447265625,292.1632080078125,1.4087066650390625,0.147613525390625,0.0,91493.859375,271.35888671875,283.1051025390625,292.1296081542969,0.0013660679105669,0.0052700825035572,0.0129002965986728,1.736602783203125,1.9205169677734373,1.71307373046875,-0.8472442626953125,2.7442169189453125,0.1727294921875
2016-10-03,12,2,301.8270874023437,293.8560485839844,1.203521728515625,0.0536346435546875,3.625,91196.84375,270.5369873046875,282.9616394042969,295.1859436035156,0.0012288740836083,0.0060452483594417,0.0113647282123565,1.5967864990234375,0.6850433349609375,2.9441680908203125,0.450164794921875,2.3988494873046875,0.4910125732421875
2016-10-03,18,3,296.4959716796875,292.18316650390625,1.4846649169921875,-0.8825225830078125,24.875,91492.15625,270.820556640625,282.1959228515625,292.03228759765625,0.001373300794512,0.0085569582879543,0.0129907727241516,1.5590667724609375,-1.6059112548828125,4.2116546630859375,-0.098052978515625,3.4073486328125,-3.8594818115234375
2016-10-04,0,0,295.17950439453125,292.7059936523437,1.7853240966796875,-0.3279571533203125,7.0,91423.0625,269.98248291015625,282.119873046875,291.140869140625,0.0012957139406353,0.008705697953701,0.0121771804988384,-0.1677093505859375,0.0742034912109375,6.2426605224609375,-0.2944793701171875,1.7638702392578125,-0.9336395263671876
2016-10-04,6,1,299.2191772460937,291.9146728515625,2.950912475585937,0.212158203125,0.0,91515.53125,270.56182861328125,282.7110595703125,292.0136108398437,0.0015022852458059,0.0067576877772808,0.0122167095541954,-0.5166778564453125,0.6661529541015625,4.364273071289063,0.8424072265625,4.2167510986328125,0.2650909423828125
2016-10-04,12,2,300.6332397460937,292.1585693359375,1.6937713623046875,-0.661407470703125,0.0,91256.109375,270.1048278808594,282.44390869140625,294.3948669433594,0.0013889914844185,0.0066840909421443,0.0113900676369667,0.4727325439453125,4.318145751953125,5.4732818603515625,-1.0231170654296875,2.81475830078125,-1.3739776611328125
2016-10-04,18,3,296.0282592773437,291.3937683105469,2.2065887451171875,-0.48583984375,0.0,91580.1875,269.595947265625,282.1440734863281,291.85772705078125,0.0013660753611475,0.006132423877716,0.0117307417094707,0.1588134765625,4.1172637939453125,5.4500732421875,-0.1984710693359375,4.809097290039063,-4.404830932617188
2016-10-05,0,0,294.0993347167969,291.6773986816406,2.17529296875,-0.6555023193359375,0.0,91480.125,268.86236572265625,281.4852294921875,291.454345703125,0.0012628175318241,0.0072208605706691,0.009574320167303,0.760650634765625,4.4583282470703125,6.8172454833984375,-1.475189208984375,4.6380615234375,-4.055343627929688
2016-10-05,6,1,299.7850341796875,291.3922119140625,3.1514129638671875,-1.547149658203125,0.0,91495.578125,268.78192138671875,282.56109619140625,291.6560974121094,0.0012778276577591,0.004570122808218,0.0121784582734107,2.669540405273437,4.2525482177734375,4.7131195068359375,-3.19049072265625,0.1187896728515625,-2.46710205078125
2016-10-05,12,2,301.12017822265625,291.8329467773437,1.568634033203125,-0.7974700927734375,0.0,91187.640625,268.9138488769531,282.1756286621094,294.9993896484375,0.0013160831294953,0.0062447972595691,0.0108592975884675,3.79730224609375,4.6625518798828125,4.768081665039063,-4.220718383789063,-1.4847869873046875,-2.9633331298828125
2016-10-05,18,3,295.8558044433594,291.0308837890625,2.414642333984375,-1.2581024169921875,7.75,91508.203125,268.9608154296875,282.119140625,291.6005554199219,0.0010394398123025,0.005995538085699,0.0128029398620128,1.8029022216796875,2.7873687744140625,5.825439453125,-5.1961212158203125,-0.0295562744140625,-5.2895355224609375
2016-10-06,0,0,294.68878173828125,291.570068359375,2.3379364013671875,-0.813140869140625,26.375,91447.8125,268.5947265625,280.5350952148437,291.97039794921875,0.0009112935513257,0.0080355927348136,0.0083258636295795,3.9820556640625,2.310394287109375,6.168182373046875,-6.150299072265625,0.96173095703125,-4.010025024414063
2016-10-06,6,1,300.2235107421875,291.7182922363281,3.227447509765625,-1.0836944580078125,0.0,91511.75,269.2366943359375,282.11865234375,291.891357421875,0.0007990924641489,0.0063645355403423,0.0116351619362831,1.36541748046875,3.4902496337890625,4.8638763427734375,-6.02679443359375,-0.002716064453125,-1.66351318359375
2016-10-06,12,2,300.825927734375,291.5256652832031,1.1573944091796875,-0.7458038330078125,34.625,91251.953125,269.5511474609375,281.1763916015625,294.86724853515625,0.001051579369232,0.0071502774953842,0.011051770299673,0.8254547119140625,4.353851318359375,3.860382080078125,-4.7603759765625,0.7382049560546875,-2.024871826171875
2016-10-06,18,3,295.77655029296875,290.643310546875,2.662261962890625,-1.516082763671875,0.0,91494.828125,269.29498291015625,282.6170654296875,291.3773193359375,0.0014353191945701,0.0052763521671295,0.0117798969149589,0.0549774169921875,0.9911346435546876,6.3851470947265625,-2.505126953125,2.9502105712890625,-6.15338134765625
2016-10-07,0,0,293.4183959960937,290.67352294921875,1.544189453125,-0.7569427490234375,0.0,91454.328125,269.1841735839844,281.8449401855469,291.90679931640625,0.0017707350198179,0.0049075298011302,0.0083363875746726,2.3561553955078125,2.8242340087890625,4.167007446289063,-2.704925537109375,2.1898193359375,-3.4580230712890625
2016-10-07,6,1,299.613525390625,290.39117431640625,2.95172119140625,-0.0851898193359375,0.0,91510.234375,269.6695861816406,284.1771240234375,291.69061279296875,0.0019825054332613,0.0026340147014707,0.011075422167778,1.5996856689453125,1.7808990478515625,4.333755493164063,-3.2743072509765625,-0.005035400390625,-0.104583740234375
2016-10-07,12,2,300.1787109375,291.044677734375,1.73968505859375,0.32318115234375,0.0,91287.3125,270.4769592285156,282.6222839355469,294.6110534667969,0.0021037468686699,0.0041490904986858,0.0104064457118511,1.3047943115234375,2.3079376220703125,4.957275390625,-2.3043365478515625,1.55780029296875,0.6320343017578125
2016-10-07,18,3,295.8297119140625,291.2628479003906,3.0326690673828125,-0.3466339111328125,2.75,91593.03125,270.2206420898437,281.7930908203125,291.34674072265625,0.0019414867274463,0.0058282949030399,0.0123360753059387,1.75958251953125,-1.2240447998046875,7.434188842773437,-0.597900390625,4.8297119140625,-2.761627197265625
2016-10-08,0,0,294.1361694335937,292.0756225585937,2.061492919921875,0.4882659912109375,0.0,91478.875,270.027099609375,281.98883056640625,291.468994140625,0.0013671352062374,0.0048524141311645,0.0113459564745426,4.464111328125,2.487167358398437,7.2496337890625,-0.1146697998046875,1.7884521484375,-0.1241912841796875
2016-10-08,6,1,300.0140991210937,291.58624267578125,3.5041961669921875,0.6788482666015625,0.0,91546.796875,270.2899169921875,282.9051208496094,292.0523681640625,0.0010519390925765,0.0043193586170673,0.01240711286664,4.882614135742188,3.0678253173828125,5.33148193359375,-1.86517333984375,2.535430908203125,1.073455810546875
2016-10-08,12,2,300.98101806640625,290.9037475585937,2.79644775390625,-0.6345977783203125,1.5,91292.109375,270.281982421875,282.14874267578125,294.84991455078125,0.0011330398265272,0.0070694014430046,0.0109468735754489,3.5696563720703125,4.41552734375,6.76190185546875,-1.1030426025390625,1.726318359375,-0.982666015625
2016-10-08,18,3,295.62237548828125,292.2782897949219,3.059677124023437,-0.737579345703125,32.5,91655.015625,270.2298583984375,281.46990966796875,290.96685791015625,0.0011724345386028,0.0084948986768722,0.0120850913226604,3.937835693359375,3.395263671875,9.74517822265625,-1.4601287841796875,-0.6921234130859375,-3.798629760742188
2016-10-09,0,0,294.61895751953125,291.590087890625,2.5981903076171875,-0.0655975341796875,0.0,91500.25,270.045654296875,282.3812866210937,290.6903381347656,0.0013845807407051,0.0078584887087345,0.0115325152873992,5.82598876953125,4.491867065429688,10.511566162109377,-2.463119506835937,-2.53240966796875,-3.9382171630859375
2016-10-09,6,1,300.05078125,291.89923095703125,5.0153350830078125,-1.3078155517578125,0.0,91572.484375,269.4425048828125,283.39849853515625,292.57275390625,0.0017358574550598,0.00734394043684,0.0122703909873962,4.4363555908203125,6.11077880859375,8.43280029296875,-2.8891754150390625,-2.05419921875,-2.377655029296875
2016-10-09,12,2,300.23101806640625,293.40740966796875,3.678985595703125,-0.54876708984375,14.125,91297.5,270.0058288574219,282.9691162109375,293.5811767578125,0.0017541837878525,0.0088884867727756,0.0128140114247798,4.246994018554688,6.6578216552734375,9.2860107421875,-3.869094848632813,-2.9842681884765625,-1.1421051025390625
2016-10-09,18,3,295.17706298828125,292.4317626953125,3.749908447265625,0.0231781005859375,0.375,91595.515625,268.8310546875,283.60699462890625,290.55279541015625,0.0020466558635234,0.0084535526111722,0.0129232332110404,4.1730499267578125,5.1107177734375,10.319625854492188,-4.4456787109375,-2.98358154296875,-2.58905029296875
2016-10-10,0,0,294.9604187011719,292.67791748046875,4.28387451171875,0.2000579833984375,3.25,91438.46875,269.06610107421875,282.9361877441406,289.70245361328125,0.0023279183078557,0.0091455429792404,0.0128427557647228,2.655548095703125,5.720626831054688,10.65960693359375,-4.563446044921875,-1.9739227294921875,-2.4923553466796875
2016-10-10,6,1,299.41064453125,292.3549194335937,4.784225463867188,-1.631134033203125,0.875,91548.859375,269.5394287109375,283.2971496582031,292.53436279296875,0.0027230211999267,0.0087491162121295,0.0126886740326881,2.3308868408203125,5.6903228759765625,8.490768432617188,-1.1497955322265625,-2.7491455078125,-3.158309936523437
2016-10-10,12,2,299.7183837890625,293.30975341796875,3.3258056640625,-0.3810882568359375,7.25,91287.1875,269.6036682128906,283.5563659667969,292.7594299316406,0.0023662217427045,0.0089201964437961,0.0133512262254953,4.621109008789063,4.1102447509765625,8.35089111328125,-2.837188720703125,-5.876617431640625,-1.309326171875
2016-10-10,18,3,295.515869140625,291.9708251953125,2.6649627685546875,-0.0204925537109375,9.375,91513.640625,270.7616882324219,283.13250732421875,291.13232421875,0.0022691076155751,0.009198859333992,0.0134745612740516,2.276473999023437,1.4324798583984375,6.2291259765625,-4.1985931396484375,-3.2745819091796875,-2.129730224609375
2016-10-11,0,0,294.22174072265625,292.0955505371094,2.367828369140625,-0.2549591064453125,15.375,91402.46875,270.1831970214844,282.34649658203125,291.0614624023437,0.0033484806772321,0.0097358301281929,0.0125623792409896,-0.29400634765625,0.7218017578125,6.572174072265625,-1.344207763671875,-1.1283111572265625,-3.783859252929688
2016-10-11,6,1,299.75762939453125,292.6952819824219,3.28558349609375,-0.7494354248046875,89.5,91521.59375,269.0018005371094,282.74298095703125,291.75885009765625,0.0041398592293262,0.0092683024704456,0.0139287635684013,1.0096435546875,2.555999755859375,5.032684326171875,-2.14569091796875,-0.3971710205078125,-1.1818389892578125
2016-10-11,12,2,299.8901672363281,293.133544921875,2.569549560546875,-0.681915283203125,434.75,91296.890625,269.0136413574219,283.2772521972656,293.563720703125,0.0042063519358634,0.0095556490123271,0.0141130983829498,2.634002685546875,3.457855224609375,5.12066650390625,-2.7525634765625,-1.2736053466796875,-1.6178131103515625
2016-10-11,18,3,294.5716552734375,293.17535400390625,1.917755126953125,-0.4691009521484375,152.0,91553.0625,269.3311462402344,283.05633544921875,291.0638122558594,0.0045188888907432,0.0097100846469402,0.0144693441689014,1.085784912109375,2.813873291015625,5.4488372802734375,-3.4499969482421875,-1.0120086669921875,-2.18780517578125
2016-10-12,0,0,295.412109375,293.94842529296875,1.3866729736328125,0.63836669921875,136.0,91443.34375,268.68951416015625,282.04376220703125,291.6179504394531,0.0047935172915458,0.0101036205887794,0.013301558792591,1.5738983154296875,-0.1212005615234375,0.3367767333984375,-5.886566162109375,-1.2774658203125,-2.205673217773437
2016-10-12,6,1,299.41668701171875,294.2398376464844,1.4915008544921875,-0.0937957763671875,556.375,91493.328125,269.81787109375,283.02740478515625,291.2884216308594,0.0041924668475985,0.009692657738924,0.0147705599665641,1.6297454833984375,-0.9037628173828124,0.9074554443359376,-4.87078857421875,0.3926544189453125,-0.8406829833984375
2016-10-12,12,2,299.17706298828125,294.689453125,0.20751953125,0.1520843505859375,840.5,91242.0,269.3616027832031,283.23260498046875,293.61431884765625,0.0040558967739343,0.009790264070034,0.0139952264726161,0.81317138671875,1.2549285888671875,-0.548248291015625,-3.2308807373046875,-1.0865631103515625,-1.2967529296875
2016-10-12,18,3,295.0260314941406,293.75323486328125,1.1535491943359375,-0.390869140625,243.0,91494.28125,269.1001281738281,282.3286437988281,291.5448608398437,0.0040843458846211,0.0098090879619121,0.0142837688326835,0.0611572265625,-0.8798370361328125,-1.5527496337890625,-2.71429443359375,-0.038604736328125,-2.291015625
2016-10-13,0,0,294.6568908691406,293.6871337890625,-0.293975830078125,0.094635009765625,122.375,91441.046875,268.7765197753906,282.55633544921875,291.3109130859375,0.004066739231348,0.0094458721578121,0.013162512332201,2.096664428710937,-2.65313720703125,-4.2542877197265625,-0.586700439453125,-1.690673828125,-1.6990814208984375
2016-10-13,6,1,300.0556945800781,293.1993408203125,-1.9214935302734373,1.0691680908203125,67.375,91565.890625,268.9535522460937,282.0361328125,291.8276672363281,0.0035634350497275,0.0097579061985015,0.0124122984707355,2.3276519775390625,-3.685302734375,-4.6776275634765625,-0.8441009521484375,0.26318359375,1.4767608642578125
2016-10-13,12,2,299.60076904296875,292.685546875,-0.860076904296875,-0.0765838623046875,54.125,91285.65625,268.60089111328125,283.117919921875,294.0460205078125,0.0028861148748546,0.0093598887324333,0.0125784464180469,2.53155517578125,-0.0609283447265625,-3.547271728515625,-1.2520599365234375,-2.4978179931640625,-1.4311676025390625
2016-10-13,18,3,296.44146728515625,292.865478515625,-0.146942138671875,-0.3463287353515625,182.875,91515.59375,269.5873413085937,281.0501708984375,293.2597045898437,0.0007800462190061,0.0086605697870254,0.0122377350926399,0.43756103515625,-5.384246826171875,-2.116363525390625,-2.12896728515625,-5.157135009765625,-1.6938934326171875
2016-10-14,0,0,294.2899780273437,292.0400695800781,-1.4291534423828125,-0.0731048583984375,32.375,91417.015625,269.7745056152344,282.0353698730469,290.97100830078125,0.0005198090802878,0.0086835622787475,0.0120601207017898,2.5420074462890625,0.54400634765625,-6.444107055664063,-1.5546112060546875,0.42724609375,1.27984619140625
2016-10-14,6,1,301.112548828125,289.68359375,-2.761474609375,-1.3625030517578125,0.0,91598.390625,269.8623046875,281.44610595703125,292.81121826171875,0.0003997466992586,0.0083606429398059,0.010568331927061,0.5373077392578125,-0.0908355712890625,-4.2803802490234375,-1.452178955078125,-1.092864990234375,-2.34515380859375
2016-10-14,12,2,300.82666015625,294.2073974609375,0.7394866943359375,-1.262786865234375,15.375,91323.234375,270.60040283203125,280.96588134765625,295.217041015625,0.0002531170612201,0.0062098577618598,0.0093022584915161,0.3953399658203125,-1.2289581298828125,-0.5336456298828125,2.1060333251953125,-2.83660888671875,-3.94207763671875
2016-10-14,18,3,295.6361694335937,289.222900390625,-2.07257080078125,-1.4999237060546875,0.0,91589.125,270.4027709960937,280.0653076171875,293.73834228515625,0.0003920698072761,0.0064610838890075,0.0087129697203636,-1.3721466064453125,-3.0675811767578125,-7.647323608398437,-0.2066802978515625,1.233245849609375,-4.849578857421875
2016-10-15,0,0,294.4843139648437,291.6221923828125,-1.8453826904296875,-0.9799957275390624,13.0,91517.828125,270.304931640625,284.6312866210937,290.6376037597656,0.0008521431591361,0.0014231749810278,0.0117388740181922,-1.0130615234375,2.333221435546875,-4.9132843017578125,0.328948974609375,-1.1763458251953125,-0.98345947265625
2016-10-15,6,1,300.4332275390625,289.68475341796875,-1.8734588623046875,-1.416412353515625,0.0,91606.828125,270.1991577148437,283.6578063964844,292.31378173828125,0.001462162239477,0.0013236080994829,0.0098964571952819,-3.53509521484375,0.2674102783203125,-2.6836395263671875,2.25579833984375,-2.5903472900390625,-2.1318511962890625
2016-10-15,12,2,300.6502685546875,292.8324279785156,0.9162139892578124,-1.421661376953125,0.0,91346.03125,270.4798583984375,281.1763000488281,295.0897216796875,0.0018383965361863,0.0039944550953805,0.0079422779381275,-3.44219970703125,-1.4754486083984375,0.074371337890625,0.6186676025390625,-2.4422760009765625,-2.6469268798828125
2016-10-15,18,3,294.09014892578125,284.8744506835937,-1.2902984619140625,-1.8773345947265625,0.0,91638.1875,269.668212890625,279.4390869140625,294.2343139648437,0.0020122667774558,0.0065492875874042,0.0065988339483737,-5.419189453125,-3.7713623046875,-3.637603759765625,-0.550018310546875,0.3112640380859375,-5.723419189453125
2016-10-16,0,0,292.5939025878906,289.0340576171875,-1.5634613037109375,-1.1929779052734375,2.375,91536.796875,269.1373291015625,284.2626342773437,290.859130859375,0.0030963995959609,0.0007327140774577,0.0095204710960388,-5.36224365234375,2.3988494873046875,-2.93505859375,-1.416168212890625,-2.328094482421875,-2.218612670898437
2016-10-16,6,1,300.41864013671875,290.1551208496094,-1.601287841796875,-1.3363800048828125,0.0,91651.546875,269.7076416015625,284.102783203125,292.07891845703125,0.0024728041607886,0.002069977344945,0.0101423598825931,-7.06085205078125,2.209701538085937,-2.2041015625,-0.7131195068359375,-1.838623046875,-2.1645050048828125
2016-10-16,12,2,300.09832763671875,291.9654541015625,1.0549468994140625,-1.34326171875,0.0,91385.953125,269.8973999023437,281.7417907714844,295.0062255859375,0.0021418430842459,0.0046001048758625,0.0080296397209167,-6.771697998046875,-1.3068695068359375,0.393035888671875,-0.337860107421875,-3.376312255859375,-3.8237152099609375
2016-10-16,18,3,294.2266845703125,285.7439270019531,-1.3119049072265625,-2.3294219970703125,0.0,91611.9375,268.7989501953125,281.7484130859375,294.0424499511719,0.0023652480449527,0.0048379488289356,0.0074114613234996,-5.8934478759765625,1.0877532958984375,-5.477951049804688,-2.2961578369140625,1.881866455078125,-6.525970458984375
2016-10-17,0,0,292.9761962890625,288.15673828125,-1.3525543212890625,-1.0554656982421875,0.0,91451.8125,269.0214233398437,284.21563720703125,291.015625,0.0019202332478016,0.0054733157157897,0.0096959136426448,-5.475341796875,4.7629241943359375,-3.105987548828125,-2.74542236328125,-3.3121337890625,-1.400848388671875
2016-10-17,6,1,300.2993469238281,288.85357666015625,-0.5980987548828125,-1.1997833251953125,0.0,91558.0625,269.776611328125,284.9412841796875,292.352783203125,0.0011628824286162,0.0030497829429805,0.0097904503345489,-7.27783203125,1.894866943359375,-0.8355865478515625,-2.1502227783203125,-3.55609130859375,-1.8242645263671875
2016-10-17,12,2,300.6278076171875,289.04376220703125,1.59942626953125,-0.8529815673828125,0.0,91326.75,270.0204467773437,280.69635009765625,294.7257080078125,0.0012033556122332,0.005871295928955,0.0089078992605209,-3.851119995117188,-0.045013427734375,3.3392791748046875,-2.81817626953125,-2.9519500732421875,-3.218536376953125
2016-10-17,18,3,295.28350830078125,286.81268310546875,1.5540924072265625,-2.95208740234375,0.0,91572.125,269.571533203125,281.2579345703125,293.81207275390625,0.0008463701233267,0.0051779821515083,0.0081406608223915,-5.9878692626953125,-2.69708251953125,2.7071075439453125,-4.137496948242188,3.0376434326171875,-8.138351440429688
2016-10-18,0,0,294.33758544921875,286.0258178710937,-1.102996826171875,-2.07769775390625,0.0,91401.46875,271.20294189453125,284.9974060058594,291.590576171875,0.0005485215224325,0.0022405094932764,0.0088193118572235,-9.228515625,4.050338745117188,-2.03857421875,-2.4922637939453125,-1.878326416015625,-7.328826904296875
2016-10-18,6,1,300.9960632324219,288.1134948730469,-0.7185211181640625,-2.306747436523437,0.0,91512.09375,271.02685546875,285.336181640625,292.9703063964844,0.0005970881320536,0.0022370431106537,0.0097104981541633,-9.980377197265623,0.9470977783203124,-1.1539154052734375,-2.9520721435546875,-1.7506561279296875,-3.353378295898437
2016-10-18,12,2,300.8079833984375,289.23797607421875,1.648773193359375,-1.1798248291015625,7.25,91208.28125,271.66436767578125,279.79754638671875,294.8020324707031,0.00031807878986,0.0078595019876956,0.0087676122784614,-7.78033447265625,-3.724411010742188,2.8799285888671875,-4.24462890625,-1.9022369384765625,-3.873367309570313
2016-10-18,18,3,295.91943359375,286.88299560546875,0.3568572998046875,-2.049560546875,0.0,91474.6875,269.3773803710937,280.529296875,294.323486328125,0.0005190991796553,0.0072655230760574,0.0081658288836479,-6.692535400390625,-3.576034545898437,-0.663177490234375,-3.872955322265625,2.886688232421875,-6.1470794677734375
2016-10-19,0,0,294.45135498046875,286.5611572265625,-1.0621795654296875,-1.4161834716796875,0.0,91348.890625,270.58251953125,283.62017822265625,291.9660949707031,0.0001264107704628,0.0046805813908576,0.0084899812936782,-7.1004180908203125,-1.222991943359375,-2.09771728515625,-4.444610595703125,0.031951904296875,-4.1988677978515625
2016-10-19,6,1,300.95367431640625,287.6868896484375,0.237823486328125,-1.72503662109375,0.0,91433.0,270.43328857421875,283.99365234375,293.29742431640625,7.276372343767434e-05,0.0049301646649837,0.0092389546334743,-7.605331420898437,-1.25189208984375,0.21343994140625,-3.056015014648437,2.4835968017578125,-2.4182281494140625
2016-10-19,12,2,300.9577941894531,289.815185546875,1.101409912109375,-1.1002349853515625,0.0,91190.84375,270.70245361328125,281.06884765625,295.17724609375,7.010505942162126e-05,0.0069885067641735,0.0093427933752536,-5.0186309814453125,-1.0954132080078125,2.0687713623046875,-3.050048828125,-0.1363067626953125,-3.56304931640625
2016-10-19,18,3,296.05670166015625,287.213623046875,-0.3945159912109375,-2.1847381591796875,0.0,91338.296875,271.1842041015625,280.2965393066406,294.7421264648437,8.420985250268131e-05,0.0069763176143169,0.0084809744730591,-5.6815185546875,-0.8049163818359375,0.063262939453125,-3.871185302734375,3.788238525390625,-5.45782470703125
2016-10-20,0,0,294.4159851074219,285.61480712890625,-1.246673583984375,-1.026397705078125,0.0,91236.359375,271.514404296875,281.0992126464844,292.116943359375,9.636572212912142e-05,0.005651269108057,0.0087210647761821,-4.5712890625,3.9728851318359375,-3.4675750732421875,-3.9508209228515625,0.6417083740234375,-4.682540893554688
2016-10-20,6,1,300.980712890625,288.1029968261719,0.1825714111328125,-1.9404296875,0.0,91350.296875,271.1708679199219,282.7130126953125,293.3487243652344,0.0001038143964251,0.0035056446213275,0.0096425451338291,-4.604034423828125,2.6032867431640625,0.114410400390625,-4.050018310546875,-0.9906463623046876,-2.668075561523437
2016-10-20,12,2,301.0316162109375,288.60455322265625,1.0871734619140625,-1.218017578125,0.0,91128.140625,270.71246337890625,280.32928466796875,295.5729064941406,0.0001237819524249,0.0058265291154384,0.008486833423376,-4.133026123046875,-0.944488525390625,1.476715087890625,-2.2744598388671875,-1.4844512939453125,-3.5638580322265625
2016-10-20,18,3,295.66607666015625,285.82147216796875,-0.42889404296875,-2.3136138916015625,0.0,91328.703125,270.01483154296875,280.119140625,294.5511474609375,0.0001073245948646,0.0053524784743785,0.0076040662825107,-5.909515380859375,1.04608154296875,-2.0586700439453125,-0.517578125,3.2505340576171875,-6.233673095703125
2016-10-21,0,0,294.31121826171875,284.9984436035156,-1.64166259765625,-1.3498687744140625,0.0,91286.640625,269.4706420898437,280.87847900390625,291.57830810546875,0.0002101217978633,0.0059626884758472,0.00906603038311,-4.019577026367188,6.952850341796875,-4.191329956054688,-1.8532257080078125,1.529052734375,-3.36590576171875
2016-10-21,6,1,301.199462890625,287.21746826171875,0.137847900390625,-2.1350555419921875,0.0,91410.0,269.2201232910156,282.00262451171875,293.06353759765625,0.0002495688386261,0.0052449479699134,0.0090548656880855,-6.228912353515625,6.1249847412109375,0.1352081298828125,-1.530517578125,2.3805389404296875,-3.03741455078125
2016-10-21,12,2,300.76483154296875,287.68389892578125,1.301788330078125,-1.205322265625,0.0,91256.734375,269.8638000488281,280.310791015625,294.8104858398437,0.0001539374497951,0.0060074776411056,0.0080536231398582,-6.154632568359375,0.7853851318359375,2.793975830078125,-2.098861694335937,0.6924591064453125,-3.492218017578125
2016-10-21,18,3,295.1222229003906,286.0552978515625,-0.9165496826171876,-1.0711517333984375,1.0,91475.0625,269.73370361328125,279.5626220703125,294.33892822265625,0.0001662128779571,0.0071441493928432,0.0065520778298377,-6.8357696533203125,0.7592926025390625,-0.29132080078125,-1.4907073974609375,2.407562255859375,-6.2425537109375
2016-10-22,0,0,293.0535888671875,284.3065795898437,-0.9381866455078124,-1.5595245361328125,0.0,91433.765625,269.2020263671875,283.0980834960937,291.29302978515625,0.0012595036532729,0.0024826864246279,0.0075368173420429,-9.170669555664062,4.032379150390625,-3.548675537109375,-2.53070068359375,-1.2017669677734375,-5.55517578125
2016-10-22,6,1,301.10107421875,285.30743408203125,0.7847747802734375,-2.1475982666015625,0.0,91544.6875,269.1552124023437,282.5640869140625,292.8866577148437,0.0005698520690202,0.0029420950450003,0.00826982781291,-10.18377685546875,3.57293701171875,1.0193939208984375,-4.7596435546875,0.8292694091796875,-3.0794677734375
2016-10-22,12,2,300.3472900390625,286.7807006835937,1.1856536865234375,-0.7803497314453125,2.125,91367.4375,268.9503479003906,280.13653564453125,294.8421325683594,0.0004177442751824,0.0061397813260555,0.0080929845571517,-7.560470581054687,0.4234466552734375,2.343841552734375,-3.622283935546875,-1.714324951171875,-2.7380523681640625
2016-10-22,18,3,295.8303527832031,284.6484375,0.713287353515625,-2.6588134765625,1.125,91570.703125,269.3447265625,279.97296142578125,294.36865234375,0.0002996067050844,0.0068500041961669,0.0068784020841121,-9.52587890625,-0.7415008544921875,0.251708984375,-4.501235961914063,4.006988525390625,-7.418106079101562
2016-10-23,0,0,292.72003173828125,283.062744140625,-1.301544189453125,-1.736419677734375,0.0,91525.40625,269.0444641113281,281.69952392578125,291.3895874023437,0.000275554601103,0.0065791234374046,0.0076589062809944,-9.844818115234377,7.811553955078125,-4.633316040039063,-2.9346466064453125,0.837127685546875,-5.70904541015625
2016-10-23,6,1,300.7933044433594,285.091796875,0.0140838623046875,-2.5355224609375,0.0,91630.515625,269.0374755859375,281.6463623046875,292.75421142578125,0.0003007992636412,0.0071148946881294,0.008430041372776,-8.740753173828125,6.857391357421875,-0.1441192626953125,-1.9757537841796875,-0.4398956298828125,-3.66314697265625
2016-10-23,12,2,300.6531982421875,286.96099853515625,1.272552490234375,-0.639007568359375,0.0,91416.84375,268.61505126953125,280.92291259765625,294.0748291015625,0.000289570307359,0.0060838982462882,0.0082266665995121,-5.927276611328125,1.8787689208984373,2.7514190673828125,-4.5160064697265625,-3.72882080078125,-2.5609130859375
2016-10-23,18,3,295.6693725585937,285.28448486328125,1.2081451416015625,-1.7629852294921875,0.0,91593.75,268.5159912109375,278.99578857421875,294.1136779785156,0.0002889058087021,0.0055156536400318,0.0074126347899436,-6.5225830078125,2.0615234375,2.072860717773437,-4.335601806640625,-1.4217071533203125,-4.219818115234375
2016-10-24,0,0,292.2679138183594,284.4071044921875,-0.346954345703125,-1.8029327392578125,0.0,91535.90625,268.18658447265625,281.298095703125,291.1161499023437,0.0002630234230309,0.0031326194293797,0.0078418962657451,-5.246307373046875,5.419403076171875,-3.816207885742188,-2.609100341796875,-1.751434326171875,-6.752975463867188
2016-10-24,6,1,301.0194091796875,285.4328308105469,0.3193511962890625,-2.357772827148437,0.0,91620.1875,269.1334533691406,281.1142883300781,292.7091369628906,0.0002217889850726,0.0055903121829032,0.0084053091704845,-6.013916015625,7.518341064453125,0.115142822265625,-2.21124267578125,-0.861083984375,-3.537017822265625
2016-10-24,12,2,300.1109313964844,287.0580444335937,1.259552001953125,-1.0135345458984375,0.0,91337.8125,268.82861328125,279.65850830078125,295.05328369140625,0.0001463604421587,0.006830908358097,0.0081502646207809,-6.8202667236328125,0.4186859130859375,2.73101806640625,-2.7527008056640625,-2.5010986328125,-4.0358734130859375
2016-10-24,18,3,295.8427429199219,287.48065185546875,0.22137451171875,-2.0691070556640625,9.75,91515.3125,269.3635559082031,279.10516357421875,294.1933898925781,0.0001541740493848,0.0071228183805942,0.0078584998846054,-10.575820922851562,1.6798248291015625,0.5312347412109375,-1.513031005859375,-0.5901031494140625,-3.84124755859375
2016-10-25,0,0,293.3136901855469,285.7449645996094,-1.145416259765625,-1.38751220703125,0.0,91422.671875,269.1629638671875,278.9396057128906,290.9613647460937,0.0002097256365232,0.0058962889015674,0.0086144842207431,-8.698333740234375,2.387237548828125,-1.935333251953125,-1.5229339599609375,-4.420257568359375,-1.7795562744140625
2016-10-25,6,1,301.08251953125,287.0735168457031,-0.438140869140625,-2.5582733154296875,0.75,91557.359375,269.0028076171875,281.1737670898437,292.59930419921875,0.0002072296338155,0.0025995527394115,0.0091664083302021,-8.181137084960938,0.4683685302734375,-0.62322998046875,-4.639190673828125,-1.4951171875,-3.743362426757813
2016-10-25,12,2,299.98455810546875,288.80499267578125,0.754638671875,-1.4930877685546875,0.0,91251.046875,269.55780029296875,280.005126953125,294.6395568847656,0.0003258396172896,0.0056663788855075,0.00813739746809,-9.289260864257812,-0.6669769287109375,0.4104461669921875,-5.56597900390625,-2.942977905273437,-3.4377899169921875
2016-10-25,18,3,295.16162109375,286.1268920898437,-0.6785736083984375,-1.541839599609375,0.0,91478.46875,269.6781311035156,279.11590576171875,294.22613525390625,0.0002810126170516,0.0062137395143508,0.0073850154876708,-12.517669677734377,-0.8116455078125,-2.044677734375,-5.920089721679688,-0.5042572021484375,-3.717086791992188
2016-10-26,0,0,292.5345764160156,285.57098388671875,-1.59906005859375,-0.5082550048828125,0.0,91359.25,269.96875,282.4156494140625,290.6957397460937,0.0001738336286507,0.0028239346574991,0.0089575760066509,-11.282501220703123,-2.252182006835937,-5.028579711914063,-0.8879852294921875,-2.4112091064453125,-1.834869384765625
2016-10-26,6,1,301.0112609863281,286.68017578125,-0.9546661376953124,-2.2253570556640625,0.0,91542.890625,269.4765625,282.0140380859375,292.8543395996094,0.000291887903586,0.0027732637245208,0.0088627859950065,-11.58245849609375,-3.2979888916015625,-1.3579864501953125,-1.651123046875,-0.2409210205078125,-3.179428100585937
2016-10-26,12,2,301.1529541015625,289.6546630859375,0.3868408203125,-1.6268157958984375,0.0,91293.5625,269.3739929199219,282.49468994140625,294.909912109375,0.0001292764063691,0.004434494767338,0.0080432258546352,-11.813507080078123,-4.7513275146484375,-0.6147918701171875,-8.436431884765625,-0.343841552734375,-2.6137237548828125
2016-10-26,18,3,296.04833984375,284.739990234375,-0.866180419921875,-1.909881591796875,0.0,91583.796875,269.54931640625,278.6195678710937,293.8076477050781,0.0001188931637443,0.0073722712695598,0.0074970237910747,-15.222427368164062,-3.2615509033203125,-3.5064849853515625,-11.619659423828123,2.6441192626953125,-6.327392578125
2016-10-27,0,0,293.86041259765625,286.7320556640625,-1.437164306640625,-1.1260833740234375,0.0,91508.34375,269.1551513671875,284.5884704589844,290.71710205078125,0.0001934184110723,0.0010162645485252,0.0091066695749759,-13.680343627929688,-4.003997802734375,-5.30560302734375,-13.452728271484377,1.736968994140625,-3.2286834716796875
2016-10-27,6,1,300.5781555175781,287.4464416503906,-0.988494873046875,-1.925872802734375,0.0,91679.8125,268.9139404296875,283.9717712402344,292.341552734375,0.0022478993050754,0.0011519009713083,0.0094477497041225,-15.23382568359375,-3.5262451171875,-1.321441650390625,-12.083694458007812,-1.1370086669921875,-2.8331298828125
2016-10-27,12,2,301.0982360839844,291.023681640625,0.813751220703125,-1.6413421630859375,0.0,91408.0,268.2702941894531,284.38702392578125,294.3621520996094,0.0041661001741886,0.0003103758208453,0.0084852017462253,-12.83203125,-3.150619506835937,0.4620361328125,-6.71148681640625,-4.40203857421875,-3.866607666015625
2016-10-27,18,3,294.98046875,287.86968994140625,-0.020111083984375,-1.671539306640625,0.0,91605.390625,270.3736572265625,282.0367736816406,294.286376953125,0.0015815594233572,0.0036937838885933,0.0076604299247264,-11.037139892578123,-2.4973907470703125,-2.5272369384765625,-5.290740966796875,-3.16839599609375,-6.213775634765625
2016-10-28,0,0,294.5619812011719,284.94305419921875,-1.079925537109375,-2.29931640625,0.0,91521.84375,270.2356872558594,283.5870056152344,291.7847900390625,0.0012888587079942,0.0070775337517261,0.0079535618424415,-10.609527587890623,-2.05804443359375,-3.4055938720703125,-2.2485504150390625,-3.62298583984375,-7.3887176513671875
2016-10-28,6,1,301.48590087890625,286.0261535644531,0.117095947265625,-2.0352935791015625,0.0,91610.578125,270.0462951660156,283.291259765625,292.738037109375,0.0009541960898786,0.00817147269845,0.0088055692613124,-5.7913665771484375,-4.384307861328125,0.119140625,0.751251220703125,-2.87451171875,-2.7666015625
2016-10-28,12,2,301.3450622558594,287.64031982421875,1.1728515625,-1.2103271484375,0.0,91344.515625,269.69891357421875,282.54541015625,295.2611694335937,0.0010388114023953,0.0071467608213424,0.0086005851626396,-4.4185638427734375,-0.1530609130859375,1.283111572265625,-1.75396728515625,-0.9621124267578124,-3.12176513671875
2016-10-28,18,3,297.0245666503906,285.73638916015625,1.1864776611328125,-1.7132720947265625,2.25,91548.203125,269.9978332519531,280.5728454589844,295.15771484375,0.0008729007095098,0.0071989186108112,0.0074975490570068,-2.6483306884765625,0.1591796875,0.935272216796875,-1.4990234375,2.43011474609375,-4.460006713867188
2016-10-29,0,0,293.8115234375,284.10693359375,0.892822265625,-1.37652587890625,0.0,91439.015625,269.5468139648437,283.03662109375,292.23388671875,0.0008240020833909,0.0074009969830513,0.0081995092332363,-2.0078277587890625,3.664352416992188,-1.1263427734375,1.1110382080078125,-1.915069580078125,-4.819839477539063
2016-10-29,6,1,302.18927001953125,287.8183288574219,0.5757293701171875,-1.5044097900390625,0.0,91582.671875,269.30743408203125,283.13201904296875,293.4416809082031,0.0008032608311623,0.0060047768056392,0.0098466128110885,0.2779998779296875,-0.3387451171875,0.50225830078125,1.1099853515625,-2.967041015625,-2.4245758056640625
2016-10-29,12,2,303.0668029785156,287.44561767578125,-0.106781005859375,-2.156463623046875,0.0,91330.4375,269.565673828125,281.6771240234375,295.644287109375,0.0006539721507579,0.0084386467933654,0.0100614577531814,-0.440399169921875,-1.193450927734375,0.093170166015625,-1.6166229248046875,-1.3687896728515625,-4.1488800048828125
2016-10-29,18,3,297.4806213378906,292.10369873046875,-2.8744659423828125,-1.987640380859375,143.75,91551.703125,270.10125732421875,281.0230712890625,292.84503173828125,0.0006112100090831,0.0089013315737247,0.0124690122902393,1.50250244140625,1.9476470947265625,-4.926422119140625,-2.897918701171875,1.1700592041015625,-5.1182861328125
2016-10-30,0,0,296.5670166015625,291.576416015625,-0.4286956787109375,-0.374664306640625,92.75,91501.578125,268.7562866210937,281.85955810546875,290.6424560546875,0.0009039160795509,0.0084178932011127,0.0133481584489345,-1.3108673095703125,-2.4603729248046875,-3.7877044677734375,-2.4548797607421875,-3.910812377929688,-1.8619384765625
2016-10-30,6,1,300.6839904785156,291.3070373535156,-2.4106903076171875,-1.9014129638671875,5.375,91612.78125,268.48162841796875,282.7564697265625,293.08856201171875,0.0013523395173251,0.0077321305871009,0.012281771749258,-4.538818359375,-3.8674163818359375,-3.586639404296875,-1.66522216796875,-2.670745849609375,-2.7708892822265625
2016-10-30,12,2,301.208740234375,290.6550598144531,-3.211944580078125,-0.505126953125,7.25,91360.75,268.95263671875,282.6674194335937,293.93463134765625,0.0011550711933523,0.0081675946712493,0.0123514011502265,-3.33917236328125,-2.7738800048828125,-6.06219482421875,0.3502044677734375,-4.199966430664063,-2.471282958984375
2016-10-30,18,3,296.17584228515625,292.7013854980469,-3.166000366210937,-0.1041259765625,250.875,91669.09375,268.1918334960937,282.3114013671875,291.9619445800781,0.0019927385728806,0.0077774301171302,0.0126422196626663,-4.0486907958984375,-4.2534942626953125,-8.128692626953125,0.9665069580078124,-3.417694091796875,-2.3076171875
2016-10-31,0,0,295.35504150390625,292.4967041015625,-2.4200897216796875,-0.265838623046875,66.25,91626.859375,267.8794860839844,282.2579345703125,291.025390625,0.0024874343071132,0.0076375715434551,0.0118683613836765,-1.9351043701171875,-5.387725830078125,-8.410171508789062,1.909393310546875,-2.903793334960937,-0.4243621826171875
2016-10-31,6,1,300.70623779296875,291.2338256835937,-3.412139892578125,-0.602325439453125,53.625,91805.4375,267.6081848144531,282.1556701660156,291.4633178710937,0.0033473200164735,0.0086881183087825,0.0131837129592895,-3.774749755859375,-5.4782257080078125,-5.144561767578125,1.5125732421875,-0.647979736328125,-0.8604278564453125
2016-10-31,12,2,300.9030456542969,290.9360656738281,-2.8430633544921875,-2.03106689453125,20.625,91535.328125,267.6942138671875,282.7427062988281,293.72564697265625,0.0023351367563009,0.0080799907445907,0.012542687356472,-3.289276123046875,-3.2611236572265625,-6.3082122802734375,-0.8233184814453125,-2.6199951171875,-2.9539947509765625
2016-10-31,18,3,296.30810546875,292.23974609375,-2.361297607421875,-0.3843994140625,173.125,91781.609375,267.87091064453125,282.36578369140625,290.6571960449219,0.0022200597450137,0.007899422198534,0.0142986141145229,-3.23321533203125,-3.899856567382813,-7.6223297119140625,0.6203765869140625,-3.302154541015625,-2.2009429931640625
2016-11-01,0,0,296.0872802734375,292.99237060546875,-1.734161376953125,-0.9747467041015624,2.125,91614.328125,268.01690673828125,282.4891967773437,290.31353759765625,0.0028147990815341,0.0076589211821556,0.0123510099947452,-1.522216796875,-5.0362091064453125,-7.166717529296875,-1.304534912109375,-3.5805206298828125,-1.897613525390625
2016-11-01,6,1,301.184814453125,290.444091796875,-3.908966064453125,-1.6915283203125,0.0,91675.421875,268.4438171386719,282.4721069335937,292.27685546875,0.0025722680147737,0.0086350813508033,0.0125660300254821,-3.094329833984375,-6.6498565673828125,-5.887969970703125,-2.203033447265625,-1.9889984130859373,-2.4883575439453125
2016-11-01,12,2,298.1815490722656,293.48553466796875,-1.534393310546875,-1.8172607421875,121.75,91503.171875,267.7859802246094,282.1212158203125,292.2357788085937,0.0036666861269623,0.0089211128652095,0.0128402113914489,-4.176239013671875,-4.61273193359375,-6.2063751220703125,-3.1610565185546875,-0.5176239013671875,-2.071029663085937
2016-11-01,18,3,295.47479248046875,292.3568115234375,-2.3696441650390625,-0.4582366943359375,94.75,91752.828125,268.23052978515625,281.8500061035156,290.5408935546875,0.0026359111070632,0.008155021816492,0.0135063044726848,-3.958450317382813,-4.740753173828125,-7.497833251953125,-2.25457763671875,-2.71832275390625,-1.324188232421875
2016-11-02,0,0,294.3527526855469,292.0544128417969,-1.6323089599609375,-1.31549072265625,0.0,91595.28125,268.2266845703125,282.1051025390625,291.2596130371094,0.0024215127341449,0.0074678026139736,0.0105631873011589,-3.99847412109375,-5.52276611328125,-7.5062255859375,-3.626068115234375,-1.7296142578125,-3.883224487304688
2016-11-02,6,1,300.4007263183594,290.5481262207031,-3.838134765625,-2.1721649169921875,0.0,91644.5,268.0877685546875,282.3052978515625,292.5814819335937,0.0022440662141889,0.0085011236369609,0.011664692312479,-5.1944427490234375,-6.164810180664063,-5.8256683349609375,-3.327255249023437,-0.92193603515625,-3.2596588134765625
2016-11-02,12,2,298.8182983398437,292.38140869140625,-2.1588592529296875,-1.5881195068359375,2.875,91421.625,267.8718566894531,282.5937805175781,292.881591796875,0.0022460587788373,0.0088555887341499,0.0125812850892543,-4.0635986328125,-2.723388671875,-4.30670166015625,-2.249542236328125,-2.915863037109375,-4.3688812255859375
2016-11-02,18,3,295.6725158691406,291.6987609863281,-2.1428375244140625,-1.280426025390625,7.375,91675.1875,268.43243408203125,282.32586669921875,291.652587890625,0.0014705159701406,0.0079634152352809,0.0120988003909587,-3.5216217041015625,-3.251373291015625,-7.346542358398437,-2.787139892578125,-4.354415893554688,-5.640716552734375
2016-11-03,0,0,295.2407531738281,292.5992736816406,-1.832305908203125,-1.1881866455078125,58.75,91587.65625,269.0287475585937,281.62615966796875,291.0714111328125,0.0007398028392344,0.0083917789161205,0.0120588913559913,-1.7423858642578125,-2.891815185546875,-9.088836669921877,-4.10870361328125,-3.7440338134765625,-6.3953857421875
2016-11-03,6,1,301.79248046875,290.6382141113281,-2.246200561523437,-3.147079467773437,0.0,91632.40625,268.0413513183594,282.65655517578125,293.27886962890625,0.000206653465284,0.0075566619634628,0.0115851983428001,-2.8649444580078125,-2.6790008544921875,-3.580963134765625,-6.0028839111328125,-4.3081817626953125,-4.650314331054688
2016-11-03,12,2,301.9024353027344,289.8218688964844,-1.8927154541015625,-1.9506988525390625,0.0,91395.84375,268.4163818359375,282.4385070800781,294.6898498535156,0.000235617684666,0.0074342302978038,0.0114063024520874,-2.88592529296875,0.6085357666015625,-4.2894439697265625,-7.637802124023437,-4.2745361328125,-4.804458618164063
2016-11-03,18,3,295.9608154296875,291.0376892089844,-1.5825042724609375,-0.8320159912109375,0.0,91634.09375,269.04742431640625,281.8667297363281,292.4894714355469,0.000261953799054,0.006298191845417,0.0121486857533454,-2.563446044921875,2.6184234619140625,-3.459701538085937,-3.2942657470703125,-4.56610107421875,-5.57086181640625
2016-11-04,0,0,295.3612060546875,291.49755859375,-1.0650482177734375,-1.4629364013671875,6.0,91462.421875,268.69873046875,281.1964111328125,291.6171264648437,0.0002531561767682,0.0056506283581256,0.0114129111170768,0.55621337890625,4.879638671875,-2.6300506591796875,-1.0694732666015625,-2.388168334960937,-6.362274169921875
2016-11-04,6,1,301.9647827148437,289.5632019042969,1.673431396484375,-3.159210205078125,0.625,91534.15625,269.14727783203125,283.6192626953125,293.1029663085937,0.0002080813719658,0.0015106031205505,0.0110358819365501,2.7460174560546875,4.1192169189453125,2.468841552734375,-0.883148193359375,-4.8665924072265625,-4.6217041015625
2016-11-04,12,2,302.1759948730469,287.90850830078125,0.97686767578125,-1.3830108642578125,0.0,91286.625,269.0422058105469,280.9141845703125,295.6112670898437,9.589569526724516e-05,0.0048000938259065,0.009106658399105,3.530242919921875,3.3392486572265625,2.833847045898437,-4.2657470703125,-4.6717681884765625,-4.401153564453125
2016-11-04,18,3,295.6822814941406,287.8074645996094,0.51434326171875,-1.7646942138671875,0.0,91466.765625,270.3056640625,279.907470703125,294.4432373046875,0.0001007690298138,0.0053355060517787,0.0090168006718158,-0.3686676025390625,4.136474609375,1.4466400146484375,-5.341888427734375,-1.2171478271484375,-6.1751708984375
2016-11-05,0,0,294.218994140625,288.3197631835937,1.312286376953125,-1.6117401123046875,5.75,91372.75,270.01031494140625,281.5660705566406,292.1667785644531,9.27755027078092e-05,0.0038488062564283,0.0090255215764045,-3.5511627197265625,8.8565673828125,4.336273193359375,-6.4940948486328125,-2.7013702392578125,-8.320968627929688
2016-11-05,6,1,301.16064453125,286.473876953125,1.9608306884765625,-3.09454345703125,0.0,91512.203125,269.4581298828125,283.299560546875,292.92828369140625,0.0002180736482841,0.000941842328757,0.0087179914116859,-3.1525115966796875,9.663604736328123,3.041473388671875,-6.506195068359375,-2.1938629150390625,-4.395721435546875
2016-11-05,12,2,300.98663330078125,285.9073181152344,1.48089599609375,-1.0538330078125,0.0,91279.96875,269.762939453125,280.52178955078125,295.1478881835937,0.0002905789297074,0.0049098208546638,0.0074108839035034,-2.5126190185546875,5.237518310546875,3.5196075439453125,-7.849472045898437,-2.3194732666015625,-2.827545166015625
2016-11-05,18,3,294.9354553222656,283.2943725585937,0.63934326171875,-2.079681396484375,0.0,91480.796875,270.41339111328125,280.0383605957031,294.32476806640625,0.0002176025009248,0.0029492184985429,0.0068279542028903,-4.8226165771484375,-0.248382568359375,0.926971435546875,-5.6197357177734375,-0.0739593505859375,-2.46563720703125
2016-11-06,0,0,293.43341064453125,285.65789794921875,0.78240966796875,-1.5739898681640625,0.0,91422.328125,270.1827697753906,283.2088623046875,291.48199462890625,0.0001986317074624,0.001003956887871,0.0075297728180885,-2.7601318359375,5.012603759765625,-1.3423309326171875,-4.088882446289063,-0.931640625,-6.4594268798828125
2016-11-06,6,1,301.1251220703125,286.0945129394531,-0.3962249755859375,-1.5703887939453125,0.0,91601.734375,270.50103759765625,281.4744567871094,292.446044921875,0.0001931809092639,0.0017217774875462,0.0080953687429428,-1.8178253173828125,5.191864013671875,-0.658538818359375,-6.517745971679688,1.1249542236328125,-2.0390777587890625
2016-11-06,12,2,300.5361328125,288.653076171875,1.680145263671875,-0.545501708984375,0.0,91452.4375,269.81072998046875,279.4779663085937,294.8394470214844,0.0002018704690271,0.0057393200695514,0.0074822194874286,0.260223388671875,1.4054107666015625,1.9300384521484373,-8.22991943359375,1.1798553466796875,-0.665618896484375
2016-11-06,18,3,295.6993408203125,284.57684326171875,0.2983856201171875,-1.5437774658203125,0.0,91651.8125,270.2439880371094,279.36480712890625,294.5633239746094,0.0001205618755193,0.0066497921943664,0.0068764947354793,-1.5595703125,-4.369888305664063,1.2054290771484375,-6.160324096679688,2.3146514892578125,-4.343521118164063
2016-11-07,0,0,293.9888610839844,284.60137939453125,0.4256439208984375,-1.796539306640625,0.0,91616.703125,270.15057373046875,280.8627624511719,290.7428894042969,6.634180317632854e-05,0.003258986165747,0.0088858492672443,-6.5460205078125,2.9893951416015625,-1.5221405029296875,-6.9964752197265625,-0.11663818359375,-5.0831146240234375
2016-11-07,6,1,300.9884948730469,286.7937316894531,-1.7760009765625,-1.6635589599609375,8.0,91747.984375,270.2455139160156,281.328125,292.0126647949219,6.691928138025105e-05,0.0025078947655856,0.0103244706988334,-8.0157470703125,0.2918243408203125,-2.290512084960937,-7.06158447265625,-1.397064208984375,-2.372909545898437
2016-11-07,12,2,300.84619140625,287.2465515136719,-0.9347076416015624,-1.5249176025390625,1.0,91473.078125,270.2323303222656,279.34844970703125,294.23199462890625,9.484871407039464e-05,0.0050844512879848,0.0085085295140743,-10.642059326171877,0.6389923095703125,-1.64630126953125,-8.750213623046875,-1.7662506103515625,-2.90277099609375
2016-11-07,18,3,296.1045837402344,285.5466613769531,-2.3340606689453125,-1.7612152099609375,0.0,91666.90625,270.3070983886719,278.7734069824219,293.0904846191406,0.0001358680310659,0.0036745558027178,0.008395604789257,-12.61175537109375,-0.4355316162109375,-5.3516845703125,-8.107757568359375,-0.187042236328125,-3.4051971435546875
2016-11-08,0,0,293.95428466796875,290.5291748046875,-1.850494384765625,-0.603302001953125,15.625,91649.46875,270.13250732421875,282.3740234375,289.4940795898437,0.0001747169153532,0.0010019449982792,0.0092368125915527,-13.849441528320312,-3.726348876953125,-6.9013214111328125,-10.4600830078125,-2.924179077148437,-2.913604736328125
2016-11-08,6,1,300.2177124023437,284.7933349609375,-1.31640625,-1.7870941162109375,0.0,91749.46875,270.1937255859375,282.00054931640625,291.5932922363281,0.0001025770761771,0.0010411699768155,0.0075179301202297,-12.68707275390625,-4.1131134033203125,-1.7462158203125,-9.615646362304688,-1.9172210693359373,-2.416748046875
2016-11-08,12,2,299.93927001953125,285.9429931640625,-0.7488861083984375,-1.650146484375,0.0,91514.53125,270.41473388671875,278.5726318359375,293.8848876953125,7.968585123308003e-05,0.0057720355689525,0.006698727607727,-14.947906494140623,-2.065460205078125,-1.57763671875,-8.19439697265625,-0.95941162109375,-2.778289794921875
2016-11-08,18,3,294.2213134765625,282.3505859375,-2.75799560546875,-0.2732391357421875,0.0,91811.890625,270.1374206542969,278.3459167480469,291.4716186523437,7.550956797786057e-05,0.0053937332704663,0.0067788735032081,-14.119384765625,1.4658203125,-8.501068115234375,-5.2223968505859375,2.173980712890625,-1.2819976806640625
2016-11-09,0,0,292.5666809082031,290.50439453125,-2.531341552734375,0.3223114013671875,3.875,91719.640625,269.9208679199219,281.62457275390625,289.2239990234375,7.645988080184907e-05,0.0007939802017062,0.0081460773944854,-11.619705200195312,-6.356216430664063,-5.0689544677734375,-2.3279266357421875,-2.5618896484375,0.1205902099609375
2016-11-09,6,1,299.39697265625,283.90655517578125,-1.093597412109375,-1.3014984130859375,0.0,91853.640625,269.83038330078125,281.840087890625,290.7411193847656,5.7731856941245496e-05,0.0004656130913645,0.0074236467480659,-10.838134765625,-6.578781127929688,-1.42999267578125,-0.0195159912109375,-0.856781005859375,-1.796783447265625
2016-11-09,12,2,299.261962890625,285.88299560546875,-0.5256195068359375,-1.72894287109375,0.0,91596.078125,269.70654296875,278.913330078125,293.0525817871094,0.0015502327587455,0.0040407106280326,0.0062243081629276,-10.005111694335938,-2.8453521728515625,-1.4022216796875,0.2488250732421875,1.5023040771484375,-2.7630767822265625
2016-11-09,18,3,292.9938659667969,280.2850646972656,-2.480499267578125,-0.1449127197265625,0.0,91816.640625,269.5029296875,281.475341796875,290.9792175292969,0.0015484502073377,0.0032962223049253,0.005693931132555,-10.7325439453125,-1.159027099609375,-6.1684417724609375,-0.5067596435546875,-0.9691619873046876,-1.57763671875
2016-11-10,0,0,291.43145751953125,286.4245300292969,-1.628326416015625,0.0312042236328125,0.0,91721.375,269.3046264648437,282.13348388671875,289.976806640625,0.0021223239600658,0.0022168313153088,0.0062368847429752,-9.67559814453125,-4.751708984375,-2.2810211181640625,0.448699951171875,-1.038848876953125,-0.9206390380859376
2016-11-10,6,1,299.74481201171875,282.42974853515625,-1.4378509521484375,-1.616943359375,0.0,91790.0,269.2518310546875,282.3429870605469,291.3662414550781,0.0024060346186161,0.0021205123048275,0.0065910220146179,-8.125900268554688,-1.0318450927734375,-1.9185943603515625,1.65643310546875,1.7248992919921875,-2.3141021728515625
2016-11-10,12,2,299.1669006347656,286.31756591796875,-0.7339019775390625,-1.715087890625,0.0,91492.84375,268.7587890625,282.0565795898437,293.9565734863281,0.0029233521781861,0.0030222136992961,0.0066710207611322,-8.239608764648438,2.536407470703125,-1.5257568359375,1.04290771484375,-0.3589019775390625,-2.8358154296875
2016-11-10,18,3,293.6083374023437,281.2357788085937,-2.485214233398437,-0.7345428466796875,0.0,91659.1875,268.9042358398437,285.1581726074219,291.9249572753906,0.0031520496122539,0.0028133490122854,0.0064570270478725,-8.814010620117188,-0.9659271240234376,-6.3990631103515625,1.291290283203125,-3.3412628173828125,-2.5478057861328125
2016-11-11,0,0,292.1261901855469,286.57342529296875,-1.9771728515625,0.88897705078125,0.0,91559.515625,267.9183654785156,285.19091796875,290.63458251953125,0.0038266335614025,0.0032887556590139,0.0071299001574516,-8.383621215820312,-5.930511474609375,-3.3430633544921875,1.094512939453125,-0.44415283203125,1.0966644287109375
2016-11-11,6,1,300.2308959960937,285.26318359375,-0.8847808837890625,0.25390625,0.0,91723.5625,267.9995422363281,283.97027587890625,291.5057373046875,0.0039152661338448,0.0042821615934371,0.008131556212902,-7.857513427734375,-2.975692749023437,-1.1239166259765625,2.042510986328125,3.946136474609375,0.2685699462890625
2016-11-11,12,2,300.005859375,288.3744506835937,-0.8837890625,-1.17913818359375,0.0,91462.453125,267.7384033203125,280.8830871582031,294.2796936035156,0.0034262782428413,0.0057709291577339,0.0078413300216197,-6.2763214111328125,0.25958251953125,-1.410400390625,2.089340209960937,1.722015380859375,-1.3632354736328125
2016-11-11,18,3,294.79010009765625,284.84088134765625,-3.37664794921875,0.1685028076171875,0.0,91685.734375,268.11053466796875,284.0426025390625,291.4096984863281,0.0030427454039454,0.0056966096162796,0.0089903995394706,-4.015548706054688,-2.1411895751953125,-6.553131103515625,3.6669921875,1.691375732421875,1.7844696044921875
2016-11-12,0,0,292.08843994140625,287.60894775390625,-1.8836517333984373,0.8919525146484375,0.0,91619.859375,266.76446533203125,283.5839233398437,290.36669921875,0.0033240732736885,0.0051874369382858,0.0101685933768749,-1.3506927490234375,-5.6929931640625,-1.43389892578125,1.8078460693359373,3.0624542236328125,3.722366333007813
2016-11-12,6,1,298.776611328125,288.6603698730469,-1.0710601806640625,0.812713623046875,0.0,91770.859375,267.4309387207031,282.9730529785156,292.210693359375,0.0023563604336231,0.0049959886819124,0.0102714523673057,-1.9394073486328125,-3.5124053955078125,-1.49139404296875,1.829193115234375,4.56304931640625,1.1004791259765625
2016-11-12,12,2,300.7528076171875,289.40777587890625,-1.3531036376953125,-0.4911041259765625,1.25,91507.4375,268.2735595703125,280.1170959472656,294.52838134765625,0.0018276383634656,0.0083456523716449,0.0094834603369236,-0.8449859619140625,-3.0734100341796875,-3.25439453125,2.888519287109375,1.555633544921875,-0.6379241943359375
2016-11-12,18,3,295.7992858886719,287.977783203125,-3.03216552734375,0.4301605224609375,0.0,91777.3125,268.34307861328125,281.99481201171875,291.2633056640625,0.0018258467316627,0.0060314089059829,0.0111920945346355,-2.5942535400390625,-1.836273193359375,-7.9591064453125,4.811935424804688,5.861251831054688,1.3101806640625
2016-11-13,0,0,294.1837463378906,291.47998046875,-1.9541168212890625,0.5787200927734375,0.0,91734.4375,267.5853881835937,281.3901062011719,291.6553649902344,0.0022939818445593,0.0085896775126457,0.0101403668522834,-1.6582489013671875,-4.933441162109375,-4.50250244140625,3.946075439453125,5.6389923095703125,-0.0716400146484375
2016-11-13,6,1,301.36846923828125,289.0877990722656,-2.632171630859375,0.0617218017578125,0.0,91854.390625,267.1195678710937,281.7308959960937,292.6572570800781,0.0027749864384531,0.009135153144598,0.0109203867614269,-4.4964752197265625,-6.219879150390625,-3.631011962890625,3.1458282470703125,2.85723876953125,-0.13128662109375
2016-11-13,12,2,301.06158447265625,290.3165283203125,-2.8181915283203125,-0.1475830078125,0.0,91590.046875,267.51190185546875,282.2655029296875,294.3026428222656,0.0026368855033069,0.00850585475564,0.0111913457512855,-3.51214599609375,-4.463668823242188,-5.324676513671875,2.6130828857421875,0.5064849853515625,-0.88232421875
2016-11-13,18,3,296.037353515625,292.80377197265625,-3.231719970703125,-0.1616973876953125,181.75,91860.875,267.6547241210937,282.21246337890625,292.1207275390625,0.0022421434987336,0.0080764666199684,0.0125569030642509,-5.4727783203125,-4.0071563720703125,-6.581954956054688,3.963943481445313,0.2662200927734375,-1.468505859375
2016-11-14,0,0,295.9881591796875,292.41241455078125,-2.395370483398437,0.208984375,51.375,91704.28125,268.0904235839844,281.9948425292969,291.34942626953125,0.0018269643187522,0.0079620853066444,0.0119966194033622,-1.4878692626953125,-4.7017974853515625,-7.80914306640625,3.097808837890625,0.470062255859375,1.398712158203125
2016-11-14,6,1,301.2576904296875,290.56268310546875,-3.141632080078125,0.7999725341796875,2.125,91835.21875,267.29302978515625,282.7034912109375,292.3739013671875,0.0019987137056887,0.0081475134938955,0.0126461014151573,-1.761749267578125,-5.0279541015625,-4.698272705078125,0.596588134765625,0.605560302734375,1.1728668212890625
2016-11-14,12,2,301.8162536621094,291.0568542480469,-2.3212890625,0.8116607666015625,61.25,91618.453125,267.0557861328125,283.0113220214844,293.66217041015625,0.0025367392227053,0.0077703222632408,0.0122005902230739,-1.9138641357421875,-2.321502685546875,-5.3751373291015625,-0.11773681640625,-0.86749267578125,2.065521240234375
2016-11-14,18,3,296.37823486328125,292.3341064453125,-2.2521209716796875,0.7719573974609375,89.5,91838.328125,268.3846740722656,282.3758239746094,291.61041259765625,0.0017708926461637,0.0077158026397228,0.0131555870175361,-0.7587738037109375,-3.701370239257813,-6.188140869140625,2.8179473876953125,-2.4268951416015625,0.755035400390625
2016-11-15,0,0,295.8050537109375,292.3247985839844,-2.23553466796875,0.2735748291015625,3.5,91659.390625,267.8319702148437,282.4593505859375,291.137939453125,0.0019018161110579,0.0071575492620468,0.0111414119601249,0.01739501953125,-5.897735595703125,-5.796798706054688,1.1828460693359375,-2.140380859375,0.0919189453125
2016-11-15,6,1,301.8031005859375,289.14117431640625,-3.4422760009765625,0.373199462890625,0.0,91785.953125,266.9404602050781,283.2365417480469,292.43408203125,0.002260644454509,0.0043833777308464,0.0111919082701206,-2.2042388916015625,-6.7488861083984375,-5.065460205078125,0.1419525146484375,-1.11285400390625,0.381134033203125
2016-11-15,12,2,301.7020568847656,287.8896484375,-3.0386505126953125,0.8172607421875,0.0,91474.109375,267.55926513671875,283.616455078125,294.19921875,0.0021306944545358,0.0044444985687732,0.0101139321923255,-1.3618927001953125,-5.6416015625,-6.212371826171875,0.623931884765625,-1.1180572509765625,1.225494384765625
2016-11-15,18,3,296.05450439453125,289.20770263671875,-2.9393310546875,0.798309326171875,0.0,91741.375,267.6651611328125,282.516845703125,291.3951416015625,0.0019702280405908,0.005959328263998,0.0118845663964748,-1.0399017333984375,-7.183151245117188,-7.183883666992188,0.460540771484375,-0.0687713623046875,-0.08453369140625
2016-11-16,0,0,294.70465087890625,291.8121643066406,-2.415863037109375,-0.083465576171875,0.0,91654.921875,267.56890869140625,282.2987060546875,291.415283203125,0.0020290042739361,0.0055167339742183,0.009792998433113,-1.3234405517578125,-7.0905609130859375,-7.55169677734375,0.89971923828125,-0.9633026123046876,-1.5504913330078125
2016-11-16,6,1,301.6160888671875,289.99053955078125,-4.6783447265625,-0.7738037109375,0.0,91743.34375,267.4332275390625,282.50909423828125,292.5565795898437,0.0019922638311982,0.0070197358727455,0.0117916129529476,-2.719879150390625,-7.930694580078125,-7.173065185546875,0.0682373046875,-1.588531494140625,-1.22430419921875
2016-11-16,12,2,301.680908203125,289.534912109375,-3.457061767578125,-0.542724609375,2.125,91481.171875,267.8387451171875,282.396728515625,294.2696228027344,0.0015972058754414,0.0071198306977748,0.0114153921604156,-2.7699737548828125,-7.409011840820312,-7.814529418945312,0.3860626220703125,-3.5208740234375,-1.5871124267578125
2016-11-16,18,3,296.4759826660156,291.3681640625,-3.516632080078125,-0.234405517578125,77.0,91784.078125,267.6925048828125,282.5283203125,290.47418212890625,0.0014495013747364,0.0054961368441581,0.0132599063217639,-5.0984954833984375,-8.289031982421875,-9.40679931640625,-0.6567230224609375,-3.2413787841796875,-1.581207275390625
2016-11-17,0,0,295.0839538574219,292.47052001953125,-2.745346069335937,-1.0970916748046875,3.25,91671.21875,268.2315979003906,282.7430419921875,289.8896484375,0.0013532128650695,0.0052285864949226,0.0123191177845001,-4.01312255859375,-8.742340087890625,-9.54510498046875,0.1592254638671875,-3.22894287109375,-2.9665985107421875
2016-11-17,6,1,300.777587890625,290.3431396484375,-4.960494995117188,-1.3347625732421875,0.0,91732.171875,268.6121826171875,282.3197021484375,292.1045837402344,0.0012619022745639,0.0070107728242874,0.0121882073581218,-4.83380126953125,-9.870986938476562,-7.923660278320312,-1.1383819580078125,-3.795700073242188,-2.0712432861328125
2016-11-17,12,2,301.26861572265625,289.5911865234375,-4.144561767578125,-0.914154052734375,8.0,91502.421875,268.4614562988281,281.928955078125,293.8917236328125,0.0012678450439125,0.006943505257368,0.0113527812063694,-6.0160675048828125,-7.954452514648437,-8.683212280273438,-1.9823760986328125,-3.246368408203125,-1.736236572265625
2016-11-17,18,3,295.210205078125,291.6170654296875,-3.1397857666015625,-0.874237060546875,0.0,91783.03125,269.55047607421875,282.4872436523437,290.4688720703125,0.0009148828685283,0.0042162439785897,0.0122449956834316,-9.26885986328125,-6.437667846679688,-7.76751708984375,-0.56195068359375,-1.967681884765625,-2.1482391357421875
2016-11-18,0,0,293.64459228515625,290.26593017578125,-2.048431396484375,-1.788818359375,0.0,91590.171875,269.4041748046875,283.82281494140625,290.9578857421875,0.0007825451903045,0.0024417603854089,0.0092382617294788,-7.9414215087890625,-5.8799591064453125,-6.9183349609375,3.244140625,-1.027557373046875,-4.799072265625
2016-11-18,6,1,300.31268310546875,287.5067443847656,-4.200958251953125,-2.1670684814453125,0.0,91719.84375,269.06201171875,283.549072265625,291.67242431640625,0.0008250186219811,0.0022994382306933,0.0096653699874877,-6.296157836914063,-5.672775268554688,-6.51031494140625,1.3261566162109375,-1.0105133056640625,-3.026275634765625
2016-11-18,12,2,300.5340881347656,286.51043701171875,-2.429306030273437,-1.2227935791015625,0.0,91414.796875,269.8207397460937,283.75030517578125,293.9249267578125,0.0010259905830025,0.0021447297185659,0.0088608935475349,-6.0264434814453125,-4.2027740478515625,-5.589370727539063,1.39312744140625,-1.4748382568359375,-2.789398193359375
2016-11-18,18,3,294.36279296875,288.6826477050781,-2.9254302978515625,-0.404541015625,0.0,91654.734375,269.99139404296875,283.8129272460937,290.60675048828125,0.0009003309532999,0.0020302650518715,0.0107743814587593,-5.2257232666015625,-5.9862213134765625,-6.161285400390625,1.099151611328125,-2.6342010498046875,-2.3845367431640625
2016-11-19,0,0,293.3023376464844,291.5478515625,-1.9754638671875,-0.4930419921875,0.0,91494.359375,269.1186218261719,284.20703125,291.2735595703125,0.0010061736684292,0.0019258214160799,0.0063849538564682,-3.877960205078125,-4.710372924804688,-4.6850128173828125,-1.0440216064453125,-2.9215545654296875,-2.316558837890625
2016-11-19,6,1,300.5985107421875,284.694580078125,-3.543563842773437,-1.487518310546875,0.0,91588.40625,268.9400939941406,283.6044311523437,292.3400573730469,0.0007717465050518,0.0023111563641577,0.0076118223369121,-3.1534423828125,-6.481231689453125,-5.544281005859375,-3.7082366943359375,-0.0391845703125,-2.059295654296875
2016-11-19,12,2,300.322998046875,286.0432434082031,-2.1416015625,-0.480010986328125,0.0,91338.109375,269.34716796875,283.74578857421875,293.9934387207031,0.0004517144989222,0.0030874595977365,0.0083197616040706,-5.135955810546875,-3.319976806640625,-5.109283447265625,-2.860595703125,0.929840087890625,-1.5115203857421875
2016-11-19,18,3,294.4485778808594,287.731689453125,-2.3567047119140625,0.2274169921875,0.0,91606.171875,270.8016357421875,283.04913330078125,290.4698181152344,0.0004423330537974,0.0049833171069622,0.0110149681568145,-8.751007080078125,-4.440826416015625,-6.057525634765625,-2.8489990234375,2.5710601806640625,-0.472503662109375
2016-11-20,0,0,293.26739501953125,291.2431640625,-2.150146484375,0.0186004638671875,0.125,91512.78125,270.48297119140625,283.2251281738281,290.8223876953125,0.0002415803319308,0.0053864456713199,0.009397841989994,-6.968032836914063,-4.4048919677734375,-3.763092041015625,-3.9939117431640634,1.187530517578125,-3.3683013916015625
2016-11-20,6,1,300.56414794921875,286.0937805175781,-2.3640899658203125,-1.6228179931640625,0.0,91633.9375,270.4156494140625,283.5397033691406,292.1513366699219,0.0002095420786645,0.0041887462139129,0.0081596411764621,-10.999343872070312,-4.248062133789063,-3.5007476806640625,-1.951416015625,1.374725341796875,-2.3311767578125
2016-11-20,12,2,300.1217346191406,283.3568115234375,-1.5423583984375,-0.6458892822265625,0.0,91376.328125,270.48394775390625,282.9329833984375,294.9765014648437,0.000273416750133,0.0029698444996029,0.0062670744955539,-10.457626342773438,-3.171615600585937,-4.320343017578125,1.954986572265625,-0.422576904296875,-1.6772918701171875
2016-11-20,18,3,293.9253845214844,286.92822265625,-2.8759918212890625,-0.2395477294921875,0.0,91640.25,270.8739013671875,283.353271484375,291.2973327636719,0.0003829239867627,0.0039593991823494,0.0092028118669986,-11.478775024414062,-4.634033203125,-5.066986083984375,0.906219482421875,0.2124176025390625,-0.764068603515625
2016-11-21,0,0,292.2696533203125,288.3963623046875,-1.8717803955078125,-0.862152099609375,0.0,91521.390625,270.57427978515625,283.9798583984375,292.2176818847656,0.0006157986354082,0.0040368437767028,0.0056525850668549,-11.343734741210938,-1.9103851318359373,-4.676773071289063,1.4917449951171875,-1.237152099609375,-4.15936279296875
2016-11-21,6,1,300.49090576171875,280.8909606933594,-3.8647613525390634,-0.89898681640625,0.0,91666.1875,270.1528625488281,283.316650390625,292.4032897949219,0.0006223577074706,0.0036243186332285,0.004602450877428,-11.446014404296877,-3.2288818359375,-6.111419677734375,-0.84649658203125,-3.0298614501953125,-1.3124847412109375
2016-11-21,12,2,300.1123352050781,282.8134155273437,-2.2227783203125,-0.4387359619140625,0.0,91442.765625,269.8044738769531,283.0673828125,294.14404296875,0.0005558154080063,0.0028697210364043,0.0064154081046581,-11.499298095703123,-1.372802734375,-5.7318267822265625,-0.7112884521484375,-3.221923828125,-1.2052154541015625
2016-11-21,18,3,293.3423156738281,285.2313232421875,-3.157196044921875,-0.4879150390625,0.0,91670.234375,269.79510498046875,283.3059387207031,291.25506591796875,0.0006379571277648,0.0018014211673289,0.0082320347428321,-13.856414794921877,-3.6748199462890634,-5.00927734375,-1.074798583984375,-2.340606689453125,-1.459136962890625
2016-11-22,0,0,290.71173095703125,287.0157470703125,-1.699737548828125,-1.1591339111328125,0.0,91483.0625,269.81494140625,283.9031982421875,292.2662353515625,0.0008322866633534,0.0015189456753432,0.0020181331783533,-15.111236572265623,-3.5450592041015625,-4.324630737304688,1.220184326171875,-1.8745574951171875,-1.7728118896484375
2016-11-22,6,1,301.233642578125,277.20166015625,-2.5430450439453125,-1.060577392578125,0.0,91668.609375,269.4120178222656,283.93475341796875,292.67242431640625,0.0008196223061531,0.0014210122171789,0.0036587526556104,-17.331573486328125,-4.192230224609375,-3.9011383056640634,2.3868408203125,-0.50018310546875,-1.6345977783203125
2016-11-22,12,2,300.16424560546875,281.21026611328125,-2.172882080078125,-0.759185791015625,0.0,91405.109375,269.15728759765625,283.6607666015625,295.3525695800781,0.0006940878229215,0.0014275403227657,0.0042006559669971,-16.447616577148438,0.4568939208984375,-3.5991668701171875,1.682098388671875,-0.5554656982421875,-1.34124755859375
2016-11-22,18,3,293.0225830078125,282.58074951171875,-3.034530639648437,-0.1484832763671875,0.0,91646.75,268.9789428710937,284.7790832519531,292.0601501464844,0.000786482123658,0.0010114647448062,0.0066275708377361,-15.79449462890625,-2.79705810546875,-4.430694580078125,3.28759765625,-0.604644775390625,-0.4244232177734375
2016-11-23,0,0,291.92822265625,285.6576843261719,-2.404510498046875,0.1667938232421875,0.0,91511.9375,268.16656494140625,283.7674560546875,291.6290588378906,0.0007118579233065,0.001094612525776,0.0066135786473751,-14.2557373046875,-0.441497802734375,-4.6636962890625,3.150985717773437,-1.9744720458984373,-2.9769287109375
2016-11-23,6,1,300.9998779296875,282.8309326171875,-3.0608062744140625,-0.6370391845703125,0.0,91588.59375,267.92724609375,286.48358154296875,292.6214599609375,0.000857880571857,0.0006370535120368,0.0065744891762733,-13.399765014648438,-1.107147216796875,-4.385177612304688,0.810943603515625,-0.612762451171875,-1.11114501953125
2016-11-23,12,2,300.42822265625,284.7493591308594,-2.1083526611328125,0.0621185302734375,0.0,91371.734375,267.9977111816406,283.7558288574219,295.3139038085937,0.0010516392067074,0.0015931038651615,0.0058860052376985,-12.155197143554688,-1.7583465576171875,-3.6999664306640634,-0.0206451416015625,-0.2914276123046875,-0.0689239501953125
2016-11-23,18,3,293.047607421875,283.54913330078125,-3.6840972900390634,0.2325897216796875,0.0,91654.515625,268.6190185546875,286.0738525390625,291.30877685546875,0.0009357221424579,0.0007721967995166,0.007478080689907,-13.11322021484375,-6.809860229492188,-6.1163482666015625,-1.204437255859375,0.3885345458984375,0.4882965087890625
2016-11-24,0,0,291.70391845703125,285.69158935546875,-2.576751708984375,0.04376220703125,0.0,91599.390625,268.9210510253906,285.5268249511719,290.4295959472656,0.000732374144718,0.0003253063187003,0.0078446343541145,-14.20428466796875,-8.13385009765625,-4.42132568359375,0.1954193115234375,-2.473480224609375,-1.8226776123046875
2016-11-24,6,1,300.34686279296875,283.06915283203125,-2.37518310546875,-1.322998046875,0.0,91651.3125,269.0023193359375,286.05401611328125,291.821533203125,0.0005989570054225,0.0003723304253071,0.006824355572462,-16.100753784179688,-8.130691528320312,-3.360824584960937,2.1186676025390625,-0.211334228515625,-2.1991119384765625
2016-11-24,12,2,299.6258544921875,279.4704284667969,-1.7605743408203125,-0.650146484375,0.0,91408.4375,268.71954345703125,284.8099975585937,294.84478759765625,0.0005805417895317,0.0007043106015771,0.0039226971566677,-15.978851318359377,-2.787567138671875,-4.736541748046875,2.8269500732421875,1.9650115966796875,-1.7655487060546875
2016-11-24,18,3,292.9296569824219,285.6233825683594,-3.581207275390625,0.011688232421875,0.0,91676.859375,268.29180908203125,285.0914611816406,290.82666015625,0.0007276581600308,0.0006097983568906,0.0082984417676925,-16.486053466796875,-6.320465087890625,-6.731460571289063,1.5992584228515625,-1.24090576171875,-1.2135009765625
2016-11-25,0,0,292.0072631835937,288.117431640625,-2.764633178710937,-1.3799591064453125,0.0,91570.59375,268.062255859375,285.8155517578125,292.1958923339844,0.0007786676287651,0.0004798071458935,0.0030978582799434,-15.601058959960938,-6.425140380859375,-4.5994720458984375,2.2002410888671875,0.8882904052734375,-5.33599853515625
2016-11-25,6,1,300.11834716796875,277.6107177734375,-3.7393646240234375,-1.9633941650390625,0.0,91587.0,268.8295288085937,285.9591064453125,292.45068359375,0.0006485302001237,0.0004680813290178,0.0040248967707157,-15.210342407226562,-8.065628051757812,-6.0909576416015625,3.1507110595703125,0.1060943603515625,-2.94256591796875
2016-11-25,12,2,300.1114807128906,282.15985107421875,-1.96337890625,-0.2120819091796875,0.0,91381.53125,268.5267639160156,285.58953857421875,294.9942321777344,0.0005352119915187,0.0005123715382069,0.0051672719419002,-15.157958984375,-9.355209350585938,-5.855484008789063,0.302886962890625,-0.897247314453125,-0.5793609619140625
2016-11-25,18,3,292.1349792480469,284.2682189941406,-2.549468994140625,0.2799530029296875,0.0,91631.171875,268.40093994140625,285.93121337890625,291.7043151855469,0.0005177906714379,0.0003907305654138,0.0074718669056892,-16.335205078125,-13.350372314453123,-3.802886962890625,-0.240509033203125,-0.3858642578125,-0.145660400390625
2016-11-26,0,0,290.8276062011719,287.5182189941406,-1.494232177734375,-0.4669647216796875,0.0,91556.765625,268.30426025390625,286.21514892578125,291.08843994140625,0.0005496263038367,0.0005413878243416,0.0063875578343868,-16.973678588867188,-13.955398559570312,0.3463897705078125,-0.449249267578125,-0.4850921630859375,-3.5856475830078125
2016-11-26,6,1,300.3931884765625,280.0777893066406,-2.397979736328125,-2.1374664306640625,0.0,91792.609375,267.44940185546875,285.3811950683594,292.25897216796875,0.0006759886164218,0.0005398981738835,0.0051153823733329,-16.937164306640625,-10.411911010742188,-3.532196044921875,-2.501693725585937,1.038543701171875,-3.14715576171875
2016-11-26,12,2,299.51812744140625,280.5643615722656,-2.263275146484375,-0.901702880859375,0.0,91485.0625,267.5819091796875,285.30194091796875,295.389892578125,0.0006594278384,0.000536983134225,0.0036133669782429,-14.881027221679688,-7.359268188476562,-4.915542602539063,-4.0269317626953125,-0.41552734375,-1.7411651611328125
2016-11-26,18,3,291.2060241699219,279.6407470703125,-2.5784149169921875,0.364410400390625,0.0,91745.71875,267.7038269042969,285.6851806640625,292.533203125,0.0005829995498061,0.0005740169435739,0.005614586174488,-14.447799682617188,-10.480499267578123,-4.1028900146484375,-5.730621337890625,-0.3116302490234375,-1.048675537109375
2016-11-27,0,0,288.0787353515625,284.66510009765625,-0.9951171875,-1.3782806396484375,0.0,91596.71875,268.10614013671875,285.7825927734375,292.0648193359375,0.0005228279624134,0.0005337244365364,0.0044764885678887,-13.273513793945312,-11.494781494140623,0.1462249755859375,-8.243865966796875,-2.256820678710937,-4.114471435546875
2016-11-27,6,1,301.19482421875,282.844482421875,-1.1880950927734375,-2.794342041015625,0.0,91740.59375,268.32489013671875,286.10870361328125,292.9920959472656,0.0004786334466189,0.0007134608458727,0.0057001188397407,-11.88238525390625,-13.894882202148438,-2.1096649169921875,-7.996719360351562,-2.2916412353515625,-4.0184173583984375
2016-11-27,12,2,299.8398132324219,281.8172607421875,-1.341156005859375,-1.5948028564453125,0.0,91473.234375,268.3069763183594,284.9036865234375,296.0517578125,0.0003745113499462,0.0011130855418741,0.0049811191856861,-11.538238525390623,-11.350494384765623,-4.17279052734375,-8.80499267578125,-1.217010498046875,-3.3097381591796875
2016-11-27,18,3,291.60992431640625,279.2265319824219,-1.988739013671875,-0.901580810546875,0.0,91740.703125,266.9110107421875,285.353759765625,294.0960998535156,0.0005655428394675,0.0008921073749661,0.0051039494574069,-15.549713134765623,-13.24188232421875,-4.244308471679688,-7.948455810546875,-0.801116943359375,-2.8206939697265625
2016-11-28,0,0,288.7848815917969,282.2411499023437,-1.6396484375,-1.3555145263671875,0.0,91580.96875,267.1431579589844,285.2548828125,293.4838256835937,0.0004984005354344,0.0008627381175756,0.0042178556323051,-13.42901611328125,-13.581390380859377,-3.655731201171875,-9.052947998046877,-2.5455474853515625,-4.921783447265625
2016-11-28,6,1,301.5108642578125,283.3627014160156,-1.9158782958984373,-2.032806396484375,0.0,91760.9375,267.91912841796875,285.16015625,293.7225952148437,0.0004328163340687,0.0008640910964459,0.0061295311897993,-13.404769897460938,-12.40045166015625,-3.1331329345703125,-9.119049072265623,-4.2852325439453125,-3.0560760498046875
2016-11-28,12,2,300.6076965332031,283.700439453125,-1.78826904296875,-1.579132080078125,0.0,91443.59375,268.4871826171875,284.6726379394531,296.4920654296875,0.0003681546077132,0.0008655171841382,0.0049260891973972,-12.681488037109377,-8.762100219726562,-4.0750274658203125,-7.584716796875,-6.3485260009765625,-3.290267944335937
2016-11-28,18,3,292.290771484375,282.5405578613281,-2.0792388916015625,-0.243988037109375,0.0,91756.453125,269.0865783691406,284.6646728515625,294.02655029296875,0.0002724720397964,0.000843271613121,0.0062084235250949,-12.501296997070312,-10.240875244140623,-3.330322265625,-5.296310424804688,-7.978271484375,-3.986297607421875
2016-11-29,0,0,289.90155029296875,285.97979736328125,-2.013763427734375,-0.1740264892578125,0.0,91654.1875,269.5721435546875,284.2676086425781,292.4101257324219,0.000235141153098,0.0007112657185643,0.00657369941473,-12.672088623046877,-9.155227661132812,-2.533111572265625,-4.2899169921875,-6.967376708984375,-2.8766632080078125
2016-11-29,6,1,299.5736083984375,285.9120483398437,-1.2094573974609375,-1.48199462890625,0.0,91828.53125,269.584228515625,284.40692138671875,292.0450744628906,0.0002825730480253,0.000756342196837,0.0078987479209899,-13.301971435546877,-10.943435668945312,-1.984100341796875,-3.000518798828125,-5.230484008789063,-2.4262847900390625
2016-11-29,12,2,299.2027893066406,284.81964111328125,-1.408203125,-1.6848297119140625,0.0,91544.625,269.83331298828125,284.0858459472656,294.9759826660156,0.0002798602217808,0.0010565128177404,0.0056270249187946,-12.138687133789062,-11.169647216796877,-3.387664794921875,-4.323989868164063,-5.88116455078125,-3.3668365478515625
2016-11-29,18,3,292.0417175292969,282.3889465332031,-2.419784545898437,0.0648193359375,0.0,91772.953125,269.1991577148437,284.18438720703125,292.459716796875,0.000296663492918,0.0017140379641205,0.0069014765322208,-13.35931396484375,-13.764556884765623,-3.907806396484375,-3.8612060546875,-6.8139190673828125,-1.814727783203125
2016-11-30,0,0,290.8046264648437,286.50897216796875,-1.7996978759765625,-0.02496337890625,0.0,91696.5625,268.2230834960937,283.327880859375,291.0372314453125,0.0002994611859321,0.0015584963839501,0.0077812522649765,-11.466949462890623,-13.40435791015625,-2.2725982666015625,-4.3233795166015625,-7.134033203125,-3.071319580078125
2016-11-30,6,1,298.7133178710937,286.5917053222656,-1.448974609375,-2.9442138671875,0.0,91855.734375,268.5770263671875,283.5888671875,291.5264892578125,0.0003266134299337,0.0011004235129803,0.0083444491028785,-11.38250732421875,-13.193893432617188,-2.590423583984375,-4.908370971679688,-7.7222900390625,-4.8134613037109375
2016-11-30,12,2,299.0885009765625,282.34259033203125,-1.33251953125,-1.7515716552734375,0.0,91557.84375,268.37921142578125,284.114990234375,293.6937866210937,0.0003479176666587,0.0007828671950846,0.0062499344348907,-11.767898559570312,-11.439193725585938,-4.693359375,-4.315032958984375,-8.84930419921875,-5.5362701416015625
2016-11-30,18,3,292.59002685546875,283.64813232421875,-2.15631103515625,-0.4937896728515625,0.0,91781.375,268.27716064453125,283.73345947265625,291.0546875,0.0003847451880574,0.0008743596263229,0.0082864835858345,-10.42803955078125,-12.939285278320312,-5.855865478515625,-8.572769165039062,-7.542144775390625,-3.660186767578125
2016-12-01,0,0,291.32794189453125,285.946044921875,-0.762481689453125,-2.2788848876953125,0.0,91539.421875,268.54412841796875,284.6767272949219,290.8317565917969,0.0003062677569687,0.0003761444240808,0.0054102335125207,-14.089141845703123,-11.936920166015623,-4.440826416015625,-9.146286010742188,-5.735260009765625,-8.76885986328125
2016-12-01,6,1,298.2615051269531,284.35186767578125,-2.38555908203125,-4.7734222412109375,3.5,91632.1875,268.24029541015625,283.33642578125,290.5011291503906,0.0038120183162391,0.0094799511134624,0.0084707587957382,-14.862594604492188,-12.733245849609377,-4.3162689208984375,-7.537261962890625,-6.7024688720703125,-7.6951904296875
2016-12-01,12,2,297.5877685546875,288.22283935546875,-1.7958984375,-2.3271942138671875,24.75,91434.828125,268.5053100585937,282.3667297363281,291.4597473144531,0.0040152706205844,0.0100683085620403,0.0099198408424854,-14.281036376953123,-14.513839721679688,-4.222869873046875,-7.446502685546875,-8.571502685546875,-7.228866577148437
2016-12-01,18,3,292.20050048828125,288.87750244140625,-1.7156982421875,-3.736129760742188,336.5,91677.15625,268.1759033203125,282.2318725585937,289.4324951171875,0.0040076142176985,0.0104026868939399,0.0127103850245475,-14.100204467773438,-14.710647583007812,-9.708984375,-3.149887084960937,-5.5122833251953125,-12.475830078125
2016-12-02,0,0,293.34625244140625,291.6580810546875,-0.4755096435546875,-3.220458984375,8.625,91546.359375,267.8866577148437,283.38690185546875,289.55889892578125,0.0033516569528728,0.0076582245528697,0.0137411952018737,-10.912506103515623,-15.4957275390625,-9.235076904296877,-4.0536956787109375,-6.933853149414063,-6.567062377929688
2016-12-02,6,1,296.648681640625,291.90692138671875,-3.45880126953125,-2.6591033935546875,5.125,91642.65625,269.58746337890625,282.9674377441406,289.76904296875,0.0022775365505367,0.0070227198302745,0.0131309740245342,-10.062973022460938,-15.344985961914062,-6.826568603515625,-2.3132781982421875,-4.444427490234375,-3.79620361328125
2016-12-02,12,2,296.1181030273437,291.3893127441406,-3.7838287353515625,-0.6939239501953125,24.625,91465.921875,269.11376953125,282.2431030273437,290.3193359375,0.0022005606442689,0.0104246959090232,0.0132627487182617,-9.595321655273438,-8.547134399414062,-9.1358642578125,-2.1317596435546875,-1.857940673828125,-3.2948150634765625
2016-12-02,18,3,292.5961303710937,291.608154296875,-3.6876373291015625,-0.368255615234375,35.375,91716.484375,268.18280029296875,282.3450927734375,289.0951538085937,0.0030288163106888,0.010105051100254,0.0131486132740974,-8.592147827148438,-12.882064819335938,-11.13067626953125,2.0999298095703125,-0.534942626953125,1.848175048828125
2016-12-03,0,0,293.5237121582031,292.296875,-3.67694091796875,0.109954833984375,14.25,91599.734375,267.7888488769531,282.1801452636719,289.1068725585937,0.0034958764445036,0.0099527928978204,0.013030856847763,-7.1410064697265625,-8.25201416015625,-10.890838623046877,0.782073974609375,4.392013549804688,2.860336303710937
2016-12-03,6,1,296.082763671875,292.7400817871094,-4.5721282958984375,2.47161865234375,7.25,91843.875,268.1142578125,282.2837829589844,289.5365295410156,0.0035283882170915,0.009756539016962,0.0131857506930828,-6.0850372314453125,-5.1586456298828125,-7.2744598388671875,1.1202239990234375,6.7804718017578125,4.01275634765625
2016-12-03,12,2,296.4354858398437,292.7947692871094,-2.3264312744140625,1.0716400146484375,21.625,91660.5625,268.49969482421875,281.88897705078125,290.2994384765625,0.0021686379332095,0.0091629587113857,0.0133992750197649,-5.35723876953125,-2.9615020751953125,-5.752105712890625,1.0247650146484375,3.9482421875,3.34381103515625
2016-12-03,18,3,293.621337890625,292.259521484375,-3.1923065185546875,0.588165283203125,73.25,91923.0625,268.4371337890625,281.9437255859375,289.562744140625,0.0021698148921132,0.0078242532908916,0.0132760256528854,-5.0595550537109375,-2.6089019775390625,-8.365631103515625,2.12823486328125,3.2905426025390625,4.548355102539063
2016-12-04,0,0,293.98565673828125,291.9040832519531,-2.607528686523437,0.3865203857421875,18.625,91778.5,267.9689636230469,282.63250732421875,289.2865600585937,0.002573573263362,0.0051224692724645,0.0113848596811294,-5.1144866943359375,-4.90191650390625,-7.9650726318359375,-0.14892578125,4.065582275390625,3.885208129882813
2016-12-04,6,1,298.724609375,290.5107727050781,-3.69580078125,1.7501373291015625,6.375,91993.046875,267.18194580078125,283.24493408203125,290.7162780761719,0.0021529442165046,0.002836104016751,0.0117167495191097,-7.5600738525390625,-6.7584228515625,-5.81182861328125,0.026092529296875,2.4935302734375,2.6048126220703125
2016-12-04,12,2,299.6467590332031,290.28521728515625,-2.3734283447265625,0.169219970703125,0.0,91714.25,267.45611572265625,281.7437744140625,292.4300537109375,0.0029335208237171,0.0065701231360435,0.0115952380001544,-6.262298583984375,-6.135101318359375,-5.616851806640625,-1.2615203857421875,0.7242279052734375,0.5518035888671875
2016-12-04,18,3,294.29608154296875,292.3524780273437,-2.8892059326171875,0.5735931396484375,69.0,91969.734375,266.8925170898437,281.8524169921875,290.41033935546875,0.003627935424447,0.007712535560131,0.0128731168806552,-6.3629150390625,-5.3322296142578125,-6.298110961914063,-2.007431030273437,-0.431060791015625,0.67498779296875
2016-12-05,0,0,294.3541259765625,292.0556640625,-1.7255096435546875,-0.10565185546875,0.125,91732.78125,268.2099304199219,281.2208251953125,290.4183959960937,0.0028392027597874,0.0079146847128868,0.011281281709671,-6.331329345703125,-5.0747833251953125,-5.7374114990234375,-2.5454864501953125,-2.734603881835937,-0.846038818359375
2016-12-05,6,1,299.5509948730469,290.92742919921875,-3.35382080078125,-2.021942138671875,0.0,91824.5625,267.82379150390625,281.58074951171875,291.2769775390625,0.0013155085034668,0.0071867741644382,0.0116968676447868,-7.672210693359375,-5.465087890625,-5.182098388671875,-1.676422119140625,-3.569793701171875,-3.0950164794921875
2016-12-05,12,2,300.1121826171875,290.1053161621094,-1.7060394287109375,-0.887939453125,0.0,91608.890625,267.68951416015625,282.2203063964844,292.7315673828125,0.000113339323434,0.0065164901316165,0.0117166861891746,-6.4632110595703125,-1.475982666015625,-3.9815826416015625,-0.9573516845703124,-4.423629760742188,-3.0803680419921875
2016-12-05,18,3,293.955322265625,291.03155517578125,-2.4622039794921875,-0.00128173828125,0.0,91794.984375,268.7342529296875,283.0551147460937,290.3798217773437,8.233227708842605e-05,0.0017983079887926,0.0124189145863056,-6.248046875,-2.231185913085937,-3.93157958984375,-3.372177124023437,-5.184326171875,-4.5632171630859375
2016-12-06,0,0,293.6745300292969,291.524169921875,-2.385223388671875,-0.4366455078125,18.625,91702.3125,268.64111328125,284.3016967773437,288.963623046875,5.4201664170250297e-05,0.0002464173594489,0.0111757330596446,-9.411972045898438,-7.496688842773437,-4.7369232177734375,-2.70477294921875,-5.0132904052734375,-5.401779174804688
2016-12-06,6,1,298.3822021484375,287.22540283203125,-2.275848388671875,-2.8727264404296875,0.75,91782.671875,268.7330322265625,284.619873046875,289.44268798828125,0.0001371603138977,0.0001717372797429,0.0102074965834617,-12.212310791015623,-7.771377563476562,-3.4288482666015625,0.551605224609375,-4.0298919677734375,-4.4305267333984375
2016-12-06,12,2,298.5264892578125,286.30328369140625,-1.9687347412109373,-1.4359588623046875,0.0,91528.71875,268.8917236328125,285.43414306640625,292.14013671875,0.0001916407782118,0.0001101419911719,0.0085348300635814,-7.990509033203125,-7.418838500976562,-5.1361083984375,-1.4467315673828125,-6.5960235595703125,-3.8833160400390634
2016-12-06,18,3,291.78472900390625,288.3538818359375,-3.285308837890625,-0.5538330078125,0.0,91745.265625,269.118408203125,285.0089416503906,288.70635986328125,0.0002077528624795,0.0001489335554651,0.0100629962980747,-8.931488037109375,-10.666488647460938,-6.5933685302734375,-4.2864837646484375,-4.0462188720703125,-3.968536376953125
2016-12-07,0,0,290.0376281738281,287.8389892578125,-2.0246734619140625,-1.0628204345703125,0.0,91668.734375,269.774169921875,284.8642578125,288.2318115234375,0.0001673160732025,0.0001265251194126,0.0048013478517532,-9.616836547851562,-10.55816650390625,-6.8175201416015625,-4.3188323974609375,-1.6614990234375,-3.411102294921875
2016-12-07,6,1,298.2743835449219,285.6873779296875,-2.8764190673828125,1.627960205078125,0.0,91805.71875,268.98291015625,284.42755126953125,290.0028686523437,0.000120765864267,0.0001470858405809,0.0085100121796131,-11.575973510742188,-9.108047485351562,-4.766860961914063,-4.1077423095703125,5.1230010986328125,2.88433837890625
2016-12-07,12,2,298.6224060058594,287.5046691894531,-2.032012939453125,1.029083251953125,0.0,91550.875,268.1148376464844,283.17645263671875,292.5380859375,0.0001572949258843,0.0012654368765652,0.0103294514119625,-14.439285278320312,-5.7049407958984375,-5.047515869140625,-4.280914306640625,4.4850006103515625,2.6413116455078125
2016-12-07,18,3,293.3114929199219,290.686279296875,-2.215927124023437,0.1093902587890625,4.875,91765.21875,268.0849609375,283.1279296875,290.56085205078125,0.0001328384241787,0.0036249477416276,0.0116970762610435,-14.358291625976562,-4.470794677734375,-3.6759033203125,-2.6108856201171875,2.357025146484375,-1.2440032958984375
2016-12-08,0,0,292.50146484375,290.4736633300781,-1.1590728759765625,-0.510101318359375,9.125,91619.15625,268.033447265625,283.3814392089844,290.42529296875,0.0001251904322998,0.0048442110419273,0.0108386650681495,-10.561767578125,-1.4099273681640625,-1.6326141357421875,-2.5933380126953125,2.69781494140625,-1.25360107421875
2016-12-08,6,1,299.7763366699219,289.06646728515625,-1.17095947265625,-1.7612152099609375,0.0,91767.515625,267.5518798828125,283.9393310546875,291.133056640625,0.0001030087878461,0.0038858496118336,0.0106636099517345,-8.460693359375,-0.1835479736328125,-1.5629730224609375,-4.112838745117188,-0.054931640625,-2.487030029296875
2016-12-08,12,2,300.4220275878906,289.90509033203125,-0.376312255859375,-1.4305267333984375,0.0,91515.765625,267.2029113769531,284.5830993652344,293.42144775390625,8.881949179340154e-05,0.0023645351175218,0.0095967575907707,-5.997467041015625,-0.0585479736328125,-0.3231964111328125,-5.709274291992188,-3.098419189453125,-2.524810791015625
2016-12-08,18,3,293.6114501953125,288.3711242675781,-1.7724761962890625,-0.826934814453125,0.0,91717.03125,266.85284423828125,284.77301025390625,291.9555053710937,0.0001410239201504,0.0004092301242053,0.0093010254204273,-6.105194091796875,-1.8488311767578125,-1.403961181640625,-4.353439331054688,-3.857513427734375,-3.9179840087890634
2016-12-09,0,0,290.61541748046875,287.92694091796875,-0.931243896484375,-1.7948760986328125,0.25,91557.046875,267.5765380859375,284.326416015625,290.47607421875,0.0001244896557182,0.0002554117527324,0.0077302940189838,-1.615753173828125,-2.128387451171875,1.162750244140625,-3.364532470703125,-4.6021575927734375,-5.9296875
2016-12-09,6,1,299.880859375,283.2367553710937,1.0980377197265625,-2.5295867919921875,0.0,91637.953125,266.5531005859375,284.82696533203125,291.61083984375,9.981311450246722e-05,0.0002827919088304,0.0068043507635593,-2.90106201171875,-0.9986419677734376,1.717987060546875,-4.44207763671875,-2.819442749023437,-3.6805419921875
2016-12-09,12,2,299.06915283203125,285.9526062011719,0.6374664306640625,-2.044540405273437,0.0,91343.390625,266.6513671875,284.8352355957031,293.92498779296875,0.0001014857698464,0.0002076084929285,0.0059581976383924,-3.0658111572265625,1.603973388671875,2.1717681884765625,-4.169464111328125,-3.70947265625,-4.8625030517578125
2016-12-09,18,3,292.15802001953125,280.883056640625,-1.1810760498046875,-2.158416748046875,0.0,91643.125,266.46258544921875,284.2682189941406,292.71099853515625,0.0001376030995743,0.0002061677951132,0.0047554932534694,-7.9561004638671875,0.9304962158203124,0.407073974609375,-2.1258544921875,-2.812286376953125,-5.853317260742188
2016-12-10,0,0,290.6962280273437,278.1156005859375,-0.041229248046875,-2.5048980712890625,0.0,91442.765625,266.35430908203125,284.937255859375,291.0549011230469,0.0002456034417264,0.0003053029067814,0.0050216019153594,-10.144821166992188,0.5223388671875,3.820953369140625,-1.222442626953125,-3.16864013671875,-6.089614868164063
2016-12-10,6,1,298.3930358886719,280.1392822265625,1.52667236328125,-3.502288818359375,0.0,91568.90625,266.2859802246094,285.43658447265625,291.4065856933594,0.0002310724084964,0.0003542657941579,0.0051846615970134,-8.906661987304688,-0.260223388671875,2.6289520263671875,-2.0641021728515625,-3.960113525390625,-5.05914306640625
2016-12-10,12,2,297.6903991699219,281.5885009765625,0.3520660400390625,-2.1075592041015625,0.0,91312.21875,266.4161376953125,285.0472717285156,293.77886962890625,0.0003330148756504,0.0002048801397904,0.0048800967633724,-8.029098510742188,2.709823608398437,1.75360107421875,-2.702545166015625,-5.9390869140625,-4.895965576171875
2016-12-10,18,3,290.4627685546875,277.0934753417969,-1.22430419921875,-2.498565673828125,0.0,91537.3125,266.795166015625,285.1468200683594,292.1148681640625,0.000590008450672,0.000120207958389,0.0046745911240577,-7.5827789306640625,-1.05731201171875,-0.2559356689453125,-4.00579833984375,-5.5709381103515625,-5.591949462890625
2016-12-11,0,0,289.3613586425781,277.610107421875,-0.7721099853515625,-2.4379425048828125,0.0,91334.578125,267.2460327148437,285.75067138671875,290.2865600585937,0.0002525369636714,0.0002429128508083,0.0045030303299427,-4.726165771484375,-3.8951416015625,1.27618408203125,-4.371627807617188,-5.6186065673828125,-5.810226440429688
2016-12-11,6,1,298.25506591796875,279.9951171875,0.1126708984375,-2.877532958984375,0.0,91467.828125,267.5164794921875,285.0382080078125,290.97613525390625,0.0001702575973467,0.0014879675582051,0.0052020624279975,-3.49658203125,-7.0337677001953125,0.139617919921875,-6.83502197265625,-5.7559814453125,-4.11566162109375
2016-12-11,12,2,298.5068054199219,286.6825866699219,0.1547088623046875,-1.9321746826171875,0.0,91217.640625,267.32208251953125,282.5708923339844,293.27996826171875,9.75636939983815e-05,0.0058648325502872,0.0073375813663005,-3.428985595703125,-4.616958618164063,0.0799713134765625,-10.252609252929688,-6.483123779296875,-4.024383544921875
2016-12-11,18,3,293.86199951171875,282.2384033203125,-0.2551116943359375,-2.128326416015625,0.0,91421.515625,267.53533935546875,282.02001953125,292.358642578125,0.0001588627346791,0.0069678239524364,0.0074441544711589,-3.1864166259765625,-4.7629241943359375,1.0783843994140625,-14.625869750976562,-5.8001861572265625,-6.305450439453125
2016-12-12,0,0,293.2992553710937,283.4140625,0.9478607177734376,-2.957061767578125,0.0,91270.84375,268.2810363769531,281.95477294921875,290.775146484375,0.0018624716904014,0.0084505900740623,0.0087988004088401,-5.12701416015625,-5.646255493164063,0.5395965576171875,-15.858245849609377,-9.392623901367188,-11.186386108398438
2016-12-12,6,1,298.330322265625,285.7335205078125,1.2831268310546875,-5.203170776367188,0.0,91387.515625,268.3363647460937,282.0046691894531,291.33990478515625,0.0036525607574731,0.0090012140572071,0.0097897015511989,-7.360198974609375,-5.4990997314453125,1.9329681396484373,-14.725433349609377,-12.470611572265623,-8.791091918945312
2016-12-12,12,2,296.9383544921875,288.17633056640625,0.7531280517578125,-5.082855224609375,0.0,91115.9375,266.7611083984375,282.6404113769531,290.83380126953125,0.0040538646280765,0.0089433155953884,0.0107148550450801,-3.502548217773437,-4.455001831054688,3.028305053710937,-18.30078125,-17.635635375976562,-12.796844482421877
2016-12-12,18,3,292.647705078125,290.7323608398437,2.9626617431640625,-6.769210815429688,6.375,91148.59375,268.67266845703125,281.8702392578125,288.8343505859375,0.0047615133225917,0.0093940272927284,0.0127330794930458,-12.49713134765625,-10.73193359375,1.9986114501953125,-16.749603271484375,-21.934799194335938,-20.47247314453125
2016-12-13,0,0,292.3993530273437,291.1950988769531,0.060882568359375,-6.552291870117188,49.0,90895.15625,268.3575439453125,281.14971923828125,289.0014953613281,0.0051931869238615,0.0095227174460887,0.0131472498178482,-10.769912719726562,-12.103729248046877,-7.9157867431640625,-7.349716186523437,-9.798446655273438,-16.380050659179688
2016-12-13,6,1,292.1628112792969,291.5679931640625,-5.7320709228515625,-0.49334716796875,2.625,91220.984375,268.48211669921875,281.42645263671875,288.1339111328125,0.0049688108265399,0.0095048211514949,0.0125342458486557,-4.495407104492188,-5.80975341796875,-9.271011352539062,7.19342041015625,5.524185180664063,4.7513427734375
2016-12-13,12,2,293.1632080078125,291.86090087890625,-2.0181427001953125,2.163909912109375,11.5,91215.21875,267.2667541503906,282.00311279296875,289.2279052734375,0.0042371284216642,0.0096637681126594,0.0126060061156749,-2.118011474609375,-3.23858642578125,-3.1806793212890625,8.69482421875,9.484146118164062,9.157180786132812
2016-12-13,18,3,292.3722229003906,291.2432861328125,-3.1358184814453125,0.7986907958984375,15.0,91509.625,267.14141845703125,281.3851013183594,289.711669921875,0.0045458870008587,0.0093122981488704,0.0120006948709487,-2.1230926513671875,-3.363616943359375,-8.752395629882812,7.744491577148437,10.077499389648438,7.118331909179688
2016-12-14,0,0,293.15283203125,291.80780029296875,-3.263214111328125,0.41778564453125,17.875,91409.046875,267.3320007324219,281.86773681640625,288.97515869140625,0.0042743310332298,0.0093267448246479,0.0106166675686836,1.927581787109375,-3.074935913085937,-8.832382202148438,4.43682861328125,5.142059326171875,4.61663818359375
2016-12-14,6,1,296.31463623046875,290.2083740234375,-4.460906982421875,1.9569091796875,0.625,91656.0625,267.6434936523437,281.80303955078125,289.30487060546875,0.0039566345512866,0.0090391784906387,0.011942196637392,0.7744140625,-2.15277099609375,-7.249374389648437,1.5472869873046875,4.098648071289063,3.568267822265625
2016-12-14,12,2,296.7782897949219,290.34149169921875,-2.337860107421875,1.1759490966796875,6.5,91466.828125,267.81591796875,281.1847229003906,290.560546875,0.0038812754210084,0.0084890462458133,0.0123975817114114,-2.056732177734375,-3.44097900390625,-7.0163421630859375,1.5622406005859375,3.165756225585937,3.449447631835937
2016-12-14,18,3,293.47369384765625,291.5502014160156,-2.97247314453125,0.39892578125,0.0,91685.78125,268.06158447265625,281.64599609375,289.79302978515625,0.0034566635731607,0.0080800652503967,0.0124285798519849,-3.115264892578125,-3.528106689453125,-7.1285400390625,2.466033935546875,2.04010009765625,2.7479400634765625
2016-12-15,0,0,293.8076171875,291.2811279296875,-2.734405517578125,-0.0047760009765625,9.75,91578.3125,268.02520751953125,281.49688720703125,289.4825134277344,0.0030890807975083,0.0072669349610805,0.0119160190224647,-1.90765380859375,-3.325592041015625,-5.857192993164063,1.4335174560546875,1.17462158203125,1.83795166015625
2016-12-15,6,1,297.95849609375,289.34698486328125,-3.418807983398437,-0.0481414794921875,0.0,91799.65625,267.1585388183594,282.8486328125,289.503662109375,0.0028486761730164,0.0037937811575829,0.0111044235527515,-3.301986694335937,-6.836456298828125,-5.482192993164063,1.6680145263671875,0.617279052734375,-0.0109710693359375
2016-12-15,12,2,298.1630249023437,288.310302734375,-2.218902587890625,0.449127197265625,0.0,91558.703125,266.99432373046875,283.0279235839844,291.7858581542969,0.0023754383437335,0.002297316212207,0.0100694335997104,-4.12567138671875,-6.220138549804688,-6.3800201416015625,-1.896728515625,2.5545806884765625,0.341033935546875
2016-12-15,18,3,292.79840087890625,289.8168029785156,-2.982208251953125,0.2686004638671875,0.0,91820.734375,267.9618530273437,282.6595458984375,290.38916015625,0.0010065319947898,0.0019006154034286,0.0107857659459114,-8.893081665039062,-5.0665130615234375,-6.785614013671875,-3.29541015625,3.2231597900390625,1.2097930908203125
2016-12-16,0,0,293.90557861328125,291.33721923828125,-2.543975830078125,-0.4738311767578125,5.8125,91708.328125,268.84918212890625,281.68035888671875,290.04168701171875,0.0006571186240762,0.0033443318679928,0.0100915618240833,-10.898590087890623,-5.48583984375,-8.327423095703125,-2.31585693359375,3.5240936279296875,1.7563629150390625
2016-12-16,6,1,297.172607421875,291.7476806640625,-4.2021484375,-0.427459716796875,25.25,91967.734375,269.5214538574219,280.8652038574219,289.53173828125,0.0006878755521029,0.0069325231015682,0.012204710394144,-12.169509887695312,-5.87371826171875,-7.1096038818359375,-1.0358123779296875,1.9404449462890625,-0.2005615234375
2016-12-16,12,2,297.61187744140625,291.5848388671875,-2.433807373046875,-0.2811279296875,7.25,91711.59375,269.182373046875,281.379150390625,290.7095947265625,0.0006584250368177,0.0072266142815351,0.0125446449965238,-12.486343383789062,-3.643829345703125,-6.444107055664063,-0.7686309814453125,1.3232879638671875,-1.4227142333984375
2016-12-16,18,3,292.8665771484375,290.58612060546875,-2.5078125,-0.0180206298828125,0.0,91941.703125,268.7939453125,281.71923828125,289.45526123046875,0.0009359430987387,0.0066668651998043,0.0116102993488311,-12.695053100585938,-3.51361083984375,-5.34210205078125,0.5057373046875,0.8753814697265625,-0.6377105712890625
2016-12-17,0,0,293.1360168457031,290.665283203125,-1.8814849853515625,-0.435028076171875,0.625,91859.046875,268.673583984375,282.1827392578125,289.6947631835937,0.0005314683075994,0.0051697194576263,0.0102564245462417,-10.98095703125,-3.109405517578125,-4.77020263671875,3.307159423828125,-0.4456329345703125,-3.233673095703125
2016-12-17,6,1,299.08160400390625,290.4947509765625,-2.987640380859375,-2.1259765625,0.0,91919.109375,268.76177978515625,282.8143615722656,290.49395751953125,0.0007180322427302,0.0032706237398087,0.0116316173225641,-10.679428100585938,-3.571563720703125,-4.625213623046875,3.971237182617188,-1.9572601318359373,-3.5614471435546875
2016-12-17,12,2,299.2564392089844,288.3827514648437,-1.71893310546875,-1.07269287109375,0.0,91645.015625,269.0687866210937,283.0830078125,292.38311767578125,0.0008469654712826,0.0032561598345637,0.0106312707066535,-8.313934326171875,-2.5281219482421875,-4.9593505859375,1.487762451171875,-2.6751861572265625,-3.29852294921875
2016-12-17,18,3,292.5440979003906,289.31512451171875,-2.252471923828125,-0.1678619384765625,0.0,91902.25,268.5482788085937,283.4512939453125,290.70849609375,0.0009236696641892,0.0032790747936815,0.0100062042474746,-9.1146240234375,-6.4060821533203125,-3.619674682617188,0.3212738037109375,-2.818099975585937,-3.3596649169921875
2016-12-18,0,0,292.1377258300781,290.2070007324219,-1.9437255859375,-0.5342559814453125,0.0,91753.53125,268.5414428710937,283.6708374023437,290.279052734375,0.0006712358444929,0.0029699660371989,0.0090476758778095,-9.125228881835938,-5.872573852539063,-3.89349365234375,0.197601318359375,-2.29302978515625,-5.87811279296875
2016-12-18,6,1,298.8471069335937,288.3095092773437,-2.351058959960937,-2.7955780029296875,0.0,91902.34375,268.0445556640625,283.40875244140625,290.21893310546875,0.0001567258732393,0.0028389673680067,0.0101334564387798,-14.0428466796875,-6.411880493164063,-3.89410400390625,3.3746795654296875,-2.0913848876953125,-4.708663940429688
2016-12-18,12,2,298.578125,287.7864990234375,-1.6338043212890625,-1.416046142578125,0.0,91705.484375,268.656005859375,282.981201171875,292.15118408203125,0.0006725031416863,0.0025314537342637,0.0091636423021554,-16.352371215820312,-5.5616607666015625,-4.4395599365234375,3.8604583740234375,-1.3770751953125,-3.8963775634765625
2016-12-18,18,3,292.6525573730469,288.2226867675781,-2.31024169921875,-0.676483154296875,0.0,91884.703125,269.5367431640625,284.26287841796875,290.5436706542969,0.0001396578736603,0.0022212385665625,0.0091323964297771,-18.704330444335938,-8.894393920898438,-1.607635498046875,2.840560913085937,0.5373382568359375,-4.9964141845703125
2016-12-19,0,0,291.03790283203125,288.8031005859375,-1.471343994140625,-1.096221923828125,0.0,91731.078125,269.4579467773437,283.90484619140625,290.9400634765625,0.0001724191097309,0.0050731711089611,0.0060712918639183,-19.754638671875,-7.6786956787109375,-4.716278076171875,3.6836090087890634,2.056121826171875,-5.8929290771484375
2016-12-19,6,1,298.9671630859375,286.909912109375,-2.770736694335937,-2.9485321044921875,0.0,91913.640625,268.61474609375,284.4287109375,290.0736694335937,0.0001910494320327,0.0037815934047102,0.0083402283489704,-21.208084106445312,-7.8381500244140625,-5.1139068603515625,3.3789520263671875,1.5269775390625,-4.831451416015625
2016-12-19,12,2,299.1119079589844,285.8616027832031,-1.4728851318359375,-1.39654541015625,0.0,91618.109375,268.6982421875,284.2699279785156,292.30181884765625,0.0002254269493278,0.0022318817209452,0.0074510015547275,-21.866134643554688,-8.36346435546875,-4.53936767578125,1.826629638671875,0.91986083984375,-3.681060791015625
2016-12-19,18,3,291.2691955566406,286.5162048339844,-1.9983062744140625,-0.9320831298828124,0.0,91826.734375,268.69598388671875,284.1598815917969,291.1766967773437,0.0001868452673079,0.0018564185593277,0.0065810568630695,-20.770736694335938,-11.640167236328123,-2.069198608398437,2.9525604248046875,-0.2878875732421875,-2.0135650634765625
2016-12-20,0,0,290.66571044921875,288.67987060546875,-2.329452514648437,-0.666107177734375,0.0,91673.21875,268.4797058105469,285.61285400390625,292.3563842773437,0.0001979758817469,0.0007301452569663,0.003063065232709,-18.99238586425781,-12.896377563476562,-5.4591217041015625,0.8843536376953125,1.505035400390625,-0.264617919921875
2016-12-20,6,1,297.8271789550781,284.92205810546875,-3.560028076171875,-0.631988525390625,0.0,91863.8125,268.2552490234375,285.4309997558594,290.56317138671875,0.0002081825805362,0.0006637622136622,0.0079363323748111,-16.990402221679688,-11.491409301757812,-7.266281127929687,0.197723388671875,1.344573974609375,-0.1968536376953125
2016-12-20,12,2,299.1842956542969,289.7431335449219,-2.0977783203125,0.2753448486328125,0.0,91597.546875,268.7130126953125,285.52264404296875,292.3586730957031,0.0001995307247852,0.0005857567302882,0.0109221003949642,-16.66314697265625,-10.621490478515623,-5.207855224609375,0.344146728515625,-1.588165283203125,0.8341064453125
2016-12-20,18,3,292.5429382324219,290.1889038085937,-2.5256805419921875,0.2220306396484375,0.0,91898.015625,268.8809509277344,285.3512268066406,290.6175231933594,0.0002219241432612,0.0006058271974325,0.0109543353319168,-17.797042846679688,-11.336044311523438,-2.6138153076171875,-0.292236328125,-2.818206787109375,1.7280731201171875
2016-12-21,0,0,291.9286193847656,289.7619323730469,-2.065658569335937,0.0008544921875,0.125,91762.546875,269.1556396484375,285.549560546875,289.709228515625,0.0001596402289578,0.0004774099215865,0.0090591721236705,-16.429885864257812,-11.63629150390625,-3.082733154296875,0.7676849365234375,-4.169921875,2.647201538085937
2016-12-21,6,1,299.1431884765625,288.2704772949219,-1.8253021240234373,0.840057373046875,0.0,91993.265625,269.3277282714844,285.4144287109375,290.125732421875,0.00012788856111,0.0003957895096391,0.0100570991635322,-16.395065307617188,-9.730438232421877,-2.8068084716796875,0.1665496826171875,-4.714385986328125,1.2213592529296875
2016-12-21,12,2,299.7783203125,292.18902587890625,-1.4059600830078125,-0.1737213134765625,0.0,91672.46875,269.08575439453125,285.1098937988281,293.41192626953125,0.0001589507737662,0.0003234315663576,0.0088555626571178,-17.91766357421875,-8.035568237304688,-1.0804290771484375,-1.083892822265625,-5.3364105224609375,-0.6757354736328125
2016-12-21,18,3,292.87078857421875,288.73065185546875,-1.832550048828125,-0.880645751953125,0.0,91875.109375,269.24200439453125,285.16864013671875,291.8314819335937,0.0001564557896926,0.0004751542583107,0.0094563998281955,-18.980438232421875,-8.541656494140625,-2.2681884765625,-2.7728271484375,-4.106735229492188,-1.6998291015625
2016-12-22,0,0,291.2857666015625,289.4414367675781,-1.825897216796875,-0.722930908203125,0.0,91749.734375,268.8612976074219,284.3369445800781,290.25604248046875,0.0001698428968666,0.0004518707282841,0.0086729079484939,-17.929046630859375,-9.113800048828123,0.5262603759765625,-4.462326049804688,-3.391220092773437,-3.852508544921875
2016-12-22,6,1,299.383544921875,284.7455444335937,-0.49407958984375,-2.809677124023437,0.0,91899.890625,269.1019287109375,284.55352783203125,291.1628112792969,0.0001684204762568,0.0004787894431501,0.006650160998106,-15.657745361328123,-8.6910400390625,-0.960235595703125,-4.33428955078125,-3.70111083984375,-4.1794281005859375
2016-12-22,12,2,299.91534423828125,288.3514404296875,-1.2065277099609375,-1.8633270263671875,0.0,91604.25,268.77978515625,284.89520263671875,293.93670654296875,0.0001724289759295,0.0003998561296612,0.0064162611961364,-13.4007568359375,-6.58172607421875,-1.3806610107421875,-7.1097412109375,-5.373260498046875,-3.424102783203125
2016-12-22,18,3,290.7750549316406,285.1565246582031,-2.12481689453125,-0.950531005859375,0.0,91806.421875,268.3790588378906,285.5911865234375,292.6604309082031,0.0001588667364558,0.0004174448549747,0.0056621991097927,-12.7230224609375,-8.564117431640625,0.358489990234375,-8.299667358398438,-6.7999267578125,-3.555160522460937
2016-12-23,0,0,288.333984375,284.1767578125,-1.228271484375,-1.53125,0.0,91605.1875,268.4169006347656,284.7396850585937,291.5467224121094,0.0001627276069484,0.0007372975815087,0.0038986399304121,-9.569534301757812,-8.082122802734375,-0.5085601806640625,-10.314468383789062,-6.250778198242188,-5.794281005859375
2016-12-23,6,1,299.4964294433594,281.55206298828125,-0.9820709228515624,-2.433502197265625,0.0,91729.796875,269.1449890136719,284.93414306640625,291.2359619140625,0.000168730461155,0.0009243888780474,0.0054466761648654,-7.3974151611328125,-7.39141845703125,-1.4259796142578125,-9.165573120117188,-6.579742431640625,-3.716156005859375
2016-12-23,12,2,299.3398132324219,286.526123046875,-1.5611724853515625,-1.3592376708984375,0.0,91448.421875,268.53399658203125,284.5540466308594,293.57177734375,0.0002696868032217,0.0006926446221768,0.005973994731903,-6.47259521484375,-4.281997680664063,-1.6928558349609375,-11.435623168945312,-6.5796966552734375,-3.4297332763671875
2016-12-23,18,3,290.724365234375,283.0678405761719,-2.2792205810546875,-0.30352783203125,0.0,91668.828125,268.829345703125,285.314453125,292.40313720703125,0.0001969674776773,0.0005917833186686,0.0053741857409477,-9.047042846679688,-6.6737060546875,-1.05535888671875,-7.9333343505859375,-8.452896118164062,-3.9880523681640634
2016-12-24,0,0,288.29266357421875,285.4375,-1.861724853515625,-0.618560791015625,0.0,91478.515625,269.9110107421875,285.109619140625,290.97265625,0.0001249669585376,0.0006068681832402,0.0045253336429595,-7.0481719970703125,-9.446212768554688,-0.8815765380859375,-5.5456085205078125,-7.1360626220703125,-5.533370971679688
2016-12-24,6,1,299.3103942871094,281.2640380859375,-1.7023162841796875,-1.503143310546875,0.0,91591.0625,269.9462890625,285.5501403808594,291.02593994140625,0.0001166403235401,0.0005896226502954,0.0058477595448493,-6.443756103515625,-8.990493774414062,-2.464019775390625,-4.0043487548828125,-4.971832275390625,-2.323486328125
2016-12-24,12,2,299.1849060058594,283.341552734375,-1.8024139404296875,-0.8105621337890625,0.0,91306.953125,269.3341064453125,285.7686462402344,293.5753173828125,0.000125822101836,0.0005294880829751,0.0054527707397937,-6.555023193359375,-7.988418579101562,-2.970733642578125,-5.095458984375,-4.172164916992188,-2.03314208984375
2016-12-24,18,3,290.1449584960937,283.0777587890625,-2.9763641357421875,0.36907958984375,0.0,91563.125,268.8416748046875,285.91357421875,291.54150390625,0.00015038291167,0.0005539392586797,0.005674485117197,-9.121871948242188,-9.484970092773438,-1.782623291015625,-5.332931518554688,-3.2119140625,-0.4631500244140625
2016-12-25,0,0,288.312255859375,285.9969482421875,-2.025741577148437,0.4692535400390625,0.0,91503.4375,269.45770263671875,285.4468994140625,290.3912658691406,0.0001219014666276,0.0005836149211972,0.0060257986187934,-7.707763671875,-8.62158203125,0.8066253662109375,-2.6146697998046875,-3.162445068359375,0.0488433837890625
2016-12-25,6,1,297.934814453125,284.5766296386719,-0.1689453125,-0.2619171142578125,0.0,91744.265625,269.1353759765625,285.7413330078125,289.7880859375,0.000142012751894,0.0006456384435296,0.0075462646782398,-6.521697998046875,-8.527053833007812,-0.136810302734375,-2.32513427734375,-3.78900146484375,-1.0451507568359375
2016-12-25,12,2,298.9841003417969,288.12896728515625,-1.70440673828125,-0.81024169921875,0.0,91474.0625,269.0179443359375,284.5034484863281,293.4721069335937,0.0001588558661751,0.0006513365078717,0.0060779377818107,-6.351806640625,-6.498291015625,-1.0748748779296875,-4.82366943359375,-3.352508544921875,-1.70654296875
2016-12-25,18,3,291.6257019042969,284.5476989746094,-2.423583984375,-0.612762451171875,0.0,91693.765625,268.99481201171875,284.396484375,292.278564453125,0.0001705202594166,0.000723818084225,0.0055478252470493,-8.725051879882812,-9.400588989257812,-0.549163818359375,-4.2681427001953125,-3.72076416015625,-2.3982391357421875
2016-12-26,0,0,288.32354736328125,286.49688720703125,-2.181243896484375,-0.2733917236328125,0.0,91556.375,269.7825927734375,283.78668212890625,291.11138916015625,0.0001629995531402,0.0007909412961453,0.0050161145627498,-5.8336181640625,-8.89190673828125,-0.417572021484375,-3.200958251953125,-1.555572509765625,-3.36102294921875
2016-12-26,6,1,299.0435791015625,283.6124267578125,-1.5980072021484375,-2.3557281494140625,0.0,91722.40625,268.9327392578125,284.0326538085937,291.2733154296875,0.0001655422092881,0.0020888531580567,0.0064794681966304,-5.8177490234375,-7.2487640380859375,-2.62890625,-3.32806396484375,-2.9278717041015625,-3.629150390625
2016-12-26,12,2,299.8716125488281,283.5793762207031,-1.8491058349609373,-1.215545654296875,0.0,91480.109375,268.1244812011719,284.3904724121094,293.95343017578125,0.0002079112891806,0.000921317609027,0.0059008933603763,-6.3065948486328125,-6.26751708984375,-4.578170776367188,-8.551727294921875,-1.766357421875,-3.6085357666015625
2016-12-26,18,3,291.5697631835937,282.7821350097656,-2.6553192138671875,-0.7403717041015625,0.0,91787.53125,267.1429443359375,283.77911376953125,292.48565673828125,0.0001455093297408,0.0010864995419979,0.004022778943181,-9.233489990234377,-7.132614135742188,-2.996337890625,-6.846221923828125,-1.8678131103515625,-3.8309173583984375
2016-12-27,0,0,289.62823486328125,283.5887145996094,-2.3544158935546875,-1.9144287109375,0.0,91574.203125,267.98223876953125,283.998046875,291.87799072265625,9.257438068743797e-05,0.0003362416755408,0.0019334005191922,-8.43206787109375,-7.253875732421875,-7.1927642822265625,-6.436691284179688,-1.4125518798828125,-3.035064697265625
2016-12-27,6,1,299.1010131835937,283.05450439453125,-3.914276123046875,-1.2360992431640625,0.0,91804.125,267.544189453125,283.7424011230469,290.7704467773437,4.805167554877698e-05,0.0003325780853629,0.006277784705162,-11.801498413085938,-7.211090087890625,-6.3106231689453125,-5.891845703125,-1.3546600341796875,-2.11785888671875
2016-12-27,12,2,299.85711669921875,282.7972412109375,-2.1946258544921875,-0.862823486328125,0.0,91435.453125,268.1061096191406,284.76885986328125,293.6510314941406,4.950235597789288e-05,0.0011084801517426,0.0065851025283336,-11.230117797851562,-8.299209594726562,-6.143951416015625,-6.3743743896484375,0.6146240234375,-2.560546875
2016-12-27,18,3,292.1291809082031,285.5828857421875,-3.3189849853515625,-0.6728668212890625,0.0,91770.421875,268.43536376953125,283.50274658203125,290.01885986328125,6.325697177089751e-05,0.0031778733246028,0.0081683918833732,-14.053985595703123,-6.800827026367188,-6.472427368164063,-6.3284912109375,0.48260498046875,-2.608367919921875
2016-12-28,0,0,290.7711181640625,287.1176452636719,-2.68829345703125,-1.1056365966796875,0.0,91593.546875,268.44659423828125,283.8449401855469,289.916259765625,0.0001328546932199,0.0011395635083317,0.0105476789176464,-12.554168701171877,-7.783279418945312,-6.7261505126953125,-5.535675048828125,-2.0770721435546875,2.1329803466796875
2016-12-28,6,1,299.1676940917969,289.31304931640625,-3.7175445556640634,0.437225341796875,0.0,91824.265625,267.67803955078125,284.3616027832031,290.4631652832031,0.00014957782696,0.0003571130218915,0.0100427381694316,-11.247772216796877,-8.24041748046875,-5.721038818359375,-4.867965698242188,-1.0666046142578125,0.7021484375
2016-12-28,12,2,299.1184387207031,287.97247314453125,-2.8160858154296875,0.2990570068359375,0.0,91508.40625,267.2945861816406,285.06060791015625,292.1893310546875,0.0001735143596306,0.0003245724365115,0.0096701234579086,-10.059188842773438,-4.801605224609375,-5.353561401367188,-3.8610687255859375,-2.30621337890625,0.27813720703125
2016-12-28,18,3,291.1959533691406,287.8905334472656,-2.8021240234375,0.1513519287109375,0.0,91831.625,267.408203125,283.9583740234375,289.75634765625,0.0001234456140082,0.0003714142367243,0.0089489370584487,-10.925643920898438,-6.570816040039063,-2.4429931640625,-1.6916961669921875,-1.8911895751953125,-0.3503570556640625
2016-12-29,0,0,290.1861877441406,287.81817626953125,-2.751434326171875,-0.7801513671875,0.0,91710.3125,267.85986328125,283.7484130859375,289.8504333496094,9.85025253612548e-05,0.0003565219230949,0.0040201358497142,-9.800506591796877,-6.901870727539063,-3.94366455078125,-0.5345306396484375,-4.043365478515625,-2.112579345703125
2016-12-29,6,1,298.2100830078125,282.2441101074219,-3.251861572265625,-0.853179931640625,0.0,91884.890625,267.3038024902344,284.275146484375,289.5892028808594,0.0001227380998898,0.000569128897041,0.006150871515274,-9.615447998046877,-7.239669799804687,-4.881149291992188,0.7073516845703125,-4.538833618164063,-1.28253173828125
2016-12-29,12,2,298.63262939453125,282.83642578125,-1.778594970703125,-0.0930938720703125,0.0,91567.546875,266.8020324707031,284.15301513671875,292.3681335449219,0.0001575152273289,0.0006300120148807,0.0062104724347591,-7.1708831787109375,-5.92303466796875,-4.2413482666015625,-1.763336181640625,-3.389877319335937,-0.2150421142578125
2016-12-29,18,3,291.2607727050781,285.90936279296875,-2.742706298828125,-0.1607666015625,0.0,91831.578125,266.4810791015625,284.1703491210937,290.17462158203125,0.000138852497912,0.0006355345249176,0.0070691779255867,-7.876953125,-6.595230102539063,-2.376983642578125,-1.9128570556640625,-1.358551025390625,-0.3733062744140625
2016-12-30,0,0,290.0855407714844,288.3790283203125,-2.8602447509765625,-0.50128173828125,0.0,91719.015625,266.8915405273437,284.2811279296875,289.1112670898437,9.624063386581838e-05,0.0005807850975543,0.0062213130295276,-4.9091339111328125,-6.096115112304688,-3.418853759765625,-1.83026123046875,-2.3271026611328125,-2.998153686523437
2016-12-30,6,1,297.37188720703125,284.3407287597656,-3.34259033203125,-0.783172607421875,0.0,91955.046875,266.2381591796875,284.6493225097656,288.8370056152344,0.0001326095080003,0.0005418399814516,0.0067128762602806,-4.4900970458984375,-6.660369873046875,-5.253082275390625,-3.639968872070313,-3.300155639648437,-1.35595703125
2016-12-30,12,2,298.35711669921875,283.89190673828125,-1.8263397216796875,-0.074615478515625,0.0,91633.359375,265.4984741210937,284.3861083984375,291.7539978027344,0.0001735036785248,0.0006198019254952,0.0072772614657878,-4.56317138671875,-5.127197265625,-3.9393310546875,-5.069122314453125,-2.122543334960937,-0.58013916015625
2016-12-30,18,3,291.1473693847656,286.54168701171875,-3.18402099609375,0.3262939453125,0.0,91887.4375,265.7593078613281,284.1766662597656,289.33221435546875,0.0001242878352059,0.0006598385516554,0.0087005943059921,-4.074432373046875,-6.647994995117188,-3.919021606445313,-4.949127197265625,-2.1369781494140625,-0.7514190673828125
2016-12-31,0,0,290.21978759765625,288.05035400390625,-2.0085601806640625,-0.677764892578125,0.125,91651.171875,266.6154479980469,284.5201721191406,289.2794189453125,8.622872701380402e-05,0.0006983818020671,0.0050037242472171,-0.43084716796875,-6.359909057617188,-4.32318115234375,-6.05340576171875,-2.40130615234375,-4.0617218017578125
2016-12-31,6,1,297.5791320800781,282.1920471191406,-3.089447021484375,-1.2783050537109375,0.0,91843.1875,266.6390991210937,285.22271728515625,289.275634765625,0.0001759830192895,0.0006267917342483,0.0058598741888999,-2.5895538330078125,-6.39569091796875,-4.828369140625,-8.471954345703125,-2.281982421875,-2.1064453125
2016-12-31,12,2,298.56500244140625,283.5751342773437,-2.0308074951171875,0.1087646484375,0.0,91504.65625,266.71044921875,284.7327880859375,292.29119873046875,0.0002502434072084,0.0005802328232675,0.0061139799654483,-1.303558349609375,-3.9264984130859375,-4.7816162109375,-10.89910888671875,-1.2803955078125,-0.0072174072265625
2016-12-31,18,3,291.1466064453125,285.737548828125,-2.8685760498046875,0.67041015625,0.0,91847.296875,266.74786376953125,283.8926086425781,289.25885009765625,0.0004087958950549,0.0006699487566947,0.0079668164253234,-1.3885040283203125,-4.059844970703125,-3.8049163818359375,-11.012100219726562,-0.757049560546875,1.5144195556640625
2017-01-01,0,0,289.5296936035156,287.81884765625,-2.393341064453125,-0.334686279296875,0.0,91665.46875,266.2281494140625,284.13641357421875,290.23876953125,0.0004427775274962,0.000584099907428,0.0042473841458559,-1.35235595703125,-3.11773681640625,-2.09185791015625,-11.518417358398438,0.020721435546875,-0.005706787109375
2017-01-01,6,1,298.2828369140625,283.7969970703125,-2.301971435546875,2.100982666015625,0.0,91899.265625,265.83349609375,283.2592163085937,290.1425170898437,0.000494789390359,0.0006592490244656,0.0069743059575557,0.14630126953125,-1.6209564208984375,-3.558319091796875,-13.705001831054688,-1.730743408203125,3.1703643798828125
2017-01-01,12,2,298.898681640625,286.31573486328125,-1.430023193359375,0.5872039794921875,0.0,91541.546875,266.4415283203125,283.208251953125,292.1861877441406,0.0005207171780057,0.0005419289227575,0.0080423280596733,0.9054718017578124,0.570281982421875,-2.952728271484375,-16.85943603515625,-1.961395263671875,1.185516357421875
2017-01-01,18,3,292.40509033203125,288.6422119140625,-3.0608062744140625,1.2175140380859375,0.0,91807.578125,266.48028564453125,284.01708984375,290.6571655273437,0.0005609330255538,0.0003404913004487,0.0088297687470912,-1.2826385498046875,-2.013778686523437,-1.647613525390625,-19.17523193359375,-1.646820068359375,1.789459228515625
2017-01-02,0,0,291.5026550292969,290.32049560546875,-2.777816772460937,0.105743408203125,0.75,91678.609375,268.6439208984375,283.5611267089844,289.9742126464844,0.000329285627231,0.0003934318665415,0.0086775049567222,0.3939666748046875,-0.837005615234375,0.24078369140625,-18.500076293945312,-1.0399017333984375,-0.0134735107421875
2017-01-02,6,1,298.8321533203125,288.44757080078125,-1.176300048828125,-0.4402618408203125,0.0,91911.765625,268.54443359375,283.3043212890625,289.59051513671875,0.0003632027655839,0.0004186108708381,0.009922394528985,-2.46453857421875,-0.1811370849609375,-1.5429840087890625,-11.566162109375,-1.0285797119140625,-1.0116424560546875
2017-01-02,12,2,299.5321655273437,288.56500244140625,-1.084228515625,-0.580352783203125,0.0,91642.140625,268.3344116210937,280.2625732421875,292.91748046875,0.0003567223902791,0.002931754104793,0.0081447102129459,-1.7167510986328125,-0.0264739990234375,-1.609375,-10.871658325195312,-3.342498779296875,-1.7498626708984375
2017-01-02,18,3,293.2858581542969,283.975341796875,-3.2570953369140625,-0.1713714599609375,0.0,91893.390625,267.1683959960937,281.22491455078125,290.1623840332031,0.0003803540021181,0.0019492045976221,0.007525086402893,-1.003173828125,0.7582244873046875,-6.5711822509765625,-14.107559204101562,-7.4301605224609375,1.5965423583984375
2017-01-03,0,0,289.92169189453125,287.65155029296875,-1.54400634765625,-0.603546142578125,0.0,91748.359375,267.19805908203125,282.268310546875,290.4148864746094,0.0002529072808101,0.0007153693586587,0.0066971853375434,-2.2020721435546875,-4.9667510986328125,-1.668487548828125,-12.30535888671875,-3.75677490234375,-5.240890502929688
2017-01-03,6,1,299.35186767578125,284.91632080078125,-1.710662841796875,-2.721664428710937,0.0,91894.765625,267.6117553710937,282.2319030761719,291.02740478515625,0.0002407367428531,0.0009747431613504,0.0073712691664695,-5.224777221679688,-3.947052001953125,-2.4209136962890625,-12.748138427734377,-2.9585113525390625,-4.205352783203125
2017-01-03,12,2,299.88525390625,285.2179870605469,-1.0991058349609375,-1.0422210693359375,0.0,91532.25,267.5147705078125,282.20147705078125,293.4777526855469,0.0002500319387763,0.0009563504718244,0.0066793449223041,-4.9476470947265625,0.4183197021484375,-2.209808349609375,-12.024444580078123,-4.682296752929688,-2.911102294921875
2017-01-03,18,3,292.6305236816406,284.097900390625,-3.0357666015625,0.2352142333984375,0.0,91799.765625,267.0580139160156,282.217041015625,291.2438659667969,0.0003381418064236,0.0008769817650318,0.0072439424693584,-1.8184814453125,0.181610107421875,-4.2630462646484375,-11.266647338867188,-5.856979370117188,-2.1011962890625
2017-01-04,0,0,290.5140380859375,287.1678771972656,-2.204940795898437,-0.103485107421875,0.0,91671.609375,266.676513671875,281.9543151855469,290.62957763671875,0.0002961324062198,0.0008210826199501,0.007143285125494,1.4881439208984375,-1.0643768310546875,-2.8668975830078125,-10.542755126953123,-3.8842926025390634,-4.2837982177734375
2017-01-04,6,1,298.4658203125,285.9530029296875,-1.4575958251953125,-0.808837890625,0.0,91832.734375,266.7939453125,282.8881530761719,290.3549194335937,0.000216203436139,0.0008344631642103,0.0082553587853908,1.3754730224609375,-2.542633056640625,-1.7411956787109375,-8.62786865234375,-4.22381591796875,-1.574920654296875
2017-01-04,12,2,299.7225952148437,287.4087219238281,-0.558074951171875,-1.317779541015625,0.0,91556.375,268.4626770019531,279.25836181640625,293.1010131835937,0.0002003906556637,0.003423566231504,0.0071938186883926,-1.534515380859375,0.018280029296875,-0.7214202880859375,-10.770065307617188,-5.8888092041015625,-3.2515869140625
2017-01-04,18,3,293.125244140625,285.5625305175781,-3.1039581298828125,-0.0211181640625,0.0,91780.90625,269.5014038085937,281.2439880371094,290.4086303710937,0.0002369155990891,0.0010177153162658,0.0083366930484771,-3.85638427734375,0.7928314208984375,-6.019744873046875,-12.175460815429688,-6.9181060791015625,-2.03546142578125
2017-01-05,0,0,290.6003112792969,288.6764221191406,-1.90032958984375,-0.2399139404296875,0.0,91624.4375,269.03717041015625,282.1141357421875,289.8832702636719,0.0002338036429136,0.0006507493089884,0.0073000788688659,-3.8891754150390634,-2.006683349609375,-2.6772613525390625,-11.992294311523438,-4.7189483642578125,-6.361862182617188
2017-01-05,6,1,298.51513671875,286.14715576171875,-1.5288848876953125,-1.9369354248046875,0.0,91815.953125,269.17510986328125,281.6319274902344,290.1803283691406,0.0002438415685901,0.0008328857365995,0.0081957057118415,-4.2569427490234375,-2.204010009765625,-2.096435546875,-9.59246826171875,-4.7227783203125,-3.0720977783203125
2017-01-05,12,2,299.53985595703125,284.7618103027344,-0.93145751953125,-1.285797119140625,0.0,91470.828125,268.8669738769531,281.8583679199219,293.37677001953125,0.000300213927403,0.0005681095644831,0.0061535909771919,-3.194000244140625,1.0940399169921875,-2.222930908203125,-8.421920776367188,-3.2112274169921875,-3.2417755126953125
2017-01-05,18,3,292.15142822265625,285.2078552246094,-3.229232788085937,0.6811981201171875,0.0,91669.671875,269.138671875,283.52667236328125,289.66619873046875,0.000227607859415,0.0003260322846472,0.0087177231907844,-1.2719573974609375,0.6527099609375,-6.557052612304688,-6.3068389892578125,-6.836883544921875,1.0201263427734375
2017-01-06,0,0,290.51641845703125,288.9322509765625,-1.8385772705078125,0.061492919921875,0.0,91588.328125,269.1010131835937,283.5785522460937,289.93194580078125,0.0001486078836023,0.0003149062395095,0.0064201429486274,1.6600799560546875,-3.7441558837890634,-2.2156524658203125,-5.9892120361328125,-4.4710540771484375,-2.6861572265625
2017-01-06,6,1,298.3533935546875,285.3212280273437,-1.4857025146484375,-1.2958221435546875,0.0,91785.8125,268.6586303710937,284.26153564453125,290.0258178710937,0.0001305646437685,0.0003446787595748,0.0071261078119277,-0.3621673583984375,-4.645599365234375,-1.739654541015625,-4.576202392578125,-3.677413940429688,-2.1714630126953125
2017-01-06,12,2,299.3222351074219,285.8010559082031,-1.1198577880859375,-0.7852630615234375,0.0,91442.46875,269.6531982421875,283.47528076171875,293.3373107910156,9.782053530216216e-05,0.0003444394096732,0.0059625022113323,0.99822998046875,-2.183837890625,-1.3209075927734375,-5.4734649658203125,-4.194503784179688,-1.788543701171875
2017-01-06,18,3,291.95965576171875,284.8984375,-3.0702056884765625,0.5156097412109375,0.0,91666.171875,270.53778076171875,285.314208984375,290.39892578125,7.770690717734396e-05,0.0003101166803389,0.0078455992043018,-0.014556884765625,-1.497955322265625,-4.645553588867188,-5.5040130615234375,-5.30072021484375,2.2684478759765625
2017-01-07,0,0,289.7609558105469,288.16943359375,-2.640350341796875,1.3256072998046875,0.125,91498.34375,270.0133056640625,284.1575012207031,289.2845153808594,7.68294557929039e-05,0.0004687102045863,0.0081636011600494,0.5758819580078125,-5.2239532470703125,-0.3253021240234375,-6.168380737304688,-4.935821533203125,3.18511962890625
2017-01-07,6,1,297.95947265625,287.3831787109375,0.0081787109375,0.6755828857421875,0.0,91647.6875,270.4464416503906,284.3720092773437,289.56219482421875,8.290802361443639e-05,0.0005132765509188,0.0089628584682941,0.641632080078125,-4.567398071289063,0.1993255615234375,-5.54620361328125,-3.664627075195313,0.319366455078125
2017-01-07,12,2,299.5888671875,289.3922119140625,-0.7650299072265625,0.122955322265625,0.0,91293.796875,270.279052734375,282.0460510253906,293.2647705078125,9.053369285538793e-05,0.0013838477898389,0.0078042596578598,1.269561767578125,-0.8112030029296875,-0.7819976806640625,-4.5648040771484375,-3.3004150390625,-0.444366455078125
2017-01-07,18,3,292.7509765625,286.94354248046875,-3.1071929931640625,0.5770416259765625,0.0,91488.34375,269.3719482421875,284.9528503417969,291.18218994140625,9.449527715332806e-05,0.0003646337427198,0.0086104460060596,1.9024505615234373,-1.994720458984375,-2.885604858398437,-3.142852783203125,-0.99432373046875,1.655364990234375
2017-01-08,0,0,290.5105285644531,288.56317138671875,-2.483627319335937,1.1401519775390625,0.0,91418.953125,269.39715576171875,283.35040283203125,289.8100280761719,8.841675298754126e-05,0.0004266637843102,0.0088649950921535,3.6871490478515625,-3.9308013916015625,-0.0890655517578125,-4.46533203125,-0.1629791259765625,2.69586181640625
2017-01-08,6,1,297.4003295898437,287.26300048828125,-1.0634765625,0.71282958984375,0.0,91592.671875,269.3964233398437,284.2171630859375,289.600341796875,8.196949784178287e-05,0.0003587182145565,0.0096372440457344,4.64892578125,-1.2841949462890625,-1.4091339111328125,-3.30126953125,1.7729339599609375,0.4353790283203125
2017-01-08,12,2,299.3861694335937,286.85711669921875,-1.1636505126953125,0.3685760498046875,0.0,91263.84375,269.6278076171875,282.13543701171875,293.1429748535156,9.01736639207229e-05,0.0009782412089407,0.0080239959061145,5.61517333984375,0.8705596923828125,-2.5775909423828125,-1.497039794921875,1.14306640625,0.21429443359375
2017-01-08,18,3,292.4343566894531,286.5087280273437,-3.92352294921875,1.207916259765625,0.0,91531.0,269.09234619140625,285.07244873046875,289.02252197265625,9.814325312618166e-05,0.0002455809153616,0.0095178633928298,6.0544281005859375,0.922119140625,-6.250335693359375,-0.2964324951171875,2.310638427734375,4.501922607421875
2017-01-09,0,0,290.5243530273437,286.8802490234375,-2.5470123291015625,0.916290283203125,0.0,91398.625,268.8190002441406,283.5544128417969,289.36492919921875,0.0001077956694643,0.0003910162486135,0.0089336149394512,6.5574493408203125,2.8817138671875,-3.289169311523437,0.9769744873046876,3.577178955078125,1.2530670166015625
2017-01-09,6,1,298.12646484375,286.3321533203125,-0.9425201416015624,1.162139892578125,0.0,91653.65625,268.701904296875,282.4698486328125,289.4976806640625,0.000124868020066,0.0012768341694027,0.0086443051695823,6.96868896484375,3.373687744140625,-1.238189697265625,-0.01507568359375,2.7078399658203125,1.155914306640625
2017-01-09,12,2,299.6807556152344,286.3450927734375,0.0823516845703125,-0.3316650390625,0.0,91337.03125,268.6341552734375,278.25146484375,292.8838195800781,0.0001636064553167,0.0046687088906764,0.0076828896999359,7.467147827148437,2.4964752197265625,0.3754730224609375,-1.284027099609375,-1.655975341796875,-0.8345184326171875
2017-01-09,18,3,292.7685241699219,283.84100341796875,-2.863265991210937,0.365081787109375,0.0,91494.640625,268.992919921875,280.6390991210937,291.5388488769531,0.0001680142304394,0.0024077086709439,0.0074078794568777,5.731216430664063,6.720474243164063,-0.4936065673828125,-2.061614990234375,-1.5860443115234375,1.935028076171875
2017-01-10,0,0,290.63543701171875,286.365478515625,-1.676177978515625,0.5892181396484375,0.0,91474.828125,268.53985595703125,282.8480529785156,289.3365783691406,0.0002080939593724,0.0005319444462656,0.0079858973622322,8.207183837890625,6.3550567626953125,1.6129302978515625,-3.2763214111328125,-0.5888671875,3.41156005859375
2017-01-10,6,1,298.1305236816406,287.4100952148437,-0.0427398681640625,1.04693603515625,0.0,91697.828125,269.1801147460937,282.4958801269531,289.9735107421875,0.0001901090872706,0.0008156434632837,0.0088575854897499,4.8507080078125,5.098663330078125,0.0061492919921875,-4.7274169921875,-0.7851715087890625,1.221435546875
2017-01-10,12,2,299.7266845703125,285.7066955566406,0.9160614013671876,0.400909423828125,0.0,91405.59375,269.50469970703125,277.56280517578125,292.92681884765625,0.0001632688508834,0.0064254514873027,0.0073737241327762,2.6951904296875,0.3749237060546875,1.6109466552734375,-4.8107757568359375,-1.4300384521484375,0.1119842529296875
2017-01-10,18,3,294.2204895019531,285.251953125,-0.7613983154296875,0.4609375,0.25,91598.953125,269.9678649902344,277.4315795898437,292.44488525390625,0.0001280704600503,0.0060100890696048,0.0075065828859806,0.854400634765625,-0.9205474853515624,1.280914306640625,-4.52886962890625,-3.11981201171875,-0.585113525390625
2017-01-11,0,0,291.5892639160156,288.0057678222656,-1.32708740234375,1.0521240234375,2.625,91532.8125,269.54864501953125,282.3199462890625,289.5263671875,0.0001239129196619,0.0015994380228221,0.0084496140480041,0.7532501220703125,5.2539825439453125,1.981781005859375,-5.00311279296875,-0.8515777587890625,2.49444580078125
2017-01-11,6,1,298.39556884765625,288.0135498046875,-0.597503662109375,0.7559814453125,9.375,91742.671875,269.7557373046875,282.4951171875,290.1202392578125,0.0001731327211018,0.0009411734063178,0.0094347782433032,-0.981201171875,4.998992919921875,-0.96295166015625,-5.7577056884765625,-3.1553497314453125,0.7335205078125
2017-01-11,12,2,299.422607421875,289.2076416015625,-0.424224853515625,-0.4391937255859375,7.0,91416.265625,270.2864074707031,277.7071533203125,292.947265625,0.0001644322182983,0.006692461669445,0.0078988783061504,-1.2494659423828125,0.855438232421875,-0.215087890625,-7.228195190429687,-3.1328277587890625,-1.44329833984375
2017-01-11,18,3,293.321044921875,285.81591796875,-3.23968505859375,0.2366790771484375,0.0,91595.65625,269.76727294921875,279.53594970703125,290.3211975097656,0.0001659986155573,0.0039129182696342,0.0089570097625255,-1.9533233642578125,3.87176513671875,-4.913818359375,-4.057373046875,-4.248046875,4.1679534912109375
2017-01-12,0,0,290.8549194335937,288.0989685058594,-1.79541015625,1.1036834716796875,0.0,91487.71875,269.01513671875,285.0921630859375,288.5398864746094,0.0002435997739667,0.0005744870286434,0.0095818061381578,0.3931121826171875,0.7851715087890625,0.5623321533203125,-3.4159088134765625,-6.2171783447265625,5.309371948242188
2017-01-12,6,1,297.9503173828125,287.755859375,-0.1969451904296875,1.6385498046875,4.5,91678.484375,268.58697509765625,284.92596435546875,289.85308837890625,0.0002604051260277,0.0004293622914701,0.0093698482960462,2.8461456298828125,-1.581634521484375,-0.125518798828125,-3.220077514648437,-5.006881713867188,1.9812164306640625
2017-01-12,12,2,298.7631225585937,286.8804931640625,-0.1159210205078125,0.741546630859375,6.0,91337.984375,269.270751953125,278.2959289550781,292.1988830566406,0.00018718719366,0.0060261227190494,0.0086033679544925,2.3766326904296875,0.2613372802734375,0.027496337890625,-2.179962158203125,-2.357696533203125,1.0288848876953125
2017-01-12,18,3,293.2133178710937,286.434814453125,-2.7965850830078125,1.7016143798828125,0.625,91545.6875,269.75543212890625,278.2174072265625,291.4445495605469,0.0001790974347386,0.0054678278975188,0.0086126960813999,2.9293975830078125,3.7659759521484375,-0.477386474609375,-3.083221435546875,-3.1859130859375,4.2791748046875
2017-01-13,0,0,291.21002197265625,289.0680236816406,-2.267333984375,1.4803619384765625,0.25,91493.359375,269.00946044921875,284.14483642578125,288.3330383300781,0.0002668004599399,0.0010143171530216,0.0101499408483505,5.383697509765625,0.460784912109375,2.096664428710937,-5.545822143554688,1.6707763671875,5.273956298828125
2017-01-13,6,1,297.8572082519531,288.71893310546875,-0.2060699462890625,1.735809326171875,1.375,91664.484375,268.35601806640625,284.3316650390625,289.8507080078125,0.0003220026846975,0.0009196633473038,0.0103185176849365,5.423858642578125,1.891571044921875,-0.1317138671875,-3.0221710205078125,0.48541259765625,2.137802124023437
2017-01-13,12,2,298.4831237792969,287.3502197265625,-1.748687744140625,0.7437744140625,14.375,91391.921875,268.4462280273437,278.4564208984375,291.85064697265625,0.0003368172328919,0.0069132223725318,0.0094988346099853,4.41741943359375,2.195587158203125,-2.153915405273437,-1.301727294921875,-3.837005615234375,0.8321685791015625
2017-01-13,18,3,292.6248474121094,288.3793029785156,-4.3609771728515625,1.199462890625,0.0,91579.65625,268.3292236328125,284.3876342773437,288.4710693359375,0.0003356444649398,0.0010712798684835,0.0107578337192535,2.6838531494140625,-0.2667236328125,-8.9669189453125,-2.7293243408203125,-1.409088134765625,3.0986785888671875
2017-01-14,0,0,291.2160339355469,287.152099609375,-3.040863037109375,1.2267913818359375,1.125,91524.734375,268.1446228027344,283.160888671875,288.3546447753906,0.0003311396576464,0.0009567835368216,0.0095620639622211,-1.30047607421875,-0.7453155517578125,-7.0896759033203125,-2.177032470703125,1.3306732177734375,2.0208282470703125
2017-01-14,6,1,296.04949951171875,287.2169494628906,-3.364654541015625,1.531707763671875,1.125,91840.140625,267.66131591796875,283.5592041015625,288.5350341796875,0.000336883822456,0.0006725650746375,0.0092627257108688,-2.5501251220703125,-0.485443115234375,-5.4296875,0.8213043212890625,1.9080352783203125,2.0775604248046875
2017-01-14,12,2,298.3316345214844,285.5753173828125,-1.7028350830078125,0.5326995849609375,0.0,91524.59375,267.7767944335937,283.159912109375,292.0697021484375,0.0003177791950292,0.0017673959955573,0.007607877254486,-2.9524078369140625,0.4231109619140625,-3.4593048095703125,3.626251220703125,-1.134918212890625,0.061126708984375
2017-01-14,18,3,291.8519592285156,286.0521850585937,-3.5497283935546875,0.27880859375,0.0,91837.3125,267.69122314453125,285.5101318359375,288.7605285644531,0.0002956945681944,0.0004970598965883,0.0088765732944011,-1.3092041015625,-2.253326416015625,-7.772079467773437,4.0048675537109375,2.218902587890625,2.504608154296875
2017-01-15,0,0,290.2622985839844,287.4632568359375,-3.2382354736328125,0.9408721923828124,0.0,91822.734375,267.3139038085937,284.3175354003906,288.4809875488281,0.0002726595848798,0.0006908674258738,0.0086050294339656,-1.1381988525390625,-1.3997039794921875,-6.53289794921875,3.1903533935546875,1.5198974609375,-0.4817962646484375
2017-01-15,6,1,296.9981689453125,288.0517578125,-3.952804565429688,0.260040283203125,0.0,91968.640625,267.2481689453125,285.0002136230469,288.50360107421875,0.0002575801918283,0.000557335326448,0.0093828178942203,-0.87591552734375,-3.4629058837890625,-6.135299682617188,0.9167022705078124,1.1035919189453125,-0.18804931640625
2017-01-15,12,2,298.6873474121094,285.67974853515625,-2.4539947509765625,0.100372314453125,0.0,91665.53125,268.50067138671875,284.9789428710937,291.704833984375,0.0002130362699972,0.0005623640026897,0.0079951211810112,0.663543701171875,-1.789703369140625,-4.0584259033203125,-1.6676788330078125,0.4187774658203125,-0.0808258056640625
2017-01-15,18,3,292.201904296875,286.2711181640625,-3.053131103515625,-0.1605987548828125,0.0,91860.375,269.4217224121094,285.0932312011719,289.1971435546875,0.000152735170559,0.000672536669299,0.009016964584589,0.75079345703125,-3.016342163085937,-5.191421508789063,1.2484588623046875,1.492523193359375,1.3535919189453125
2017-01-16,0,0,291.0467529296875,288.8377685546875,-2.19830322265625,0.5347442626953125,0.0,91823.4375,268.4278564453125,283.9540405273437,288.7934875488281,0.0001595918147359,0.0006601018831133,0.008143838495016,0.5726318359375,-3.3844757080078125,-2.4646148681640625,-0.1654205322265625,1.044769287109375,-4.399429321289063
2017-01-16,6,1,298.0635986328125,285.2952575683594,-2.280624389648437,-1.7351837158203125,0.0,91967.65625,268.180908203125,283.3514709472656,289.0120849609375,0.000163146018167,0.0007368768565356,0.0082046762108802,0.82275390625,-1.9363861083984373,-3.3396148681640625,-1.66754150390625,1.7655181884765625,-2.970855712890625
2017-01-16,12,2,299.07305908203125,284.2596435546875,-1.414459228515625,-1.0083465576171875,0.0,91632.65625,268.0225830078125,281.8346252441406,292.3000183105469,0.0001880803611129,0.0008730029221624,0.006680779159069,0.268951416015625,1.0639801025390625,-2.707794189453125,-2.8020172119140625,-1.0560455322265625,-2.350372314453125
2017-01-16,18,3,291.87506103515625,284.681396484375,-2.665191650390625,-0.4942474365234375,0.0,91842.75,266.972900390625,283.7565612792969,289.7084350585937,0.000210673912079,0.0005001046229153,0.0081117525696754,0.03692626953125,-2.1298828125,-4.9393463134765625,0.3714752197265625,-2.63726806640625,-2.076766967773437
2017-01-17,0,0,289.9647521972656,287.7569580078125,-2.196990966796875,0.0028839111328125,0.0,91730.21875,267.32586669921875,283.1943054199219,288.9921875,0.0002093325892928,0.000509186880663,0.0069053396582603,1.4692535400390625,-2.5429840087890625,-4.2752685546875,1.50054931640625,-0.8635101318359375,-6.31378173828125
2017-01-17,6,1,297.955078125,283.71014404296875,-3.150115966796875,-2.0773162841796875,0.0,91956.5,266.79949951171875,282.9029541015625,289.30865478515625,0.0002102594153257,0.0005426555871963,0.0071722194552421,2.765609741210937,-3.445541381835937,-4.7778167724609375,-0.9841156005859376,0.6714630126953125,-3.504364013671875
2017-01-17,12,2,299.1747436523437,282.125,-1.9213409423828125,-0.59716796875,0.0,91618.734375,267.236572265625,282.28387451171875,292.3742980957031,0.0001996704377233,0.0005368632264435,0.0057512558996677,3.3015899658203125,-0.21807861328125,-3.941207885742188,-0.5306549072265625,-0.91925048828125,-1.6676025390625
2017-01-17,18,3,291.25933837890625,284.6932983398437,-3.778564453125,0.332427978515625,0.0,91893.703125,267.3139038085937,283.810791015625,288.7193603515625,0.0001907090190798,0.0003927599173039,0.0079025290906429,3.071807861328125,-4.40350341796875,-7.2563934326171875,2.13189697265625,-0.7277984619140625,0.352081298828125
2017-01-18,0,0,289.83563232421875,285.5057983398437,-3.04132080078125,-0.1633758544921875,0.0,91797.3125,266.69293212890625,283.49151611328125,288.280517578125,0.0001905597164295,0.000444013159722,0.0056858099997043,3.5607147216796875,-3.489608764648437,-7.794509887695312,1.7855682373046875,1.8547821044921875,-3.8840484619140634
2017-01-18,6,1,297.7200927734375,278.1726379394531,-3.757171630859375,-1.7269744873046875,0.0,91967.296875,266.7978210449219,284.0080871582031,289.192138671875,0.0001696195395197,0.000508634140715,0.0042612440884113,3.459579467773437,-4.7694244384765625,-5.918258666992188,2.259674072265625,3.676589965820313,-2.870697021484375
2017-01-18,12,2,298.2963562011719,282.24176025390625,-3.5974884033203125,-0.277618408203125,0.0,91743.8125,267.2237243652344,282.85614013671875,291.52227783203125,0.0001677512773312,0.0005783189553767,0.0053027868270874,4.782867431640625,-2.795013427734375,-7.42462158203125,1.435028076171875,1.694488525390625,-0.91790771484375
2017-01-18,18,3,290.669677734375,285.47509765625,-3.9579925537109375,-0.453277587890625,0.0,91982.203125,267.1643981933594,284.104736328125,288.0500793457031,0.0001907672412926,0.0005195210687816,0.0049543855711817,6.30975341796875,-4.26947021484375,-9.11199951171875,-0.33013916015625,2.603118896484375,-2.347991943359375
2017-01-19,0,0,289.0960388183594,287.24139404296875,-2.2308502197265625,-0.6873016357421875,3.625,91863.765625,266.9984130859375,283.3109130859375,285.3258972167969,0.0002103232836816,0.0006678500212728,0.0065066032111644,6.817657470703125,-4.7310333251953125,-10.97271728515625,-2.7129364013671875,3.9896087646484375,-0.550811767578125
2017-01-19,6,1,296.5622863769531,286.80731201171875,-4.01190185546875,0.0231170654296875,0.0,92006.46875,266.8047180175781,284.0741577148437,286.8656616210937,0.00022453564452,0.000745125580579,0.0087590925395488,2.92755126953125,-5.2479248046875,-6.512420654296875,-3.6732025146484375,4.105377197265625,-0.086944580078125
2017-01-19,12,2,298.55780029296875,286.45294189453125,-3.5127105712890625,-0.10662841796875,0.0,91695.34375,267.4815979003906,282.668212890625,290.8365783691406,0.0001900744682643,0.001612827880308,0.0085109453648328,2.856781005859375,-3.772903442382813,-5.997314453125,-3.034423828125,2.738067626953125,-0.4057464599609375
2017-01-19,18,3,292.0050048828125,287.21417236328125,-3.8413238525390634,-0.2972412109375,0.0,91968.34375,267.4559936523437,282.8333740234375,286.9423522949219,0.0001329623046331,0.0013868347741663,0.0096200816333293,2.2266998291015625,-6.167755126953125,-9.157760620117188,-0.8079681396484375,1.13055419921875,-1.207275390625
2017-01-20,0,0,290.308837890625,288.3145751953125,-2.3329315185546875,-0.736114501953125,0.0,91829.640625,266.8631591796875,282.8927001953125,289.195556640625,0.0001141641405411,0.0006279551889747,0.0052268654108047,0.4122161865234375,-5.237701416015625,-7.06109619140625,1.2209014892578125,-0.6454925537109375,-1.1296844482421875
2017-01-20,6,1,297.9451904296875,286.9396667480469,-3.953521728515625,-0.4438934326171875,0.0,91946.59375,267.2249450683594,282.998779296875,289.2696228027344,0.0001789964444469,0.0010752966627478,0.0080787874758243,-2.0518951416015625,-8.0450439453125,-6.535186767578125,1.5505828857421875,0.501190185546875,-0.482635498046875
2017-01-20,12,2,298.9459228515625,289.29840087890625,-4.966064453125,-0.6799163818359375,1.625,91661.53125,267.23248291015625,281.04461669921875,291.4711303710937,0.0002404954720987,0.0050180591642856,0.0110033974051475,-1.0762939453125,-5.34759521484375,-9.423965454101562,2.062591552734375,1.15399169921875,-1.469329833984375
2017-01-20,18,3,293.7089233398437,289.373779296875,-4.0574798583984375,-1.1268310546875,0.0,91912.859375,267.37335205078125,281.0216064453125,289.93231201171875,0.0002607675269246,0.0067459270358085,0.010347694158554,0.1833648681640625,-7.3125457763671875,-8.238449096679688,1.7339630126953125,1.7809906005859375,-2.002166748046875
2017-01-21,0,0,292.6737060546875,289.34490966796875,-3.2608642578125,-1.0337371826171875,0.0,91758.328125,266.7181396484375,281.68927001953125,289.104736328125,0.0008273492567241,0.0074380151927471,0.0115523189306259,-0.2760467529296875,-8.760223388671875,-12.799606323242188,5.0604095458984375,2.296722412109375,0.336944580078125
2017-01-21,6,1,298.2386779785156,290.1849060058594,-6.11822509765625,0.397613525390625,6.75,91989.15625,266.1312255859375,282.6571044921875,290.5487060546875,0.0016483403742313,0.0085873790085315,0.0112001895904541,-2.000473022460937,-8.600112915039062,-10.261077880859377,3.35211181640625,2.896347045898437,0.6464080810546875
2017-01-21,12,2,297.4298095703125,291.48162841796875,-4.306549072265625,-0.29266357421875,6.25,91777.5,266.50555419921875,281.2980651855469,289.9784851074219,0.0035248615313321,0.0090804155915975,0.0125811621546745,-2.971710205078125,-7.3520660400390625,-8.525497436523438,4.49200439453125,2.8169403076171875,-1.341339111328125
2017-01-21,18,3,294.22674560546875,289.3202514648437,-3.3571319580078125,-0.5576019287109375,0.0,92104.09375,266.85235595703125,281.8971862792969,289.3529052734375,0.0029533288907259,0.0087639540433883,0.010522786527872,0.4593048095703125,-5.1981201171875,-9.908905029296877,4.8201904296875,3.481903076171875,-1.8766021728515625
2017-01-22,0,0,291.9681701660156,286.1766967773437,-2.8907623291015625,-0.6280975341796875,0.0,91959.453125,266.2967834472656,281.690673828125,290.246337890625,0.0027171042747795,0.0088111571967601,0.0082744434475898,0.855194091796875,-5.625411987304688,-11.669052124023438,3.550521850585937,2.835296630859375,1.0529632568359375
2017-01-22,6,1,300.4231262207031,285.2109069824219,-4.7916412353515625,0.035675048828125,0.0,92107.53125,266.32843017578125,281.27496337890625,291.04522705078125,0.0027640433982014,0.0083991400897502,0.0072766244411468,-0.1482696533203125,-8.216690063476562,-8.469818115234375,0.242431640625,2.8878173828125,-0.0046844482421875
2017-01-22,12,2,300.1757202148437,284.4686279296875,-3.8328704833984375,-0.038543701171875,0.75,91845.25,266.313232421875,280.5774841308594,292.7723999023437,0.0016179266385734,0.0087960362434387,0.0071809776127338,0.3682861328125,-6.425384521484375,-8.093734741210938,-3.775146484375,1.1069793701171875,-0.5038299560546875
2017-01-22,18,3,292.8780822753906,283.93560791015625,-3.2233123779296875,-0.1971588134765625,0.0,92105.1875,265.79248046875,281.3919372558594,291.06201171875,0.0006011484656482,0.0073459558188915,0.0041239261627197,-1.41204833984375,-6.669479370117188,-8.3458251953125,-3.988861083984375,0.9946136474609376,-2.5545196533203125
2017-01-23,0,0,290.48980712890625,283.3968811035156,-2.3966217041015625,-0.976654052734375,0.0,91944.125,266.635009765625,281.5697021484375,291.6644897460937,0.000307472422719,0.0058256797492504,0.0014861016534268,-1.5748291015625,-5.5264892578125,-13.973403930664062,-1.40057373046875,-2.75537109375,-2.629486083984375
2017-01-23,6,1,299.587646484375,281.55731201171875,-5.0428009033203125,-1.167755126953125,0.0,92124.953125,267.02593994140625,282.398193359375,290.6058044433594,0.0002517546527087,0.003540223930031,0.0048974268138408,-4.38323974609375,-6.777130126953125,-9.140060424804688,-4.387741088867188,-2.45660400390625,-2.175155639648437
2017-01-23,12,2,299.8284912109375,285.72772216796875,-3.8428802490234375,-0.423248291015625,0.0,91771.46875,266.77069091796875,282.1053466796875,292.54449462890625,0.0002152586966985,0.002509192796424,0.0074065774679183,-4.359786987304688,-6.096038818359375,-7.979660034179687,-5.593597412109375,-1.6713104248046875,-1.186798095703125
2017-01-23,18,3,292.7203369140625,286.0502319335937,-3.4141387939453125,-0.4280853271484375,0.0,92070.453125,266.986572265625,282.2419738769531,289.84698486328125,0.000246352807153,0.0028426216449588,0.0087215565145015,-5.168746948242188,-7.264434814453125,-9.057037353515623,-4.269256591796875,-0.8582305908203125,-3.11663818359375
2017-01-24,0,0,291.43212890625,285.14166259765625,-2.954986572265625,-0.8149566650390625,0.0,91816.828125,266.6229248046875,282.7467041015625,289.9379272460937,0.0002519172849133,0.0027572240214794,0.0078124068677425,-6.31298828125,-6.7606964111328125,-12.959609985351562,-3.802459716796875,-0.1544189453125,-4.8224639892578125
2017-01-24,6,1,299.59490966796875,285.1146240234375,-5.0867462158203125,-1.4654083251953125,0.0,92018.203125,266.894775390625,282.5246276855469,290.7852783203125,0.00023347089882,0.0034301467239856,0.0083769746124744,-8.393386840820312,-8.381637573242188,-8.409423828125,-1.0211181640625,1.011749267578125,-2.557220458984375
2017-01-24,12,2,300.4292907714844,287.1396789550781,-4.4517822265625,-0.5045318603515625,0.0,91678.40625,267.764892578125,282.33331298828125,293.0659484863281,0.0001667772303335,0.0042949803173542,0.0091189853847026,-6.56182861328125,-7.6331787109375,-8.62103271484375,-0.1942138671875,0.5705413818359375,-1.4643096923828125
2017-01-24,18,3,293.13970947265625,287.8526611328125,-3.552825927734375,-0.4502105712890625,0.0,91993.125,269.95654296875,282.7734375,289.2648620605469,0.0009397657122462,0.0031401519663631,0.0095575302839279,-5.4967041015625,-10.774154663085938,-8.925674438476562,4.0084228515625,1.5056915283203125,-3.773117065429688
2017-01-25,0,0,290.8765563964844,287.58856201171875,-2.6775360107421875,-0.740997314453125,0.0,91847.40625,269.4818725585937,282.1339111328125,289.75115966796875,0.0018643322400748,0.0031964604277163,0.0051924549043178,-2.987411499023437,-11.920394897460938,-11.915969848632812,3.649124145507813,4.842010498046875,-4.118804931640625
2017-01-25,6,1,298.62957763671875,285.08465576171875,-4.4117279052734375,-0.2440948486328125,0.0,92048.921875,268.40924072265625,281.8308410644531,288.90753173828125,0.0030250858981162,0.0067137889564037,0.0083573088049888,-2.6955108642578125,-8.39947509765625,-8.174575805664062,2.970611572265625,4.42694091796875,-0.8570404052734375
2017-01-25,12,2,300.0495910644531,284.2916259765625,-3.750213623046875,-0.0248565673828125,0.0,91712.96875,267.383544921875,281.95526123046875,292.5180053710937,0.0038375405129045,0.0068863816559314,0.0074821002781391,-0.4916839599609375,-6.8173828125,-7.9625244140625,2.532135009765625,3.958816528320313,-0.084320068359375
2017-01-25,18,3,293.9435729980469,287.12030029296875,-3.861663818359375,-0.40045166015625,0.0,91958.265625,267.1571044921875,283.1055908203125,290.093505859375,0.0035365023650228,0.0058380998671054,0.0078333020210266,-1.070587158203125,-5.3733673095703125,-7.199996948242188,7.959716796875,5.37115478515625,-1.647735595703125
2017-01-26,0,0,291.74200439453125,289.7286682128906,-2.7957000732421875,-0.5815277099609375,4.25,91825.625,267.9336853027344,282.655517578125,291.0417785644531,0.0035222410224378,0.0073942355811595,0.0048316456377506,0.258148193359375,-5.044448852539063,-7.55718994140625,10.33380126953125,4.786788940429688,1.1994476318359375
2017-01-26,6,1,296.73846435546875,289.11700439453125,-2.323760986328125,0.2521820068359375,6.0,92031.953125,267.3412475585937,282.5552978515625,289.7260131835937,0.0043098889291286,0.0093085765838623,0.0102586224675178,0.1610260009765625,-4.4833526611328125,-6.30609130859375,5.6050872802734375,5.6799163818359375,3.63427734375
2017-01-26,12,2,295.8265380859375,293.0429992675781,-0.9669952392578124,0.5517578125,16.75,91738.078125,267.3658447265625,281.7373046875,288.97332763671875,0.0041846819221973,0.0092323161661624,0.0129893999546766,3.070556640625,-2.597076416015625,-3.994384765625,2.852752685546875,4.78155517578125,1.3839263916015625
2017-01-26,18,3,293.7391357421875,292.258544921875,-2.188705444335937,-0.1389923095703125,18.875,91892.5625,267.5924987792969,281.951904296875,290.0426940917969,0.0025425262283533,0.0095865577459335,0.0127545148134231,0.4251556396484375,0.0651397705078125,-5.0207366943359375,2.5072021484375,3.6163177490234375,-0.0115966796875
2017-01-27,0,0,293.61871337890625,292.23516845703125,-1.6907501220703125,-0.1561279296875,2.375,91666.328125,267.14874267578125,282.3467712402344,289.7421264648437,0.0027008368633687,0.0095443166792392,0.0125571154057979,-1.3105926513671875,-0.7930450439453125,-4.036376953125,6.997772216796875,1.573089599609375,2.553314208984375
2017-01-27,6,1,297.9602355957031,292.1883544921875,-2.433090209960937,0.982421875,39.25,91887.5625,267.20965576171875,281.5804138183594,289.4964599609375,0.0020128758624196,0.0097906030714511,0.0136031806468963,0.396209716796875,-1.2900543212890625,-4.091705322265625,4.2295684814453125,-1.3720855712890625,1.3544158935546875
2017-01-27,12,2,296.9853820800781,293.1905212402344,-1.5982666015625,-0.4387969970703125,52.5,91668.703125,267.7491455078125,282.152099609375,290.7362060546875,0.001692684367299,0.0085480324923992,0.0130852535367012,0.6018218994140625,-2.2248687744140625,-5.2323150634765625,1.5272369384765625,-2.14306640625,-1.3856964111328125
2017-01-27,18,3,294.11376953125,292.75665283203125,-2.688461303710937,0.5418243408203125,113.625,91903.8125,267.7390441894531,281.4658508300781,289.6890869140625,0.0018088021315634,0.0084915459156036,0.0132507719099521,-0.55364990234375,-4.877593994140625,-7.7990875244140625,1.7078704833984375,-2.286483764648437,1.605560302734375
2017-01-28,0,0,293.97442626953125,292.23370361328125,-2.613677978515625,-0.303131103515625,20.25,91703.703125,268.1153564453125,281.8855895996094,289.2445678710937,0.0016066231764853,0.008374135941267,0.0129608586430549,-0.23382568359375,-4.9723663330078125,-7.318084716796875,2.289413452148437,-2.116607666015625,0.620391845703125
2017-01-28,6,1,298.923583984375,291.6698303222656,-4.024215698242188,-1.5482025146484375,4.9375,91839.15625,268.1697998046875,282.7077331542969,291.0316162109375,0.0007734585087746,0.0079855173826217,0.0125084072351455,1.22918701171875,-7.1430511474609375,-6.539459228515625,-3.611053466796875,-1.6430206298828125,-2.8408660888671875
2017-01-28,12,2,298.2897033691406,291.5380249023437,-3.538055419921875,-0.9639129638671876,28.375,91616.1875,268.7516784667969,281.8617858886719,291.9110412597656,0.0003950120881199,0.0092123486101627,0.0127568319439888,-2.62115478515625,-6.0643463134765625,-8.1771240234375,-5.751617431640625,-2.5120391845703125,-1.8310394287109373
2017-01-28,18,3,294.7691345214844,292.0047912597656,-2.712188720703125,0.38623046875,41.5,91858.734375,269.1898803710937,282.67529296875,290.6063842773437,0.0001710851502139,0.0077697671949863,0.0126958787441253,-7.038986206054688,-5.8482513427734375,-8.098861694335938,-7.0462188720703125,-1.036163330078125,0.4912261962890625
2017-01-29,0,0,293.8756103515625,291.47265625,-2.284027099609375,0.4692230224609375,14.25,91756.234375,268.36749267578125,282.033447265625,290.39337158203125,0.000230161473155,0.0078536719083786,0.0108765698969364,-7.109588623046875,-5.229293823242188,-8.293487548828125,-5.0680084228515625,-1.4431304931640625,0.240447998046875
2017-01-29,6,1,300.2046813964844,287.39404296875,-3.9232177734375,-0.0217132568359375,0.0,91937.453125,268.087158203125,282.57427978515625,291.1823425292969,0.000374533701688,0.0068414881825447,0.0100220218300819,-7.48529052734375,-5.618377685546875,-6.329986572265625,-7.9140777587890625,1.8331298828125,0.0216827392578125
2017-01-29,12,2,300.586669921875,288.0830993652344,-2.5514678955078125,-0.4719696044921875,0.0,91637.78125,267.65234375,282.49755859375,294.1131591796875,0.0005597157869488,0.006676472723484,0.0090217478573322,-6.4666290283203125,-3.1513824462890625,-5.733200073242188,-8.281875610351562,0.5588531494140625,-1.410430908203125
2017-01-29,18,3,294.3492431640625,288.0823669433594,-3.214202880859375,0.261871337890625,0.0,91842.4375,267.6205444335937,283.2664794921875,291.582763671875,0.0004793037660419,0.0051028132438659,0.0092892590910196,-7.659210205078125,-3.5155029296875,-6.220458984375,-7.638107299804687,-0.4649810791015625,-1.8085784912109373
2017-01-30,0,0,292.675537109375,289.5078430175781,-2.3181304931640625,0.072723388671875,0.0,91713.484375,268.0517883300781,282.52325439453125,291.57720947265625,0.0004024901427328,0.0046450961381196,0.0087880864739418,-7.974990844726562,-2.7692413330078125,-6.4203948974609375,-7.3081512451171875,-1.943939208984375,-2.956939697265625
2017-01-30,6,1,299.6859130859375,286.8372802734375,-3.820556640625,-0.8934783935546875,0.0,91953.703125,268.2662048339844,282.5001220703125,290.7924194335937,0.0004410339752212,0.003382114926353,0.0091437511146068,-8.70263671875,-2.436614990234375,-5.9884796142578125,-8.068115234375,-3.3408660888671875,-1.588653564453125
2017-01-30,12,2,301.63482666015625,289.0920715332031,-1.5599365234375,0.20281982421875,0.0,91567.6875,268.3085021972656,282.7733154296875,294.40850830078125,0.0003487193025648,0.0015534700360149,0.0096364170312881,-7.65576171875,-1.363983154296875,-3.0951385498046875,-7.8647308349609375,-5.250015258789063,-0.2960052490234375
2017-01-30,18,3,294.3395080566406,288.8669128417969,-2.661834716796875,0.9195404052734376,0.0,91816.046875,268.149169921875,284.8114013671875,290.7909545898437,0.0003348592435941,0.0005352932494133,0.0109846740961074,-7.871185302734375,-6.812713623046875,-3.4580535888671875,-7.024169921875,-4.376144409179688,2.8388671875
2017-01-31,0,0,292.77978515625,290.4588623046875,-1.9699249267578125,0.896820068359375,0.0,91698.828125,268.2020568847656,283.8985290527344,290.5611572265625,0.0002617402933537,0.0006624641828238,0.010199386626482,-4.1244659423828125,-6.8299713134765625,-1.4894866943359375,-8.140411376953125,-2.716293334960937,-0.33367919921875
2017-01-31,6,1,300.06884765625,287.2856750488281,-1.1758270263671875,-0.741363525390625,0.0,91804.703125,267.5277099609375,285.0696105957031,291.171142578125,0.0002855835482478,0.000681618694216,0.0094801411032676,-3.1720733642578125,-6.918960571289063,-1.8134307861328125,-7.64141845703125,-2.298004150390625,-1.90472412109375
2017-01-31,12,2,302.0214538574219,286.0546264648437,-1.36737060546875,-0.3679046630859375,0.0,91558.078125,267.5789794921875,284.4459533691406,295.4647216796875,0.000278202118352,0.0006447797641158,0.0057445541024208,-2.86761474609375,-4.2246856689453125,-3.600738525390625,-7.18768310546875,-2.0432586669921875,-1.681182861328125
2017-01-31,18,3,293.6031799316406,285.66583251953125,-3.339813232421875,0.3575439453125,0.0,91786.359375,268.7342834472656,284.7381591796875,292.380126953125,0.0002374277537455,0.000753320287913,0.0068626515567302,-0.4426727294921875,-5.27362060546875,-4.1617584228515625,-13.072021484375,-0.352874755859375,0.63922119140625
2017-02-01,0,0,290.99322509765625,287.99365234375,-2.190032958984375,0.7922210693359375,0.0,91715.03125,268.42242431640625,283.7884826660156,291.93121337890625,0.0003088153898715,0.0007469793781638,0.0054038949310779,0.7780303955078125,-4.9083404541015625,-4.3051605224609375,-15.507705688476562,-0.359710693359375,-1.4858245849609375
2017-02-01,6,1,299.88385009765625,281.6895446777344,-2.3481903076171875,1.3515472412109375,0.0,91873.234375,268.6170654296875,284.0287475585937,291.1568908691406,0.0002608827780932,0.0007693646475672,0.0055651180446147,-3.315093994140625,-5.7267913818359375,-3.99163818359375,-14.137298583984377,-0.1403045654296875,1.444000244140625
2017-02-01,12,2,301.26837158203125,282.5458068847656,-1.5541839599609375,0.518402099609375,0.0,91668.984375,267.84490966796875,283.43487548828125,294.33709716796875,0.0004589916206896,0.0007584388367831,0.0044717453420162,-4.6861419677734375,-3.3048858642578125,-3.7866058349609375,-12.31927490234375,-0.07843017578125,0.5572509765625
2017-02-01,18,3,292.7722473144531,282.6900634765625,-3.15045166015625,0.9596405029296876,0.0,91841.234375,267.02130126953125,284.2774658203125,292.7400207519531,0.0004763205070048,0.000706736696884,0.004845555871725,-5.420440673828125,-3.827911376953125,-3.0973663330078125,-11.167312622070312,-1.219757080078125,1.4813079833984375
2017-02-02,0,0,290.38677978515625,286.8849182128906,-2.3020172119140625,0.186248779296875,0.0,91827.15625,266.8318176269531,283.0128173828125,292.2575988769531,0.0003360186237841,0.000660475809127,0.0023455121554434,-4.52587890625,-3.6852874755859375,-4.74005126953125,-11.923263549804688,-3.716888427734375,0.705810546875
2017-02-02,6,1,299.8480529785156,279.3875427246094,-3.3075714111328125,0.679168701171875,0.0,92035.546875,267.1998291015625,282.5279541015625,291.0703430175781,0.0002876574872061,0.0006575002335011,0.004537396132946,-8.490615844726562,-4.649581909179688,-5.4232177734375,-12.685989379882812,-2.463531494140625,0.3308258056640625
2017-02-02,12,2,301.15643310546875,282.9967041015625,-1.605987548828125,0.1635284423828125,0.0,91725.71875,267.59259033203125,281.19122314453125,294.1190185546875,0.0003218108322471,0.0011048479937016,0.004652377218008,-12.182525634765623,-1.5673828125,-3.6357574462890634,-9.908294677734377,-3.9589691162109375,-0.5196075439453125
2017-02-02,18,3,293.1487121582031,286.53173828125,-3.817230224609375,0.658233642578125,0.0,91976.109375,268.51025390625,283.29669189453125,290.3237609863281,0.000326806679368,0.0008330934215337,0.0076831802725791,-14.725875854492188,-5.147964477539063,-6.386322021484375,-7.8736572265625,-3.2541046142578125,1.66485595703125
2017-02-03,0,0,290.8714294433594,288.71856689453125,-2.532867431640625,-0.1881103515625,0.0,91864.09375,268.566162109375,283.14776611328125,290.2226257324219,0.0003323701675981,0.0004338105209171,0.0068096406757831,-14.975860595703123,-5.6430206298828125,-5.6139984130859375,-3.40570068359375,-2.559539794921875,-5.4859466552734375
2017-02-03,6,1,299.096435546875,283.3684997558594,-3.2998809814453125,-1.70208740234375,0.0,92042.421875,268.4920654296875,283.4061279296875,290.2331237792969,0.0003253885079175,0.0003745660651475,0.0068190470337867,-12.943023681640623,-6.410064697265625,-4.9637451171875,-1.3381195068359375,-3.39404296875,-3.401107788085937
2017-02-03,12,2,300.2725830078125,282.4579772949219,-2.140487670898437,-0.21966552734375,0.0,91666.578125,268.47686767578125,284.3662414550781,293.2967529296875,0.0003337422385811,0.0003788713365793,0.0058084949851036,-11.59039306640625,-6.808609008789063,-4.2755889892578125,0.643157958984375,-4.490158081054688,-1.0876617431640625
2017-02-03,18,3,292.6212463378906,286.478271484375,-2.99127197265625,-0.0489044189453125,0.0,91828.3125,268.447509765625,285.4417724609375,290.344482421875,0.0002997585688717,0.000444449018687,0.0084485113620758,-12.993148803710938,-8.848373413085938,-4.4641876220703125,1.1955413818359375,-1.9196014404296875,-1.44818115234375
2017-02-04,0,0,290.9649658203125,288.5998840332031,-2.338592529296875,0.1096649169921875,0.0,91753.453125,268.7845153808594,284.4349365234375,289.1488037109375,0.0002827139105647,0.0004219564143568,0.0071248561143875,-11.4171142578125,-8.645538330078125,-5.3839263916015625,3.377899169921875,-1.0341339111328125,-6.11932373046875
2017-02-04,6,1,298.4312744140625,283.20770263671875,-3.5521392822265625,-1.129669189453125,0.0,91906.5,268.99627685546875,284.05877685546875,289.6326599121094,0.0002467144513502,0.0003934411797672,0.0067092962563037,-11.545654296875,-8.83612060546875,-5.430206298828125,4.4089202880859375,-0.2669830322265625,-2.0425262451171875
2017-02-04,12,2,300.0487060546875,283.0252380371094,-2.272689819335937,0.1949920654296875,0.0,91569.421875,268.74737548828125,284.5158386230469,293.0511474609375,0.0002100739802699,0.0004602649714797,0.0058502331376075,-9.627288818359377,-6.7794952392578125,-4.465087890625,2.9524078369140625,-0.3318023681640625,-0.3922576904296875
2017-02-04,18,3,292.43341064453125,284.90234375,-2.849273681640625,0.95849609375,0.0,91773.578125,268.843505859375,285.29217529296875,290.34637451171875,0.0001548912405269,0.0006489586085081,0.0077156834304332,-10.300857543945312,-6.7623443603515625,-3.32476806640625,4.1334228515625,1.081573486328125,1.557586669921875
2017-02-05,0,0,290.03338623046875,286.9388427734375,-2.1852264404296875,0.4744873046875,0.0,91708.671875,268.7578430175781,284.77838134765625,289.54132080078125,0.0001690656645223,0.0005996900144964,0.0072882138192653,-8.220901489257812,-5.88482666015625,-2.0842742919921875,4.51300048828125,-0.004425048828125,-1.6179962158203125
2017-02-05,6,1,298.9401550292969,282.40802001953125,-1.8233489990234373,-0.5402984619140625,0.0,91863.953125,268.83465576171875,285.6177978515625,290.02008056640625,0.0001910188875626,0.0006103238556534,0.0060978345572948,-7.772842407226562,-5.187026977539063,-2.434356689453125,3.980270385742188,1.0963897705078125,-1.1713104248046875
2017-02-05,12,2,300.9735717773437,283.9039306640625,-1.0355987548828125,-0.144134521484375,0.0,91536.234375,268.685302734375,284.768798828125,294.3622436523437,0.0001963927061296,0.0005525611340999,0.0046456195414066,-7.518951416015625,-2.164413452148437,-1.891754150390625,3.946701049804688,-1.5527191162109375,-0.7109527587890625
2017-02-05,18,3,292.41290283203125,282.9306335449219,-3.15435791015625,0.6464080810546875,0.0,91756.71875,268.9693908691406,285.8834228515625,292.25469970703125,0.0001574854686623,0.0005024555139243,0.005711693316698,-6.216110229492188,-4.4733734130859375,-1.4331207275390625,2.9246826171875,-0.383056640625,2.2053985595703125
2017-02-06,0,0,289.880126953125,287.63916015625,-1.70709228515625,0.7798614501953125,0.0,91694.53125,268.68231201171875,285.0720520019531,290.0231628417969,0.0001621660339878,0.0004809072706848,0.0069732144474983,-5.0413818359375,-3.8652496337890634,-0.62689208984375,0.7576751708984375,0.210235595703125,1.4802703857421875
2017-02-06,6,1,299.2645263671875,285.7183532714844,-0.564453125,-0.266082763671875,0.0,91879.203125,268.1972351074219,285.4677734375,290.24041748046875,0.0001988986332435,0.0004969879519194,0.0079115703701972,-6.8682708740234375,-2.991119384765625,-1.025970458984375,2.2124176025390625,0.435455322265625,-0.8546142578125
2017-02-06,12,2,301.580322265625,286.5579528808594,-0.079071044921875,-1.3268280029296875,0.0,91550.03125,267.8272705078125,283.6297607421875,294.5732421875,0.0002279988839291,0.0008119435515254,0.0062494091689586,-6.0471038818359375,-0.9309844970703124,-0.6454315185546875,0.754150390625,-1.2777862548828125,-3.097747802734375
2017-02-06,18,3,293.3095092773437,283.30633544921875,-2.684967041015625,-0.098846435546875,0.0,91779.25,268.3653564453125,285.7373046875,292.80645751953125,0.0002189387887483,0.000320732826367,0.0060465559363365,-3.636642456054688,-2.895843505859375,-2.99676513671875,0.1811981201171875,-4.654388427734375,-0.6492919921875
2017-02-07,0,0,290.1033630371094,283.69647216796875,-2.208847045898437,-0.0059051513671875,0.0,91634.640625,267.9451904296875,284.2289428710937,291.65289306640625,0.0002235761203337,0.0003880707081407,0.0058100521564483,-4.163330078125,-4.943450927734375,-0.8252716064453125,-1.030548095703125,0.010345458984375,-2.847640991210937
2017-02-07,6,1,300.2760009765625,283.9356689453125,-1.63323974609375,-1.512237548828125,0.0,91834.40625,268.1668701171875,284.6426086425781,291.97723388671875,0.0002090427733492,0.0003561414778232,0.0061979107558727,-6.237106323242188,-4.837493896484375,-2.228515625,1.9873809814453125,0.2960205078125,-2.518768310546875
2017-02-07,12,2,302.3087158203125,284.5298767089844,-1.0373382568359375,-0.4702911376953125,0.0,91518.078125,267.8567199707031,283.7995910644531,295.205078125,0.0002146702172467,0.0006017263513058,0.0057518482208251,-5.687835693359375,-3.60992431640625,-2.5483856201171875,2.3394012451171875,-1.9243011474609373,-1.3493194580078125
2017-02-07,18,3,293.6732788085937,282.0131530761719,-3.4078369140625,0.381500244140625,0.0,91772.53125,267.94708251953125,285.515625,292.42730712890625,0.0002149362117052,0.0002537104883231,0.0064160823822021,-4.724517822265625,-8.03350830078125,-4.378433227539063,5.1462249755859375,0.118377685546875,2.0158233642578125
2017-02-08,0,0,291.18804931640625,284.2722473144531,-2.06024169921875,0.2546234130859375,0.0,91695.65625,267.57183837890625,285.06982421875,291.8662109375,0.0002137233241228,0.0002274204744026,0.0057402998208999,-1.484588623046875,-6.794448852539063,-3.768875122070313,6.227203369140625,0.83966064453125,-2.87103271484375
2017-02-08,6,1,300.86279296875,281.5634765625,-2.815948486328125,-0.7220916748046875,0.0,91912.46875,267.6630859375,285.1040344238281,291.8990478515625,0.0001597629743628,0.000239557630266,0.005786195397377,-1.16156005859375,-7.300674438476562,-3.9766845703125,4.040298461914063,0.433319091796875,-1.7584991455078125
2017-02-08,12,2,302.2414855957031,282.29180908203125,-1.8163604736328125,-0.2498931884765625,0.0,91554.296875,267.961669921875,284.5787658691406,295.23980712890625,0.0001312202657572,0.0003567519015632,0.0042312406003475,-0.0623626708984375,-5.192291259765625,-3.865142822265625,2.004364013671875,-0.2912750244140625,-1.1258544921875
2017-02-08,18,3,293.55816650390625,280.5805969238281,-3.3513946533203125,1.010223388671875,0.0,91818.421875,268.0911865234375,284.83984375,292.6338195800781,0.0001088129210984,0.0002636609133332,0.0047537125647068,-0.47100830078125,-7.1105804443359375,-3.17181396484375,1.6965484619140625,2.73211669921875,1.3505401611328125
2017-02-09,0,0,290.5216064453125,284.62994384765625,-1.9683074951171875,0.5132904052734375,0.0,91670.140625,268.085205078125,284.5247497558594,291.1271057128906,0.0001377326116198,0.0002785951364785,0.0053934454917907,-0.7147216796875,-6.294464111328125,-2.2531280517578125,3.802947998046875,-0.0587615966796875,-0.88250732421875
2017-02-09,6,1,299.8184814453125,282.9959716796875,-1.5308990478515625,-0.837249755859375,0.0,91840.03125,267.9271850585937,284.78350830078125,291.44439697265625,0.000253285979852,0.0002916044322773,0.0060938224196434,-0.8999786376953125,-6.6916046142578125,-2.2904205322265625,1.7247467041015625,2.0408477783203125,-1.8937530517578125
2017-02-09,12,2,302.3659973144531,284.7433166503906,-1.463836669921875,-0.6699066162109375,0.0,91486.265625,267.8791809082031,282.66571044921875,295.6164855957031,0.0002977945841848,0.0012761300895363,0.0052383802831172,-0.3798828125,-4.9542236328125,-3.329940795898437,1.4915008544921875,-0.1783905029296875,-1.8803253173828125
2017-02-09,18,3,293.860107421875,280.963134765625,-3.390731811523437,0.697113037109375,0.0,91739.234375,267.3509521484375,284.713623046875,292.9660949707031,0.0003038272261619,0.0003208043053746,0.0055353082716465,-0.3900604248046875,-4.4888458251953125,-3.784591674804688,3.5372772216796875,2.925277709960937,-0.043609619140625
2017-02-10,0,0,290.8197631835937,283.9169311523437,-2.034164428710937,0.429046630859375,0.0,91601.875,267.0321044921875,284.69189453125,292.0350341796875,0.0003258627839386,0.0003111327532678,0.005328070372343,0.974822998046875,-1.636871337890625,-2.6355743408203125,2.60235595703125,0.3713531494140625,-3.006195068359375
2017-02-10,6,1,300.5007629394531,280.0069885253906,-1.8609161376953125,-0.635040283203125,0.0,91761.15625,267.0198974609375,284.2362060546875,291.9540710449219,0.0002494209038559,0.0003313820343464,0.0052865706384181,2.13140869140625,-2.55621337890625,-2.5519256591796875,3.9569091796875,1.00567626953125,-1.6656036376953125
2017-02-10,12,2,302.548583984375,280.927734375,-1.3829803466796875,0.334228515625,0.0,91401.28125,266.95758056640625,283.2839050292969,295.80963134765625,0.0003014260437339,0.000517331296578,0.0036601284518837,3.976364135742188,-0.3260498046875,-2.931671142578125,2.175872802734375,0.513092041015625,0.167510986328125
2017-02-10,18,3,292.9222106933594,281.12261962890625,-3.5146636962890625,1.13446044921875,0.0,91665.546875,267.0335998535156,284.5137939453125,293.55157470703125,0.0002985454630106,0.0002377614146098,0.0036887256428599,5.549972534179688,-2.7487030029296875,-2.162567138671875,3.340682983398437,2.3653106689453125,3.6738433837890634
2017-02-11,0,0,290.25103759765625,287.1015625,-1.73736572265625,0.8509979248046875,0.0,91649.25,267.82257080078125,283.4029541015625,291.7697448730469,0.0002896206278819,0.0003649750724434,0.0039597293362021,7.7788543701171875,-2.69342041015625,-1.298187255859375,4.03363037109375,2.9622039794921875,3.220855712890625
2017-02-11,6,1,299.97528076171875,281.61700439453125,-0.906280517578125,1.483245849609375,0.0,91840.90625,268.7656555175781,283.5078125,291.1289367675781,0.0002860848326236,0.0003862844314426,0.0056473948061466,6.160858154296875,-1.6126861572265625,-1.302764892578125,0.6520233154296875,3.9831390380859375,1.7043609619140625
2017-02-11,12,2,302.00701904296875,280.2728271484375,-1.524200439453125,0.466400146484375,0.0,91544.0625,267.76373291015625,281.4621887207031,295.1121826171875,0.0002586501650512,0.0012034445535391,0.0039315409958362,3.761810302734375,0.0056304931640625,-2.7454071044921875,5.4124755859375,-0.7503662109375,0.2655181884765625
2017-02-11,18,3,293.3854675292969,284.8875427246094,-3.8040924072265625,1.4214019775390625,0.0,91759.265625,267.0880126953125,284.0885314941406,292.89697265625,0.0002373089228058,0.000333460047841,0.0048634745180606,5.194976806640625,-1.902679443359375,-3.3826141357421875,2.57183837890625,1.3797149658203125,3.2974395751953125
2017-02-12,0,0,289.996337890625,286.5408935546875,-2.1869659423828125,0.91455078125,0.0,91703.9375,267.20001220703125,283.1693725585937,292.4300537109375,0.0002711659763008,0.0004681998398154,0.003467465750873,3.918167114257813,-2.572250366210937,-3.9202728271484375,-0.0607757568359375,-3.422576904296875,1.1909942626953125
2017-02-12,6,1,298.5927124023437,281.3191223144531,-2.8804473876953125,1.4071502685546875,0.0,91968.921875,267.29278564453125,282.3826904296875,290.2431640625,0.0002964420709758,0.0006183660589158,0.0053998716175556,3.0233306884765625,-4.771331787109375,-4.654205322265625,-2.9091796875,-1.549835205078125,1.789581298828125
2017-02-12,12,2,300.994384765625,280.8302307128906,-2.6145782470703125,0.41851806640625,0.0,91687.9375,266.953125,282.9399108886719,293.55926513671875,0.0003666877746582,0.0004845936782658,0.005124382674694,2.921737670898437,-2.663436889648437,-4.252365112304688,-5.10394287109375,-2.6328125,-0.019378662109375
2017-02-12,18,3,292.8563232421875,285.205078125,-3.930831909179688,0.857635498046875,0.0,91950.484375,267.39996337890625,283.4828491210937,290.5845947265625,0.0004072256851941,0.0004445547237992,0.0072739757597446,-0.2163848876953125,-4.88360595703125,-5.850387573242188,-3.3477935791015625,-0.006500244140625,-0.086212158203125
2017-02-13,0,0,290.3856811523437,288.2501525878906,-3.185409545898437,0.72515869140625,0.0,91886.21875,267.40093994140625,282.4774780273437,289.94659423828125,0.0004129131557419,0.0005458260420709,0.0044017322361469,0.13690185546875,-4.7328643798828125,-6.370086669921875,-4.218170166015625,-0.4362640380859375,-2.772445678710937
2017-02-13,6,1,297.6606750488281,285.5848999023437,-4.0283050537109375,1.097991943359375,0.0,92108.265625,266.911865234375,282.826416015625,288.23699951171875,0.0003986237570643,0.0005327938124537,0.0078962370753288,-3.04571533203125,-6.305587768554688,-6.485748291015625,-4.394439697265625,-0.7193450927734375,1.42437744140625
2017-02-13,12,2,300.4941711425781,284.3500366210937,-3.90509033203125,1.0045623779296875,0.0,91801.78125,266.85552978515625,282.60858154296875,293.0123291015625,0.000416335184127,0.0003904537297785,0.0069468803703784,-3.909454345703125,-5.9439544677734375,-6.87139892578125,-4.764923095703125,1.4868011474609375,1.499481201171875
2017-02-13,18,3,293.6924133300781,285.3634338378906,-3.8570404052734375,0.6251220703125,0.0,92109.34375,268.0016784667969,283.2279968261719,289.363525390625,0.0003187043475918,0.0004274006932973,0.0092223435640335,-3.47723388671875,-6.287567138671875,-8.277740478515625,-2.6428375244140625,1.999298095703125,1.5523681640625
2017-02-14,0,0,291.59625244140625,289.63970947265625,-3.22198486328125,-0.582733154296875,0.0,92028.3125,267.5418701171875,282.90631103515625,289.11578369140625,0.0002575508551672,0.0004858893807977,0.0089335516095161,-0.960906982421875,-5.156097412109375,-8.286483764648438,-3.955535888671875,0.405517578125,1.727386474609375
2017-02-14,6,1,299.29022216796875,288.958740234375,-5.354827880859375,1.1356201171875,0.0,92188.515625,266.82135009765625,283.2625732421875,290.84112548828125,0.0003153595607727,0.0005688976962119,0.010556373745203,-3.222640991210937,-5.6105499267578125,-8.225967407226562,-6.9210052490234375,0.3832855224609375,1.56866455078125
2017-02-14,12,2,299.802734375,289.4775085449219,-4.572052001953125,0.555145263671875,14.5,91935.0625,267.2098388671875,282.73272705078125,292.2530517578125,0.0003595938906073,0.0007383176125586,0.0106889903545379,-2.8538055419921875,-4.946197509765625,-7.8150634765625,-7.855987548828125,-0.886962890625,0.3657684326171875
2017-02-14,18,3,294.5650939941406,288.41021728515625,-4.486785888671875,0.484771728515625,0.0,92216.421875,267.8463134765625,282.1814270019531,290.4219970703125,0.0003221333026885,0.0014094184152781,0.0095841251313686,-1.343109130859375,-6.4788970947265625,-9.708877563476562,-7.260955810546875,-0.0831298828125,0.20538330078125
2017-02-15,0,0,293.1664123535156,287.63336181640625,-2.657745361328125,-0.161468505859375,0.0,92069.421875,267.368896484375,282.02862548828125,290.1016540527344,0.0002972702495753,0.0010640395339578,0.0083255171775817,1.323760986328125,-5.8116607666015625,-7.5419921875,-6.7809906005859375,-1.8389739990234373,-2.864898681640625
2017-02-15,6,1,300.80450439453125,282.51593017578125,-5.081268310546875,-0.8276824951171875,0.0,92202.203125,266.83251953125,282.1371459960937,291.63433837890625,0.0003133355639874,0.0007793449331074,0.0065517574548721,1.16668701171875,-6.110519409179688,-7.692230224609375,-8.100143432617188,-0.7128448486328125,-1.4045867919921875
2017-02-15,12,2,301.52880859375,283.35504150390625,-4.088592529296875,-0.3795166015625,0.0,91910.21875,266.58966064453125,279.6239929199219,293.46490478515625,0.0002722222125157,0.0043806936591863,0.0066313780844211,-2.4528350830078125,-3.449798583984375,-6.8028106689453125,-6.9340667724609375,-2.4593658447265625,-0.8710784912109375
2017-02-15,18,3,294.1460876464844,283.7244567871094,-4.316741943359375,-0.596221923828125,0.0,92173.40625,266.3277893066406,282.8100891113281,289.5260925292969,7.542848470620811e-05,0.0007958770729601,0.007900845259428,-6.8594970703125,-7.914230346679687,-11.110260009765623,-3.75653076171875,-2.6819610595703125,-2.507431030273437
2017-02-16,0,0,292.1776733398437,281.12518310546875,-2.8274688720703125,-1.222259521484375,0.0,91936.328125,266.4079284667969,283.0911865234375,289.2354736328125,3.5468750866129994e-05,0.0004246339667588,0.0038786674849689,-8.292327880859375,-7.299468994140625,-8.5733642578125,-2.5846710205078125,-0.8555450439453125,-4.9258575439453125
2017-02-16,6,1,299.64971923828125,278.0282592773437,-5.754058837890625,-1.590423583984375,0.0,92079.6875,266.4935302734375,283.7305908203125,290.6595458984375,4.639955295715481e-05,0.0001113036705646,0.0044403262436389,-8.316604614257812,-11.11126708984375,-9.439422607421877,-1.0406951904296875,-0.3085784912109375,-2.7474822998046875
2017-02-16,12,2,300.44091796875,283.8647155761719,-4.490997314453125,-0.2840576171875,0.0,91672.46875,267.37969970703125,284.4056091308594,293.057861328125,9.164422226604074e-05,0.0001321418385487,0.0062539167702198,-6.8248443603515625,-10.217559814453123,-7.8363800048828125,-3.25018310546875,-1.2984161376953125,-0.840362548828125
2017-02-16,18,3,293.2649230957031,281.4656982421875,-3.841033935546875,-0.0440826416015625,0.0,91935.25,267.80621337890625,284.8329467773437,289.3504638671875,0.0001731115917209,0.0001881015341496,0.0069698095321655,-6.879898071289063,-11.663803100585938,-8.195404052734375,-4.787765502929688,-5.100433349609375,-2.3363494873046875
2017-02-17,0,0,290.3262634277344,283.2528686523437,-1.9969024658203125,-0.4883880615234375,0.0,91823.796875,267.46759033203125,284.8129272460937,287.96588134765625,0.0002534920349717,0.000164503682754,0.004015315324068,-6.2499542236328125,-11.351776123046877,-12.16888427734375,-4.842803955078125,-4.4585723876953125,-4.351364135742188
2017-02-17,6,1,299.34051513671875,281.8492431640625,-6.099456787109375,-1.3437957763671875,0.0,91973.765625,267.66912841796875,283.947998046875,290.918212890625,0.0001085419644368,0.0003838310949504,0.0061650164425373,-9.77593994140625,-13.493743896484377,-10.168869018554688,-5.0936279296875,-2.39801025390625,-2.467803955078125
2017-02-17,12,2,300.85614013671875,284.686767578125,-4.938751220703125,-0.364532470703125,0.0,91626.796875,267.512451171875,283.9711608886719,293.510009765625,0.0001561101380502,0.0006079799495637,0.0065081343054771,-10.439315795898438,-11.181488037109377,-9.013397216796877,-3.941741943359375,-1.7936859130859375,-1.0484619140625
2017-02-17,18,3,293.257080078125,283.45556640625,-2.4753570556640625,0.3096466064453125,0.0,91917.796875,267.7488708496094,284.6751403808594,290.38409423828125,0.0001366100768791,0.0014757453463971,0.0073171854019165,-9.049118041992188,-10.61328125,-7.635910034179687,-7.95733642578125,-3.717605590820313,-1.1248321533203125
2017-02-18,0,0,291.69903564453125,285.0386962890625,-1.8553009033203125,-1.4489593505859375,0.0,91822.53125,267.0463256835937,283.86767578125,290.00164794921875,0.0001928150595631,0.0016045491211116,0.0057585351169109,-11.462173461914062,-10.9697265625,-9.74658203125,-4.0447998046875,-4.2328033447265625,-3.3144073486328125
2017-02-18,6,1,301.0450744628906,281.171630859375,-5.523941040039063,-0.6743316650390625,0.0,92025.9375,267.6988525390625,283.5482788085937,292.0137634277344,6.523760384880006e-05,0.0015270560979843,0.0053134821355342,-13.910964965820312,-11.8272705078125,-9.197998046875,-4.2708282470703125,-2.313995361328125,-1.520416259765625
2017-02-18,12,2,301.90533447265625,283.6415100097656,-4.024673461914063,0.3005218505859375,0.0,91687.96875,268.3468933105469,283.25164794921875,294.602294921875,3.948056837543845e-05,0.0016994881443679,0.0056443251669406,-14.621292114257812,-9.251480102539062,-7.3707275390625,-3.204742431640625,-1.7911834716796875,0.0059051513671875
2017-02-18,18,3,294.84686279296875,284.6300048828125,-2.4568328857421875,0.393585205078125,0.0,92040.578125,268.8731689453125,282.65283203125,291.7259521484375,6.62112288409844e-05,0.0021753851324319,0.0073676258325576,-15.079803466796877,-9.123870849609377,-5.0660247802734375,-1.9976654052734373,-2.341781616210937,-0.826385498046875
2017-02-19,0,0,290.72430419921875,286.2845764160156,-1.593719482421875,-0.9853668212890624,0.0,91824.140625,268.4368896484375,282.46392822265625,292.3278503417969,0.0001079159992514,0.0022347867488861,0.0045535005629062,-12.603561401367188,-8.148056030273438,-5.519256591796875,-2.055694580078125,-3.1821746826171875,-4.171066284179688
2017-02-19,6,1,301.4339599609375,282.54364013671875,-3.353134155273437,-2.4178466796875,0.0,91925.625,268.30499267578125,282.79547119140625,293.427490234375,0.0001486245018895,0.0016746509354561,0.005305852741003,-10.876205444335938,-7.502410888671875,-5.24200439453125,-3.727142333984375,-1.775115966796875,-3.645187377929688
2017-02-19,12,2,302.8423767089844,282.2807312011719,-2.142562866210937,-1.063079833984375,0.0,91559.5625,268.03228759765625,280.659423828125,295.8818664550781,0.0001546374260215,0.0038138206582516,0.0049249716103076,-7.958328247070312,-4.781768798828125,-4.33148193359375,-5.099395751953125,-1.85308837890625,-2.0538482666015625
2017-02-19,18,3,295.0127258300781,283.23358154296875,-2.230499267578125,0.443756103515625,0.0,91827.953125,267.3677978515625,283.2748413085937,293.43914794921875,0.0004832278937101,0.0012665505055338,0.0066225081682205,-7.9323577880859375,-6.453399658203125,-3.497955322265625,-3.6221923828125,-2.364166259765625,-0.57171630859375
2017-02-20,0,0,293.3656616210937,285.3406982421875,-1.0336761474609375,1.1954498291015625,0.0,91608.75,266.75799560546875,282.55548095703125,293.5501708984375,0.0006425962783396,0.0014401939697563,0.0057706274092197,-7.3173675537109375,-4.57080078125,0.821380615234375,-0.4869842529296875,-2.656478881835937,-3.156097412109375
2017-02-20,6,1,301.2256164550781,285.237060546875,0.3929290771484375,-1.04278564453125,0.0,91771.796875,267.5331420898437,282.86474609375,293.55517578125,0.0003745779395103,0.0013848922681063,0.0070920959115028,-5.9449462890625,-5.5797119140625,0.02593994140625,-1.20513916015625,-2.4695587158203125,-2.0228424072265625
2017-02-20,12,2,303.551513671875,284.32452392578125,0.7450103759765625,-1.055755615234375,0.0,91323.609375,267.17218017578125,281.05438232421875,297.08355712890625,0.0004312326200306,0.005864355713129,0.0059881024062633,-4.616363525390625,-2.260833740234375,0.661895751953125,-4.4296417236328125,-3.542877197265625,-2.5316619873046875
2017-02-20,18,3,295.04559326171875,282.2125244140625,-1.831085205078125,-0.129150390625,0.0,91562.34375,266.7698059082031,281.1154479980469,296.1864624023437,0.0003940581809729,0.0049655772745609,0.0056579001247882,-5.0246429443359375,-2.2554473876953125,-2.113494873046875,-2.9445037841796875,-1.6880035400390625,-1.1936798095703125
2017-02-21,0,0,292.5068054199219,284.7354431152344,1.7254791259765625,1.390716552734375,0.0,91476.3125,267.05126953125,281.8910827636719,293.04132080078125,0.0003133283462375,0.0022567904088646,0.0074770972132682,-2.4561309814453125,-2.7695770263671875,3.4453277587890625,-2.259872436523437,-4.3230743408203125,3.058258056640625
2017-02-21,6,1,301.6746826171875,288.90594482421875,0.94476318359375,-1.515228271484375,0.0,91701.40625,267.103759765625,282.8057556152344,294.1065979003906,0.0003130794502794,0.0013062045909464,0.0087681114673614,-4.34283447265625,-4.336196899414063,0.783660888671875,-1.3173370361328125,-2.2677001953125,-2.5546417236328125
2017-02-21,12,2,304.58624267578125,286.49566650390625,-0.1228179931640625,-1.263824462890625,0.0,91295.9375,267.12481689453125,281.89312744140625,297.94207763671875,0.000313919968903,0.0059927701950073,0.0060590058565139,-3.2462921142578125,-3.215484619140625,-0.963470458984375,-4.11846923828125,-2.767242431640625,-2.6855010986328125
2017-02-21,18,3,296.63232421875,284.0399169921875,-3.1939239501953125,1.1870574951171875,0.0,91580.046875,267.13409423828125,281.5409545898437,295.482421875,0.0003151184646412,0.0055926367640495,0.0075957439839839,-4.936492919921875,-0.8689422607421875,-4.434051513671875,-3.7530517578125,-2.1308746337890625,5.827301025390625
2017-02-22,0,0,293.51129150390625,286.927978515625,-1.178619384765625,2.2257537841796875,0.0,91478.640625,267.21026611328125,280.61798095703125,293.70758056640625,0.0003030679072253,0.004861120134592,0.0080914087593555,-5.186859130859375,-2.5235595703125,-1.4081268310546875,-0.5014190673828125,-4.06634521484375,5.048095703125
2017-02-22,6,1,302.95086669921875,286.6620178222656,-0.3809661865234375,1.2589263916015625,0.0,91726.859375,267.55279541015625,282.231201171875,294.7351989746094,0.0002985372557304,0.00154894660227,0.0079654604196548,-5.691421508789063,-6.606216430664063,-0.9679107666015624,0.2240753173828125,-1.7163848876953125,1.4468536376953125
2017-02-22,12,2,305.7043762207031,286.7945556640625,-0.7900238037109375,-0.6909332275390625,0.0,91347.53125,266.98590087890625,282.64129638671875,298.7103271484375,0.0003181188367307,0.0053702555596828,0.0054796487092971,-4.1485443115234375,-4.489471435546875,-2.2783966064453125,-1.690948486328125,-2.984481811523437,-1.684112548828125
2017-02-22,18,3,296.9485168457031,282.649169921875,-3.0438385009765625,0.9627532958984376,0.0,91699.265625,267.2556457519531,282.157470703125,295.98016357421875,0.0003129809629172,0.0047339349985122,0.0061871260404586,-6.0135345458984375,-0.9941864013671876,-6.146041870117188,-1.8031005859375,-3.84222412109375,2.848876953125
2017-02-23,0,0,294.01776123046875,288.3905639648437,-1.6378173828125,1.3224639892578125,0.0,91594.0625,267.61541748046875,281.3373107910156,294.4754943847656,0.0002833837643265,0.0036204536445438,0.0049715265631675,-4.842681884765625,-2.1204833984375,-7.4912567138671875,-1.1627197265625,-3.902023315429688,1.930816650390625
2017-02-23,6,1,303.48541259765625,284.74542236328125,-3.1613311767578125,-0.45489501953125,0.0,91816.859375,267.6976318359375,282.09686279296875,295.04595947265625,0.0002768700942397,0.0017012157477438,0.0066180527210235,-6.2437744140625,-9.598587036132812,-5.139175415039063,1.0535888671875,-4.6162109375,-1.49591064453125
2017-02-23,12,2,305.84832763671875,280.9752197265625,-3.510726928710937,-0.953857421875,0.0,91443.71875,267.5155639648437,282.3935241699219,298.51812744140625,0.0002727662213146,0.0045641902834177,0.0046189781278371,-5.720718383789063,-6.498794555664063,-7.19720458984375,0.3210296630859375,-4.5938262939453125,-2.7183990478515625
2017-02-23,18,3,297.3702697753906,282.8572082519531,-2.8884429931640625,0.558013916015625,0.0,91815.03125,266.988525390625,283.476806640625,295.4970397949219,0.0002265277871629,0.001053900225088,0.0062931515276432,-6.38031005859375,-10.800537109375,-8.936965942382812,-0.7468109130859375,-3.1484375,-2.3434295654296875
2017-02-24,0,0,293.339111328125,287.74029541015625,-2.1769256591796875,-0.1736907958984375,0.0,91637.96875,267.4268798828125,283.14013671875,295.47528076171875,0.000165245757671,0.0012478823773562,0.0034596479963511,-7.497039794921875,-10.253890991210938,-9.659652709960938,-1.1352996826171875,-1.0348663330078125,-3.2071075439453125
2017-02-24,6,1,304.7545166015625,280.4652709960937,-5.01763916015625,-1.6956634521484375,0.0,91830.828125,267.6304626464844,282.96368408203125,296.04034423828125,0.0001950513105839,0.0012655924074351,0.0047859959304332,-9.300872802734377,-11.17425537109375,-8.05767822265625,-1.18341064453125,-1.6690673828125,-2.9345703125
2017-02-24,12,2,305.78094482421875,281.1058044433594,-4.1156768798828125,-0.01226806640625,0.0,91522.515625,267.421142578125,281.9442749023437,298.0006408691406,0.0003413714002817,0.0048379860818386,0.0050092712044715,-8.439056396484375,-6.632110595703125,-7.987030029296875,-3.734176635742188,-3.2793731689453125,-0.7687530517578125
2017-02-24,18,3,296.659423828125,286.3147888183594,-3.0220184326171875,1.0599822998046875,0.0,91882.171875,267.2821960449219,282.38287353515625,294.7448425292969,0.0003274208866059,0.0016019563190639,0.0058613643050193,-11.56744384765625,-7.104461669921875,-9.758621215820312,-3.502105712890625,-1.9826507568359373,-2.161239624023437
2017-02-25,0,0,293.1270751953125,288.58209228515625,-2.069076538085937,-0.1103515625,0.0,91677.09375,267.9859619140625,281.9675598144531,295.19781494140625,0.0002085385058308,0.000976595794782,0.0034292971249669,-12.594070434570312,-4.803192138671875,-9.07501220703125,-2.4942169189453125,-3.6143951416015625,-2.655303955078125
2017-02-25,6,1,304.3614807128906,282.64569091796875,-3.8680572509765625,-1.7431640625,0.0,91857.15625,267.5968017578125,281.9467163085937,295.5931701660156,0.0002044263092102,0.0011780441273003,0.0056952387094497,-10.553375244140623,-7.1968841552734375,-5.92022705078125,-0.42193603515625,-4.8621826171875,-3.3172607421875
2017-02-25,12,2,305.68572998046875,281.2149963378906,-3.23046875,-0.6938934326171875,0.0,91451.609375,266.8026123046875,282.03717041015625,298.21484375,0.0002425745915388,0.0048472583293914,0.0049185641109943,-8.549819946289062,-4.831756591796875,-5.855865478515625,-0.33905029296875,-3.00555419921875,-1.8126068115234373
2017-02-25,18,3,296.8570861816406,285.7507019042969,-2.949493408203125,0.2936248779296875,0.0,91734.6875,267.21600341796875,283.66705322265625,293.5618896484375,0.0002009098679991,0.002121859928593,0.0080078281462192,-9.4130859375,-3.7180328369140634,-7.6610107421875,2.522811889648437,-1.84918212890625,-0.4406890869140625
2017-02-26,0,0,292.5946044921875,289.8653564453125,-1.7727813720703125,0.385498046875,0.0,91514.875,268.4115600585937,282.8436279296875,293.20916748046875,0.0001703870075289,0.0015384177677333,0.006751175969839,-7.647109985351562,-2.2408599853515625,-7.688796997070312,3.932662963867188,-5.191452026367188,-2.158905029296875
2017-02-26,6,1,301.6332397460937,287.13897705078125,-2.1134185791015625,-1.9747467041015625,0.0,91709.921875,267.4141540527344,283.1942749023437,293.75738525390625,0.0002292873541591,0.0008092608768492,0.0081490129232406,-7.5680999755859375,-5.94537353515625,-3.089599609375,6.15069580078125,-4.3731231689453125,-3.249298095703125
2017-02-26,12,2,304.4869079589844,282.3778686523437,-2.67315673828125,-1.6275634765625,0.0,91315.1875,265.685791015625,281.34674072265625,297.40020751953125,0.0002765930257737,0.0048959404230117,0.0048988610506057,-4.1346435546875,-5.189239501953125,-4.919189453125,0.6109466552734375,-2.0677642822265625,-2.8077545166015625
2017-02-26,18,3,295.9271240234375,288.47412109375,-4.320358276367188,1.3309326171875,0.0,91700.390625,266.7753601074219,283.8897705078125,291.32159423828125,0.0008739966433495,0.0014176778495311,0.0097382683306932,-3.4742431640625,-6.969650268554688,-10.087493896484377,0.1602935791015625,-2.7600555419921875,1.832183837890625
2017-02-27,0,0,293.82666015625,290.2248229980469,-2.4426422119140625,0.1899566650390625,0.0,91537.0625,267.5155029296875,283.063720703125,292.0232238769531,0.001398721942678,0.0006160826887935,0.0052656233310699,-0.9857177734375,-6.545501708984375,-8.774093627929688,-0.6447906494140625,-1.9364471435546875,-3.069427490234375
2017-02-27,6,1,301.6058044433594,280.4915771484375,-5.15557861328125,-0.2071380615234375,0.0,91807.234375,267.228759765625,283.0362854003906,293.13458251953125,0.0017634900286793,0.0006795420777052,0.0050823800265789,-2.7740631103515625,-9.040390014648438,-8.312088012695312,-0.8556976318359375,-1.2073211669921875,-0.6025390625
2017-02-27,12,2,302.0111083984375,279.79461669921875,-4.3536529541015625,0.6297607421875,0.0,91496.859375,267.2848815917969,281.67352294921875,295.24151611328125,0.0010158487129956,0.0017030655872076,0.0047594867646694,-3.916213989257813,-7.556533813476562,-8.46771240234375,-4.050552368164063,-2.508407592773437,0.9156036376953124
2017-02-27,18,3,295.03094482421875,283.9881591796875,-3.2775421142578125,-0.1686859130859375,0.0,91747.15625,268.2716064453125,284.1869201660156,292.240478515625,0.0016947586555033,0.0005642778705805,0.0053416118025779,-7.5283050537109375,-9.77874755859375,-7.460662841796875,-0.6251983642578125,0.0650634765625,-1.841064453125
2017-02-28,0,0,292.6478881835937,284.2579345703125,-2.006454467773437,-0.83294677734375,0.0,91594.453125,268.486328125,284.2542724609375,291.671875,0.0012349474709481,0.0006355463992804,0.0019141952507197,-7.848281860351562,-9.036575317382812,-11.141555786132812,4.2623138427734375,-0.1065826416015625,-2.45184326171875
2017-02-28,6,1,302.1915283203125,276.36785888671875,-5.081558227539063,-0.51239013671875,0.0,91870.53125,268.70343017578125,282.7323913574219,292.9267272949219,0.0008576367981731,0.0006703585386276,0.0033085639588534,-8.659011840820312,-9.588851928710938,-8.348159790039062,4.589614868164063,0.1168365478515625,-1.072479248046875
2017-02-28,12,2,303.43243408203125,279.2600402832031,-4.5018463134765625,-0.31640625,0.0,91463.484375,268.4989013671875,281.1177673339844,295.59844970703125,0.0009034122340381,0.0021573572885245,0.0040673464536666,-5.237884521484375,-8.1378173828125,-8.454360961914062,4.66986083984375,-3.54913330078125,-1.0728912353515625
2017-02-28,18,3,294.71746826171875,281.9854736328125,-3.283416748046875,-0.0172271728515625,0.0,91806.546875,267.771240234375,283.3206481933594,292.40142822265625,0.000895416829735,0.0004634479992091,0.0048125050961971,-4.848190307617188,-9.706451416015623,-9.412109375,3.2886199951171875,-1.858001708984375,-2.4160308837890625
2017-03-01,0,0,292.7034912109375,282.37335205078125,-2.470306396484375,-1.1865997314453125,0.0,91600.78125,268.02154541015625,283.6470947265625,291.3170471191406,0.0010038099717348,0.0004839852917939,0.0042817443609237,-3.0698699951171875,-9.828399658203123,-12.782135009765623,2.330795288085937,-0.110992431640625,-1.4431915283203125
2017-03-01,6,1,302.3495178222656,276.6072998046875,-6.25445556640625,-0.823150634765625,0.0,91769.21875,267.5628356933594,283.48553466796875,293.7474975585937,0.0005490081384778,0.0006628087721765,0.0048085041344165,-3.52783203125,-10.075820922851562,-10.25164794921875,0.48309326171875,2.23046875,-1.4988555908203125
2017-03-01,12,2,302.5885009765625,279.98028564453125,-4.801071166992188,0.81005859375,0.0,91478.65625,267.3667297363281,281.2581481933594,295.3568115234375,0.0003024793695658,0.0019466651137918,0.0046631209552288,-4.4766845703125,-7.1146087646484375,-9.063003540039062,-1.057098388671875,-2.491607666015625,0.9871063232421876
2017-03-01,18,3,295.329833984375,281.501220703125,-3.142852783203125,0.2623291015625,0.0,91750.328125,267.8907470703125,283.128662109375,291.9960327148437,0.0002690938999876,0.000542183406651,0.0039890389889478,-5.543991088867188,-7.573944091796875,-8.238235473632812,-0.00421142578125,1.125640869140625,-1.284881591796875
2017-03-02,0,0,290.9627380371094,285.47381591796875,-2.1778106689453125,-0.3388214111328125,0.0,91559.359375,268.5785522460937,281.8160095214844,292.37530517578125,0.0001975660998141,0.0005862195976078,0.0016624629497528,-3.0371856689453125,-4.1220703125,-6.571563720703125,-0.5454559326171875,-0.400604248046875,0.2983551025390625
2017-03-02,6,1,301.8763427734375,274.2457275390625,-3.0569610595703125,0.272216796875,0.0,91707.484375,268.7865295410156,282.3760986328125,293.6465759277344,0.0002245043287985,0.0008000927045941,0.0025356307160109,-2.550506591796875,-5.73028564453125,-4.481491088867188,-0.938812255859375,0.642669677734375,0.257843017578125
2017-03-02,12,2,303.12701416015625,277.3648681640625,-3.19732666015625,0.8798065185546875,0.0,91334.9375,268.44488525390625,281.87811279296875,296.3309631347656,0.0003094091080129,0.0019163039978593,0.0029434009920805,-2.126449584960937,-5.065673828125,-6.1300201416015625,-0.9025421142578124,-2.1862335205078125,1.0799713134765625
2017-03-02,18,3,295.7647705078125,285.95849609375,-3.3453826904296875,1.2285308837890625,0.0,91481.328125,268.8133544921875,283.58367919921875,293.5143127441406,0.0003137863241136,0.0052042379975318,0.0056436844170093,-1.8798675537109373,-6.724517822265625,-6.596160888671875,-1.751953125,2.724212646484375,1.658966064453125
2017-03-03,0,0,293.4056091308594,289.2464904785156,-1.668731689453125,0.4168548583984375,0.0,91283.578125,269.3500366210937,282.87713623046875,291.72882080078125,0.0004923979286104,0.0051394067704677,0.007769402116537,-1.8988494873046875,-6.2678070068359375,-5.3288421630859375,-0.37249755859375,1.754638671875,4.2957916259765625
2017-03-03,6,1,302.0041809082031,284.8240661621094,-1.8965606689453125,1.6717376708984375,0.0,91549.1875,268.1991882324219,281.929443359375,293.1484069824219,0.0007237887475639,0.0069911442697048,0.0083471946418285,-3.0686187744140625,-6.65509033203125,-2.96881103515625,2.2295074462890625,0.79888916015625,2.235809326171875
2017-03-03,12,2,304.9069519042969,285.76055908203125,-2.533416748046875,1.64251708984375,1.25,91091.078125,268.0047607421875,281.5622863769531,297.1675720214844,0.0010652432683855,0.0081436485052108,0.0086370818316936,-1.855438232421875,-1.9054412841796875,-4.1263427734375,-1.3190155029296875,-0.2491912841796875,2.241729736328125
2017-03-03,18,3,296.3703308105469,291.1106872558594,-3.02801513671875,2.4530792236328125,0.0,91435.234375,268.63232421875,282.98809814453125,292.4096984863281,0.0006727860309183,0.0055590458214282,0.0114786326885223,-3.049285888671875,-1.4122467041015625,-5.879791259765625,-1.3137054443359375,-1.7333526611328125,5.9129638671875
2017-03-04,0,0,295.2230834960937,292.1901550292969,-1.1505279541015625,1.7242584228515625,5.25,91289.296875,268.70184326171875,281.5439453125,290.6212158203125,0.0006467462517321,0.0054504722356796,0.0117302238941192,-0.730712890625,-3.114471435546875,-2.122222900390625,1.21307373046875,-2.605560302734375,5.7269134521484375
2017-03-04,6,1,301.85107421875,290.1810302734375,-1.3191070556640625,1.5268402099609375,0.0,91504.515625,268.57867431640625,282.6625061035156,293.12603759765625,0.0007906584069132,0.0056623443961143,0.0115403980016708,-1.0308837890625,-4.518966674804688,-1.8870849609375,2.00262451171875,0.1888275146484375,1.7450103759765625
2017-03-04,12,2,305.5477600097656,284.60711669921875,-1.1519622802734375,-0.1502227783203125,0.0,91076.59375,269.09771728515625,281.97509765625,297.8241271972656,0.0008448644075542,0.0085843279957771,0.008822351694107,1.655731201171875,-2.262191772460937,-1.67388916015625,-0.190704345703125,-4.2766876220703125,-1.110687255859375
2017-03-04,18,3,296.9414978027344,292.30340576171875,-2.3784332275390625,1.9579925537109373,137.75,91437.765625,268.5176086425781,281.6201477050781,293.88250732421875,0.000741790048778,0.0080692805349826,0.0116193071007728,2.4014434814453125,1.5910797119140625,-4.1769866943359375,-3.417877197265625,-3.814254760742188,4.928466796875
2017-03-05,0,0,296.0670166015625,292.9532470703125,0.15008544921875,1.5320892333984375,25.0,91299.796875,268.7218017578125,282.29119873046875,291.874755859375,0.0005960876587778,0.0069511272013187,0.0124762915074825,1.8681640625,-0.0838470458984375,3.838470458984375,-1.8454437255859373,-4.1751251220703125,3.5224761962890625
2017-03-05,6,1,302.2752685546875,291.4440002441406,1.4688873291015625,-0.054534912109375,12.25,91487.921875,268.7052001953125,283.0845031738281,293.4023132324219,0.0002924720756709,0.0069141499698162,0.012507677078247,2.078155517578125,1.328582763671875,2.012680053710937,-3.205795288085937,0.1649932861328125,-0.074188232421875
2017-03-05,12,2,304.17926025390625,290.0054626464844,-0.18035888671875,-0.844818115234375,7.75,91087.875,268.5027770996094,283.0046691894531,296.9588928222656,0.0003873510868288,0.0088914260268211,0.0109267309308052,2.825531005859375,1.87908935546875,-0.2282562255859375,-4.380096435546875,-2.851318359375,-1.6852874755859375
2017-03-05,18,3,298.14892578125,289.6571655273437,-2.119903564453125,1.922210693359375,19.125,91372.171875,269.7690734863281,281.95123291015625,294.9538879394531,0.0002343099331483,0.0084943883121013,0.0114616639912128,1.1601104736328125,3.61328125,-4.776901245117188,-1.521697998046875,-4.735855102539063,4.8084564208984375
2017-03-06,0,0,297.5702819824219,292.44451904296875,-1.0955047607421875,1.5863494873046875,641.625,91236.3125,268.25665283203125,280.7159729003906,292.53717041015625,0.0002344240056117,0.0090471301227808,0.0128270834684371,3.5958251953125,-2.1423797607421875,0.9382781982421876,-0.7407684326171875,-2.517425537109375,4.383224487304688
2017-03-06,6,1,300.9884033203125,291.3800048828125,0.704681396484375,2.665924072265625,478.25,91470.4375,268.4052734375,282.6549072265625,293.43182373046875,0.0002939070109277,0.0090866014361381,0.0138523057103157,1.6406402587890625,0.0010528564453125,0.9344482421875,2.0936737060546875,0.5947723388671875,3.770339965820313
2017-03-06,12,2,302.72418212890625,292.3345031738281,-0.1328887939453125,-1.2765655517578125,115.75,91094.0625,268.2001647949219,283.41815185546875,295.64764404296875,0.0025777600239962,0.0084700733423233,0.0122732743620872,1.81658935546875,0.58392333984375,0.3079376220703125,0.850433349609375,-0.002197265625,-1.4952850341796875
2017-03-06,18,3,296.18145751953125,293.58111572265625,-0.2317962646484375,2.389404296875,95.625,91428.734375,268.3507080078125,282.16766357421875,293.3681640625,0.001790776848793,0.0083457753062248,0.0123903267085552,4.13360595703125,3.134872436523437,-1.1829071044921875,4.27191162109375,-8.71539306640625,4.415191650390625
2017-03-07,0,0,296.7032470703125,292.3034973144531,0.5584259033203125,0.74310302734375,147.625,91287.453125,268.5165405273437,281.26434326171875,292.787353515625,0.0014693974517285,0.0086693093180656,0.0123905725777149,6.2572021484375,0.4821929931640625,1.7143402099609375,3.415023803710937,-2.8272857666015625,3.323471069335937
2017-03-07,6,1,302.715087890625,290.9884948730469,0.3425445556640625,2.1760711669921875,47.125,91471.578125,268.1771850585937,282.89117431640625,293.44927978515625,0.0024045691825449,0.0084296762943267,0.0126377455890178,7.138839721679688,0.99945068359375,0.4830322265625,2.149139404296875,0.8831329345703125,3.0319061279296875
2017-03-07,12,2,302.83843994140625,291.5101013183594,-0.0591583251953125,-0.14947509765625,139.75,91095.671875,268.5650329589844,283.2979736328125,296.79571533203125,0.0019058596808463,0.0083330981433391,0.0120736621320247,8.193359375,2.033447265625,-0.1151275634765625,0.281951904296875,-0.8024139404296875,-0.285980224609375
2017-03-07,18,3,295.4721069335937,292.8961181640625,-0.0518035888671875,2.1937713623046875,60.5,91424.953125,269.02716064453125,282.29656982421875,293.255615234375,0.0008955567609518,0.008203025907278,0.0119265466928482,7.7220458984375,1.9598846435546875,0.018341064453125,-1.4800262451171875,-6.745452880859375,8.007308959960938
2017-03-08,0,0,296.6407470703125,292.32720947265625,-0.76605224609375,0.3655853271484375,115.0,91300.125,268.3230895996094,281.8031005859375,292.7862548828125,0.0006570317782461,0.0091147124767303,0.0112638249993324,5.501129150390625,-0.2381744384765625,3.1506805419921875,-1.654937744140625,1.468109130859375,-1.6987152099609375
2017-03-08,6,1,301.0523986816406,289.65753173828125,0.2816925048828125,0.1413116455078125,0.0,91515.765625,268.3192443847656,282.0449523925781,293.864501953125,0.0003561556804925,0.0091898702085018,0.0104084610939025,3.6040191650390634,-0.240234375,0.4527435302734375,-2.971649169921875,3.08892822265625,-0.35736083984375
2017-03-08,12,2,304.6263427734375,286.4002685546875,0.459228515625,1.3958740234375,0.0,91063.375,268.8045654296875,282.8570556640625,297.46270751953125,0.0002399324002908,0.0081778168678283,0.0096026882529258,2.2588653564453125,2.1331787109375,1.332794189453125,-2.7897491455078125,-1.6451263427734375,0.79638671875
2017-03-08,18,3,297.1954650878906,292.4697265625,0.1795654296875,1.31683349609375,373.875,91423.96875,269.0243530273437,282.6025390625,294.41876220703125,0.0001867317187134,0.0067649781703948,0.012856800109148,-0.4871826171875,2.603622436523437,0.4587249755859375,-1.9100341796875,-5.636978149414063,7.8291015625
2017-03-09,0,0,296.4716186523437,292.2557373046875,0.355804443359375,1.4289093017578125,60.5,91224.375,268.24249267578125,282.5497741699219,292.6728210449219,0.0002097163232974,0.0068106204271316,0.0122990906238555,0.57891845703125,1.843109130859375,4.3004913330078125,-1.9173736572265625,1.3356781005859375,2.3820343017578125
2017-03-09,6,1,302.6396484375,288.6309814453125,1.7440185546875,0.5867462158203125,0.0,91417.90625,268.25799560546875,282.47705078125,294.4844970703125,0.0002068643952952,0.007745161652565,0.010529488325119,0.602020263671875,0.1485748291015625,2.56134033203125,-0.9059295654296876,3.868988037109375,0.3464202880859375
2017-03-09,12,2,305.5668334960937,287.2301025390625,0.44476318359375,1.2276763916015625,0.0,90997.984375,268.292236328125,282.99151611328125,297.9556579589844,0.0004070142749696,0.007964864373207,0.0092198140919208,1.60888671875,3.363800048828125,1.5163116455078125,1.4248046875,-4.199127197265625,0.7670135498046875
2017-03-09,18,3,297.2015075683594,292.81109619140625,0.661834716796875,2.271713256835937,179.375,91440.703125,267.6551208496094,282.65997314453125,292.75128173828125,0.0013310213107615,0.0070396140217781,0.0134172029793262,2.927963256835937,3.394683837890625,2.621337890625,3.2274932861328125,-5.8786468505859375,10.000106811523438
2017-03-10,0,0,297.2409973144531,292.1217956542969,1.8477935791015625,1.182769775390625,123.5,91304.90625,267.89630126953125,281.8356018066406,292.2314453125,0.0015024833846837,0.0071991775184869,0.011606965214014,3.572738647460937,1.149749755859375,6.380386352539063,3.3855743408203125,-0.5019989013671875,1.441802978515625
2017-03-10,6,1,302.5927124023437,287.422607421875,2.2050018310546875,0.3371734619140625,0.0,91488.859375,268.07574462890625,282.404052734375,294.031005859375,0.0004260258283466,0.0072056502103805,0.010421834886074,4.1177520751953125,1.7662811279296875,3.0614166259765625,0.557159423828125,4.010910034179688,0.315155029296875
2017-03-10,12,2,304.5468139648437,286.1845397949219,1.1837005615234375,0.91546630859375,0.0,91065.640625,268.9206237792969,282.0933837890625,297.55975341796875,0.0004062892403453,0.0076468512415885,0.0088006854057312,2.3824615478515625,4.71453857421875,2.517440795898437,1.1322021484375,-1.8723297119140625,0.5373077392578125
2017-03-10,18,3,298.1616516113281,290.9764099121094,1.1937408447265625,2.310653686523437,411.625,91533.984375,269.7545166015625,281.38409423828125,292.914794921875,0.0002030373289017,0.0079517513513565,0.0129851102828979,2.8782958984375,0.197265625,6.4982452392578125,0.97625732421875,-1.318878173828125,5.709014892578125
2017-03-11,0,0,295.75146484375,284.9144897460937,1.667633056640625,-1.056549072265625,0.0,91401.921875,269.3389892578125,283.413330078125,292.6806030273437,0.0003608942497521,0.0052249394357204,0.0068594440817832,4.054946899414063,1.5081787109375,5.7652130126953125,3.83148193359375,4.646514892578125,-2.546356201171875
2017-03-11,6,1,302.0496826171875,283.1083984375,2.050567626953125,-0.648773193359375,0.0,91669.625,270.0057067871094,282.1429138183594,293.7095947265625,0.0002661554608494,0.0075105614960193,0.0073021091520786,4.026947021484375,-0.488800048828125,2.96563720703125,2.2164764404296875,7.139694213867188,-0.8434295654296875
2017-03-11,12,2,305.1470947265625,285.1878967285156,1.2337493896484375,0.7451629638671875,0.0,91274.78125,270.2269897460937,281.9100952148437,297.7655029296875,0.0003333920612931,0.0072740465402603,0.0076613239943981,2.8665771484375,5.12982177734375,2.2566680908203125,0.9198760986328124,1.5,0.832977294921875
2017-03-11,18,3,298.4947509765625,289.39508056640625,1.8256683349609373,1.539642333984375,17.0,91630.546875,269.3548583984375,281.4276733398437,294.0391540527344,0.0001333979162154,0.0074630230665206,0.01010287925601,3.4493408203125,-2.396957397460937,6.616485595703125,-1.7609710693359375,-5.33929443359375,2.66485595703125
2017-03-12,0,0,295.89581298828125,284.60064697265625,1.3336029052734375,-1.210845947265625,0.0,91451.546875,268.7568664550781,282.1376953125,293.3423767089844,0.0001824410574045,0.004457201808691,0.0069343745708465,1.0165252685546875,2.607894897460937,1.90478515625,-4.022796630859375,2.190216064453125,-4.2740478515625
2017-03-12,6,1,303.2940673828125,283.4802551269531,0.104248046875,-1.4032745361328125,0.0,91657.640625,268.4496154785156,284.06842041015625,295.022216796875,0.0002090415509883,0.001383279915899,0.0061344318091869,0.66754150390625,4.1415863037109375,-0.149261474609375,-0.09295654296875,3.78204345703125,-2.003692626953125
2017-03-12,12,2,306.4447021484375,281.85791015625,0.83587646484375,-0.5576324462890625,0.0,91264.0,268.4559936523437,282.7034606933594,298.8427734375,0.0001828547683544,0.0050567090511322,0.0051238946616649,1.4713897705078125,0.127227783203125,1.0807037353515625,-1.0465087890625,-0.5931549072265625,-0.8997650146484375
2017-03-12,18,3,297.8324890136719,289.5807800292969,-2.259994506835937,2.1003875732421875,130.25,91629.421875,269.0959167480469,281.8407592773437,294.12969970703125,0.0001315803674515,0.0054202899336814,0.0114025212824344,-2.267425537109375,2.660003662109375,-2.081085205078125,0.0047760009765625,-1.776641845703125,9.3724365234375
2017-03-13,0,0,295.7022399902344,288.94195556640625,1.798187255859375,0.438262939453125,0.0,91457.046875,268.4525146484375,281.5654296875,292.543701171875,0.0001405872317263,0.0052415169775485,0.0088629685342311,1.2393798828125,0.440399169921875,2.4401092529296875,-1.097869873046875,1.56829833984375,0.863800048828125
2017-03-13,6,1,303.0262451171875,287.26226806640625,0.131072998046875,0.7753448486328125,0.0,91672.5625,268.210205078125,284.038330078125,294.5762939453125,0.0001142357068601,0.0032769965473562,0.0094794109463691,2.265350341796875,2.89013671875,0.029266357421875,-1.573272705078125,5.25909423828125,1.0819549560546875
2017-03-13,12,2,305.8201904296875,287.10577392578125,-0.785308837890625,1.6254730224609375,0.0,91267.6875,268.5810241699219,282.7903747558594,298.2794189453125,0.0001169904280686,0.0077370628714561,0.0085854046046733,3.004364013671875,3.189926147460937,-0.7683563232421875,-4.608856201171875,-2.345855712890625,1.72607421875
2017-03-13,18,3,297.1942749023437,292.8939208984375,-1.770904541015625,2.0217437744140625,370.375,91704.234375,269.4331970214844,282.2032470703125,292.0804443359375,0.0002079610276268,0.0067234486341476,0.0136929154396057,1.26165771484375,4.0272216796875,-4.490280151367188,-5.560943603515625,-4.6832122802734375,8.692962646484375
2017-03-14,0,0,297.0313720703125,293.1307678222656,-1.3354034423828125,2.40716552734375,290.75,91547.640625,269.2142639160156,281.7601928710937,290.99591064453125,0.0003377520479261,0.0068358853459358,0.0137329287827014,1.8363494873046875,-1.980743408203125,2.1510467529296875,-7.019744873046875,-3.1927490234375,5.2071380615234375
2017-03-14,6,1,301.194580078125,291.1429138183594,-0.51641845703125,1.0779571533203125,334.25,91731.5625,269.10369873046875,281.301513671875,293.3426208496094,0.0003110859543085,0.0091438703238964,0.0127051696181297,0.941192626953125,-3.941848754882813,-0.873779296875,-5.8926849365234375,2.114410400390625,1.4716949462890625
2017-03-14,12,2,303.1296691894531,291.2758178710937,0.3870697021484375,1.1971588134765625,691.125,91348.9375,267.3563842773437,283.15545654296875,294.91522216796875,0.0025000039022415,0.0084623880684375,0.0132587142288684,0.438262939453125,-2.0404815673828125,0.0818328857421875,-1.257720947265625,-1.611846923828125,1.791748046875
2017-03-14,18,3,296.4852294921875,293.48211669921875,-3.456390380859375,1.7326202392578125,341.125,91721.515625,267.8732604980469,282.36480712890625,292.0062866210937,0.0036573726683855,0.0087649375200271,0.0134177021682262,-1.925140380859375,2.047836303710937,-5.092681884765625,1.509765625,-2.257675170898437,5.0906524658203125
2017-03-15,0,0,296.1160583496094,294.0206298828125,-1.6218414306640625,1.2757720947265625,571.375,91582.40625,268.5096435546875,281.5880126953125,292.0012512207031,0.0015004081651568,0.0086938962340354,0.0110830329358577,0.752655029296875,-2.5063629150390625,-4.4389190673828125,3.1461944580078125,-2.9126129150390625,5.584487915039063
2017-03-15,6,1,301.53497314453125,291.46124267578125,-2.4447021484375,1.9886322021484373,219.0,91782.734375,269.72833251953125,281.43359375,292.34234619140625,0.0006727618165314,0.0087359696626663,0.012501060962677,2.6853790283203125,-5.6454620361328125,-3.82373046875,2.566558837890625,-0.4175872802734375,2.970687866210937
2017-03-15,12,2,302.0375366210937,291.3206481933594,-3.0206298828125,1.601165771484375,32.125,91428.171875,268.6952209472656,283.0204467773437,294.36444091796875,0.0006614113226532,0.0076096430420875,0.0118584148585796,4.474029541015625,-1.701324462890625,-5.070602416992188,-3.1702880859375,-2.29852294921875,2.2994384765625
2017-03-15,18,3,296.9076538085937,292.099609375,-2.287689208984375,2.123260498046875,144.625,91738.0625,268.2543640136719,282.0668334960937,291.763916015625,0.0003252730239182,0.0081443637609481,0.0125253200531005,3.781692504882813,-1.6524200439453125,-3.4544677734375,-2.81390380859375,-1.1376953125,7.13189697265625
2017-03-16,0,0,294.8157958984375,292.1753845214844,-0.77703857421875,1.11181640625,98.0,91585.046875,267.9034423828125,281.01519775390625,291.468505859375,0.001004165271297,0.0086112506687641,0.0097565129399299,3.571075439453125,-2.87237548828125,-0.407867431640625,0.095947265625,-2.17474365234375,4.6067962646484375
2017-03-16,6,1,300.8068542480469,289.3040771484375,-0.275726318359375,1.03228759765625,0.0,91806.765625,267.776123046875,280.9958190917969,292.845703125,0.0013551297597587,0.0074496753513813,0.0104522332549095,3.3508758544921875,-5.352951049804688,-0.6635589599609375,-0.733367919921875,-0.7101593017578125,1.2315673828125
2017-03-16,12,2,303.4676208496094,286.01287841796875,-0.4057769775390625,0.725006103515625,9.5,91450.59375,268.164306640625,280.5225830078125,296.44171142578125,0.0009199993219226,0.0081281065940856,0.0084756314754486,3.354461669921875,-2.7535858154296875,-1.041656494140625,-3.31512451171875,-2.3621978759765625,0.6016845703125
2017-03-16,18,3,296.71826171875,288.93731689453125,-1.166290283203125,0.7110748291015625,0.625,91668.484375,268.4027709960937,282.8544616699219,293.1980895996094,0.0008129624184221,0.0072101578116416,0.0099283903837203,1.9694671630859373,1.2024383544921875,-1.1688690185546875,-0.9577789306640624,-4.624526977539063,4.495162963867188
2017-03-17,0,0,295.2484741210937,289.0513000488281,-0.6248779296875,1.361114501953125,0.375,91523.15625,268.001708984375,281.663330078125,292.0556640625,0.0003860057331621,0.0067076869308948,0.0108206197619438,8.700775146484375,0.3087310791015625,1.4064178466796875,-4.24261474609375,-4.899444580078125,2.5082244873046875
2017-03-17,6,1,302.3548889160156,289.7153625488281,0.5230712890625,0.0465850830078125,0.0,91695.359375,267.64410400390625,282.359130859375,294.1341552734375,0.0006562822964042,0.006433468312025,0.0104457885026931,7.6426239013671875,-0.8141937255859375,0.4355316162109375,-6.343994140625,-2.2211151123046875,-0.0427093505859375
2017-03-17,12,2,304.709228515625,286.89520263671875,0.8092803955078125,-2.116195678710937,0.0,91372.25,266.9478759765625,281.8842163085937,297.0587158203125,0.0004901958163827,0.008173793554306,0.0091075971722602,8.384811401367188,-0.7721405029296875,0.99322509765625,-7.856414794921875,-2.4615936279296875,-3.263778686523437
2017-03-17,18,3,298.34405517578125,289.0169677734375,-0.868621826171875,1.531951904296875,12.25,91656.015625,268.6575927734375,281.1678466796875,295.3925170898437,0.0002455366193316,0.0083269029855728,0.0099562108516693,9.354461669921877,1.573455810546875,-0.219757080078125,-6.7651214599609375,-4.98065185546875,0.2204742431640625
2017-03-18,0,0,296.5850830078125,290.9375,1.79443359375,0.317596435546875,70.25,91602.59375,268.0805053710937,282.0000305175781,292.8934631347656,0.0002530417405068,0.0053806379437446,0.0116675235331058,7.598297119140625,1.1891937255859375,3.365463256835937,-8.798965454101562,-1.7081298828125,0.60711669921875
2017-03-18,6,1,303.6478271484375,288.0166931152344,0.19635009765625,-1.624114990234375,0.0,91773.4375,267.779541015625,283.3382568359375,295.3080749511719,0.0001974627666641,0.0032888937275856,0.0093552507460117,5.387252807617188,1.1836395263671875,-0.077117919921875,-12.619598388671877,-0.05072021484375,-2.6460418701171875
2017-03-18,12,2,306.7069702148437,284.5513000488281,1.0181121826171875,-2.2193145751953125,0.0,91356.1875,267.6240234375,283.1819152832031,299.3753967285156,0.000334462383762,0.0063433162868022,0.006406795233488,5.701416015625,-0.774749755859375,1.0616912841796875,-11.268417358398438,-3.979324340820313,-3.764434814453125
2017-03-18,18,3,298.431884765625,290.81396484375,-2.0086212158203125,3.1709136962890625,333.75,91697.765625,269.2806396484375,282.4271240234375,294.22802734375,0.0001786496140994,0.0056697390973567,0.0119964182376861,6.36968994140625,2.0750274658203125,-1.1425933837890625,-15.711563110351562,-6.20697021484375,9.939544677734377
2017-03-19,0,0,296.2713928222656,293.410888671875,1.3323211669921875,1.08349609375,813.5,91631.046875,267.94708251953125,281.26275634765625,293.09619140625,0.0002006484864978,0.0053639467805624,0.011057611554861,2.831161499023437,-0.0294036865234375,3.3500518798828125,-10.1492919921875,-5.5017852783203125,-0.7836456298828125
2017-03-19,6,1,303.39996337890625,288.31396484375,0.446868896484375,-0.826873779296875,0.0,91793.21875,268.09112548828125,281.97528076171875,295.2315368652344,0.0002148593048332,0.0046913474798202,0.0098786614835262,4.1927642822265625,-0.003936767578125,0.17218017578125,-10.845748901367188,-4.750244140625,-1.4501190185546875
2017-03-19,12,2,307.0200500488281,284.7278137207031,0.6016387939453125,-1.708740234375,0.0,91426.15625,268.48175048828125,283.172607421875,299.3412475585937,0.0004293411038815,0.0061921589076519,0.0062274597585201,6.849090576171875,-0.500640869140625,0.51617431640625,-13.224197387695312,-4.2035675048828125,-3.21685791015625
2017-03-19,18,3,299.42950439453125,289.8180236816406,-2.663604736328125,2.8214569091796875,313.0,91688.953125,270.21539306640625,282.722412109375,294.89532470703125,0.0002504070289433,0.0059449598193168,0.0114892572164535,5.9648284912109375,1.8922576904296875,-2.586822509765625,-13.067733764648438,-5.246917724609375,9.399078369140623
2017-03-20,0,0,297.49432373046875,291.0092163085937,0.373077392578125,1.460113525390625,176.375,91623.0625,268.65069580078125,281.5455017089844,292.4601745605469,0.0001860414049588,0.0063077732920646,0.0123437717556953,0.624603271484375,-2.434234619140625,1.426971435546875,-10.892868041992188,-4.6095123291015625,6.3194732666015625
2017-03-20,6,1,302.9825439453125,290.6628723144531,0.5219268798828125,1.2901611328125,109.75,91698.75,268.5196533203125,282.20391845703125,294.593017578125,0.0002305195812368,0.0045641995966434,0.0115466676652431,1.752471923828125,-2.427841186523437,0.5687255859375,-9.23126220703125,-4.2308349609375,1.70660400390625
2017-03-20,12,2,304.94146728515625,287.721923828125,-0.874176025390625,-0.3215484619140625,1.375,91348.859375,268.3341979980469,282.2220153808594,297.8787841796875,0.0002153484674636,0.008339338004589,0.0088975802063941,3.065948486328125,-0.247161865234375,-0.98785400390625,-7.047607421875,-5.244430541992188,-1.3307342529296875
2017-03-20,18,3,299.1368408203125,289.5296630859375,-1.648101806640625,1.842132568359375,73.25,91630.46875,268.1581115722656,282.2061767578125,294.62896728515625,0.0002215506683569,0.0076417997479438,0.0109969563782215,-1.6601715087890625,2.743133544921875,-5.186203002929688,-7.1082305908203125,-4.61444091796875,8.376007080078125
2017-03-21,0,0,296.6537475585937,291.4836120605469,0.9075927734375,0.8244171142578125,247.0,91639.9375,267.546142578125,281.01373291015625,291.849365234375,0.0002729637199081,0.0081361532211303,0.0125215835869312,2.931182861328125,-3.385650634765625,1.8817901611328125,-1.5820770263671875,-4.6506195068359375,3.13336181640625
2017-03-21,6,1,301.8873291015625,292.1849975585937,-1.0734405517578125,1.5548858642578125,115.0,91852.953125,266.6534729003906,281.4676208496094,293.6669311523437,0.0006110956892371,0.0068237818777561,0.0119105987250804,-1.246978759765625,-4.2945556640625,-1.662933349609375,-3.075836181640625,-3.48681640625,2.1182403564453125
2017-03-21,12,2,303.9525146484375,289.4639892578125,-2.5377197265625,0.47369384765625,3.875,91463.546875,265.6220703125,281.8134155273437,296.8009033203125,0.0015466494951397,0.0081631280481815,0.0095523409545421,0.80853271484375,-3.067718505859375,-4.1177520751953125,-0.6365966796875,-2.5477752685546875,0.18341064453125
2017-03-21,18,3,298.09619140625,289.9520263671875,-0.973602294921875,0.9317626953125,0.125,91770.328125,264.91766357421875,281.2509155273437,294.09686279296875,0.0019411214161664,0.0080543123185634,0.0101260263472795,-1.714599609375,-1.5873260498046875,-3.533111572265625,-2.5070343017578125,-5.194992065429688,4.626678466796875
2017-03-22,0,0,296.23748779296875,290.89910888671875,-1.504730224609375,0.7922821044921875,50.0,91625.703125,265.0325927734375,281.20916748046875,292.7998352050781,0.0015254884492605,0.0069849491119384,0.0106355883181095,-0.24798583984375,-2.3281402587890625,0.5233917236328125,2.5589141845703125,-7.989227294921875,5.33428955078125
2017-03-22,6,1,302.9716186523437,289.688720703125,-2.5301513671875,-0.267913818359375,2.375,91828.4375,265.3729858398437,282.335693359375,294.184326171875,0.0012992522679269,0.0054209902882575,0.0104010701179504,-1.342376708984375,-1.7904052734375,-3.7929534912109375,5.188980102539063,-3.619476318359375,-0.576812744140625
2017-03-22,12,2,305.7279663085937,286.3551330566406,-2.667327880859375,-0.922607421875,0.875,91380.046875,266.52362060546875,281.9517822265625,298.1736755371094,0.000992402434349,0.0075032487511634,0.0075650103390216,0.7835540771484375,-4.9871978759765625,-4.6488189697265625,2.428817749023437,-2.952987670898437,-1.934814453125
2017-03-22,18,3,298.45465087890625,287.759033203125,-3.4356231689453125,0.9665069580078124,0.0,91723.34375,265.7548217773437,283.6356201171875,293.11962890625,0.0008631616365164,0.0043515609577298,0.0105451308190822,0.57452392578125,0.3566131591796875,-8.59405517578125,2.516632080078125,-5.7091217041015625,1.6146087646484375
2017-03-23,0,0,295.16925048828125,291.6309814453125,-1.7875823974609375,1.158843994140625,7.375,91575.0,265.5247802734375,283.445556640625,293.76806640625,0.0013328357599675,0.0017600005958229,0.0081509314477443,3.3235626220703125,-4.232223510742188,-7.3992919921875,2.3101348876953125,-6.417251586914063,-1.2812042236328125
2017-03-23,6,1,303.5523376464844,286.4926147460937,-2.351547241210937,-0.414520263671875,0.0,91763.734375,265.77703857421875,283.46246337890625,294.990234375,0.0009861805010586,0.0007328640203922,0.0079144574701786,1.9013671875,-7.6286773681640625,-3.5365753173828125,0.072540283203125,-4.565277099609375,-1.2731170654296875
2017-03-23,12,2,306.1473999023437,282.2828369140625,-2.04937744140625,0.4343109130859375,0.0,91368.328125,266.1458740234375,282.9162902832031,299.03936767578125,0.0005807243287563,0.0045461133122444,0.0045741498470306,-0.2264862060546875,-3.4056549072265625,-3.4945831298828125,-1.9450225830078125,-2.0638580322265625,0.0412750244140625
2017-03-23,18,3,298.41455078125,286.0917053222656,-3.42718505859375,1.117889404296875,0.0,91703.140625,268.21099853515625,282.86456298828125,294.37158203125,0.0003196459729224,0.0038721573073416,0.0084888935089111,-4.501388549804688,0.83160400390625,-7.3607177734375,-4.233810424804688,-5.7063751220703125,5.0280303955078125
2017-03-24,0,0,295.3720092773437,289.9342956542969,-1.4191131591796875,1.170196533203125,0.0,91548.5,268.48126220703125,282.6849060058594,294.0863952636719,0.0001447638496756,0.0018122754991054,0.0067698508501052,-3.7055511474609375,-6.92254638671875,-4.7481842041015625,0.102691650390625,-5.168701171875,1.6660308837890625
2017-03-24,6,1,304.0628356933594,283.69464111328125,-2.736190795898437,-0.0821990966796875,0.0,91727.671875,267.97265625,283.1463623046875,295.6548156738281,0.0001629974576644,0.0016516717150807,0.0064257644116878,-2.191619873046875,-12.376449584960938,-4.4105377197265625,-0.74493408203125,-2.864959716796875,-0.5967254638671875
2017-03-24,12,2,306.04327392578125,279.1688842773437,-3.6430511474609375,1.3897247314453125,0.0,91362.390625,268.17462158203125,282.82147216796875,298.8102722167969,0.0001714624522719,0.004112709313631,0.0043194778263568,-3.224594116210937,-5.778961181640625,-6.717575073242188,-7.0279083251953125,-1.1061859130859375,1.98870849609375
2017-03-24,18,3,297.9986572265625,284.5174560546875,-2.2926788330078125,1.6309661865234375,0.0,91741.03125,268.78326416015625,282.79718017578125,295.48052978515625,0.0001935700274771,0.0031748006585985,0.0068111829459667,-8.5361328125,-3.3787078857421875,-6.612213134765625,-7.4233245849609375,-6.141754150390625,3.1644439697265625
2017-03-25,0,0,295.48126220703125,285.66876220703125,-1.7571868896484375,1.3330230712890625,0.0,91626.859375,269.8842163085937,281.3983764648437,294.61279296875,9.284901898354292e-05,0.0038507406134158,0.0059733539819717,-8.951980590820312,-3.146148681640625,-7.496749877929687,-3.9462890625,-8.599365234375,2.507675170898437
2017-03-25,6,1,305.01837158203125,283.5745849609375,-2.7562255859375,-0.5070037841796875,0.0,91753.96875,270.1210021972656,281.4970092773437,296.62921142578125,7.110918522812426e-05,0.0035626981407403,0.0058219581842422,-7.961563110351562,-9.280853271484377,-4.4678955078125,-0.7118682861328125,-9.763687133789062,-1.3780059814453125
2017-03-25,12,2,307.1625366210937,279.1298828125,-3.360870361328125,0.3181610107421875,0.0,91316.875,269.1678466796875,283.9205322265625,300.0643310546875,9.818478429224342e-05,0.0041784979403018,0.0042817071080207,-5.9469146728515625,-5.06072998046875,-6.045562744140625,-1.5413970947265625,-2.4547576904296875,-0.15863037109375
2017-03-25,18,3,298.15576171875,282.3101501464844,-2.1763458251953125,1.5383453369140625,0.0,91720.75,268.61553955078125,282.945068359375,296.637939453125,5.526443419512361e-05,0.0044962130486965,0.0064167715609073,-11.442611694335938,-1.554779052734375,-8.72039794921875,-6.5189056396484375,-5.574951171875,1.40374755859375
2017-03-26,0,0,295.35064697265625,285.783447265625,-1.4376678466796875,1.8202056884765625,0.0,91587.734375,268.4037170410156,281.6622314453125,295.58428955078125,6.298835796769708e-05,0.0049703195691108,0.0063085071742534,-12.0372314453125,-7.815277099609375,-7.862472534179687,-1.9453125,-9.551177978515623,0.525390625
2017-03-26,6,1,305.34735107421875,285.1829528808594,-3.69122314453125,-1.0836181640625,0.0,91767.046875,268.791259765625,282.2283935546875,297.08502197265625,5.621359741780907e-05,0.0042373714968562,0.0064008645713329,-9.279937744140623,-12.127090454101562,-6.009536743164063,0.3009185791015625,-9.985977172851562,-2.0672149658203125
2017-03-26,12,2,307.26226806640625,282.494384765625,-4.619659423828125,-0.7010345458984375,0.0,91365.34375,268.3485107421875,283.9345703125,300.1261291503906,6.754255446139723e-05,0.0057445168495178,0.0058481059968471,-6.75469970703125,-7.2487945556640625,-8.22589111328125,-0.970458984375,-3.475555419921875,-1.80352783203125
2017-03-26,18,3,299.2347106933594,284.7015991210937,-3.4652252197265625,1.17864990234375,0.0,91721.984375,268.3705139160156,282.4924621582031,297.296630859375,7.648584141861647e-05,0.0052682869136333,0.0048308041878044,-9.273025512695312,-4.24835205078125,-11.997833251953123,-4.7727813720703125,-7.53094482421875,-0.950286865234375
2017-03-27,0,0,295.91082763671875,286.8193359375,-2.018096923828125,0.656097412109375,0.0,91558.171875,267.7119140625,282.3070678710937,296.8887634277344,0.000142276257975,0.0049227471463382,0.005163088440895,-12.337310791015623,-7.699493408203125,-10.621429443359377,-5.709243774414063,-9.847915649414062,1.2070159912109375
2017-03-27,6,1,305.5390625,283.2782287597656,-4.764083862304688,0.9471588134765624,0.0,91776.265625,268.75701904296875,282.689697265625,297.4568176269531,0.0001845801016315,0.0042716525495052,0.0053695328533649,-10.862136840820312,-11.081741333007812,-7.5125732421875,-4.948989868164063,-5.410614013671875,0.477508544921875
2017-03-27,12,2,306.8378601074219,283.025390625,-4.494430541992188,0.9713134765625,0.0,91419.53125,268.9898681640625,283.4092102050781,299.4304504394531,0.0004525054246187,0.0053674019873142,0.0054557025432586,-10.004608154296877,-6.7946624755859375,-7.907623291015625,-8.00213623046875,-2.181137084960937,1.0158233642578125
2017-03-27,18,3,299.0562438964844,281.5220031738281,-2.643463134765625,1.0778961181640625,0.0,91789.890625,267.81109619140625,282.9620056152344,297.3363647460937,0.0004425677470862,0.0035616806708276,0.0061998218297958,-11.276565551757812,-7.22149658203125,-10.636978149414062,-8.891143798828125,-8.998550415039062,-1.7324066162109375
2017-03-28,0,0,296.715576171875,285.4715576171875,-1.1933135986328125,2.077865600585937,0.0,91646.65625,267.7370910644531,281.8404846191406,295.794189453125,0.0002784903626888,0.0047291852533817,0.0051164366304874,-13.669570922851562,-9.067367553710938,-4.53607177734375,-11.171905517578123,-6.1454010009765625,3.447860717773437
2017-03-28,6,1,304.73046875,285.9333801269531,-2.503402709960937,1.1921844482421875,0.0,91802.1875,267.81231689453125,282.5906066894531,296.5333251953125,0.0002792398445308,0.0044440389610826,0.0072587393224239,-14.510650634765623,-10.686920166015623,-4.3063507080078125,-2.2709197998046875,-8.370925903320312,1.119781494140625
2017-03-28,12,2,307.28497314453125,282.32196044921875,-3.610198974609375,0.7982330322265625,0.0,91361.796875,268.19171142578125,283.9101867675781,299.85455322265625,0.0002249952376587,0.0054185576736927,0.0055958107113838,-12.301727294921877,-5.268569946289063,-7.061004638671875,0.6128692626953125,-3.572967529296875,0.400543212890625
2017-03-28,18,3,299.59539794921875,286.1528625488281,-2.361724853515625,1.0469818115234375,0.0,91737.03125,268.6537475585937,282.38922119140625,295.9544677734375,0.0002374571777181,0.0068351477384567,0.0078817307949066,-12.398849487304688,-3.7646331787109375,-7.2079620361328125,1.4592437744140625,-6.0377960205078125,2.9924468994140625
2017-03-29,0,0,296.6513061523437,289.712158203125,-0.9766082763671876,1.6567230224609375,7.625,91587.296875,268.667236328125,282.1168212890625,294.9752197265625,0.0001710208161966,0.0051448084414005,0.0067850053310394,-9.346908569335938,-6.780563354492188,-4.467071533203125,1.4798126220703125,-8.710968017578125,3.21649169921875
2017-03-29,6,1,304.8373413085937,287.9552917480469,-1.8837432861328125,1.177490234375,0.0,91724.4375,268.1475830078125,282.4578857421875,296.3339233398437,0.0001938203058671,0.0038714157417416,0.0083407200872898,-6.4752349853515625,-11.425552368164062,-3.176361083984375,2.2854766845703125,-8.214202880859375,1.2411651611328125
2017-03-29,12,2,307.37371826171875,284.62432861328125,-3.3577117919921875,0.687408447265625,0.0,91370.5,267.91558837890625,283.906982421875,299.9889831542969,0.0001848029205575,0.0060099251568317,0.0061469413340091,-4.8416900634765625,-4.9864349365234375,-6.223907470703125,-0.2305145263671875,-2.783203125,0.2022857666015625
2017-03-29,18,3,299.59423828125,285.26239013671875,-2.245635986328125,1.8070220947265625,0.0,91725.328125,269.205078125,283.501708984375,296.5484619140625,0.0001461528299842,0.0052757821977138,0.0082881189882755,-8.270858764648438,-3.4166717529296875,-6.669586181640625,-1.195068359375,-6.360519409179688,3.9937896728515625
2017-03-30,0,0,296.1493225097656,287.21923828125,-0.2217559814453125,1.8671722412109373,0.0,91632.484375,269.45281982421875,282.3519897460937,293.875,0.0001227773173013,0.0036987739149481,0.0083298608660697,-10.032440185546877,-8.776596069335938,-2.9437713623046875,0.2897796630859375,-7.33453369140625,4.4191741943359375
2017-03-30,6,1,303.8580322265625,288.8012390136719,-1.037139892578125,0.50634765625,0.0,91746.328125,269.45489501953125,282.8226013183594,295.3959045410156,0.0001317041605943,0.002681900281459,0.0092999599874019,-9.966934204101562,-12.681137084960938,-2.012939453125,4.231704711914063,-4.364425659179688,0.3430023193359375
2017-03-30,12,2,306.9408569335937,281.1391906738281,-3.871734619140625,0.896697998046875,0.0,91385.125,269.4764099121094,283.5092163085937,299.5599670410156,0.000152676802827,0.0053088143467903,0.0053666830062866,-10.377517700195312,-6.54266357421875,-6.702484130859375,4.344528198242188,-1.4900360107421875,0.9501495361328124
2017-03-30,18,3,299.2004699707031,282.3295288085937,-2.82464599609375,1.4949188232421875,0.0,91712.875,269.3858947753906,283.2755126953125,297.4324951171875,0.0001513772294856,0.0046478956937789,0.0061078704893589,-9.121673583984377,-8.22503662109375,-9.883819580078123,5.484588623046875,-6.294097900390625,0.976287841796875
2017-03-31,0,0,297.11639404296875,287.7857360839844,-2.0721435546875,0.859283447265625,0.0,91624.328125,270.1268920898437,282.13104248046875,297.0339660644531,0.0001432215212844,0.0050820461474359,0.0046788863837718,-7.545257568359375,-8.003143310546875,-9.79583740234375,5.802734375,-8.491180419921875,2.63250732421875
2017-03-31,6,1,305.9755859375,283.7813720703125,-5.5216217041015625,0.5037384033203125,0.0,91789.15625,269.1049194335937,282.19451904296875,297.70086669921875,0.0001664814481046,0.0043284390121698,0.0059572309255599,-6.071807861328125,-10.10888671875,-8.570175170898438,4.815704345703125,-4.8515472412109375,-0.000244140625
2017-03-31,12,2,306.5346069335937,283.38677978515625,-4.0966796875,1.6241607666015625,0.0,91482.4375,269.1410217285156,282.88525390625,298.7950439453125,0.0001698253618087,0.006101619452238,0.0063505843281745,-5.732818603515625,-5.813644409179688,-6.867233276367188,2.5426177978515625,-1.6733551025390625,2.0910186767578125
2017-03-31,18,3,298.85113525390625,285.2855834960937,-1.8775482177734373,1.9113311767578125,0.0,91799.109375,268.8865051269531,283.4913330078125,296.88720703125,0.000203777977731,0.0027702327352017,0.0065090022981166,-7.992752075195312,-8.161834716796875,-5.3962249755859375,1.880859375,-6.7196044921875,2.1057891845703125
2017-04-01,0,0,296.3177490234375,285.99908447265625,1.3635101318359375,1.50201416015625,0.0,91621.609375,269.3819274902344,282.5531616210937,296.01544189453125,0.0001080584479495,0.0051429225131869,0.0057945251464843,-8.133392333984375,-6.6010589599609375,-3.48382568359375,3.1621551513671875,-9.49609375,5.0409088134765625
2017-04-01,6,1,304.690673828125,287.3749084472656,-0.4346771240234375,1.751220703125,0.0,91743.328125,268.91632080078125,283.0859375,296.474609375,0.0001124897535191,0.0039334860630333,0.008221298456192,-4.276214599609375,-9.125640869140623,-1.207733154296875,4.3485260009765625,-9.326339721679688,2.0675811767578125
2017-04-01,12,2,307.51922607421875,284.5023803710937,-1.7870025634765625,0.8507080078125,4.875,91330.890625,267.8958740234375,284.55389404296875,300.71954345703125,0.0001153861085185,0.0059187598526477,0.0059678219258785,-3.222686767578125,-3.7487945556640634,-3.2152557373046875,0.5203094482421875,-1.9492645263671875,0.187652587890625
2017-04-01,18,3,299.83770751953125,282.19903564453125,-2.0537872314453125,1.9990234375,0.0,91608.109375,267.5860900878906,284.31494140625,298.039794921875,0.000129532025312,0.0056041926145553,0.0068737119436264,-3.750213623046875,0.2300872802734375,-4.1284942626953125,0.4240264892578125,-5.7423095703125,7.388076782226562
2017-04-02,0,0,296.9283447265625,287.7777099609375,1.56317138671875,0.4582977294921875,693.875,91528.859375,268.1983642578125,283.31005859375,294.81353759765625,0.0001319746806984,0.0057347677648067,0.0098540633916854,2.1434478759765625,-7.8690948486328125,3.9886322021484375,3.9737396240234375,-5.324462890625,2.3041229248046875
2017-04-02,6,1,304.27362060546875,289.4324645996094,-0.3250274658203125,1.1636810302734375,0.0,91610.078125,267.4232788085937,283.25762939453125,297.1015319824219,0.0001382054761052,0.0055940896272659,0.0091268233954906,0.5143280029296875,-8.23992919921875,-1.005615234375,1.510894775390625,-4.875091552734375,1.248626708984375
2017-04-02,12,2,307.66864013671875,285.25323486328125,-2.366241455078125,1.298797607421875,0.0,91207.546875,267.2969970703125,284.5704650878906,300.86688232421875,0.0001470419374527,0.0063944347202777,0.0064903497695922,1.2350311279296875,-4.36041259765625,-4.2535247802734375,-2.7249908447265625,-0.7994384765625,1.3711090087890625
2017-04-02,18,3,300.2753295898437,283.9849853515625,-2.1943817138671875,2.51324462890625,0.0,91538.625,267.1378479003906,283.6855773925781,297.64227294921875,0.0002988083288073,0.0066564865410327,0.0075267329812049,-1.6084747314453125,-0.78570556640625,-3.935348510742188,-2.0706939697265625,-0.73797607421875,9.836151123046877
2017-04-03,0,0,298.1446228027344,290.09149169921875,0.7818603515625,1.4534149169921875,1009.25,91526.3125,267.27508544921875,283.15704345703125,293.978271484375,0.000490341335535,0.0064378939568996,0.0107249990105628,-0.2161865234375,-5.304718017578125,4.145721435546875,0.2497711181640625,-4.596466064453125,3.801971435546875
2017-04-03,6,1,304.6297302246094,289.7921142578125,0.383697509765625,-0.1029510498046875,5.25,91685.796875,267.2381591796875,283.19708251953125,296.5736694335937,0.0003157240280415,0.0065004825592041,0.0096627622842788,0.1952056884765625,-7.379989624023437,-0.0164947509765625,1.0936126708984375,-2.9516143798828125,-0.2634429931640625
2017-04-03,12,2,307.59674072265625,287.5433044433594,-0.61102294921875,-0.55255126953125,10.25,91277.546875,266.4971923828125,283.8632202148437,299.9678039550781,0.0016173569019883,0.008421454578638,0.0085640661418437,-0.240020751953125,-3.8970794677734375,-1.6092529296875,-2.0223846435546875,-1.3525543212890625,-0.824066162109375
2017-04-03,18,3,299.7921142578125,285.0135498046875,-1.3304443359375,-0.2963409423828125,0.0,91589.484375,267.30108642578125,282.5050048828125,296.88330078125,0.0013096726033836,0.0079758130013942,0.009389117360115,-4.26348876953125,-1.8984375,-4.055755615234375,-3.7043609619140634,3.946197509765625,1.3629913330078125
2017-04-04,0,0,297.85723876953125,289.8787841796875,-1.300872802734375,1.72802734375,83.875,91524.9375,267.68621826171875,283.5139465332031,295.25445556640625,0.0009094821289181,0.0066996272653341,0.0095608383417129,-1.7536163330078125,-5.6304779052734375,1.353271484375,-1.5966339111328125,-3.3155059814453125,3.154266357421875
2017-04-04,6,1,304.46728515625,290.314208984375,-0.15185546875,0.7068634033203125,0.0,91699.15625,267.4797668457031,283.5176696777344,296.3531799316406,0.0014668605290353,0.0071856491267681,0.0100978389382362,-2.867340087890625,-4.82977294921875,-0.5120849609375,-2.837310791015625,-2.3022613525390625,0.7202911376953125
2017-04-04,12,2,307.2076416015625,289.77618408203125,-0.8697052001953125,0.297088623046875,0.125,91301.828125,267.18365478515625,283.3425598144531,299.546142578125,0.0015696659684181,0.0091807916760444,0.0093041248619556,-4.999176025390625,-2.05108642578125,-1.2965240478515625,-5.306732177734375,-1.1830902099609375,-0.0633697509765625
2017-04-04,18,3,300.4999084472656,287.9633483886719,-0.0686798095703125,2.017669677734375,5.5,91628.84375,266.9136962890625,282.511962890625,296.6492919921875,0.0012611483689397,0.0092043913900852,0.0102201141417026,-7.583572387695312,-2.020294189453125,0.667938232421875,-8.183868408203125,-1.4590606689453125,6.9855804443359375
2017-04-05,0,0,298.2972106933594,290.5955810546875,0.8700408935546875,1.2468414306640625,1246.0,91509.765625,267.1507568359375,282.7120666503906,294.5852966308594,0.0012748434673994,0.0077120251953601,0.011683601886034,-7.610763549804687,-6.641448974609375,3.2006378173828125,-7.0146484375,-2.4164276123046875,3.0152740478515625
2017-04-05,6,1,304.12164306640625,292.5873413085937,0.7083282470703125,0.7367401123046875,186.5,91664.25,268.16705322265625,283.435791015625,295.8639831542969,0.0011298274621367,0.0060485713183879,0.0121473856270313,-8.198822021484375,-5.12030029296875,0.730010986328125,-7.90850830078125,-1.602996826171875,0.7374114990234375
2017-04-05,12,2,301.5125732421875,294.1546630859375,1.43634033203125,-2.1202545166015625,1932.75,91372.59375,267.569091796875,283.82916259765625,295.6434936523437,0.0024219856131821,0.0098861083388328,0.0131660737097263,-6.3988037109375,-2.203704833984375,0.2482757568359375,-6.404556274414063,-1.519775390625,-0.6854400634765625
2017-04-05,18,3,297.05108642578125,291.89068603515625,1.743408203125,0.2993927001953125,169.625,91559.109375,267.0534362792969,282.56744384765625,296.6313171386719,0.0028168400749564,0.0092551968991756,0.0104966051876544,-8.941238403320312,-3.366119384765625,0.0232086181640625,-5.1087188720703125,-4.71368408203125,-1.4246978759765625
2017-04-06,0,0,297.6996459960937,293.0218505859375,0.7368011474609375,-0.320220947265625,345.5,91430.09375,267.8887023925781,283.1549987792969,295.5947570800781,0.0007783768232911,0.0081973224878311,0.0106389001011848,-10.894866943359377,-5.7386627197265625,1.111968994140625,-3.1245880126953125,-4.830078125,-0.2444305419921875
2017-04-06,6,1,304.21124267578125,291.2916259765625,0.2286376953125,-0.975311279296875,102.75,91524.0625,269.1293640136719,283.3883056640625,296.95806884765625,0.0008699405007064,0.0077457502484321,0.0114234387874603,-9.106124877929688,-5.6256103515625,0.2239837646484375,-3.784713745117188,-4.612838745117188,-1.5634307861328125
2017-04-06,12,2,306.462646484375,290.8280029296875,-0.9482421875,-1.25469970703125,17.125,91162.28125,267.3617553710937,283.664306640625,299.8328857421875,0.0028487045783549,0.0098781138658523,0.0101891160011291,-7.138641357421875,-3.055084228515625,-1.92333984375,-3.014633178710937,-4.245330810546875,-2.70947265625
2017-04-06,18,3,299.31866455078125,289.17022705078125,-0.9614105224609376,2.052459716796875,12.25,91491.703125,266.87628173828125,283.4623413085937,297.29254150390625,0.0015727716963738,0.0090439654886722,0.0105019286274909,-10.516128540039062,-0.7883148193359375,-4.5919189453125,-4.0888671875,-6.269378662109375,5.78192138671875
2017-04-07,0,0,298.02996826171875,292.2388916015625,1.6724395751953125,0.3730010986328125,949.25,91493.78125,267.4179077148437,282.95758056640625,292.923583984375,0.00104905012995,0.0083382166922092,0.0125602558255195,-11.316177368164062,-6.0087890625,2.344955444335937,-0.3902130126953125,-7.048126220703125,5.7531585693359375
2017-04-07,6,1,303.55780029296875,292.9770812988281,1.594512939453125,-0.111663818359375,577.0,91617.34375,269.1219482421875,283.04547119140625,295.8749389648437,0.0005531732458621,0.0079958215355873,0.0128890201449394,-11.792205810546877,-6.96588134765625,1.9791717529296875,0.4759521484375,-5.238372802734375,-0.2220001220703125
2017-04-07,12,2,305.7172241210937,291.72607421875,-0.163604736328125,-1.204345703125,72.5,91229.03125,267.9033203125,283.9588317871094,298.467041015625,0.0011644635815173,0.008889440447092,0.0112693160772323,-11.620559692382812,-6.7684173583984375,-0.9000091552734375,0.0171051025390625,-2.942138671875,-2.118560791015625
2017-04-07,18,3,300.37091064453125,290.773681640625,-1.7214508056640625,-0.213226318359375,2.125,91438.078125,267.84796142578125,283.3385009765625,298.1824645996094,0.0004848386161029,0.0082958899438381,0.0098959133028984,-11.333816528320312,-5.029022216796875,-5.566009521484375,-2.738388061523437,-1.7828216552734375,-1.381072998046875
2017-04-08,0,0,298.996337890625,291.50958251953125,-0.97552490234375,1.9461212158203125,142.0,91377.796875,268.3541259765625,283.20928955078125,295.6488342285156,0.0005248049274086,0.0082632489502429,0.0106260031461715,-9.679061889648438,-5.4600677490234375,-0.2119598388671875,-5.441818237304688,-4.21954345703125,5.3570556640625
2017-04-08,6,1,305.30987548828125,290.6557922363281,-1.1941986083984375,0.9410552978515624,3.25,91515.625,269.7914428710937,284.14752197265625,297.232421875,0.00031857797876,0.0072278566658496,0.0103470236063003,-8.401504516601562,-7.6491546630859375,-2.0598297119140625,-5.8782806396484375,-4.0560302734375,1.1214141845703125
2017-04-08,12,2,307.5057983398437,288.8278503417969,-1.9073333740234373,0.7962646484375,0.0,91183.421875,267.8779296875,284.21002197265625,300.32720947265625,0.0012129948008805,0.0085596889257431,0.0085794180631637,-8.812835693359375,-5.2350006103515625,-3.876556396484375,-7.174407958984375,-0.9228057861328124,0.817840576171875
2017-04-08,18,3,300.4229736328125,288.1494445800781,-2.59149169921875,1.934814453125,9.75,91514.5,267.808837890625,284.03619384765625,298.00518798828125,0.0003931811079382,0.0080418772995471,0.0087266862392425,-12.185958862304688,-3.0046539306640625,-5.1579132080078125,-8.085235595703125,-2.5787506103515625,7.04205322265625
2017-04-09,0,0,297.90594482421875,290.27130126953125,0.524261474609375,1.5576171875,220.75,91398.375,268.759765625,283.4275817871094,294.6356506347656,0.0002649291418492,0.0068162158131599,0.0113060995936393,-14.81219482421875,-6.9442291259765625,1.030059814453125,-6.0780181884765625,-4.31646728515625,5.30084228515625
2017-04-09,6,1,304.6365966796875,290.1752319335937,-1.1376953125,1.1623077392578125,3.625,91565.125,269.5486145019531,284.1043395996094,296.8064880371094,0.0003507914952933,0.0052397400140762,0.0100298449397087,-13.537506103515623,-8.815582275390625,-2.187850952148437,-6.065826416015625,-5.59210205078125,1.3210906982421875
2017-04-09,12,2,307.3910522460937,288.65704345703125,-1.7494964599609375,0.69183349609375,3.5,91160.34375,268.39990234375,284.3468322753906,300.5297546386719,0.0012081458698958,0.0076614804565906,0.0078205205500125,-11.62481689453125,-5.560592651367188,-3.893966674804688,-5.529098510742188,-2.8147735595703125,0.3320770263671875
2017-04-09,18,3,300.49462890625,285.7731018066406,-2.072738647460937,1.181854248046875,0.0,91487.203125,268.09637451171875,284.3847045898437,297.71173095703125,0.00046635302715,0.0072008408606052,0.0084435157477855,-15.688873291015623,-5.32244873046875,-4.347457885742188,-5.162384033203125,-6.054244995117188,4.9240264892578125
2017-04-10,0,0,297.7442626953125,288.6409912109375,0.927490234375,1.479461669921875,58.625,91349.0,271.19244384765625,283.656005859375,294.5435485839844,0.0005629989318549,0.0066150408238172,0.0107108429074287,-7.717254638671875,-9.58624267578125,2.8177947998046875,2.544097900390625,-6.9708404541015625,4.681976318359375
2017-04-10,6,1,304.671875,290.5161437988281,-0.5199432373046875,-0.6761322021484375,13.125,91509.765625,269.91424560546875,283.8955993652344,297.0870361328125,0.0009359633550047,0.0065587162971496,0.0099351368844509,-5.437271118164063,-9.511123657226562,-1.2565460205078125,3.749755859375,-7.624679565429687,-1.3741455078125
2017-04-10,12,2,307.66845703125,289.7879638671875,-1.56103515625,0.233367919921875,4.125,91036.75,267.9597473144531,285.389892578125,301.64178466796875,0.0022289119660854,0.0073337703943252,0.0074476711452007,-2.904541015625,-5.779998779296875,-4.427169799804688,-1.2028350830078125,-3.056869506835937,-0.7286529541015625
2017-04-10,18,3,300.9949951171875,286.8837280273437,-2.196533203125,1.0788116455078125,0.0,91454.90625,267.2478942871094,283.9201965332031,298.1650390625,0.0018566106446087,0.0083760768175125,0.0093943700194358,-6.88079833984375,-3.010360717773437,-5.7328948974609375,-2.920867919921875,-1.61834716796875,4.925308227539063
2017-04-11,0,0,297.9342041015625,290.84637451171875,1.4930419921875,0.968048095703125,466.625,91310.71875,269.8834228515625,284.0907592773437,295.28155517578125,0.0006977680604904,0.0066113546490669,0.0108745619654655,-1.2327117919921875,-8.286849975585938,1.361114501953125,-1.85601806640625,-7.173797607421875,2.03814697265625
2017-04-11,6,1,304.936767578125,290.6728515625,-1.4726409912109375,-1.5977783203125,7.125,91467.71875,268.8368530273437,283.9864807128906,297.5064392089844,0.0009572897106409,0.0053146593272686,0.0102183707058429,-3.15045166015625,-9.130233764648438,-2.711578369140625,-0.0486907958984375,-5.975631713867188,-2.5120391845703125
2017-04-11,12,2,307.08209228515625,288.31640625,-2.519775390625,-0.2829437255859375,0.0,91088.46875,267.4113464355469,284.3148803710937,300.7188720703125,0.0024303784593939,0.0080288834869861,0.0080556347966194,-2.0373687744140625,-5.20196533203125,-5.4346771240234375,-0.975494384765625,-3.276031494140625,-1.6048736572265625
2017-04-11,18,3,301.43389892578125,287.5501403808594,-2.1321563720703125,1.1422882080078125,11.125,91514.796875,266.38330078125,283.99298095703125,297.5118408203125,0.0026824101805686,0.0080611295998096,0.0098266042768955,-4.0358734130859375,-2.2393035888671875,-6.4969024658203125,-1.82763671875,-4.7178497314453125,2.3534393310546875
2017-04-12,0,0,298.5815734863281,290.5857238769531,0.274383544921875,0.88946533203125,145.0,91387.484375,267.77886962890625,283.5040588378906,295.2024230957031,0.0014223104808479,0.0075067467987537,0.0110536031424999,-4.2076263427734375,-4.46771240234375,-0.813720703125,-3.911056518554688,-5.9701690673828125,3.75604248046875
2017-04-12,6,1,305.232666015625,290.6399841308594,-2.2022705078125,-1.515594482421875,0.0,91550.515625,268.71002197265625,283.66522216796875,297.4599609375,0.0009990227408707,0.0063614621758461,0.0094691142439842,-3.859542846679688,-5.668472290039063,-3.71783447265625,-1.300262451171875,-8.996292114257812,-2.730072021484375
2017-04-12,12,2,308.0608215332031,287.92352294921875,-1.3404693603515625,-1.7165985107421875,0.0,91113.84375,268.08746337890625,285.19219970703125,301.4944152832031,0.0010961925145238,0.0059557110071182,0.006009042263031,-1.5974273681640625,-3.975799560546875,-3.593353271484375,-1.3787994384765625,-5.0946197509765625,-4.372222900390625
2017-04-12,18,3,300.8895874023437,288.7385559082031,-3.137924194335937,1.5833740234375,14.125,91537.515625,267.6295471191406,284.1392822265625,296.184814453125,0.0007547396235167,0.0052415803074836,0.0105733051896095,-3.583358764648437,1.57550048828125,-7.978790283203125,-2.8423614501953125,-6.430328369140625,5.299407958984375
2017-04-13,0,0,297.2977600097656,292.10858154296875,-0.9471282958984376,1.2231903076171875,258.125,91436.984375,269.7822570800781,282.89276123046875,295.0162048339844,0.0001388399396091,0.0048775263130664,0.0101208128035068,-0.66748046875,-2.0286102294921875,-2.42218017578125,-2.642196655273437,-8.09783935546875,3.03387451171875
2017-04-13,6,1,305.5670166015625,287.7099609375,-1.6044921875,-1.322357177734375,0.0,91562.015625,267.47320556640625,281.94439697265625,297.4837951660156,0.0002208505175076,0.0056708492338657,0.0080490186810493,0.72100830078125,-4.5947265625,-2.496917724609375,-4.1709747314453125,-7.6345062255859375,-2.3694305419921875
2017-04-13,12,2,307.4318542480469,284.56756591796875,-2.09075927734375,-0.261627197265625,0.0,91156.0625,267.66656494140625,284.59918212890625,300.8740234375,0.0001304079341934,0.0046193301677703,0.0047402456402778,-0.5305633544921875,-4.3050079345703125,-4.3861083984375,-5.620147705078125,-2.797225952148437,-1.3721466064453125
2017-04-13,18,3,299.7077331542969,285.6630859375,-2.460678100585937,1.1134033203125,17.75,91553.25,267.7835693359375,283.5023498535156,296.98193359375,7.170333992689848e-05,0.0053226985037326,0.0074675418436527,-6.1883697509765625,-0.1587677001953125,-9.108474731445312,-6.0973052978515625,-3.6763916015625,2.2857666015625
2017-04-14,0,0,296.4010925292969,289.196533203125,1.0042266845703125,1.1584320068359375,246.25,91433.734375,268.4697265625,282.87744140625,294.9703674316406,0.0001727444905554,0.0046142637729644,0.0082470215857028,-5.366500854492188,-4.502166748046875,-2.825439453125,-2.69293212890625,-10.19049072265625,3.5654754638671875
2017-04-14,6,1,303.8948974609375,287.953125,-0.4259033203125,-0.190216064453125,0.0,91517.046875,267.4874267578125,283.4042358398437,296.8397216796875,0.0001359390298603,0.0033714701421558,0.0084497407078742,-1.0949554443359375,-7.447677612304687,-0.988677978515625,-0.25555419921875,-11.513809204101562,-0.6451568603515625
2017-04-14,12,2,307.466552734375,285.67791748046875,-1.3427886962890625,-0.7085723876953125,0.0,91094.53125,267.0517578125,284.8681030273437,301.20977783203125,9.8798715043813e-05,0.0043846108019351,0.004484187811613,2.32720947265625,-4.3836669921875,-3.414886474609375,-2.5403289794921875,-4.0154571533203125,-2.43487548828125
2017-04-14,18,3,299.4191589355469,283.17950439453125,-0.999267578125,1.7495574951171875,1.5,91488.796875,267.2139892578125,283.2501220703125,297.54364013671875,5.7994446251541376e-05,0.005891591310501,0.0072150044143199,-1.1085662841796875,-0.8354949951171875,-5.3201904296875,-5.9147796630859375,-3.068572998046875,3.5170440673828125
2017-04-15,0,0,297.04669189453125,292.25341796875,2.1052398681640625,-0.07794189453125,710.25,91340.34375,268.24285888671875,283.48114013671875,295.4377746582031,3.955853753723204e-05,0.0050459988415241,0.0091612115502357,-1.0323944091796875,-3.173065185546875,2.41534423828125,0.049713134765625,-10.817535400390623,1.66229248046875
2017-04-15,6,1,304.0931396484375,290.9048156738281,0.8390350341796875,-1.671173095703125,25.5,91373.6875,267.41668701171875,283.6801452636719,297.30029296875,4.154846828896552e-05,0.0045106098987162,0.0096444673836231,0.0738983154296875,-7.094573974609375,0.5987396240234375,-0.9193878173828124,-9.288711547851562,-2.6197967529296875
2017-04-15,12,2,307.84539794921875,286.6405029296875,0.057220458984375,-1.8486785888671875,2.625,90947.8125,266.5714111328125,285.41534423828125,301.6338195800781,0.0004720196593552,0.0054344832897186,0.0056648626923561,1.890380859375,-3.5642852783203125,-1.0620269775390625,-3.24713134765625,-5.591354370117188,-5.4959869384765625
2017-04-15,18,3,300.61083984375,285.0006103515625,-2.17620849609375,2.1046295166015625,53.375,91286.765625,267.4913635253906,284.30908203125,298.8739013671875,0.0001681497524259,0.0059726648032665,0.0081691555678844,-1.635711669921875,-3.5964508056640625,-5.13995361328125,-4.876861572265625,-2.34765625,8.16217041015625
2017-04-16,0,0,298.796142578125,294.1580810546875,2.104476928710937,1.1797027587890625,1633.25,91247.75,267.372314453125,283.8548583984375,295.1878967285156,0.0001360923197353,0.0061030089855194,0.0116373300552368,-2.904647827148437,-2.7583465576171875,3.3402862548828125,-2.508697509765625,-7.39044189453125,4.598358154296875
2017-04-16,6,1,304.19891357421875,292.6879577636719,2.8551483154296875,0.892669677734375,287.875,91384.46875,267.68463134765625,283.9737854003906,296.6607666015625,9.934873378369956e-05,0.0052890442311763,0.0120405741035938,-3.8678131103515625,-3.2320709228515625,4.0725860595703125,0.4281158447265625,-5.9783782958984375,1.2381134033203125
2017-04-16,12,2,306.0507507324219,288.68701171875,1.100860595703125,1.142608642578125,3.375,91053.65625,266.5769348144531,284.74578857421875,299.3847045898437,0.002751188352704,0.0071803629398345,0.0091647170484066,-0.35333251953125,-4.9356536865234375,0.9898529052734376,-1.117889404296875,-6.73309326171875,0.220611572265625
2017-04-16,18,3,299.5057373046875,292.2083435058594,2.8390045166015625,1.414398193359375,867.375,91485.078125,267.04541015625,284.128662109375,296.44354248046875,0.0019255706574767,0.0069803185760974,0.0112367570400238,0.82025146484375,-4.93658447265625,7.2508544921875,-2.5598907470703125,-6.3851318359375,1.913421630859375
2017-04-17,0,0,298.2344665527344,293.8795166015625,3.2924957275390625,0.2825164794921875,978.0,91384.734375,264.0826416015625,284.4200439453125,296.630615234375,0.0026448275893926,0.0064099095761775,0.0096654295921325,-0.537689208984375,-4.8458251953125,6.571578979492188,-2.4582672119140625,-4.8226165771484375,2.660980224609375
2017-04-17,6,1,304.14654541015625,291.21990966796875,3.756439208984375,-0.143768310546875,371.0,91502.546875,267.4569702148437,284.50738525390625,296.5632629394531,0.0007712126243859,0.00601527094841,0.0122054517269134,-1.6549224853515625,-4.702056884765625,5.5438995361328125,-1.8409881591796875,-3.2534942626953125,-0.6782379150390625
2017-04-17,12,2,305.9428100585937,290.8148803710937,1.1898040771484375,1.0530853271484375,6.0,91160.171875,266.24676513671875,284.5587463378906,299.51171875,0.0037708596792072,0.0080933384597301,0.0093637481331825,-1.4730987548828125,-1.266387939453125,1.6956329345703125,-0.6876983642578125,-6.949737548828125,-0.164642333984375
2017-04-17,18,3,299.205078125,291.8963928222656,2.8026580810546875,1.427703857421875,611.25,91498.25,267.08526611328125,284.4466247558594,296.87860107421875,0.0010689885821193,0.0066816471517086,0.0111769288778305,2.841583251953125,-5.189239501953125,6.584732055664063,-2.991363525390625,-6.4306488037109375,0.3815765380859375
2017-04-18,0,0,297.7351989746094,293.67608642578125,1.9918975830078125,-0.2591400146484375,863.75,91356.96875,266.89337158203125,284.7628173828125,297.18017578125,0.0007466746028512,0.0054466538131237,0.0100449249148368,0.630950927734375,-7.366317749023437,2.9293212890625,-3.645477294921875,-5.8959503173828125,0.531951904296875
2017-04-18,6,1,305.1046142578125,290.51104736328125,2.0806121826171875,-0.6550140380859375,105.875,91435.421875,270.1707763671875,284.6512451171875,297.7606201171875,0.000331460731104,0.0049710161983966,0.0112980976700782,-0.8448638916015625,-6.078140258789063,2.5644683837890625,-4.337677001953125,-4.809341430664063,-1.288543701171875
2017-04-18,12,2,307.5054626464844,290.68328857421875,1.0410614013671875,0.72894287109375,5.0,91084.796875,268.5572204589844,285.7503967285156,301.7041015625,0.0007858839817345,0.0071166902780532,0.0075763389468193,-0.2517852783203125,-4.327896118164063,0.662506103515625,-5.185592651367188,-5.207931518554688,-0.8747406005859375
2017-04-18,18,3,300.5799560546875,292.279541015625,3.172103881835937,1.981842041015625,989.375,91484.453125,270.1239929199219,284.1961669921875,296.530029296875,0.0008085418958216,0.0079968683421611,0.0123744383454322,-1.3618621826171875,-3.944915771484375,5.551437377929688,-5.70526123046875,-4.342620849609375,4.629852294921875
2017-04-19,0,0,298.6966857910156,295.4041442871094,1.9595184326171875,1.037384033203125,1944.875,91373.03125,269.84002685546875,284.7794189453125,296.0975952148437,0.0004654820077121,0.0065040737390518,0.0117854177951812,1.96185302734375,-7.6617431640625,3.425521850585937,-6.381622314453125,-6.3828125,3.3299102783203125
2017-04-19,6,1,303.86627197265625,293.195068359375,2.3614501953125,0.611541748046875,985.625,91523.8125,270.09332275390625,284.6835327148437,296.4066162109375,0.0006100747268646,0.0051727183163166,0.0135662220418453,0.588623046875,-6.185577392578125,3.09844970703125,-7.02850341796875,-1.84747314453125,0.797088623046875
2017-04-19,12,2,307.10675048828125,292.4925231933594,0.2062530517578125,0.3065032958984375,184.0,91161.46875,268.1131896972656,285.03594970703125,299.0860900878906,0.0019444820936769,0.0086584314703941,0.0114053674042224,0.6100921630859375,-5.556655883789063,-0.048248291015625,-6.7669219970703125,-4.9335784912109375,-0.2388763427734375
2017-04-19,18,3,300.4448547363281,293.1307983398437,3.0470733642578125,1.2198333740234375,1441.875,91422.390625,270.394287109375,284.0166320800781,296.87091064453125,0.0007567992433905,0.008475549519062,0.0124675892293453,6.2036895751953125,-4.351486206054688,5.0488128662109375,-8.533004760742188,-4.901031494140625,3.4955291748046875
2017-04-20,0,0,298.65057373046875,295.7728271484375,2.264495849609375,0.1456756591796875,1947.875,91348.75,271.056640625,284.0757751464844,295.80010986328125,0.0004161244723945,0.0086174458265304,0.0121723189949989,8.157012939453125,-5.2506866455078125,5.434494018554688,-9.423309326171877,-4.7896881103515625,1.8735504150390625
2017-04-20,6,1,304.2813415527344,293.06060791015625,2.6578521728515625,0.3399658203125,1140.5,91469.609375,270.23052978515625,284.2489013671875,296.1190795898437,0.0008421705570071,0.007866945117712,0.0140678621828556,5.84246826171875,-3.90185546875,3.684646606445313,-8.916549682617188,-2.4554595947265625,-0.1291656494140625
2017-04-20,12,2,302.7811889648437,292.8422546386719,-1.7645263671875,2.667953491210937,1605.625,91200.375,268.2509155273437,284.3656616210937,297.6791687011719,0.0028096183668822,0.0100971236824989,0.0129175409674644,2.6296539306640625,1.3601226806640625,0.292236328125,-5.465972900390625,-5.20068359375,0.621917724609375
2017-04-20,18,3,298.1162414550781,294.6598815917969,2.241455078125,2.653289794921875,1537.0,91513.25,269.347412109375,284.11346435546875,294.3223571777344,0.0004892698489129,0.0085577927529811,0.0151533521711826,4.774932861328125,-2.769638061523437,6.5338897705078125,-5.89019775390625,-6.4705810546875,4.4083251953125
2017-04-21,0,0,297.86883544921875,294.81884765625,3.02923583984375,0.596221923828125,1302.375,91402.75,271.2391357421875,284.9130859375,293.7183532714844,0.0005548112094402,0.0066778734326362,0.0133617632091045,5.152999877929688,-6.722427368164063,7.986038208007812,-7.393142700195312,-4.956512451171875,1.0541229248046875
2017-04-21,6,1,303.5941772460937,293.5282287597656,2.52227783203125,0.143524169921875,784.375,91585.21875,270.050537109375,283.1141967773437,295.2463684082031,0.0011198816355317,0.0094643533229827,0.0138322860002517,4.0040435791015625,-4.351531982421875,3.365585327148437,-8.966506958007812,0.4730682373046875,-0.497650146484375
2017-04-21,12,2,302.6195373535156,293.7565612792969,-0.386627197265625,1.751678466796875,2169.875,91327.703125,268.64508056640625,283.9244384765625,295.06256103515625,0.0025631594471633,0.0106613412499427,0.0144268125295639,2.160125732421875,1.5840606689453125,1.272430419921875,-6.790542602539063,-3.1052703857421875,1.8719482421875
2017-04-21,18,3,297.9268493652344,294.7484130859375,2.8279266357421875,1.867279052734375,1919.5,91559.765625,268.5028686523437,283.637939453125,294.7807006835937,0.0017708928789943,0.0087851732969284,0.0140970163047313,2.9573516845703125,-4.900787353515625,6.207199096679688,-3.0295562744140625,-6.660659790039063,0.8056488037109375
2017-04-22,0,0,297.61090087890625,294.6136169433594,2.7174835205078125,-0.2600250244140625,1342.125,91417.921875,270.1341247558594,284.4823608398437,294.9393920898437,0.0008486921433359,0.0069090276956558,0.0120596550405025,4.1775665283203125,-7.0171966552734375,5.9677734375,-2.711212158203125,-4.6134796142578125,-1.5246734619140625
2017-04-22,6,1,304.3689880371094,291.000244140625,2.424957275390625,-2.3958282470703125,141.75,91557.96875,270.02642822265625,283.8950500488281,296.1090393066406,0.0005519816186279,0.0075173452496528,0.0118651092052459,1.983062744140625,-4.9418792724609375,3.211822509765625,-1.7973785400390625,-1.7827301025390625,-4.1921234130859375
2017-04-22,12,2,307.5156555175781,290.7610778808594,1.105377197265625,0.487548828125,1.125,91137.40625,268.6560363769531,284.5702514648437,300.4209899902344,0.0010474736336618,0.0079762078821659,0.0084265395998954,1.6614837646484375,-0.5364227294921875,2.177093505859375,-3.7479248046875,-6.989593505859375,-1.4229278564453125
2017-04-22,18,3,298.8290710449219,294.8089599609375,2.6040802001953125,2.0379791259765625,1451.375,91498.78125,269.0380249023437,284.5716552734375,295.38555908203125,0.0002912641502916,0.0067637115716934,0.0127680525183677,1.113677978515625,-5.048995971679688,8.163192749023438,-2.81414794921875,-9.18743896484375,0.4154205322265625
2017-04-23,0,0,297.75830078125,295.3070983886719,2.6076812744140625,-0.003143310546875,1146.125,91425.09375,269.3612060546875,283.4619140625,294.5150756835937,0.0003490545786917,0.0065163783729076,0.0114987455308437,-0.2432403564453125,-6.682373046875,5.2486419677734375,-0.792572021484375,-6.478851318359375,-3.049530029296875
2017-04-23,6,1,304.7569274902344,289.8841857910156,1.920379638671875,-2.7454986572265625,0.875,91581.09375,269.29901123046875,284.10552978515625,296.2850036621094,0.0003912984393537,0.0060968473553657,0.0110320895910263,-0.1070404052734375,-6.2033538818359375,2.387557983398437,-0.6563262939453125,-2.772491455078125,-4.39453125
2017-04-23,12,2,308.1197509765625,290.21832275390625,0.1112213134765625,-1.2761383056640625,0.0,91189.515625,268.3964538574219,284.53863525390625,300.76593017578125,0.0004034580197185,0.0076844468712806,0.0077595748007297,-0.334381103515625,-2.74163818359375,-0.5022125244140625,-1.229400634765625,-5.1166534423828125,-3.6336822509765625
2017-04-23,18,3,299.927001953125,288.97198486328125,0.5540924072265625,1.6640167236328125,50.25,91419.953125,269.41961669921875,284.57098388671875,299.1951599121094,0.0008748744148761,0.0067331679165363,0.0074501894414424,-1.5688018798828125,-3.228378295898437,2.474273681640625,0.501922607421875,-4.324508666992188,-2.2076873779296875
2017-04-24,0,0,298.5502624511719,294.03668212890625,3.0184478759765625,0.307586669921875,957.0,91377.578125,268.9257202148437,283.4759521484375,295.4960021972656,0.0009187553077936,0.0071100704371929,0.0104671232402324,-0.4681854248046875,-4.73309326171875,4.131622314453125,1.1579437255859375,-5.487396240234375,-4.143890380859375
2017-04-24,6,1,304.83770751953125,290.64459228515625,1.9799346923828125,-2.7606658935546875,175.125,91576.984375,268.79571533203125,283.751953125,296.20489501953125,0.0009277923963963,0.0065872631967067,0.0117802843451499,-2.9139404296875,-3.7044677734375,2.7094879150390625,2.374114990234375,-3.22760009765625,-4.5418243408203125
2017-04-24,12,2,307.227783203125,290.2825927734375,0.3213958740234375,-1.397552490234375,0.0,91201.90625,267.9933776855469,284.4242553710937,300.64874267578125,0.0009800044354051,0.008175753057003,0.008236426860094,-1.6773681640625,-1.399169921875,0.12371826171875,1.45623779296875,-6.526611328125,-4.288864135742188
2017-04-24,18,3,301.2174377441406,289.0009460449219,0.7724151611328125,1.6514129638671875,112.0,91520.1875,268.78741455078125,284.70904541015625,298.4721069335937,0.0008565220050513,0.0064778886735439,0.008348099887371,1.9333953857421875,-4.0856475830078125,2.75238037109375,3.709274291992188,-6.7293548583984375,-1.15576171875
2017-04-25,0,0,298.3018798828125,293.21484375,2.251312255859375,-0.1464691162109375,877.25,91442.3125,268.64697265625,283.9542236328125,294.6628112792969,0.0008543014992028,0.0060907788574695,0.0122649781405925,1.1557464599609375,-5.7094573974609375,3.590606689453125,3.7413177490234375,-6.8663330078125,-8.121292114257812
2017-04-25,6,1,305.0455017089844,290.5911865234375,0.87347412109375,-2.277206420898437,417.125,91571.859375,268.13348388671875,284.145751953125,296.8359069824219,0.0009108097292482,0.0059117227792739,0.0117658488452434,-0.71099853515625,-4.73553466796875,1.0247344970703125,4.1407318115234375,-3.2412261962890625,-3.609420776367188
2017-04-25,12,2,305.4186096191406,289.6702880859375,-4.026580810546875,0.5082855224609375,207.75,91279.15625,267.2265014648437,284.1630859375,297.7433166503906,0.0021924360189586,0.0088244937360286,0.0107452273368835,0.971221923828125,0.679656982421875,-6.438888549804688,1.14794921875,-6.112594604492188,-1.1528472900390625
2017-04-25,18,3,298.1878967285156,289.88775634765625,-0.13555908203125,1.560791015625,190.0,91537.65625,267.3804931640625,284.23590087890625,296.5989990234375,0.0023726876825094,0.006557535380125,0.0105821676552295,0.5549468994140625,-0.7702484130859375,-6.801239013671875,4.85369873046875,-8.57958984375,3.531585693359375
2017-04-26,0,0,297.5621032714844,291.7183837890625,1.6018829345703125,-0.750762939453125,636.25,91394.96875,267.0624694824219,283.69305419921875,295.1646728515625,0.0023327546659857,0.0067935362458229,0.0115378499031066,-1.2572784423828125,-6.643768310546875,-0.4600067138671875,4.3508148193359375,-5.6261749267578125,2.674102783203125
2017-04-26,6,1,304.8739624023437,290.96612548828125,0.0201416015625,0.6849822998046875,393.875,91592.359375,267.867431640625,283.91949462890625,296.8187561035156,0.0010879370383918,0.0064498335123062,0.0116401351988315,0.2552642822265625,-5.8231201171875,-0.2118377685546875,5.373550415039063,-2.001815795898437,0.828826904296875
2017-04-26,12,2,306.2534484863281,290.7149353027344,0.0911407470703125,1.9362335205078125,22.5,91260.109375,267.0497436523437,284.3109741210937,300.10498046875,0.0013615472707897,0.0085746869444847,0.0092610046267509,0.01727294921875,-4.07904052734375,-0.5180816650390625,4.2152252197265625,-2.6488189697265625,2.6757049560546875
2017-04-26,18,3,300.21368408203125,292.6248474121094,-0.0165863037109375,1.8194732666015625,70.25,91564.4375,267.1610107421875,283.3471069335937,297.6428527832031,0.0018417264800518,0.0085769146680831,0.010203294456005,2.691864013671875,-3.3824462890625,1.093017578125,2.836578369140625,-0.439453125,1.706512451171875
2017-04-27,0,0,298.6253662109375,293.61041259765625,1.4318389892578125,0.37139892578125,2356.25,91486.0,267.54400634765625,283.5678100585937,296.0043334960937,0.0014429262373596,0.0074218176305294,0.0116042457520961,1.3918609619140625,-5.1410064697265625,0.65478515625,5.1812591552734375,-2.8574981689453125,3.740676879882813
2017-04-27,6,1,305.1566162109375,291.507568359375,0.32183837890625,1.4080810546875,307.25,91566.625,267.8623352050781,283.7298889160156,296.8175964355469,0.0013640483375638,0.0060114376246929,0.0113823972642421,1.10333251953125,-4.8543701171875,0.1119232177734375,5.243621826171875,0.1494140625,1.8371429443359373
2017-04-27,12,2,306.5007629394531,289.19757080078125,-0.0396575927734375,1.9729766845703125,20.125,91273.75,267.01416015625,283.78387451171875,299.4511108398437,0.0026056026108562,0.0088522545993328,0.0096057131886482,2.80078125,-3.4398345947265625,-0.83843994140625,2.1498260498046875,1.0977783203125,3.1886444091796875
2017-04-27,18,3,298.31427001953125,290.4999694824219,0.9924468994140624,-1.03472900390625,500.5,91648.203125,266.7276916503906,282.97100830078125,297.0562744140625,0.0029833076987415,0.0085585229098796,0.0104574747383594,3.87945556640625,-4.419113159179688,0.094482421875,1.0216064453125,3.419830322265625,-1.6580352783203125
2017-04-28,0,0,298.68511962890625,292.85400390625,1.412384033203125,-0.062957763671875,705.625,91584.5,266.12322998046875,283.20465087890625,294.7740783691406,0.0014500143006443,0.005561888217926,0.0108701437711715,4.179534912109375,-5.780181884765625,-0.661285400390625,2.708770751953125,1.2705535888671875,-2.7999725341796875
2017-04-28,6,1,304.4947509765625,291.3843994140625,0.5800323486328125,-0.07623291015625,390.875,91624.328125,266.2979431152344,283.2391967773437,296.53253173828125,0.0013238869141787,0.0057098716497421,0.0114651955664157,4.537689208984375,-4.751495361328125,0.632904052734375,1.860748291015625,1.2171630859375,-0.3133087158203125
2017-04-28,12,2,305.08917236328125,290.9903259277344,0.227020263671875,-1.2097015380859375,261.25,91309.65625,266.50567626953125,283.06134033203125,297.62158203125,0.0020931183826178,0.0100428573787212,0.0110314786434173,4.62261962890625,-0.78900146484375,0.1583709716796875,-0.709991455078125,2.7989501953125,-0.98651123046875
2017-04-28,18,3,296.9845886230469,290.6020202636719,1.29058837890625,-3.5081939697265625,385.125,91609.765625,265.7998962402344,282.62451171875,295.6449890136719,0.0025451791007071,0.0083160065114498,0.0111614018678665,1.4087066650390625,-4.02581787109375,2.1117095947265625,1.359039306640625,4.5532989501953125,-3.51007080078125
2017-04-29,0,0,297.4545593261719,291.5059509277344,0.941986083984375,-0.2336883544921875,186.25,91544.109375,264.885498046875,283.5218811035156,295.1924743652344,0.0010095252655446,0.0056904219090938,0.0107351727783679,5.9175872802734375,-3.6902008056640634,0.54150390625,0.0391998291015625,-0.195770263671875,1.5948486328125
2017-04-29,6,1,304.8689880371094,291.0926208496094,1.252044677734375,0.6179351806640625,565.5,91649.15625,265.45733642578125,283.2245178222656,296.0196838378906,0.0008519324474036,0.0055549405515193,0.0116004236042499,5.62823486328125,-3.95648193359375,1.629974365234375,1.058807373046875,0.921295166015625,0.6796417236328125
2017-04-29,12,2,303.30279541015625,291.76495361328125,-1.2512054443359375,0.08538818359375,329.375,91376.453125,266.376220703125,283.54510498046875,295.7453308105469,0.0020975433290004,0.0091271847486495,0.0113217905163764,4.2895355224609375,1.4912109375,-0.063995361328125,-0.8736572265625,-1.0452728271484375,-0.5966644287109375
2017-04-29,18,3,297.0997314453125,291.8880615234375,-0.2047882080078125,-1.4705810546875,227.5,91716.0,266.34234619140625,281.98687744140625,293.4368896484375,0.002196573652327,0.0098524019122123,0.0116761773824691,5.063720703125,-0.4882049560546875,-0.278350830078125,0.0380096435546875,-1.064239501953125,-1.921295166015625
2017-04-30,0,0,296.3301696777344,292.2126770019531,0.32574462890625,-1.0922698974609375,161.375,91472.421875,265.1721496582031,283.086669921875,296.29693603515625,0.00134246237576,0.0065115578472614,0.0096778161823749,6.628662109375,-4.2327728271484375,0.159332275390625,1.330657958984375,0.4490203857421875,-1.1255340576171875
2017-04-30,6,1,304.7135009765625,289.7936096191406,-0.8152008056640625,-0.043975830078125,221.5,91599.15625,266.0958251953125,283.39190673828125,296.41925048828125,0.000395149225369,0.0055897310376167,0.0106080211699008,7.588714599609375,-1.410858154296875,-1.005767822265625,1.70648193359375,0.7783966064453125,-0.3191986083984375
2017-04-30,12,2,306.25311279296875,289.35382080078125,0.6453399658203125,-0.2077484130859375,20.75,91227.234375,265.1274108886719,283.22528076171875,299.0644226074219,0.0019733232911676,0.0081556811928749,0.0083653554320335,7.1862335205078125,-0.7787933349609375,0.32965087890625,-0.830718994140625,-2.0877227783203125,-0.5760498046875
2017-04-30,18,3,298.4642333984375,290.78387451171875,-0.45635986328125,1.5619964599609375,29.75,91567.609375,265.1913146972656,282.2191772460937,296.6337890625,0.0015928037464618,0.0079448260366916,0.0095647051930427,4.370513916015625,-0.5846099853515625,0.602142333984375,-1.48638916015625,-1.697784423828125,3.984130859375
2017-05-01,0,0,297.771484375,289.2044982910156,-0.1192169189453125,-0.413726806640625,343.0,91496.671875,265.4560546875,281.9324951171875,293.7987365722656,0.0012718855869024,0.0091802142560482,0.0100456625223159,4.471694946289063,-2.96343994140625,3.5998687744140625,-0.9345855712890624,1.350494384765625,-2.194808959960937
2017-05-01,6,1,303.4834289550781,289.8218994140625,-0.011932373046875,0.87005615234375,221.25,91642.390625,265.68780517578125,282.2203369140625,295.00213623046875,0.0002521374262869,0.0091342739760875,0.0107695534825325,3.2606201171875,-1.4410400390625,0.2060089111328125,-1.2892913818359375,0.0554046630859375,0.8855133056640625
2017-05-01,12,2,303.84942626953125,289.62939453125,-2.6639862060546875,0.156097412109375,28.625,91301.15625,266.014404296875,282.7885131835937,296.70086669921875,0.0017735315486788,0.0089015997946262,0.010090596973896,4.384201049804688,1.878082275390625,-3.673141479492188,-0.830169677734375,-0.7633056640625,1.0911865234375
2017-05-01,18,3,295.927490234375,291.54656982421875,0.119781494140625,1.9062652587890625,304.0,91638.0,265.42877197265625,282.62451171875,294.63916015625,0.0031247795559465,0.0069203041493892,0.011010717600584,0.0230255126953125,-2.6009979248046875,-1.8169097900390625,0.3842620849609375,-6.484344482421875,6.776611328125
2017-05-02,0,0,296.2528686523437,291.5662841796875,-0.3097991943359375,1.501495361328125,327.125,91582.203125,265.3076171875,283.1827392578125,293.32086181640625,0.0037080799229443,0.0060473792254924,0.0099001489579677,1.5004119873046875,-4.6500396728515625,-1.4491424560546875,2.7627105712890625,-8.032943725585938,5.553375244140625
2017-05-02,6,1,302.9302978515625,291.3869934082031,0.4818267822265625,1.1989593505859375,232.125,91696.296875,265.5746459960937,282.76568603515625,294.5886535644531,0.0033034940715879,0.0066131465137004,0.0115044005215168,0.137939453125,-5.145263671875,0.4046478271484375,3.072784423828125,-5.763763427734375,1.3874359130859375
2017-05-02,12,2,305.4304504394531,291.3632202148437,-0.9528350830078124,0.1568145751953125,17.125,91342.765625,266.85595703125,283.35821533203125,297.5078125,0.0020455881021916,0.0069413408637046,0.0102196969091892,1.156219482421875,-4.3699798583984375,-1.657623291015625,1.711181640625,-2.4815673828125,-0.2999420166015625
2017-05-02,18,3,297.4385681152344,291.98406982421875,-1.1337432861328125,2.1893310546875,144.625,91703.15625,265.82080078125,282.3978881835937,294.47100830078125,0.0026255045086145,0.0087537989020347,0.0112998485565185,-3.55987548828125,-2.923828125,-2.1733856201171875,-0.17938232421875,-2.428131103515625,7.943023681640625
2017-05-03,0,0,297.591064453125,292.4054260253906,-0.0087127685546875,1.1173248291015625,269.0,91588.296875,267.5970458984375,282.0154113769531,292.7398681640625,0.0020157003309577,0.0087794214487075,0.0122766308486461,0.2624969482421875,-5.21563720703125,2.489501953125,6.79364013671875,-4.3196563720703125,3.2948150634765625
2017-05-03,6,1,303.6444396972656,291.9854736328125,0.137603759765625,0.886749267578125,419.125,91683.921875,267.7478332519531,283.6439819335937,295.0697021484375,0.0022152157034724,0.0068161711096763,0.0128346532583236,0.218292236328125,-5.771453857421875,-0.0590057373046875,6.1858978271484375,-3.182235717773437,0.8877410888671875
2017-05-03,12,2,304.18267822265625,291.5935363769531,-2.017440795898437,0.547210693359375,457.375,91396.96875,267.33453369140625,283.88970947265625,296.3046569824219,0.003563439939171,0.008922453969717,0.0127603858709335,1.677154541015625,-4.139984130859375,-3.0296173095703125,3.2705230712890625,-1.30303955078125,1.360565185546875
2017-05-03,18,3,298.0502624511719,292.2823486328125,0.83642578125,0.623992919921875,515.625,91634.40625,267.7655639648437,283.662353515625,295.46343994140625,0.0029365343507379,0.0086516179144382,0.0117997899651527,1.2391510009765625,-4.757232666015625,-1.7452239990234375,1.4451904296875,-2.90966796875,3.08721923828125
2017-05-04,0,0,297.3471374511719,293.0645751953125,0.791412353515625,1.32513427734375,375.25,91530.59375,267.38104248046875,283.8388671875,292.9661560058594,0.0022802855819463,0.0058970116078853,0.0129151903092861,0.2161407470703125,-6.824920654296875,2.0864410400390625,5.6220703125,-3.6866302490234375,3.393539428710937
2017-05-04,6,1,303.976806640625,292.1256103515625,0.05316162109375,-0.39727783203125,365.25,91701.46875,267.65362548828125,284.4722900390625,295.4969482421875,0.001694930717349,0.0056140422821044,0.0129244439303874,-0.2949676513671875,-5.664581298828125,-0.332000732421875,1.62823486328125,-0.7396240234375,-0.76849365234375
2017-05-04,12,2,307.1372985839844,290.1959533691406,-1.1112060546875,-0.43115234375,1.25,91332.109375,268.5191650390625,283.707763671875,299.07830810546875,0.0015645669773221,0.0092933066189289,0.0102155581116676,-0.2839202880859375,-5.25372314453125,-2.2332916259765625,0.0778350830078125,-2.5552520751953125,-1.045684814453125
2017-05-04,18,3,300.2904968261719,291.11798095703125,0.4522857666015625,-0.2052459716796875,9.25,91620.6875,267.8914794921875,283.6187438964844,296.77276611328125,0.0017231025267392,0.008368756622076,0.0106378383934497,-1.866546630859375,-4.2073974609375,-0.483673095703125,0.376190185546875,-4.3414459228515625,4.162628173828125
2017-05-05,0,0,298.5452880859375,290.78240966796875,-0.7326507568359375,1.3523101806640625,252.25,91553.203125,267.2366943359375,284.734375,293.83221435546875,0.0021411292254924,0.0043620914220809,0.0129417516291141,2.472152709960937,-7.6756591796875,1.965850830078125,0.1275177001953125,-2.35772705078125,3.809249877929688
2017-05-05,6,1,304.76055908203125,291.9068603515625,-0.1338348388671875,0.534271240234375,390.875,91623.96875,268.0583801269531,285.46844482421875,296.4284362792969,0.0021251002326607,0.0048914365470409,0.0126892291009426,0.7056427001953125,-6.832122802734375,-0.555084228515625,-0.6322174072265625,-0.722412109375,0.411285400390625
2017-05-05,12,2,307.03857421875,290.8542175292969,-1.3048095703125,1.25299072265625,207.25,91241.828125,267.82489013671875,284.4461975097656,299.8295593261719,0.0027620412874966,0.0100531317293643,0.0112132169306278,0.123931884765625,-4.133758544921875,-2.285888671875,-1.8847198486328125,-3.2646942138671875,0.992706298828125
2017-05-05,18,3,300.7251281738281,291.606689453125,0.8771514892578125,1.1451416015625,407.875,91640.984375,267.9183349609375,284.48736572265625,296.73760986328125,0.0026244693435728,0.0081908553838729,0.0116875953972339,-2.3661346435546875,-3.6048431396484375,-1.1144866943359375,-1.1693267822265625,-6.75927734375,5.786102294921875
2017-05-06,0,0,298.88543701171875,293.8103332519531,0.7677764892578125,1.01336669921875,1416.125,91626.0625,266.8670654296875,284.1547241210937,293.98699951171875,0.0021696302574127,0.0067754723131656,0.0139758065342903,0.107666015625,-7.5305023193359375,3.330963134765625,-0.9340362548828124,-5.892364501953125,0.3346710205078125
2017-05-06,6,1,304.6599426269531,292.5404663085937,0.4996490478515625,0.852508544921875,1107.25,91722.03125,266.57208251953125,285.0646057128906,296.250244140625,0.0020398283377289,0.0049540735781192,0.0136782079935073,-2.70330810546875,-8.2689208984375,0.2849578857421875,-1.1010284423828125,-3.785354614257813,0.7940673828125
2017-05-06,12,2,308.2908935546875,290.2154235839844,-0.9702911376953124,1.0417327880859375,199.0,91298.984375,267.4146728515625,284.376220703125,299.85565185546875,0.0027188910171389,0.0098929144442081,0.0112473964691162,-1.7327728271484375,-5.0026702880859375,-2.091659545898437,-0.642181396484375,-1.90167236328125,0.768890380859375
2017-05-06,18,3,298.7193908691406,293.93707275390625,2.0292205810546875,-0.84661865234375,1594.625,91734.625,267.7681579589844,283.6020202636719,296.09576416015625,0.0028116309549659,0.0094285421073436,0.0121289938688278,-0.980560302734375,-4.629440307617188,-0.890472412109375,-1.2902679443359375,0.548583984375,-1.6473236083984375
2017-05-07,0,0,297.41485595703125,294.11968994140625,1.1222686767578125,-0.16815185546875,1525.25,91659.734375,265.786376953125,284.8207397460937,294.70916748046875,0.0028587204869836,0.0054795257747173,0.0124028772115707,-2.1824951171875,-8.345504760742188,2.3652496337890625,3.911300659179688,-1.7871551513671875,-1.04681396484375
2017-05-07,6,1,305.3500366210937,292.1154479980469,-1.0779266357421875,-0.0977630615234375,1048.875,91693.171875,267.0650634765625,284.37646484375,296.6298217773437,0.0013347610365599,0.0055524185299873,0.013162113726139,-1.4682464599609375,-7.612136840820312,-1.760986328125,5.7989044189453125,-1.972198486328125,-0.38299560546875
2017-05-07,12,2,304.54608154296875,289.6871337890625,-1.255706787109375,-3.182723999023437,585.25,91372.421875,267.3038330078125,284.323974609375,297.1161193847656,0.002839998807758,0.010122362524271,0.0125221945345401,-0.1105194091796875,-2.276153564453125,-2.5345458984375,5.386688232421875,-0.6709136962890625,-5.559860229492188
2017-05-07,18,3,295.7121887207031,292.90606689453125,0.298828125,2.67620849609375,1320.75,91758.359375,266.3968505859375,283.7499389648437,294.21112060546875,0.0042374804615974,0.0083536878228187,0.0133686140179634,0.598052978515625,-3.15966796875,-4.6546478271484375,-0.1322174072265625,-4.4102783203125,3.52178955078125
2017-05-08,0,0,296.4528503417969,292.53173828125,2.875,-1.042388916015625,735.625,91523.921875,266.7169189453125,283.720947265625,295.26776123046875,0.004433587193489,0.0061664655804634,0.0090716667473316,2.8781280517578125,-6.36456298828125,4.843765258789063,-0.440460205078125,-0.792388916015625,0.3888092041015625
2017-05-08,6,1,302.27325439453125,290.2945861816406,1.233428955078125,0.915283203125,196.5,91686.765625,267.0354919433594,283.84112548828125,295.2915344238281,0.0038790579419583,0.0063343122601509,0.010812409222126,3.929244995117188,-4.433837890625,1.95660400390625,-1.805816650390625,0.7634429931640625,0.202606201171875
2017-05-08,12,2,305.2751770019531,289.774169921875,1.34735107421875,-0.18280029296875,102.5,91329.15625,267.39910888671875,283.37860107421875,297.72686767578125,0.0033321781083941,0.0080513656139373,0.0101377256214618,3.9233245849609375,0.2826690673828125,2.266098022460937,-2.3291778564453125,-0.6436004638671875,-1.316070556640625
2017-05-08,18,3,298.5966796875,290.46710205078125,2.206268310546875,0.3104095458984375,334.5,91548.296875,267.8060302734375,283.8645935058594,295.64093017578125,0.0026767365634441,0.0077037326991558,0.0113636329770088,1.6001434326171875,-2.46923828125,4.5517425537109375,-0.1716461181640625,-3.284759521484375,-1.4130096435546875
2017-05-09,0,0,297.3881530761719,294.0819091796875,2.2856903076171875,-0.0795135498046875,1316.375,91418.953125,266.4704284667969,283.9013671875,294.9722595214844,0.0032110158354043,0.0074835121631622,0.011457934975624,4.31121826171875,-2.9084930419921875,4.4284515380859375,2.880218505859375,-4.332550048828125,-3.7049560546875
2017-05-09,6,1,303.70147705078125,291.864501953125,2.39501953125,-0.58306884765625,932.625,91555.234375,267.38494873046875,283.4634094238281,295.6210327148437,0.0025521079078316,0.0076787807047367,0.0133603997528553,3.852752685546875,-2.92779541015625,3.080291748046875,1.3728790283203125,-3.8715667724609375,-1.4296875
2017-05-09,12,2,301.5279235839844,292.12060546875,2.133407592773437,0.436492919921875,1145.875,91242.59375,268.3936767578125,283.94940185546875,294.49365234375,0.0026130275800824,0.0104869753122329,0.0141159333288669,2.8209381103515625,1.5463714599609375,4.2927093505859375,-1.521575927734375,-2.933258056640625,-0.2430572509765625
2017-05-09,18,3,296.45025634765625,293.2930603027344,0.690093994140625,0.2301788330078125,1512.5,91516.796875,267.5122985839844,284.55712890625,294.32208251953125,0.0030088929925113,0.0083287321031093,0.014402613043785,4.162628173828125,-2.8717498779296875,2.9208221435546875,-2.1400146484375,-3.5039520263671875,-2.5124664306640625
2017-05-10,0,0,296.6866149902344,293.5393981933594,1.4912567138671875,-0.124359130859375,911.75,91408.15625,266.80047607421875,283.5705261230469,293.27911376953125,0.0026356521993875,0.0090677812695503,0.013573694974184,5.03173828125,-2.382186889648437,4.3329620361328125,-1.255096435546875,-2.599151611328125,-1.1302490234375
2017-05-10,6,1,302.8031616210937,293.0390625,0.889251708984375,-1.0812530517578125,1247.0,91585.359375,267.3955383300781,283.90625,294.1707763671875,0.0031809161882847,0.0090901739895343,0.0143868848681449,3.0177154541015625,-3.169036865234375,0.9356689453125,1.06744384765625,-3.8476409912109375,-1.898193359375
2017-05-10,12,2,303.7118835449219,295.0257568359375,-1.71539306640625,-0.529327392578125,1597.0,91237.34375,268.669921875,284.2387084960937,295.4815979003906,0.0026741919573396,0.0091176591813564,0.0134468488395214,7.448623657226562,-0.452178955078125,-2.745452880859375,-0.9605865478515624,-5.1101837158203125,-2.3778839111328125
2017-05-10,18,3,296.51483154296875,293.7146301269531,-0.076507568359375,1.79150390625,1304.5,91522.40625,268.01434326171875,283.56854248046875,294.33843994140625,0.0014413392636924,0.0092692114412784,0.0139761082828044,2.5850830078125,-2.9925994873046875,-0.658447265625,-4.0377197265625,-6.7691802978515625,2.502105712890625
2017-05-11,0,0,296.65899658203125,293.6932373046875,0.5063934326171875,0.9363555908203124,227.125,91329.765625,269.6005249023437,283.4598999023437,294.0760803222656,0.0010499134659767,0.0081523731350898,0.012590255588293,3.076171875,-5.4958343505859375,1.082977294921875,-1.1898651123046875,-7.782363891601562,2.28997802734375
2017-05-11,6,1,301.60308837890625,293.7963256835937,2.0829315185546875,0.4216156005859375,1214.25,91598.453125,268.92535400390625,283.0654296875,294.0211181640625,0.0011119153350591,0.0086425840854644,0.0146720372140407,0.7185516357421875,-5.6847686767578125,2.825927734375,0.2494964599609375,-4.997833251953125,-0.1165618896484375
2017-05-11,12,2,303.19976806640625,293.0957336425781,-1.44451904296875,-1.367919921875,244.0,91226.21875,268.4390869140625,284.34576416015625,296.1669616699219,0.0029067867435514,0.0081955902278423,0.0129752568900585,2.5260772705078125,-2.82208251953125,-1.9028472900390625,0.435272216796875,-3.990692138671875,-3.1192626953125
2017-05-11,18,3,296.7210693359375,293.4939880371094,-0.361175537109375,1.7518157958984375,726.5,91563.390625,268.736572265625,284.04620361328125,294.52783203125,0.0044454298913478,0.0080492198467254,0.0133217386901378,3.621749877929688,-5.3905792236328125,-0.3418426513671875,2.2679901123046875,-3.157440185546875,0.2635040283203125
2017-05-12,0,0,296.75836181640625,293.677978515625,-0.0486907958984375,1.106475830078125,621.875,91470.640625,267.7456970214844,283.1224975585937,293.0206604003906,0.0038950853049755,0.0080646239221096,0.0143529362976551,1.4004974365234375,-7.3557281494140625,-0.66156005859375,2.145477294921875,-3.6124420166015625,3.9095611572265625
2017-05-12,6,1,302.848876953125,292.642822265625,-0.21759033203125,0.528533935546875,429.25,91536.140625,268.485107421875,284.0629272460937,294.41845703125,0.0037655106279999,0.0084940902888774,0.0143275819718837,0.6162261962890625,-3.908050537109375,-0.4365081787109375,1.606353759765625,-1.15863037109375,0.4149017333984375
2017-05-12,12,2,302.3367919921875,295.7899780273437,-2.338287353515625,0.1920623779296875,384.375,91184.140625,268.7364501953125,284.8140869140625,296.0023803710937,0.003811758942902,0.0091401040554046,0.0135548822581768,2.831573486328125,-2.603012084960937,-3.292816162109375,-0.518707275390625,-3.7335357666015625,0.5814056396484375
2017-05-12,18,3,298.3589172363281,294.2778625488281,-0.59735107421875,1.6302490234375,359.0,91532.3125,268.4345092773437,283.56707763671875,294.8100891113281,0.0040050963871181,0.0097475834190845,0.013543277978897,2.0928192138671875,-3.154022216796875,-4.780044555664063,-2.8607177734375,-4.08209228515625,6.584442138671875
2017-05-13,0,0,297.51177978515625,294.2108154296875,0.538482666015625,1.1274261474609375,692.5,91407.609375,268.53533935546875,283.61767578125,292.42144775390625,0.0030509447678923,0.0063116289675235,0.0146359242498874,2.1565093994140625,-6.305587768554688,1.0702972412109375,-3.081527709960937,-3.794876098632813,5.6715850830078125
2017-05-13,6,1,302.5625305175781,293.6365966796875,0.117889404296875,-0.396697998046875,622.5,91462.40625,269.1806640625,284.8008117675781,294.6883850097656,0.0027026003226637,0.0065456703305244,0.0145983025431633,0.13311767578125,-4.259979248046875,-0.099517822265625,-3.024322509765625,-1.6573028564453125,-0.8984222412109375
2017-05-13,12,2,306.4595031738281,291.81317138671875,-0.140777587890625,0.6894073486328125,43.0,91067.125,269.36932373046875,284.9056701660156,298.6535949707031,0.002217745874077,0.0087042190134525,0.0119024403393268,2.28094482421875,-3.2479400634765625,-0.8489837646484375,-2.76190185546875,-3.74212646484375,-0.1689300537109375
2017-05-13,18,3,299.9967956542969,292.6642150878906,2.294403076171875,0.9744873046875,159.75,91390.0625,269.04852294921875,284.12518310546875,295.41485595703125,0.0026336803566664,0.009161077439785,0.0135447420179843,2.132568359375,-5.9635162353515625,4.532318115234375,-4.336334228515625,-6.458282470703125,3.4423980712890625
2017-05-14,0,0,298.1776123046875,295.0821838378906,2.29852294921875,0.935943603515625,1228.125,91330.203125,268.42486572265625,284.5238647460937,294.0164489746094,0.0029679692815989,0.0065498650074005,0.0142590776085853,-0.181182861328125,-8.199874877929688,6.368179321289063,-5.903839111328125,-5.692901611328125,1.245635986328125
2017-05-14,6,1,303.94927978515625,293.828857421875,3.2379302978515625,-0.940643310546875,1491.25,91419.015625,267.7395935058594,284.9839172363281,295.683349609375,0.0027839890681207,0.0069913379848003,0.0151579529047012,-3.5336151123046875,-6.64697265625,4.671600341796875,-3.839279174804688,-3.112655639648437,-1.895050048828125
2017-05-14,12,2,304.7979736328125,293.02862548828125,0.6381378173828125,-1.4144134521484375,1338.875,91091.296875,269.8011474609375,284.84539794921875,296.5673828125,0.0034502276685088,0.0116909109055995,0.0144637711346149,-2.1283721923828125,-0.0943450927734375,2.12371826171875,-5.409103393554688,-2.68585205078125,-3.8690032958984375
2017-05-14,18,3,297.0194396972656,295.3157958984375,2.82110595703125,-0.2711029052734375,1330.0,91460.0625,268.837158203125,283.8951416015625,293.5323791503906,0.0040656975470483,0.0103099541738629,0.0154793858528137,-5.0518646240234375,-6.83404541015625,6.639404296875,-3.784011840820313,-1.5834197998046875,-5.178070068359375
2017-05-15,0,0,296.5048828125,294.25616455078125,2.718994140625,0.2688751220703125,515.25,91235.4375,268.61798095703125,285.4120178222656,294.4908447265625,0.0034848162904381,0.0074994824826717,0.0136795677244663,-4.940338134765625,-6.216323852539063,5.3074798583984375,-1.9308013916015625,-1.93975830078125,-2.7026824951171875
2017-05-15,6,1,302.0484619140625,293.495361328125,3.9179840087890634,-2.591552734375,702.25,91369.984375,269.8046875,285.0771179199219,294.7944030761719,0.0020687258802354,0.0069973245263099,0.014703445136547,-5.3546142578125,-5.235870361328125,5.8648529052734375,-1.4744873046875,-1.23565673828125,-4.316650390625
2017-05-15,12,2,303.4861755371094,294.4672241210937,2.624755859375,-0.395355224609375,585.0,91088.796875,268.6784362792969,285.2756042480469,296.5872802734375,0.0026782341301441,0.007941972464323,0.0140569098293781,-4.374847412109375,-2.738861083984375,5.33673095703125,-3.754226684570313,-1.2492218017578125,-2.742218017578125
2017-05-15,18,3,298.2230224609375,293.27008056640625,2.3881378173828125,-0.101043701171875,379.75,91321.859375,268.82940673828125,285.856689453125,294.6771240234375,0.0032922616228461,0.0079080909490585,0.0144271310418844,-4.643951416015625,-4.844772338867188,5.0010986328125,-3.345001220703125,-0.4105377197265625,-3.2933349609375
2017-05-16,0,0,297.9294128417969,293.9126892089844,2.166900634765625,-0.74688720703125,144.5,91153.703125,268.6859741210937,285.5765686035156,296.4004211425781,0.0022589075379073,0.006222017109394,0.0120305716991424,-3.6040191650390634,-3.92291259765625,3.84906005859375,-0.639556884765625,1.1971282958984375,-3.886566162109375
2017-05-16,6,1,303.9443359375,293.29815673828125,2.5262603759765625,-1.3591461181640625,1156.75,91279.984375,269.6601257324219,285.8163452148437,296.2905578613281,0.0017017447389662,0.0054654777050018,0.0148788392543792,-3.290740966796875,-4.747970581054688,3.2253570556640625,-0.4226837158203125,1.3785858154296875,-2.5621795654296875
2017-05-16,12,2,306.67840576171875,293.6489562988281,1.188018798828125,-0.4331512451171875,43.25,90948.0,269.4591064453125,285.3509521484375,299.3395690917969,0.0020757047459483,0.0094595588743686,0.0120537094771862,-3.267120361328125,-2.1309356689453125,2.1797027587890625,-1.2574462890625,-2.8759765625,-1.8156890869140625
2017-05-16,18,3,299.7377319335937,293.9690246582031,3.7247161865234375,0.81744384765625,1221.75,91268.671875,268.44268798828125,285.121337890625,296.41796875,0.0026771021075546,0.0097880475223064,0.0135696046054363,-4.532394409179688,-6.6961517333984375,8.11798095703125,-2.7903594970703125,-3.1331787109375,-1.1829833984375
2017-05-17,0,0,297.9287109375,294.5469665527344,3.3017730712890625,1.0413360595703125,512.25,91173.765625,268.19000244140625,285.0840759277344,296.39532470703125,0.0021094577386975,0.0092207752168178,0.011850113980472,-6.2220306396484375,-5.0999603271484375,8.811019897460938,0.3637847900390625,-1.19879150390625,0.842926025390625
2017-05-17,6,1,303.51141357421875,293.2464599609375,3.401473999023437,-2.0010223388671875,845.25,91323.46875,268.81121826171875,285.1976013183594,296.2452392578125,0.0013960837386548,0.0087594464421272,0.0143117904663085,-5.43670654296875,-1.9573211669921875,5.2534942626953125,1.58770751953125,0.6714630126953125,-3.525299072265625
2017-05-17,12,2,305.3235168457031,293.11480712890625,2.763153076171875,0.2616424560546875,672.5,91051.28125,268.194580078125,285.0858764648437,298.1986083984375,0.0024314648471772,0.0101234875619411,0.013200219720602,-4.260025024414063,-0.5239410400390625,5.2784576416015625,2.072738647460937,-2.7066650390625,-1.339111328125
2017-05-17,18,3,297.37554931640625,294.75408935546875,2.568572998046875,0.3834228515625,847.75,91342.578125,268.12646484375,285.2772827148437,295.1463623046875,0.0027597153093665,0.0094515457749366,0.0147185400128364,-4.1785888671875,-2.991729736328125,7.014923095703125,0.0793914794921875,-3.3349609375,-3.8471527099609375
2017-05-18,0,0,298.2019348144531,295.25,2.8108367919921875,0.46319580078125,1148.375,91292.296875,267.84991455078125,284.511962890625,294.9378662109375,0.0039377640932798,0.0099603198468685,0.0137547552585601,-3.741180419921875,-5.153488159179688,6.548492431640625,1.4889984130859375,-6.108184814453125,-3.4713592529296875
2017-05-18,6,1,303.4977111816406,292.0842590332031,3.3112945556640625,-1.4787445068359375,954.0,91382.1875,267.4009094238281,285.18658447265625,295.86187744140625,0.0042441240511834,0.00861556828022,0.0135575048625469,-0.660736083984375,-6.675994873046875,3.95306396484375,0.3076934814453125,-1.439544677734375,-3.4661865234375
2017-05-18,12,2,304.800537109375,293.2255249023437,-0.1224212646484375,-0.4865875244140625,1531.75,91162.0,269.4144287109375,284.8035888671875,296.1354675292969,0.0036181465256959,0.0115791670978069,0.0147276148200035,-3.1536102294921875,1.042388916015625,1.1660003662109375,-2.127471923828125,-6.210723876953125,-4.059051513671875
2017-05-18,18,3,294.4970703125,293.2935791015625,0.6739654541015625,2.2940826416015625,1097.375,91703.8125,267.8539428710937,284.40380859375,292.99957275390625,0.0048053469508886,0.009808462113142,0.0149641744792461,-3.4471893310546875,-2.850677490234375,1.6654510498046875,-5.362396240234375,-5.8266448974609375,-0.869415283203125
2017-05-19,0,0,295.382568359375,293.34893798828125,3.520355224609375,0.2097930908203125,713.875,91329.40625,266.9278564453125,285.2914733886719,297.48394775390625,0.0027547017671167,0.0090468749403953,0.00987384095788,-9.708251953125,-6.925460815429688,4.4398345947265625,0.6563873291015625,-4.9576416015625,1.000152587890625
2017-05-19,6,1,300.58087158203125,293.735595703125,3.7628326416015625,-2.2123565673828125,1256.75,91524.46875,267.3387145996094,285.0189819335937,295.0555419921875,0.0018851107452064,0.0093674454838037,0.0133119001984596,-6.172271728515625,-5.349868774414063,5.5701751708984375,3.2929840087890625,-0.48431396484375,-4.023483276367188
2017-05-19,12,2,304.7627258300781,295.26837158203125,2.30224609375,-1.13079833984375,908.625,91193.828125,267.928955078125,285.967529296875,297.74566650390625,0.001855275593698,0.0080163441598415,0.0136290416121482,-2.7831573486328125,-3.895187377929688,3.78265380859375,2.20751953125,-3.7795562744140634,-4.587692260742188
2017-05-19,18,3,297.7245483398437,295.3378601074219,1.5066375732421875,1.0352935791015625,888.75,91486.53125,267.4239501953125,285.23699951171875,295.6003112792969,0.0030800600070506,0.0084294565021991,0.0141317844390869,-1.379974365234375,-3.2300567626953125,5.49072265625,-1.0442962646484375,-3.51019287109375,-3.408111572265625
2017-05-20,0,0,297.04132080078125,293.9193420410156,1.9234619140625,0.033203125,753.0,91373.53125,266.37628173828125,285.31854248046875,295.9141845703125,0.0029477321077138,0.007946640253067,0.0122555755078792,-0.094268798828125,-5.17279052734375,1.36492919921875,-1.139068603515625,-4.7053070068359375,-1.8156585693359373
2017-05-20,6,1,302.5311889648437,294.62744140625,3.358917236328125,-2.1165008544921875,1874.875,91399.703125,267.3101806640625,285.14117431640625,295.9247436523437,0.0029844464734196,0.0080153122544288,0.0152480043470859,-1.3204193115234375,-5.906494140625,5.069351196289063,0.1697235107421875,-2.0024871826171875,-3.670486450195313
2017-05-20,12,2,305.5029296875,293.2413024902344,-0.7940673828125,-0.163177490234375,880.0,91024.6875,268.36785888671875,284.2474365234375,298.3629150390625,0.0037444082554429,0.0104841813445091,0.0128542035818099,-0.156707763671875,1.12506103515625,1.3799285888671875,-3.174896240234375,-6.83245849609375,-2.49749755859375
2017-05-20,18,3,295.5091857910156,294.54083251953125,0.990997314453125,3.357177734375,1373.125,91375.09375,267.55291748046875,284.478515625,294.42877197265625,0.00432950258255,0.0096535384654998,0.0139514207839965,-2.030517578125,-5.2433929443359375,4.2147979736328125,-3.0150299072265625,-8.026718139648438,4.2663421630859375
2017-05-21,0,0,296.11083984375,293.90869140625,3.4237060546875,-0.0170745849609375,885.75,91131.953125,267.3171081542969,284.60546875,296.9639892578125,0.0043955519795417,0.0080814473330974,0.0107983462512493,-6.6104583740234375,-7.87298583984375,1.2239990234375,-0.6860198974609375,-1.843780517578125,-0.8975830078125
2017-05-21,6,1,300.1104431152344,293.56256103515625,1.704010009765625,-2.906112670898437,1692.625,91288.828125,267.6878356933594,284.1275634765625,295.4351806640625,0.0040465048514306,0.0084630772471427,0.0152281560003757,-4.3907623291015625,-6.80029296875,2.0692291259765625,2.800811767578125,0.1248931884765625,-4.7042083740234375
2017-05-21,12,2,302.0777893066406,295.565673828125,0.1956787109375,-0.1002655029296875,389.375,91037.25,267.7138671875,284.6540832519531,297.3593139648437,0.0039877560921013,0.0089494735002517,0.0119517222046852,-2.381744384765625,-3.91326904296875,0.4918975830078125,2.3518218994140625,-3.284912109375,-4.94915771484375
2017-05-21,18,3,297.5858764648437,295.9959411621094,2.084091186523437,-0.4768218994140625,664.625,91245.609375,267.3877258300781,285.7369384765625,295.8297119140625,0.0043765120208263,0.0073250979185104,0.0128277502954006,-1.95269775390625,-4.923736572265625,3.985885620117188,-2.0247955322265625,2.04412841796875,-4.90185546875
2017-05-22,0,0,297.380126953125,295.080810546875,1.866058349609375,-0.2991180419921875,1653.75,91174.421875,267.0301513671875,284.662353515625,295.645263671875,0.0043292846530675,0.0083944872021675,0.0126780346035957,-4.1270599365234375,-5.5402374267578125,2.372039794921875,-0.8226165771484375,-4.10321044921875,-3.6340484619140634
2017-05-22,6,1,301.689208984375,295.3555908203125,3.01983642578125,-0.897613525390625,1883.125,91354.625,267.0425720214844,284.8102722167969,295.3417053222656,0.0042421109974384,0.0085020177066326,0.0155843868851661,-7.3747406005859375,-4.780242919921875,4.243560791015625,-1.1493072509765625,-0.56964111328125,-1.8992462158203125
2017-05-22,12,2,303.61865234375,294.94146728515625,0.340057373046875,-1.64190673828125,2179.5,91034.953125,268.61181640625,285.22760009765625,296.95416259765625,0.0044396631419658,0.0085804536938667,0.0152511112391948,-5.0749053955078125,-2.6616363525390625,1.9211883544921875,0.1047515869140625,-2.95758056640625,-5.697052001953125
2017-05-22,18,3,294.6866455078125,293.92529296875,0.5558624267578125,0.1497039794921875,1812.625,91528.625,268.0003662109375,283.8653564453125,294.488037109375,0.0049576563760638,0.008396603167057,0.0150160528719425,-6.4264678955078125,-7.215362548828125,3.3317413330078125,-4.5532073974609375,-1.8406829833984373,-2.6757965087890625
2017-05-23,0,0,296.3955993652344,293.962646484375,1.6392364501953125,0.7880706787109375,1462.875,91177.515625,267.7657775878906,285.78643798828125,297.1318054199219,0.0039522191509604,0.0058375522494316,0.0096869841217994,-8.09857177734375,-9.753997802734377,1.61260986328125,2.731536865234375,-3.622848510742188,-0.9883880615234376
2017-05-23,6,1,303.4613037109375,292.7922668457031,2.0404510498046875,-2.31561279296875,1009.125,91368.1875,267.8797607421875,285.1798400878906,296.53863525390625,0.0031159739010035,0.0071106925606727,0.0140372700989246,-6.55908203125,-7.698928833007812,2.687728881835937,3.124542236328125,-5.463912963867188,-3.753341674804688
2017-05-23,12,2,301.7816162109375,297.3409423828125,-0.8946380615234375,0.007843017578125,1053.25,91053.171875,269.3700256347656,284.9602355957031,297.8931884765625,0.0034163238015025,0.0095615498721599,0.0126115046441555,-2.0810546875,-5.5811920166015625,-1.631683349609375,0.095489501953125,-6.048599243164063,-2.5653839111328125
2017-05-23,18,3,297.4218139648437,295.3178100585937,3.4576568603515625,-0.7747955322265625,677.375,91342.109375,268.2462158203125,284.811279296875,296.1317749023437,0.0041460804641246,0.0086314640939235,0.0125837288796901,-2.7883453369140625,-7.14599609375,5.16802978515625,-1.310821533203125,-3.0654296875,-1.7655029296875
2017-05-24,0,0,296.2418212890625,293.5875244140625,2.3252105712890625,-0.6512451171875,708.5,91252.359375,267.85858154296875,284.8914794921875,294.9045715332031,0.0048977946862578,0.0090458616614341,0.0129493661224842,-4.5690460205078125,-10.326034545898438,5.410125732421875,-3.4699249267578125,-5.545257568359375,-1.92987060546875
2017-05-24,6,1,301.1632080078125,295.2221069335937,2.7163238525390625,-2.378082275390625,1465.25,91326.890625,269.3461608886719,284.9763488769531,295.29022216796875,0.0042328163981437,0.0092743821442127,0.0153560750186443,-4.6136627197265625,-7.516769409179687,3.9757080078125,-1.4692535400390625,-5.316986083984375,-4.148849487304688
2017-05-24,12,2,302.36846923828125,295.6614685058594,1.7405853271484375,-2.05108642578125,1974.25,91051.28125,268.93328857421875,285.0616149902344,295.26025390625,0.0047879442572593,0.0102176740765571,0.0146322287619113,-6.0178985595703125,-1.14337158203125,3.2689208984375,-4.582763671875,-5.2010498046875,-5.1188812255859375
2017-05-24,18,3,297.17498779296875,294.34716796875,2.176742553710937,1.11322021484375,797.125,91321.375,268.7691345214844,284.7357788085937,294.9413452148437,0.0047777108848094,0.0104215331375598,0.0140109881758689,-6.9039459228515625,-4.14239501953125,6.667770385742188,-5.745361328125,-5.15032958984375,-2.320068359375
2017-05-25,0,0,296.8209228515625,294.80255126953125,3.793899536132813,-0.2205657958984375,758.75,91085.578125,269.099853515625,285.6278686523437,295.81494140625,0.004038393497467,0.0074278246611356,0.0125428661704063,-6.259246826171875,-5.354400634765625,6.3660888671875,-1.7023162841796875,-6.575973510742188,-3.5061492919921875
2017-05-25,6,1,301.90997314453125,294.921142578125,4.027114868164063,-2.6355438232421875,1216.125,91272.046875,268.77716064453125,284.825439453125,295.44219970703125,0.0041938843205571,0.0088437423110008,0.0152059458196163,-4.188644409179688,-1.724578857421875,6.2572174072265625,-2.48779296875,-5.4849395751953125,-4.6773223876953125
2017-05-25,12,2,305.44775390625,293.9820556640625,0.5623016357421875,0.39501953125,707.75,90951.40625,269.35675048828125,284.70758056640625,297.86279296875,0.0043836086988449,0.0096693970263004,0.0118827186524868,-3.633102416992188,0.4535675048828125,3.777099609375,-7.488143920898437,-7.063400268554688,-5.7157135009765625
2017-05-25,18,3,299.003173828125,296.09942626953125,2.9140625,1.446868896484375,1452.625,91256.15625,269.7437744140625,285.6019897460937,295.4732666015625,0.0040235952474176,0.0098377615213394,0.0141201950609683,-6.6085357666015625,-5.4059600830078125,8.551361083984375,-6.8717803955078125,-6.535888671875,-3.0963287353515625
2017-05-26,0,0,298.2963256835937,295.0330810546875,3.60150146484375,0.3482513427734375,1120.0,91135.9375,268.20379638671875,285.4524841308594,294.2862854003906,0.0037070461548864,0.0096470937132835,0.0144030898809432,-4.2740325927734375,-4.7262725830078125,10.011947631835938,-4.9711456298828125,-6.615081787109375,-1.6807861328125
2017-05-26,6,1,302.2874755859375,294.4814147949219,4.6512298583984375,-1.6132049560546875,530.75,91277.796875,268.4186706542969,285.53076171875,294.85125732421875,0.0034398308489471,0.0090477205812931,0.0147047750651836,-3.511093139648437,-3.0259246826171875,6.9764404296875,-5.26611328125,-6.004409790039063,-2.9234161376953125
2017-05-26,12,2,302.7479248046875,297.27020263671875,4.4252471923828125,-0.9864044189453124,1161.5,90967.875,269.587890625,284.87762451171875,295.5443420410156,0.0037650729063898,0.0108527764678001,0.0148421004414558,-2.094711303710937,2.722564697265625,10.548995971679688,-6.3550872802734375,-9.756637573242188,-3.6742095947265625
2017-05-26,18,3,296.45391845703125,294.4027709960937,2.7364654541015625,0.94964599609375,1350.25,91275.546875,268.78564453125,285.2622375488281,294.0075988769531,0.0047325976192951,0.0078004673123359,0.0164093784987926,0.200714111328125,-4.381637573242188,8.119247436523438,-8.2208251953125,-5.45263671875,-1.4471588134765625
2017-05-27,0,0,295.87060546875,294.1224060058594,3.633087158203125,0.119903564453125,811.375,91180.40625,268.7422180175781,284.62530517578125,293.5260925292969,0.005240898579359,0.0089321509003639,0.0139722861349582,-4.057052612304688,-3.416229248046875,7.210052490234375,-9.601486206054688,-4.747222900390625,-2.4204864501953125
2017-05-27,6,1,300.0042724609375,292.86822509765625,4.206085205078125,-1.328582763671875,565.375,91233.265625,269.597412109375,285.6123352050781,294.55914306640625,0.0041106529533863,0.0086873285472393,0.0150284022092819,-4.5363311767578125,-1.4942779541015625,6.3458099365234375,-6.1617431640625,-6.374267578125,-2.48516845703125
2017-05-27,12,2,300.3876037597656,297.5319519042969,2.028305053710937,-0.5314178466796875,1505.75,91054.46875,269.6546936035156,284.4794311523437,295.2435913085937,0.0038411268033087,0.0104665234684944,0.0152204819023609,-0.908477783203125,0.0456695556640625,4.572677612304688,-6.585250854492188,-9.828903198242188,-1.8869781494140625
2017-05-27,18,3,296.4542236328125,294.7186584472656,3.55426025390625,0.833709716796875,843.0,91220.8125,269.2176818847656,286.21630859375,294.15234375,0.0037714580539613,0.008728552609682,0.0155454203486442,-0.469268798828125,-5.5726470947265625,10.294631958007812,-4.9493408203125,-5.3697357177734375,-0.425811767578125
2017-05-28,0,0,296.9645690917969,294.8587341308594,4.2191009521484375,0.5686798095703125,327.0,91120.84375,268.12158203125,285.54498291015625,292.5702819824219,0.0041858293116092,0.009774699807167,0.0142330937087535,-2.5201416015625,-2.5288848876953125,12.010986328125,-2.746002197265625,-3.342147827148437,0.1026611328125
2017-05-28,6,1,300.3896484375,293.2978515625,5.318328857421875,-1.8553466796875,220.875,91297.28125,268.873291015625,285.0825500488281,293.5460205078125,0.0043093170970678,0.0101842544972896,0.0146416425704956,0.3262939453125,2.6475830078125,8.828704833984375,-3.0055389404296875,-5.60150146484375,-3.527496337890625
2017-05-28,12,2,301.56072998046875,296.1337890625,3.474365234375,-0.0787200927734375,549.75,91066.453125,268.278076171875,285.0902709960937,295.2094421386719,0.0039618453010916,0.0106483623385429,0.0137419700622558,0.6716461181640625,3.6136474609375,9.372482299804688,-6.0879974365234375,-6.766815185546875,-3.003402709960937
2017-05-28,18,3,297.6191101074219,293.7416381835937,4.346206665039063,0.571533203125,156.875,91272.109375,268.36968994140625,286.4026184082031,292.8642578125,0.003446506569162,0.0081199631094932,0.0141411833465099,1.317840576171875,2.609649658203125,12.699188232421877,-3.8732757568359375,-6.720703125,-2.239105224609375
2017-05-29,0,0,296.4576416015625,293.8402404785156,4.144256591796875,0.2984771728515625,33.375,91168.734375,268.0199584960937,285.45947265625,291.50262451171875,0.0034026214852929,0.0089444294571876,0.0132915675640106,2.27288818359375,2.2439727783203125,13.955093383789062,-1.46466064453125,-5.692550659179688,-3.11688232421875
2017-05-29,6,1,300.8170166015625,292.498779296875,5.698028564453125,-2.1209716796875,38.875,91251.9375,268.60955810546875,285.60467529296875,294.2928161621094,0.0026692538522183,0.0083295740187168,0.0132390409708023,4.82537841796875,4.072555541992188,9.717926025390623,-2.2776336669921875,-3.147079467773437,-3.8679046630859375
2017-05-29,12,2,303.6219482421875,294.0448913574219,3.763504028320313,0.2552642822265625,110.5,90938.078125,268.6054077148437,285.198486328125,296.952392578125,0.0024899404961615,0.0072247385978698,0.01257761195302,2.5461578369140625,6.07037353515625,9.1527099609375,-7.3028564453125,-5.216232299804688,-1.148284912109375
2017-05-29,18,3,296.9041748046875,292.9271850585937,4.466720581054688,0.7774505615234375,2.0,91216.8125,268.6390991210937,285.9848022460937,293.0633544921875,0.003306561615318,0.0053423568606376,0.0119113512337207,-1.9462127685546875,6.8484649658203125,14.082504272460938,-4.30908203125,-4.209991455078125,-1.980194091796875
2017-05-30,0,0,296.82061767578125,293.7424011230469,4.1171875,0.10321044921875,31.125,91131.40625,268.05126953125,284.93817138671875,290.9696655273437,0.0017530035693198,0.0051239840686321,0.0137440860271453,2.086532592773437,6.5098724365234375,14.50262451171875,-7.064620971679688,-2.799774169921875,-1.8189544677734373
2017-05-30,6,1,301.464599609375,291.926025390625,6.3030548095703125,-1.282470703125,199.25,91209.03125,267.27880859375,284.07977294921875,294.1246643066406,0.0010681503918021,0.0060454756021499,0.0137996487319469,1.393157958984375,7.637176513671875,10.44866943359375,-5.0012969970703125,-4.004180908203125,-2.730453491210937
2017-05-30,12,2,302.89776611328125,293.4789428710937,4.306655883789063,0.83624267578125,92.5,90901.515625,268.24481201171875,284.38824462890625,296.23175048828125,0.000824129441753,0.007046390324831,0.0126959159970283,5.02410888671875,7.31927490234375,10.104324340820312,-2.361236572265625,-4.3139190673828125,-0.1927947998046875
2017-05-30,18,3,296.0511474609375,293.21160888671875,3.3013153076171875,0.78497314453125,110.0,91237.5625,268.13970947265625,284.0968322753906,292.1436462402344,0.0014370784629136,0.0080575831234455,0.0137396305799484,6.58966064453125,6.4613189697265625,10.767990112304688,-3.051376342773437,-6.175582885742188,-2.704345703125
2017-05-31,0,0,296.7539367675781,293.92755126953125,3.3434295654296875,1.1641387939453125,93.5,91062.875,268.8619079589844,284.29833984375,291.0821533203125,0.0019641194958239,0.0067144818603992,0.0143327005207538,2.970062255859375,2.367279052734375,12.288833618164062,-3.82879638671875,0.4401397705078125,-0.688385009765625
2017-05-31,6,1,300.87579345703125,292.75909423828125,4.518798828125,1.4335174560546875,236.0,91215.6875,269.9226379394531,284.20269775390625,293.16973876953125,0.0025044127833098,0.0066968537867069,0.0147857293486595,3.5149078369140625,2.8367156982421875,7.161788940429688,-3.4746856689453125,1.7313385009765625,1.854583740234375
2017-05-31,12,2,302.62017822265625,295.1702880859375,3.3474884033203125,1.6879730224609375,145.0,90952.578125,271.1669921875,284.7779541015625,294.83984375,0.0026431365404278,0.0074287466704845,0.0142817981541156,3.660690307617188,2.495147705078125,8.261444091796875,-2.955078125,2.946533203125,1.954925537109375
2017-05-31,18,3,296.4340515136719,293.04461669921875,3.0061798095703125,1.779815673828125,6.375,91213.359375,270.3865661621094,284.93145751953125,293.4163513183594,0.00287871574983,0.0077909752726554,0.0125989317893981,2.08074951171875,2.90679931640625,8.606719970703125,-3.1570281982421875,4.5733489990234375,1.46240234375
2017-06-01,0,0,296.4887084960937,294.1011962890625,1.6681365966796875,1.109710693359375,8.875,91036.078125,270.94549560546875,284.5065612792969,293.16461181640625,0.0024011579807847,0.0083287097513675,0.0124555081129074,1.0330047607421875,1.9059295654296875,6.959228515625,0.0786895751953125,4.729156494140625,-0.25836181640625
2017-06-01,6,1,301.4471435546875,294.8131408691406,2.670562744140625,1.4102630615234375,6.5,91118.984375,271.70416259765625,284.34796142578125,293.9508972167969,0.0023056319914758,0.0082790479063987,0.0140016339719295,2.139373779296875,1.202392578125,3.724685668945313,2.7070465087890625,4.0386962890625,1.7889556884765625
2017-06-01,12,2,302.8240966796875,294.9640808105469,1.17828369140625,2.303253173828125,148.375,90934.21875,270.41387939453125,284.83624267578125,295.40399169921875,0.0043206205591559,0.0089132227003574,0.0146199241280555,3.7694244384765625,-0.4492340087890625,2.084991455078125,2.516815185546875,2.0032958984375,3.4961395263671875
2017-06-01,18,3,297.4311218261719,294.9398803710937,2.183685302734375,1.8758087158203125,36.375,91221.375,271.2117919921875,284.7222900390625,293.5529479980469,0.0039012152701616,0.0093614421784877,0.014405108988285,2.5584716796875,-1.46484375,4.2668304443359375,4.00335693359375,2.397369384765625,4.4661865234375
2017-06-02,0,0,297.0041809082031,294.38214111328125,2.105682373046875,1.637451171875,3.25,91101.96875,270.3304443359375,284.9149780273437,292.9010925292969,0.0047732032835483,0.0094065330922603,0.0138090588152408,1.6287994384765625,-3.627395629882813,3.3260040283203125,2.5818634033203125,6.32427978515625,6.6651763916015625
2017-06-02,6,1,301.3890991210937,295.688720703125,3.2082061767578125,2.4600982666015625,126.125,91206.15625,270.943359375,285.5873413085937,294.2336730957031,0.0040553426370024,0.00921580940485,0.0145294070243835,-1.1434783935546875,-1.0886077880859375,5.0596466064453125,0.507110595703125,6.97381591796875,3.7559967041015625
2017-06-02,12,2,302.9539794921875,294.4730529785156,3.1443328857421875,1.5595550537109375,286.5,90973.15625,270.7545166015625,285.51007080078125,295.22882080078125,0.004732072353363,0.0100733563303947,0.0151159279048442,-2.430648803710937,1.8127899169921875,5.433746337890625,1.5636444091796875,3.45269775390625,2.3664093017578125
2017-06-02,18,3,297.48297119140625,294.27099609375,3.74066162109375,1.72955322265625,1.125,91321.515625,270.6293640136719,284.9489440917969,292.96783447265625,0.0038164197467267,0.0095615349709987,0.013897281140089,-4.70245361328125,2.613067626953125,10.662445068359377,2.183334350585937,2.4010772705078125,3.973419189453125
2017-06-03,0,0,297.0917358398437,294.0482482910156,3.032821655273437,1.2254486083984375,0.5,91251.890625,269.67254638671875,285.1260986328125,292.4536437988281,0.0031730371993035,0.0089232474565505,0.013396356254816,-5.772064208984375,0.8001861572265625,12.413162231445312,3.1121978759765625,2.514373779296875,4.105026245117188
2017-06-03,6,1,301.46295166015625,293.4366455078125,4.3350677490234375,2.2477264404296875,40.25,91382.578125,270.2494506835937,284.59136962890625,293.94158935546875,0.0025727753527462,0.0096983015537261,0.0144075229763984,-5.806854248046875,1.105316162109375,6.776092529296875,0.729583740234375,3.2880401611328125,3.4031524658203125
2017-06-03,12,2,301.8861389160156,294.9959411621094,3.69537353515625,1.735870361328125,223.5,91153.4375,269.11700439453125,285.02496337890625,294.490478515625,0.0039468212053179,0.0090212821960449,0.0142922084778547,-4.789077758789063,3.912155151367188,9.412551879882812,-0.7074737548828125,2.7942047119140625,4.344497680664063
2017-06-03,18,3,296.7015380859375,293.5629272460937,4.019439697265625,0.9522247314453124,4.5,91403.625,269.3510131835937,285.3637084960937,291.68292236328125,0.0037720641121268,0.0090734250843524,0.014056984335184,-4.0987091064453125,5.606002807617188,12.673553466796877,3.734588623046875,0.9437408447265624,1.3328857421875
2017-06-04,0,0,296.3651733398437,293.2493896484375,3.49957275390625,0.4702301025390625,0.0,91231.671875,269.331787109375,285.685546875,292.6370849609375,0.003896877169609,0.0093836095184087,0.0112488083541393,-0.50958251953125,1.5478515625,12.614028930664062,5.2225341796875,2.6606597900390625,-1.054351806640625
2017-06-04,6,1,301.9119873046875,292.1304931640625,3.4069976806640625,-1.51287841796875,104.875,91390.265625,269.9652709960937,285.14208984375,293.8667907714844,0.0031818605493754,0.009325448423624,0.0137738808989524,1.4931640625,0.67926025390625,5.126800537109375,5.3695831298828125,1.234893798828125,-2.5120391845703125
2017-06-04,12,2,302.07720947265625,295.04010009765625,2.605941772460937,-1.3881072998046875,461.5,91155.234375,269.54119873046875,284.8543395996094,295.3803100585937,0.0034318603575229,0.0093612596392631,0.0131985619664192,1.028900146484375,5.5878448486328125,5.620162963867188,1.9516754150390625,-0.1324005126953125,-1.77984619140625
2017-06-04,18,3,297.8751525878906,293.5223388671875,3.7100830078125,0.640533447265625,258.75,91379.46875,269.93670654296875,285.4525451660156,293.212646484375,0.0032766414806246,0.0084109753370285,0.0141350626945495,-1.2578582763671875,3.2005767822265625,9.49981689453125,1.0725555419921875,-1.27947998046875,-0.355377197265625
2017-06-05,0,0,296.9920349121094,293.8660583496094,3.05047607421875,-0.043426513671875,1.75,91259.484375,269.8601379394531,285.230224609375,292.41925048828125,0.0033235698938369,0.0087587051093578,0.0123308412730693,1.5748291015625,0.6171112060546875,10.095932006835938,0.7570343017578125,-0.7794036865234375,-2.805999755859375
2017-06-05,6,1,302.1221923828125,292.57354736328125,4.3048095703125,-0.5289764404296875,2.875,91341.4375,270.28924560546875,285.06011962890625,293.885498046875,0.003016760572791,0.0086037851870059,0.0134847871959209,-0.895355224609375,1.7729949951171875,6.487716674804688,-0.9977569580078124,1.333160400390625,-1.1886138916015625
2017-06-05,12,2,300.75457763671875,295.064453125,4.6283721923828125,0.13775634765625,118.25,91140.625,269.40264892578125,284.58404541015625,294.0827941894531,0.0036025498993694,0.009516667574644,0.0146232992410659,-1.224853515625,6.641281127929688,9.36553955078125,-0.4532318115234375,-1.9511260986328125,-1.079620361328125
2017-06-05,18,3,296.76959228515625,293.5758056640625,4.0248565673828125,0.138641357421875,124.75,91459.765625,269.3048095703125,284.6358337402344,292.1723937988281,0.0033703271765261,0.0091061517596244,0.0139800198376178,0.6339569091796875,3.42010498046875,11.921356201171877,1.62982177734375,-4.2686920166015625,-3.1536407470703125
2017-06-06,0,0,296.90850830078125,293.9811096191406,3.303619384765625,-0.0328369140625,59.375,91323.296875,268.33123779296875,283.90118408203125,290.88446044921875,0.0043840799480676,0.0100247152149677,0.0140732936561107,2.483978271484375,0.00848388671875,10.951400756835938,4.9927825927734375,-1.725921630859375,-2.284637451171875
2017-06-06,6,1,300.90655517578125,292.24481201171875,4.645660400390625,-1.4113311767578125,102.625,91419.734375,268.7366943359375,284.4779663085937,293.72088623046875,0.0043852627277374,0.0095361024141311,0.013772826641798,3.599822998046875,3.10345458984375,7.66363525390625,3.8304443359375,-2.3004608154296875,-2.974517822265625
2017-06-06,12,2,302.2225341796875,293.36669921875,3.370697021484375,0.3870391845703125,738.75,91141.859375,268.66998291015625,284.626953125,295.26226806640625,0.0044511817395687,0.0086774863302707,0.0142678171396255,3.158538818359375,4.2469635009765625,9.384170532226562,-0.0977325439453125,-3.0085601806640625,-1.2236785888671875
2017-06-06,18,3,296.3211364746094,294.01776123046875,3.70745849609375,-0.390380859375,324.5,91518.21875,268.6958312988281,283.57598876953125,291.4033203125,0.0048620738089084,0.008998803794384,0.0143938474357128,2.482879638671875,5.0064544677734375,11.166656494140623,-0.45904541015625,-4.121734619140625,-5.080612182617188
2017-06-07,0,0,296.06561279296875,293.46044921875,3.0299530029296875,-0.44268798828125,190.125,91419.765625,268.6655578613281,282.7167358398437,291.0409545898437,0.0051126964390277,0.0084670558571815,0.0131927356123924,9.447830200195312,8.963851928710938,10.801773071289062,-1.533660888671875,-3.044952392578125,-5.0617218017578125
2017-06-07,6,1,299.7965393066406,292.7052917480469,4.0842132568359375,-1.25408935546875,101.75,91598.484375,268.7579345703125,282.40606689453125,290.7785339355469,0.005160728469491,0.0091843679547309,0.0136295109987258,10.569290161132812,9.741363525390623,11.70941162109375,-4.5471954345703125,-6.449066162109375,-4.536376953125
2017-06-07,12,2,297.42437744140625,294.01641845703125,4.45965576171875,-1.7037200927734375,333.375,91316.734375,268.6708984375,283.13800048828125,291.594482421875,0.0050246827304363,0.0084006935358047,0.0137303657829761,9.799606323242188,16.103958129882812,12.444503784179688,-5.911590576171875,-5.9651641845703125,-6.718048095703125
2017-06-07,18,3,295.76031494140625,291.7098999023437,3.4066925048828125,-0.79974365234375,1.25,91477.28125,268.424560546875,283.26971435546875,292.74041748046875,0.0050961263477802,0.0081424191594123,0.0094192363321781,1.119781494140625,10.573898315429688,13.613784790039062,-3.4089813232421875,-5.981170654296875,-6.8453216552734375
2017-06-08,0,0,295.6317138671875,292.3163146972656,3.333480834960937,-1.1282501220703125,0.125,91348.65625,268.3448486328125,282.59698486328125,290.8666381835937,0.005000147037208,0.0092420876026153,0.0124193169176578,5.8330841064453125,11.137786865234377,12.797149658203123,-3.824310302734375,-8.794647216796875,-5.979705810546875
2017-06-08,6,1,299.5177001953125,292.97900390625,4.8175811767578125,-1.4712371826171875,86.25,91503.453125,268.61578369140625,282.89404296875,290.4599609375,0.0050805211067199,0.0094835013151168,0.0136545374989509,9.050994873046877,11.832489013671877,10.793960571289062,-5.7197113037109375,-8.499160766601562,-5.169921875
2017-06-08,12,2,299.1687316894531,294.1376953125,3.45611572265625,-0.6654205322265625,226.25,91150.734375,269.0614318847656,283.0542297363281,293.0809326171875,0.0050093308091163,0.0091247651726007,0.0135529153048992,6.319000244140625,11.887802124023438,11.166961669921877,-4.258453369140625,-6.525802612304688,-3.343978881835937
2017-06-08,18,3,296.038818359375,292.8115234375,4.478607177734375,-1.08636474609375,1.125,91379.609375,268.7515563964844,283.85125732421875,291.5887451171875,0.005238227546215,0.0088080428540706,0.0125074312090873,3.5532989501953125,7.271392822265625,14.514572143554688,-5.354263305664063,-9.149276733398438,-5.81866455078125
2017-06-09,0,0,295.7999267578125,293.3363342285156,3.923263549804688,-0.1811676025390625,15.75,91217.453125,268.916015625,282.9958801269531,290.22412109375,0.0049933698028326,0.0101640075445175,0.0137093923985958,3.9092864990234375,9.87310791015625,13.1759033203125,-7.2446441650390625,-5.126861572265625,-3.5703582763671875
2017-06-09,6,1,300.18878173828125,293.97283935546875,5.56011962890625,-0.0569915771484375,324.125,91336.328125,269.36932373046875,283.135498046875,291.39324951171875,0.0048009604215621,0.0096109136939048,0.0148201957345008,1.87237548828125,11.103515625,9.731292724609377,-3.5387115478515625,-3.870162963867188,-0.879547119140625
2017-06-09,12,2,298.0988464355469,294.66619873046875,3.8587799072265625,0.79248046875,808.25,91113.625,268.73211669921875,283.65753173828125,292.8399353027344,0.0051965918391942,0.0092982724308967,0.0144902244210243,1.4252777099609375,10.46832275390625,11.802749633789062,-3.481796264648437,-2.56781005859375,-2.042144775390625
2017-06-09,18,3,295.45477294921875,293.1062927246094,4.079864501953125,0.59820556640625,5.625,91369.3125,268.6934509277344,283.6358642578125,290.78533935546875,0.0052200965583324,0.0100628286600112,0.0136403292417526,2.0932769775390625,11.77667236328125,14.139389038085938,-2.83563232421875,-3.758636474609375,-2.1510772705078125
2017-06-10,0,0,296.0311889648437,292.6307983398437,4.1964111328125,0.9328460693359376,8.5,91158.078125,269.0763854980469,283.21417236328125,290.2652893066406,0.0051000528037548,0.0100080072879791,0.0138396248221397,7.1974945068359375,11.246307373046877,14.235946655273438,-1.761810302734375,-3.5490875244140625,-1.3849334716796875
2017-06-10,6,1,299.6048889160156,293.18096923828125,6.751129150390625,0.275909423828125,3.125,91252.234375,269.9578552246094,283.2823181152344,292.12158203125,0.0045588240027427,0.010365605354309,0.0134297162294387,7.686660766601562,13.912948608398438,12.635787963867188,1.117401123046875,-3.748458862304688,-0.5129852294921875
2017-06-10,12,2,297.83837890625,294.41912841796875,5.298828125,0.9472198486328124,14.25,91061.234375,269.763427734375,283.8037109375,291.52880859375,0.0054553039371967,0.0101131107658147,0.0147903263568878,7.915908813476562,12.687820434570312,14.731048583984377,-0.3776702880859375,-4.69305419921875,1.392669677734375
2017-06-10,18,3,295.6575622558594,293.16864013671875,5.433151245117188,1.3235931396484375,45.5,91291.703125,270.3417358398437,283.68719482421875,290.63995361328125,0.0048295520246028,0.0092392079532146,0.0145977213978767,3.1808624267578125,14.561019897460938,17.723663330078125,1.389495849609375,-0.925811767578125,1.2284088134765625
2017-06-11,0,0,295.58416748046875,292.509765625,5.375244140625,1.1463165283203125,4.25,91122.5,269.9103088378906,284.2275390625,290.04913330078125,0.0054245293140411,0.0091475918889045,0.0139471516013145,4.6007232666015625,15.416763305664062,17.085342407226562,0.5482177734375,-0.2476654052734375,1.4999237060546875
2017-06-11,6,1,298.6369934082031,293.0921630859375,7.45672607421875,1.3370513916015625,5.875,91245.046875,269.72930908203125,284.1527709960937,290.7950439453125,0.0056036971509456,0.0085526071488857,0.0136739537119865,9.231063842773438,15.42218017578125,14.24468994140625,3.67584228515625,0.965972900390625,2.1453857421875
2017-06-11,12,2,298.67449951171875,293.1173095703125,5.285934448242188,2.90582275390625,6.25,91049.34375,269.90887451171875,284.4311218261719,292.189208984375,0.0054716244339942,0.0093450099229812,0.0141957662999629,8.894287109375,14.744384765625,12.11541748046875,5.0620880126953125,1.0603485107421875,5.6797943115234375
2017-06-11,18,3,296.0914611816406,293.3724365234375,6.3954620361328125,2.3478546142578125,30.375,91212.921875,269.6522216796875,284.5761108398437,290.810546875,0.0057574855163693,0.0084566101431846,0.0148341311141848,3.2743682861328125,16.947921752929688,20.046051025390625,-0.1040496826171875,4.287506103515625,4.616485595703125
2017-06-12,0,0,295.4002380371094,292.74639892578125,5.479171752929688,1.7919921875,0.0,91105.65625,270.03125,284.4115905761719,290.7493591308594,0.0053710080683231,0.0088395066559314,0.0138348303735256,5.0643463134765625,17.457229614257812,17.977081298828125,4.069747924804688,1.290191650390625,3.408172607421875
2017-06-12,6,1,298.4258117675781,292.79376220703125,5.4965667724609375,1.489471435546875,92.125,91263.09375,269.0081787109375,285.1030578613281,291.2135009765625,0.005320830270648,0.007874634116888,0.0143032632768154,10.64251708984375,16.602676391601562,11.726455688476562,5.6479339599609375,5.325454711914063,1.9846649169921875
2017-06-12,12,2,298.1915588378906,294.7666015625,4.23126220703125,2.7061920166015625,120.0,91051.03125,270.09674072265625,284.7933349609375,292.18328857421875,0.0045857653021812,0.0098882727324962,0.0151723995804786,11.290878295898438,15.039291381835938,12.588821411132812,3.780426025390625,4.3195343017578125,5.4514923095703125
2017-06-12,18,3,295.89996337890625,293.70440673828125,3.65728759765625,2.11029052734375,32.0,91194.328125,269.97418212890625,286.39422607421875,291.2015380859375,0.0037548020482063,0.0078724473714828,0.0151278339326381,11.234786987304688,19.329513549804688,14.2462158203125,7.1663818359375,0.3588104248046875,3.117767333984375
2017-06-13,0,0,296.4452819824219,293.9517822265625,2.927490234375,1.838531494140625,190.0,91077.828125,269.9642028808594,286.04815673828125,290.96759033203125,0.0038385808002203,0.0086549781262874,0.0149573124945163,10.6265869140625,16.690353393554688,11.963790893554688,5.7859954833984375,-1.034088134765625,1.6100006103515625
2017-06-13,6,1,300.16326904296875,294.1090393066406,5.3998565673828125,1.4901580810546875,358.25,91192.390625,269.313232421875,285.3765869140625,293.0423583984375,0.0044618062674999,0.0097984299063682,0.0153079777956008,9.569320678710938,13.675003051757812,9.275833129882812,5.530364990234375,-1.03155517578125,2.2152557373046875
2017-06-13,12,2,300.626220703125,295.78424072265625,3.893341064453125,1.9915924072265625,230.375,91012.890625,270.5052795410156,285.4402160644531,293.2452392578125,0.0040729455649852,0.0095186978578567,0.015365831553936,8.748519897460938,11.448974609375,9.283935546875,3.0560302734375,0.7366943359375,2.8773193359375
2017-06-13,18,3,296.534912109375,294.64404296875,3.3338775634765625,1.38629150390625,49.25,91311.65625,269.9537353515625,285.1077575683594,291.4000244140625,0.0040050968527793,0.0084179639816284,0.0146976448595523,8.351898193359375,10.034103393554688,11.679046630859377,1.8981170654296875,0.102813720703125,0.7145233154296875
2017-06-14,0,0,297.18756103515625,294.52349853515625,2.466796875,1.527679443359375,318.0,91228.484375,269.5511474609375,284.7817077636719,291.44305419921875,0.0020140842534601,0.0097972564399242,0.0150525644421577,8.363525390625,7.614639282226562,11.0228271484375,1.8670654296875,1.5509490966796875,0.424591064453125
2017-06-14,6,1,301.214599609375,293.72381591796875,4.699234008789063,1.068206787109375,366.75,91335.359375,269.8489685058594,284.8027648925781,293.2807006835937,0.0021789306774735,0.0101499110460281,0.0152106583118438,7.785369873046875,7.954254150390625,7.50958251953125,2.0554962158203125,0.39581298828125,1.473236083984375
2017-06-14,12,2,302.20947265625,295.3596496582031,3.1132354736328125,0.180999755859375,94.5,91081.265625,270.36456298828125,284.8625793457031,295.42578125,0.0017530291806906,0.0092551074922084,0.0141419991850852,7.7427215576171875,6.308319091796875,6.955841064453125,-0.13165283203125,-1.02520751953125,0.6389617919921875
2017-06-14,18,3,297.3381042480469,293.90496826171875,3.1524200439453125,0.940582275390625,78.0,91428.453125,270.0941772460937,284.93084716796875,292.89764404296875,0.0009995955042541,0.0085727851837873,0.0142155587673187,6.3916015625,6.500823974609375,8.584152221679688,-1.3575897216796875,-0.0139923095703125,-1.153167724609375
2017-06-15,0,0,296.3773193359375,293.71075439453125,2.8933868408203125,0.7234039306640625,0.25,91310.796875,269.5991516113281,284.9408569335937,292.48175048828125,0.0015044542960822,0.0080916099250316,0.012769091874361,6.8972015380859375,6.872573852539063,10.78173828125,-0.17730712890625,2.240966796875,-0.0030364990234375
2017-06-15,6,1,300.3519592285156,293.18951416015625,4.709976196289063,0.97052001953125,23.875,91439.578125,269.43853759765625,284.2962646484375,292.4295959472656,0.0014128945767879,0.0087672583758831,0.014272715896368,6.1063995361328125,8.1241455078125,8.149398803710938,1.688507080078125,1.8016357421875,1.0447540283203125
2017-06-15,12,2,300.9404602050781,295.4110107421875,3.809326171875,0.6166839599609375,200.0,91150.75,269.6551513671875,284.17987060546875,294.12762451171875,0.0031422690954059,0.0095470249652862,0.0139558613300323,4.7292327880859375,6.7608642578125,8.547897338867188,1.3184814453125,0.0832977294921875,1.08453369140625
2017-06-15,18,3,296.994140625,293.70123291015625,3.057861328125,0.608917236328125,133.0,91347.890625,269.135498046875,284.79473876953125,292.29742431640625,0.0025184517726302,0.0083731524646282,0.0142910927534103,5.6501312255859375,7.6419677734375,9.101028442382812,3.6403656005859375,0.2718048095703125,-2.5174713134765625
2017-06-16,0,0,296.03472900390625,293.523193359375,3.11175537109375,0.63824462890625,32.125,91229.75,268.5985107421875,284.546630859375,291.8441162109375,0.003665576223284,0.0082266591489315,0.0135457105934619,7.81646728515625,9.222671508789062,10.860870361328123,5.6019287109375,-0.958953857421875,-1.2201080322265625
2017-06-16,6,1,299.8666381835937,293.5765380859375,3.7991790771484375,0.829315185546875,386.25,91366.90625,268.4680480957031,283.78192138671875,292.0274658203125,0.0041252207010984,0.0102291405200958,0.0149644799530506,5.8968353271484375,9.637710571289062,6.650115966796875,4.3990325927734375,-0.165771484375,1.014404296875
2017-06-16,12,2,298.226806640625,294.9127502441406,4.036300659179688,0.4790802001953125,276.75,91252.875,269.38037109375,283.492919921875,292.2398681640625,0.0042424760758876,0.0101427696645259,0.015002567321062,5.81207275390625,11.052154541015623,11.155593872070312,3.2947998046875,-0.043365478515625,0.3778228759765625
2017-06-16,18,3,294.9667358398437,293.7533569335937,2.92022705078125,1.1671295166015625,3.375,91395.921875,268.76776123046875,285.0369873046875,290.98492431640625,0.0044658575206995,0.0075042955577373,0.0141419172286987,6.2366943359375,11.502731323242188,11.290863037109377,5.0416412353515625,-1.3769378662109375,-0.15582275390625
2017-06-17,0,0,296.3041076660156,293.2618408203125,2.567489624023437,1.464996337890625,18.25,91296.390625,268.370361328125,284.3536376953125,290.67315673828125,0.0042587965726852,0.008733507245779,0.0141663700342178,7.6976318359375,8.529067993164062,10.220428466796877,6.1534423828125,-0.7359619140625,-0.070159912109375
2017-06-17,6,1,299.54156494140625,293.6341552734375,3.507919311523437,1.617523193359375,795.5,91383.8125,269.9520874023437,283.3444519042969,291.51031494140625,0.0035874012392014,0.0101177282631397,0.0152661614120006,6.9844512939453125,8.7459716796875,6.6313018798828125,3.288803100585937,-0.2086181640625,1.989044189453125
2017-06-17,12,2,300.6525573730469,294.37158203125,3.728271484375,-0.6628265380859375,123.25,91091.921875,270.02667236328125,284.62811279296875,293.1707458496094,0.003595155198127,0.0094928778707981,0.014731228351593,5.525405883789063,8.142822265625,7.999969482421875,3.2860565185546875,-1.467681884765625,-1.19146728515625
2017-06-17,18,3,296.0039978027344,293.0806884765625,3.374740600585937,0.38946533203125,25.75,91343.984375,269.0781555175781,284.9604797363281,291.94390869140625,0.003683136543259,0.007572965696454,0.0137023478746414,5.740768432617188,7.87469482421875,8.874786376953125,0.6987457275390625,-2.732528686523437,-1.988861083984375
2017-06-18,0,0,295.04473876953125,293.3078918457031,2.8820343017578125,0.409210205078125,1.0,91234.359375,269.6546630859375,284.0209350585937,291.2986755371094,0.0028483120258897,0.0097660198807716,0.0130498558282852,4.796676635742188,7.615814208984375,10.22479248046875,1.6735076904296875,-1.62908935546875,-3.469635009765625
2017-06-18,6,1,299.837158203125,292.7855224609375,4.1382598876953125,-0.591766357421875,57.5,91337.875,270.0028076171875,284.03338623046875,292.7244873046875,0.002668775152415,0.0098198782652616,0.0136210173368453,3.4940185546875,6.700942993164063,7.06402587890625,1.210174560546875,-1.395599365234375,-1.5293121337890625
2017-06-18,12,2,300.738525390625,294.42852783203125,3.3108062744140625,0.115875244140625,133.625,91057.84375,270.7908630371094,284.12615966796875,294.37762451171875,0.0022344619501382,0.0098622553050518,0.0137486308813095,2.41064453125,7.7785491943359375,8.440765380859375,-1.131103515625,-1.2428741455078125,0.5182342529296875
2017-06-18,18,3,296.73907470703125,294.12286376953125,2.984161376953125,0.0930328369140625,185.75,91333.796875,270.4225769042969,283.8834533691406,291.8520812988281,0.0021757262293249,0.0095752067863941,0.0143747478723526,2.1100006103515625,7.255462646484375,8.940292358398438,0.2208709716796875,-1.80731201171875,-2.983871459960937
2017-06-19,0,0,295.64752197265625,293.5196533203125,3.455322265625,0.021270751953125,34.75,91204.09375,270.0448608398437,283.3666076660156,291.1553649902344,0.0028704658616334,0.0104083195328712,0.0127884335815906,3.6133880615234375,8.18121337890625,11.568618774414062,-0.757781982421875,-1.31500244140625,-4.30291748046875
2017-06-19,6,1,299.179443359375,292.89373779296875,4.218307495117188,0.118927001953125,133.5,91329.015625,268.97784423828125,283.5118103027344,291.3739929199219,0.0042442604899406,0.0099014155566692,0.0144585631787776,3.4326171875,9.665145874023438,8.00897216796875,-1.7999725341796875,-0.7414398193359375,-0.92083740234375
2017-06-19,12,2,299.9476318359375,295.0827331542969,3.159942626953125,-0.4660186767578125,711.25,91069.71875,268.5391845703125,283.663330078125,292.895263671875,0.0049235932528972,0.0102881342172622,0.0145809985697269,3.382080078125,9.78369140625,9.920639038085938,-1.6104888916015625,-2.05828857421875,-1.2299346923828125
2017-06-19,18,3,296.00244140625,293.9651184082031,2.4630889892578125,0.9160003662109376,497.75,91330.71875,268.7879638671875,283.5132751464844,291.4130859375,0.0050850352272391,0.0082603655755519,0.0147246345877647,2.63555908203125,9.225143432617188,9.361221313476562,-2.095489501953125,-1.457122802734375,-0.08282470703125
2017-06-20,0,0,295.307861328125,293.467529296875,2.5314483642578125,0.35992431640625,25.75,91212.40625,268.47174072265625,284.04754638671875,291.91973876953125,0.0046477131545543,0.0071927830576896,0.0122208259999752,4.951385498046875,9.211318969726562,10.333847045898438,0.238250732421875,-0.3079833984375,-1.9276123046875
2017-06-20,6,1,299.42047119140625,293.5069580078125,4.47314453125,1.601806640625,336.25,91352.90625,268.9092102050781,283.2431030273437,291.843994140625,0.0036464077420532,0.0085831917822361,0.0145218297839164,4.8526763916015625,9.39349365234375,7.6004638671875,2.052978515625,-1.5761871337890625,2.350082397460937
2017-06-20,12,2,300.38232421875,294.34698486328125,3.1810760498046875,-0.1873016357421875,244.5,91112.0,269.23883056640625,283.013916015625,292.79815673828125,0.0038234319072216,0.0097919926047325,0.0145855136215686,5.6045684814453125,9.338241577148438,8.170425415039062,2.136566162109375,-0.1829833984375,-0.4312896728515625
2017-06-20,18,3,296.0014038085937,293.16510009765625,3.419174194335937,1.101715087890625,2.375,91328.765625,268.98785400390625,284.17779541015625,291.3563232421875,0.0038199322298169,0.0081046186387538,0.0135674588382244,5.958892822265625,9.13153076171875,10.185745239257812,2.9696807861328125,-2.06494140625,-0.3664398193359375
2017-06-21,0,0,296.1675109863281,293.4287109375,3.2907257080078125,0.508087158203125,12.875,91232.828125,268.93487548828125,283.59625244140625,289.8428649902344,0.0034280705731362,0.0075301229953765,0.0134363733232021,6.518646240234375,9.157241821289062,10.557586669921877,3.013778686523437,-0.689605712890625,-0.7586669921875
2017-06-21,6,1,299.2828674316406,292.52587890625,4.675506591796875,0.606903076171875,55.75,91381.140625,268.5365600585937,283.55181884765625,291.9179382324219,0.0037167307455092,0.0083269886672496,0.0139369666576385,7.352325439453125,9.248565673828123,7.6110992431640625,1.295318603515625,-0.0617218017578125,0.7388458251953125
2017-06-21,12,2,300.60626220703125,293.51690673828125,3.524032592773437,1.612091064453125,168.25,91107.640625,268.6373291015625,283.7667541503906,294.1347045898437,0.0038837438914924,0.0085432417690753,0.013156421482563,7.169158935546875,8.433212280273438,9.206314086914062,-1.907989501953125,-1.71685791015625,2.877044677734375
2017-06-21,18,3,296.2460021972656,292.9463806152344,3.849166870117188,0.8715667724609375,0.0,91392.171875,268.7586669921875,283.93231201171875,291.89080810546875,0.0037283673882484,0.00697673112154,0.0121641233563423,6.114837646484375,8.516082763671875,11.753509521484377,-0.980560302734375,-1.253662109375,-1.327301025390625
2017-06-22,0,0,295.58123779296875,293.1695556640625,2.9735870361328125,0.1056060791015625,0.0,91292.921875,268.820068359375,283.4271240234375,291.1588134765625,0.0021452200599014,0.008813165128231,0.0121678858995437,7.919265747070312,6.7368927001953125,12.055267333984377,0.71575927734375,-2.5028076171875,-3.4824676513671875
2017-06-22,6,1,300.4753723144531,292.0299072265625,4.533981323242188,0.1311798095703125,40.0,91410.34375,268.7347106933594,283.3459167480469,292.33282470703125,0.0019260013941675,0.0078322403132915,0.0132077634334564,8.647064208984375,6.4355316162109375,9.580657958984377,0.685699462890625,-2.6667022705078125,-1.117523193359375
2017-06-22,12,2,300.36358642578125,294.8199157714844,3.3822021484375,1.21209716796875,196.5,91174.625,268.05828857421875,283.5042419433594,293.6424560546875,0.0026057281065732,0.0088598802685737,0.0137245468795299,7.917190551757812,7.894866943359375,8.870361328125,-4.179489135742188,-4.2507171630859375,0.5609588623046875
2017-06-22,18,3,296.73699951171875,293.76739501953125,3.5834197998046875,0.7708740234375,104.0,91458.828125,267.28564453125,284.0449523925781,291.41259765625,0.0016945591196417,0.0064125135540962,0.014017067849636,2.6194000244140625,7.203872680664063,11.161392211914062,-4.53076171875,-4.255218505859375,-1.718475341796875
2017-06-23,0,0,296.8551025390625,294.01129150390625,3.22265625,-0.03802490234375,116.5,91257.4375,268.14166259765625,284.1490783691406,290.41387939453125,0.0016681721899658,0.0061039812862873,0.014359850436449,3.1234893798828125,6.2376861572265625,11.516738891601562,-3.62396240234375,-3.354400634765625,-3.11859130859375
2017-06-23,6,1,300.423095703125,293.68328857421875,5.0441741943359375,0.2068023681640625,460.5,91375.171875,267.4981994628906,283.50347900390625,292.1411437988281,0.0018512387759983,0.0078078992664813,0.0146269425749778,4.646209716796875,7.493087768554687,8.213455200195312,-3.123809814453125,-4.360565185546875,0.1520843505859375
2017-06-23,12,2,301.5625,294.59185791015625,4.2270355224609375,-0.94586181640625,166.0,91062.71875,268.32830810546875,284.2480773925781,293.8668212890625,0.0036248846445232,0.0090471878647804,0.0140290483832359,5.7352142333984375,8.8876953125,9.215179443359377,-3.5750885009765625,-4.355499267578125,-2.078216552734375
2017-06-23,18,3,295.6162109375,292.3486328125,4.719451904296875,0.6693267822265625,25.875,91311.65625,268.457275390625,283.6434936523437,290.73291015625,0.0028955312445759,0.0090460665524005,0.0143588557839393,2.9881744384765625,10.173599243164062,14.102951049804688,-4.061065673828125,-4.77752685546875,-1.4099273681640625
2017-06-24,0,0,295.94000244140625,293.292236328125,3.632293701171875,0.34185791015625,103.25,91115.859375,268.728271484375,283.6329345703125,290.1982421875,0.0037692084442824,0.0094367787241935,0.0142181664705276,4.75115966796875,11.021865844726562,13.227005004882812,-3.4144287109375,-2.572982788085937,-1.77227783203125
2017-06-24,6,1,299.4254150390625,293.06756591796875,5.5921630859375,0.32598876953125,465.25,91182.140625,268.8577880859375,283.0491943359375,292.7542419433594,0.0025540960486978,0.0086276903748512,0.0145846437662839,5.689544677734375,13.58740234375,9.48065185546875,-2.9092254638671875,-2.779754638671875,0.24896240234375
2017-06-24,12,2,300.09893798828125,293.22198486328125,4.834930419921875,1.563995361328125,48.5,90921.9375,268.41326904296875,283.4893798828125,293.4281005859375,0.0047586373984813,0.008967787027359,0.0135308131575584,3.931610107421875,13.229278564453123,12.737152099609377,-3.867477416992188,-4.399215698242188,2.031845092773437
2017-06-24,18,3,296.13836669921875,292.84326171875,4.7860260009765625,1.4527740478515625,108.0,91169.640625,268.88153076171875,283.44439697265625,290.53277587890625,0.0036828655283898,0.0078728459775447,0.0146085135638713,0.76904296875,15.39569091796875,15.05908203125,-4.1437835693359375,-4.281295776367188,0.091064453125
2017-06-25,0,0,295.9135131835937,293.42022705078125,5.042404174804688,1.421600341796875,44.25,90931.28125,268.49365234375,284.1495056152344,290.29815673828125,0.0039529176428914,0.0084763802587986,0.0143804475665092,4.667007446289063,14.287521362304688,16.059585571289062,0.5447845458984375,-3.369720458984375,1.4866790771484375
2017-06-25,6,1,299.576171875,292.4564208984375,6.29461669921875,1.20819091796875,393.75,91067.9375,268.4296875,283.7876281738281,292.2739562988281,0.0040567405521869,0.0078770443797111,0.0147267505526542,4.4918975830078125,14.137405395507812,11.155838012695312,-0.46868896484375,-1.465118408203125,1.7340850830078125
2017-06-25,12,2,300.7113647460937,293.1785583496094,5.5616607666015625,2.099151611328125,80.0,90825.515625,268.946044921875,283.822265625,293.38494873046875,0.0041957311332225,0.0080363377928733,0.0141834393143653,4.0250396728515625,14.659576416015623,12.152206420898438,-0.4961090087890625,-2.302337646484375,3.5386199951171875
2017-06-25,18,3,296.2832336425781,293.1346435546875,4.361419677734375,1.6906890869140625,118.875,91168.390625,268.7406005859375,284.2110595703125,290.76739501953125,0.0041590109467506,0.0066735222935676,0.0147562082856893,3.5663299560546875,14.677398681640623,14.16070556640625,1.0575408935546875,-1.9492645263671875,3.17767333984375
2017-06-26,0,0,296.0289306640625,293.979248046875,4.1582794189453125,1.791900634765625,56.5,91019.9375,268.59130859375,284.3856811523437,290.70147705078125,0.0048752278089523,0.0081164203584194,0.0147753898054361,6.190948486328125,13.361968994140623,16.539840698242188,1.475341796875,-0.9105682373046876,2.87384033203125
2017-06-26,6,1,298.69091796875,293.0770874023437,7.6379852294921875,1.950836181640625,96.0,91191.046875,268.2182006835937,283.8232421875,291.932373046875,0.0043760947883129,0.0067572370171546,0.013930220156908,2.8310699462890625,14.962417602539062,13.439834594726562,-1.5598297119140625,-0.648162841796875,3.0969696044921875
2017-06-26,12,2,299.99493408203125,293.60430908203125,6.0125274658203125,1.836578369140625,67.75,91023.375,268.86474609375,284.1779479980469,292.87066650390625,0.0039797276258468,0.0066627487540245,0.0142291747033596,4.365081787109375,14.374221801757812,11.547775268554688,0.566131591796875,0.3419647216796875,3.21429443359375
2017-06-26,18,3,295.9483642578125,293.01629638671875,4.4274749755859375,1.8318328857421875,57.75,91324.8125,269.187744140625,283.6571960449219,290.22802734375,0.0047574732452631,0.0071395225822925,0.0143841877579689,7.9380340576171875,14.994003295898438,14.433395385742188,-0.0410919189453125,-0.6634368896484375,2.666595458984375
2017-06-27,0,0,295.86285400390625,293.0760498046875,4.9049072265625,1.776275634765625,0.0,91121.671875,267.97491455078125,284.585205078125,290.1332397460937,0.0045045986771583,0.0074164420366287,0.0139701552689075,5.267593383789063,15.870361328125,16.49041748046875,2.416961669921875,-0.831695556640625,3.688323974609375
2017-06-27,6,1,299.245361328125,293.0595092773437,6.746017456054688,2.3374176025390625,190.0,91307.8125,267.1544189453125,283.72198486328125,291.0370483398437,0.0042412653565406,0.0074727497994899,0.0142166055738925,6.1661529541015625,15.633270263671877,12.827850341796877,0.48187255859375,0.3080902099609375,3.9481048583984375
2017-06-27,12,2,297.45587158203125,293.15289306640625,4.711685180664063,2.399505615234375,127.5,91141.53125,268.5899963378906,283.4150695800781,291.427001953125,0.0051241256296634,0.0065643899142742,0.0142002254724502,2.5269317626953125,15.396240234375,13.580169677734377,-2.322021484375,0.2090911865234375,3.5623931884765625
2017-06-27,18,3,295.41796875,292.7728881835937,4.32763671875,1.5540771484375,15.75,91358.328125,268.53594970703125,283.62823486328125,290.0740051269531,0.0045577548444271,0.0070872381329536,0.014143917709589,2.3429412841796875,16.795333862304688,16.88031005859375,-0.3731689453125,-0.0342864990234375,3.3122100830078125
2017-06-28,0,0,295.4110412597656,293.07843017578125,5.093231201171875,2.4507598876953125,0.25,91155.5625,268.18865966796875,284.54547119140625,289.9275817871094,0.0049512311816215,0.0074160173535346,0.0140616632997989,6.4672393798828125,15.043563842773438,18.263839721679688,0.5993499755859375,1.1435089111328125,6.0309906005859375
2017-06-28,6,1,298.3709716796875,293.39532470703125,7.534576416015625,2.211151123046875,2.0,91329.640625,268.5304260253906,284.0450134277344,291.1739196777344,0.0050919316709041,0.0067152231931686,0.0133963748812675,6.535919189453125,14.643646240234377,15.08319091796875,-0.90216064453125,1.9088287353515625,3.192596435546875
2017-06-28,12,2,300.3312683105469,291.81866455078125,5.260711669921875,1.563751220703125,30.0,91174.921875,268.84088134765625,283.2344055175781,293.21923828125,0.0040869936347007,0.0078338086605072,0.0132363997399806,5.37579345703125,16.905487060546875,12.48541259765625,-0.3263397216796875,-0.7073211669921875,2.2375640869140625
2017-06-28,18,3,295.74224853515625,292.2959899902344,4.198165893554688,1.072601318359375,3.625,91373.96875,268.1495361328125,283.68536376953125,290.12030029296875,0.0041997916996479,0.0071080178022384,0.0141495913267135,4.100357055664063,17.8905029296875,14.131927490234377,0.4766845703125,-0.62481689453125,0.247955322265625
2017-06-29,0,0,295.9989013671875,292.7929077148437,4.2209014892578125,1.182769775390625,21.25,91265.984375,268.18365478515625,284.7997131347656,289.75897216796875,0.0045471377670764,0.0075311735272407,0.0139683503657579,6.69476318359375,15.96923828125,15.4161376953125,0.6076507568359375,-0.7891082763671875,1.4256591796875
2017-06-29,6,1,299.8001708984375,292.840576171875,6.536880493164063,0.888763427734375,10.0,91329.328125,268.6718139648437,284.5672607421875,292.1751708984375,0.0047846138477325,0.0084360428154468,0.0135948546230793,6.629241943359375,14.87530517578125,13.350631713867188,-0.2972412109375,-0.762176513671875,1.4047393798828125
2017-06-29,12,2,301.1673583984375,293.34698486328125,5.6189727783203125,-0.05316162109375,6.75,91136.9375,268.69012451171875,283.54022216796875,293.8324584960937,0.0043952614068984,0.0090843401849269,0.0137044414877891,5.6511077880859375,13.99078369140625,12.962860107421877,-0.178375244140625,-2.017913818359375,-0.0102081298828125
2017-06-29,18,3,296.0248107910156,293.16558837890625,4.180389404296875,0.4688720703125,9.375,91335.015625,268.6130676269531,284.0020751953125,290.25933837890625,0.0038118520751595,0.0084375143051147,0.0144140012562274,7.010162353515625,13.959991455078123,13.498382568359377,2.2507781982421875,-2.501861572265625,-1.256683349609375
2017-06-30,0,0,296.4095458984375,292.5135192871094,4.6181488037109375,0.414093017578125,12.0,91133.28125,268.90625,284.84820556640625,289.76727294921875,0.0035233651287853,0.0082231126725673,0.0136014781892299,6.2342376708984375,12.368179321289062,13.83758544921875,0.6753387451171875,-1.631927490234375,-0.79852294921875
2017-06-30,6,1,299.9760131835937,291.8280639648437,6.8712921142578125,-0.8037261962890625,43.25,91258.5,268.728759765625,283.4377136230469,292.5489196777344,0.0036194503773003,0.0099620036780834,0.013609942048788,5.574966430664063,13.808334350585938,11.8138427734375,0.03564453125,-1.00067138671875,-1.51397705078125
2017-06-30,12,2,299.0336303710937,294.9804077148437,5.2003021240234375,0.196075439453125,39.25,91060.3125,269.44439697265625,283.536376953125,293.71905517578125,0.00373230362311,0.0100310891866683,0.0136506408452987,6.4542083740234375,12.846435546875,12.242752075195312,-0.2462921142578125,-0.6567840576171875,-0.7621002197265625
2017-06-30,18,3,295.90185546875,292.74188232421875,4.137939453125,0.3015899658203125,0.0,91323.75,269.0110778808594,283.5483093261719,290.6072692871094,0.0035398607142269,0.0085868202149868,0.0141759552061557,4.9498443603515625,13.851318359375,12.856918334960938,-0.7093048095703125,-2.550506591796875,-2.653289794921875
2017-07-01,0,0,295.89434814453125,292.439208984375,4.6701507568359375,0.868377685546875,0.0,91146.1875,268.3304443359375,285.11187744140625,289.8077392578125,0.0040981988422572,0.0081289149820804,0.0134185291826725,6.6285400390625,10.953994750976562,15.303512573242188,-0.7312469482421875,-1.040740966796875,-0.6323394775390625
2017-07-01,6,1,299.654052734375,292.32733154296875,5.479415893554688,-0.0629730224609375,21.0,91270.828125,268.55877685546875,284.6439514160156,292.1790771484375,0.0046164710074663,0.0084917992353439,0.0132975280284881,6.97869873046875,10.963394165039062,12.829071044921877,1.339141845703125,-2.839691162109375,-1.355865478515625
2017-07-01,12,2,299.57183837890625,294.024658203125,4.492034912109375,0.835662841796875,30.0,91096.625,268.5472412109375,283.4014892578125,293.5201416015625,0.0039790421724319,0.0101879499852657,0.0132777225226163,6.3778076171875,11.288436889648438,11.773086547851562,-0.85382080078125,-3.2719879150390625,-0.1172637939453125
2017-07-01,18,3,295.962890625,292.67657470703125,4.359161376953125,0.89495849609375,11.75,91351.234375,268.27020263671875,284.3412475585937,290.12945556640625,0.0044558234512805,0.0083265863358974,0.0140875577926635,7.597854614257812,10.766159057617188,13.106094360351562,0.963287353515625,-3.247772216796875,-1.0368499755859375
2017-07-02,0,0,296.0614624023437,293.3381652832031,3.7044830322265625,0.927215576171875,48.75,91148.09375,268.35760498046875,284.85809326171875,290.237060546875,0.0043895542621612,0.0076210685074329,0.0142535120248794,8.136642456054688,6.66424560546875,12.5916748046875,-0.813323974609375,-0.1050872802734375,-0.5738983154296875
2017-07-02,6,1,300.45916748046875,292.84332275390625,5.5274505615234375,0.72430419921875,65.25,91339.421875,268.18914794921875,284.98492431640625,292.40380859375,0.0047837756574153,0.0073447823524475,0.013503149151802,8.337539672851562,5.10809326171875,10.095870971679688,-3.2517547607421875,0.3856201171875,0.123077392578125
2017-07-02,12,2,302.7337646484375,293.2215576171875,4.264007568359375,0.77337646484375,83.25,91047.78125,269.0556640625,284.48455810546875,294.59039306640625,0.0042083524167537,0.0086875073611736,0.0136591270565986,5.831222534179688,7.3319854736328125,8.62860107421875,-3.4431610107421875,-1.2484283447265625,1.029815673828125
2017-07-02,18,3,296.8358154296875,293.7113647460937,3.3034820556640625,1.2487640380859375,70.25,91377.296875,269.94854736328125,284.0381164550781,291.3719482421875,0.002753525506705,0.008334707468748,0.0146610215306282,4.658294677734375,8.14947509765625,11.755035400390623,-1.5528717041015625,-2.909149169921875,-0.21661376953125
2017-07-03,0,0,296.4506225585937,294.029541015625,3.4212188720703125,0.3698883056640625,53.75,91249.40625,269.1746826171875,284.593994140625,290.627685546875,0.0037076734006404,0.0087151639163494,0.0145534202456474,1.85784912109375,7.15924072265625,11.711593627929688,3.4360809326171875,-1.3151397705078125,-2.1099395751953125
2017-07-03,6,1,299.98980712890625,292.6686706542969,4.78753662109375,-0.4079437255859375,336.0,91460.5,268.86151123046875,283.8224792480469,292.0931396484375,0.0042651016265153,0.0090202540159225,0.0146867781877517,1.9243621826171875,7.400634765625,7.787109375,3.32659912109375,-1.54510498046875,-0.7987823486328125
2017-07-03,12,2,299.9291687011719,294.8851318359375,4.852264404296875,0.0769805908203125,123.0,91213.078125,269.0748291015625,283.9031677246094,292.5570678710937,0.0047057680785655,0.0089881494641304,0.0145685710012912,1.695770263671875,9.248870849609377,10.694290161132812,2.992767333984375,-3.272918701171875,-0.6172637939453125
2017-07-03,18,3,294.99005126953125,292.4828796386719,4.353439331054688,-0.32757568359375,16.0,91494.359375,268.3173522949219,283.9070129394531,290.775390625,0.0039615859277546,0.0084919445216655,0.0137151107192039,-0.62774658203125,10.343780517578123,13.928970336914062,5.099273681640625,-4.1085968017578125,-4.1595458984375
2017-07-04,0,0,295.93914794921875,292.8265686035156,4.064361572265625,-0.488800048828125,5.25,91345.890625,268.0159912109375,284.7509460449219,290.8990783691406,0.0047556385397911,0.0076407119631767,0.0125880986452102,6.06500244140625,8.439468383789062,14.321258544921877,4.0716094970703125,-3.623626708984375,-4.437042236328125
2017-07-04,6,1,298.511474609375,292.7340393066406,5.7227783203125,-0.692108154296875,5.375,91452.53125,267.765625,284.65936279296875,290.7401123046875,0.0041118152439594,0.0066572427749633,0.0135739147663116,4.579345703125,11.63421630859375,10.902694702148438,-0.2316741943359375,-0.5700836181640625,-2.0413360595703125
2017-07-04,12,2,299.8396911621094,293.0741577148437,4.766448974609375,-0.2182464599609375,2.25,91225.6875,268.37939453125,284.08953857421875,292.5875549316406,0.0047591365873813,0.0075848661363124,0.0133078545331954,5.289276123046875,14.423538208007812,10.465652465820312,-3.55694580078125,-2.809539794921875,-1.5588226318359375
2017-07-04,18,3,296.26092529296875,292.8261108398437,3.94580078125,0.4644775390625,18.75,91514.140625,268.1388244628906,284.2752990722656,290.2022705078125,0.0036452212370932,0.0072539970278739,0.0140736475586891,3.4786834716796875,12.015853881835938,11.393035888671877,-3.74444580078125,-2.378524780273437,-2.2936553955078125
2017-07-05,0,0,296.3806457519531,293.33770751953125,3.4593658447265625,0.69476318359375,41.0,91363.1875,268.70050048828125,283.822998046875,289.6810913085937,0.0030916621908545,0.0090088732540607,0.0138870254158973,4.1382904052734375,12.419113159179688,12.23455810546875,-3.896530151367188,-1.6151123046875,-1.1685943603515625
2017-07-05,6,1,299.62860107421875,292.245849609375,6.180953979492188,-0.469818115234375,54.0,91428.234375,269.1282958984375,283.14971923828125,291.957763671875,0.0025902185589075,0.0091474056243896,0.0136929862201213,4.123016357421875,12.50994873046875,10.514144897460938,-3.645431518554688,-1.3583984375,-1.1302337646484375
2017-07-05,12,2,301.07196044921875,293.2413330078125,4.85797119140625,-0.710906982421875,14.0,91219.203125,269.25323486328125,283.1654052734375,293.6542358398437,0.0030839589890092,0.0095991045236587,0.0130285695195198,5.26251220703125,11.191925048828123,10.02996826171875,-2.842758178710937,-2.178939819335937,-1.996795654296875
2017-07-05,18,3,295.849365234375,292.6289978027344,3.946334838867188,-0.246826171875,0.0,91491.859375,268.8804931640625,284.1724548339844,290.4341735839844,0.00284148263745,0.007737424224615,0.0137922801077365,5.2813873291015625,10.417877197265623,11.636474609375,-1.6091156005859375,-3.80059814453125,-3.502166748046875
2017-07-06,0,0,295.7562866210937,292.76837158203125,3.5809326171875,0.2772369384765625,7.5,91320.84375,269.5798034667969,283.87841796875,289.5580139160156,0.0025825803168118,0.0075010359287261,0.0133577734231948,5.0826568603515625,11.023574829101562,12.954559326171877,-1.917633056640625,-3.2960662841796875,-2.7636260986328125
2017-07-06,6,1,300.32666015625,292.412841796875,5.71832275390625,-1.4653472900390625,2.25,91402.40625,268.99285888671875,283.1981201171875,292.2451171875,0.0017713855486363,0.0092634297907352,0.0134677998721599,5.97894287109375,11.948928833007812,9.7095947265625,-3.054931640625,-3.4525604248046875,-2.504974365234375
2017-07-06,12,2,299.9574890136719,294.2362060546875,4.414230346679688,0.3029632568359375,173.25,91167.484375,268.9007568359375,283.5223388671875,292.08038330078125,0.0035771266557276,0.0098272822797298,0.0143850892782211,5.566421508789063,10.00372314453125,10.221389770507812,-3.499755859375,-3.87237548828125,-0.7961273193359375
2017-07-06,18,3,295.57330322265625,292.46612548828125,3.5537261962890625,0.307586669921875,69.5,91429.21875,268.0437316894531,283.3025817871094,290.4749755859375,0.0039330190047621,0.0088605619966983,0.0141378007829189,3.9443206787109375,8.8515625,10.468063354492188,-1.56390380859375,-5.412322998046875,-3.301986694335937
2017-07-07,0,0,295.73760986328125,292.628662109375,3.947296142578125,-0.205322265625,8.0,91271.34375,267.630615234375,283.77001953125,290.2183837890625,0.0036783660762012,0.0070396997034549,0.0134595371782779,3.749191284179688,8.027969360351562,11.98883056640625,-1.7093658447265625,-3.9332427978515625,-3.035507202148437
2017-07-07,6,1,299.07574462890625,292.86187744140625,4.951904296875,-0.88092041015625,48.5,91402.6875,267.4709777832031,283.3186950683594,292.1226806640625,0.0037128319963812,0.007307656109333,0.0134883373975753,5.0501556396484375,7.7885894775390625,8.253738403320312,0.0447540283203125,-4.216812133789063,-1.725372314453125
2017-07-07,12,2,299.348876953125,293.2850952148437,3.771408081054688,-0.4402008056640625,125.0,91205.96875,268.4696044921875,283.13055419921875,292.6815185546875,0.0043142102658748,0.0082062929868698,0.0137992277741432,3.760910034179688,7.985321044921875,9.28118896484375,-2.5896759033203125,-2.9193878173828125,-1.988922119140625
2017-07-07,18,3,296.531494140625,292.71099853515625,3.762405395507813,-0.271148681640625,71.75,91466.8125,267.5699462890625,283.45635986328125,290.5083923339844,0.0047403164207935,0.0075427591800689,0.0139600560069084,1.2978515625,6.5689239501953125,10.63397216796875,-2.482391357421875,-4.535400390625,-4.267105102539063
2017-07-08,0,0,295.7265625,292.8493347167969,3.183990478515625,-0.68829345703125,93.75,91288.671875,267.98504638671875,282.733154296875,290.20220947265625,0.0044893287122249,0.0077641941606998,0.0136369280517101,3.73651123046875,7.592636108398437,10.550018310546877,-1.0315704345703125,-5.205841064453125,-4.446334838867188
2017-07-08,6,1,298.6051940917969,292.2585144042969,4.3892669677734375,-0.7982940673828125,469.0,91443.453125,267.7136535644531,282.3724365234375,290.63720703125,0.0041828453540802,0.0078735649585723,0.014180114492774,3.562744140625,6.174102783203125,8.824615478515625,-0.7212371826171875,-4.793502807617188,-2.2054901123046875
2017-07-08,12,2,299.8123779296875,293.2712097167969,3.565704345703125,-1.40228271484375,316.5,91116.21875,268.71807861328125,283.2572631835937,293.91680908203125,0.0041605345904827,0.0080607160925865,0.0141222439706325,2.0916900634765625,5.8590240478515625,6.2950286865234375,-1.9774017333984373,-4.452163696289063,-2.7474365234375
2017-07-08,18,3,296.05767822265625,293.0177001953125,2.7054443359375,0.67681884765625,91.0,91385.609375,268.32379150390625,283.92333984375,291.3520202636719,0.0045402906835079,0.0070125274360179,0.0137873440980911,1.7457733154296875,5.5484466552734375,7.779205322265625,-3.020492553710937,-5.178802490234375,-1.1842498779296875
2017-07-09,0,0,295.6956787109375,293.01092529296875,2.5340118408203125,0.8772125244140625,73.75,91260.609375,267.5282592773437,283.39306640625,290.17401123046875,0.0047516115009784,0.0077336486428976,0.013764776289463,-0.705902099609375,2.0401153564453125,8.999221801757812,-2.362579345703125,-2.443878173828125,-2.3179168701171875
2017-07-09,6,1,300.3114013671875,292.8518981933594,3.8585052490234375,0.10565185546875,835.875,91389.828125,268.1097717285156,282.6615600585937,291.475830078125,0.0044435877352952,0.0085430406033992,0.0148091092705726,-0.5986328125,3.927978515625,6.5709381103515625,-1.0245361328125,1.0409393310546875,-0.5723419189453125
2017-07-09,12,2,299.69354248046875,294.3853759765625,4.588150024414063,0.0187835693359375,377.25,91121.515625,269.0736083984375,283.40264892578125,292.64849853515625,0.0043268650770187,0.0088717229664325,0.0139318890869617,-0.5064849853515625,4.549575805664063,10.774765014648438,-1.312652587890625,-0.4552764892578125,0.6080169677734375
2017-07-09,18,3,295.95147705078125,293.30767822265625,3.0374755859375,0.9329071044921876,129.0,91475.328125,268.3362121582031,283.10888671875,291.24755859375,0.0044925920665264,0.0082462318241596,0.0129977986216545,-1.9378509521484373,5.991912841796875,9.307159423828123,-0.054901123046875,-1.2261962890625,-0.5312042236328125
2017-07-10,0,0,295.76055908203125,292.71875,3.560546875,0.9165802001953124,30.75,91359.40625,268.32012939453125,283.0228576660156,289.92889404296875,0.0046442365273833,0.0075154975056648,0.0136820971965789,0.9205780029296876,3.751022338867188,10.770050048828123,2.457504272460937,1.3552703857421875,0.8604736328125
2017-07-10,6,1,300.75018310546875,292.720458984375,4.400115966796875,1.1023406982421875,90.25,91475.265625,269.4008178710937,283.41650390625,291.5079345703125,0.0040590353310108,0.0072429403662681,0.0139118134975433,0.8963165283203125,4.6730804443359375,6.959976196289063,3.848663330078125,1.839202880859375,1.5472869873046875
2017-07-10,12,2,301.9291687011719,294.3129577636719,4.0529632568359375,-0.1718902587890625,49.25,91172.1875,269.35009765625,283.88006591796875,294.6555480957031,0.0042202845215797,0.0083792954683303,0.0130727961659431,1.10992431640625,5.535369873046875,8.468582153320312,3.901687622070313,0.564361572265625,-0.4111175537109375
2017-07-10,18,3,296.916748046875,292.8006591796875,3.5054931640625,-0.0832672119140625,17.75,91506.953125,269.3370361328125,283.4498291015625,291.15093994140625,0.0039829481393098,0.0087211653590202,0.0133678391575813,3.6790618896484375,5.2584228515625,9.418487548828123,2.2281494140625,-1.3957366943359375,-3.4146728515625
2017-07-11,0,0,295.7815856933594,292.9100646972656,3.388534545898437,0.1314239501953125,2.75,91360.796875,269.62335205078125,282.6471862792969,290.0785522460937,0.0039429077878594,0.0096288658678531,0.0133587755262851,4.009063720703125,6.232681274414063,10.967575073242188,-0.1119384765625,-4.294464111328125,-2.425033569335937
2017-07-11,6,1,299.662353515625,292.5443115234375,5.431121826171875,-1.49237060546875,8.125,91469.859375,269.782958984375,283.1782531738281,291.96173095703125,0.003735332051292,0.0094765163958072,0.0131455361843109,1.4579010009765625,6.780044555664063,9.29052734375,-2.9038238525390625,-3.24456787109375,-3.2373046875
2017-07-11,12,2,301.15887451171875,292.46484375,4.1466064453125,-0.71990966796875,33.0,91247.09375,269.33123779296875,282.9644775390625,292.73687744140625,0.0041200034320354,0.0104766860604286,0.0136893987655639,4.51922607421875,7.4574737548828125,9.6737060546875,-2.5396270751953125,-5.2418365478515625,-3.1943817138671875
2017-07-11,18,3,295.72296142578125,292.747314453125,3.503036499023437,-0.9392242431640624,90.875,91555.125,268.37109375,283.1820678710937,290.4559020996094,0.0050719659775495,0.0097061190754175,0.0138115882873535,1.988006591796875,9.428543090820312,12.547409057617188,-3.3659820556640625,-7.350173950195312,-5.82257080078125
2017-07-12,0,0,294.71728515625,293.3672790527344,3.206024169921875,-1.1700897216796875,58.0,91372.234375,268.0848999023437,283.026123046875,291.28436279296875,0.0050135590136051,0.0089393807575106,0.012123841792345,6.88568115234375,15.07708740234375,12.321029663085938,0.9015350341796876,-10.022308349609377,-7.2844390869140625
2017-07-12,6,1,298.9340209960937,292.27691650390625,5.597320556640625,-1.795806884765625,140.5,91457.296875,268.4510498046875,283.003662109375,291.1058349609375,0.0050239972770214,0.0067845471203327,0.0137240961194038,4.19708251953125,14.58447265625,9.271896362304688,0.17498779296875,-8.457870483398438,-3.2117156982421875
2017-07-12,12,2,298.6581420898437,293.3300170898437,4.120452880859375,-0.45306396484375,190.25,91200.421875,268.7942810058594,283.0978088378906,293.152099609375,0.0048688948154449,0.006560031324625,0.0136440843343734,6.732223510742188,14.30340576171875,10.520782470703123,-5.1116790771484375,-5.2343292236328125,-2.150665283203125
2017-07-12,18,3,295.91485595703125,292.6233215332031,3.69512939453125,0.512908935546875,95.25,91493.453125,268.625,283.17938232421875,290.73565673828125,0.0046331174671649,0.0063218921422958,0.0132922418415546,4.3749542236328125,11.923080444335938,11.41986083984375,-4.811050415039063,-6.02886962890625,-2.6687469482421875
2017-07-13,0,0,295.1557006835937,292.54461669921875,3.805130004882813,0.1376190185546875,44.0,91304.25,268.62701416015625,283.2294311523437,289.41522216796875,0.0046465843915939,0.0070704631507396,0.0133117213845252,4.787857055664063,10.196792602539062,11.787994384765623,-3.989700317382813,-4.337738037109375,-3.223480224609375
2017-07-13,6,1,298.037353515625,291.8060302734375,5.172637939453125,-0.9469451904296876,52.25,91374.671875,268.10089111328125,282.7191162109375,290.8252258300781,0.0046117696911096,0.0087865963578224,0.0134319104254245,6.190963745117188,11.5076904296875,9.362564086914062,-2.74945068359375,-4.11962890625,-2.046295166015625
2017-07-13,12,2,297.1498107910156,293.908447265625,3.54888916015625,0.920257568359375,183.5,91202.53125,268.5794677734375,282.77520751953125,292.3539123535156,0.0049805976450443,0.0082857701927423,0.0133633203804492,5.5950927734375,11.789947509765623,10.5345458984375,-2.2462921142578125,-4.068618774414063,0.9018096923828124
2017-07-13,18,3,294.17596435546875,292.82958984375,3.9642486572265625,1.0107269287109375,61.25,91430.765625,267.84619140625,282.7831420898437,289.94171142578125,0.004870937205851,0.0085723996162414,0.0140721909701824,2.597747802734375,12.073593139648438,13.568740844726562,-2.02410888671875,-3.608795166015625,-2.0968475341796875
2017-07-14,0,0,294.63262939453125,292.4573059082031,4.42547607421875,0.83184814453125,17.0,91265.953125,268.1907043457031,283.02813720703125,289.6137084960937,0.0044029429554939,0.0087347468361258,0.0131258144974708,5.0518951416015625,11.56292724609375,14.420211791992188,-0.01715087890625,-2.59381103515625,-1.0716552734375
2017-07-14,6,1,297.20855712890625,292.2239685058594,7.287033081054687,0.2097930908203125,7.75,91379.1875,268.3863525390625,282.7783203125,290.694580078125,0.0045378468930721,0.0089650265872478,0.013331901282072,5.613296508789063,14.217605590820312,13.649765014648438,-0.9749603271484376,-2.3631744384765625,-1.412689208984375
2017-07-14,12,2,297.8033142089844,293.2313842773437,5.59039306640625,0.5369415283203125,130.0,91247.953125,268.77935791015625,283.01678466796875,291.46502685546875,0.0048604719340801,0.0084236152470111,0.0137708410620689,9.671920776367188,14.4056396484375,12.6070556640625,-2.1856689453125,-2.7197418212890625,-0.4146881103515625
2017-07-14,18,3,294.8125305175781,292.8199768066406,3.765090942382813,1.0719757080078125,10.25,91469.640625,268.39678955078125,283.0672607421875,289.7313842773437,0.0047877505421638,0.0084373112767934,0.0136814229190349,12.58148193359375,13.416717529296877,14.146987915039062,-0.782470703125,-4.8058624267578125,-0.997467041015625
2017-07-15,0,0,294.9754638671875,293.14874267578125,4.5074615478515625,0.725250244140625,48.0,91311.109375,268.68365478515625,283.63623046875,289.8836669921875,0.0045825205743312,0.0087852589786052,0.0138870887458324,13.2672119140625,12.63201904296875,15.149734497070312,1.6552276611328125,-3.211334228515625,-0.667633056640625
2017-07-15,6,1,298.743408203125,292.42449951171875,7.1094970703125,-0.8917694091796875,2.75,91338.0,268.51171875,282.9324951171875,291.06793212890625,0.0044324472546577,0.0102387033402919,0.0137135349214077,13.355728149414062,13.088088989257812,12.30181884765625,-0.0792083740234375,-2.1818389892578125,-1.6688385009765625
2017-07-15,12,2,297.07550048828125,294.1671142578125,4.3460693359375,-0.008331298828125,422.0,91233.265625,268.8701171875,283.22760009765625,291.3034362792969,0.0047255717217922,0.0093309730291366,0.0138301942497491,11.830856323242188,15.233139038085938,13.827438354492188,-2.7249755859375,-3.465087890625,-2.1394805908203125
2017-07-15,18,3,294.45465087890625,292.561767578125,4.6826171875,-0.431640625,0.0,91450.859375,268.17694091796875,283.7320556640625,289.80938720703125,0.0038780225440859,0.0079703405499458,0.0125918500125408,12.003204345703123,14.052825927734377,15.435256958007812,-3.4836883544921875,-2.883041381835937,-3.7839508056640634
2017-07-16,0,0,294.302734375,291.869384765625,4.3166046142578125,-0.1840972900390625,0.0,91253.03125,267.834228515625,285.0854797363281,289.12030029296875,0.0037746638990938,0.0054466314613819,0.0125173851847648,10.508041381835938,15.943923950195312,14.850082397460938,-1.7220916748046875,-2.837921142578125,-3.66082763671875
2017-07-16,6,1,298.0567626953125,292.09796142578125,6.672515869140625,-0.332672119140625,12.25,91308.78125,267.32794189453125,283.5377197265625,291.57244873046875,0.0033627247903496,0.0070921517908573,0.0132908932864665,9.758255004882812,16.8045654296875,12.323760986328123,-2.8751983642578125,-4.544601440429688,-0.9323272705078124
2017-07-16,12,2,298.802490234375,292.8620300292969,4.483734130859375,0.5811614990234375,110.75,91121.125,267.8700561523437,283.06109619140625,292.79071044921875,0.0031979610212147,0.0085326954722404,0.0128618702292442,9.396286010742188,15.334732055664062,13.397979736328123,-5.061782836914063,-6.306640625,-0.8575439453125
2017-07-16,18,3,295.45709228515625,291.9990234375,4.7620849609375,0.1122589111328125,0.0,91320.859375,268.2830810546875,283.55377197265625,289.76715087890625,0.0024734837934374,0.0071991682052612,0.0135771445930004,11.475250244140623,16.734039306640625,14.530136108398438,-3.5191802978515625,-5.7332916259765625,-2.151962280273437
2017-07-17,0,0,295.2513427734375,292.4087219238281,5.3094482421875,-0.289398193359375,5.0,91117.125,267.2469482421875,284.8182983398437,289.5463256835937,0.0030157279688864,0.0066681131720542,0.013777382671833,12.936325073242188,19.96376037597656,16.169937133789062,-1.67218017578125,-4.8694915771484375,-2.3750762939453125
2017-07-17,6,1,299.2340087890625,292.6010131835937,7.6483154296875,-0.3623046875,59.5,91224.828125,267.4423828125,283.96905517578125,291.7573547363281,0.0033743574749678,0.0076982676982879,0.0137844942510128,13.0980224609375,20.4786376953125,14.181930541992188,-3.693450927734375,-2.7149200439453125,-1.0551605224609375
2017-07-17,12,2,300.29803466796875,292.775634765625,5.67364501953125,0.399658203125,0.5,90962.546875,268.83642578125,283.5743408203125,293.35223388671875,0.0021364968270063,0.0076085552573204,0.0133540146052837,15.894088745117188,16.85919189453125,13.141036987304688,-5.835693359375,-3.04034423828125,-0.1016387939453125
2017-07-17,18,3,295.84588623046875,293.05035400390625,4.9940338134765625,0.1081085205078125,17.25,91249.484375,268.5771484375,284.3070983886719,289.951416015625,0.0033779682125896,0.0069362483918666,0.0141538120806217,13.736358642578123,17.062911987304688,14.7430419921875,-3.753005981445313,-2.760772705078125,-2.2969207763671875
2017-07-18,0,0,295.19097900390625,292.8182373046875,4.444259643554688,0.95703125,12.5,91031.171875,268.7154235839844,283.0609130859375,290.48516845703125,0.0029331024270504,0.009592667222023,0.0142251476645469,17.4129638671875,20.0621337890625,15.118972778320312,-0.0945281982421875,-2.53936767578125,0.210540771484375
2017-07-18,6,1,298.5919494628906,293.4151611328125,8.569854736328125,0.15728759765625,46.25,91194.59375,268.63592529296875,282.5717163085937,291.39764404296875,0.0026619704440236,0.0093982107937335,0.0138880833983421,17.071548461914062,18.247390747070312,15.4202880859375,2.05511474609375,-1.4887237548828125,0.0765838623046875
2017-07-18,12,2,296.9828186035156,294.06689453125,4.93487548828125,0.93023681640625,7.0,91043.546875,269.0047607421875,283.14776611328125,291.20263671875,0.0043311500921845,0.0091438665986061,0.0135477632284164,15.864242553710938,16.973983764648438,15.880203247070312,2.1040191650390625,-2.08453369140625,1.65911865234375
2017-07-18,18,3,295.1715393066406,293.0423889160156,5.540802001953125,0.9986419677734376,5.75,91228.09375,269.2743530273437,284.7963256835937,290.14862060546875,0.0045727491378784,0.0069279931485652,0.0140822641551494,13.363235473632812,18.555206298828125,17.905288696289062,0.2839813232421875,0.616607666015625,1.500579833984375
2017-07-19,0,0,295.9309997558594,292.6670227050781,5.0205078125,1.7841033935546875,10.75,91029.578125,269.8121337890625,284.3779602050781,290.7149353027344,0.0039108656346797,0.0086850449442863,0.0144614651799201,10.7470703125,19.792404174804688,16.609207153320312,0.447357177734375,1.06787109375,2.636505126953125
2017-07-19,6,1,297.9229736328125,292.39678955078125,8.850540161132812,1.0839691162109375,18.75,91171.046875,269.50115966796875,283.5717468261719,291.7370910644531,0.0036418631207197,0.0095385424792766,0.0145691595971584,11.304580688476562,19.41499328613281,17.1318359375,-0.0856475830078125,-0.017578125,1.70489501953125
2017-07-19,12,2,297.0145874023437,292.5423583984375,6.4238128662109375,1.1485443115234375,1.25,90939.15625,270.67950439453125,283.7922058105469,291.6625061035156,0.0037730559706687,0.0097844265401363,0.0141461007297039,11.988204956054688,20.12615966796875,17.547927856445312,0.421234130859375,0.2229766845703125,1.5642852783203125
2017-07-19,18,3,295.10308837890625,292.43505859375,5.60675048828125,1.8104400634765625,11.75,91222.703125,271.2879638671875,284.0985717773437,290.3339233398437,0.0029070656746625,0.0086564607918262,0.0135473031550645,12.701568603515623,21.19857788085937,16.7406005859375,-2.0137176513671875,0.315277099609375,2.384490966796875
2017-07-20,0,0,295.55096435546875,292.8139038085937,4.3316650390625,2.575546264648437,1.25,91056.203125,270.1343994140625,283.4881591796875,290.37451171875,0.0033809435553848,0.0098196156322956,0.0142364166676998,8.891159057617188,20.035873413085938,15.729736328125,2.4029541015625,1.92938232421875,5.9304962158203125
2017-07-20,6,1,299.4520874023437,293.3845520019531,8.3909912109375,0.808349609375,1.75,91156.5,270.09210205078125,283.774658203125,292.3168029785156,0.0037925690412521,0.0098272562026977,0.013990830630064,6.886276245117188,18.810943603515625,14.582168579101562,2.438201904296875,1.9372100830078125,1.3053436279296875
2017-07-20,12,2,299.62701416015625,291.29205322265625,5.566452026367188,1.023040771484375,0.0,91007.59375,270.69207763671875,283.87481689453125,293.22271728515625,0.0036621808540076,0.0093681178987026,0.013002598658204,5.8925323486328125,16.629669189453125,12.802627563476562,2.396820068359375,1.5382843017578125,0.9800872802734376
2017-07-20,18,3,295.2492980957031,288.0358581542969,5.121353149414063,1.0571441650390625,0.0,91337.75,270.0384216308594,284.331787109375,290.7108459472656,0.0035384092479944,0.008358396589756,0.0101312063634395,2.4704742431640625,17.18487548828125,17.46405029296875,2.9823150634765625,1.6536865234375,1.1273956298828125
2017-07-21,0,0,295.3081970214844,291.7535400390625,5.187286376953125,1.84619140625,0.0,91149.09375,270.44970703125,285.38092041015625,289.7090759277344,0.0029716861899942,0.0077759139239788,0.0126037374138832,2.642929077148437,16.286087036132812,17.399246215820312,1.9857177734375,1.1444091796875,2.405364990234375
2017-07-21,6,1,300.22271728515625,291.9317626953125,7.568466186523437,0.2639312744140625,10.0,91309.78125,270.2975769042969,285.0318603515625,293.2762451171875,0.0027783887926489,0.0079391933977603,0.0127711556851863,2.4973602294921875,17.179779052734375,14.881240844726562,3.76177978515625,-0.0593109130859375,0.180999755859375
2017-07-21,12,2,299.6746520996094,294.1285705566406,5.829803466796875,0.3411712646484375,37.25,91100.953125,270.8214416503906,283.6405029296875,293.078125,0.0027447971515357,0.0097662359476089,0.0141889303922653,3.278915405273437,13.08038330078125,13.038955688476562,3.1578521728515625,-0.3592681884765625,-0.08551025390625
2017-07-21,18,3,294.898193359375,291.9955444335937,4.80816650390625,1.1010894775390625,0.0,91435.1875,269.2030029296875,284.241943359375,290.4166259765625,0.0034016051795333,0.0094713009893894,0.0134376138448715,4.0499267578125,14.001602172851562,15.130355834960938,4.3892669677734375,-0.02728271484375,0.415802001953125
2017-07-22,0,0,295.7132263183594,292.75909423828125,3.8338775634765625,0.9817962646484376,1.0,91228.703125,268.73736572265625,285.4993896484375,289.6766052246094,0.0034896889701485,0.0087357908487319,0.0137215293943881,3.8502349853515625,13.598770141601562,13.5584716796875,6.62274169921875,0.932281494140625,-0.5335693359375
2017-07-22,6,1,299.2855834960937,293.1259765625,6.338287353515625,0.076202392578125,26.75,91378.40625,269.5511474609375,284.92041015625,292.1094665527344,0.0022719197440892,0.0084142424166202,0.0140533745288848,5.5498046875,14.596298217773438,11.74627685546875,5.0300140380859375,-0.845977783203125,-0.037017822265625
2017-07-22,12,2,301.4640197753906,294.061279296875,4.58209228515625,-0.1619720458984375,159.75,91114.375,270.18438720703125,283.9887084960937,294.462158203125,0.0019345579203218,0.0099979899823665,0.0140209011733531,7.9849853515625,9.076919555664062,10.149139404296877,2.770843505859375,-2.07611083984375,-1.3480682373046875
2017-07-22,18,3,295.7955627441406,292.5146484375,3.887771606445313,0.5706634521484375,14.0,91470.515625,269.74090576171875,284.147216796875,291.2976379394531,0.0023327143862843,0.0081340447068214,0.0134280994534492,7.11944580078125,6.906982421875,10.699966430664062,2.1691131591796875,-0.4361572265625,-1.6485137939453125
2017-07-23,0,0,294.9620361328125,292.61773681640625,3.500396728515625,1.104339599609375,0.0,91281.375,270.6005249023437,284.6719055175781,290.66558837890625,0.0019430629909038,0.0074740163981914,0.0121361501514911,6.296539306640625,4.501495361328125,13.60955810546875,2.572052001953125,0.9244842529296876,-0.7900390625
2017-07-23,6,1,299.34307861328125,292.1353759765625,5.8404388427734375,0.79534912109375,9.0,91410.703125,270.481201171875,284.07745361328125,292.5326538085937,0.0023501247633248,0.0083461478352546,0.012910047546029,6.344482421875,6.177337646484375,12.010467529296877,0.07965087890625,0.454803466796875,0.6142730712890625
2017-07-23,12,2,301.1690979003906,293.860595703125,4.057052612304688,0.8126983642578125,127.0,91108.671875,270.8943786621094,283.8145751953125,294.13995361328125,0.0025385960470885,0.0096000432968139,0.0139044821262359,4.9928131103515625,8.56787109375,10.364974975585938,0.891998291015625,-2.277130126953125,0.54290771484375
2017-07-23,18,3,296.1900634765625,292.92724609375,4.0954437255859375,0.426849365234375,0.0,91462.5625,270.936279296875,284.2200622558594,290.691162109375,0.0022719148546457,0.0083111561834812,0.0135429501533508,4.318115234375,7.7661590576171875,12.15643310546875,1.11456298828125,-0.61614990234375,-1.6374053955078125
2017-07-24,0,0,295.8882751464844,292.9647216796875,4.57049560546875,0.5164947509765625,1.75,91279.296875,270.2099609375,285.2050476074219,289.3032531738281,0.0021749914158135,0.0082278959453105,0.0127297192811965,3.7131195068359375,8.115142822265625,14.624755859375,2.406097412109375,0.247406005859375,-1.4771575927734375
2017-07-24,6,1,299.7109069824219,292.00018310546875,6.349700927734375,-0.0386505126953125,3.5,91364.625,270.3274841308594,285.0762939453125,292.887939453125,0.0019345071632415,0.0076481495052576,0.0125950016081333,4.8809967041015625,8.796356201171875,12.758209228515623,2.660003662109375,-1.2601776123046875,-0.838134765625
2017-07-24,12,2,301.191162109375,293.12353515625,4.7121429443359375,-0.6318817138671875,8.5,91155.453125,269.6416931152344,283.64825439453125,294.0936889648437,0.002050707116723,0.0102252066135406,0.0133445709943771,7.421707153320312,10.13092041015625,10.284149169921877,1.7886505126953125,-1.86083984375,-2.1952667236328125
2017-07-24,18,3,296.3937683105469,292.95587158203125,4.13250732421875,-0.7193756103515625,0.0,91415.9375,269.42169189453125,283.9259033203125,290.85418701171875,0.00190499285236,0.0087005421519279,0.0137379560619592,6.9350128173828125,10.7027587890625,12.622695922851562,2.748138427734375,-4.239425659179688,-5.286834716796875
2017-07-25,0,0,295.99810791015625,292.74530029296875,3.701736450195313,-0.0956268310546875,3.0,91251.65625,268.6005859375,284.6619873046875,289.52020263671875,0.0020369796548038,0.0090657323598861,0.0136661455035209,7.5213623046875,10.13885498046875,12.950576782226562,0.5183868408203125,-3.4555206298828125,-3.779083251953125
2017-07-25,6,1,300.0162353515625,292.3377990722656,5.8389434814453125,-0.7452392578125,3.0,91305.609375,269.2016906738281,285.0307006835937,292.9843139648437,0.0019709200132638,0.0081526599824428,0.0131830424070358,6.9049224853515625,9.692184448242188,11.852767944335938,-1.1623382568359375,-4.395050048828125,-2.609466552734375
2017-07-25,12,2,301.3935546875,293.73016357421875,4.3814239501953125,-1.1719207763671875,83.25,91049.90625,269.2280578613281,283.9000549316406,294.7962341308594,0.0023712802212685,0.0094697698950767,0.0134307779371738,6.9715576171875,10.83489990234375,11.394180297851562,-1.40411376953125,-4.0572357177734375,-4.116500854492188
2017-07-25,18,3,296.6762084960937,292.59210205078125,3.774078369140625,-0.335968017578125,0.0,91324.453125,269.7610778808594,284.3583374023437,291.09381103515625,0.0019596349447965,0.0085273049771785,0.0136325806379318,6.3407135009765625,8.794830322265625,11.502761840820312,-1.4766387939453125,-4.16094970703125,-4.049850463867188
2017-07-26,0,0,295.43963623046875,292.762451171875,3.3677215576171875,0.70928955078125,0.5,91218.78125,268.88836669921875,284.6735534667969,290.00396728515625,0.0025942542124539,0.00772051140666,0.0132427439093589,6.332122802734375,6.407135009765625,12.37847900390625,-2.54193115234375,-2.0092315673828125,-2.2855682373046875
2017-07-26,6,1,300.36834716796875,292.401123046875,6.0260772705078125,-0.1599273681640625,7.75,91305.4375,269.61199951171875,284.83575439453125,293.1483764648437,0.0022154259495437,0.0072803255170583,0.0128020532429218,6.6038360595703125,7.908126831054687,11.116378784179688,-2.159164428710937,-3.791046142578125,-0.8875885009765625
2017-07-26,12,2,300.9881591796875,294.5518798828125,4.690277099609375,0.0142669677734375,249.75,91098.734375,269.3882141113281,284.06231689453125,293.7911682128906,0.0028643920086324,0.008807934820652,0.0136403553187847,5.6432647705078125,8.414382934570312,11.108734130859377,-0.6737213134765625,-2.790390014648437,-1.6842803955078125
2017-07-26,18,3,296.3250732421875,292.80224609375,3.669723510742188,0.0127716064453125,0.0,91403.109375,267.97509765625,283.87091064453125,290.72930908203125,0.003245978616178,0.0083646215498447,0.0133916363120079,6.618942260742188,7.855804443359375,10.736282348632812,-0.42529296875,-2.862457275390625,-3.4183807373046875
2017-07-27,0,0,296.39508056640625,292.89862060546875,3.732223510742188,0.03485107421875,4.25,91257.0,267.39605712890625,284.72711181640625,289.7393493652344,0.003449902171269,0.0068727694451808,0.0128291435539722,9.455551147460938,6.4854888916015625,12.091079711914062,1.349456787109375,-1.926361083984375,-3.0328369140625
2017-07-27,6,1,300.3314208984375,291.5364990234375,5.9732513427734375,-0.4628448486328125,2.5,91349.265625,268.6217041015625,284.922119140625,292.8545837402344,0.0024689147248864,0.0057474561035633,0.012280011549592,9.115081787109377,6.550216674804688,11.03533935546875,-0.552093505859375,-4.0394287109375,-1.43121337890625
2017-07-27,12,2,300.8983459472656,293.92022705078125,4.831695556640625,-0.3917999267578125,84.0,91124.390625,269.0533752441406,283.4862670898437,293.6992492675781,0.0027424308937042,0.0102142244577407,0.0136817991733551,8.767257690429688,7.39178466796875,11.257431030273438,-1.227935791015625,-2.481658935546875,-1.2477874755859375
2017-07-27,18,3,295.550537109375,293.3384094238281,3.5642242431640625,0.2323760986328125,71.0,91493.765625,268.2640380859375,283.7652282714844,290.25128173828125,0.0026463125832378,0.0087748989462852,0.0142317228019237,9.369873046875,6.74365234375,10.698013305664062,-4.215576171875,-2.4985809326171875,-2.332611083984375
2017-07-28,0,0,296.7500915527344,293.41705322265625,3.634521484375,1.4248199462890625,151.25,91377.4375,268.4887084960937,283.2964172363281,290.109130859375,0.0035721422173082,0.0097830146551132,0.0141492187976837,7.047088623046875,6.039566040039063,11.975967407226562,-5.282623291015625,1.0536956787109375,-0.17608642578125
2017-07-28,6,1,300.2792358398437,292.3552551269531,5.241012573242188,-0.6321868896484375,240.0,91454.171875,268.9270324707031,283.89239501953125,292.76385498046875,0.0031430448871105,0.0088636577129364,0.0142422728240489,5.2458038330078125,7.090362548828125,8.5562744140625,-1.992645263671875,0.27801513671875,-1.355621337890625
2017-07-28,12,2,301.9542236328125,294.3321533203125,3.121307373046875,-0.4349517822265625,280.0,91177.6875,268.41802978515625,284.16094970703125,294.7625732421875,0.0044334009289741,0.0083679445087909,0.0136351287364959,5.3533477783203125,5.9365997314453125,8.500930786132812,-2.26690673828125,-2.0235748291015625,-1.536529541015625
2017-07-28,18,3,296.43853759765625,292.4035949707031,3.59320068359375,0.1132049560546875,121.25,91567.171875,267.7837219238281,282.8756103515625,290.724853515625,0.0045410953462123,0.0082539580762386,0.0143342707306146,3.923095703125,6.312469482421875,9.874130249023438,-1.6587677001953125,-3.774215698242188,-2.8414764404296875
2017-07-29,0,0,296.4614562988281,293.19482421875,3.218597412109375,-0.6296234130859375,5.25,91462.46875,267.8597412109375,283.218994140625,289.876220703125,0.0043151415884494,0.0085908696055412,0.013650543987751,0.344696044921875,5.07476806640625,10.520858764648438,0.9837188720703124,-2.5694732666015625,-4.556076049804688
2017-07-29,6,1,299.99298095703125,292.39617919921875,4.2282562255859375,-1.4543304443359375,70.75,91553.171875,267.3756103515625,283.478759765625,292.5468139648437,0.0038792765699326,0.0082619292661547,0.0129634849727153,3.69842529296875,5.079925537109375,7.59710693359375,-1.05096435546875,-2.357696533203125,-3.30743408203125
2017-07-29,12,2,300.85369873046875,294.4017333984375,3.8398284912109375,-0.579071044921875,83.25,91248.34375,268.87994384765625,283.797607421875,294.8465576171875,0.0033019792754203,0.0083139017224311,0.0134814418852329,1.7377777099609375,3.5280303955078125,5.9234161376953125,-2.9716796875,-4.290863037109375,-1.86126708984375
2017-07-29,18,3,295.8348388671875,293.42022705078125,2.95135498046875,-0.6219482421875,31.0,91528.53125,268.6439208984375,283.77215576171875,291.700927734375,0.0033245710656046,0.008617665618658,0.0137817896902561,-0.045196533203125,1.712646484375,8.563629150390625,-2.54522705078125,-3.1127166748046875,-4.560470581054688
2017-07-30,0,0,295.310302734375,293.4932861328125,2.704086303710937,-0.5986785888671875,17.5,91402.71875,269.1461486816406,282.65216064453125,291.503173828125,0.0032351114787161,0.0100953951478004,0.0129393823444843,-0.2979583740234375,1.601470947265625,8.41656494140625,-1.80389404296875,-0.7283477783203125,-6.0005645751953125
2017-07-30,6,1,300.0867919921875,292.84423828125,3.6043548583984375,-1.7735443115234375,19.0,91470.84375,268.9999389648437,283.2734680175781,292.3578491210937,0.003271389985457,0.0093066543340682,0.013351485133171,0.505096435546875,3.7413330078125,5.5933380126953125,-2.082275390625,-0.6842193603515625,-2.945526123046875
2017-07-30,12,2,300.6771240234375,295.50274658203125,3.381805419921875,-1.357666015625,431.25,91185.453125,268.7379150390625,283.65289306640625,293.7153015136719,0.0041452045552432,0.009046871215105,0.013977263122797,0.493377685546875,4.61431884765625,6.890533447265625,-3.354736328125,-3.951507568359375,-3.623138427734375
2017-07-30,18,3,296.3324279785156,294.2501220703125,2.253631591796875,-0.1316070556640625,194.25,91474.90625,268.6187744140625,282.9963073730469,291.7968139648437,0.0037910786923021,0.009014006704092,0.014253381639719,-1.556121826171875,1.949554443359375,7.561447143554687,-2.905303955078125,-3.965011596679688,-4.907760620117188
2017-07-31,0,0,295.8604431152344,293.2421264648437,2.859710693359375,-1.201171875,19.25,91396.0,268.727294921875,283.19122314453125,291.1552734375,0.0045495927333831,0.0091304294764995,0.0130460672080516,-2.220077514648437,4.1007843017578125,8.8748779296875,-1.3565521240234375,-1.606658935546875,-6.69073486328125
2017-07-31,6,1,299.1503295898437,292.40802001953125,2.774017333984375,-2.0262908935546875,37.75,91463.4375,269.1800537109375,283.36785888671875,292.045166015625,0.0042987391352653,0.008912269026041,0.0137798562645912,-1.77130126953125,4.8489837646484375,4.231002807617188,0.5566558837890625,-2.276763916015625,-3.3622283935546875
2017-07-31,12,2,301.669677734375,294.6176147460937,2.571746826171875,-1.7552337646484375,169.0,91157.71875,269.45947265625,284.01885986328125,295.4211730957031,0.0038602733984589,0.0091591663658618,0.0138897746801376,1.0998687744140625,3.742034912109375,4.098876953125,1.4879302978515625,-4.5680999755859375,-4.2950286865234375
2017-07-31,18,3,295.9201965332031,294.93389892578125,2.3145294189453125,0.222686767578125,134.25,91520.609375,269.0601501464844,283.4457397460937,291.2764892578125,0.0043422728776931,0.0091329291462898,0.014810275286436,0.573455810546875,2.760528564453125,8.27191162109375,0.0153656005859375,-4.09771728515625,-3.8300628662109375
2017-08-01,0,0,295.8845520019531,293.6680908203125,2.948837280273437,-0.81982421875,18.0,91401.171875,268.4922180175781,283.39373779296875,291.3407592773437,0.0045584887266159,0.0086308307945728,0.0128471218049526,1.9058990478515625,2.091400146484375,7.656814575195312,2.20074462890625,-2.06939697265625,-5.159103393554688
2017-08-01,6,1,300.69683837890625,292.54522705078125,3.6731109619140634,-1.1732330322265625,0.0,91481.109375,269.44049072265625,284.18524169921875,292.9776916503906,0.0040698312222957,0.0079718679189682,0.0131972432136535,1.8093719482421875,3.4058837890625,5.64715576171875,0.75762939453125,-0.149993896484375,-1.9539031982421875
2017-08-01,12,2,303.3510131835937,293.19744873046875,2.57965087890625,-0.9942169189453124,16.75,91183.015625,269.5538024902344,284.390380859375,296.36102294921875,0.0036664167419075,0.00752554833889,0.0126576647162437,2.802825927734375,3.94512939453125,4.7440032958984375,0.9019927978515624,-1.3631439208984375,-2.53814697265625
2017-08-01,18,3,296.7479248046875,292.7858581542969,3.436264038085937,-0.7003021240234375,15.75,91540.46875,269.647216796875,283.913330078125,292.55523681640625,0.0033402564004063,0.0072756893932819,0.0139999985694885,1.674652099609375,3.40716552734375,9.182449340820312,0.45306396484375,-2.233734130859375,-4.908370971679688
2017-08-02,0,0,295.0960998535156,293.56451416015625,2.86224365234375,-0.5601043701171875,3.75,91457.984375,269.07257080078125,283.3809814453125,292.1447448730469,0.0046103075146675,0.0078184679150581,0.0116920359432697,2.1484375,3.1053619384765625,8.5068359375,-1.263824462890625,-1.0065460205078125,-5.349334716796875
2017-08-02,6,1,299.766845703125,292.4671325683594,4.116668701171875,-0.732513427734375,0.0,91507.234375,269.7811584472656,283.5621337890625,292.9833984375,0.0037589538842439,0.0069634020328521,0.0128554143011569,3.544662475585937,5.400665283203125,6.213043212890625,-2.1474609375,-0.193450927734375,-1.32391357421875
2017-08-02,12,2,302.03515625,293.1976318359375,3.5423583984375,-0.6067962646484375,60.0,91224.828125,269.9100952148437,283.8432006835937,294.7680053710937,0.0031190025620162,0.0088552758097648,0.0133121833205223,4.2716064453125,6.5401763916015625,7.13458251953125,-2.583221435546875,-0.79168701171875,-1.760833740234375
2017-08-02,18,3,297.24859619140625,293.193603515625,3.783111572265625,0.073089599609375,0.0,91601.796875,269.49493408203125,283.1304016113281,290.6686706542969,0.0033064393792301,0.0086371637880802,0.0137408003211021,5.0018463134765625,5.6544952392578125,10.442581176757812,-1.1516876220703125,-4.079269409179688,-3.1175994873046875
2017-08-03,0,0,294.87615966796875,292.777099609375,3.631805419921875,0.3475799560546875,0.25,91330.140625,269.7694702148437,284.55401611328125,289.5826110839844,0.0035613037180155,0.0049579553306102,0.0130362138152122,6.0031280517578125,7.1624603271484375,13.121429443359377,-1.476226806640625,-1.4173126220703125,-1.77392578125
2017-08-03,6,1,299.3526611328125,292.3618469238281,5.4252777099609375,-0.1278076171875,0.0,91457.015625,269.2763977050781,283.7051696777344,292.06982421875,0.0035989575553685,0.0076848827302455,0.0134841091930866,5.256256103515625,8.923934936523438,9.689727783203123,-1.5449371337890625,-2.1040191650390625,-0.8121337890625
2017-08-03,12,2,299.1441650390625,294.6817626953125,4.173248291015625,0.3162689208984375,97.5,91183.484375,269.32208251953125,283.87188720703125,293.0309143066406,0.0042152516543865,0.0096597038209438,0.0141358897089958,6.30059814453125,8.880233764648438,9.803207397460938,-1.941802978515625,-2.572235107421875,-0.2266387939453125
2017-08-03,18,3,295.3150634765625,292.8667297363281,4.455368041992188,-0.243621826171875,0.25,91357.796875,269.1227722167969,283.4525756835937,290.31298828125,0.0038052112795412,0.0092105250805616,0.0143256820738315,4.798629760742188,11.814971923828123,13.4853515625,-1.80804443359375,-4.233856201171875,-3.093002319335937
2017-08-04,0,0,295.9150390625,293.5420227050781,3.52288818359375,0.4556884765625,4.75,91178.484375,269.21795654296875,283.4901733398437,290.58367919921875,0.0042124539613723,0.0099451318383216,0.0144520550966262,5.1123046875,13.510955810546877,12.160858154296877,-1.3090972900390625,-3.3376617431640625,-1.7965850830078125
2017-08-04,6,1,298.1671142578125,292.90057373046875,3.5604400634765625,-0.43975830078125,302.0,91296.96875,269.298583984375,283.3993835449219,291.26104736328125,0.0043974183499813,0.0094468146562576,0.0149124786257743,6.823776245117188,13.621505737304688,11.353302001953123,-0.7041778564453125,-3.300765991210937,-3.9825286865234375
2017-08-04,12,2,300.0191650390625,293.6956787109375,5.225830078125,-0.8571624755859375,24.75,90938.5,269.746337890625,284.3851928710937,292.2911071777344,0.004660808481276,0.0090902484953403,0.0147799784317612,5.579269409179688,15.141357421875,12.152297973632812,-2.39013671875,-4.618865966796875,-3.169464111328125
2017-08-04,18,3,296.28564453125,293.05059814453125,4.4307861328125,-0.716339111328125,7.75,91174.640625,269.43853759765625,284.29315185546875,290.225341796875,0.0038593085482716,0.0091575756669044,0.0143424216657876,2.971054077148437,12.161407470703123,12.666702270507812,-2.337066650390625,-6.014694213867188,-4.2260284423828125
2017-08-05,0,0,296.0875244140625,293.53546142578125,3.4029541015625,0.1383209228515625,28.75,91010.0,269.0648803710937,283.3500366210937,290.4268798828125,0.0041983351111412,0.0100084841251373,0.014515321701765,3.8160552978515625,7.822052001953125,10.406753540039062,-4.186614990234375,-6.785202026367188,-2.982452392578125
2017-08-05,6,1,298.850341796875,293.01678466796875,4.473114013671875,-0.64886474609375,353.5,91145.046875,268.7924194335937,283.3133239746094,291.6064453125,0.0038402322679758,0.0089676715433597,0.0147523246705532,1.8906402587890625,9.873031616210938,9.413970947265623,-5.142486572265625,-5.119293212890625,-2.430084228515625
2017-08-05,12,2,300.0528564453125,293.92205810546875,4.350799560546875,-0.8839874267578125,71.5,90941.640625,269.6034545898437,283.6535339355469,294.1627197265625,0.0039108395576477,0.0084471330046653,0.0136766992509365,1.464111328125,9.0614013671875,11.329345703125,-3.8134613037109375,-6.5028076171875,-4.347930908203125
2017-08-05,18,3,295.99969482421875,292.38787841796875,3.7066650390625,-0.1819610595703125,0.0,91225.265625,269.0827331542969,283.54815673828125,290.620361328125,0.0040335338562726,0.0085968933999538,0.0142621640115976,1.4872894287109375,8.414505004882812,10.892379760742188,-2.300567626953125,-7.1199493408203125,-3.983474731445313
2017-08-06,0,0,296.4237060546875,293.5609741210937,2.956283569335937,-0.8249969482421875,8.0,91069.15625,268.3231811523437,283.6282958984375,290.3214111328125,0.0042875222861766,0.0092501118779182,0.0142808966338634,2.3383941650390625,7.17681884765625,10.733016967773438,-2.03802490234375,-4.15911865234375,-4.6103057861328125
2017-08-06,6,1,298.978271484375,293.51763916015625,4.259292602539063,-0.921112060546875,146.5,91176.140625,269.0773620605469,282.9356689453125,292.3612365722656,0.0038726648781448,0.0096362009644508,0.0146742984652519,2.5575714111328125,7.567977905273437,7.475799560546875,-1.3607025146484375,-4.7318115234375,-2.21441650390625
2017-08-06,12,2,300.2205810546875,294.9515380859375,4.006637573242188,-0.556610107421875,325.75,90890.796875,269.3708190917969,283.76861572265625,293.64727783203125,0.0043096803128719,0.0095503628253936,0.0144272185862064,1.595977783203125,5.6780548095703125,9.693618774414062,-1.680633544921875,-5.3420257568359375,-1.7834625244140625
2017-08-06,18,3,296.4288635253906,293.6734619140625,3.443206787109375,-0.4083404541015625,5.5,91208.953125,269.4926147460937,284.0521240234375,291.1540832519531,0.0038362140767276,0.0087520703673362,0.0147574469447135,1.1423492431640625,3.9111175537109375,9.388595581054688,-0.146942138671875,-3.970306396484375,-4.1211700439453125
2017-08-07,0,0,296.09100341796875,293.3899230957031,2.932464599609375,-0.1618804931640625,2.75,91082.1875,269.5590515136719,283.6361083984375,290.4242858886719,0.0042363442480564,0.0087715983390808,0.0133117102086544,-0.083984375,2.6012725830078125,8.954147338867188,0.400115966796875,-0.7203521728515625,-3.8010406494140634
2017-08-07,6,1,300.22869873046875,293.0921325683594,3.633499145507813,-1.1431121826171875,22.5,91252.859375,268.5136108398437,283.2386474609375,292.37481689453125,0.0043912604451179,0.0091615840792655,0.0136369429528713,0.060455322265625,4.751983642578125,5.663665771484375,0.8191986083984375,-0.61724853515625,-1.917205810546875
2017-08-07,12,2,301.0762939453125,293.896240234375,3.780807495117188,0.454345703125,37.25,91010.859375,269.294921875,283.852294921875,293.8265380859375,0.0042579732835292,0.0094782188534736,0.0139419287443161,1.340179443359375,3.4481658935546875,7.229156494140625,-0.9052734375,-1.3983154296875,-0.079833984375
2017-08-07,18,3,296.27459716796875,294.06549072265625,2.8931884765625,0.1287384033203125,115.5,91382.265625,268.8486328125,283.2260131835937,291.50054931640625,0.0043192487210035,0.0097597800195217,0.0144435800611972,-1.5683746337890625,4.218276977539063,8.114898681640625,0.412872314453125,-1.0849761962890625,-3.6557464599609375
2017-08-08,0,0,296.7370300292969,292.7924194335937,2.81927490234375,-0.03192138671875,0.75,91256.90625,268.93731689453125,282.8742370605469,290.4100952148437,0.0045258030295372,0.0091983061283826,0.0133543834090232,-1.976806640625,5.64117431640625,9.022811889648438,1.3396759033203125,-1.641845703125,-3.897308349609375
2017-08-08,6,1,300.339599609375,293.0360717773437,3.90069580078125,-1.329498291015625,0.0,91334.8125,269.3417358398437,283.61181640625,292.42041015625,0.0041163824498653,0.0087844096124172,0.0135473124682903,-0.4217987060546875,5.25628662109375,6.003326416015625,2.700592041015625,-2.415740966796875,-2.1852569580078125
2017-08-08,12,2,301.234375,293.93804931640625,2.716293334960937,-0.816741943359375,26.0,91040.703125,269.34637451171875,283.8789367675781,294.7262268066406,0.003597047412768,0.0094994530081748,0.0132255628705024,1.7003936767578125,4.51336669921875,5.3268585205078125,2.380722045898437,-2.384140014648437,-3.138702392578125
2017-08-08,18,3,296.7175598144531,295.2835693359375,1.645538330078125,0.703460693359375,129.75,91397.046875,269.0294189453125,282.93756103515625,291.9784851074219,0.0042362362146377,0.0098274201154708,0.0144036002457141,2.110015869140625,1.3788299560546875,6.536529541015625,-0.644866943359375,-1.8459320068359373,-2.491302490234375
2017-08-09,0,0,295.736328125,293.89434814453125,2.354705810546875,0.1223907470703125,0.0,91226.375,269.6152038574219,283.0380859375,291.3851318359375,0.004012607038021,0.0097114220261573,0.0132299568504095,-0.0618438720703125,1.7233123779296875,7.074432373046875,-0.5160064697265625,1.461334228515625,-2.7528076171875
2017-08-09,6,1,298.20263671875,293.2611083984375,3.003326416015625,-1.37445068359375,2.5,91387.703125,269.21533203125,283.79119873046875,291.7025756835937,0.0041857175529003,0.0089335404336452,0.013809310272336,0.294921875,1.1230010986328125,4.9412384033203125,1.9167938232421875,2.5370635986328125,-2.410873413085937
2017-08-09,12,2,300.4725646972656,293.1448974609375,1.46710205078125,-1.110321044921875,99.25,91154.828125,269.3677978515625,283.44482421875,293.53778076171875,0.0041958950459957,0.0092661567032337,0.0140409208834171,2.197723388671875,4.244232177734375,3.036590576171875,2.1421356201171875,1.8579864501953125,-3.0959625244140625
2017-08-09,18,3,295.4996337890625,293.8277893066406,1.336029052734375,0.15948486328125,101.75,91427.578125,269.199462890625,283.0472717285156,291.18878173828125,0.0047178640961647,0.009869247674942,0.0139827467501163,1.355377197265625,3.244415283203125,5.9135589599609375,2.2892303466796875,-0.95672607421875,-2.353759765625
2017-08-10,0,0,295.2613525390625,293.27899169921875,2.146881103515625,-0.79248046875,14.75,91300.421875,268.34783935546875,282.9144287109375,290.741455078125,0.0049684345722198,0.0095767565071582,0.0129397697746753,2.19366455078125,2.161346435546875,7.5321044921875,8.087753295898438,0.1844024658203125,-4.92291259765625
2017-08-10,6,1,299.41094970703125,293.4291076660156,2.74359130859375,-1.4681396484375,25.0,91401.75,268.85626220703125,283.2232971191406,291.4727783203125,0.0045860223472118,0.0096700303256511,0.0139987207949161,0.425262451171875,2.6248931884765625,4.33026123046875,7.437652587890625,-0.0560455322265625,-2.4198760986328125
2017-08-10,12,2,299.9652709960937,294.5140991210937,2.2001495361328125,0.499603271484375,69.0,91119.65625,269.79302978515625,283.6412353515625,293.23614501953125,0.0039817877113819,0.0093579441308975,0.0137316398322582,2.6539459228515625,3.4067840576171875,5.086959838867188,5.74993896484375,0.5701904296875,0.49639892578125
2017-08-10,18,3,296.3013610839844,294.1357421875,2.002655029296875,0.103363037109375,95.75,91444.6875,269.6876525878906,282.7769470214844,291.8849182128906,0.0042628087103366,0.0090607590973377,0.0143095888197422,0.6782073974609375,2.5714569091796875,5.3090362548828125,2.77880859375,-2.01568603515625,-1.54296875
2017-08-11,0,0,296.04718017578125,293.9143981933594,1.3776702880859375,-0.383331298828125,82.0,91341.859375,268.5854797363281,283.1228942871094,291.556396484375,0.00443462934345,0.0096281804144382,0.0142189413309097,1.4427947998046875,0.380828857421875,4.314865112304688,3.5905303955078125,0.981475830078125,-2.605010986328125
2017-08-11,6,1,299.5882568359375,293.664306640625,1.9362030029296875,-0.4061279296875,859.5,91444.859375,269.5941772460937,283.136474609375,291.831298828125,0.0035595172084867,0.0098058218136429,0.0151349641382694,-1.001617431640625,1.6642608642578125,3.188079833984375,4.8209075927734375,3.9013519287109375,-0.759185791015625
2017-08-11,12,2,298.5323486328125,295.17840576171875,2.9918975830078125,1.1829376220703125,187.5,91219.390625,268.7481689453125,283.208251953125,292.0738525390625,0.0050851739943027,0.0092265307903289,0.0140365362167358,-1.2746429443359375,5.471206665039063,7.5319671630859375,3.6117095947265625,6.6138916015625,3.6500396728515625
2017-08-11,18,3,294.86688232421875,293.96148681640625,2.8587646484375,-0.4479522705078125,4.5,91550.46875,268.2401428222656,283.9707946777344,290.47265625,0.0041396170854568,0.008596446365118,0.0137343667447566,-1.8413848876953125,3.155380249023437,9.02264404296875,4.9982757568359375,2.446395874023437,-5.041259765625
2017-08-12,0,0,295.2045288085937,293.14080810546875,3.045013427734375,-0.0833892822265625,12.75,91452.484375,268.2327575683594,282.8270568847656,290.05010986328125,0.0041068270802497,0.0098120383918285,0.0133361481130123,-1.7025299072265625,6.03662109375,9.648468017578123,4.855026245117188,1.30218505859375,-4.714080810546875
2017-08-12,6,1,298.5680236816406,292.6312866210937,4.33074951171875,-1.13043212890625,60.5,91550.578125,267.8619689941406,283.89404296875,290.806884765625,0.0035615528468042,0.0100046172738075,0.0140626057982444,-0.4003753662109375,6.308883666992188,6.1253204345703125,4.2579498291015625,-0.96844482421875,-2.3972625732421875
2017-08-12,12,2,299.1439819335937,294.2633361816406,2.5618896484375,-0.96832275390625,492.75,91258.125,268.7965087890625,283.6459350585937,293.03497314453125,0.0034546146634966,0.0095485150814056,0.0137946717441082,-0.4477386474609375,6.9718780517578125,6.375,3.8838043212890634,-3.912628173828125,-3.7573394775390634
2017-08-12,18,3,296.0658569335937,294.147216796875,2.0005645751953125,-0.6147003173828125,126.75,91556.40625,267.6932373046875,283.04547119140625,291.2586669921875,0.0037262956611812,0.0097105614840984,0.0139524489641189,3.40460205078125,1.7527923583984375,6.130157470703125,1.0036773681640625,-4.805206298828125,-4.9508819580078125
2017-08-13,0,0,294.54620361328125,292.99761962890625,1.818267822265625,0.03533935546875,92.25,91445.234375,267.1536865234375,282.7218933105469,291.1997985839844,0.0039102602750062,0.0093486309051513,0.0113401524722576,3.5089569091796875,2.45843505859375,7.7078857421875,-6.558441162109375,-2.464340209960937,-4.641281127929688
2017-08-13,6,1,297.29718017578125,291.82281494140625,3.268218994140625,-0.7424468994140625,1.0,91614.671875,267.48193359375,283.15093994140625,290.8490905761719,0.0040705101564526,0.0086901262402534,0.0129869952797889,0.5619659423828125,2.7181396484375,4.84075927734375,-7.0784912109375,-0.6178436279296875,-1.5170440673828125
2017-08-13,12,2,298.6243896484375,292.33837890625,2.640167236328125,-1.0140380859375,11.75,91376.453125,267.41162109375,283.8832092285156,292.30242919921875,0.0044696554541587,0.0089086182415485,0.0130489580333232,-7.341644287109375,2.14605712890625,5.0298614501953125,1.3698272705078125,0.8011474609375,-2.562240600585937
2017-08-13,18,3,294.9772033691406,293.2841491699219,1.8956451416015625,-1.3562469482421875,105.25,91670.25,268.00592041015625,282.6744384765625,291.1424560546875,0.0044002868235111,0.008777767419815,0.0128752700984478,-5.966766357421875,0.914398193359375,6.597457885742188,3.792282104492188,-0.5581817626953125,-6.1740264892578125
2017-08-14,0,0,296.0736694335937,293.1513061523437,1.3784027099609375,-0.2639312744140625,60.75,91545.5,267.18768310546875,282.1590576171875,292.2335510253906,0.0043248776346445,0.0090355388820171,0.0098397694528102,-2.2670440673828125,1.88555908203125,3.5961456298828125,3.619827270507813,0.18060302734375,-4.22998046875
2017-08-14,6,1,298.8299560546875,291.69677734375,2.4530181884765625,-1.3526611328125,0.0,91624.0,267.97833251953125,282.56768798828125,291.9091186523437,0.0038465638644993,0.0089506283402442,0.0120982434600591,-3.2953643798828125,1.7192535400390625,3.435302734375,1.95147705078125,-1.169677734375,-2.427490234375
2017-08-14,12,2,300.822998046875,291.2489624023437,1.1642913818359375,-0.8665618896484375,3.0,91302.34375,269.0930480957031,282.1401672363281,294.74072265625,0.00338392611593,0.0097456071525812,0.0112800188362598,-4.528839111328125,1.1212921142578125,3.081512451171875,0.1264495849609375,-0.9711761474609376,-3.33770751953125
2017-08-14,18,3,295.9466552734375,292.5660705566406,1.2836761474609375,0.8400115966796875,55.5,91637.015625,267.77154541015625,282.2852783203125,291.85040283203125,0.0039666667580604,0.009400226175785,0.0128245018422603,-4.64715576171875,1.276153564453125,4.572311401367188,0.3878173828125,-2.9022369384765625,-3.514251708984375
2017-08-15,0,0,294.39068603515625,293.0775451660156,1.027587890625,0.161773681640625,125.0,91526.71875,268.0010986328125,282.1804504394531,290.9052124023437,0.0037928025703877,0.0087459236383438,0.0128111205995082,-3.7072601318359375,1.344940185546875,2.9383087158203125,0.380401611328125,-2.0235595703125,-2.9031524658203125
2017-08-15,6,1,299.05450439453125,292.87030029296875,2.11212158203125,0.1608734130859375,170.75,91530.5625,268.1680908203125,282.9427490234375,291.43896484375,0.0033091097138822,0.0087616220116615,0.0136029105633497,-5.475250244140625,-0.7100677490234375,2.808944702148437,-1.24169921875,-1.732086181640625,0.0383148193359375
2017-08-15,12,2,298.7746276855469,293.6745910644531,1.3999176025390625,-0.1079559326171875,744.0,91214.96875,268.41070556640625,282.6158447265625,293.6908264160156,0.0036077685654163,0.0101562812924385,0.0143383964896202,-6.703857421875,1.7640380859375,2.623641967773437,-2.628036499023437,-2.99481201171875,-1.30108642578125
2017-08-15,18,3,295.12408447265625,293.7820129394531,2.0069580078125,1.1237335205078125,349.5,91529.953125,267.4408569335937,283.3013000488281,291.0355834960937,0.0044510513544082,0.0082691498100757,0.0139626115560531,-7.027999877929688,-0.111572265625,6.7490234375,-1.497772216796875,-0.776641845703125,-3.964324951171875
2017-08-16,0,0,295.1641845703125,293.5777282714844,2.768280029296875,0.6594085693359375,97.25,91383.5625,267.2744445800781,282.8387451171875,290.6055908203125,0.0042149275541305,0.0080604627728462,0.0130355022847652,-6.511016845703125,0.31640625,7.9738616943359375,-1.5366363525390625,0.649383544921875,-3.6988677978515625
2017-08-16,6,1,300.0331726074219,292.8119506835937,3.5615386962890625,-0.600982666015625,36.75,91411.90625,267.8413391113281,282.9598083496094,291.6215209960937,0.003811118658632,0.0084177181124687,0.01337880641222,-5.8646087646484375,2.6653594970703125,5.4539794921875,-1.8956756591796875,0.3331756591796875,-1.1941375732421875
2017-08-16,12,2,299.3663635253906,294.6771545410156,3.16717529296875,0.3849639892578125,939.0,91103.609375,268.44317626953125,283.02392578125,293.3796691894531,0.0040001943707466,0.0099239461123943,0.0142347738146781,-2.619857788085937,4.469757080078125,6.937713623046875,-2.7997283935546875,-3.1194610595703125,-0.3488311767578125
2017-08-16,18,3,294.8413391113281,293.6485900878906,3.129486083984375,-0.4741973876953125,102.75,91400.328125,268.0399780273437,283.28912353515625,290.8994140625,0.0043640360236167,0.0099715553224086,0.0137299671769142,-1.6927032470703125,3.9203948974609375,10.406143188476562,-1.6788177490234375,-2.543914794921875,-4.536666870117188
2017-08-17,0,0,295.1976013183594,293.5389709472656,3.427841186523437,-0.1791839599609375,17.75,91140.9375,268.7071533203125,283.9080505371094,290.4032592773437,0.0040840245783329,0.0094855315983295,0.013108130544424,-0.859161376953125,3.968429565429688,10.683639526367188,-2.12054443359375,-1.7333526611328125,-5.05230712890625
2017-08-17,6,1,298.21728515625,293.120361328125,4.077911376953125,-1.9629364013671875,13.0,91247.875,268.4487609863281,283.26812744140625,291.5330810546875,0.0038180390838533,0.0100241489708423,0.013457529246807,2.243896484375,5.8507080078125,6.6664581298828125,-3.378448486328125,-1.7847900390625,-3.438217163085937
2017-08-17,12,2,299.3983154296875,293.5091857910156,3.47772216796875,-0.41290283203125,190.75,90972.71875,268.8256225585937,283.1523132324219,293.3450927734375,0.0041789240203797,0.0107480995357036,0.0136722140014171,3.26605224609375,9.190536499023438,7.2087554931640625,-5.909820556640625,-1.6410980224609375,-1.73907470703125
2017-08-17,18,3,294.673828125,293.57989501953125,3.6234283447265625,0.2084503173828125,84.5,91184.53125,268.67144775390625,283.6883544921875,290.7453918457031,0.0048663765192031,0.0096376948058605,0.0146290883421897,4.64447021484375,10.911514282226562,11.944229125976562,-2.5625457763671875,-3.5871734619140625,-3.29083251953125
2017-08-18,0,0,295.3304443359375,293.64532470703125,3.299224853515625,0.2217559814453125,111.25,91026.6875,268.1195678710937,283.0260009765625,290.08843994140625,0.0048378631472587,0.0086951926350593,0.0139664374291896,7.98004150390625,8.981643676757812,11.181442260742188,-4.826171875,-4.6825714111328125,-3.3870849609375
2017-08-18,6,1,299.615234375,293.1239013671875,4.9033203125,-1.4490814208984375,124.75,91134.859375,268.4721069335937,283.1988830566406,291.57733154296875,0.0043429210782051,0.0089317932724952,0.0141086392104625,6.8095703125,9.566375732421877,8.700714111328125,-2.607284545898437,-3.752197265625,-3.12078857421875
2017-08-18,12,2,298.8559875488281,293.7435913085937,3.493865966796875,0.18756103515625,368.0,90895.625,268.3379211425781,283.633544921875,292.6045837402344,0.004773661494255,0.0091764256358146,0.0142510272562503,8.549819946289062,8.134872436523438,10.095123291015623,-1.4690704345703125,-5.0609130859375,-2.56494140625
2017-08-18,18,3,295.3399658203125,293.3856506347656,3.788482666015625,1.0984039306640625,63.5,91174.703125,268.23223876953125,283.0592041015625,290.5204467773437,0.0049055144190788,0.0092467367649078,0.0143939843401312,7.959503173828125,10.055709838867188,12.502212524414062,-1.3086700439453125,-3.52117919921875,-1.0560150146484375
2017-08-19,0,0,295.55426025390625,292.970703125,4.034942626953125,0.9666748046875,13.5,90966.671875,268.7422790527344,283.05194091796875,290.135498046875,0.0051034837961196,0.0078067556023597,0.014019101858139,8.822021484375,12.902206420898438,13.440155029296877,1.2371826171875,-3.1666717529296875,-0.9777679443359376
2017-08-19,6,1,299.51568603515625,293.0470886230469,5.777923583984375,-0.2343292236328125,221.75,91124.234375,269.41656494140625,282.883056640625,291.1465759277344,0.0049246679991483,0.0089219249784946,0.0143810473382473,8.5167236328125,13.747802734375,10.188369750976562,-0.6450042724609375,-3.19427490234375,-1.0637664794921875
2017-08-19,12,2,296.365234375,294.239990234375,3.7352142333984375,0.6038055419921875,206.25,90978.171875,269.7332763671875,283.3715209960937,290.8925170898437,0.0058123581111431,0.0093473084270954,0.0149263441562652,10.6588134765625,12.379470825195312,11.974807739257812,-2.2701568603515625,-4.279052734375,1.178741455078125
2017-08-19,18,3,294.30059814453125,293.3451538085937,3.924240112304688,0.746551513671875,126.0,91248.25,268.8163146972656,282.741943359375,290.0419921875,0.0053961984813213,0.0086094317957758,0.014172239229083,11.518600463867188,14.607223510742188,12.932113647460938,-2.075469970703125,-5.3570709228515625,-1.678436279296875
2017-08-20,0,0,294.91827392578125,293.19677734375,3.857177734375,0.229888916015625,29.25,91012.484375,269.3372802734375,283.0601806640625,289.68365478515625,0.005119539797306,0.0082909315824508,0.0137633960694074,13.256317138671877,16.196701049804688,13.275619506835938,0.2318572998046875,-5.30560302734375,-2.898834228515625
2017-08-20,6,1,298.2626953125,293.68658447265625,5.69683837890625,-0.157562255859375,115.25,91129.921875,268.268310546875,283.0731811523437,291.063720703125,0.0048847906291484,0.0085670612752437,0.0137693248689174,10.223175048828123,13.717559814453123,12.366500854492188,-2.011322021484375,-3.1490936279296875,-1.821746826171875
2017-08-20,12,2,296.9332275390625,294.39422607421875,3.928146362304688,1.096588134765625,134.25,90923.0625,270.0924072265625,283.4234924316406,291.116943359375,0.0057328119874,0.0089522823691368,0.0144351776689291,9.470916748046877,14.623580932617188,11.783706665039062,-1.262420654296875,-2.6656494140625,-0.3868865966796875
2017-08-20,18,3,294.9095458984375,293.915771484375,3.684738159179688,0.80224609375,44.5,91149.140625,269.5475769042969,283.3994140625,290.5360717773437,0.0050022043287754,0.0088361725211143,0.014566097408533,10.421051025390623,14.269515991210938,13.521881103515623,-0.01202392578125,-2.98846435546875,-0.1547698974609375
2017-08-21,0,0,295.131591796875,293.1977233886719,2.418304443359375,1.120147705078125,1.0,91019.46875,268.9513244628906,283.5772705078125,290.2956237792969,0.0049310103058815,0.0095677115023136,0.0142895318567752,9.631805419921877,13.805191040039062,10.737625122070312,1.0546875,-1.8515167236328125,-0.4105377197265625
2017-08-21,6,1,298.76483154296875,294.1483459472656,5.046539306640625,1.0774078369140625,190.75,91139.734375,269.4598388671875,283.96783447265625,291.31134033203125,0.0040989331901073,0.0097335278987884,0.0148593876510858,9.825714111328123,12.9281005859375,10.8031005859375,1.7634735107421875,-2.6844635009765625,1.1856689453125
2017-08-21,12,2,299.742431640625,295.21551513671875,3.5778350830078125,1.1606903076171875,100.5,90847.515625,269.55010986328125,283.6312866210937,293.1371459960937,0.00465814396739,0.0104130990803241,0.0141265653073787,9.449234008789062,11.243698120117188,9.580902099609377,-1.333648681640625,-1.41558837890625,1.93597412109375
2017-08-21,18,3,295.6905517578125,294.18212890625,3.00494384765625,1.30908203125,30.0,91156.90625,269.0602111816406,283.8691711425781,291.0254211425781,0.0046322382986545,0.0100478157401084,0.0147726088762283,4.86932373046875,12.120025634765623,10.896865844726562,0.62811279296875,-2.8690338134765625,0.3041534423828125
2017-08-22,0,0,295.3451538085937,293.617919921875,3.1588897705078125,1.1622772216796875,38.25,91061.15625,269.0777282714844,283.7440795898437,290.466064453125,0.0049729719758033,0.0090624652802944,0.0145309902727603,3.18603515625,7.6684722900390625,12.152542114257812,1.99139404296875,-2.8446044921875,0.4722900390625
2017-08-22,6,1,299.4755859375,293.888427734375,5.814956665039063,0.2526702880859375,183.25,91171.890625,269.3462219238281,283.9352722167969,292.0562744140625,0.004914317280054,0.0088941566646099,0.0143190920352935,2.9633026123046875,8.745025634765625,10.319366455078123,0.6373291015625,-2.538604736328125,-0.0574951171875
2017-08-22,12,2,299.5543212890625,294.42388916015625,3.7555084228515625,0.8443603515625,64.75,90987.171875,269.1029663085937,283.4770202636719,292.52935791015625,0.0046339146792888,0.0097328536212444,0.0138568058609962,1.0233154296875,9.278671264648438,11.150070190429688,1.494842529296875,-3.214324951171875,-0.38482666015625
2017-08-22,18,3,295.3104248046875,294.088134765625,3.5138397216796875,0.3552398681640625,0.25,91346.6875,269.2469177246094,283.3895874023437,290.12939453125,0.0036817861255258,0.0091761946678161,0.0138902217149734,-1.5203399658203125,8.67578125,11.625411987304688,3.7477874755859375,-2.76324462890625,-3.2356719970703125
2017-08-23,0,0,295.84332275390625,293.3773803710937,3.299407958984375,-0.259033203125,2.0,91212.796875,269.41064453125,283.80047607421875,289.82989501953125,0.0037385874893516,0.0087124742567539,0.0135756507515907,-0.4953155517578125,5.9689483642578125,11.431640625,0.21160888671875,-2.370880126953125,-3.9864349365234375
2017-08-23,6,1,300.0341796875,293.27606201171875,4.1930999755859375,-1.367950439453125,7.75,91348.09375,268.95416259765625,283.58837890625,292.0345458984375,0.0039907954633235,0.0088021010160446,0.0133224092423915,-0.7485504150390625,5.912521362304688,7.57916259765625,0.2001800537109375,-3.1943359375,-3.0214080810546875
2017-08-23,12,2,298.7613525390625,295.16717529296875,3.206756591796875,-0.217864990234375,396.0,91067.96875,269.02117919921875,284.0072937011719,293.27264404296875,0.0043961405754089,0.0094720721244812,0.0139928385615348,0.1119842529296875,5.1427001953125,8.581161499023438,-2.3255157470703125,-4.615249633789063,-2.4260711669921875
2017-08-23,18,3,295.2404479980469,294.2345886230469,2.6522369384765625,-0.869598388671875,27.25,91377.265625,268.8872985839844,283.8661499023437,291.07293701171875,0.0042684637010097,0.0092988051474094,0.0141666531562805,-0.2199249267578125,3.71710205078125,8.229736328125,-2.385589599609375,-4.265151977539063,-5.650115966796875
2017-08-24,0,0,294.98016357421875,293.2514953613281,3.061431884765625,-1.068603515625,3.25,91253.046875,268.45440673828125,283.63702392578125,290.6453857421875,0.0048252381384372,0.009495984762907,0.0130947791039943,4.009307861328125,4.839141845703125,9.653060913085938,-1.9140625,-2.77752685546875,-7.9115753173828125
2017-08-24,6,1,297.683349609375,293.2662353515625,3.817306518554688,-2.1020050048828125,63.0,91390.15625,268.35821533203125,283.3934936523437,291.15240478515625,0.0047616027295589,0.0094867944717407,0.014087289571762,5.64593505859375,6.341400146484375,6.185699462890625,-3.249237060546875,-5.3370513916015625,-4.868942260742188
2017-08-24,12,2,299.07476806640625,294.54376220703125,3.544158935546875,-0.69415283203125,292.0,91102.640625,268.7720947265625,283.61260986328125,292.06756591796875,0.0050261858850717,0.0093852169811725,0.0143969729542732,3.704421997070313,7.08062744140625,10.107498168945312,-4.9998779296875,-5.1615142822265625,-3.8470458984375
2017-08-24,18,3,294.7471923828125,293.978759765625,3.4417266845703125,-0.204833984375,78.5,91298.546875,268.3700561523437,284.0370483398437,290.877685546875,0.0048097036778926,0.0086089335381984,0.0145534519106149,5.1851348876953125,7.140151977539063,11.293350219726562,-1.0936126708984375,-6.7276153564453125,-5.3096771240234375
2017-08-25,0,0,294.75994873046875,293.55401611328125,3.756011962890625,-0.64190673828125,156.0,91185.28125,268.07781982421875,282.8570556640625,290.137451171875,0.0051084514707326,0.0095861405134201,0.0141120180487632,7.95159912109375,9.13336181640625,12.218856811523438,0.53515625,-5.6157989501953125,-5.2008056640625
2017-08-25,6,1,297.3348693847656,293.9698486328125,5.1479339599609375,-1.9849395751953125,186.5,91282.140625,268.46759033203125,283.1860046386719,291.5289611816406,0.0043898448348045,0.0089170895516872,0.0140790976583957,9.346282958984377,9.11932373046875,9.271133422851562,-2.8483123779296875,-4.10992431640625,-4.24957275390625
2017-08-25,12,2,298.6669921875,294.367919921875,3.855743408203125,0.1573486328125,147.25,90961.046875,269.132568359375,283.7686767578125,292.4202880859375,0.0047207102179527,0.0087835900485515,0.0145284421741962,8.107833862304688,11.402862548828123,10.951461791992188,-2.2770233154296875,-3.24737548828125,-1.5721282958984375
2017-08-25,18,3,295.35009765625,293.8463439941406,3.151153564453125,0.5179443359375,11.0,91179.265625,268.4588317871094,283.868408203125,290.3872985839844,0.0048412643373012,0.0081652291119098,0.0139697603881359,6.210250854492188,9.406875610351562,10.2705078125,0.9504852294921876,-4.5447998046875,-2.2442169189453125
2017-08-26,0,0,295.4163513183594,293.18389892578125,2.906097412109375,1.189422607421875,32.75,91017.78125,269.259033203125,283.6492919921875,290.0350341796875,0.004978809505701,0.0081235133111476,0.0141377747058868,6.075454711914063,11.019302368164062,11.290878295898438,-1.7016143798828125,-4.51611328125,-0.85076904296875
2017-08-26,6,1,298.78582763671875,293.5640869140625,5.36907958984375,0.217926025390625,168.75,91099.984375,269.4373779296875,283.6068115234375,291.5572204589844,0.0050848759710788,0.0083585977554321,0.0146632529795169,5.5595703125,9.48291015625,9.420181274414062,-0.24664306640625,-3.4325714111328125,-0.072967529296875
2017-08-26,12,2,299.3851623535156,293.9404602050781,4.5506744384765625,-0.219757080078125,85.0,90827.09375,269.76422119140625,284.3686828613281,292.8451232910156,0.0051805116236209,0.0096768401563167,0.0148323141038417,4.698654174804688,12.091033935546877,12.28399658203125,-1.8256988525390625,-5.194488525390625,-1.9611663818359373
2017-08-26,18,3,295.41021728515625,293.5816955566406,4.1349029541015625,0.776641845703125,17.0,91110.4375,269.47784423828125,284.2343139648437,290.91314697265625,0.0048358254134655,0.0090498179197311,0.0149036087095737,4.389556884765625,10.244522094726562,11.3424072265625,-3.793365478515625,-5.550872802734375,-1.411376953125
2017-08-27,0,0,295.274658203125,293.9240417480469,4.450210571289063,1.2327423095703125,110.75,90932.75,269.6287536621094,282.9076843261719,290.8924560546875,0.005143616348505,0.0102708451449871,0.0149033144116401,6.504302978515625,10.615524291992188,11.452056884765623,-3.089874267578125,-4.7215423583984375,-0.1263275146484375
2017-08-27,6,1,296.8712158203125,294.34783935546875,6.0584259033203125,1.2727203369140625,14.25,91011.65625,270.3169860839844,284.3741149902344,290.84881591796875,0.0050923656672239,0.0096725113689899,0.0142543017864227,5.4876556396484375,10.493362426757812,12.759933471679688,-0.3754425048828125,-4.675323486328125,-0.36395263671875
2017-08-27,12,2,296.39288330078125,294.0963134765625,4.032470703125,0.05975341796875,158.5,90858.171875,269.93731689453125,283.6992492675781,291.7496032714844,0.005932580679655,0.0092308111488819,0.014971163123846,8.503952026367188,13.523208618164062,13.462142944335938,2.4466705322265625,-1.728973388671875,-1.7696685791015625
2017-08-27,18,3,295.1104736328125,293.9713134765625,4.3986358642578125,0.417236328125,162.5,91034.390625,269.3250732421875,284.2105712890625,290.5947265625,0.0055367071181535,0.008672684431076,0.0147330956533551,9.643081665039062,12.288177490234377,14.479949951171877,2.039581298828125,-3.70654296875,-2.1687469482421875
2017-08-28,0,0,294.9933166503906,293.73736572265625,3.3174285888671875,1.4756317138671875,125.75,90854.21875,269.8857116699219,283.9879150390625,290.56884765625,0.0048663020133972,0.0092525146901607,0.0145752951502799,11.257965087890623,13.60638427734375,11.78515625,1.2524261474609375,-3.700607299804688,-0.7853546142578125
2017-08-28,6,1,297.5887145996094,293.9242553710937,5.3487396240234375,1.6762847900390625,263.5,91010.6875,269.1815795898437,283.6607666015625,290.7192077636719,0.0054500624537467,0.0084690749645233,0.0147109702229499,8.886566162109375,11.230133056640623,12.809555053710938,-5.78802490234375,-3.469711303710937,-0.038360595703125
2017-08-28,12,2,296.85064697265625,295.17041015625,4.8967132568359375,2.720855712890625,225.0,90731.109375,270.239501953125,283.54815673828125,291.9140014648437,0.006195805966854,0.0105595998466014,0.0150152575224637,11.040725708007812,10.135223388671877,15.259689331054688,-2.6440582275390625,3.322357177734375,6.2059478759765625
2017-08-28,18,3,295.2547302246094,293.6630859375,4.483154296875,0.93572998046875,47.25,90962.703125,269.47222900390625,283.8694763183594,290.8422241210937,0.0055445972830057,0.0090738423168659,0.0148675218224525,9.415237426757812,13.95123291015625,15.52691650390625,3.7387542724609375,-1.2895050048828125,-0.4777069091796875
2017-08-29,0,0,295.2244873046875,293.9606628417969,3.9588775634765625,1.7933197021484375,99.5,90863.84375,269.93963623046875,283.9616394042969,290.71978759765625,0.0054554231464862,0.0089103318750858,0.0147281512618064,8.030624389648438,14.590377807617188,14.858978271484377,7.327499389648437,0.7939300537109375,2.449951171875
2017-08-29,6,1,296.3464050292969,295.25738525390625,3.73046875,2.69146728515625,555.5,91086.234375,269.68505859375,284.1649169921875,291.62554931640625,0.0055378973484039,0.008274246007204,0.0138634480535984,12.66534423828125,13.966842651367188,15.846389770507812,3.3726959228515625,0.49737548828125,2.453231811523437
2017-08-29,12,2,298.34991455078125,294.7900085449219,5.3460845947265625,1.9422760009765625,38.0,90885.125,270.6470947265625,284.1980285644531,291.7413330078125,0.004837516695261,0.0092185996472835,0.0147530511021614,7.08721923828125,14.452896118164062,16.319351196289062,4.3253326416015625,1.30889892578125,2.1793670654296875
2017-08-29,18,3,295.19207763671875,293.40289306640625,4.31414794921875,1.615570068359375,4.5,91169.90625,269.16387939453125,284.8699951171875,290.3810729980469,0.005370732396841,0.0093323104083538,0.0144989527761936,1.883880615234375,14.707305908203123,15.253875732421877,2.716400146484375,2.2895050048828125,1.54156494140625
2017-08-30,0,0,295.63836669921875,293.76226806640625,3.513153076171875,1.0789947509765625,3.25,91095.203125,268.27978515625,285.6361694335937,290.530029296875,0.0049859546124935,0.0078279487788677,0.0141485072672367,1.0074462890625,11.70159912109375,13.884292602539062,4.956314086914063,2.69049072265625,0.533721923828125
2017-08-30,6,1,299.4877319335937,293.8463134765625,5.6762237548828125,0.3508148193359375,105.75,91260.53125,269.4029541015625,285.96209716796875,292.5419311523437,0.0044601745903491,0.007369291037321,0.0145729444921016,4.584136962890625,7.882736206054687,9.32000732421875,3.0791168212890625,1.5814208984375,0.342987060546875
2017-08-30,12,2,300.3809814453125,294.8160095214844,2.6339111328125,-0.157470703125,338.0,91109.296875,270.2200927734375,284.28466796875,293.904296875,0.0040931585244834,0.0093862488865852,0.0143514610826969,4.4310302734375,7.781890869140625,7.811553955078125,1.118438720703125,-0.7287139892578125,-0.1076507568359375
2017-08-30,18,3,296.05548095703125,294.28729248046875,2.1649932861328125,1.01165771484375,9.0,91477.328125,269.08233642578125,284.0614624023437,291.4612121582031,0.0042799822986125,0.0081589296460151,0.0141541324555873,2.1681365966796875,4.8626556396484375,6.62738037109375,-0.2129974365234375,-1.8147125244140625,-0.8794708251953125
2017-08-31,0,0,295.0321655273437,293.5652160644531,2.854400634765625,0.4766845703125,10.25,91413.84375,268.8802490234375,284.5721130371094,291.79364013671875,0.0045386925339698,0.0063676461577415,0.0119990333914756,-0.9948883056640624,3.35931396484375,8.908111572265625,-0.7815704345703125,-1.7111358642578125,-1.1554718017578125
2017-08-31,6,1,299.6409912109375,293.33184814453125,3.5407257080078125,-0.043548583984375,4.5,91492.453125,269.15447998046875,284.5478515625,292.34832763671875,0.004228264093399,0.0063203573226928,0.0132555104792118,-0.5788726806640625,1.422027587890625,5.4369964599609375,-2.147811889648437,0.3991241455078125,-0.890167236328125
2017-08-31,12,2,301.35845947265625,294.3026733398437,1.4477691650390625,-0.441009521484375,25.0,91218.421875,269.267333984375,284.0970764160156,294.52703857421875,0.004201790317893,0.0083837881684303,0.0133260749280452,-1.923095703125,3.768630981445313,3.5930328369140625,-0.815673828125,-1.8212738037109373,-1.876861572265625
2017-08-31,18,3,296.81353759765625,294.1027526855469,1.831939697265625,-0.961639404296875,56.75,91541.75,269.24090576171875,283.2147827148437,292.5882568359375,0.0038792591076344,0.0094842463731765,0.0142487175762653,-3.839645385742188,0.5562896728515625,4.4300689697265625,-1.06231689453125,-1.708099365234375,-3.4808349609375
2017-09-01,0,0,295.7237548828125,293.4691162109375,2.077392578125,-0.9667205810546876,293.25,91435.71875,268.63873291015625,282.7293701171875,291.55377197265625,0.0042789094150066,0.0106392279267311,0.013209331780672,-4.959243774414063,3.03643798828125,5.8795166015625,-2.6078033447265625,-1.1432647705078125,-4.6322784423828125
2017-09-01,6,1,298.6294250488281,293.820556640625,2.131439208984375,-1.6042327880859375,182.25,91547.828125,269.4926147460937,283.29107666015625,290.83251953125,0.0045572444796562,0.0093783922493457,0.0146427489817142,-3.7592620849609375,3.017486572265625,3.1204071044921875,-0.220977783203125,-0.7488555908203125,-2.992904663085937
2017-09-01,12,2,300.3299560546875,294.7325439453125,1.0846405029296875,-1.5490875244140625,19.5,91199.0,269.761962890625,283.96539306640625,293.98193359375,0.0053012780845165,0.0088517852127552,0.0133718326687812,-3.544784545898437,3.2412872314453125,2.4474334716796875,-1.4362030029296875,-2.7593994140625,-4.4191436767578125
2017-09-01,18,3,295.89752197265625,294.86248779296875,0.6841278076171875,1.6752777099609375,249.5,91520.0625,268.5528564453125,283.1333312988281,292.55401611328125,0.0050554499030113,0.0093493573367595,0.0137675497680902,-5.9124603271484375,0.9292755126953124,2.4535675048828125,-3.148590087890625,-3.6116943359375,-2.2861480712890625
2017-09-02,0,0,295.2948303222656,293.5599365234375,2.049911499023437,-0.370697021484375,81.75,91385.09375,268.6039733886719,283.4810791015625,291.22607421875,0.0045423284173011,0.0099351480603218,0.0144122578203678,-9.58740234375,-0.4320220947265625,3.9024658203125,-1.447509765625,-0.8276519775390625,-2.5688018798828125
2017-09-02,6,1,300.11834716796875,294.1654357910156,1.8105926513671875,-0.911224365234375,443.75,91466.9375,269.2540283203125,283.266845703125,291.9339599609375,0.004039317369461,0.0097976513206958,0.0150135718286037,-6.942153930664063,-1.0259552001953125,2.602157592773437,3.264862060546875,-0.0295867919921875,-1.78472900390625
2017-09-02,12,2,298.8409423828125,295.1298217773437,0.257537841796875,-1.2574920654296875,913.25,91232.9375,269.06561279296875,283.7816772460937,293.3051147460937,0.0044334046542644,0.0104689914733171,0.0141052268445491,-4.0652923583984375,-1.3100128173828125,3.101318359375,0.000274658203125,0.04901123046875,-3.655853271484375
2017-09-02,18,3,295.0541381835937,294.5880126953125,0.4066009521484375,1.7949981689453125,729.75,91512.125,268.2412109375,283.1199951171875,291.61932373046875,0.0045848153531551,0.0103715471923351,0.0143573582172393,-4.196334838867188,-1.267578125,3.122406005859375,-0.437713623046875,1.0561676025390625,-1.772003173828125
2017-09-03,0,0,295.63623046875,294.0193786621094,1.952545166015625,0.186187744140625,104.75,91361.15625,268.4818725585937,283.2532958984375,291.6659851074219,0.0045265853404998,0.0094380788505077,0.01369583979249,-4.719818115234375,-1.2284088134765625,4.218795776367188,1.934661865234375,2.0238494873046875,-2.790740966796875
2017-09-03,6,1,300.80084228515625,294.089111328125,1.68072509765625,-0.7402191162109375,549.25,91510.34375,268.6876525878906,283.66912841796875,292.08447265625,0.0039575370028615,0.0089954510331153,0.0147243998944759,-2.0277099609375,-0.7477569580078125,2.35528564453125,2.362701416015625,3.12518310546875,-1.27911376953125
2017-09-03,12,2,300.5463256835937,293.6445007324219,-0.1167449951171875,1.178558349609375,997.0,91267.953125,269.3549194335937,283.218017578125,293.6914367675781,0.0034321914426982,0.0094438754022121,0.0142414197325706,-1.9275360107421875,1.031402587890625,1.622467041015625,1.29193115234375,0.80584716796875,-0.82806396484375
2017-09-03,18,3,295.4666442871094,294.471923828125,0.127288818359375,1.1364898681640625,324.75,91568.4375,268.8015441894531,283.3541259765625,291.8056640625,0.0034239855594933,0.0093914680182933,0.014261282980442,-2.0677642822265625,-0.444427490234375,2.745223999023437,2.19384765625,-1.765411376953125,-1.2329864501953125
2017-09-04,0,0,295.3998107910156,293.6034851074219,1.4817657470703125,0.367156982421875,200.0,91404.359375,268.1163330078125,283.84918212890625,292.37939453125,0.0032401818316429,0.0084605105221271,0.0133558139204978,-3.902862548828125,-0.1573944091796875,2.1947479248046875,-0.198089599609375,-2.273895263671875,-0.6998291015625
2017-09-04,6,1,300.011962890625,295.03643798828125,2.1519775390625,-1.351837158203125,1259.5,91553.125,269.53533935546875,283.7364501953125,291.8212890625,0.0025403713807463,0.0085653997957706,0.0147558078169822,-6.188262939453125,-2.003768920898437,3.37548828125,-0.1497802734375,0.1046600341796875,-2.7382049560546875
2017-09-04,12,2,302.5252685546875,294.5392761230469,1.113494873046875,-0.7641448974609375,120.5,91172.96875,270.2953491210937,284.1930236816406,294.6453857421875,0.0027460174169391,0.0082180146127939,0.0138889923691749,-4.88763427734375,-0.0620880126953125,1.8595123291015625,-0.7117767333984375,-2.0423583984375,-2.0714263916015625
2017-09-04,18,3,296.5058288574219,294.79510498046875,1.247314453125,-0.47967529296875,76.25,91562.375,268.639404296875,282.9788818359375,293.41973876953125,0.0034782055299729,0.0090578515082597,0.0134502500295639,-4.276641845703125,-1.3050994873046875,2.468353271484375,-2.064361572265625,-2.821624755859375,-3.635910034179688
2017-09-05,0,0,296.06689453125,293.6448974609375,1.7649688720703125,0.47540283203125,327.75,91452.21875,269.0301513671875,283.6841125488281,291.3471069335937,0.0036325773689895,0.0093700215220451,0.0151741988956928,-5.57977294921875,-1.7889404296875,3.3950958251953125,-2.599334716796875,-0.1536865234375,-2.630355834960937
2017-09-05,6,1,300.457275390625,294.0578918457031,2.159759521484375,-1.188079833984375,2307.25,91503.0625,269.54345703125,283.7950439453125,291.22882080078125,0.0032128428574651,0.0094530098140239,0.0151401050388813,-6.024322509765625,-1.5753326416015625,4.2222442626953125,-0.6813201904296875,-0.7985687255859375,-4.309295654296875
2017-09-05,12,2,300.4131774902344,295.1975402832031,1.143280029296875,-1.8868408203125,913.0,91145.46875,269.7464599609375,284.25640869140625,293.79510498046875,0.0029875298496335,0.0092199556529521,0.0152547918260097,-6.451339721679688,0.8649139404296875,3.08612060546875,0.021697998046875,-0.7958221435546875,-5.221939086914063
2017-09-05,18,3,296.41119384765625,294.6954345703125,0.9190216064453124,1.2303314208984375,823.25,91523.265625,269.2158203125,283.4910888671875,291.6220703125,0.0034139826893806,0.0094722025096416,0.0157645866274833,-6.58697509765625,0.1400299072265625,2.329620361328125,-0.0411224365234375,-2.261581420898437,-3.6526947021484375
2017-09-06,0,0,295.7230224609375,293.72821044921875,1.0062255859375,-0.2542877197265625,65.25,91277.8125,269.70318603515625,284.9382629394531,291.1810302734375,0.0041594421491026,0.0087081156671047,0.0148499272763729,-5.9428558349609375,-2.4510650634765625,3.99017333984375,1.143890380859375,-2.17340087890625,-3.6715087890625
2017-09-06,6,1,300.4914245605469,295.6693115234375,1.0223541259765625,-0.96405029296875,1279.75,91396.59375,269.72955322265625,284.0306396484375,292.4082946777344,0.0032134207431226,0.009172037243843,0.0156016424298286,-5.9287872314453125,-1.8515625,1.295501708984375,1.8489227294921875,-1.405914306640625,-1.738128662109375
2017-09-06,12,2,299.01104736328125,294.6719970703125,0.4205474853515625,-0.6755218505859375,861.0,91075.484375,270.03582763671875,283.9349365234375,292.8681640625,0.0039723133668303,0.0098084285855293,0.0157605297863483,-5.4506378173828125,-1.0369720458984375,1.4752960205078125,2.0226593017578125,-0.664825439453125,-1.0217437744140625
2017-09-06,18,3,295.85791015625,294.11529541015625,-0.04327392578125,-0.5841827392578125,642.0,91414.78125,268.5044860839844,283.7343139648437,291.30718994140625,0.0046109743416309,0.0096508488059043,0.0150412525981664,-3.586288452148437,0.690673828125,2.265350341796875,0.6272125244140625,-1.5962066650390625,-2.2280731201171875
2017-09-07,0,0,295.60186767578125,293.7518920898437,0.827972412109375,-0.21099853515625,186.5,91196.28125,268.94342041015625,284.41510009765625,292.3572998046875,0.0043756291270256,0.007398672401905,0.0147450901567935,-2.9993438720703125,-2.8803253173828125,0.3643646240234375,2.9251708984375,-3.607833862304688,-1.7355499267578125
2017-09-07,6,1,300.58843994140625,294.4183349609375,0.6210784912109375,-1.082305908203125,1158.0,91342.796875,269.1676025390625,282.93096923828125,293.1656799316406,0.0043375324457883,0.0100086517632007,0.0154431797564029,-3.8509521484375,-3.884124755859375,0.111175537109375,1.853271484375,-2.123992919921875,-1.917724609375
2017-09-07,12,2,298.3726806640625,295.3306884765625,-1.6040802001953125,0.6116943359375,775.25,91052.390625,269.87579345703125,283.641845703125,292.383544921875,0.0050853192806243,0.0098536983132362,0.0153401158750057,-6.8975830078125,-1.369720458984375,-0.50689697265625,0.21630859375,0.5807647705078125,0.2706146240234375
2017-09-07,18,3,295.9799499511719,294.8031005859375,1.51123046875,1.142303466796875,272.25,91386.90625,269.1494140625,283.4347839355469,291.28253173828125,0.0047095753252506,0.0092793628573417,0.0149737708270549,-7.3469390869140625,-3.203125,2.2734527587890625,2.58514404296875,3.366683959960937,3.670379638671875
2017-09-08,0,0,295.1104736328125,293.6012878417969,1.700103759765625,-0.1213226318359375,169.0,91228.328125,268.55792236328125,284.010009765625,292.0325927734375,0.0035627521574497,0.0089385658502578,0.0147559642791748,-9.637161254882812,-1.054931640625,3.229232788085937,3.4608306884765625,2.2269439697265625,1.49560546875
2017-09-08,6,1,299.49920654296875,294.0747985839844,0.5524444580078125,0.21466064453125,206.5,91373.671875,269.11773681640625,283.92974853515625,292.5365905761719,0.0033950230572372,0.0088085681200027,0.0144520848989486,-11.278656005859377,-2.2096710205078125,0.3125762939453125,4.251876831054688,1.7276153564453125,0.239044189453125
2017-09-08,12,2,300.6918640136719,295.1619567871094,-0.517181396484375,-0.2805633544921875,1036.25,91085.421875,269.9538879394531,283.5795288085937,293.823486328125,0.0034994641318917,0.0095176436007022,0.0154427513480186,-7.70379638671875,-1.199066162109375,-0.244232177734375,0.5205230712890625,-0.5422515869140625,0.1318359375
2017-09-08,18,3,295.30279541015625,294.33477783203125,-0.37237548828125,0.6397857666015625,407.25,91386.609375,269.114990234375,283.5233154296875,291.79620361328125,0.0035392548888921,0.009400462731719,0.0148223675787448,-9.39337158203125,-2.1465606689453125,0.4383697509765625,-0.6683197021484375,-2.461029052734375,1.3053436279296875
2017-09-09,0,0,294.8061828613281,293.447509765625,1.091339111328125,-0.07110595703125,98.25,91210.984375,268.3676147460937,283.5274658203125,292.0877685546875,0.0049870423972606,0.0094947218894958,0.0143853463232517,-12.159439086914062,-4.910186767578125,2.667572021484375,0.8843536376953125,-2.2480926513671875,-0.58612060546875
2017-09-09,6,1,299.5811767578125,294.6470947265625,0.510589599609375,0.90771484375,276.25,91336.25,269.21826171875,283.83526611328125,292.2352905273437,0.0048334822058677,0.0092958249151706,0.014750849455595,-13.013641357421877,-6.682098388671875,-0.2610321044921875,-1.9105224609375,-0.2292022705078125,0.7032470703125
2017-09-09,12,2,299.9427185058594,294.8935546875,0.4805145263671875,1.765594482421875,265.25,91045.390625,269.3121337890625,283.616455078125,293.02850341796875,0.0043398812413215,0.0099473148584365,0.014659970998764,-13.633575439453123,-6.728286743164063,0.2841033935546875,-2.614044189453125,-0.311248779296875,2.144149780273437
2017-09-09,18,3,295.9599609375,294.6478576660156,0.527130126953125,0.09991455078125,231.0,91319.859375,268.82330322265625,282.7747802734375,291.3450927734375,0.0047723725438117,0.0098599530756473,0.0146802552044391,-12.698699951171877,-6.33013916015625,1.4165191650390625,0.9187469482421876,-0.4772491455078125,-1.7886505126953125
2017-09-10,0,0,295.3162841796875,294.0081481933594,-0.9005279541015625,-0.0740203857421875,59.5,91155.234375,269.2885131835937,282.8453369140625,291.7026672363281,0.0042201206088066,0.0096248611807823,0.0137561336159706,-6.11041259765625,-9.822555541992188,-6.877365112304688,4.237060546875,-0.7794647216796875,0.0504608154296875
2017-09-10,6,1,300.2791748046875,294.0306396484375,-2.4693603515625,1.656890869140625,331.25,91291.0,270.82550048828125,283.24725341796875,292.137451171875,0.0031054189894348,0.0100494585931301,0.0139455273747444,-11.071731567382812,-7.377761840820312,-4.3419036865234375,4.653244018554688,1.4219818115234375,2.5310211181640625
2017-09-10,12,2,299.84356689453125,294.60406494140625,-1.062774658203125,-0.1360015869140625,597.75,91055.96875,271.01080322265625,284.20947265625,293.07379150390625,0.0027134518604725,0.0102747380733489,0.0153587646782398,-10.965957641601562,-5.4937591552734375,-2.185699462890625,5.40740966796875,1.576690673828125,0.6449737548828125
2017-09-10,18,3,296.5361633300781,294.7486572265625,-2.048858642578125,-0.128021240234375,422.25,91305.90625,270.5761413574219,283.95849609375,291.9432983398437,0.0031776526011526,0.0099758543074131,0.0151379480957984,-6.592056274414063,-4.4639434814453125,-5.08123779296875,7.8963623046875,0.962554931640625,0.3890228271484375
2017-09-11,0,0,296.20086669921875,294.3163452148437,-1.959381103515625,-0.0816650390625,364.75,91208.984375,269.97515869140625,284.2391967773437,291.5069885253906,0.0029676700942218,0.0102104805409908,0.0145098716020584,-7.846511840820312,-4.9038848876953125,-6.445571899414063,5.30596923828125,0.9130859375,0.3127288818359375
2017-09-11,6,1,300.61199951171875,293.2586669921875,-3.3571319580078125,2.2703857421875,388.25,91352.59375,269.9298095703125,284.50689697265625,292.633056640625,0.0019380848389118,0.01049629971385,0.0145113114267587,-8.627700805664062,-5.415084838867188,-5.694305419921875,3.417205810546875,1.8680267333984373,3.4426422119140625
2017-09-11,12,2,300.6426086425781,294.4537353515625,-1.9398040771484373,1.9040679931640625,311.75,91158.71875,270.01629638671875,284.3627319335937,293.5762023925781,0.0017244915943592,0.0108422301709651,0.0145666971802711,-9.435638427734377,-4.5490264892578125,-5.5343170166015625,1.0413360595703125,3.1317596435546875,4.3123779296875
2017-09-11,18,3,296.84539794921875,295.1939697265625,-2.6634674072265625,0.946014404296875,308.0,91465.859375,269.33612060546875,283.73126220703125,292.7904357910156,0.0021426777821034,0.0103275552392005,0.0144845508038997,-8.390548706054688,-4.8578948974609375,-4.850830078125,4.0118408203125,3.123626708984375,2.2335205078125
2017-09-12,0,0,296.5631103515625,294.4090270996094,-1.7484130859375,1.133697509765625,213.5,91389.84375,269.2940673828125,283.2983703613281,291.744140625,0.002357751596719,0.0093208402395248,0.0142463967204093,-9.328262329101562,-4.571533203125,-4.33404541015625,1.368408203125,4.1295928955078125,4.9651641845703125
2017-09-12,6,1,301.33697509765625,294.25555419921875,-1.647369384765625,2.1317138671875,1072.5,91490.265625,269.15869140625,283.92974853515625,292.588134765625,0.0029454356990754,0.0097920596599578,0.01522658765316,-9.185714721679688,-5.328414916992188,-2.6184539794921875,1.253814697265625,5.639328002929688,3.1913299560546875
2017-09-12,12,2,301.3290710449219,295.5732727050781,-0.8853607177734375,1.6062774658203125,987.0,91175.953125,269.1766967773437,284.8284606933594,294.3790283203125,0.0040352689102292,0.0094104968011379,0.015235286206007,-7.473831176757812,-2.649810791015625,-1.658538818359375,1.512603759765625,4.049224853515625,3.9212493896484375
2017-09-12,18,3,297.1823425292969,295.035888671875,-1.657318115234375,1.71942138671875,830.5,91558.84375,268.06256103515625,283.9246826171875,292.7724304199219,0.0043379440903663,0.0091012753546237,0.0148677490651607,-6.0359649658203125,-2.7787322998046875,-4.1911468505859375,0.199737548828125,3.477386474609375,5.922882080078125
2017-09-13,0,0,296.428955078125,294.5873107910156,-1.020599365234375,1.3032989501953125,81.0,91385.578125,268.2235717773437,284.674072265625,291.984375,0.0039399648085236,0.0075026787817478,0.0134022440761327,-8.248046875,-4.5945892333984375,-3.0939178466796875,1.0654144287109375,3.381088256835937,5.5721435546875
2017-09-13,6,1,301.4921264648437,293.684326171875,-1.4774017333984375,2.705078125,28.75,91542.828125,268.6641540527344,284.2579345703125,292.9857788085937,0.0035828605759888,0.0070284269750118,0.0136537142097949,-8.213882446289062,-4.210662841796875,-2.666900634765625,-0.3831939697265625,3.0171051025390625,4.181076049804688
2017-09-13,12,2,302.03106689453125,294.15301513671875,-1.16754150390625,1.8981781005859373,55.5,91150.65625,268.908203125,284.9068603515625,294.5492553710937,0.0036060640122741,0.0070828571915626,0.0139210671186447,-6.7627716064453125,-3.0870513916015625,-2.6699371337890625,1.4964447021484375,2.8495635986328125,3.75384521484375
2017-09-13,18,3,296.98394775390625,294.6063842773437,-0.4577789306640625,2.04449462890625,431.75,91506.421875,267.0023803710937,283.77703857421875,292.8275146484375,0.0039256596937775,0.0084735043346881,0.0140840262174606,-7.1065521240234375,-1.4324951171875,-1.3114013671875,1.1998443603515625,3.14056396484375,6.723678588867188
2017-09-14,0,0,296.5598449707031,294.32489013671875,1.23907470703125,1.200042724609375,165.75,91347.1875,268.7191162109375,283.52850341796875,291.99468994140625,0.0032234753016382,0.0090138968080282,0.0135969519615173,-4.340240478515625,1.07568359375,2.542755126953125,4.003433227539063,6.160690307617188,4.6636962890625
2017-09-14,6,1,301.1539001464844,294.586181640625,3.249542236328125,0.8144378662109375,784.75,91505.46875,268.99560546875,283.57373046875,292.4569091796875,0.003591185202822,0.0087800174951553,0.0147113855928182,-4.316009521484375,2.878997802734375,5.179443359375,1.654052734375,5.510406494140625,1.31976318359375
2017-09-14,12,2,299.55419921875,295.0799560546875,2.071029663085937,1.7194976806640625,836.0,91214.515625,268.6425170898437,283.4775390625,293.564697265625,0.0042305067181587,0.0090387091040611,0.0139922015368938,0.4150238037109375,5.2109375,8.477615356445312,2.993759155273437,4.2487640380859375,6.1165313720703125
2017-09-14,18,3,294.9664306640625,293.27911376953125,2.9878387451171875,2.0398101806640625,2.25,91484.375,268.1591186523437,284.0614013671875,291.7152099609375,0.004587423056364,0.0082751028239727,0.0124733820557594,1.9058685302734373,4.16888427734375,10.61956787109375,3.3383941650390625,0.70068359375,4.9917755126953125
2017-09-15,0,0,294.952392578125,293.11260986328125,2.0515594482421875,0.3551483154296875,6.5,91322.328125,267.7952880859375,284.02362060546875,290.8292541503906,0.00461370870471,0.0090127401053905,0.0124374963343143,5.047119140625,8.874969482421875,11.054931640625,4.770675659179688,0.9422607421875,1.204010009765625
2017-09-15,6,1,299.0296936035156,293.62957763671875,3.9735107421875,0.916168212890625,82.0,91470.71875,267.5804748535156,284.2536926269531,291.35205078125,0.0045247692614793,0.0079854093492031,0.0138266012072563,6.870086669921875,6.72857666015625,6.438735961914063,0.4775848388671875,0.1942291259765625,0.6271514892578125
2017-09-15,12,2,299.2892761230469,294.5465087890625,2.263580322265625,1.33306884765625,195.75,91138.859375,268.63299560546875,284.1473999023437,293.0239562988281,0.0046625435352325,0.0090627335011959,0.0141537748277187,10.288101196289062,8.299713134765625,6.0044708251953125,-3.055511474609375,1.177459716796875,2.673736572265625
2017-09-15,18,3,295.5799560546875,293.84576416015625,2.5003204345703125,1.581573486328125,16.5,91400.796875,268.13592529296875,283.0189819335937,291.4375,0.0042154863476753,0.0095958262681961,0.0131083242595195,13.121307373046877,7.071868896484375,9.374557495117188,-2.2545928955078125,0.95684814453125,4.2606964111328125
2017-09-16,0,0,295.380126953125,293.43621826171875,2.749847412109375,1.1898040771484375,0.0,91272.203125,268.62091064453125,282.8891296386719,291.019775390625,0.0036218494642525,0.0090713687241077,0.0129110850393772,8.95782470703125,7.456680297851562,11.32928466796875,-1.543731689453125,2.9427032470703125,6.0389404296875
2017-09-16,6,1,298.91925048828125,293.7496032714844,4.657760620117188,2.8421630859375,100.75,91371.078125,268.41668701171875,283.47674560546875,291.83941650390625,0.0042876210063695,0.0093155615031719,0.0139876380562782,6.326416015625,8.473968505859375,8.84210205078125,0.137969970703125,3.178253173828125,4.9333038330078125
2017-09-16,12,2,298.4337158203125,294.122802734375,3.55908203125,2.3877410888671875,163.25,91105.28125,269.2186889648437,283.645751953125,291.45233154296875,0.0048292838037014,0.0102115981280803,0.014584869146347,3.166122436523437,13.700180053710938,11.123641967773438,-0.503936767578125,1.58123779296875,5.78717041015625
2017-09-16,18,3,294.7948913574219,293.2948608398437,4.1876373291015625,1.5958251953125,31.0,91370.5625,269.25408935546875,283.0277709960937,290.57745361328125,0.0047833807766437,0.0101242661476135,0.0139296203851699,3.420196533203125,16.00152587890625,13.54833984375,2.966659545898437,-0.69952392578125,1.7982635498046875
2017-09-17,0,0,295.04644775390625,293.1802978515625,3.618072509765625,1.7259063720703125,63.5,91259.5,268.6004333496094,282.2908935546875,290.0284423828125,0.0051030218601226,0.0098053030669689,0.0133094191551208,6.297821044921875,14.7484130859375,13.27447509765625,1.0479888916015625,1.421478271484375,1.8032684326171875
2017-09-17,6,1,295.53668212890625,293.2294921875,4.940093994140625,1.3172760009765625,11.25,91480.5,268.10748291015625,282.4844970703125,290.117431640625,0.0047448128461837,0.0089592188596725,0.0118309892714023,11.29986572265625,15.417953491210938,11.618820190429688,0.7230987548828125,-0.08831787109375,0.846405029296875
2017-09-17,12,2,296.03424072265625,293.3439025878906,3.9169769287109375,2.043670654296875,37.75,91313.59375,268.203369140625,282.2223815917969,290.50689697265625,0.0051469840109348,0.0087401196360588,0.0134288240224123,6.948089599609375,15.732269287109377,13.06158447265625,-3.801681518554688,0.0770721435546875,3.6119537353515625
2017-09-17,18,3,293.9508056640625,293.1502685546875,4.604660034179688,2.3880615234375,55.75,91549.265625,268.08642578125,282.4625244140625,289.3436279296875,0.004725482314825,0.0081144347786903,0.0134011432528495,1.2536773681640625,15.944900512695312,15.664154052734377,-0.2791900634765625,1.12030029296875,4.154510498046875
2017-09-18,0,0,294.62530517578125,292.5336303710937,5.209381103515625,1.8296661376953125,6.25,91409.4375,268.4375305175781,282.76007080078125,289.30224609375,0.0042436644434928,0.006514023989439,0.0131686590611934,3.668655395507813,20.04042053222656,16.988494873046875,1.354736328125,-1.14129638671875,4.492599487304688
2017-09-18,6,1,298.781494140625,293.176513671875,7.611679077148437,2.02789306640625,19.25,91562.71875,267.833984375,282.9666748046875,290.638427734375,0.0044711641967296,0.0078076496720314,0.0132841691374778,6.5233001708984375,19.715301513671875,16.44110107421875,1.348358154296875,0.1270294189453125,2.2744293212890625
2017-09-18,12,2,298.16522216796875,292.9330444335937,5.35345458984375,1.9061279296875,20.25,91355.40625,268.3359375,282.62335205078125,291.16766357421875,0.0048094242811203,0.0089373216032981,0.0137238092720508,10.901214599609377,17.2220458984375,14.606216430664062,0.45068359375,-1.7349395751953125,3.4925994873046875
2017-09-18,18,3,294.8436889648437,292.8848876953125,4.8241729736328125,1.3451385498046875,0.75,91545.890625,267.8432006835937,284.0322265625,289.6668701171875,0.0045196674764156,0.0068928264081478,0.0131982862949371,8.213699340820312,18.47958374023437,16.377716064453125,-1.182586669921875,-3.262435913085937,2.162689208984375
2017-09-19,0,0,295.5063781738281,292.7660522460937,5.2237091064453125,1.249420166015625,23.0,91396.3125,268.4022216796875,283.50408935546875,289.5280456542969,0.0046939942985773,0.0076650641858577,0.0137020386755466,8.238265991210938,18.6495361328125,16.31610107421875,-0.4046478271484375,-2.552398681640625,1.83349609375
2017-09-19,6,1,299.39068603515625,292.1595153808594,7.747421264648437,0.423919677734375,10.5,91409.8125,269.16455078125,283.88238525390625,292.3637084960937,0.0043409280478954,0.0071905516088008,0.0133490674197673,6.647369384765625,16.789352416992188,14.508834838867188,-0.2278900146484375,-2.096176147460937,0.3126373291015625
2017-09-19,12,2,299.5004272460937,292.900390625,4.4935150146484375,0.68603515625,2.0,91243.34375,269.3282165527344,282.9920654296875,292.5277709960937,0.0038673987146466,0.0082556903362274,0.0131551697850227,5.489593505859375,15.675491333007812,12.387725830078123,2.53009033203125,-1.954437255859375,-0.054962158203125
2017-09-19,18,3,294.9573974609375,292.5933837890625,3.743362426757813,0.896453857421875,8.0,91455.546875,269.38580322265625,284.0287780761719,289.6665344238281,0.0034438718575984,0.0060694366693496,0.0139207579195499,5.28521728515625,14.222991943359377,13.399139404296877,2.178985595703125,-0.8733673095703125,-0.88677978515625
2017-09-20,0,0,295.5131530761719,292.5697631835937,4.5809478759765625,0.917816162109375,10.25,91310.203125,269.208984375,283.951171875,289.0074462890625,0.0035460500512272,0.0053398311138153,0.0131248384714126,4.9293060302734375,12.9456787109375,15.018539428710938,2.1444091796875,-1.936920166015625,-0.442108154296875
2017-09-20,6,1,299.4223022460937,291.665771484375,6.8283233642578125,0.580535888671875,0.5,91383.71875,270.4184265136719,284.2771911621094,291.8808288574219,0.0031707531306892,0.0056566074490547,0.012137047946453,5.414352416992188,13.15362548828125,11.846160888671877,2.8125,-1.74853515625,0.7640838623046875
2017-09-20,12,2,299.5904541015625,291.7723999023437,4.10986328125,1.335723876953125,10.5,91145.015625,271.5282592773437,283.7170104980469,293.05621337890625,0.0025558015331625,0.0044644437730312,0.0121488086879253,3.7422943115234375,8.38214111328125,10.982269287109377,1.69708251953125,-1.6270599365234375,1.47235107421875
2017-09-20,18,3,294.377197265625,291.3063049316406,3.40679931640625,1.5552215576171875,0.0,91413.546875,271.6751708984375,282.9233703613281,290.3802490234375,0.0021767378784716,0.0047314539551734,0.0109237916767597,-0.139862060546875,6.3875732421875,11.992721557617188,2.584320068359375,-1.02801513671875,1.3181915283203125
2017-09-21,0,0,294.9008483886719,292.13348388671875,3.27801513671875,1.58770751953125,10.0,91288.296875,270.0309143066406,282.9283752441406,289.2945556640625,0.0029554567299783,0.0060324519872665,0.0119401179254055,-1.602325439453125,1.9841766357421875,12.022186279296877,4.349761962890625,-1.995086669921875,1.44232177734375
2017-09-21,6,1,298.2732238769531,291.68853759765625,5.127197265625,1.358428955078125,20.5,91360.46875,269.915283203125,282.7945556640625,291.75567626953125,0.0026436087209731,0.0081929489970207,0.0125928791239857,0.608123779296875,2.988021850585937,9.032760620117188,3.6204681396484375,-1.79559326171875,1.4209747314453125
2017-09-21,12,2,297.9270324707031,293.6649780273437,3.553451538085937,-0.7682647705078125,67.25,91158.28125,270.4346008300781,283.05908203125,291.8757629394531,0.0023050711024552,0.0100333765149116,0.0135520622134208,0.7945098876953125,5.957733154296875,10.942626953125,3.188262939453125,-2.0375518798828125,-0.9646453857421876
2017-09-21,18,3,295.37261962890625,292.6678466796875,3.256942749023437,-0.55548095703125,32.625,91453.90625,270.22467041015625,282.5323791503906,290.1478576660156,0.0021388940513134,0.0103375259786844,0.0128103382885456,2.1791229248046875,5.1493988037109375,9.673049926757812,2.3642120361328125,-0.7226104736328125,-4.145919799804688
2017-09-22,0,0,294.78485107421875,292.6930236816406,2.636093139648437,0.1228485107421875,3.0,91328.09375,269.9122314453125,282.4824523925781,290.5533752441406,0.0022326929029077,0.00982316583395,0.0111915208399295,0.0080718994140625,3.681121826171875,10.072677612304688,2.157135009765625,0.91607666015625,-3.311737060546875
2017-09-22,6,1,297.2309265136719,292.0340270996094,4.136810302734375,-1.097869873046875,3.25,91500.234375,270.37548828125,282.37811279296875,289.71044921875,0.0022617746144533,0.0093342699110507,0.012903943657875,-0.47430419921875,3.992385864257813,6.045944213867188,2.0316925048828125,0.254669189453125,-1.30218505859375
2017-09-22,12,2,300.0699462890625,292.5400390625,1.40496826171875,-0.538055419921875,0.0,91276.046875,270.3246765136719,282.88311767578125,293.26123046875,0.0024574194103479,0.0076535046100616,0.0116888992488384,0.711883544921875,4.384048461914063,5.184783935546875,0.4335174560546875,0.1407470703125,-2.6011199951171875
2017-09-22,18,3,296.1028137207031,292.396240234375,1.5200347900390625,-0.7420196533203125,0.0,91512.828125,269.96588134765625,282.611083984375,291.68585205078125,0.0025042465422302,0.0077037625014781,0.012712687253952,-0.680145263671875,0.7088165283203125,4.1923828125,0.376251220703125,0.1725311279296875,-4.0427093505859375
2017-09-23,0,0,294.7750244140625,292.41973876953125,1.47998046875,-0.624114990234375,0.0,91457.296875,269.4193725585937,282.4523010253906,291.3146057128906,0.0027192085981369,0.0079638361930847,0.0109846964478492,-1.0133056640625,-0.6422576904296875,3.0438385009765625,0.0379791259765625,0.50811767578125,-2.961700439453125
2017-09-23,6,1,300.7572937011719,291.6031494140625,2.2801666259765625,-0.0502777099609375,0.0,91588.296875,269.6176147460937,283.0752868652344,291.8129272460937,0.0024201015476137,0.0076242238283157,0.0120188668370246,-1.99517822265625,-0.938385009765625,3.146087646484375,-4.609344482421875,-1.3574371337890625,-0.1067962646484375
2017-09-23,12,2,301.5062866210937,293.31793212890625,1.229583740234375,0.3726806640625,0.0,91305.96875,269.3916931152344,283.63311767578125,294.6305847167969,0.0020564205478876,0.0075465627014636,0.0114928446710109,-1.617340087890625,-2.1991729736328125,2.656982421875,-5.333984375,0.6812591552734375,-0.4528961181640625
2017-09-23,18,3,296.38397216796875,292.33465576171875,0.2053375244140625,-1.7219696044921875,0.0,91556.546875,269.0204162597656,281.65728759765625,293.935791015625,0.0021447821054607,0.0087749771773815,0.0113537348806858,-3.358489990234375,-1.377471923828125,1.7256011962890625,-4.78363037109375,2.195404052734375,-4.3145904541015625
2017-09-24,0,0,295.73992919921875,292.1146850585937,1.0817718505859375,-1.3417205810546875,0.125,91449.71875,268.28045654296875,282.9479675292969,291.9926147460937,0.0029126147273927,0.0086607746779918,0.0126462541520595,-4.558868408203125,-2.691162109375,-0.0629730224609375,-4.948272705078125,0.5397796630859375,-5.0740966796875
2017-09-24,6,1,300.297119140625,294.2576904296875,1.4234619140625,-1.805084228515625,856.25,91546.0,268.5400390625,283.0985717773437,292.112548828125,0.0031587786506861,0.008348811417818,0.014735247939825,-4.13555908203125,-1.278717041015625,1.793792724609375,-3.966094970703125,0.3881072998046875,-3.0062713623046875
2017-09-24,12,2,299.353515625,295.8207397460937,0.0497589111328125,-0.8291015625,1120.375,91291.609375,268.5150756835937,283.05194091796875,293.252685546875,0.0042250324040651,0.0093588680028915,0.01470647752285,-2.9967193603515625,0.6205596923828125,2.883026123046875,-4.31256103515625,-1.33331298828125,-2.9340057373046875
2017-09-24,18,3,295.39617919921875,294.16632080078125,1.25555419921875,0.4729156494140625,263.375,91546.34375,268.1141052246094,282.983642578125,290.67706298828125,0.0042984522879123,0.0091794934123754,0.0145403780043125,-4.283981323242188,1.020843505859375,5.132476806640625,-3.95684814453125,-3.9467926025390634,-3.534530639648437
2017-09-25,0,0,294.20654296875,293.2210693359375,2.77252197265625,-0.1641693115234375,172.625,91354.859375,268.51690673828125,282.8618469238281,290.628173828125,0.0050538219511508,0.0091113401576876,0.0139922760426998,-4.7397003173828125,-1.2057647705078125,7.4789581298828125,-3.822998046875,-4.6872100830078125,-3.5579071044921875
2017-09-25,6,1,296.25201416015625,293.3569641113281,4.430099487304688,-0.70562744140625,68.875,91458.828125,268.3731689453125,282.72613525390625,290.1259765625,0.0046536661684513,0.009401611983776,0.0133969113230705,-6.36004638671875,-0.59002685546875,6.7647552490234375,-1.923126220703125,-2.776947021484375,-1.914031982421875
2017-09-25,12,2,298.7532958984375,293.931640625,2.533966064453125,-0.0428619384765625,37.0,91109.625,268.5070495605469,283.46044921875,292.2471923828125,0.0047708116471767,0.0091730989515781,0.0134941898286342,-2.517074584960937,1.188629150390625,6.598388671875,-2.83868408203125,-1.937774658203125,-2.602035522460937
2017-09-25,18,3,295.134521484375,294.09259033203125,1.6313018798828125,-0.3451080322265625,166.25,91369.234375,268.5927429199219,283.337890625,291.13641357421875,0.0050487741827964,0.0090224146842956,0.0139112938195467,-1.54296875,-0.3672637939453125,5.526123046875,-0.761566162109375,-3.798492431640625,-3.633010864257813
2017-09-26,0,0,294.76348876953125,293.4606628417969,2.154541015625,-0.478729248046875,63.5,91272.5,268.94873046875,282.697265625,290.93975830078125,0.0048381313681602,0.0086450278759002,0.013643592596054,-0.800048828125,0.5195465087890625,5.388107299804688,-1.61279296875,-2.693023681640625,-4.896392822265625
2017-09-26,6,1,298.380859375,294.8196105957031,2.348007202148437,-1.2822265625,1018.75,91374.546875,268.9129638671875,283.3036499023437,290.8681640625,0.0045462027192115,0.0084770880639553,0.0143293961882591,-0.32330322265625,1.6960296630859375,3.4784088134765625,-1.8009796142578125,-3.3216552734375,-3.867645263671875
2017-09-26,12,2,299.298583984375,295.4898986816406,0.28936767578125,-0.665191650390625,824.0,91062.078125,269.8592529296875,283.4916381835937,292.96063232421875,0.004245139658451,0.0091601759195327,0.0153227970004081,0.5169830322265625,1.5003662109375,0.9116058349609376,-3.756027221679688,-2.637603759765625,-3.3077392578125
2017-09-26,18,3,295.5318298339844,294.31646728515625,1.9887847900390625,-0.9983673095703124,359.0,91397.828125,268.86968994140625,282.6972961425781,290.6381225585937,0.0050697810947895,0.0096823051571846,0.0147160608321428,2.202239990234375,-0.2358551025390625,2.16412353515625,-2.38653564453125,-3.551300048828125,-3.4187164306640625
2017-09-27,0,0,294.58331298828125,293.24676513671875,1.9477081298828125,-1.0572967529296875,88.25,91286.59375,268.79461669921875,283.13836669921875,291.11041259765625,0.0052768364548683,0.0097464472055435,0.0139481760561466,0.948028564453125,1.396240234375,-0.3144378662109375,-2.468353271484375,-2.57965087890625,-1.6224212646484375
2017-09-27,6,1,298.49029541015625,293.9613037109375,2.0173492431640625,-0.3572998046875,233.75,91403.515625,269.08563232421875,283.0325622558594,290.7033996582031,0.0048189535737037,0.0093462914228439,0.014104101806879,0.6513671875,-2.215927124023437,2.05194091796875,-3.031723022460937,-2.837997436523437,-1.0585479736328125
2017-09-27,12,2,297.14678955078125,294.61407470703125,0.0503997802734375,1.0053558349609375,528.625,91157.953125,269.1083374023437,283.5125732421875,291.6407470703125,0.0055005885660648,0.0098146200180053,0.0151652134954929,-0.1378936767578125,-0.45025634765625,1.6359710693359375,-2.463348388671875,-2.04559326171875,0.8193817138671875
2017-09-27,18,3,294.65447998046875,293.9000244140625,1.9741668701171875,0.207672119140625,320.5,91400.0,269.47039794921875,282.77899169921875,290.56982421875,0.0057361871004104,0.0096175298094749,0.0145715922117233,0.427398681640625,1.4080047607421875,4.5547943115234375,-3.402618408203125,-3.541717529296875,-3.757049560546875
2017-09-28,0,0,294.9892578125,293.47613525390625,2.1483917236328125,-0.3163299560546875,55.75,91203.421875,268.71075439453125,283.0520324707031,291.0315246582031,0.0049397014081478,0.0085684694349765,0.0141343958675861,-0.5660400390625,3.96710205078125,6.0225677490234375,1.1963653564453125,-3.6015625,-3.0243072509765625
2017-09-28,6,1,297.8974609375,295.636474609375,2.875823974609375,0.275146484375,642.375,91349.1875,269.7822265625,282.33056640625,291.32354736328125,0.004786305129528,0.0094045996665954,0.0145076662302017,2.871810913085937,3.162094116210937,4.7828521728515625,-0.221038818359375,-1.896759033203125,-2.2279510498046875
2017-09-28,12,2,296.89996337890625,294.2764892578125,2.649383544921875,1.2178192138671875,288.0,91148.109375,269.30157470703125,283.3949279785156,291.6767883300781,0.0051909945905208,0.0094717182219028,0.014351699501276,2.613037109375,3.900970458984375,7.191925048828125,-1.65155029296875,-0.153106689453125,1.1656646728515625
2017-09-28,18,3,294.735107421875,293.4132080078125,3.261825561523437,0.4610748291015625,96.25,91367.03125,269.2253723144531,283.1964416503906,290.8601379394531,0.0050580725073814,0.0097432155162096,0.0146578773856163,0.9912109375,4.9920196533203125,10.660400390625,-0.294708251953125,-1.091552734375,-2.37310791015625
2017-09-29,0,0,295.13336181640625,293.4306640625,2.940658569335937,0.63238525390625,21.0,91272.75,268.79656982421875,283.11553955078125,290.03472900390625,0.0050909779965877,0.009737741202116,0.0139125995337963,3.5499267578125,7.635711669921875,10.450088500976562,3.408065795898437,-1.114654541015625,-2.643417358398437
2017-09-29,6,1,297.08221435546875,294.6681823730469,4.252975463867188,0.9832305908203124,28.5,91377.265625,269.5639343261719,283.3697814941406,290.1367492675781,0.0042135939002037,0.0107051953673362,0.0140441693365573,4.6345977783203125,5.553375244140625,7.3694000244140625,2.885116577148437,0.6190948486328125,-0.1195526123046875
2017-09-29,12,2,298.095947265625,294.322265625,2.243499755859375,0.1314697265625,2.25,91076.34375,270.02105712890625,285.11773681640625,291.84771728515625,0.0042251665145158,0.0084653422236442,0.0146002992987632,6.3185882568359375,5.154876708984375,5.604995727539063,2.1070556640625,-2.1331939697265625,-0.740020751953125
2017-09-29,18,3,295.6474609375,294.0428466796875,2.2136993408203125,0.08831787109375,14.5,91416.296875,269.97735595703125,283.3895263671875,290.85955810546875,0.0041032172739505,0.0095723792910575,0.0145406443625688,4.971527099609375,3.5077667236328125,7.258026123046875,3.0926513671875,-0.6817626953125,-1.5900726318359375
2017-09-30,0,0,295.2606201171875,293.5564270019531,2.3488006591796875,0.33355712890625,3.5,91326.359375,269.2625732421875,283.1352233886719,290.36236572265625,0.0048373048193752,0.0099781416356563,0.0142627879977226,3.1207733154296875,3.118392944335937,5.2935943603515625,2.6217498779296875,0.9755706787109376,-2.236541748046875
2017-09-30,6,1,298.014892578125,293.8056030273437,2.283355712890625,0.5634613037109375,106.625,91481.84375,269.71484375,283.3843688964844,291.28631591796875,0.0045044757425785,0.0103748850524425,0.0145382359623909,1.8209075927734373,3.424224853515625,3.420684814453125,3.5136260986328125,0.236083984375,0.3481903076171875
2017-09-30,12,2,298.4169616699219,295.147705078125,1.764556884765625,0.0167388916015625,229.75,91257.9375,270.11492919921875,284.6835327148437,292.284912109375,0.0039210002869367,0.0095424875617027,0.0147668980062007,0.632232666015625,4.7792510986328125,4.402114868164063,2.774032592773437,2.0076904296875,1.5482025146484375
2017-09-30,18,3,296.1741943359375,294.44561767578125,1.744171142578125,-0.3135223388671875,48.375,91500.375,269.5422668457031,283.2044982910156,291.4079284667969,0.0035716576967388,0.0106481052935123,0.0142597965896129,1.1887054443359375,2.376983642578125,5.5197601318359375,3.2144775390625,0.082489013671875,-0.9967498779296876
2017-10-01,0,0,295.2908935546875,293.9741516113281,0.9859161376953124,-0.2623748779296875,2.75,91418.453125,269.1734619140625,283.0802307128906,290.7950744628906,0.0034435472916811,0.0105301029980182,0.0140496529638767,3.694168090820313,0.4675445556640625,3.9755706787109375,2.4637908935546875,0.7046356201171875,-0.707366943359375
2017-10-01,6,1,298.2418212890625,294.1361694335937,2.214691162109375,1.0132904052734375,14.75,91443.171875,269.54443359375,283.575439453125,291.76348876953125,0.0037280418910086,0.0102799832820892,0.0141122713685035,3.521820068359375,-1.250396728515625,2.60028076171875,2.311920166015625,0.7209930419921875,1.0620574951171875
2017-10-01,12,2,298.0717163085937,295.09197998046875,3.0637664794921875,1.04730224609375,463.125,91218.078125,268.95037841796875,284.0909423828125,292.1940612792969,0.0040860399603843,0.0103383213281631,0.0151127986609935,1.6719512939453125,3.1060333251953125,8.380569458007812,3.928863525390625,2.8924102783203125,3.5980224609375
2017-10-01,18,3,294.3242492675781,292.8485107421875,2.17852783203125,1.45489501953125,46.5,91455.453125,268.427001953125,283.6300964355469,290.39410400390625,0.0039564371109008,0.0104029290378093,0.0137820355594158,2.687530517578125,4.413055419921875,7.495697021484375,4.547515869140625,3.2104644775390625,-0.094268798828125
2017-10-02,0,0,294.8688659667969,292.9813842773437,3.00115966796875,0.3112335205078125,25.25,91266.046875,268.66815185546875,283.0673828125,290.1662292480469,0.0035317717120051,0.0101422704756259,0.0137680694460868,4.38714599609375,2.769561767578125,7.0237579345703125,6.9847564697265625,0.522979736328125,-2.1283111572265625
2017-10-02,6,1,298.464599609375,293.392333984375,2.7930450439453125,-1.2241973876953125,45.875,91324.8125,269.25115966796875,284.0142822265625,291.7862548828125,0.0037659592926502,0.0090724006295204,0.0142452158033847,6.8867950439453125,2.018707275390625,3.646804809570313,3.727630615234375,1.1596221923828125,-1.5686798095703125
2017-10-02,12,2,299.48077392578125,294.73846435546875,1.3974609375,0.345947265625,103.625,91075.921875,269.8935852050781,284.33251953125,292.4156494140625,0.003786812769249,0.008700955659151,0.014650359749794,5.584136962890625,4.8891448974609375,4.43731689453125,1.14349365234375,3.2804412841796875,1.99371337890625
2017-10-02,18,3,295.6207275390625,294.073974609375,2.0210113525390625,0.85687255859375,1.625,91409.328125,269.6378173828125,283.0844116210937,291.56524658203125,0.0033356971107423,0.0096234455704689,0.0129053257405757,4.5933380126953125,3.502670288085937,6.7718048095703125,0.73602294921875,2.805648803710937,2.18548583984375
2017-10-03,0,0,295.36065673828125,293.5935974121094,1.5958099365234375,0.9127349853515624,0.5,91307.953125,268.7347412109375,283.545654296875,290.72412109375,0.0035243367310613,0.0097980387508869,0.0132718309760093,4.5346527099609375,1.982086181640625,5.4136505126953125,-1.3721466064453125,1.0051116943359375,-0.1273040771484375
2017-10-03,6,1,300.16668701171875,294.009521484375,2.972625732421875,0.090576171875,4.25,91370.15625,268.96173095703125,284.802978515625,292.2900085449219,0.0034427726641297,0.0088359732180833,0.0135079883038997,3.195220947265625,1.6454925537109375,4.1298370361328125,-1.9234619140625,3.131072998046875,-0.011138916015625
2017-10-03,12,2,300.5736694335937,294.83575439453125,2.0153045654296875,0.822540283203125,921.5,91110.46875,269.0424194335937,283.703857421875,293.5316467285156,0.0037171146832406,0.010070014744997,0.0142665430903434,1.0084075927734375,2.945648193359375,5.868316650390625,-1.0070037841796875,3.1219024658203125,2.21405029296875
2017-10-03,18,3,295.995361328125,294.2462158203125,0.8379058837890625,-1.1384124755859375,146.5,91432.59375,268.630126953125,283.921142578125,291.6861572265625,0.0042741862125694,0.0096592158079147,0.01440916582942,0.0597381591796875,2.1711883544921875,5.6298675537109375,-2.980682373046875,0.9384918212890624,0.6953582763671875
2017-10-04,0,0,295.3461303710937,293.7711486816406,1.033447265625,-0.0659027099609375,87.375,91318.15625,268.11187744140625,283.1962585449219,291.94073486328125,0.004866013303399,0.0095423124730587,0.0132636427879333,-1.124176025390625,1.6517181396484375,4.1017913818359375,-2.642807006835937,0.6722869873046875,-1.327606201171875
2017-10-04,6,1,298.84136962890625,293.7870788574219,2.917877197265625,-0.8209686279296875,48.0,91436.96875,268.72247314453125,284.7743530273437,291.9559936523437,0.0048482865095138,0.008711664006114,0.0142101794481277,-1.542510986328125,1.5273284912109375,3.555999755859375,-2.4032745361328125,2.1942901611328125,-1.09033203125
2017-10-04,12,2,299.72418212890625,294.35015869140625,0.9488525390625,-0.1890869140625,282.0,91162.0625,268.87286376953125,283.0400085449219,293.3886413574219,0.0048831142485141,0.0103783756494522,0.0142248179763555,-0.54803466796875,2.65655517578125,3.847976684570313,-3.2280426025390625,1.9067840576171875,0.7071075439453125
2017-10-04,18,3,295.0870361328125,293.8667907714844,0.979949951171875,-0.9294586181640624,255.875,91406.625,268.6455383300781,283.93408203125,291.3929443359375,0.0048286207020282,0.0098925661295652,0.0146256908774375,-0.00994873046875,2.97454833984375,3.3642578125,-1.5794525146484375,-1.8335723876953125,0.2202606201171875
2017-10-05,0,0,295.074951171875,293.407470703125,1.5558319091796875,-0.450714111328125,81.5,91230.84375,268.4877624511719,283.154052734375,290.71099853515625,0.0049816016107797,0.009107120335102,0.0139851793646812,1.1476898193359375,0.5377655029296875,4.6146087646484375,-1.437713623046875,-1.5149383544921875,-1.5687408447265625
2017-10-05,6,1,299.4532775878906,295.2909545898437,2.2559051513671875,-1.0178680419921875,339.375,91322.1875,269.097412109375,283.5968322753906,291.6571044921875,0.0046338401734828,0.008456002920866,0.0149783510714769,2.076141357421875,-1.043182373046875,3.267364501953125,1.315338134765625,-0.1985321044921875,-1.8141632080078125
2017-10-05,12,2,296.8368225097656,294.3699645996094,-0.00445556640625,-1.0346832275390625,523.0,91045.4375,269.41180419921875,283.93182373046875,291.87841796875,0.0042158886790275,0.0089411027729511,0.0151178129017353,1.3980255126953125,0.7371978759765625,1.022552490234375,-0.5518646240234375,0.5268707275390625,-2.385604858398437
2017-10-05,18,3,295.042724609375,294.155517578125,0.56011962890625,0.41900634765625,177.75,91285.640625,269.1829833984375,283.9378662109375,291.07147216796875,0.0046917684376239,0.0088347792625427,0.0147206792607903,-0.77935791015625,2.0626220703125,2.331787109375,0.2277679443359375,0.0810699462890625,-1.1178741455078125
2017-10-06,0,0,295.6595458984375,294.422607421875,1.1430206298828125,0.2728118896484375,48.125,91146.875,269.22119140625,283.1288452148437,291.62969970703125,0.0050746537744998,0.0092714577913284,0.0140357762575149,-2.6894683837890625,0.659149169921875,2.6490631103515625,0.3818206787109375,-1.2192230224609375,-1.9150543212890625
2017-10-06,6,1,299.5306396484375,294.9085998535156,1.2182159423828125,0.1571044921875,830.25,91265.46875,269.8978271484375,283.6485595703125,291.83740234375,0.0047890916466712,0.0089748725295066,0.0154708698391914,-4.489837646484375,0.0527191162109375,1.7496337890625,2.351348876953125,1.1734771728515625,-0.10906982421875
2017-10-06,12,2,297.98980712890625,294.9166259765625,1.0230865478515625,0.5355682373046875,712.75,91028.15625,269.6972045898437,283.61395263671875,292.5457763671875,0.0044874139130115,0.0092892050743103,0.0155218094587326,-3.890228271484375,0.5165252685546875,2.7074432373046875,2.1129302978515625,2.8252410888671875,1.293548583984375
2017-10-06,18,3,294.87628173828125,294.0435791015625,0.6999359130859375,-0.709686279296875,176.125,91325.875,269.3744506835937,283.66473388671875,291.65252685546875,0.0040499120950698,0.0093498714268207,0.0150380246341228,-4.242828369140625,2.82391357421875,4.20245361328125,5.008819580078125,1.871337890625,-0.98907470703125
2017-10-07,0,0,295.9879150390625,294.1236572265625,0.7568206787109375,0.0125732421875,69.375,91181.84375,269.1430358886719,283.5545654296875,290.9678955078125,0.0035945556592196,0.0098590422421693,0.0146119259297847,-1.7089996337890625,1.0467529296875,2.3761444091796875,4.94866943359375,1.723175048828125,-2.197357177734375
2017-10-07,6,1,299.671142578125,294.3593139648437,1.1872406005859375,0.886016845703125,157.625,91280.65625,269.55419921875,284.93292236328125,293.11700439453125,0.0025000562891364,0.0090879276394844,0.014393888413906,-4.0506134033203125,-0.873443603515625,1.1992340087890625,2.770751953125,1.9344635009765625,1.18121337890625
2017-10-07,12,2,299.94873046875,294.8702697753906,0.2373199462890625,1.192047119140625,332.625,91032.140625,270.34765625,283.9713134765625,293.460205078125,0.0027959577273577,0.0105288587510585,0.014746505767107,-2.29803466796875,-1.1178131103515625,0.897308349609375,0.4521636962890625,2.478012084960937,2.33172607421875
2017-10-07,18,3,296.5856628417969,294.934814453125,0.2826995849609375,1.1891326904296875,256.5,91309.734375,269.6086730957031,283.83673095703125,291.0428466796875,0.0035978443920612,0.0103909838944673,0.0147623438388109,-1.62493896484375,-1.194793701171875,2.094482421875,0.98883056640625,2.639129638671875,3.784210205078125
2017-10-08,0,0,296.2045288085937,294.4805908203125,1.1741485595703125,0.9429779052734376,8.875,91177.71875,269.40966796875,283.5458374023437,291.34197998046875,0.0036359427031129,0.0100386962294578,0.0143289044499397,-2.6978759765625,-0.4629669189453125,3.9439544677734375,0.3493804931640625,3.671920776367188,1.2221527099609375
2017-10-08,6,1,300.0892944335937,293.5537109375,1.7701263427734375,1.3146514892578125,132.125,91272.953125,270.1537780761719,284.313232421875,292.3951416015625,0.0036072167567908,0.0092468596994876,0.0145386308431625,-3.9165191650390634,-0.046173095703125,2.406723022460937,1.27703857421875,4.115814208984375,1.8324737548828125
2017-10-08,12,2,301.16748046875,295.02667236328125,0.82720947265625,0.5400390625,611.625,90982.15625,271.12890625,284.301025390625,294.22247314453125,0.0028108919505029,0.0098106563091278,0.0142120495438575,-1.494873046875,0.950103759765625,3.661788940429688,3.1865386962890625,3.9774017333984375,1.9633331298828125
2017-10-08,18,3,296.9647827148437,294.327392578125,0.9825897216796876,-1.0943603515625,273.125,91363.5,269.11431884765625,283.08843994140625,291.0282897949219,0.0039456752128899,0.0106826461851596,0.0148590877652168,-1.979583740234375,2.277084350585937,4.705780029296875,2.838470458984375,2.1394500732421875,0.1182098388671875
2017-10-09,0,0,295.9237670898437,294.2889404296875,0.3238372802734375,1.322662353515625,119.5,91165.109375,269.400146484375,283.8306579589844,291.2315673828125,0.0036762477830052,0.0092205666005611,0.0143186636269092,-2.352935791015625,0.9353179931640624,4.7846221923828125,2.5260467529296875,1.817169189453125,2.4498443603515625
2017-10-09,6,1,300.0914001464844,294.19891357421875,2.377105712890625,1.0750732421875,275.625,91225.203125,269.8705749511719,284.997314453125,293.0859069824219,0.0029219894204288,0.0084157064557075,0.0140659809112548,-2.484619140625,-0.7944793701171875,3.08465576171875,2.0555572509765625,1.0152130126953125,1.178863525390625
2017-10-09,12,2,299.77716064453125,294.925048828125,1.39886474609375,1.423583984375,287.75,90944.359375,270.36553955078125,284.54205322265625,294.0542907714844,0.002089436398819,0.0102309212088584,0.0143566727638244,-3.224716186523437,-0.657257080078125,4.459396362304688,0.44354248046875,1.0870819091796875,3.51397705078125
2017-10-09,18,3,295.8817749023437,294.0020751953125,1.72821044921875,1.1976318359375,164.875,91274.015625,269.259521484375,283.9425354003906,291.11993408203125,0.0028539674822241,0.0109307058155536,0.0138247087597846,-2.3703765869140625,-2.2874298095703125,8.161666870117188,0.6410369873046875,1.4791412353515625,2.33404541015625
2017-10-10,0,0,295.5907897949219,293.5108642578125,0.991302490234375,-1.5362396240234375,29.5,91213.5,268.5263061523437,282.61309814453125,291.06304931640625,0.0036037520039826,0.0103621296584606,0.0124070532619953,-5.140533447265625,-1.2816162109375,7.1143951416015625,3.547760009765625,3.388916015625,-2.2012176513671875
2017-10-10,6,1,300.3812255859375,293.5104064941406,1.277130126953125,-0.70257568359375,233.375,91249.734375,267.9893798828125,284.3846435546875,292.6536865234375,0.0036533388774842,0.0083730407059192,0.0139601863920688,-0.010101318359375,-2.2031707763671875,1.67352294921875,4.6676025390625,1.0663604736328125,-1.045745849609375
2017-10-10,12,2,300.6818542480469,295.017578125,0.490478515625,0.27252197265625,196.75,90914.0,269.20233154296875,284.2854919433594,294.3905334472656,0.0031043596100062,0.0093698762357234,0.0137776061892509,3.613037109375,-3.1080322265625,0.975128173828125,-2.082138061523437,2.8434295654296875,0.5143585205078125
2017-10-10,18,3,296.2340087890625,294.5735168457031,-1.259521484375,1.072296142578125,148.0,91234.421875,269.0844421386719,283.42547607421875,291.6962585449219,0.0033472015056759,0.010017417371273,0.0141147226095199,0.304473876953125,-0.7848663330078125,1.5081939697265625,-2.097518920898437,2.648590087890625,2.444076538085937
2017-10-11,0,0,295.581298828125,293.8409118652344,-0.973297119140625,0.9682464599609376,219.0,91187.578125,268.470703125,282.5575561523437,290.1473388671875,0.004080737940967,0.0100176408886909,0.0138802975416183,-2.4033355712890625,-0.852996826171875,2.586639404296875,-1.371551513671875,2.2024078369140625,-0.1060943603515625
2017-10-11,6,1,299.9541931152344,294.64093017578125,0.801727294921875,1.0622711181640625,130.375,91235.03125,268.693603515625,284.4306945800781,292.459228515625,0.0039431760087609,0.0083266831934452,0.014209471642971,-2.6555633544921875,-1.0525665283203125,1.0269317626953125,-0.465545654296875,1.6810150146484375,1.30133056640625
2017-10-11,12,2,300.423095703125,295.3050537109375,0.4935302734375,0.930816650390625,737.5,91049.015625,269.150634765625,283.8950500488281,293.5455627441406,0.0034366475883871,0.0088236294686794,0.0145463086664676,-5.0965576171875,1.102294921875,2.39019775390625,-1.154327392578125,1.4009552001953125,2.4506072998046875
2017-10-11,18,3,295.6499328613281,294.2157287597656,-0.22259521484375,0.97576904296875,194.5,91371.515625,268.3348999023437,283.5238037109375,291.17144775390625,0.005050104111433,0.008493635803461,0.0142648145556449,-3.644500732421875,1.8264617919921875,5.56072998046875,0.7258453369140625,-2.559921264648437,1.4350738525390625
2017-10-12,0,0,295.1718444824219,293.7813720703125,0.4694366455078125,-0.068634033203125,128.25,91224.15625,268.34979248046875,283.8773498535156,291.9144897460937,0.0048560388386249,0.0083330422639846,0.0128287933766841,-4.40423583984375,-0.418670654296875,4.431304931640625,-1.456787109375,-0.2042694091796875,-1.3492889404296875
2017-10-12,6,1,299.3660888671875,294.5927734375,1.24249267578125,-0.1940155029296875,298.0,91301.71875,268.43658447265625,283.4844055175781,292.3515930175781,0.0042518824338912,0.0091567225754261,0.0128724388778209,-6.2831573486328125,-0.1083831787109375,1.804840087890625,-1.6730194091796875,-0.367095947265625,-0.9883270263671876
2017-10-12,12,2,299.50469970703125,294.708740234375,0.5534210205078125,0.416046142578125,223.5,91081.625,269.0444030761719,283.4013061523437,293.36578369140625,0.0035559406969696,0.0089006498456001,0.0134571902453899,-5.928192138671875,0.1915740966796875,1.9188385009765625,-2.806182861328125,-1.2271575927734375,-0.697296142578125
2017-10-12,18,3,295.5048828125,293.7342529296875,1.6321868896484375,0.2176513671875,218.375,91353.125,268.73846435546875,282.9468994140625,291.89630126953125,0.0033439102116972,0.0086186006665229,0.0143652837723493,-7.070571899414063,0.36456298828125,4.1341705322265625,-3.2179412841796875,-2.997894287109375,0.7145538330078125
2017-10-13,0,0,295.1786499023437,293.4183349609375,1.165985107421875,-0.64849853515625,25.125,91157.703125,268.3525390625,283.67242431640625,291.57086181640625,0.0038396078161895,0.0084495618939399,0.013712715357542,-5.330322265625,-0.428741455078125,4.076339721679688,-2.3804931640625,-2.4501495361328125,-2.0016632080078125
2017-10-13,6,1,300.0591125488281,295.3284606933594,1.027984619140625,-0.70196533203125,935.0,91272.484375,268.6294250488281,282.9570617675781,291.80352783203125,0.0043272115290164,0.0089192502200603,0.0152442120015621,-3.587509155273437,-2.3099822998046875,1.3072509765625,-3.1603240966796875,-2.288192749023437,-1.22314453125
2017-10-13,12,2,298.9056701660156,295.1988525390625,-0.5056304931640625,1.1243743896484375,303.25,91010.546875,269.1967468261719,283.4404602050781,292.921630859375,0.005176194012165,0.0094752125442028,0.0141664929687976,-6.4163970947265625,-1.949005126953125,-0.2894134521484375,-6.02825927734375,-1.63421630859375,1.68115234375
2017-10-13,18,3,295.09588623046875,293.9216613769531,2.0039215087890625,-0.13641357421875,191.5,91294.90625,269.1087646484375,282.593017578125,291.4411926269531,0.0052173621952533,0.0100445859134197,0.0141295697540044,-9.027267456054688,-2.904937744140625,6.1623077392578125,-4.354248046875,0.3578338623046875,1.52520751953125
2017-10-14,0,0,295.3072509765625,293.8057861328125,1.99517822265625,-1.0365142822265625,134.5,91201.890625,268.4501647949219,282.25848388671875,291.45526123046875,0.0051029585301876,0.0097591318190097,0.013150991871953,-4.667877197265625,1.1827850341796875,6.6121978759765625,-3.4034881591796875,-0.783660888671875,-2.6430206298828125
2017-10-14,6,1,298.494873046875,294.5334167480469,2.0730133056640625,-0.0458526611328125,383.0,91321.078125,268.69586181640625,283.0794677734375,291.38165283203125,0.0048249820247292,0.0091621428728103,0.0144569315016269,-5.974395751953125,-1.112579345703125,2.4358673095703125,-0.1275482177734375,-2.5623016357421875,-1.4890594482421875
2017-10-14,12,2,297.4808349609375,294.91796875,1.2153472900390625,0.64666748046875,544.75,91026.0,269.5828857421875,283.9848327636719,292.32470703125,0.0044085271656513,0.0088823363184928,0.0149848237633705,-6.930999755859375,-1.5261383056640625,5.844161987304688,-0.5243682861328125,-0.22149658203125,1.58563232421875
2017-10-14,18,3,294.80633544921875,293.2579650878906,1.9003143310546875,0.4723358154296875,142.5,91296.328125,269.00555419921875,282.90771484375,291.84881591796875,0.0052031520754098,0.0096150496974587,0.0136636681854724,-4.3172454833984375,-0.8870697021484375,6.405487060546875,-2.20904541015625,0.4982452392578125,-0.9961090087890624
2017-10-15,0,0,294.7654724121094,293.32794189453125,2.4978485107421875,0.34454345703125,73.625,91211.15625,268.48565673828125,283.9632568359375,290.8080749511719,0.0050973854959011,0.0087662488222122,0.0136459376662969,-3.90838623046875,-1.9180450439453125,8.564056396484375,0.8339080810546875,-0.62054443359375,-1.4884033203125
2017-10-15,6,1,298.09283447265625,293.6810302734375,3.4964599609375,1.138214111328125,899.5,91462.671875,268.7738342285156,282.68243408203125,290.9538879394531,0.0042501911520957,0.0100794304162263,0.0132676847279071,-6.3566436767578125,-2.10467529296875,8.087509155273438,-0.3567657470703125,-1.1108245849609375,-0.7785491943359375
2017-10-15,12,2,297.70166015625,294.9755249023437,2.759262084960937,0.2477874755859375,143.75,91200.84375,269.2030029296875,283.4736328125,291.55584716796875,0.0046139098703861,0.0101021286100149,0.0137094445526599,-4.5034942626953125,1.1428985595703125,9.747207641601562,-1.0193634033203125,-1.646636962890625,0.06201171875
2017-10-15,18,3,294.82647705078125,293.38299560546875,3.2575225830078125,0.664581298828125,0.0,91469.390625,268.21124267578125,283.2537841796875,290.7484741210937,0.0045187957584857,0.0099686123430728,0.0123709142208099,-2.4317626953125,0.7509613037109375,10.505142211914062,-2.13079833984375,-3.506591796875,-2.785888671875
2017-10-16,0,0,293.978759765625,292.1874694824219,2.697250366210937,0.2964324951171875,19.875,91331.078125,268.65203857421875,282.911376953125,290.95416259765625,0.0039039808325469,0.010371409356594,0.0123780518770217,-0.006256103515625,0.0950164794921875,10.879196166992188,-5.680435180664063,-3.74749755859375,-3.2621307373046875
2017-10-16,6,1,297.1663818359375,293.067138671875,3.6349029541015625,-1.1070556640625,4.0,91463.5,268.5247802734375,283.39990234375,290.35418701171875,0.0049116946756839,0.0098147727549076,0.0134375467896461,-0.0530853271484375,0.943206787109375,6.65936279296875,-7.1136627197265625,-5.4847259521484375,-3.950637817382813
2017-10-16,12,2,297.563720703125,294.05841064453125,1.632110595703125,-0.53802490234375,220.0,91259.84375,268.2681884765625,283.0131530761719,291.5047607421875,0.0047408863902091,0.0099164545536041,0.01401296723634,-1.1366729736328125,0.5595855712890625,5.45660400390625,-11.061782836914062,-7.706710815429687,-4.1072540283203125
2017-10-16,18,3,295.139892578125,293.86676025390625,2.191864013671875,-0.1088714599609375,55.125,91418.9375,268.46221923828125,283.0320739746094,291.1571044921875,0.0033018449321389,0.0086830332875251,0.014334712177515,-4.9295196533203125,-2.352203369140625,5.728302001953125,-8.236160278320312,-5.780685424804688,-4.730484008789063
2017-10-17,0,0,295.13970947265625,293.6729736328125,2.017807006835937,-0.7792205810546875,31.875,91258.9375,267.538818359375,282.71490478515625,291.2554931640625,0.0032058358192443,0.0084052383899688,0.0138594806194305,-10.322952270507812,-1.9686431884765625,4.7743072509765625,-8.229171752929688,-4.558135986328125,-5.8208770751953125
2017-10-17,6,1,299.1954650878906,294.32696533203125,1.3741912841796875,-2.541534423828125,474.875,91442.28125,268.6791687011719,282.0621643066406,291.5588073730469,0.0018568544182926,0.0068909265100955,0.0144633650779724,-12.010009765625,-1.6788482666015625,1.725830078125,-7.28875732421875,-4.6133880615234375,-4.4462738037109375
2017-10-17,12,2,298.734619140625,293.6954345703125,0.122314453125,-1.2288818359375,273.5,91173.78125,268.83892822265625,282.35357666015625,292.99395751953125,0.0019296589307487,0.0059904269874095,0.0128766074776649,-9.18548583984375,0.0809326171875,-1.2257843017578125,-9.774703979492188,-5.4647369384765625,-4.2681732177734375
2017-10-17,18,3,294.8563232421875,293.82000732421875,0.1110382080078125,-0.586029052734375,77.25,91346.25,268.80279541015625,282.44287109375,292.4002380371094,0.0026735332794487,0.0061102695763111,0.0134854316711425,-12.915115356445312,1.3447418212890625,-0.8295440673828125,-7.682647705078125,-7.150634765625,-4.2906494140625
2017-10-18,0,0,294.5572814941406,293.36627197265625,1.7371673583984375,0.17816162109375,110.0,91177.953125,267.9253845214844,281.5924377441406,291.60186767578125,0.0016103368252515,0.005969475954771,0.0137034282088279,-10.782821655273438,1.12432861328125,3.798370361328125,-12.870132446289062,-6.599365234375,-3.939208984375
2017-10-18,6,1,299.52301025390625,293.3240661621094,1.806365966796875,-2.2641754150390625,193.375,91389.546875,269.02691650390625,281.6647033691406,292.11383056640625,0.0051293857395648,0.0072083808481693,0.0135177709162235,-12.833541870117188,1.9031219482421875,2.059188842773437,-3.4408721923828125,-4.444549560546875,-4.671966552734375
2017-10-18,12,2,299.94940185546875,293.0945739746094,0.5017242431640625,-1.1049957275390625,32.75,91123.828125,269.0613098144531,282.3619384765625,293.3319091796875,0.0042742565274238,0.0079428628087043,0.0120995864272117,-8.561248779296875,3.5830535888671875,0.0347900390625,-4.967742919921875,-4.5153350830078125,-5.479034423828125
2017-10-18,18,3,294.4242248535156,292.95196533203125,2.00323486328125,0.2499847412109375,17.375,91329.078125,270.0191650390625,281.7619323730469,292.998779296875,0.0018588709644973,0.0072122998535633,0.0114992707967758,-11.945816040039062,3.3480682373046875,1.8553466796875,-9.283889770507812,-3.813278198242188,-3.7120361328125
2017-10-19,0,0,293.96148681640625,292.46710205078125,1.6537933349609375,-0.2832183837890625,0.5,91158.46875,269.0541381835937,282.99420166015625,292.62994384765625,0.0024702646769583,0.0054502412676811,0.0099483653903007,-8.423080444335938,4.247116088867188,3.267929077148437,-7.72564697265625,-1.2377777099609375,-5.2223968505859375
2017-10-19,6,1,300.5021057128906,291.9159240722656,2.20611572265625,-2.019271850585937,0.0,91333.296875,268.3456420898437,282.34051513671875,292.4645080566406,0.0037357029505074,0.0069407373666763,0.0119467191398143,-4.3558349609375,6.367523193359375,2.9368896484375,-5.568771362304688,0.52886962890625,-3.55303955078125
2017-10-19,12,2,300.8521423339844,292.9751281738281,0.9633636474609376,-1.0545196533203125,0.0,91104.671875,269.0254821777344,283.279541015625,293.823486328125,0.0029030146542936,0.0065319836139678,0.0110293254256248,-0.8608551025390625,8.879989624023438,2.642791748046875,-2.8420562744140625,0.3571319580078125,-2.649520874023437
2017-10-19,18,3,294.9700927734375,291.419921875,0.04144287109375,-2.0336151123046875,0.0,91429.84375,269.74578857421875,282.4315795898437,293.1968078613281,0.0026438278146088,0.0078387428075075,0.0107252672314643,1.4882049560546875,7.88043212890625,2.179168701171875,0.8484039306640625,0.1259613037109375,-1.8525848388671875
2017-10-20,0,0,294.0375061035156,291.3656921386719,1.65753173828125,0.700103759765625,1.0,91280.75,270.011962890625,282.2972717285156,292.39776611328125,0.0023498735390603,0.0077472403645515,0.0096594803035259,4.728118896484375,7.0213470458984375,2.537353515625,2.637115478515625,1.4629974365234375,-2.819580078125
2017-10-20,6,1,300.220947265625,291.926513671875,1.7407684326171875,0.280120849609375,0.0,91505.640625,271.1296081542969,281.979248046875,291.9737548828125,0.0017388621345162,0.0073909908533096,0.0120247825980186,7.250823974609375,5.3119049072265625,2.27349853515625,2.0096893310546875,3.6622314453125,0.2149810791015625
2017-10-20,12,2,300.8441772460937,292.82733154296875,1.1790924072265625,-0.4848480224609375,3.25,91235.453125,271.3746337890625,283.035400390625,293.6650390625,0.0011942810378968,0.0067203156650066,0.0120460540056228,6.18536376953125,7.9020843505859375,2.9028778076171875,1.6632843017578125,4.642303466796875,-1.4541015625
2017-10-20,18,3,295.7660522460937,292.9882202148437,1.77294921875,0.53564453125,8.125,91540.40625,271.554931640625,282.197265625,292.7951354980469,0.0008948829490691,0.0071342140436172,0.0118622332811355,4.905426025390625,5.586273193359375,3.15777587890625,2.591644287109375,5.011444091796875,-1.6837921142578125
2017-10-21,0,0,294.1156921386719,292.2197265625,1.3376007080078125,0.3695831298828125,9.125,91424.171875,271.4886779785156,282.847412109375,291.69342041015625,0.0007119511719793,0.0044976659119129,0.0117932483553886,6.272018432617188,9.16754150390625,1.552398681640625,2.274993896484375,6.431396484375,-0.5167083740234375
2017-10-21,6,1,299.9718322753906,293.0471496582031,1.5596160888671875,1.6668701171875,20.0,91570.90625,270.7318725585937,282.1451416015625,291.8017272949219,0.0003938076552003,0.0085489228367805,0.0128161869943141,4.3778839111328125,6.9598236083984375,2.1545562744140625,1.1933135986328125,5.755340576171875,2.433074951171875
2017-10-21,12,2,300.6970520019531,293.642578125,0.7638092041015625,0.6224212646484375,27.75,91303.671875,270.5921325683594,282.5393981933594,293.51336669921875,0.0003235805779695,0.0089996457099914,0.0125464014708995,4.359375,6.3380889892578125,2.9123687744140625,2.367828369140625,4.29486083984375,0.3789215087890625
2017-10-21,18,3,295.65106201171875,292.7931213378906,0.9952850341796876,1.1179656982421875,42.375,91566.921875,270.304931640625,283.09674072265625,292.2428283691406,0.0011759416665881,0.0088923312723636,0.0131380259990692,4.5879974365234375,5.170074462890625,4.5377197265625,3.32757568359375,4.672332763671875,0.0257415771484375
2017-10-22,0,0,294.56695556640625,292.3720703125,1.372894287109375,-0.45733642578125,0.0,91468.859375,270.02447509765625,283.3354187011719,291.98895263671875,0.0019892184063792,0.0087458342313766,0.0102371014654636,4.9881744384765625,5.3137969970703125,2.176483154296875,1.355926513671875,4.9710540771484375,-3.209335327148437
2017-10-22,6,1,300.7400207519531,291.8322448730469,1.74359130859375,-0.8270263671875,0.0,91615.015625,269.8187866210937,283.12567138671875,291.896484375,0.0031140400096774,0.0081561133265495,0.0122829116880893,4.8200531005859375,6.372222900390625,2.38201904296875,2.10748291015625,3.512237548828125,-1.3536376953125
2017-10-22,12,2,299.48944091796875,292.0277099609375,1.4083251953125,-0.51007080078125,0.0,91351.40625,270.4097900390625,284.194091796875,294.0360717773437,0.002419764874503,0.0044526755809783,0.0108279325067996,4.243988037109375,8.759429931640625,4.402114868164063,-0.66650390625,2.9287567138671875,-1.4429931640625
2017-10-22,18,3,294.36944580078125,289.9380798339844,1.6501312255859375,-1.3081512451171875,0.0,91615.25,270.31884765625,283.9632873535156,292.62841796875,0.0006652455776929,0.0050918869674205,0.0088093131780624,2.0648345947265625,7.44439697265625,3.371002197265625,-3.027587890625,2.1657867431640625,-2.8578033447265625
2017-10-23,0,0,293.3586120605469,289.7586975097656,1.7779998779296875,-0.4590911865234375,0.0,91500.4375,269.6123962402344,283.61602783203125,292.19354248046875,0.0008166620973497,0.0057857260107994,0.0069377571344375,-2.1258697509765625,7.8321533203125,4.360748291015625,-3.309600830078125,2.10107421875,0.307403564453125
2017-10-23,6,1,300.1365966796875,286.728515625,1.9005126953125,-0.3734283447265625,0.0,91651.828125,270.02227783203125,283.8431701660156,291.8174133300781,0.0010105816181749,0.0063568018376827,0.0076366364955902,-3.605667114257813,5.9656982421875,2.9082489013671875,-4.296661376953125,0.8766632080078125,-0.3550872802734375
2017-10-23,12,2,300.57037353515625,292.38916015625,1.74383544921875,0.46514892578125,0.0,91420.5625,269.39654541015625,284.0412902832031,293.44940185546875,0.0004871529527008,0.0054569579660892,0.008186062797904,-2.8400115966796875,4.9373779296875,2.6608123779296875,-6.0893402099609375,-1.7928619384765625,0.1555328369140625
2017-10-23,18,3,292.9371337890625,289.5440673828125,-0.214813232421875,-1.700927734375,0.0,91640.703125,268.1051025390625,284.662109375,292.96990966796875,0.0008034193888306,0.0030417677480727,0.0079343281686306,-5.9384765625,2.786483764648437,1.23504638671875,-4.2818756103515625,-1.248748779296875,1.14892578125
2017-10-24,0,0,292.5841064453125,287.7391357421875,-0.3173675537109375,-1.1903533935546875,0.0,91621.421875,268.72918701171875,283.99951171875,292.1145935058594,0.0007581987883895,0.0018563368357717,0.0079813934862613,-7.708602905273437,-0.61761474609375,0.0770721435546875,-3.1340484619140625,-1.9111175537109373,-0.654266357421875
2017-10-24,6,1,300.7848815917969,289.1734924316406,-0.890777587890625,-0.9301910400390624,0.0,91752.78125,269.5542907714844,283.4786376953125,292.1280517578125,0.0010914870072156,0.0020560258999466,0.0095210447907447,-8.11309814453125,-3.6805419921875,-1.5406494140625,-0.0828857421875,-0.4769287109375,-1.00531005859375
2017-10-24,12,2,301.26727294921875,291.75201416015625,-0.2887420654296875,-0.060699462890625,0.0,91508.5625,269.45953369140625,282.8936462402344,294.7396850585937,0.0014352039434015,0.0040459469892084,0.0098806507885456,-6.843017578125,-3.543609619140625,-1.2908935546875,-3.13519287109375,0.2771148681640625,-0.11090087890625
2017-10-24,18,3,295.5843505859375,292.1093444824219,-2.0309600830078125,0.76312255859375,10.125,91785.8125,268.80938720703125,282.1900634765625,292.8639221191406,0.0024525297340005,0.0080075599253177,0.0115070715546607,-8.859237670898438,-6.5853271484375,-2.732177734375,-2.3177032470703125,-0.1149139404296875,1.8434295654296875
2017-10-25,0,0,294.560302734375,292.1526184082031,-1.3853759765625,1.01910400390625,4.625,91677.59375,269.3246459960937,282.3509521484375,292.018798828125,0.0024893747176975,0.0075888819992542,0.011388286948204,-8.71014404296875,-7.154830932617188,-2.046127319335937,-1.003631591796875,-0.38427734375,1.3877716064453125
2017-10-25,6,1,300.5630798339844,291.695068359375,-2.695053100585937,-0.853973388671875,0.0,91826.65625,269.79083251953125,282.3841247558594,292.2813720703125,0.0014604676980525,0.0080603919923305,0.0123231373727321,-8.562744140625,-6.1304931640625,-4.1165313720703125,0.9192657470703124,-0.5557861328125,-1.4682769775390625
2017-10-25,12,2,299.8822631835937,293.2047119140625,-1.58941650390625,-0.2905120849609375,73.5,91585.6875,269.6342468261719,283.19140625,293.54345703125,0.0026604421436786,0.0068289488554,0.0124170593917369,-8.530532836914062,-6.722564697265625,-5.175537109375,1.4199371337890625,-2.7827911376953125,-2.071807861328125
2017-10-25,18,3,295.7677001953125,292.896484375,-2.312591552734375,0.45556640625,153.0,91857.28125,269.80877685546875,282.75640869140625,291.4108581542969,0.0025885319337248,0.0065196715295314,0.0136735532432794,-10.567459106445312,-6.5875091552734375,-6.37957763671875,1.5789031982421875,-1.978851318359375,-0.8952484130859375
2017-10-26,0,0,295.9560241699219,293.6083984375,-1.9510040283203125,0.20172119140625,22.375,91694.234375,269.2039794921875,282.6444702148437,291.3388366699219,0.0027003779541701,0.0062524154782295,0.0112573280930519,-8.447616577148438,-6.07958984375,-7.062667846679688,2.435043334960937,-0.9659881591796876,-0.6282958984375
2017-10-26,6,1,299.5904235839844,291.537353515625,-3.6135406494140634,0.897430419921875,0.0,91883.921875,269.03955078125,281.97613525390625,291.39923095703125,0.0025159569922834,0.0069068446755409,0.0123159550130367,-8.075546264648438,-5.8134765625,-5.6942901611328125,0.47979736328125,-0.371856689453125,1.290924072265625
2017-10-26,12,2,298.89849853515625,291.9710998535156,-1.55828857421875,-0.189849853515625,0.0,91602.8125,268.5912475585937,282.5785217285156,291.7977600097656,0.0028872920665889,0.0088442079722881,0.0123627893626689,-6.916168212890625,-3.701080322265625,-4.306365966796875,-0.551422119140625,-1.037322998046875,-0.228546142578125
2017-10-26,18,3,295.07769775390625,292.3407287597656,-1.7361602783203125,0.201873779296875,0.0,91866.40625,268.3251342773437,282.38671875,290.8570251464844,0.002846288960427,0.008440263569355,0.0128473900258541,-5.898773193359375,-3.2246551513671875,-3.71240234375,-0.7621612548828125,-1.098876953125,-0.210540771484375
2017-10-27,0,0,294.22821044921875,292.50836181640625,-1.4278717041015625,-0.479034423828125,0.25,91677.0625,268.1873474121094,281.96112060546875,290.9437866210937,0.0029057755600661,0.0095102861523628,0.0115527659654617,-4.56451416015625,-2.600494384765625,-2.790802001953125,0.949249267578125,-1.345794677734375,-1.2518157958984375
2017-10-27,6,1,299.63409423828125,292.986083984375,-1.8444671630859373,-1.1612701416015625,13.25,91767.859375,269.11834716796875,282.03619384765625,290.72808837890625,0.0024493250530213,0.0097384341061115,0.0127329342067241,-3.680633544921875,-2.888336181640625,-2.7026519775390625,1.3400726318359375,-1.17169189453125,-1.78546142578125
2017-10-27,12,2,299.37457275390625,290.95361328125,-1.8150787353515625,-0.4809112548828125,169.0,91511.578125,267.812744140625,282.159423828125,292.8809509277344,0.0029411413706839,0.0097363591194152,0.0119590610265731,-0.343963623046875,-2.333892822265625,-5.0150146484375,1.5294647216796875,-1.2664947509765625,-4.0760345458984375
2017-10-27,18,3,294.2750549316406,292.07293701171875,-1.9683380126953125,-0.3832244873046875,67.25,91745.234375,268.5155334472656,281.794921875,291.0317687988281,0.002248435281217,0.0096134953200817,0.0117978751659393,-1.390625,-1.1744232177734375,-7.318527221679687,-0.407379150390625,-2.1800689697265625,-2.2428436279296875
2017-10-28,0,0,294.5159606933594,291.8679504394531,-2.1916046142578125,-0.687164306640625,3.75,91631.25,268.30615234375,281.86737060546875,290.58892822265625,0.0022374966647475,0.009466391056776,0.0104662030935287,-0.908660888671875,-2.3675689697265625,-8.945388793945312,1.0326690673828125,-1.9200439453125,-1.411956787109375
2017-10-28,6,1,299.7003173828125,290.0713806152344,-3.357177734375,-0.800506591796875,0.0,91771.0,269.1854248046875,281.663818359375,290.3412170410156,0.0020506882574409,0.0095626106485724,0.010507296770811,-2.0511474609375,-3.8185882568359375,-6.854415893554688,1.4020233154296875,-1.6806182861328125,-1.2945556640625
2017-10-28,12,2,299.1256103515625,289.9159545898437,-1.674163818359375,-0.49078369140625,0.0,91573.875,268.3036193847656,282.15948486328125,292.3785095214844,0.0021233772858977,0.0089642293751239,0.0097601078450679,0.811126708984375,-4.504364013671875,-5.8218536376953125,0.81524658203125,-1.0648956298828125,-2.4802398681640625
2017-10-28,18,3,294.40643310546875,290.7181701660156,-1.758148193359375,-0.5805206298828125,5.375,91751.875,268.4950866699219,281.6099853515625,291.0491943359375,0.0018745989073067,0.0085508823394775,0.011389423161745,0.4384918212890625,-5.449310302734375,-5.858932495117188,1.1648406982421875,-0.3715057373046875,-4.6056671142578125
2017-10-29,0,0,294.7866516113281,291.99713134765625,-1.6725330352783203,-1.1834259033203125,6.125,91646.609375,268.9833374023437,281.5419006347656,290.281005859375,0.0015934873372316,0.0084402542561292,0.0101010277867317,0.431121826171875,-2.0041046142578125,-7.3509521484375,1.1445465087890625,-0.746246337890625,-5.6448822021484375
2017-10-29,6,1,300.02642822265625,291.0917663574219,-4.1822357177734375,-2.0813446044921875,0.0,91771.875,268.70166015625,281.4832763671875,291.2797241210937,0.0017261973116546,0.0083060897886753,0.0112700685858726,-0.67828369140625,-1.65484619140625,-6.749053955078125,2.2653350830078125,-2.74517822265625,-3.3493194580078125
2017-10-29,12,2,299.4053955078125,289.9126281738281,-1.431060791015625,-1.5125579833984375,1.5,91590.796875,268.53375244140625,281.3416442871094,292.55645751953125,0.0021852867212146,0.0088872797787189,0.0109949894249439,1.56268310546875,-2.7724761962890625,-5.5906524658203125,1.395111083984375,-2.782562255859375,-4.217819213867188
2017-10-29,18,3,294.6791687011719,290.53472900390625,-2.27569580078125,-1.3834991455078125,0.0,91769.78125,268.78485107421875,281.8732604980469,290.8562316894531,0.0022493943106383,0.0084389969706535,0.0108261629939079,0.1027984619140625,-0.8799285888671875,-7.382247924804687,3.730911254882813,-3.65777587890625,-5.1297607421875
2017-10-30,0,0,293.37554931640625,290.6959228515625,-1.7067413330078125,-2.0583953857421875,0.0,91709.265625,268.5816650390625,281.3860168457031,290.8717956542969,0.0023529927711933,0.0072694718837738,0.0076207220554351,2.9970703125,-2.7930908203125,-8.299728393554688,1.2498779296875,-3.25921630859375,-6.60595703125
2017-10-30,6,1,298.39483642578125,289.8975830078125,-3.796478271484375,-3.3235626220703125,4.0,91724.921875,269.25421142578125,281.7523803710937,290.9954833984375,0.0018343126866966,0.0077332705259323,0.0120316892862319,1.2386474609375,-4.3953857421875,-6.35772705078125,-0.7804107666015625,-3.546615600585937,-5.734954833984375
2017-10-30,12,2,296.9353942871094,290.864990234375,-3.174301147460937,-1.87310791015625,0.0,91499.5625,268.6024780273437,281.486572265625,290.7242126464844,0.0014073043130338,0.0095190182328224,0.0123972073197364,2.4227752685546875,-4.6540069580078125,-6.4697265625,-1.4564208984375,-2.29388427734375,-6.7812347412109375
2017-10-30,18,3,293.7377319335937,290.3117370605469,-2.867660522460937,-1.495269775390625,23.375,91709.296875,268.9974975585937,281.9437866210937,291.03680419921875,0.000529934419319,0.0098119974136352,0.0095576904714107,0.572601318359375,-3.840896606445313,-9.801925659179688,-0.9865875244140624,-0.0061492919921875,-6.910186767578125
2017-10-31,0,0,294.19140625,290.31085205078125,-2.0068511962890625,-2.1064453125,4.0,91551.125,268.4780578613281,282.0600280761719,290.1375732421875,0.0005345763638615,0.0093930847942829,0.0101279914379119,-1.8097991943359373,-3.358871459960937,-9.472381591796877,-0.58349609375,2.02069091796875,-4.912994384765625
2017-10-31,6,1,297.78790283203125,290.1832275390625,-4.989776611328125,-2.1284942626953125,0.125,91640.28125,268.48687744140625,281.6739807128906,289.5912475585937,0.0030220136977732,0.0091854147613048,0.0122451409697532,-1.907684326171875,-4.5411376953125,-7.69195556640625,-1.271209716796875,2.24859619140625,-3.021957397460937
2017-10-31,12,2,297.5187683105469,291.16961669921875,-2.567535400390625,-1.812255859375,1.25,91424.484375,268.2640075683594,282.8643798828125,289.4974975585937,0.0041683353483676,0.008298235014081,0.0118317119777202,-3.5623931884765625,-5.456390380859375,-6.83245849609375,-0.806182861328125,-0.8750762939453125,-3.950439453125
2017-10-31,18,3,293.75390625,291.47381591796875,-1.785125732421875,-1.4740447998046875,0.0,91695.84375,268.27911376953125,281.3643798828125,290.24493408203125,0.0044861361384391,0.0085844285786151,0.0116940103471279,-4.499191284179688,-5.3974456787109375,-9.543838500976562,-0.5584564208984375,0.5885467529296875,-2.397552490234375
2017-11-01,0,0,294.3965759277344,291.29412841796875,-1.5748577117919922,-1.697052001953125,9.25,91594.203125,268.2005615234375,280.87469482421875,289.94732666015625,0.0040779951959848,0.0089590176939964,0.0116768740117549,-7.16876220703125,-2.020721435546875,-8.905410766601562,-1.9900054931640625,-1.9875640869140625,-4.644683837890625
2017-11-01,6,1,297.4866943359375,291.1404113769531,-3.0450897216796875,-2.6033172607421875,1.5,91736.015625,267.3710327148437,282.0057373046875,289.0516357421875,0.0047484077513217,0.0088235661387443,0.0124424919486045,-7.117401123046875,-2.665740966796875,-7.6838836669921875,0.7520904541015625,-0.9196014404296876,-5.8174896240234375
2017-11-01,12,2,295.3731994628906,292.7830505371094,-2.0416259765625,-2.0877685546875,56.875,91510.03125,268.26055908203125,282.4052734375,289.950927734375,0.0049780160188674,0.0096160881221294,0.0121159553527832,-1.8540191650390625,-2.4937896728515625,-8.372894287109375,-0.86090087890625,-2.742523193359375,-5.3675384521484375
2017-11-01,18,3,293.20953369140625,291.26953125,-1.869415283203125,-1.505889892578125,3.75,91713.734375,267.7733764648437,282.04351806640625,290.1103210449219,0.004689022898674,0.0088238380849361,0.0109151005744934,-2.0281982421875,-3.4451141357421875,-10.749435424804688,-1.833465576171875,-2.0718231201171875,-5.843475341796875
2017-11-02,0,0,293.5712890625,289.3570556640625,-1.91162109375,-1.5507049560546875,3.875,91511.953125,268.92449951171875,281.8958740234375,290.821044921875,0.0036770438309758,0.0091115683317184,0.0072782523930072,-3.3377227783203125,-4.114288330078125,-10.324737548828123,-2.887298583984375,-1.6397857666015625,-6.821990966796875
2017-11-02,6,1,298.5042724609375,289.9918212890625,-3.1971435546875,-2.4667510986328125,1.0,91637.484375,267.81256103515625,282.6072998046875,290.23065185546875,0.0044919736683368,0.0089866928756237,0.0112120285630226,-6.522735595703125,-4.0311431884765625,-5.583343505859375,-3.3709716796875,-2.710174560546875,-4.0252227783203125
2017-11-02,12,2,297.9197998046875,291.64874267578125,-1.5843658447265625,-1.0927581787109375,3.25,91380.671875,268.29791259765625,282.4453430175781,291.1906433105469,0.0049188882112503,0.0092944502830505,0.0110454596579074,-6.361114501953125,-1.99481201171875,-2.0267791748046875,-0.9931488037109376,-0.6421051025390625,-5.560104370117188
2017-11-02,18,3,293.64752197265625,291.36376953125,-1.577911376953125,-0.3259429931640625,17.75,91614.671875,268.276611328125,281.2257080078125,290.81005859375,0.0045620575547218,0.009595863521099,0.0102817602455616,-4.868576049804688,-0.815887451171875,-1.399871826171875,0.29522705078125,-2.446990966796875,-7.448654174804687
2017-11-03,0,0,293.8085327148437,290.696044921875,-2.419708251953125,-1.21588134765625,0.0,91437.359375,268.4298095703125,282.57000732421875,290.0690612792969,0.0041888169944286,0.0082553960382938,0.0103362575173377,-1.7804107666015625,-2.7183380126953125,-6.2584991455078125,2.4087371826171875,-2.2548065185546875,-6.209259033203125
2017-11-03,6,1,298.9584045410156,291.6148681640625,-3.015533447265625,-2.724884033203125,0.0,91461.34375,268.98712158203125,282.30694580078125,290.64654541015625,0.0041308738291263,0.0074496529996395,0.0116284154355525,-2.746826171875,-4.773468017578125,-5.364959716796875,-1.86529541015625,-1.3540191650390625,-4.76708984375
2017-11-03,12,2,298.38720703125,291.4545593261719,-2.34942626953125,-1.6847076416015625,8.0,91256.1875,269.3336486816406,282.3817138671875,291.580078125,0.0037670503370463,0.0070816315710544,0.0120748504996299,-3.601348876953125,-4.819732666015625,-5.7711181640625,-5.399993896484375,-2.0437164306640625,-4.774322509765625
2017-11-03,18,3,293.603759765625,292.42205810546875,-2.8769989013671875,-0.8393096923828125,0.0,91509.625,269.62603759765625,282.72723388671875,290.47930908203125,0.0038198642432689,0.008341884240508,0.0116010885685682,-6.120330810546875,-5.07098388671875,-6.38201904296875,-1.6250762939453125,0.3425750732421875,-5.0191192626953125
2017-11-04,0,0,293.3944396972656,290.970947265625,-2.4281768798828125,-1.2505035400390625,6.75,91371.109375,269.6561584472656,282.1839599609375,290.0672912597656,0.0027715920004993,0.0093398392200469,0.0104500018060207,-5.3360137939453125,-6.362030029296875,-9.006240844726562,-4.2067413330078125,2.3068084716796875,-3.5486602783203125
2017-11-04,6,1,298.13409423828125,291.3810729980469,-3.91448974609375,-3.154022216796875,0.875,91559.890625,268.5367126464844,282.2042236328125,288.6289978027344,0.0033218169119209,0.0094635747373104,0.011979229748249,-6.07891845703125,-8.379043579101562,-6.5772857666015625,0.2953338623046875,5.0785064697265625,-4.641693115234375
2017-11-04,12,2,296.1441955566406,292.9013671875,-2.777008056640625,-2.388290405273437,18.375,91341.46875,268.7052307128906,282.3194274902344,289.48388671875,0.0052191130816936,0.0100774690508842,0.0129806362092494,-4.994400024414063,-7.2109222412109375,-7.395904541015625,1.1903076171875,2.7223052978515625,-5.7489776611328125
2017-11-04,18,3,294.3424377441406,293.1978759765625,-2.711669921875,-1.223175048828125,34.75,91562.15625,268.1156616210937,282.9917907714844,289.17779541015625,0.0048834607005119,0.009046871215105,0.0133617501705884,-6.627365112304688,-7.897064208984375,-11.644241333007812,-2.60791015625,3.321075439453125,0.4274139404296875
2017-11-05,0,0,294.1655578613281,292.3719787597656,-2.8795928955078125,-1.1242218017578125,25.125,91402.609375,268.253662109375,283.62567138671875,289.736083984375,0.0049392506480216,0.0077873729169368,0.0115835927426815,-5.836761474609375,-6.940643310546875,-11.147872924804688,-0.452667236328125,1.62860107421875,0.7024993896484375
2017-11-05,6,1,298.15435791015625,292.2979431152344,-4.482147216796875,-1.463409423828125,37.0,91599.25,268.11309814453125,283.5631103515625,289.8133544921875,0.0047269538044929,0.0056428350508213,0.0130216553807258,-6.8302154541015625,-9.727310180664062,-7.692718505859375,5.2540130615234375,1.193084716796875,-1.527008056640625
2017-11-05,12,2,296.3168640136719,292.6455993652344,-2.7725830078125,-1.2028045654296875,52.25,91392.484375,268.0089416503906,282.3880615234375,290.7952880859375,0.0044387057423591,0.0092580839991569,0.0137849189341068,-6.2950286865234375,-7.281600952148437,-7.915771484375,1.1102142333984375,-0.743804931640625,-2.9885406494140625
2017-11-05,18,3,294.0771484375,292.81219482421875,-2.079437255859375,-0.8301849365234375,33.875,91652.984375,267.9791259765625,282.4266967773437,289.87310791015625,0.0042785964906215,0.0092498697340488,0.0135636329650878,-8.214035034179688,-10.152420043945312,-10.44439697265625,0.0913543701171875,0.1978912353515625,-0.1732177734375
2017-11-06,0,0,294.27197265625,292.4728088378906,-2.638031005859375,-0.7689056396484375,5.75,91506.765625,267.900634765625,282.1939697265625,290.4110107421875,0.0040153735317289,0.0090474933385849,0.0123551823198795,-5.72344970703125,-6.684478759765625,-8.46990966796875,-1.741424560546875,1.060516357421875,0.4114532470703125
2017-11-06,6,1,297.33404541015625,292.5903015136719,-4.1092071533203125,-0.83880615234375,124.625,91704.828125,267.9896545410156,281.8285827636719,290.4091796875,0.0042276829481124,0.0097803547978401,0.013254839926958,-6.096649169921875,-7.5322723388671875,-8.174102783203125,-2.5688629150390625,1.3427886962890625,-0.2377166748046875
2017-11-06,12,2,295.71881103515625,293.7140808105469,-2.7071533203125,-1.3215789794921875,145.25,91494.578125,267.66131591796875,282.0730895996094,290.645263671875,0.0042280331254005,0.0098097138106822,0.0122902728617191,-4.734405517578125,-5.5573272705078125,-10.343185424804688,-2.2328033447265625,-0.2001800537109375,-1.4564361572265625
2017-11-06,18,3,293.59649658203125,292.4975891113281,-1.572113037109375,-0.8314208984375,0.125,91705.59375,267.76971435546875,281.77392578125,290.5469055175781,0.0035117228981107,0.0091706365346908,0.0115243699401617,-6.6161651611328125,-4.9131927490234375,-8.910568237304688,0.532379150390625,-0.872406005859375,-1.392608642578125
2017-11-07,0,0,293.55877685546875,291.5268859863281,-1.638641357421875,-0.79205322265625,0.0,91550.734375,267.73858642578125,281.5901184082031,290.4527893066406,0.00369459297508,0.00858835875988,0.0108810923993587,-4.0416107177734375,-5.72613525390625,-8.865982055664062,-0.7990264892578125,-1.69537353515625,-0.6161346435546875
2017-11-07,6,1,298.140869140625,291.5968933105469,-3.822723388671875,-0.57666015625,0.0,91712.796875,267.0980834960937,281.6996154785156,290.4210205078125,0.0035544955171644,0.0085784792900085,0.0122441053390502,-3.692474365234375,-5.983932495117188,-6.874786376953125,-1.96875,0.142059326171875,-0.9220123291015624
2017-11-07,12,2,295.5305480957031,293.2432861328125,-2.592742919921875,-0.6553497314453125,217.5,91542.515625,267.6523132324219,281.6698608398437,290.64727783203125,0.0033727278932929,0.0093119516968727,0.0134295113384723,-4.566253662109375,-4.37713623046875,-7.1602630615234375,-0.3665618896484375,-2.1502227783203125,-1.6722412109375
2017-11-07,18,3,293.5784606933594,292.8622131347656,-1.7154388427734375,-0.50048828125,46.5,91722.796875,268.4326171875,281.3655090332031,290.7884826660156,0.0029299852903932,0.0086084231734275,0.0114383362233638,-3.8663482666015625,-4.043609619140625,-7.5260009765625,-1.2407379150390625,-1.0268707275390625,-0.6778717041015625
2017-11-08,0,0,293.7660217285156,291.33642578125,-2.2091522216796875,-1.2272491455078125,0.0,91653.484375,268.6910400390625,281.0181579589844,290.29718017578125,0.001247570849955,0.0084821302443742,0.010740328580141,-2.66778564453125,-3.48193359375,-9.057098388671877,-1.6341400146484375,-0.143798828125,-1.3887939453125
2017-11-08,6,1,299.1995849609375,291.17120361328125,-4.4444580078125,-1.1360931396484375,0.0,91730.140625,268.5009155273437,282.3726806640625,290.8601379394531,0.000106131818029,0.0074905566871166,0.0118184424936771,-8.164031982421875,-2.0096588134765625,-6.93682861328125,-2.1549835205078125,-0.8113250732421875,-1.817535400390625
2017-11-08,12,2,297.79278564453125,291.6090087890625,-1.9028472900390625,-0.903045654296875,2.875,91485.328125,268.361572265625,281.9569396972656,291.5639953613281,0.000153867600602,0.0068166404962539,0.0119584985077381,-5.9508056640625,-0.73541259765625,-5.5739593505859375,-5.1166839599609375,-1.8997955322265625,-3.9942626953125
2017-11-08,18,3,293.7082214355469,291.9100341796875,-1.9916534423828125,0.0225982666015625,25.0,91685.46875,268.10650634765625,282.6278991699219,290.1371459960937,0.0001727034396026,0.0020085633732378,0.0119783505797386,-4.62518310546875,-1.7830810546875,-4.68798828125,-5.1078643798828125,-1.59527587890625,-2.335311889648437
2017-11-09,0,0,293.5953369140625,291.9009094238281,-1.7361907958984375,-0.6938018798828125,4.125,91536.421875,267.9757080078125,283.7631225585937,289.9164428710937,0.0001395294821122,0.0007988212164491,0.010093480348587,-2.0458221435546875,-5.3920440673828125,-3.2734832763671875,-3.863693237304688,-3.645919799804688,-5.542236328125
2017-11-09,6,1,299.11334228515625,289.6043701171875,-2.064804077148437,-3.0301513671875,0.0,91651.65625,267.65972900390625,283.57598876953125,290.57379150390625,0.0001056800392689,0.0007314111571758,0.0103063210844993,-1.94140625,-5.186981201171875,-3.031829833984375,-3.959396362304688,-2.673553466796875,-4.605239868164063
2017-11-09,12,2,297.93438720703125,290.1672668457031,-1.277862548828125,-1.37091064453125,0.0,91399.1875,268.0534362792969,283.6099853515625,291.93243408203125,7.368894875980914e-05,0.0016246144659817,0.009892351925373,-0.1272735595703125,-4.0865478515625,-4.041305541992188,-3.820358276367188,-3.9088134765625,-4.730255126953125
2017-11-09,18,3,292.648681640625,290.02313232421875,-1.864837646484375,-0.5722808837890625,0.0,91602.8125,268.7496337890625,282.94366455078125,290.300537109375,7.866691157687455e-05,0.0021650898270308,0.009587962180376,-2.7456817626953125,-6.406265258789063,-3.5365447998046875,-3.856124877929688,-0.8284149169921875,-4.1060943603515625
2017-11-10,0,0,291.4231262207031,289.732177734375,-1.20977783203125,-1.2391510009765625,0.0,91452.84375,268.71893310546875,282.08074951171875,289.3791809082031,7.997509965207428e-05,0.0052815601229667,0.0091056227684021,-2.482086181640625,-6.1724700927734375,-3.942092895507813,-3.691848754882813,1.189208984375,-4.523773193359375
2017-11-10,6,1,298.4739074707031,289.5379638671875,-1.8503875732421875,-2.4807891845703125,0.0,91580.703125,268.0721130371094,282.94384765625,290.40283203125,7.424013165291399e-05,0.0045013912022113,0.0099361799657344,-5.387954711914063,-6.329986572265625,-3.0460968017578125,-2.5953826904296875,-0.2572174072265625,-3.584442138671875
2017-11-10,12,2,298.6825866699219,290.3773193359375,-1.000762939453125,-1.4260406494140625,3.625,91398.8125,268.16827392578125,283.0846862792969,292.232666015625,7.422553608193994e-05,0.0063749775290489,0.0099422298371791,-2.915023803710937,-2.129013061523437,-3.279037475585937,-2.173324584960937,-1.6687469482421875,-4.359390258789063
2017-11-10,18,3,293.6017761230469,291.3190002441406,-1.988739013671875,-1.27166748046875,0.0,91633.828125,268.0389404296875,282.30145263671875,291.11138916015625,7.229423499666154e-05,0.0057919323444366,0.0102216564118862,-2.6795654296875,-3.072509765625,-3.452133178710937,-2.105072021484375,-1.294219970703125,-6.2792510986328125
2017-11-11,0,0,293.16424560546875,290.9891967773437,-1.2864990234375,-2.137069702148437,0.0,91536.96875,268.0162353515625,282.861328125,289.5330810546875,7.730466313660145e-05,0.0030688312835991,0.0106303431093692,-2.478866577148437,-0.8092498779296875,-2.8198699951171875,-1.741790771484375,-1.853607177734375,-6.824722290039063
2017-11-11,6,1,297.6159973144531,289.923095703125,-1.17486572265625,-3.745758056640625,0.0,91597.265625,268.3791198730469,283.9759216308594,290.41558837890625,7.197342347353697e-05,0.0010952481534332,0.010949321091175,-2.0783843994140625,-3.1276092529296875,-1.8712310791015625,-2.39971923828125,-2.5540008544921875,-5.6410980224609375
2017-11-11,12,2,296.7899169921875,290.6488342285156,-0.766204833984375,-1.732452392578125,0.0,91369.8125,268.77313232421875,283.828369140625,291.179443359375,7.633172208443284e-05,0.0019783091265708,0.0112826228141784,1.692718505859375,-2.4906158447265625,-1.971466064453125,-4.3266448974609375,-2.7005615234375,-4.814300537109375
2017-11-11,18,3,291.9400939941406,289.2051086425781,-0.5604705810546875,-2.0019989013671875,0.0,91561.453125,268.86602783203125,283.1138916015625,290.4106140136719,6.278313230723143e-05,0.0025702139828354,0.0093281865119934,-0.9444122314453124,-1.757354736328125,-2.541290283203125,-5.1102294921875,-2.1525421142578125,-5.8913116455078125
2017-11-12,0,0,290.99365234375,287.0314025878906,-0.5008087158203125,-1.6740570068359375,0.0,91408.515625,269.0418395996094,282.6935729980469,290.041748046875,4.786266072187573e-05,0.0011802625376731,0.0077879093587398,-2.012802124023437,-3.0370025634765625,-3.994659423828125,-4.7831573486328125,-1.1075286865234375,-5.59967041015625
2017-11-12,6,1,298.2817077636719,288.138671875,-0.417816162109375,-2.48297119140625,0.0,91496.828125,268.63250732421875,283.502197265625,290.27593994140625,7.901355274952948e-05,0.0058077089488506,0.0098668597638607,-2.225311279296875,-4.4595489501953125,-1.3031768798828125,-5.66448974609375,-0.1209869384765625,-3.910568237304688
2017-11-12,12,2,297.6947937011719,290.9972839355469,0.129241943359375,-1.2779693603515625,0.0,91263.125,269.109375,283.3893127441406,292.04034423828125,4.091431037522853e-05,0.0068989247083663,0.0108463056385517,-2.776229858398437,-5.364059448242188,0.1865081787109375,-6.6007080078125,-4.2472076416015625,-3.9083251953125
2017-11-12,18,3,293.23162841796875,288.62799072265625,-0.1123809814453125,-1.831573486328125,0.0,91429.46875,269.1122741699219,281.4764709472656,291.5877990722656,7.061735959723592e-05,0.0089709796011447,0.0099844858050346,-4.3296966552734375,-5.292251586914063,-0.28924560546875,-5.248580932617188,-1.5436248779296875,-3.72998046875
2017-11-13,0,0,294.4047241210937,288.2890625,-0.3009796142578125,-1.974578857421875,0.0,91284.140625,269.1773681640625,282.5388488769531,290.53582763671875,0.000168158148881,0.0071866624057292,0.0092559568583965,-6.815338134765625,-3.31268310546875,0.909515380859375,-3.926116943359375,-1.6391754150390625,-5.9105377197265625
2017-11-13,6,1,299.5204772949219,289.8564453125,-0.1271820068359375,-2.877670288085937,0.0,91436.109375,268.2907409667969,282.30572509765625,291.3217468261719,0.0012903867755085,0.0076543167233467,0.0105310268700122,-6.999969482421875,0.0655364990234375,-0.3169403076171875,-8.969223022460938,-1.3833465576171875,-4.2304534912109375
2017-11-13,12,2,299.6679992675781,291.18231201171875,-0.193359375,-1.3931427001953125,37.5,91121.0,268.7475280761719,281.6972045898437,293.73638916015625,0.0026460764929652,0.0078957416117191,0.0112612284719944,-6.1063232421875,1.9288177490234373,0.9391021728515624,-9.365249633789062,-3.966110229492188,-4.626266479492188
2017-11-13,18,3,294.5308532714844,292.3228759765625,-1.2834930419921875,0.148162841796875,0.875,91338.671875,269.87725830078125,281.6890869140625,292.52655029296875,0.0025092056021094,0.005901001393795,0.0116813443601131,-4.2261962890625,-0.371002197265625,0.6787261962890625,-6.9899749755859375,-3.800872802734375,-3.963897705078125
2017-11-14,0,0,294.2076110839844,292.53759765625,0.6121368408203125,0.0693511962890625,10.375,91222.25,269.5093994140625,281.7387390136719,291.0050048828125,0.0013465541414916,0.0078040845692157,0.0115448385477066,-4.98846435546875,-1.99725341796875,0.163970947265625,-6.506134033203125,-3.334014892578125,-3.937545776367188
2017-11-14,6,1,299.004638671875,291.591064453125,0.3053436279296875,-2.581527709960937,5.75,91363.265625,269.3551025390625,281.6750793457031,290.8110046386719,0.0009979691822081,0.0094668008387088,0.0125262252986431,-3.679733276367188,-1.1115264892578125,0.455841064453125,-8.57958984375,-3.2574920654296875,-4.1209564208984375
2017-11-14,12,2,298.4019775390625,292.80572509765625,-0.063079833984375,-1.1607208251953125,17.25,91128.828125,269.28961181640625,282.70379638671875,291.8459167480469,0.0002111416251864,0.0100975930690765,0.0129900835454463,-5.188766479492188,0.034759521484375,0.376220703125,-10.775360107421877,-2.3560791015625,-4.9020538330078125
2017-11-14,18,3,295.3841857910156,292.883544921875,-0.3489990234375,-0.9370269775390624,48.875,91355.484375,269.14306640625,281.5703125,291.4284362792969,0.0003261899109929,0.0098355412483215,0.0127178542315959,-4.124557495117188,0.9234161376953124,-0.6982879638671875,-11.692779541015623,-1.5242919921875,-4.5590667724609375
2017-11-15,0,0,295.0703125,292.7768859863281,1.2057647705078125,-0.90228271484375,1.875,91246.921875,269.86700439453125,282.2433776855469,290.7888488769531,0.0002918855752795,0.008417185395956,0.0126141589134931,-4.722259521484375,3.56365966796875,1.0581817626953125,-6.581024169921875,-0.9828033447265624,-5.8224639892578125
2017-11-15,6,1,299.36163330078125,292.3218688964844,0.779937744140625,-3.247161865234375,16.75,91378.09375,269.54315185546875,282.03759765625,291.7178039550781,0.0002396728959865,0.008662462234497,0.0130845643579959,-4.669357299804688,1.8974761962890625,1.06463623046875,-5.559295654296875,-1.8681640625,-4.921356201171875
2017-11-15,12,2,299.1259765625,293.1015014648437,0.6801300048828125,-1.187530517578125,17.375,91182.28125,269.5074462890625,282.8704833984375,292.4040222167969,0.0002313468867214,0.0083354227244853,0.0129505991935729,-3.842117309570313,1.3732757568359375,1.6682891845703125,-4.310836791992188,-0.834686279296875,-4.248748779296875
2017-11-15,18,3,295.55352783203125,293.4012145996094,1.4258575439453125,0.0325164794921875,46.125,91401.3125,269.1543273925781,281.2071533203125,292.31500244140625,0.0005897625815123,0.0084927193820476,0.0124444365501403,-3.38165283203125,0.0616607666015625,1.5288543701171875,-1.931060791015625,-2.065414428710937,-5.037872314453125
2017-11-16,0,0,293.9428100585937,291.84228515625,1.423004150390625,-0.418914794921875,9.625,91312.90625,268.6928100585937,282.2240600585937,291.3465576171875,0.0020468754228204,0.0071102567017078,0.0121153928339481,-3.108245849609375,1.29156494140625,0.107421875,-1.062744140625,2.13372802734375,-6.8729095458984375
2017-11-16,6,1,299.6103515625,292.386962890625,-1.0782928466796875,-2.762802124023437,0.0,91443.5625,269.9535827636719,282.30767822265625,291.802001953125,0.0020194628741592,0.0079850889742374,0.0125492177903652,-2.6106109619140625,-0.150238037109375,-1.6588897705078125,-0.190948486328125,1.6056365966796875,-4.02569580078125
2017-11-16,12,2,299.5292358398437,293.5984191894531,-0.709136962890625,-0.9276885986328124,0.5,91238.0,268.94244384765625,282.6665954589844,292.7817077636719,0.0017354902811348,0.0083904154598712,0.0125689916312694,-2.8273468017578125,1.0080413818359375,-0.9757537841796876,0.2018585205078125,1.6151275634765625,-3.9515228271484375
2017-11-16,18,3,295.5206298828125,293.5370178222656,-0.4351654052734375,1.1510162353515625,93.625,91478.546875,269.8816833496094,281.4120178222656,292.2867736816406,0.0008330831769853,0.0092311538755893,0.0121999382972717,-1.128509521484375,0.0574493408203125,-2.031890869140625,0.330963134765625,2.748275756835937,-3.2483673095703125
2017-11-17,0,0,295.8124389648437,293.12762451171875,0.1271820068359375,0.15643310546875,221.375,91331.359375,270.6742553710937,281.45819091796875,291.2548217773437,0.0006635582540184,0.0099062267690896,0.0110799744725227,0.1708221435546875,-0.7094268798828125,-1.9884490966796875,2.455596923828125,4.498336791992188,-3.953369140625
2017-11-17,6,1,300.22998046875,291.65142822265625,-1.4029388427734375,-1.025054931640625,0.75,91502.375,270.013916015625,282.1651916503906,292.18609619140625,0.0007713364902883,0.0087010934948921,0.0118243098258972,-0.0487213134765625,0.6246337890625,-2.078475952148437,7.337890625,4.028228759765625,-1.49017333984375
2017-11-17,12,2,299.51580810546875,292.35992431640625,-1.2141571044921875,-0.77593994140625,30.625,91268.734375,269.736572265625,282.536865234375,292.69384765625,0.0013268364127725,0.0079717747867107,0.0127071216702461,-0.8321685791015625,-0.290802001953125,-3.224838256835937,7.786834716796875,2.553939819335937,-1.6787872314453125
2017-11-17,18,3,295.6328125,293.6683654785156,-2.536849975585937,0.0460662841796875,8.125,91504.53125,268.7977600097656,282.6885986328125,291.3817749023437,0.0018311173189431,0.0070673301815986,0.0136040188372135,-0.3104095458984375,-1.782501220703125,-4.868194580078125,7.5978851318359375,2.61041259765625,-0.6730194091796875
2017-11-18,0,0,294.4527282714844,293.11785888671875,-1.823699951171875,1.2962799072265625,75.75,91406.25,268.3851928710937,281.2870178222656,290.8111572265625,0.0019238349050283,0.0085773840546607,0.0128616355359554,-0.2795562744140625,-2.79241943359375,-5.1962432861328125,4.8419189453125,4.225433349609375,2.4541015625
2017-11-18,6,1,299.48052978515625,292.6313781738281,-2.8740692138671875,0.6832427978515625,5.25,91595.46875,268.15008544921875,282.1588134765625,291.2665405273437,0.0016633688937872,0.0084328614175319,0.0132178179919719,-3.984451293945313,-2.4705810546875,-4.488296508789063,5.12939453125,3.2937164306640625,1.0749969482421875
2017-11-18,12,2,299.6793212890625,292.99981689453125,-1.576812744140625,0.45233154296875,2.75,91336.6875,268.2958984375,282.74267578125,293.14715576171875,0.0020250221714377,0.007943071424961,0.0124924257397651,-2.5109100341796875,-1.273101806640625,-4.968109130859375,6.207534790039063,1.185760498046875,0.7977447509765625
2017-11-18,18,3,295.166748046875,293.2377624511719,-2.1143341064453125,0.6384429931640625,21.75,91617.703125,268.14306640625,282.7437744140625,291.20526123046875,0.0021418731193989,0.007599476724863,0.0134959928691387,-3.713058471679688,-1.8387603759765625,-4.82025146484375,5.845230102539063,0.148040771484375,1.24920654296875
2017-11-19,0,0,294.8631591796875,293.6144714355469,-2.282211303710937,0.42242431640625,8.625,91500.078125,267.7545166015625,282.4677734375,291.52716064453125,0.0025694924406707,0.0071053579449653,0.01155237108469,-3.798751831054688,-1.6716461181640625,-4.3319091796875,6.992767333984375,0.3562774658203125,0.7866973876953125
2017-11-19,6,1,300.42657470703125,291.318603515625,-2.675811767578125,0.9063262939453124,16.75,91705.625,268.2840576171875,281.847412109375,291.67333984375,0.002391496207565,0.0078730713576078,0.0127105824649333,-4.1403350830078125,-2.635345458984375,-4.1363677978515625,6.2425537109375,2.012542724609375,1.2135162353515625
2017-11-19,12,2,299.58428955078125,292.4813232421875,-1.5310211181640625,0.2532196044921875,70.25,91468.0,267.83111572265625,282.52252197265625,293.2608642578125,0.0028916960582137,0.0076521933078765,0.0129648447036743,-1.5442657470703125,-1.0406036376953125,-4.05828857421875,6.558609008789063,1.105133056640625,0.3122100830078125
2017-11-19,18,3,295.6976013183594,293.3289794921875,-2.6355133056640625,0.65411376953125,137.875,91720.5625,267.7889404296875,283.1080322265625,291.5657958984375,0.0030925695318728,0.0066315233707427,0.0136217139661312,-2.28955078125,-3.363006591796875,-4.6195831298828125,3.910964965820313,0.09979248046875,0.662261962890625
2017-11-20,0,0,295.2722473144531,293.3860778808594,-1.957550048828125,0.8001251220703125,67.75,91648.296875,267.3064880371094,282.3538818359375,291.31207275390625,0.0027728585992008,0.0059964731335639,0.0119916480034589,-3.2301788330078125,-4.1595611572265625,-5.109420776367188,3.57720947265625,0.8842926025390625,1.3237457275390625
2017-11-20,6,1,300.6125793457031,291.293701171875,-2.5988311767578125,0.1126556396484375,0.0,91749.75,267.6954345703125,282.6072082519531,291.8868713378906,0.0018324069678783,0.0072152763605117,0.0123601555824279,-5.0074615478515625,-5.335006713867188,-3.895187377929688,2.2348175048828125,-0.058868408203125,-0.0183868408203125
2017-11-20,12,2,300.05908203125,291.820068359375,-1.4044952392578125,-0.31640625,7.25,91466.125,267.674072265625,283.0221862792969,293.50555419921875,0.0012985689099878,0.0079705528914928,0.0125887431204319,-5.173675537109375,-3.21240234375,-4.084930419921875,2.0028533935546875,-0.8052215576171875,-1.1656341552734375
2017-11-20,18,3,295.2031555175781,293.44744873046875,-2.7353973388671875,0.010162353515625,147.5,91685.40625,267.9027099609375,282.3624267578125,292.2813720703125,0.0021609487012028,0.0083999373018741,0.0129067245870828,-5.658172607421875,-4.48095703125,-5.437713623046875,1.4054107666015625,-1.1187744140625,-2.334259033203125
2017-11-21,0,0,295.1602783203125,293.2902526855469,-2.54705810546875,0.685333251953125,45.75,91546.953125,268.3018798828125,282.0576171875,291.85064697265625,0.0010102221276611,0.0081222020089626,0.0118981581181287,-4.787506103515625,-6.2227935791015625,-7.819046020507812,0.474517822265625,-1.3691864013671875,-0.0286712646484375
2017-11-21,6,1,300.2331848144531,292.3509216308594,-3.375030517578125,0.18707275390625,172.875,91693.71875,268.0702514648437,282.38818359375,291.194091796875,0.0012827024329453,0.0082248337566852,0.0136462859809398,-6.775390625,-6.9918975830078125,-5.553268432617188,1.421234130859375,-1.11700439453125,0.2372283935546875
2017-11-21,12,2,299.7066650390625,293.5963439941406,-2.0267486572265625,-0.1837615966796875,27.0,91422.265625,268.0018615722656,282.9273986816406,292.9183044433594,0.0012365677393972,0.0072023198008537,0.0127714611589908,-6.5030059814453125,-5.331146240234375,-5.66290283203125,1.3067626953125,-2.06109619140625,-0.8843536376953125
2017-11-21,18,3,295.2125244140625,293.577392578125,-2.6128692626953125,0.3193359375,110.875,91639.8125,267.3826904296875,282.97515869140625,291.88360595703125,0.0017779029440134,0.0071218647062778,0.0108911730349063,-4.5937042236328125,-5.96807861328125,-6.031539916992188,1.2609405517578125,-2.4946441650390625,-1.0935211181640625
2017-11-22,0,0,294.6668395996094,292.830078125,-1.983306884765625,-0.4237823486328125,4.0,91500.859375,268.142578125,282.8132629394531,291.46270751953125,0.0016093973536044,0.0063102506101131,0.0096047632396221,-2.041168212890625,-7.2559814453125,-6.667388916015625,0.763580322265625,-2.3843994140625,-1.4050750732421875
2017-11-22,6,1,300.0693054199219,291.1877136230469,-3.932693481445313,-0.36993408203125,0.0,91624.421875,268.30792236328125,282.766845703125,291.7274475097656,0.001285464502871,0.0061649242416024,0.0121621843427419,-2.043701171875,-7.7275848388671875,-6.06256103515625,-2.107818603515625,-2.940185546875,-0.6637725830078125
2017-11-22,12,2,300.0294189453125,291.369140625,-1.903533935546875,-0.3344268798828125,0.0,91387.4375,268.0399169921875,283.0870361328125,293.134765625,0.001145401969552,0.0059155225753784,0.0118270628154277,-3.341064453125,-6.5717620849609375,-5.626617431640625,-4.5775909423828125,-3.793121337890625,-1.3875885009765625
2017-11-22,18,3,293.8259582519531,291.53350830078125,-3.371810913085937,-0.212799072265625,0.0,91681.484375,267.490478515625,282.593994140625,292.638427734375,0.0011306372471153,0.0052943304181098,0.0054030120372772,-4.7624053955078125,-7.2829742431640625,-7.8349761962890625,-3.4900360107421875,-2.367828369140625,-1.1879425048828125
2017-11-23,0,0,293.1386108398437,289.9171447753906,-1.9528961181640625,0.804168701171875,0.0,91481.890625,268.6033935546875,282.6003112792969,292.2792358398437,0.0009459855500608,0.0043744947761297,0.0062992312014102,-2.677947998046875,-6.1746673583984375,-9.51763916015625,-3.697601318359375,-4.97161865234375,2.8245391845703125
2017-11-23,6,1,300.35089111328125,287.43115234375,-3.0415496826171875,0.27239990234375,0.0,91553.78125,268.7193603515625,283.59619140625,291.913330078125,0.0007093495223671,0.0044071096926927,0.009723674505949,-5.06683349609375,-7.31207275390625,-5.079269409179688,-4.62225341796875,-4.116943359375,0.207122802734375
2017-11-23,12,2,300.31903076171875,289.96612548828125,-1.7915496826171875,0.178192138671875,14.25,91390.171875,268.0458374023437,280.74322509765625,293.9066772460937,0.0007284467574208,0.0072686411440372,0.0103755742311477,-6.6436309814453125,-4.00439453125,-4.8556976318359375,-3.9532318115234375,-3.445220947265625,-0.9210052490234376
2017-11-23,18,3,294.4153137207031,291.6747741699219,-1.6991424560546875,0.7507476806640625,31.75,91710.03125,269.19683837890625,280.90777587890625,292.2989501953125,0.0004495948087424,0.0059377700090408,0.0110226720571517,-8.266860961914062,-5.11114501953125,-3.28411865234375,-4.0721282958984375,-6.12518310546875,-0.7621612548828125
2017-11-24,0,0,293.33111572265625,291.6441650390625,-1.5290679931640625,0.3238372802734375,42.25,91610.421875,267.99383544921875,280.5702514648437,291.48956298828125,0.0005399154033511,0.0061264708638191,0.0108217485249042,-9.508148193359377,-3.6601409912109375,-3.599395751953125,-5.2706298828125,-4.2596588134765625,-2.506088256835937
2017-11-24,6,1,300.57958984375,289.8524475097656,-0.275054931640625,-2.2640533447265625,0.0,91721.609375,268.25439453125,282.447509765625,292.27471923828125,0.0004988003056496,0.0043587610125541,0.0116831474006176,-12.975509643554688,-6.902557373046875,-0.5305633544921875,-3.9368743896484375,-3.9947357177734375,-3.602294921875
2017-11-24,12,2,300.5196533203125,290.5703125,-1.147003173828125,-1.851226806640625,0.75,91487.65625,268.6024780273437,280.8376159667969,294.49658203125,0.0003544418141245,0.0078882873058319,0.0099938325583934,-11.95013427734375,-5.445571899414063,-3.6326904296875,-4.4796295166015625,-4.000259399414063,-6.524948120117188
2017-11-24,18,3,294.38232421875,291.3872375488281,-2.3517303466796875,-0.2140655517578125,0.0,91709.296875,268.45928955078125,283.7897644042969,292.5796203613281,0.0002823343966156,0.002228810917586,0.0111236907541751,-12.481033325195312,-7.75018310546875,-4.216033935546875,-4.834030151367188,-3.9073638916015625,-8.14312744140625
2017-11-25,0,0,294.7215881347656,292.927978515625,-2.7169189453125,-0.3044586181640625,8.875,91615.765625,268.48651123046875,284.25732421875,290.6696472167969,0.0003449185751378,0.0010387538932263,0.0120840147137641,-11.45855712890625,-9.2279052734375,-4.96258544921875,-7.171142578125,-4.883071899414063,-5.98114013671875
2017-11-25,6,1,298.95660400390625,291.3833312988281,-2.8642578125,-3.1925048828125,0.375,91764.203125,268.7457580566406,285.3002014160156,291.3162841796875,0.0003586180973798,0.0008670999668538,0.01187065243721,-14.154815673828123,-11.567459106445312,-4.3722076416015625,-5.7988128662109375,-4.1343841552734375,-4.9864044189453125
2017-11-25,12,2,298.6258544921875,289.13214111328125,-2.22821044921875,-0.6607818603515625,1.0,91578.078125,268.7192687988281,284.8753662109375,292.59130859375,0.0004639523103833,0.000931290211156,0.0106672346591949,-14.06201171875,-9.173538208007812,-5.184112548828125,-9.011566162109377,-2.4158477783203125,-1.9294891357421875
2017-11-25,18,3,292.2572937011719,290.5895080566406,-2.8188629150390625,-0.4918365478515625,0.0,91830.921875,268.68780517578125,284.1270751953125,290.645751953125,0.0005045577418059,0.002445611404255,0.010754570364952,-17.67620849609375,-10.466827392578123,-2.5154571533203125,-6.158538818359375,-1.872650146484375,-4.19537353515625
2017-11-26,0,0,292.3059997558594,287.765625,-2.27679443359375,-2.0423736572265625,0.0,91678.53125,268.39862060546875,283.95623779296875,291.4563293457031,0.0004219126421958,0.0060998387634754,0.0037835228722542,-16.56097412109375,-10.081436157226562,-7.87591552734375,-6.13006591796875,1.4111175537109375,-4.4754638671875
2017-11-26,6,1,297.6775207519531,287.6066589355469,-3.4770660400390625,-1.2681427001953125,26.375,91840.28125,269.0756225585937,283.6591796875,290.30340576171875,0.0003848359920084,0.0070004612207412,0.0109472647309303,-16.073822021484375,-9.050765991210938,-7.254119873046875,-4.31903076171875,0.22015380859375,-1.7957611083984375
2017-11-26,12,2,297.3831787109375,292.57989501953125,-2.3741607666015625,-0.6562652587890625,10.0,91645.828125,267.996337890625,283.1503295898437,290.9740905761719,0.0012365854345262,0.0082638189196586,0.0131155475974082,-13.571136474609377,-7.792449951171875,-5.7442474365234375,-5.6028594970703125,-1.4713134765625,-3.319610595703125
2017-11-26,18,3,294.1780090332031,292.4625549316406,-2.746566772460937,-0.5387725830078125,1.375,91794.8125,268.5010986328125,282.88336181640625,291.4081726074219,0.0004930989816784,0.0076259300112724,0.0123745240271091,-13.765914916992188,-9.636322021484377,-6.4523773193359375,-5.651702880859375,-1.6303863525390625,-5.55108642578125
2017-11-27,0,0,293.63134765625,292.00567626953125,-2.2748260498046875,-0.898895263671875,1.875,91635.6875,268.35333251953125,282.93182373046875,290.6333312988281,0.0002605393528938,0.0072004571557044,0.0124381259083747,-12.570358276367188,-8.421234130859375,-7.417160034179687,-6.869155883789063,-0.8095703125,-3.34722900390625
2017-11-27,6,1,298.9950561523437,291.2479858398437,-4.365386962890625,-1.215423583984375,4.75,91732.578125,268.5525207519531,283.4989013671875,291.1026916503906,0.0002071848721243,0.0056288316845893,0.0129901766777038,-10.89837646484375,-8.910629272460938,-7.204025268554688,-8.333465576171875,-0.4664764404296875,-2.0641632080078125
2017-11-27,12,2,298.2961730957031,292.06011962890625,-2.704803466796875,-1.1965484619140625,0.0,91492.46875,268.4076232910156,283.11920166015625,291.2515869140625,0.0001800170430215,0.0058852285146713,0.013313740491867,-12.017120361328123,-5.535858154296875,-6.517379760742188,-8.159408569335938,-0.62847900390625,-4.0218658447265625
2017-11-27,18,3,293.7406921386719,292.0558776855469,-2.491561889648437,-0.24371337890625,0.0,91662.5,268.5077819824219,283.79547119140625,291.0181884765625,0.0002164269535569,0.0019146832637488,0.0122617296874523,-13.59356689453125,-7.873397827148437,-5.270431518554688,-6.60540771484375,-0.84033203125,-2.7826690673828125
2017-11-28,0,0,292.65155029296875,290.49029541015625,-1.6467132568359375,-0.62579345703125,0.0,91550.359375,268.89239501953125,284.4288024902344,290.3895263671875,0.0002245645155198,0.0011315676383674,0.011061493307352,-13.924880981445312,-7.042694091796875,-5.123336791992188,-6.280670166015625,0.2200775146484375,-3.215789794921875
2017-11-28,6,1,299.5424194335937,289.4344177246094,-3.0067138671875,-1.6724853515625,0.0,91755.03125,269.0238952636719,284.13543701171875,291.39508056640625,0.0001698526757536,0.0011682959739118,0.0107503235340118,-13.983673095703123,-6.240875244140625,-4.413970947265625,-5.0725860595703125,-0.605224609375,-2.4107208251953125
2017-11-28,12,2,299.2515869140625,290.0120849609375,-1.5151214599609375,-0.85699462890625,0.0,91427.125,268.7745361328125,284.43475341796875,293.3363647460937,0.0001503634703112,0.0004670717753469,0.0102236717939376,-12.589736938476562,-4.5324249267578125,-4.3247833251953125,-6.8003997802734375,-3.2698974609375,-2.65765380859375
2017-11-28,18,3,293.17889404296875,291.1729736328125,-3.3231201171875,0.224273681640625,0.0,91750.109375,268.7911376953125,283.8314208984375,291.26922607421875,0.0001487147237639,0.0003363075666129,0.010134819895029,-13.117431640625,-6.996261596679688,-5.23504638671875,-5.444747924804688,-0.918792724609375,-3.2178955078125
2017-11-29,0,0,292.75689697265625,290.109619140625,-2.6730499267578125,-1.054962158203125,0.0,91559.828125,269.2011108398437,285.21295166015625,290.8199768066406,0.0001495561300544,0.0003111015539616,0.0077892169356346,-11.9920654296875,-8.229248046875,-8.923065185546875,-4.8738861083984375,-1.3975677490234375,-2.387664794921875
2017-11-29,6,1,299.3466186523437,287.9450988769531,-4.501632690429688,-0.9461517333984376,0.0,91763.140625,268.7174072265625,284.9574584960937,290.879638671875,0.000177184556378,0.0009617877658456,0.0095158815383911,-13.230270385742188,-10.3333740234375,-7.571853637695312,-4.572265625,-0.7662200927734375,-1.4376068115234375
2017-11-29,12,2,298.796630859375,290.5603942871094,-3.635162353515625,-0.694580078125,1.5,91519.671875,268.72576904296875,283.3570556640625,291.65234375,0.0001624038704903,0.0076546967029571,0.011372935026884,-11.421234130859377,-11.321182250976562,-6.411712646484375,-5.2667388916015625,1.2230224609375,-3.904129028320313
2017-11-29,18,3,294.7166748046875,290.4697570800781,-3.593414306640625,-1.7388458251953125,19.625,91701.046875,268.8499755859375,283.3281555175781,290.0932006835937,0.0001796894794097,0.0077543817460536,0.0125234574079513,-11.949005126953123,-13.598220825195312,-10.414108276367188,-4.781280517578125,1.738067626953125,-3.838821411132813
2017-11-30,0,0,293.8290100097656,291.50347900390625,-3.731964111328125,-2.47088623046875,0.0,91476.640625,269.0340576171875,283.7451171875,289.3096008300781,0.0001367607910651,0.0081579610705375,0.0134366694837808,-12.115158081054688,-14.476669311523438,-13.678024291992188,-2.1056060791015625,2.1659393310546875,-2.391815185546875
2017-11-30,6,1,296.78570556640625,292.1967163085937,-7.047210693359375,-0.5851593017578125,16.625,91572.265625,269.46881103515625,283.9195251464844,290.87188720703125,0.0009919286239892,0.0078722350299358,0.0131474249064922,-11.652191162109377,-15.50244140625,-12.560104370117188,-1.5641632080078125,4.7105712890625,-0.4633331298828125
2017-11-30,12,2,295.67828369140625,293.0721130371094,-5.178756713867188,-0.1649627685546875,14.875,91350.65625,269.96051025390625,283.1160583496094,290.2304077148437,0.0003226594999432,0.0097541622817516,0.0141200851649045,-10.79693603515625,-12.162979125976562,-12.226348876953123,-1.44293212890625,1.0006256103515625,-0.6781768798828125
2017-11-30,18,3,294.26953125,292.97589111328125,-4.68212890625,-1.298065185546875,33.5,91544.671875,270.06402587890625,282.4832763671875,290.15264892578125,0.0003236038610339,0.0090395472943782,0.0141165219247341,-12.085891723632812,-13.64093017578125,-14.367156982421877,-3.549407958984375,3.20758056640625,-0.2388153076171875
2017-12-01,0,0,293.88885498046875,292.81109619140625,-5.877685546875,-1.281036376953125,0.8125,91321.296875,268.75982666015625,283.4873962402344,289.89892578125,0.0013417419977486,0.0093544051051139,0.0138943791389465,-11.407730102539062,-13.019683837890623,-15.361053466796877,2.2351531982421875,4.61859130859375,-1.5062713623046875
2017-12-01,6,1,294.67901611328125,293.2487487792969,-4.9688873291015625,-1.7760162353515625,138.625,91540.671875,268.9149475097656,282.24774169921875,289.77294921875,0.0025374549441039,0.0105181187391281,0.0139261744916439,-11.814163208007812,-15.184524536132812,-16.088653564453125,1.7146148681640625,6.94903564453125,-1.354736328125
2017-12-01,12,2,294.0059814453125,293.45684814453125,-5.1024322509765625,-1.6830596923828125,17.875,91308.4375,269.5394897460937,282.77899169921875,289.18096923828125,0.0038408811669796,0.0101012997329235,0.01333524659276,-10.922805786132812,-13.085433959960938,-16.953018188476562,2.6425018310546875,4.4264984130859375,-1.4931488037109375
2017-12-01,18,3,292.9917297363281,292.6302185058594,-4.882232666015625,-0.94122314453125,0.375,91520.90625,269.001220703125,283.62237548828125,288.96453857421875,0.0031658152583986,0.0085973404347896,0.0132326558232307,-10.768310546875,-9.729080200195312,-16.262710571289062,5.9332427978515625,8.614837646484375,1.418243408203125
2017-12-02,0,0,292.0262145996094,290.6531982421875,-4.022735595703125,-0.43792724609375,22.75,91439.28125,268.5507202148437,283.2027282714844,289.16162109375,0.0036428023595362,0.0101703032851219,0.0105043575167655,-10.833511352539062,-9.503585815429688,-13.722488403320312,6.044769287109375,5.65380859375,2.6082763671875
2017-12-02,6,1,295.2557983398437,290.17236328125,-5.8922119140625,0.284027099609375,2.5,91690.796875,268.49371337890625,283.79571533203125,288.23590087890625,0.004979308694601,0.009408313781023,0.0113233923912048,-8.970230102539062,-7.2317047119140625,-9.628372192382812,5.90374755859375,8.893508911132812,1.0855255126953125
2017-12-02,12,2,294.1541748046875,291.8583679199219,-2.738922119140625,0.6079864501953125,0.375,91505.859375,267.94775390625,282.7538452148437,288.5521545410156,0.0046022497117519,0.0093114040791988,0.0115617141127586,-5.8479766845703125,-2.413070678710937,-8.436813354492188,6.0353546142578125,5.9984283447265625,0.04571533203125
2017-12-02,18,3,292.2071533203125,290.96124267578125,-3.459564208984375,0.55987548828125,0.0,91761.046875,267.2401733398437,282.63531494140625,289.04315185546875,0.0042333789169788,0.0090133771300315,0.0110806189477443,-6.5774688720703125,-2.69482421875,-7.0049896240234375,7.135833740234375,4.418502807617188,2.8465576171875
2017-12-03,0,0,292.131591796875,290.56500244140625,-2.8103790283203125,-0.321319580078125,0.125,91607.265625,268.380859375,282.23614501953125,289.6620483398437,0.0031718325335532,0.0092283375561237,0.0107851102948188,-7.8771820068359375,0.8513946533203125,-3.9378509521484375,6.577926635742188,4.6831817626953125,3.64056396484375
2017-12-03,6,1,297.2793884277344,291.3360595703125,-3.0375213623046875,1.033294677734375,0.25,91711.390625,268.38531494140625,282.5048217773437,290.1471252441406,0.004128772765398,0.0077702179551124,0.0120709538459777,-6.3408050537109375,0.6287841796875,-4.1648712158203125,6.091400146484375,4.878952026367188,1.1239471435546875
2017-12-03,12,2,297.0733642578125,292.2396240234375,-1.3166961669921875,1.2991485595703125,10.25,91489.296875,268.21099853515625,282.9408569335937,290.5976867675781,0.004118375480175,0.0072613023221492,0.0128799006342887,-4.961105346679688,0.827484130859375,-3.2143096923828125,5.394866943359375,3.548370361328125,1.9409637451171875
2017-12-03,18,3,293.23162841796875,291.8758239746094,-2.42791748046875,1.341766357421875,0.75,91750.015625,267.3408203125,282.77880859375,290.1039428710937,0.0040309876203536,0.0074963215738534,0.0126424804329872,0.91204833984375,-1.1124420166015625,-3.240219116210937,6.361297607421875,1.788299560546875,2.4572296142578125
2017-12-04,0,0,293.5304260253906,291.9580993652344,-2.2379608154296875,0.94488525390625,5.875,91528.265625,268.87139892578125,282.0264892578125,289.8624267578125,0.0035592415370047,0.0077226534485816,0.0118867121636867,0.3465118408203125,-2.3094024658203125,-1.6814422607421875,3.0656890869140625,4.3224945068359375,1.975372314453125
2017-12-04,6,1,297.03192138671875,291.03759765625,-1.4038543701171875,1.1519775390625,5.25,91651.015625,269.1505126953125,283.2776184082031,290.6904296875,0.0032292702235281,0.0076587311923503,0.0119220986962318,0.0763092041015625,-2.25750732421875,-1.542938232421875,2.387603759765625,4.4879302978515625,1.211273193359375
2017-12-04,12,2,298.12408447265625,291.88916015625,-0.9460906982421876,0.9134521484375,7.25,91382.625,268.2102966308594,282.2940368652344,291.5548400878906,0.0034376080147922,0.0077388864010572,0.0124406367540359,0.0606689453125,-0.999725341796875,-1.53057861328125,1.36395263671875,3.094970703125,2.37249755859375
2017-12-04,18,3,293.0689392089844,292.16900634765625,-2.292343139648437,1.24334716796875,0.0,91622.09375,268.5074462890625,281.831298828125,290.373046875,0.0029489120934158,0.0077866204082965,0.0125501006841659,0.0893096923828125,0.2013702392578125,-0.8430938720703125,2.86297607421875,4.471893310546875,3.5493316650390625
2017-12-05,0,0,293.23193359375,291.9031066894531,-2.2568817138671875,1.6407012939453125,0.125,91460.9375,269.6507263183594,282.854248046875,289.7914733886719,0.0021571463439613,0.0070507116615772,0.0117419995367527,0.5094757080078125,1.1993255615234375,0.90386962890625,1.4987945556640625,4.2779541015625,5.33880615234375
2017-12-05,6,1,297.274169921875,291.2462463378906,-0.385986328125,1.29888916015625,2.375,91636.703125,268.56903076171875,283.0047607421875,290.30718994140625,0.0022733882069587,0.0059758462011814,0.0117779299616813,-0.9273529052734376,2.262603759765625,0.0155487060546875,-0.5159759521484375,3.1974639892578125,1.5575408935546875
2017-12-05,12,2,298.00439453125,291.1055908203125,-0.3284454345703125,1.3453826904296875,45.125,91318.875,268.9197998046875,282.33935546875,292.0784912109375,0.0024902068544179,0.0060180015861988,0.0120998322963714,-2.840972900390625,1.729583740234375,-0.0520477294921875,-3.250839233398437,1.92645263671875,2.5091552734375
2017-12-05,18,3,292.8074951171875,291.2915954589844,-2.1098785400390625,1.35272216796875,0.0,91526.921875,268.5511474609375,282.686279296875,291.4255676269531,0.0025432629045099,0.005421258509159,0.0118119195103645,-3.357635498046875,-1.101409912109375,-0.251007080078125,-2.6494598388671875,2.102294921875,2.3563995361328125
2017-12-06,0,0,292.5595703125,291.0398254394531,-1.1786956787109375,1.1246795654296875,0.5,91407.796875,268.5643920898437,282.65948486328125,289.6899108886719,0.0016702299471944,0.005545400083065,0.011648766696453,-4.293670654296875,-1.01300048828125,1.3893280029296875,-3.170623779296875,3.8402099609375,3.905319213867188
2017-12-06,6,1,298.471435546875,291.42987060546875,0.02203369140625,0.6082763671875,7.0,91635.875,268.7372131347656,283.1297607421875,290.8065185546875,0.0005400155205279,0.0048509836196899,0.0117662958800792,-6.590850830078125,-0.49591064453125,-0.5966644287109375,-2.6614532470703125,2.1586456298828125,0.133148193359375
2017-12-06,12,2,299.55047607421875,291.3857727050781,0.0475921630859375,0.2392730712890625,7.5,91338.171875,267.78350830078125,283.5277709960937,292.8422241210937,0.0003510150127112,0.0047216042876243,0.0115574114024639,-5.050994873046875,-0.523834228515625,-0.1509552001953125,-1.732574462890625,-0.7997283935546875,-0.601287841796875
2017-12-06,18,3,294.9068603515625,291.89849853515625,-2.716522216796875,0.374053955078125,10.0,91503.40625,268.5673217773437,284.16815185546875,291.063720703125,0.0001907725090859,0.0047244280576705,0.0126861855387687,-4.461395263671875,-4.3210296630859375,-2.5019989013671875,-1.5754241943359375,-2.0434722900390625,1.10992431640625
2017-12-07,0,0,293.9736328125,292.329833984375,-0.8857421875,1.0351409912109375,36.875,91401.203125,268.0672607421875,283.4881591796875,289.9794311523437,0.0002439139061607,0.0037455661222338,0.0127349123358726,-2.3241119384765625,-4.921798706054688,0.52191162109375,-2.615692138671875,-3.0687408447265625,0.9385528564453124
2017-12-07,6,1,298.84930419921875,291.9722900390625,-0.516937255859375,-2.011825561523437,5.375,91536.6875,269.1185302734375,283.0906982421875,290.6407470703125,0.0009700395166873,0.0036464917939156,0.012589506804943,-1.4697418212890625,-3.063873291015625,-0.9852294921875,-4.262741088867188,-3.2360076904296875,-3.0764312744140625
2017-12-07,12,2,299.2834167480469,291.4862060546875,-0.63275146484375,-1.5703887939453125,0.0,91330.9375,269.253173828125,283.20733642578125,293.088623046875,0.000578336417675,0.002051162533462,0.0104179009795188,0.0224761962890625,-2.04620361328125,-1.8058319091796875,-4.554168701171875,-3.8542327880859375,-3.9128265380859375
2017-12-07,18,3,292.9721069335937,289.0791015625,-2.059112548828125,-0.47125244140625,0.0,91596.734375,269.27764892578125,282.7021484375,291.6717224121094,0.0005395475309342,0.0017145171295851,0.0098600015044212,-1.7587127685546875,-3.3915252685546875,-2.626449584960937,-4.3317718505859375,-4.5419464111328125,-4.036529541015625
2017-12-08,0,0,289.3675842285156,287.8800048828125,-2.21002197265625,-0.4355621337890625,0.0,91471.421875,270.1631164550781,283.0170288085937,291.531982421875,0.0005164011381566,0.0011584747117012,0.0069546140730381,-0.968231201171875,-1.97381591796875,-3.379669189453125,-4.713836669921875,-4.014617919921875,-3.748825073242188
2017-12-08,6,1,299.76434326171875,285.6472473144531,-1.7756805419921875,-2.03216552734375,0.0,91544.84375,271.20556640625,283.9755249023437,291.7763366699219,0.0002530091442167,0.0008567436598241,0.0083355270326137,-2.952621459960937,-0.452606201171875,-2.7566375732421875,-4.236236572265625,-6.1103363037109375,-3.2578582763671875
2017-12-08,12,2,300.57635498046875,286.444091796875,-0.868682861328125,-0.8105316162109375,0.0,91319.140625,270.2490234375,282.9239807128906,294.2379150390625,0.000418595271185,0.0008200744632631,0.0065516978502273,-3.388916015625,-2.87322998046875,-0.8082427978515625,-4.8619537353515625,-6.9449615478515625,-2.0850067138671875
2017-12-08,18,3,291.2199401855469,286.763916015625,-1.724151611328125,-1.31036376953125,0.0,91597.328125,271.1934814453125,282.14453125,292.9937438964844,0.0004135002382099,0.0015916624106466,0.0068590119481086,-4.4737701416015625,-4.245330810546875,-1.563873291015625,-2.0769195556640625,-3.5596160888671875,-5.10235595703125
2017-12-09,0,0,290.2204284667969,286.1142578125,-1.0614013671875,-1.105316162109375,0.0,91568.4375,269.65594482421875,281.519775390625,291.3885498046875,0.0011431092862039,0.002299218205735,0.0087846554815769,-3.5473785400390625,-4.1993408203125,-0.9674835205078124,1.4446868896484375,-2.743316650390625,-6.079742431640625
2017-12-09,6,1,299.60137939453125,286.76141357421875,-1.3950653076171875,-1.2711334228515625,0.0,91634.03125,268.8349914550781,282.95709228515625,291.71319580078125,0.0020108502358198,0.0011636181734502,0.0097587965428829,-2.6966552734375,-1.9901885986328125,-2.0260162353515625,0.1210174560546875,-3.51849365234375,-2.079803466796875
2017-12-09,12,2,299.9950561523437,288.2660827636719,-1.497314453125,-1.1097259521484375,0.0,91401.0625,269.8961181640625,282.168701171875,293.7517395019531,0.0016106632538139,0.002756243571639,0.0089794285595417,-1.788787841796875,-2.6714324951171875,-2.380966186523437,1.7166748046875,-2.2219390869140625,-1.958099365234375
2017-12-09,18,3,293.6928405761719,289.0546875,-1.9470977783203125,0.1714935302734375,0.0,91649.75,269.5680236816406,281.8717041015625,292.0090026855469,0.0015603932552039,0.0046047866344451,0.009219791740179,0.26220703125,-4.7886505126953125,-4.171173095703125,1.5071258544921875,-1.168975830078125,-1.634674072265625
2017-12-10,0,0,291.0226745605469,289.3660583496094,-1.7948455810546875,-0.0723419189453125,1.5,91590.203125,268.8905639648437,281.93994140625,290.6066589355469,0.0015655702445656,0.004434123635292,0.0093486420810222,0.3841094970703125,-3.0576171875,-5.7850189208984375,1.38812255859375,0.291473388671875,-2.50518798828125
2017-12-10,6,1,299.2435302734375,287.44683837890625,-3.207504272460937,-0.178955078125,0.0,91795.5625,269.5097045898437,282.6878662109375,291.017333984375,0.0013911260757595,0.003989715129137,0.0100461579859256,1.6613311767578125,-2.118927001953125,-4.71697998046875,2.4104461669921875,-0.3720550537109375,-0.3700714111328125
2017-12-10,12,2,299.7098999023437,286.91033935546875,-1.4042205810546875,-0.2819671630859375,3.375,91517.09375,269.8334045410156,280.9573974609375,293.18621826171875,0.0013858750462532,0.0046811699867248,0.0092102251946926,2.5103302001953125,-3.015716552734375,-3.73284912109375,0.96026611328125,0.0899658203125,-1.4532470703125
2017-12-10,18,3,293.1613464355469,288.7772521972656,-1.8241424560546875,0.20635986328125,0.0,91804.859375,268.98834228515625,283.7924194335937,291.2189636230469,0.001573150511831,0.0027945737820118,0.0094035863876342,1.7805633544921875,-3.046234130859375,-3.442138671875,1.4518890380859375,3.931671142578125,-2.082916259765625
2017-12-11,0,0,291.4543151855469,288.99932861328125,-1.6605224609375,0.32525634765625,0.0,91694.203125,268.6215515136719,284.367431640625,290.4869079589844,0.0016030906699597,0.0025041454937309,0.0083033181726932,1.4358367919921875,2.76690673828125,-3.483383178710937,3.904541015625,5.386154174804688,-2.465789794921875
2017-12-11,6,1,299.4652099609375,286.9174194335937,-1.07525634765625,0.0078887939453125,0.0,91872.921875,268.6513061523437,283.43914794921875,291.4747314453125,0.0014881503302603,0.0045467428863048,0.0096396803855896,1.3553009033203125,5.737808227539063,-1.54083251953125,4.5959014892578125,2.361114501953125,-0.3531494140625
2017-12-11,12,2,300.248291015625,289.7415466308594,0.820556640625,-0.1709136962890625,0.375,91602.140625,268.93731689453125,280.61151123046875,294.0966491699219,0.0012924198526889,0.0070265308022499,0.0092947110533714,3.96435546875,1.9251708984375,0.7410888671875,3.180770874023437,-0.50762939453125,-0.439361572265625
2017-12-11,18,3,293.8410949707031,288.64013671875,-2.6202850341796875,1.0746612548828125,0.0,91817.703125,268.1358642578125,285.26177978515625,291.5914306640625,0.0016503946390002,0.0043859593570232,0.0106658339500427,5.1905670166015625,1.360015869140625,-2.25762939453125,1.9050445556640625,0.286590576171875,3.49969482421875
2017-12-12,0,0,291.79248046875,289.6519775390625,-1.187408447265625,0.9091644287109376,0.0,91737.59375,267.7227783203125,284.017578125,290.11968994140625,0.0016789454966783,0.0057337060570716,0.0112180560827255,3.750518798828125,2.4617462158203125,0.799346923828125,1.05712890625,3.882568359375,3.41162109375
2017-12-12,6,1,299.5332336425781,290.06591796875,-0.0802154541015625,1.15374755859375,2.75,91894.421875,267.8890380859375,282.53668212890625,291.330322265625,0.001618766458705,0.0071448162198066,0.0115146487951278,1.458343505859375,3.5227508544921875,-0.169097900390625,2.172760009765625,0.9559783935546876,1.3242034912109375
2017-12-12,12,2,299.7005920410156,290.6445007324219,-0.2532958984375,0.7408294677734375,5.125,91637.640625,268.05810546875,281.56756591796875,292.33416748046875,0.0013994763139635,0.0086367540061473,0.0120130479335784,1.28350830078125,3.0971832275390625,-0.4264984130859375,3.319976806640625,0.3828582763671875,0.256866455078125
2017-12-12,18,3,295.6250305175781,291.3187255859375,-1.0004730224609375,1.617095947265625,27.5,91861.65625,267.9846496582031,280.9313659667969,290.66180419921875,0.0012837955728173,0.0087166763842105,0.0126711428165435,1.4106903076171875,4.076812744140625,-0.5372314453125,3.81451416015625,0.396942138671875,4.389190673828125
2017-12-13,0,0,292.7261047363281,290.6247253417969,-1.218414306640625,0.755035400390625,17.0,91760.328125,266.6758117675781,281.166015625,289.8844299316406,0.0013543430250138,0.0085540413856506,0.0129968710243701,4.454635620117188,2.5346832275390625,0.595184326171875,3.10662841796875,2.19287109375,2.741546630859375
2017-12-13,6,1,299.3002319335937,291.6223449707031,-1.5633544921875,0.6470794677734375,20.5,91915.109375,266.6212158203125,281.243408203125,290.478759765625,0.0013143508695065,0.0087913423776626,0.0129149667918682,3.357940673828125,1.804901123046875,-2.1808013916015625,2.90643310546875,1.136138916015625,0.7319488525390625
2017-12-13,12,2,298.26385498046875,291.8863525390625,-0.74493408203125,0.771942138671875,4.25,91638.46875,267.10009765625,282.0648803710937,291.6753234863281,0.0010503404773771,0.0077260695397853,0.0124223865568637,4.402008056640625,3.3096466064453125,-3.072265625,2.31036376953125,-1.454345703125,-0.7901763916015625
2017-12-13,18,3,294.10333251953125,292.24615478515625,-1.1367340087890625,0.39080810546875,8.0,91861.859375,266.9649963378906,281.558837890625,289.62030029296875,0.0014218466822057,0.0085726529359817,0.0126898214221,2.308563232421875,3.33697509765625,-3.749710083007813,2.08746337890625,-0.8910064697265625,2.6716766357421875
2017-12-14,0,0,292.9438781738281,290.9926147460937,-1.382293701171875,0.794464111328125,0.0,91727.21875,266.8788146972656,281.7680358886719,289.9593505859375,0.0020098509266972,0.008224107325077,0.011468943208456,2.318511962890625,0.1862945556640625,-3.651535034179688,4.273483276367188,-0.164093017578125,1.2142333984375
2017-12-14,6,1,299.66290283203125,288.1834411621094,-2.555404663085937,-0.4432220458984375,0.0,91955.015625,266.41259765625,281.7646484375,290.8132019042969,0.0022085469681769,0.007645197212696,0.010260172188282,1.95587158203125,-2.69384765625,-4.286712646484375,3.27142333984375,0.9100494384765624,-0.9239349365234376
2017-12-14,12,2,299.78546142578125,287.6111145019531,-2.50701904296875,-0.4197845458984375,1.875,91658.625,266.5380859375,281.3331604003906,293.6259460449219,0.0016534137539565,0.0067011341452598,0.0094307288527488,0.983306884765625,0.44281005859375,-5.56292724609375,2.37811279296875,-1.556488037109375,-1.75848388671875
2017-12-14,18,3,293.1939697265625,289.6336669921875,-3.277496337890625,0.2461090087890625,0.0,91865.234375,267.4259033203125,282.4702453613281,291.49566650390625,0.0010221637785434,0.005180075764656,0.0092821046710014,2.524627685546875,-5.17327880859375,-7.397659301757812,0.704833984375,-1.9429931640625,-3.464385986328125
2017-12-15,0,0,291.918212890625,289.59014892578125,-2.212738037109375,-0.3702545166015625,0.0,91749.84375,268.0409851074219,282.5805053710937,290.6656188964844,0.0008331160061061,0.0045534633100032,0.0067514888942241,0.5947113037109375,-4.4667510986328125,-8.472030639648438,0.2444000244140625,0.4866485595703125,-2.6089019775390625
2017-12-15,6,1,299.03912353515625,286.853759765625,-3.8703765869140634,-0.3404998779296875,0.0,91963.71875,267.9013061523437,282.4929504394531,290.796142578125,0.0008674273267388,0.0045130914077162,0.0088320448994636,-2.1472930908203125,-3.6264801025390634,-6.085174560546875,1.7640838623046875,-0.218292236328125,-0.6138153076171875
2017-12-15,12,2,298.95782470703125,287.9163818359375,-2.1926727294921875,-0.1980438232421875,0.0,91733.109375,267.39898681640625,283.0052490234375,292.7850341796875,0.0010821116156876,0.0043178535997867,0.0094759762287139,-2.12628173828125,-2.5486297607421875,-4.7340850830078125,1.594482421875,-0.143280029296875,-1.0783843994140625
2017-12-15,18,3,293.1158447265625,291.326416015625,-3.241790771484375,-0.396942138671875,0.0,92014.984375,267.2242736816406,282.96337890625,290.92138671875,0.0011436315253376,0.0054468549787998,0.0099506862461566,-2.040756225585937,-4.1655120849609375,-5.080612182617188,1.2061767578125,-0.472564697265625,-3.572021484375
2017-12-16,0,0,292.26153564453125,289.35986328125,-2.805038452148437,-1.0413665771484375,0.0,91875.9375,267.48516845703125,283.098876953125,289.3861083984375,0.0011622123420238,0.0039431895129382,0.0096354596316814,-1.9730682373046875,-5.8304290771484375,-8.193450927734375,2.007598876953125,-0.5504913330078125,-5.6456146240234375
2017-12-16,6,1,298.1630249023437,285.8595275878906,-4.3309173583984375,-0.491241455078125,0.0,92027.84375,268.31207275390625,283.1773681640625,289.26824951171875,0.0009271360468119,0.0034855296835303,0.009165808558464,-2.4751739501953125,-6.6927642822265625,-7.019577026367188,1.35906982421875,-0.002593994140625,-1.1717529296875
2017-12-16,12,2,298.09979248046875,288.3397827148437,-3.137237548828125,0.382080078125,0.0,91747.234375,268.0711669921875,283.1246337890625,291.2178039550781,0.0008324780501425,0.0041344240307807,0.0098673179745674,-1.8065948486328125,-6.026611328125,-6.8330078125,-0.042449951171875,-1.13153076171875,0.1201629638671875
2017-12-16,18,3,292.4029846191406,289.42730712890625,-3.1415557861328125,-0.8077392578125,0.0,92055.03125,267.91912841796875,282.7954406738281,289.8009948730469,0.0008644291665405,0.0042687244713306,0.0043541006743907,-4.506500244140625,-6.993194580078125,-8.576416015625,-0.44012451171875,0.3750457763671875,-3.662994384765625
2017-12-17,0,0,290.45489501953125,288.1965026855469,-2.862945556640625,-0.9907684326171876,0.0,92000.96875,267.5726928710937,281.5888671875,289.17071533203125,0.0008488069288432,0.0043124258518218,0.0037542772479355,-5.433761596679688,-6.07049560546875,-12.676010131835938,-0.1422882080078125,0.3549041748046875,-5.7326507568359375
2017-12-17,6,1,297.7896423339844,284.41168212890625,-5.3263092041015625,-0.35247802734375,0.0,92152.15625,267.5671691894531,282.26153564453125,288.68560791015625,0.0006633454468101,0.0034120441414415,0.0081340037286281,-6.7132110595703125,-6.998046875,-9.338150024414062,2.6668243408203125,-0.69219970703125,-0.8209381103515625
2017-12-17,12,2,297.4346923828125,286.44879150390625,-3.587127685546875,0.0326385498046875,0.0,91785.890625,267.3294982910156,283.3028869628906,290.40087890625,0.0002918937243521,0.0026816693134605,0.0085123553872108,-5.69854736328125,-6.51885986328125,-8.425323486328125,6.61419677734375,-4.44268798828125,-0.94500732421875
2017-12-17,18,3,291.1841735839844,288.7254943847656,-2.85601806640625,-0.4339599609375,0.0,92084.453125,266.250244140625,284.18487548828125,287.45806884765625,0.0003026076592504,0.001186117529869,0.0088908933103084,-4.71026611328125,-8.874404907226562,-9.59814453125,5.975433349609375,-4.03179931640625,-4.0761566162109375
2017-12-18,0,0,290.70330810546875,287.1730651855469,-3.810836791992188,-0.5107421875,0.0,91936.421875,265.836669921875,285.0809326171875,288.34991455078125,0.0003189174458384,0.0009900948498398,0.0066952742636203,-3.4321746826171875,-8.276260375976562,-13.1605224609375,4.103271484375,-3.669021606445313,-6.2468109130859375
2017-12-18,6,1,297.0272827148437,285.42681884765625,-4.2681427001953125,-1.478546142578125,0.0,92157.453125,266.529052734375,284.2388916015625,288.53814697265625,0.0004453146830201,0.0008072848431766,0.0085709318518638,-5.966354370117188,-9.466140747070312,-7.0167388916015625,4.817962646484375,-4.3113861083984375,-2.6407470703125
2017-12-18,12,2,297.1720886230469,286.2037353515625,-2.6169891357421875,-0.5339202880859375,0.0,91815.734375,267.5054931640625,284.45733642578125,290.72662353515625,0.001516988966614,0.000681945355609,0.0086428523063659,-7.1150970458984375,-8.958404541015625,-6.4438018798828125,6.099853515625,-3.9847412109375,-2.233871459960937
2017-12-18,18,3,290.8111877441406,288.1990661621094,-3.15234375,-0.635040283203125,0.0,92050.453125,267.5361328125,284.3944091796875,288.22711181640625,0.0017238205764442,0.0005931952036917,0.0099358074367046,-6.0929718017578125,-9.307052612304688,-6.713287353515625,6.742843627929688,-1.2471466064453125,-5.724090576171875
2017-12-19,0,0,290.2056884765625,287.76727294921875,-2.84228515625,-1.2569427490234375,0.0,91866.75,267.23992919921875,284.67205810546875,287.3116760253906,0.0017911598552018,0.0004219023976475,0.0062681473791599,-4.1097412109375,-7.731414794921875,-11.40411376953125,4.9135284423828125,0.90313720703125,-8.447235107421875
2017-12-19,6,1,297.3280639648437,285.2338256835937,-5.393890380859375,-0.04443359375,0.0,91985.515625,266.93609619140625,284.421630859375,288.5382080078125,0.0019970717839896,0.0016052655410021,0.0077625475823879,-3.9031982421875,-7.1994171142578125,-9.113800048828123,2.9253387451171875,2.3087921142578125,-0.0944671630859375
2017-12-19,12,2,298.35076904296875,288.41241455078125,-2.6823883056640625,0.5303192138671875,0.0,91735.5,267.50836181640625,283.6137390136719,291.4043273925781,0.0015280512161552,0.0028177220374345,0.0098349824547767,-4.6222991943359375,-7.066070556640625,-6.5291900634765625,2.96343994140625,1.7273712158203125,1.637451171875
2017-12-19,18,3,291.7420959472656,289.0665283203125,-3.4327850341796875,-0.6751251220703125,0.0,91976.46875,267.9177551269531,283.608154296875,290.2012939453125,0.0011281156912446,0.0038902938831597,0.009991455823183,-5.218063354492188,-6.3591156005859375,-3.5803680419921875,2.9309539794921875,2.86761474609375,-0.470458984375
2017-12-20,0,0,291.5456237792969,288.4544677734375,-2.82427978515625,-1.34234619140625,0.0,91904.34375,267.826904296875,283.579833984375,288.84136962890625,0.0014468962326645,0.0020737629383802,0.010613702237606,-7.67431640625,-4.3226318359375,-6.41339111328125,2.755722045898437,1.50408935546875,0.293060302734375
2017-12-20,6,1,298.80352783203125,283.65826416015625,-3.6488189697265625,-0.7736053466796875,0.0,92034.9375,268.7015991210937,283.1531982421875,290.2935791015625,0.0005597400013357,0.0003883524332195,0.0077576600015163,-7.59124755859375,-7.5148773193359375,-5.8577880859375,2.309173583984375,0.3250274658203125,-1.344207763671875
2017-12-20,12,2,298.9428100585937,284.9934997558594,-2.790634155273437,-0.4125518798828125,0.0,91761.78125,268.4404296875,283.8992919921875,292.2445678710937,0.0004661683924496,0.0005225415807217,0.0072277560830116,-7.854095458984375,-7.973495483398437,-6.496063232421875,3.922683715820313,-1.1748504638671875,-1.8968353271484373
2017-12-20,18,3,290.8548583984375,286.521484375,-2.6536102294921875,-0.66961669921875,0.0,92027.921875,268.1495361328125,284.0855407714844,291.4146728515625,0.0004486485850065,0.000605447217822,0.0032362714409828,-9.356094360351562,-9.770294189453123,-3.791473388671875,4.196533203125,-2.012908935546875,-0.79583740234375
2017-12-21,0,0,289.366455078125,284.81365966796875,-1.889556884765625,-1.510711669921875,0.0,91894.125,268.11444091796875,284.5576171875,290.1392822265625,0.0007721660658717,0.0005511327181011,0.0052398443222045,-8.471221923828125,-10.363800048828123,-5.095016479492188,4.245132446289063,-3.722091674804688,1.622955322265625
2017-12-21,6,1,298.1114501953125,284.5287170410156,-3.606201171875,-0.6732025146484375,0.0,92067.53125,267.7994384765625,283.21807861328125,289.9206848144531,0.0005444097332656,0.0012922566384077,0.0073364526033401,-8.759658813476562,-13.4466552734375,-6.102996826171875,-0.556732177734375,-1.44085693359375,-0.875823974609375
2017-12-21,12,2,298.45245361328125,289.76837158203125,-3.725875854492188,0.6573486328125,0.0,91796.734375,267.9780578613281,281.8705139160156,291.1277770996094,0.0004373465199023,0.0035811199340969,0.0106986761093139,-10.959976196289062,-9.953689575195312,-7.6781768798828125,-0.4626922607421875,-0.06451416015625,-0.49603271484375
2017-12-21,18,3,292.5819396972656,290.95526123046875,-3.201751708984375,0.1721343994140625,0.0,92014.71875,268.142822265625,282.7315673828125,289.1351013183594,0.0002860339009203,0.0008974627126008,0.0104390569031238,-10.927520751953123,-10.896743774414062,-7.2622222900390625,1.8082427978515625,-0.790985107421875,-1.2191314697265625
2017-12-22,0,0,291.3969116210937,289.63720703125,-3.0951690673828125,-0.89776611328125,0.25,91858.953125,268.1868591308594,284.2510986328125,287.744140625,0.0002720970660448,0.0004200048279017,0.00921630859375,-8.120391845703125,-10.516525268554688,-9.301376342773438,3.744903564453125,-0.5872344970703125,-1.98712158203125
2017-12-22,6,1,298.2916259765625,286.46484375,-3.881179809570313,-0.4526519775390625,0.0,91952.640625,268.08477783203125,284.1233825683594,289.4903869628906,0.0003588385879993,0.0003676111809909,0.0089661069214344,-5.6343994140625,-11.16912841796875,-6.29388427734375,3.51751708984375,-0.852569580078125,-0.8217926025390625
2017-12-22,12,2,298.46417236328125,287.2698669433594,-2.56829833984375,0.264404296875,0.0,91675.96875,268.1410522460937,283.8642578125,291.90118408203125,0.0003013620153069,0.0006076346617192,0.0086884796619415,-5.708465576171875,-10.392745971679688,-5.8431549072265625,1.593780517578125,-1.2610015869140625,0.0156707763671875
2017-12-22,18,3,291.8924865722656,289.4452819824219,-2.91748046875,-0.3002777099609375,0.0,91817.421875,268.9090576171875,284.2603759765625,290.18377685546875,0.0002189260703744,0.0006012564990669,0.0086106564849615,-6.557174682617188,-9.916275024414062,-5.483642578125,3.031967163085937,-0.6129608154296875,-3.597930908203125
2017-12-23,0,0,291.8497314453125,289.7777709960937,-2.869354248046875,-0.619720458984375,0.0,91651.1875,268.4373474121094,285.3178405761719,288.65972900390625,0.0002226284268544,0.0004362752661108,0.0089022144675254,-4.755630493164063,-9.079986572265623,-6.685348510742188,1.6600494384765625,1.316619873046875,-0.8890228271484375
2017-12-23,6,1,298.4739990234375,286.3376770019531,-4.2290802001953125,-0.2881011962890625,0.0,91753.03125,268.5335998535156,285.0936889648437,289.70489501953125,0.0002745892852544,0.0004619969986379,0.0088236406445503,-4.884552001953125,-8.598846435546875,-6.689743041992188,2.193710327148437,1.0692138671875,-0.5648651123046875
2017-12-23,12,2,298.7260131835937,286.5035400390625,-2.596160888671875,-0.1327972412109375,0.0,91477.53125,268.70184326171875,284.7709350585937,292.0179443359375,0.0002493437496013,0.0004866756498813,0.0082838349044322,-4.4184417724609375,-6.826324462890625,-5.784393310546875,2.4634246826171875,1.848785400390625,-0.965423583984375
2017-12-23,18,3,291.5367126464844,287.7655944824219,-2.9642333984375,-0.1076812744140625,0.0,91719.921875,269.6748962402344,284.5325927734375,289.3793640136719,0.0002536042593419,0.0004864744842052,0.0074302218854427,-4.650543212890625,-7.53265380859375,-4.841461181640625,2.885345458984375,0.316650390625,-2.2720947265625
2017-12-24,0,0,290.3589782714844,288.81866455078125,-2.802642822265625,-0.9278717041015624,0.625,91600.59375,269.4535522460937,284.08087158203125,288.84552001953125,0.0002228732628282,0.0005297698080539,0.0031629148870706,-2.975860595703125,-7.407852172851562,-7.3347320556640625,1.01849365234375,1.0432281494140625,-3.63104248046875
2017-12-24,6,1,297.8823547363281,282.3557434082031,-4.095870971679688,-0.2665557861328125,0.0,91770.28125,268.9119873046875,284.4476013183594,289.571533203125,0.0002397949720034,0.0006484875921159,0.0061652511358261,-2.4341278076171875,-7.038589477539063,-6.8875732421875,-1.141571044921875,-0.1219024658203125,-0.327850341796875
2017-12-24,12,2,298.8111572265625,285.781982421875,-2.5418853759765625,-0.16265869140625,0.0,91459.640625,268.41314697265625,284.53515625,291.84832763671875,0.000340519240126,0.0006333054043352,0.0080827549099922,-2.23040771484375,-5.5481719970703125,-5.9813995361328125,-1.86199951171875,-0.7684478759765625,-0.717864990234375
2017-12-24,18,3,290.8676452636719,286.454345703125,-2.7488250732421875,-0.0809173583984375,0.0,91730.328125,270.035888671875,284.13006591796875,289.51141357421875,0.0002600552979856,0.0007677185349166,0.0069236941635608,-2.0540924072265625,-4.7111663818359375,-4.810211181640625,-2.455535888671875,-1.5523223876953125,-1.969085693359375
2017-12-25,0,0,290.4056396484375,288.6117858886719,-1.6203155517578125,-1.272979736328125,0.0,91581.140625,268.0473022460937,284.94317626953125,290.072021484375,0.0007241403218358,0.0007316416595131,0.0058667659759521,-2.842803955078125,-3.493392944335937,-3.970169067382813,0.2886810302734375,-2.4347686767578125,0.4725189208984375
2017-12-25,6,1,297.1611328125,285.38140869140625,-2.619415283203125,-1.0912628173828125,0.0,91813.515625,267.83953857421875,284.222900390625,288.9304504394531,0.0008035209029912,0.0007513801101595,0.0077549777925014,-1.5601654052734375,-5.727630615234375,-4.0205841064453125,-2.275741577148437,0.0787811279296875,-1.500701904296875
2017-12-25,12,2,298.27838134765625,287.5408630371094,-1.9938201904296875,0.4697265625,0.0,91570.359375,267.6742553710937,283.69659423828125,291.86767578125,0.0006081403698772,0.0008297611493617,0.0091323517262935,-0.0156707763671875,-5.0546417236328125,-4.329391479492188,-6.97393798828125,-2.4481201171875,1.131591796875
2017-12-25,18,3,291.8679504394531,289.26141357421875,-2.94219970703125,-0.2104949951171875,0.0,91813.875,268.01885986328125,283.846435546875,289.9232482910156,4.965135303791613e-05,0.000707390718162,0.0097418818622827,-8.167877197265625,-7.07232666015625,-5.313888549804688,-8.336410522460938,-0.2154083251953125,-2.14837646484375
2017-12-26,0,0,290.9327392578125,288.7154541015625,-2.30169677734375,-1.1013336181640625,0.0,91686.25,267.3533935546875,284.05743408203125,290.521484375,9.993351704906672e-05,0.0006048954091966,0.0059897564351558,-7.959014892578125,-4.8309478759765625,-6.0545501708984375,-8.37860107421875,-1.94500732421875,-1.1201934814453125
2017-12-26,6,1,298.56219482421875,283.30926513671875,-3.614959716796875,-2.27008056640625,0.0,91834.59375,267.78790283203125,284.5931091308594,290.6358642578125,0.0001007535756798,0.0006252340972423,0.0063868165016174,-10.40924072265625,-5.361663818359375,-5.84466552734375,-8.717498779296875,-1.9778594970703125,-3.279937744140625
2017-12-26,12,2,299.02520751953125,285.1334533691406,-2.1234893798828125,-0.3868865966796875,0.0,91575.171875,267.81060791015625,284.0906982421875,292.5233764648437,8.281627378892154e-05,0.0007016593590378,0.0072998851537704,-10.532623291015623,-3.4096832275390625,-5.288619995117188,-5.96221923828125,-1.7833251953125,-1.247772216796875
2017-12-26,18,3,291.82391357421875,288.6744384765625,-3.1335906982421875,-0.344512939453125,0.0,91826.328125,267.7999572753906,284.48699951171875,290.0079650878906,8.374311437364668e-05,0.000563864596188,0.0085844248533248,-10.420791625976562,-4.0763702392578125,-4.862884521484375,-4.963165283203125,-2.230926513671875,-3.32757568359375
2017-12-27,0,0,290.21466064453125,288.43194580078125,-2.940704345703125,-0.65338134765625,0.0,91735.15625,268.0079345703125,284.5741271972656,288.93701171875,7.966232078615576e-05,0.0004835939034819,0.0053798034787178,-9.084442138671877,-3.734832763671875,-6.7218780517578125,-3.1898651123046875,-0.64886474609375,-4.871337890625
2017-12-27,6,1,297.4130249023437,283.91290283203125,-3.164398193359375,-1.1414031982421875,0.0,91863.578125,267.30426025390625,284.85809326171875,289.0687561035156,0.0001238213444594,0.0004230418708175,0.0069952644407749,-8.86529541015625,-4.766021728515625,-4.9503936767578125,-3.91912841796875,-1.0582427978515625,-1.8487548828125
2017-12-27,12,2,298.1629638671875,284.76934814453125,-1.647369384765625,-0.4626617431640625,0.0,91512.84375,267.6840209960937,285.2885131835937,292.1157531738281,0.0002383234968874,0.0003044845070689,0.0067607872188091,-8.39251708984375,-6.235366821289063,-4.178268432617188,-2.3727264404296875,-3.00360107421875,-1.8003387451171875
2017-12-27,18,3,290.74859619140625,287.2946472167969,-3.131744384765625,-0.006744384765625,0.0,91722.234375,268.06707763671875,285.27166748046875,288.79083251953125,0.0002357381017645,0.0002856166101992,0.0084389634430408,-7.4767913818359375,-7.437606811523437,-4.8324127197265625,0.177459716796875,-3.85943603515625,-2.2259979248046875
2017-12-28,0,0,290.5670166015625,288.533203125,-2.773345947265625,-0.6416015625,0.0,91676.484375,268.2313232421875,284.5941772460937,287.7191467285156,0.0001491531147621,0.0003540613688528,0.0036969282664358,-5.4989166259765625,-7.6696929931640625,-7.37353515625,3.196395874023437,-3.955230712890625,-3.721343994140625
2017-12-28,6,1,296.587158203125,279.1910400390625,-4.38067626953125,-0.685943603515625,0.0,91808.65625,268.2938842773437,285.0008544921875,288.1349182128906,0.0001494335301686,0.0005684096831828,0.0049434080719947,-5.939239501953125,-7.38543701171875,-7.4237060546875,2.2360382080078125,-3.4923095703125,-1.206085205078125
2017-12-28,12,2,297.0791320800781,283.7855529785156,-2.617782592773437,-0.1080169677734375,0.0,91528.203125,268.65887451171875,284.16571044921875,290.85284423828125,0.0001412448473274,0.0006331370677798,0.0061394833028316,-5.916290283203125,-7.710586547851562,-6.374725341796875,2.489715576171875,-1.6043243408203125,-1.125732421875
2017-12-28,18,3,289.63702392578125,286.50738525390625,-2.574447631835937,0.0645751953125,0.0,91701.953125,268.9831848144531,284.31890869140625,287.2220458984375,8.651376992929727e-05,0.000688936910592,0.0081505626440048,-4.0338287353515625,-7.39764404296875,-5.768768310546875,4.105560302734375,-0.87530517578125,-1.62738037109375
2017-12-29,0,0,289.6737976074219,287.93389892578125,-3.0532684326171875,-0.350677490234375,0.125,91692.890625,268.0972900390625,284.08551025390625,287.0548095703125,9.499986481387168e-05,0.0006996542215347,0.0018746627029031,-1.6507568359375,-4.987884521484375,-8.007537841796875,3.1925811767578125,0.3726806640625,-4.33795166015625
2017-12-29,6,1,296.19708251953125,284.4575500488281,-3.758270263671875,-0.143646240234375,0.0,91862.125,267.9110107421875,283.9149169921875,287.2292175292969,9.135916479863226e-05,0.0007589010056108,0.0071993507444858,-1.4754180908203125,-4.3787689208984375,-6.334991455078125,1.4701080322265625,-0.351470947265625,-0.559600830078125
2017-12-29,12,2,297.6247863769531,286.62603759765625,-1.8970184326171875,0.2181243896484375,0.0,91563.1875,267.73760986328125,283.3857421875,290.93878173828125,8.627865463495255e-05,0.0007413018029183,0.0083713680505752,-0.076995849609375,-3.610809326171875,-4.335968017578125,1.9505157470703125,-0.8131256103515625,-0.0255126953125
2017-12-29,18,3,291.0291748046875,287.9453430175781,-2.9781036376953125,0.38604736328125,0.0,91827.40625,267.453857421875,283.76806640625,288.378662109375,8.182351302821189e-05,0.0005881728138774,0.0097090527415275,1.0395355224609375,-3.916229248046875,-4.9766693115234375,2.24462890625,-0.8580474853515625,0.235870361328125
2017-12-30,0,0,289.6107788085937,288.4454345703125,-2.517852783203125,-0.5992584228515625,0.0,91642.5,267.21844482421875,283.97833251953125,286.9892272949219,7.643747085239738e-05,0.0005162958987057,0.0083302520215511,1.5843048095703125,-3.037384033203125,-3.0612030029296875,1.520416259765625,-0.1677398681640625,-3.685256958007813
2017-12-30,6,1,296.7504272460937,283.4135131835937,-3.212387084960937,-1.4356842041015625,0.0,91783.65625,267.3687744140625,284.6285705566406,288.2644348144531,8.208963845390826e-05,0.0004901932552456,0.0061996653676033,1.9666290283203125,-3.6329498291015625,-5.0594024658203125,-0.2276458740234375,-0.816680908203125,-2.2372283935546875
2017-12-30,12,2,297.4757080078125,286.3216552734375,-1.6257781982421875,-0.488525390625,0.0,91442.796875,267.7340393066406,284.0853881835937,291.4446716308594,0.0002462384290993,0.0005152325611561,0.0081043243408203,2.91552734375,-0.57720947265625,-3.602813720703125,-0.371490478515625,-2.09307861328125,-1.4651947021484375
2017-12-30,18,3,291.0960693359375,287.4630126953125,-3.0327606201171875,-0.056732177734375,0.0,91764.71875,267.727294921875,283.67108154296875,288.7944030761719,0.0003837544936686,0.0004773924592882,0.0092237070202827,3.127593994140625,-1.9384765625,-4.99658203125,1.2764739990234375,-1.7609710693359375,-1.2752838134765625
2017-12-31,0,0,291.5574951171875,288.9647216796875,-2.568572998046875,-0.7607879638671875,0.0,91581.65625,267.8202209472656,284.2902526855469,287.06158447265625,0.0008398620411753,0.0004652349743992,0.0084098540246486,5.970916748046875,0.3335723876953125,-2.936126708984375,1.0188751220703125,-0.5487518310546875,-4.6908111572265625
2017-12-31,6,1,297.39471435546875,282.5661926269531,-1.6298065185546875,0.526763916015625,0.0,91663.171875,267.06011962890625,284.8323974609375,289.03466796875,0.0009947475045919,0.0004380840109661,0.0064339116215705,5.983810424804688,1.5804443359375,-2.4718475341796875,-0.7392425537109375,-1.7665252685546875,0.7078857421875
2017-12-31,12,2,298.7269287109375,285.6173095703125,-1.062713623046875,0.3737640380859375,0.0,91308.953125,267.1031799316406,283.9853515625,292.4000244140625,0.0010058558546006,0.0004574625054374,0.0066203959286212,4.851242065429688,1.4443511962890625,-1.74859619140625,-1.5214080810546875,-3.840484619140625,0.1546173095703125
2017-12-31,18,3,290.8406066894531,286.189208984375,-2.14886474609375,0.6355743408203125,5.75,91573.296875,267.65362548828125,284.5712585449219,289.91455078125,0.0003873757086694,0.0003491749521344,0.0092458017170429,3.2281036376953125,0.751739501953125,-2.836776733398437,-0.7120819091796875,-1.80120849609375,4.587417602539063
2018-01-01,0,0,290.6514892578125,288.89715576171875,-1.5189361572265625,0.328521728515625,3.75,91404.84375,267.2545166015625,283.51043701171875,289.7419738769531,0.0002218194567831,0.0003521426115185,0.007784578949213,5.7133636474609375,1.9037628173828125,1.9726715087890625,-2.479354858398437,1.660797119140625,2.3586578369140625
2018-01-01,6,1,298.0064697265625,286.6918640136719,0.5283050537109375,-0.0504913330078125,0.0,91560.203125,266.59405517578125,284.4197082519531,290.17364501953125,0.0001284531026612,0.0003082992043346,0.0083872638642787,4.65411376953125,2.1770782470703125,0.7308502197265625,-5.6468353271484375,2.4152984619140625,-0.2815704345703125
2018-01-01,12,2,299.4967346191406,290.1824035644531,0.976593017578125,0.45562744140625,0.0,91235.09375,267.0670166015625,282.208251953125,293.40985107421875,0.0002777511253952,0.0005678359884768,0.0076883807778358,7.701522827148437,4.9344329833984375,1.2933807373046875,-7.012420654296875,-2.8692779541015625,0.1231842041015625
2018-01-01,18,3,293.651123046875,285.81549072265625,-1.31292724609375,-0.19232177734375,0.0,91429.125,266.86083984375,279.501953125,292.5602722167969,0.0003181113861501,0.0024186577647924,0.0076448693871498,10.52099609375,2.295989990234375,0.0281982421875,-7.189666748046875,-1.553802490234375,0.7276763916015625
2018-01-02,0,0,290.93280029296875,287.6274719238281,-1.4192657470703125,1.127227783203125,30.375,91338.390625,266.5986022949219,279.6470947265625,289.5115966796875,0.0002630301751196,0.0020010820589959,0.0091273374855518,11.405731201171877,5.8899993896484375,1.839691162109375,-6.7088775634765625,-1.22833251953125,4.4805450439453125
2018-01-02,6,1,298.7426452636719,287.0120849609375,1.3921966552734375,0.2799224853515625,0.0,91557.671875,265.8932189941406,283.0535888671875,291.0614624023437,0.0002124884485965,0.0008082131389528,0.0084802061319351,8.662750244140625,4.2049560546875,1.8459625244140625,-9.960006713867188,-1.0812225341796875,-0.08642578125
2018-01-02,12,2,299.6632080078125,290.8951416015625,0.796783447265625,-0.2809600830078125,0.0,91254.015625,266.8295288085937,280.8388366699219,293.6298217773437,0.0001728821807773,0.0026344172656536,0.0080688744783401,5.2624359130859375,1.0625457763671875,0.657562255859375,-17.508102416992188,-2.1237335205078125,-0.8350677490234375
2018-01-02,18,3,293.4916381835937,287.0290832519531,-3.1391754150390625,0.283538818359375,9.75,91509.34375,268.8876647949219,279.07666015625,291.15411376953125,0.0001742679742164,0.0038448679260909,0.0093794539570808,2.8799591064453125,3.203842163085937,-4.897506713867188,-12.474929809570312,-1.61383056640625,3.981597900390625
2018-01-03,0,0,292.6131896972656,290.3653564453125,-2.828109741210937,0.79278564453125,94.125,91476.265625,266.1944274902344,280.8075561523437,289.4190673828125,0.00022108356643,0.0007072365842759,0.0106872171163558,3.5852813720703125,3.59295654296875,-3.2993316650390625,-7.5303955078125,-3.3173828125,4.6356353759765625
2018-01-03,6,1,298.12701416015625,289.23345947265625,-1.7196807861328125,1.3383331298828125,55.5,91680.203125,265.3574523925781,283.01641845703125,289.9696044921875,0.0002307107934029,0.0003979575121775,0.0107593350112438,3.453475952148437,2.87933349609375,-2.2633209228515625,-6.033599853515625,-2.473968505859375,1.758270263671875
2018-01-03,12,2,298.9156494140625,288.2772521972656,0.3346405029296875,0.156494140625,23.875,91456.234375,265.5574951171875,278.423583984375,291.87237548828125,0.0002381981321377,0.0057463883422315,0.0096119157969951,6.414581298828125,-0.0293426513671875,0.6000823974609375,-4.264617919921875,-1.7564849853515625,0.1305694580078125
2018-01-03,18,3,293.5145874023437,287.84930419921875,-0.947265625,-0.961822509765625,40.5,91643.453125,268.5590209960937,277.8826904296875,291.7273864746094,0.0001135149504989,0.004788214340806,0.0091107375919818,5.029296875,0.252166748046875,-0.0729217529296875,-5.15570068359375,-1.0540771484375,-1.7875823974609375
2018-01-04,0,0,291.8651428222656,289.0963134765625,-2.8172149658203125,1.0648651123046875,27.875,91611.3125,268.217529296875,281.03106689453125,289.249755859375,0.0001043915981426,0.00096967513673,0.0098242834210395,5.67156982421875,5.341522216796875,-4.7451171875,-5.062515258789063,-1.7073974609375,0.435791015625
2018-01-04,6,1,297.7877197265625,287.0986328125,-1.944854736328125,-0.27252197265625,0.0,91817.90625,268.196533203125,284.042724609375,289.7646484375,0.0001186467852676,0.0003114740829914,0.0096288435161113,2.1764068603515625,1.389129638671875,-2.49114990234375,-3.0984344482421875,-0.8953094482421875,-0.5811614990234375
2018-01-04,12,2,299.00030517578125,287.4005432128906,-1.0311126708984375,-0.618804931640625,0.5,91432.65625,269.1122131347656,278.0780639648437,293.0460510253906,0.0001216246600961,0.0060988552868366,0.0077697336673736,5.601089477539063,-0.6552886962890625,-2.0858612060546875,-1.304412841796875,-1.867767333984375,-1.6266632080078125
2018-01-04,18,3,292.1177978515625,287.2645263671875,-3.3924102783203125,0.5843048095703125,0.0,91667.265625,268.8230895996094,284.53302001953125,289.67462158203125,0.0001486820547142,0.0003918253351002,0.0090615153312683,6.10992431640625,0.34368896484375,-4.4964752197265625,-5.4046630859375,-1.7890625,0.37469482421875
2018-01-05,0,0,289.7191772460937,286.4434814453125,-2.02362060546875,0.4196624755859375,0.0,91529.578125,269.78387451171875,284.55328369140625,288.3931884765625,0.0001105701230699,0.0003507137298583,0.0084070116281509,7.9670562744140625,-0.8947906494140625,-5.646743774414063,-6.87896728515625,-0.9125213623046876,-2.2843017578125
2018-01-05,6,1,297.115966796875,284.64508056640625,-1.8632049560546875,-0.9284210205078124,0.0,91731.890625,270.5595703125,283.6248779296875,289.0286560058594,0.0001029018312692,0.0004474520683288,0.0084213092923164,5.209014892578125,-1.615386962890625,-2.3838043212890625,-4.46112060546875,-0.03448486328125,-1.7050323486328125
2018-01-05,12,2,298.361572265625,289.89569091796875,-0.5020904541015625,-0.5734100341796875,0.0,91345.953125,271.1573486328125,283.6116943359375,292.1754150390625,0.0001188800379168,0.0004103812389075,0.0078290700912475,4.6214141845703125,0.102142333984375,-0.7479400634765625,-6.87603759765625,0.9425201416015624,-1.048004150390625
2018-01-05,18,3,291.0453491210937,285.3512268066406,-2.620330810546875,0.0757293701171875,0.0,91499.953125,271.3162841796875,284.8143310546875,289.95965576171875,7.242016727104783e-05,0.0003461393062025,0.0079868957400321,1.698638916015625,-1.4128265380859375,-3.503662109375,-6.4959259033203125,-0.9195098876953124,-1.26727294921875
2018-01-06,0,0,288.9364318847656,286.2879943847656,-2.003265380859375,0.4085845947265625,0.0,91456.78125,271.62921142578125,284.3177490234375,288.36041259765625,7.836676377337426e-05,0.0003385683521628,0.0076769441366195,-4.8748931884765625,0.6114654541015625,-3.210784912109375,-7.3278961181640625,0.447601318359375,-2.3038787841796875
2018-01-06,6,1,297.0111083984375,284.43463134765625,-1.451141357421875,-0.785247802734375,0.0,91669.953125,271.3878173828125,283.4830322265625,288.6686706542969,0.0001630024344194,0.000385999912396,0.0081727430224418,-7.575607299804687,1.3409881591796875,-1.62115478515625,-6.3510284423828125,-0.4951934814453125,-1.41949462890625
2018-01-06,12,2,298.1727294921875,288.44024658203125,0.2091064453125,-0.79473876953125,0.0,91341.25,271.7491455078125,282.1506652832031,291.7294616699219,0.0001975398045033,0.0004424243234097,0.0076207220554351,-9.2535400390625,3.261322021484375,0.4325408935546875,-6.652618408203125,-2.015609741210937,-1.6374359130859375
2018-01-06,18,3,291.59771728515625,284.89581298828125,-2.424560546875,-0.3099365234375,0.0,91576.296875,271.47283935546875,282.29791259765625,290.12994384765625,0.0001982863759621,0.0003248939756304,0.0075656399130821,-10.4166259765625,4.90191650390625,-2.635345458984375,-4.6305999755859375,-3.5318756103515625,-0.5321502685546875
2018-01-07,0,0,289.0032958984375,285.97802734375,-2.088119506835937,0.254638671875,0.0,91512.921875,271.6254577636719,282.9293212890625,288.2357177734375,0.0002008988521993,0.0003203111700713,0.007991999387741,-10.552841186523438,0.6792449951171875,-1.868743896484375,-2.384628295898437,-4.8340606689453125,-0.4656524658203125
2018-01-07,6,1,296.7118225097656,284.4599914550781,-1.189971923828125,-0.7203521728515625,0.0,91709.125,270.990234375,282.7676696777344,288.781005859375,0.0001933913008542,0.0002717194147408,0.0080233961343765,-10.416015625,-0.7930450439453125,-1.439605712890625,-2.8537139892578125,-1.847869873046875,-1.2406005859375
2018-01-07,12,2,298.10400390625,286.5302734375,-0.245574951171875,-0.9882354736328124,0.0,91420.21875,270.1934814453125,281.7244873046875,291.4532775878906,0.0001809236127883,0.0004865769296884,0.0072354972362518,-10.70318603515625,0.466644287109375,-0.74261474609375,-0.7863922119140625,-3.739456176757813,-2.3592071533203125
2018-01-07,18,3,291.5723876953125,283.0893249511719,-3.019393920898437,-0.2212371826171875,0.0,91618.265625,270.5946044921875,284.3419189453125,289.03143310546875,0.0001706303737591,0.0002311821153853,0.0070479959249496,-11.973480224609377,-0.5843505859375,-4.86553955078125,-0.8297119140625,-3.60333251953125,-1.1558074951171875
2018-01-08,0,0,288.4628295898437,284.93145751953125,-2.555877685546875,0.125518798828125,0.0,91541.375,270.0921325683594,282.87554931640625,287.9163818359375,0.0001486920373281,0.0003982824273407,0.0068090818822383,-11.248870849609377,-4.7726898193359375,-5.663055419921875,-0.6526947021484375,0.97161865234375,-3.967849731445313
2018-01-08,6,1,296.83258056640625,283.86651611328125,-2.953125,-1.6919708251953125,0.0,91782.578125,269.2710266113281,282.6595458984375,288.52252197265625,0.0002274690050398,0.0003616393078118,0.0072158016264438,-13.929611206054688,-4.480255126953125,-4.1302642822265625,1.6417083740234375,4.033111572265625,-2.6898956298828125
2018-01-08,12,2,297.6942138671875,283.38934326171875,-2.381088256835937,0.11376953125,0.0,91491.515625,268.55340576171875,281.1851806640625,291.5424194335937,0.0016137501224875,0.0012507536448538,0.0065740630961954,-12.769912719726562,-3.360076904296875,-5.1724395751953125,3.238311767578125,1.3091278076171875,0.0455780029296875
2018-01-08,18,3,290.8516540527344,286.1062316894531,-3.7551422119140634,0.271697998046875,0.0,91739.484375,268.6706237792969,282.30584716796875,288.2767028808594,0.0023272782564163,0.0018798699602484,0.0080616548657417,-10.887710571289062,-7.391265869140625,-6.335968017578125,6.972930908203125,5.1284942626953125,1.2469635009765625
2018-01-09,0,0,289.78521728515625,288.2228088378906,-3.2947998046875,-0.463531494140625,0.0,91670.0,268.3437805175781,282.89306640625,288.1366882324219,0.0026221880689263,0.0025363133754581,0.0074574835598468,-7.4858856201171875,-8.577774047851562,-6.1329498291015625,7.818679809570312,7.828994750976562,-1.81121826171875
2018-01-09,6,1,297.03741455078125,284.39385986328125,-3.191925048828125,-0.3492431640625,0.0,91877.921875,267.60272216796875,282.6888427734375,288.8362731933594,0.0028036271687597,0.003702548565343,0.0072110146284103,-7.3442535400390625,-8.206771850585938,-5.350677490234375,5.80963134765625,8.956039428710938,-0.488006591796875
2018-01-09,12,2,298.19921875,287.774658203125,-2.24261474609375,0.74249267578125,2.0,91596.515625,267.3421325683594,280.5419616699219,291.8994445800781,0.0028554818127304,0.009304903447628,0.009626168757677,-8.284439086914062,-6.780029296875,-4.68536376953125,6.585220336914063,3.854644775390625,1.131744384765625
2018-01-09,18,3,293.3948974609375,288.31549072265625,-3.5605621337890625,-0.556427001953125,19.625,91887.421875,267.70904541015625,280.2838439941406,289.19189453125,0.0026577112730592,0.0089062191545963,0.0100695490837097,-9.823715209960938,-7.899002075195312,-6.878082275390625,6.2115325927734375,7.7557373046875,-2.5605926513671875
2018-01-10,0,0,292.32135009765625,287.7348022460937,-1.8575897216796875,-0.4510040283203125,12.875,91756.171875,267.65252685546875,281.49517822265625,288.7254638671875,0.002608235226944,0.009328968822956,0.0100968740880489,-9.308059692382812,-10.037826538085938,-7.31024169921875,7.6125946044921875,6.5089111328125,-1.78070068359375
2018-01-10,6,1,296.6004638671875,287.9705505371094,-3.568099975585937,-0.4217681884765625,0.125,92019.453125,266.9381103515625,281.6329345703125,288.89678955078125,0.0032396768219769,0.0071126371622085,0.0121608413755893,-9.557998657226562,-7.059097290039063,-9.802078247070312,4.836456298828125,5.912078857421875,0.523590087890625
2018-01-10,12,2,297.8389587402344,289.89703369140625,-3.787994384765625,1.5152435302734375,2.25,91674.8125,267.86688232421875,282.7491455078125,290.9799499511719,0.003175507299602,0.0062147434800863,0.0116529315710067,-8.3946533203125,-6.781539916992188,-7.7199859619140625,4.9103851318359375,4.1106719970703125,1.8465423583984373
2018-01-10,18,3,294.35223388671875,291.25616455078125,-2.737045288085937,0.849395751953125,39.75,91966.546875,267.9855041503906,283.1365051269531,290.11773681640625,0.0024239099584519,0.0047615692019462,0.0119429118931293,-10.572799682617188,-6.938720703125,-5.9236602783203125,6.111251831054688,3.363143920898437,-0.337249755859375
2018-01-11,0,0,292.7958068847656,290.16046142578125,-1.7765483856201172,0.4743804931640625,0.0,91826.390625,267.0125732421875,282.5982360839844,289.8866882324219,0.0027352541219443,0.0038796535227447,0.0099437683820724,-11.022491455078123,-6.273468017578125,-6.144378662109375,5.9414825439453125,4.910079956054688,0.1070556640625
2018-01-11,6,1,299.8805236816406,289.84033203125,-3.508514404296875,1.0259246826171875,0.0,91971.890625,266.3744812011719,283.3081359863281,291.4905700683594,0.0028584925457835,0.0054832622408866,0.0114350244402885,-9.667495727539062,-6.765655517578125,-5.263153076171875,5.8201904296875,1.9210662841796875,1.196990966796875
2018-01-11,12,2,299.738525390625,290.37261962890625,-2.8061065673828125,0.8394317626953125,2.0,91617.515625,267.40313720703125,282.2609558105469,293.1473999023437,0.0024449611082673,0.0064264014363288,0.0116805583238601,-9.1455078125,-5.4681243896484375,-5.6265716552734375,2.292816162109375,0.28173828125,1.1030731201171875
2018-01-11,18,3,294.1892395019531,291.51580810546875,-2.568206787109375,0.8626861572265625,0.0,91830.0625,268.055419921875,283.903564453125,290.9933776855469,0.0014242455363273,0.0064628086984157,0.0119852758944034,-10.131698608398438,-8.55584716796875,-4.764450073242188,5.025421142578125,1.7825469970703125,1.085968017578125
2018-01-12,0,0,293.302490234375,291.2972717285156,-2.245330810546875,0.8718109130859375,4.0,91737.6875,268.6049194335937,282.050048828125,290.6248779296875,0.0001031662686727,0.006450030952692,0.0108956284821033,-10.243133544921877,-7.9885406494140625,-4.647018432617188,5.947769165039063,2.5260162353515625,0.1598052978515625
2018-01-12,6,1,299.4247741699219,288.9049987792969,-3.1822662353515625,0.0080718994140625,0.0,91910.40625,268.25555419921875,282.24822998046875,291.001220703125,9.911581582855432e-05,0.0055138114839792,0.0109909139573574,-11.280685424804688,-8.03167724609375,-4.986587524414063,6.2888946533203125,3.6102142333984375,-0.29986572265625
2018-01-12,12,2,300.2853088378906,288.9033203125,-2.4222869873046875,0.437225341796875,3.0625,91583.71875,267.4505615234375,280.7064819335937,293.9556884765625,0.0001428871037205,0.00627351552248,0.0097224861383438,-8.730300903320312,-4.569747924804688,-5.2890625,4.6702880859375,0.0803680419921875,0.304962158203125
2018-01-12,18,3,294.7077331542969,289.77685546875,-2.622161865234375,0.8826141357421875,0.0,91841.1875,268.0300598144531,281.767822265625,292.2646484375,0.0001251460780622,0.0044644214212894,0.0099317692220211,-10.240921020507812,-6.72979736328125,-5.2691802978515625,4.1278839111328125,1.8168182373046875,-0.6574554443359375
2018-01-13,0,0,292.3575439453125,289.533447265625,-1.8609771728515625,0.292388916015625,0.0,91672.59375,267.1988220214844,281.286376953125,292.14190673828125,0.0001504257670603,0.0028810612857341,0.0077685713768005,-7.910919189453125,-6.3380279541015625,-6.1448974609375,3.157333374023437,-0.7583770751953125,-1.3939208984375
2018-01-13,6,1,300.7929382324219,285.6102294921875,-3.1580352783203125,-0.33831787109375,0.0,91875.71875,267.0439453125,283.0076904296875,292.4086608886719,0.00017163719167,0.001074104104191,0.0080308578908443,-7.834091186523437,-6.29254150390625,-4.8289337158203125,4.479248046875,-1.8246612548828125,-0.6239013671875
2018-01-13,12,2,300.97467041015625,284.2974853515625,-2.5627899169921875,0.6958160400390625,0.0,91514.609375,266.8450927734375,283.880859375,294.71124267578125,0.0001911392901092,0.0004636975936591,0.0068040154874324,-6.6868896484375,-3.8824310302734375,-6.0259552001953125,2.0634765625,-0.669158935546875,1.106414794921875
2018-01-13,18,3,293.0534973144531,287.0709533691406,-2.1825103759765625,1.069580078125,0.0,91818.453125,267.2740173339844,283.2301940917969,292.4464111328125,0.0001863010111264,0.0003035455010831,0.0069230496883392,-7.463302612304687,-6.1639404296875,-4.886383056640625,2.4571685791015625,-2.6926727294921875,-1.3750152587890625
2018-01-14,0,0,290.4117431640625,288.1024780273437,-1.887725830078125,0.1107635498046875,0.0,91743.28125,267.26885986328125,280.95281982421875,291.270751953125,0.0002412563044345,0.0007261328864842,0.004838241264224,-6.6917724609375,-8.28533935546875,-7.4676513671875,0.1412506103515625,-1.2273406982421875,-2.8511962890625
2018-01-14,6,1,300.6180114746094,285.12579345703125,-4.0107421875,0.2776031494140625,0.0,91896.359375,266.9049072265625,281.8917236328125,291.9564208984375,0.0002433057670714,0.0006821888964623,0.0074359886348247,-6.54046630859375,-8.966934204101562,-6.829376220703125,0.0949859619140625,-2.1017608642578125,-0.350341796875
2018-01-14,12,2,300.5948791503906,282.45721435546875,-2.529388427734375,0.3892669677734375,0.0,91558.765625,267.0091247558594,280.3343811035156,294.432373046875,0.0002090054185828,0.0026638398412615,0.0058439187705516,-5.0181427001953125,-6.02313232421875,-6.471481323242188,-1.6707611083984375,-3.49444580078125,0.3110504150390625
2018-01-14,18,3,293.107177734375,286.7525634765625,-3.2915191650390625,0.1117706298828125,0.0,91929.6875,267.0253601074219,280.58087158203125,292.6259765625,0.0001887413673102,0.0014024290721863,0.0052193962037563,-4.73046875,-7.2010040283203125,-5.8636322021484375,-4.032867431640625,-2.2162322998046875,-0.9017486572265624
2018-01-15,0,0,291.5595092773437,288.85955810546875,-2.199493408203125,-0.128326416015625,0.0,91747.5625,267.3251953125,280.5716552734375,291.8877258300781,0.0001518714998383,0.0021905417088419,0.0050347931683063,-4.600555419921875,-9.326263427734377,-5.9799346923828125,-4.0274658203125,-2.254745483398437,-1.234130859375
2018-01-15,6,1,300.1375732421875,282.9190979003906,-3.0912322998046875,0.7575225830078125,0.0,91935.25,267.0152587890625,281.684326171875,291.9610900878906,0.0001625209406483,0.0027894915547221,0.0067129228264093,-5.061767578125,-9.298202514648438,-5.236846923828125,-3.8308258056640634,-2.06671142578125,0.4842376708984375
2018-01-15,12,2,300.8181457519531,285.8219909667969,-2.330902099609375,0.3885955810546875,0.0,91508.953125,267.90185546875,280.01153564453125,294.553466796875,0.0003526977670844,0.0059505961835384,0.0079336091876029,-4.356903076171875,-4.9960479736328125,-5.2667236328125,-5.26806640625,-4.4376068115234375,-0.12860107421875
2018-01-15,18,3,293.2964172363281,287.3702697753906,-2.60125732421875,0.857818603515625,0.0,91757.53125,268.362060546875,280.8251342773437,292.3264465332031,0.000543761299923,0.0047295950353145,0.0085842385888099,-3.64886474609375,-5.2941436767578125,-6.0829620361328125,-4.650421142578125,-2.5455322265625,-0.5561981201171875
2018-01-16,0,0,291.1088256835937,288.619873046875,-1.6201171875,0.23529052734375,0.0,91611.78125,267.9027404785156,279.21893310546875,291.38385009765625,0.0005867837462574,0.0056397020816802,0.008167877793312,-0.65399169921875,-1.3018951416015625,-7.134780883789063,-3.6384429931640634,-4.5429229736328125,-2.48974609375
2018-01-16,6,1,299.61749267578125,287.0149230957031,-2.9923858642578125,-1.0501708984375,5.25,91842.40625,267.2582702636719,279.165771484375,291.28387451171875,0.0005845122504979,0.0055456832051277,0.0098436698317527,-0.8416290283203125,1.1641845703125,-4.448257446289063,-2.936798095703125,-5.62103271484375,-2.072128295898437
2018-01-16,12,2,300.4237976074219,287.91583251953125,-0.8018951416015625,-1.9286041259765625,5.125,91424.65625,268.3037109375,278.40283203125,293.7796630859375,0.0001861243217717,0.007151074707508,0.0084999985992908,-1.79022216796875,0.36651611328125,-1.688201904296875,-4.505279541015625,-3.1989288330078125,-4.2828369140625
2018-01-16,18,3,293.76031494140625,287.022216796875,-2.9481658935546875,0.1142730712890625,0.0,91663.890625,268.373291015625,280.2259521484375,290.3272399902344,0.0001937508495757,0.0027240964118391,0.0091080330312252,-1.5472564697265625,5.904449462890625,-6.076568603515625,-3.5279541015625,-3.570709228515625,-2.87091064453125
2018-01-17,0,0,290.5414123535156,289.16314697265625,-1.6877288818359375,0.770172119140625,13.0,91572.71875,268.568359375,278.6142578125,289.8187866210937,0.0002343017549719,0.002542505506426,0.0081537496298551,-1.1156158447265625,3.676193237304688,-3.8469085693359375,-3.2294921875,-4.64263916015625,-3.961883544921875
2018-01-17,6,1,297.88922119140625,286.4207458496094,-2.273406982421875,-0.9292144775390624,0.0,91840.640625,268.0223388671875,279.9633483886719,289.99786376953125,0.0002133690722985,0.0010934907477349,0.0085730366408824,-1.9069366455078125,-3.1189422607421875,-2.919677734375,-3.794830322265625,-3.9922943115234375,-2.0198211669921875
2018-01-17,12,2,299.5316772460937,285.4788513183594,-1.3321533203125,-1.7619171142578125,0.0,91457.859375,268.07879638671875,277.525146484375,293.0814819335937,0.0002074888179777,0.0063312575221061,0.0069943852722644,-1.253662109375,-2.9510040283203125,-2.78363037109375,-1.3241119384765625,-4.4937286376953125,-3.939361572265625
2018-01-17,18,3,291.991943359375,283.8126220703125,-3.25177001953125,0.340545654296875,0.0,91722.75,268.49560546875,282.58135986328125,290.031494140625,0.000205441538128,0.0005454281927086,0.0073637291789054,-1.805328369140625,-5.36968994140625,-6.070220947265625,0.087066650390625,-2.191513061523437,-1.720977783203125
2018-01-18,0,0,289.9941101074219,285.37078857421875,-2.053558349609375,-0.09820556640625,0.0,91607.328125,268.24957275390625,281.9228515625,289.0676574707031,0.0001944788236869,0.0002347988774999,0.007482036948204,-1.1579742431640625,-4.771453857421875,-4.4716796875,0.7165374755859375,0.1365966796875,-5.388595581054688
2018-01-18,6,1,298.2545166015625,282.9076538085937,-3.299957275390625,-3.139617919921875,0.0,91815.421875,268.530029296875,282.82440185546875,289.9642333984375,0.0002051408373517,0.0002467771992087,0.0070532150566577,-0.2769927978515625,-3.6332855224609375,-5.057647705078125,0.2165679931640625,1.2059783935546875,-5.0177001953125
2018-01-18,12,2,299.2327575683594,281.5255126953125,-2.55303955078125,-1.1170654296875,0.0,91463.296875,268.44561767578125,283.0441589355469,292.4917297363281,0.0001931688893819,0.0004053208976984,0.0053200237452983,1.4346771240234375,-1.253875732421875,-5.5519866943359375,1.5771331787109375,0.9050445556640624,-2.663482666015625
2018-01-18,18,3,291.49102783203125,283.0252380371094,-3.2997283935546875,0.30523681640625,0.0,91765.546875,269.0035705566406,283.6697082519531,289.48974609375,0.0002080564590869,0.0006367696914821,0.0063542388379573,0.68359375,-5.113204956054688,-5.643798828125,0.577117919921875,2.8127593994140625,-2.1600494384765625
2018-01-19,0,0,289.0892333984375,286.1202392578125,-1.885955810546875,-0.451629638671875,0.0,91654.78125,268.91192626953125,283.5171203613281,288.564453125,0.0002224853669758,0.0013017344754189,0.0048144292086362,-0.3275604248046875,-3.0179595947265625,-5.659423828125,0.7486114501953125,4.0351104736328125,-5.04486083984375
2018-01-19,6,1,297.6023864746094,280.1090393066406,-3.12213134765625,-1.1084442138671875,0.0,91859.875,268.8721923828125,282.8724365234375,289.2933349609375,0.000242333728238,0.0016716690734028,0.0052642486989498,-1.3170623779296875,-3.557891845703125,-4.895797729492188,0.8977203369140625,1.4144287109375,-1.832244873046875
2018-01-19,12,2,298.922119140625,282.897216796875,-1.9674072265625,-0.442657470703125,0.0,91536.203125,268.78045654296875,282.6434326171875,292.33203125,0.0003224806860089,0.0018993595149368,0.0050196759402751,-0.0680084228515625,-4.3739013671875,-4.348785400390625,1.4081268310546875,0.3173828125,-1.6745452880859375
2018-01-19,18,3,290.9211730957031,284.67413330078125,-2.819931030273437,0.347076416015625,0.0,91752.859375,268.6654663085937,284.0806884765625,289.6664428710937,0.0003308181185275,0.0012476867996156,0.0067858584225177,-0.2249908447265625,-6.297637939453125,-4.1470489501953125,0.6794586181640625,1.7276611328125,-2.1766357421875
2018-01-20,0,0,289.1090087890625,286.67071533203125,-1.6399993896484375,0.0996551513671875,0.0,91644.375,268.12432861328125,283.4759826660156,288.6512451171875,0.0003791344352066,0.0010851486586034,0.0060614757239818,-2.360504150390625,-4.212081909179688,-3.516387939453125,0.787689208984375,1.455902099609375,-3.798141479492188
2018-01-20,6,1,297.1561889648437,283.2040710449219,-1.8955230712890625,-1.066680908203125,0.0,91865.578125,268.28192138671875,283.0660400390625,288.683349609375,0.0003873608075082,0.0008424241095781,0.006682876497507,-3.4211883544921875,-3.12060546875,-2.671249389648437,1.4925079345703125,0.4902191162109375,-1.8196868896484373
2018-01-20,12,2,298.83770751953125,284.8974609375,-0.9342041015625,-0.5129241943359375,0.0,91502.390625,268.2197265625,282.9684753417969,292.6031799316406,0.0003948626108467,0.0006900774314999,0.0054502859711647,-1.544952392578125,-2.5973663330078125,-2.1248779296875,0.55206298828125,-0.274505615234375,-1.62445068359375
2018-01-20,18,3,290.24859619140625,281.48602294921875,-2.7313690185546875,0.513916015625,0.0,91665.0625,267.9488525390625,284.291259765625,290.4442749023437,0.0003676915075629,0.0005589940119534,0.0054297856986522,-1.1112518310546875,-4.9076995849609375,-3.5158843994140625,0.6691131591796875,0.7517852783203125,-0.642425537109375
2018-01-21,0,0,288.41387939453125,285.98748779296875,-2.1864013671875,0.1381988525390625,0.0,91519.078125,267.8994445800781,283.5159912109375,289.2237548828125,0.0003670216538012,0.0003886492922902,0.005517091602087,-1.797088623046875,-3.11834716796875,-2.8349761962890625,1.1402130126953125,1.1621246337890625,-4.172515869140625
2018-01-21,6,1,297.86883544921875,282.002685546875,-2.1788330078125,-1.27691650390625,0.0,91750.40625,268.35321044921875,283.1410827636719,289.324462890625,0.0004724806640297,0.000316260382533,0.0059849023818969,-1.3795318603515625,-3.9802093505859375,-3.0787811279296875,1.5616607666015625,-0.055145263671875,-2.102386474609375
2018-01-21,12,2,299.2764587402344,283.3076171875,-1.4255218505859375,-0.202301025390625,0.0,91358.75,268.1134948730469,283.41143798828125,293.015625,0.0004182460252195,0.0010107525158673,0.0047175250947475,-0.9449920654296876,-4.4402618408203125,-3.458709716796875,-0.7443389892578125,-0.2781524658203125,-0.863677978515625
2018-01-21,18,3,290.5726013183594,283.5716552734375,-3.1340789794921875,0.776702880859375,0.0,91623.0625,268.1307983398437,283.63848876953125,290.5078125,0.0004337977152317,0.0015841857530176,0.0053402744233608,-1.686126708984375,-4.7877960205078125,-3.8921051025390634,-0.40130615234375,1.2070770263671875,0.4635772705078125
2018-01-22,0,0,289.58331298828125,288.08056640625,-2.464691162109375,0.8145751953125,0.0,91469.890625,268.15545654296875,283.9706420898437,289.57452392578125,0.000519398599863,0.0011245412752032,0.0055476389825344,-2.517730712890625,-2.3011627197265625,-1.662261962890625,1.5178985595703125,2.684051513671875,1.13140869140625
2018-01-22,6,1,296.85260009765625,284.2178039550781,-1.033935546875,-0.0717620849609375,0.0,91633.15625,268.36474609375,283.8118896484375,288.74810791015625,0.0005620277952402,0.0008452720940113,0.007422961294651,-2.904998779296875,-2.131317138671875,-1.2291412353515625,1.3854217529296875,5.0602569580078125,-0.43463134765625
2018-01-22,12,2,299.770263671875,286.0560607910156,-0.6411285400390625,0.83489990234375,0.0,91318.78125,268.61102294921875,282.4523010253906,293.02117919921875,0.0006415899842977,0.0012057514395564,0.0066772140562534,-1.292938232421875,0.83843994140625,-1.4981689453125,-0.638641357421875,5.9239044189453125,1.569732666015625
2018-01-22,18,3,291.4227600097656,284.6754455566406,-2.781494140625,1.2238616943359375,0.0,91529.921875,268.7423095703125,283.67828369140625,290.1949462890625,0.0006804254371672,0.0018752417527139,0.0075619406998157,-1.1995391845703125,0.4857635498046875,-1.65118408203125,-0.431365966796875,7.8669891357421875,4.887298583984375
2018-01-23,0,0,289.7482604980469,287.91607666015625,-2.169189453125,1.0141754150390625,0.0,91440.59375,268.92449951171875,282.20965576171875,289.12957763671875,0.000633104937151,0.0033175544813275,0.008316334336996,-0.1722869873046875,1.4626007080078125,2.305084228515625,0.2557830810546875,7.7973175048828125,4.469985961914063
2018-01-23,6,1,297.841064453125,287.8383178710937,0.4201202392578125,1.0836029052734375,0.0,91635.546875,268.3980712890625,282.548828125,289.44659423828125,0.0006662600208073,0.0037522381171584,0.0097604654729366,2.44744873046875,2.5265655517578125,0.8852081298828125,-1.3095550537109375,8.001373291015625,1.003387451171875
2018-01-23,12,2,300.40509033203125,288.80426025390625,1.328826904296875,0.134033203125,5.25,91297.875,268.50927734375,278.9981384277344,293.8178100585937,0.0006287249270826,0.0078510381281375,0.0089905709028244,5.386383056640625,0.7100677490234375,2.293609619140625,-2.1445465087890625,-0.8755340576171875,-0.16644287109375
2018-01-23,18,3,293.6700439453125,287.5077514648437,-1.2056121826171875,-0.2700653076171875,2.125,91482.015625,268.0907592773437,279.08306884765625,292.0387268066406,0.0008158341515809,0.0068868468515574,0.0095771551132202,3.6387939453125,3.1660308837890625,1.2643890380859375,-2.3718414306640625,-1.0230560302734375,0.1318206787109375
2018-01-24,0,0,291.2434387207031,288.3457946777344,-1.0365447998046875,-0.1624603271484375,0.0,91383.453125,268.58416748046875,283.1578063964844,290.0494079589844,0.000284160953015,0.0018220259808003,0.0089621841907501,1.6952056884765625,3.459686279296875,2.5556640625,-6.454757690429688,0.63446044921875,-2.976043701171875
2018-01-24,6,1,298.51544189453125,287.5086669921875,-0.7240753173828125,-2.3834991455078125,0.0,91576.984375,268.9110717773437,283.0693054199219,290.6253662109375,0.0001442780485376,0.0017012155149132,0.0096814148128032,-7.336502075195312,1.9725341796875,-1.3420562744140625,-8.828582763671875,2.344390869140625,-3.430770874023437
2018-01-24,12,2,300.763916015625,288.53857421875,0.2613677978515625,-1.0603485107421875,0.0,91263.015625,268.4559631347656,279.2666015625,293.9089050292969,0.0002610093797557,0.005677543580532,0.0082058422267436,-6.792724609375,-0.5937042236328125,-0.0005035400390625,-6.749053955078125,-0.50347900390625,-2.0616912841796875
2018-01-24,18,3,294.0921325683594,286.3314208984375,-2.6807098388671875,0.4261932373046875,20.75,91484.921875,268.77362060546875,278.9508056640625,290.59423828125,0.0002474072971381,0.0048271548002958,0.0100906156003475,-8.312835693359375,3.4900665283203125,-5.368621826171875,-5.7981719970703125,-3.18243408203125,0.72637939453125
2018-01-25,0,0,291.0425720214844,288.9976806640625,-1.4140472412109375,0.4857330322265625,9.0,91395.71875,268.2083740234375,283.7138671875,289.84814453125,0.0001804152561817,0.0005804800894111,0.0092546977102756,-7.19354248046875,-3.3690338134765625,-1.4058990478515625,-6.477828979492188,-5.704132080078125,-0.021148681640625
2018-01-25,6,1,298.4420166015625,286.7207336425781,-0.667266845703125,-1.5236968994140625,0.0,91555.078125,268.78045654296875,284.57281494140625,290.84295654296875,0.0001927463163156,0.0003832862712442,0.0088557600975036,-8.803131103515625,-6.382293701171875,-0.8454742431640625,-5.242919921875,-2.403106689453125,-2.157318115234375
2018-01-25,12,2,300.58154296875,286.4813232421875,-0.6258544921875,-1.3495941162109375,0.0,91213.046875,268.99127197265625,284.0545959472656,293.9823303222656,0.0001931735168909,0.000838802428916,0.0079144537448883,-7.26409912109375,-4.161224365234375,-1.4499664306640625,-3.48779296875,-1.7950592041015625,-2.498275756835937
2018-01-25,18,3,293.9100341796875,284.6285400390625,-3.235336303710937,0.1376800537109375,0.0,91479.96875,269.6156311035156,286.14727783203125,290.77056884765625,0.0001467738911742,0.0002926122397184,0.0086514167487621,-4.357101440429688,-5.27508544921875,-6.4158935546875,-6.665328979492188,-3.9166259765625,-0.3249664306640625
2018-01-26,0,0,290.7227783203125,285.2581787109375,-2.084869384765625,0.4462127685546875,0.0,91396.03125,268.92254638671875,284.7599182128906,289.3812866210937,0.0001463362277718,0.0003995833685621,0.0086890198290348,-3.5604400634765625,-5.94500732421875,-6.269500732421875,-8.624420166015625,-1.56689453125,-2.2924041748046875
2018-01-26,6,1,298.0111694335937,285.28619384765625,-2.2378387451171875,0.2858123779296875,0.0,91647.1875,268.7159118652344,285.6253662109375,290.0731811523437,0.0001672787911957,0.0002144297031918,0.008399810642004,-5.6756439208984375,-6.530075073242188,-2.9019012451171875,-8.196212768554688,-1.40521240234375,0.0259246826171875
2018-01-26,12,2,299.7449035644531,286.2537536621094,-1.0948028564453125,-0.8342742919921875,0.0,91271.390625,269.4281005859375,285.3500366210937,293.4813232421875,0.0001826964871725,0.0002590543299447,0.0075287744402885,-6.4669189453125,-3.089599609375,-2.148956298828125,-7.417160034179687,0.082550048828125,-1.8407135009765625
2018-01-26,18,3,292.5546875,283.84442138671875,-2.957015991210937,0.692108154296875,0.0,91555.828125,269.55938720703125,286.5303955078125,290.5879211425781,0.0003250180743634,0.0002361107326578,0.0075531750917434,-8.196044921875,-2.7388916015625,-4.3115997314453125,-6.469406127929688,0.837921142578125,1.400848388671875
2018-01-27,0,0,290.4420471191406,286.9639892578125,-2.3555145263671875,0.7630462646484375,0.0,91452.15625,269.4573974609375,285.61724853515625,289.31231689453125,0.0003143991343677,0.000311390380375,0.0079729408025741,-8.121353149414062,-1.67376708984375,-3.725128173828125,-3.1305694580078125,2.5134429931640625,-0.5921630859375
2018-01-27,6,1,297.84930419921875,286.397216796875,-1.6142120361328125,-0.0511322021484375,0.0,91697.734375,269.4788818359375,284.56597900390625,289.7782592773437,0.0002765022218227,0.0002906545996665,0.0084882229566574,-9.52313232421875,-0.837615966796875,-1.980499267578125,-3.12628173828125,2.47064208984375,-0.3197021484375
2018-01-27,12,2,300.11376953125,287.94268798828125,-0.2561187744140625,-0.958038330078125,0.0,91332.34375,268.7965087890625,283.08306884765625,293.14190673828125,0.0002646627835929,0.0008180486038327,0.0080842897295951,-7.7392425537109375,1.2849578857421875,-0.71026611328125,-1.918914794921875,1.0250396728515625,-1.8043670654296875
2018-01-27,18,3,292.7650146484375,285.20562744140625,-3.07861328125,0.5144805908203125,0.0,91597.125,268.556396484375,286.3490905761719,290.4258117675781,0.0002536040265113,0.0008146823383867,0.0083218179643154,-8.211090087890625,-2.6568603515625,-3.466339111328125,-1.335357666015625,3.908859252929688,2.096343994140625
2018-01-28,0,0,290.13983154296875,285.33209228515625,-2.3266143798828125,-0.2059478759765625,0.0,91441.328125,268.9371643066406,283.80499267578125,289.89849853515625,0.0002144452300854,0.0039117345586419,0.007446177303791,-9.611785888671877,-0.6448516845703125,-2.998931884765625,0.020233154296875,6.603179931640625,-2.380645751953125
2018-01-28,6,1,298.2226257324219,285.6491394042969,-2.72137451171875,-1.348846435546875,0.0,91746.0625,268.7039794921875,283.915771484375,290.1817626953125,0.0002129523927578,0.0047023184597492,0.0073327533900737,-10.927642822265623,-0.5772247314453125,-3.692779541015625,0.17022705078125,4.356719970703125,-2.357894897460937
2018-01-28,12,2,300.0452880859375,285.94189453125,-1.473907470703125,-1.1284637451171875,0.0,91397.765625,268.96978759765625,281.67315673828125,293.75592041015625,0.0002303670771652,0.0051166377961635,0.00726880133152,-9.210159301757812,1.93310546875,-2.91156005859375,0.3207244873046875,-1.5442962646484375,-2.592620849609375
2018-01-28,18,3,292.3251953125,286.3487243652344,-3.794143676757813,0.693389892578125,0.0,91772.65625,268.9916687011719,284.9862060546875,290.005615234375,0.0002422432735329,0.0038181936834007,0.0083803571760654,-8.956130981445312,-1.901031494140625,-5.734405517578125,0.6942138671875,2.1532745361328125,0.5842132568359375
2018-01-29,0,0,291.09161376953125,286.081787109375,-2.775726318359375,-0.5265655517578125,0.0,91520.28125,268.4307861328125,284.0636901855469,290.18133544921875,0.0002895861398428,0.0043020844459533,0.0076875053346157,-8.352828979492188,1.394989013671875,-6.41900634765625,1.557525634765625,2.0755157470703125,-4.9967803955078125
2018-01-29,6,1,298.71142578125,285.23211669921875,-3.90106201171875,-0.6249237060546875,0.0,91829.90625,268.0106201171875,284.6144104003906,289.91534423828125,0.0003227621782571,0.0032860795035958,0.0083738081157207,-9.504058837890623,0.04742431640625,-6.0091552734375,0.4482879638671875,0.85455322265625,-1.3734130859375
2018-01-29,12,2,300.4189453125,287.15435791015625,-2.3039093017578125,-0.68475341796875,0.0,91516.296875,268.3065185546875,284.3537902832031,293.6750793457031,0.0003195942845195,0.0029007524717599,0.0082670487463474,-8.615463256835938,0.3523101806640625,-4.0303955078125,-0.24090576171875,-2.9301300048828125,-2.02880859375
2018-01-29,18,3,292.24957275390625,286.3838195800781,-3.7338714599609375,0.1636962890625,0.0,91838.484375,268.5408935546875,285.08349609375,290.0811767578125,0.000269818585366,0.0005003265105187,0.0095097385346889,-9.331298828125,-4.9073028564453125,-4.945037841796875,1.7032470703125,-2.2406768798828125,-0.920257568359375
2018-01-30,0,0,291.1501159667969,287.7426147460937,-2.65069580078125,-0.8173370361328125,0.0,91650.953125,268.40740966796875,286.4135437011719,289.23260498046875,0.0002444386773277,0.0002575003891251,0.008368669077754,-7.976211547851562,-3.64837646484375,-4.705841064453125,2.6289215087890625,-3.004486083984375,-6.4093017578125
2018-01-30,6,1,298.06201171875,283.8896484375,-3.287689208984375,-2.074188232421875,0.0,91873.921875,268.1654052734375,285.79150390625,289.5701904296875,0.0002436169888824,0.0002527420874685,0.0072706118226051,-7.252899169921875,-4.950439453125,-5.0547637939453125,1.2659454345703125,-3.659866333007813,-3.33148193359375
2018-01-30,12,2,299.70318603515625,285.8607177734375,-1.8244476318359373,-0.711761474609375,0.0,91548.84375,267.84478759765625,285.21600341796875,292.5371398925781,0.0001876454189186,0.0002328978589503,0.0068416818976402,-7.5666961669921875,-5.3450775146484375,-3.4409637451171875,-0.0789337158203125,-4.81402587890625,-1.3790435791015625
2018-01-30,18,3,291.6458740234375,284.9383544921875,-2.341339111328125,-0.47955322265625,0.0,91817.546875,268.499267578125,286.35552978515625,290.3531799316406,0.0001640750269871,0.0002511469647288,0.0074818395078182,-8.82427978515625,-6.233078002929688,-2.1915435791015625,3.048797607421875,-1.9613189697265625,-2.8256378173828125
2018-01-31,0,0,289.977294921875,287.6556701660156,-2.0121612548828125,-0.8693695068359375,0.0,91683.890625,269.05743408203125,285.93719482421875,288.1600952148437,0.0001427375682396,0.0002431222528684,0.0054828003048896,-7.437774658203125,-5.713546752929688,-4.29974365234375,3.730712890625,0.1157073974609375,-6.0419464111328125
2018-01-31,6,1,297.50537109375,281.7710266113281,-2.861724853515625,-1.6735382080078125,0.0,91937.90625,268.6387634277344,285.3061218261719,289.2934265136719,9.13549301913008e-05,0.0002414089394733,0.005987599492073,-8.412460327148438,-5.776870727539063,-4.6408233642578125,4.6628265380859375,0.942962646484375,-2.6086883544921875
2018-01-31,12,2,300.1452941894531,283.6673889160156,-2.37811279296875,-0.1795501708984375,0.0,91628.703125,268.3125915527344,284.5375366210937,293.0626220703125,8.746318053454161e-05,0.0002315070596523,0.0052712224423885,-8.591537475585938,-4.085113525390625,-5.3243560791015625,3.518341064453125,0.1274261474609375,-0.8472137451171875
2018-01-31,18,3,291.7973022460937,281.75634765625,-3.116790771484375,0.3499908447265625,0.0,91960.859375,268.6267395019531,285.01873779296875,290.4324035644531,9.234558092430234e-05,0.0002383409446338,0.0061979666352272,-8.9637451171875,-5.7054595947265625,-5.221725463867188,6.436203002929688,0.102081298828125,-1.461029052734375
2018-02-01,0,0,289.06011962890625,284.58892822265625,-1.8824310302734373,-1.230377197265625,0.0,91699.296875,267.775146484375,285.9830322265625,290.21832275390625,9.995422442443667e-05,0.0002655026037245,0.0017828356940299,-6.9019622802734375,-3.946685791015625,-7.543426513671875,8.995773315429688,1.84521484375,-6.97552490234375
2018-02-01,6,1,299.0513000488281,275.6981201171875,-4.21759033203125,-0.8868560791015625,0.0,91949.265625,267.8363647460937,285.1298217773437,290.86669921875,0.0001737191487336,0.0002995852846652,0.0034013802651315,-5.446548461914063,-2.3103790283203125,-7.08740234375,8.376251220703125,0.266021728515625,-1.5938262939453125
2018-02-01,12,2,300.70196533203125,281.08953857421875,-1.9142303466796875,0.265228271484375,0.0,91584.046875,267.76715087890625,285.0272216796875,293.8145751953125,0.0004012386780232,0.0002895414363592,0.0039740749634802,-4.552215576171875,-1.1091156005859375,-4.7642822265625,6.5645599365234375,-1.839630126953125,-0.113616943359375
2018-02-01,18,3,291.1632080078125,279.1463623046875,-2.6312408447265625,0.7422943115234375,0.0,91827.5625,268.18194580078125,285.46783447265625,291.267578125,0.0008023898117244,0.0001946234697243,0.0049787834286689,-3.593017578125,-4.181564331054688,-3.629638671875,6.341964721679688,-1.817962646484375,0.8987884521484375
2018-02-02,0,0,289.1607971191406,283.4140319824219,-2.0020751953125,-0.2458038330078125,0.0,91593.34375,268.15447998046875,286.0586853027344,290.4654235839844,0.00090485624969,0.0001748295617289,0.0050936490297317,0.62060546875,-3.701583862304688,-4.4597930908203125,4.681655883789063,-0.56268310546875,-5.7630615234375
2018-02-02,6,1,299.1191101074219,280.583740234375,-3.4950408935546875,-0.792144775390625,0.0,91784.90625,268.4032287597656,285.1012268066406,290.7684326171875,0.0002990218927152,0.0002192984829889,0.0055868029594421,-1.45941162109375,-2.551742553710937,-5.307647705078125,2.9591064453125,-1.466400146484375,-1.489013671875
2018-02-02,12,2,300.5458984375,282.7934875488281,-2.5459747314453125,0.80963134765625,0.0,91488.65625,268.20623779296875,284.9403686523437,293.4566345214844,9.541268809698522e-05,0.0002414969931123,0.0048924423754215,-1.0108795166015625,-1.92584228515625,-5.21832275390625,2.282318115234375,-3.344345092773437,1.3073883056640625
2018-02-02,18,3,292.0407409667969,279.29656982421875,-2.971221923828125,1.31182861328125,0.0,91732.140625,268.3894958496094,285.91119384765625,290.6116943359375,8.211762178689241e-05,0.0001941844529937,0.0050566717982292,-0.954864501953125,-5.354904174804688,-3.465423583984375,2.6269073486328125,-1.6831207275390625,2.39593505859375
2018-02-03,0,0,289.94171142578125,282.92578125,-2.408905029296875,0.188018798828125,0.0,91621.53125,268.160400390625,286.15350341796875,289.8861694335937,9.744384442456068e-05,0.0001898683694889,0.0050350483506917,-0.041778564453125,-4.147735595703125,-3.713424682617188,4.4750518798828125,0.3579559326171875,-3.634597778320313
2018-02-03,6,1,298.36297607421875,277.7991638183594,-3.5568084716796875,-0.1303253173828125,0.0,91810.28125,268.10894775390625,285.6447448730469,289.79132080078125,0.0001037157926475,0.0002271968842251,0.004413902759552,-0.382476806640625,-3.720184326171875,-5.460052490234375,4.4649200439453125,0.7570343017578125,-0.692657470703125
2018-02-03,12,2,299.6979064941406,281.5049133300781,-2.280517578125,0.14129638671875,0.0,91500.265625,268.512451171875,284.57635498046875,292.7605285644531,0.0001366647047689,0.0002694267313927,0.0037356407847255,-0.4016876220703125,-3.547576904296875,-4.6921234130859375,1.2019195556640625,1.66070556640625,-0.278076171875
2018-02-03,18,3,290.9393310546875,279.1759948730469,-3.011947631835937,0.125823974609375,0.0,91763.5,268.00421142578125,285.06072998046875,290.5282592773437,0.0001065060059772,0.000263565510977,0.0042555071413517,-2.763290405273437,-4.5257720947265625,-3.0015869140625,4.14337158203125,1.5565185546875,-0.626251220703125
2018-02-04,0,0,288.9066467285156,284.7646484375,-2.216827392578125,-0.16583251953125,0.0,91612.375,268.11279296875,284.2344970703125,289.990234375,0.0001195948425447,0.0002646074281074,0.0023968475870788,-3.6111907958984375,-3.036834716796875,-2.406036376953125,4.271499633789063,0.197784423828125,-4.2365264892578125
2018-02-04,6,1,297.95855712890625,274.0918273925781,-2.442474365234375,-0.6270599365234375,0.0,91849.84375,267.3226318359375,283.53826904296875,289.36724853515625,0.0001165133289759,0.000262607820332,0.0032409823033958,-5.4726409912109375,-2.9865875244140625,-3.90985107421875,4.7765045166015625,1.30523681640625,-1.2101593017578125
2018-02-04,12,2,300.0621337890625,282.197509765625,-1.484222412109375,-0.634429931640625,0.0,91527.375,267.4122314453125,283.3392333984375,293.1492919921875,0.0001154045894509,0.000254543730989,0.0037853228859603,-5.243927001953125,-0.73272705078125,-3.35064697265625,5.3001861572265625,0.70904541015625,-1.8332977294921875
2018-02-04,18,3,291.1568908691406,283.59735107421875,-3.076156616210937,0.3751678466796875,0.0,91794.234375,266.84033203125,284.6513977050781,290.4012145996094,0.0001315170375164,0.0001776061253622,0.0055801980197429,-6.392990112304688,-2.6606597900390625,-3.6298675537109375,6.3224639892578125,0.0626983642578125,-0.216156005859375
2018-02-05,0,0,288.50750732421875,286.0579833984375,-1.8035888671875,-0.7745361328125,0.0,91699.15625,267.20379638671875,283.98614501953125,291.1125183105469,0.0001262526348,0.0002271021803608,0.0018258348572999,-6.3677520751953125,-1.3653564453125,-1.2665863037109375,7.201507568359375,5.037399291992188,-1.6168670654296875
2018-02-05,6,1,297.8274841308594,277.0306396484375,-2.729232788085937,-0.0554656982421875,0.0,91926.140625,267.0681457519531,283.4590148925781,289.7401733398437,0.0014998111873865,0.0013526235707104,0.0031896142754703,-7.7256317138671875,-0.0789337158203125,-4.1700439453125,8.109619140625,4.8460845947265625,0.1119842529296875
2018-02-05,12,2,300.5971069335937,282.5975341796875,-1.929046630859375,0.5396728515625,0.0,91662.53125,267.31964111328125,282.7186889648437,293.4158630371094,0.0035900243092328,0.0032123692799359,0.0049325823783874,-1.9962005615234373,0.1544342041015625,-3.78076171875,8.901260375976562,3.689285278320313,0.7947540283203125
2018-02-05,18,3,292.7612609863281,286.4827880859375,-2.68939208984375,1.6787872314453125,0.0,91963.703125,266.42987060546875,282.972900390625,291.0780639648437,0.0038166858721524,0.0043747061863541,0.0070648565888404,1.6136322021484375,-0.43572998046875,-2.1709136962890625,8.135177612304688,3.852005004882813,3.673858642578125
2018-02-06,0,0,292.3641357421875,289.2408447265625,-1.9498291015625,0.263153076171875,16.875,91831.265625,266.52008056640625,282.55059814453125,291.9820556640625,0.0029798038303852,0.0043113487772643,0.0046992935240268,0.5241241455078125,-0.7407684326171875,0.201416015625,9.574554443359377,2.287216186523437,4.701141357421875
2018-02-06,6,1,300.3760681152344,286.199462890625,-1.181732177734375,1.57757568359375,0.0,91906.078125,267.1936340332031,282.799072265625,291.7919311523437,0.0019792774692177,0.0050417557358741,0.0086032822728157,0.7654876708984375,-4.1129150390625,-1.8695526123046875,8.697067260742188,3.569091796875,2.387176513671875
2018-02-06,12,2,301.0274658203125,291.3250427246094,-2.095489501953125,2.3896484375,7.5,91561.71875,266.7786865234375,280.8891906738281,293.7116394042969,0.002131266053766,0.0087526775896549,0.0108697228133678,1.7149505615234375,-1.72698974609375,-3.30487060546875,8.540618896484375,0.648681640625,2.6570281982421875
2018-02-06,18,3,295.3273620605469,291.5328369140625,-2.88934326171875,1.5199432373046875,13.5,91853.078125,266.49090576171875,281.6756896972656,291.56719970703125,0.0020004569087177,0.0076758190989494,0.0120927616953849,1.9614410400390625,2.074691772460937,-0.8482666015625,8.4739990234375,4.1463623046875,5.636245727539063
2018-02-07,0,0,294.288330078125,292.10064697265625,-1.6347808837890625,1.3065338134765625,46.25,91679.890625,266.51336669921875,281.14776611328125,290.2552185058594,0.0026123621501028,0.0076497010886669,0.0125403404235839,5.0696868896484375,-0.023712158203125,1.5991058349609375,9.533203125,4.31573486328125,5.3424072265625
2018-02-07,6,1,299.2726745605469,291.35968017578125,0.9312286376953124,1.778961181640625,292.125,91824.65625,266.441162109375,281.44317626953125,291.2196044921875,0.002315899124369,0.0080473385751247,0.0128621086478233,6.6778106689453125,0.1156463623046875,1.201324462890625,12.189376831054688,4.06982421875,2.2785186767578125
2018-02-07,12,2,298.4488830566406,293.7036437988281,0.7392120361328125,-1.7687225341796875,785.375,91605.453125,266.9808349609375,280.7882080078125,291.8354187011719,0.0027411489281803,0.0090667754411697,0.0128133632242679,7.9512176513671875,2.9996337890625,1.55975341796875,10.890670776367188,1.12322998046875,-2.1746826171875
2018-02-07,18,3,293.9945068359375,290.8226318359375,-2.87811279296875,-0.2435302734375,80.375,91849.890625,266.42095947265625,281.6741943359375,291.2435913085937,0.0031370257493108,0.0077096857130527,0.0105712264776229,13.638198852539062,5.55914306640625,-4.862091064453125,10.9417724609375,0.6823883056640625,-5.438522338867188
2018-02-08,0,0,293.08233642578125,291.008056640625,-1.2687835693359375,-0.61419677734375,82.875,91692.53125,265.8444519042969,280.6552429199219,290.60809326171875,0.003891258733347,0.0082375928759574,0.0102451853454113,15.437088012695312,4.618408203125,-4.9149017333984375,6.5899505615234375,-0.560760498046875,-2.4952850341796875
2018-02-08,6,1,297.9222412109375,290.080810546875,-1.3963775634765625,1.1016845703125,162.375,91830.421875,265.279541015625,280.87310791015625,290.8148803710937,0.0038441945798695,0.0069147422909736,0.0115451551973819,14.57122802734375,6.080902099609375,-2.8804168701171875,6.234909057617188,-1.4886322021484375,1.20086669921875
2018-02-08,12,2,300.24859619140625,290.4633178710937,-1.028411865234375,-0.3661041259765625,49.0,91418.734375,265.4151611328125,281.4429016113281,293.5111694335937,0.0027678646147251,0.0070572234690189,0.0110193975269794,15.2869873046875,3.5287017822265625,-1.936859130859375,-0.15789794921875,-2.8605194091796875,-0.879119873046875
2018-02-08,18,3,295.0470275878906,290.5296630859375,-1.0114288330078125,1.172698974609375,19.875,91699.890625,265.66473388671875,280.0324401855469,292.472412109375,0.0026398366317152,0.007969681173563,0.0105867907404899,15.096099853515623,3.35626220703125,-1.44854736328125,1.67529296875,-3.490814208984375,2.1912841796875
2018-02-09,0,0,293.9886779785156,290.4970703125,-1.2581024169921875,1.42333984375,195.125,91575.328125,265.22760009765625,280.7641906738281,291.2994384765625,0.0020592741202563,0.007282368838787,0.0113585479557514,14.990966796875,2.46722412109375,1.380401611328125,-0.404998779296875,-1.302459716796875,1.84466552734375
2018-02-09,6,1,300.1529541015625,290.9443054199219,0.61370849609375,-0.4444427490234375,188.375,91712.15625,265.5765991210937,281.4013977050781,292.2688903808594,0.0015591687988489,0.0067828446626663,0.0116686895489692,11.757583618164062,1.867919921875,0.4509429931640625,-1.3406982421875,-0.461700439453125,-0.743408203125
2018-02-09,12,2,300.99285888671875,291.4028625488281,-1.9456939697265625,0.383880615234375,234.25,91423.90625,265.6444091796875,280.871337890625,294.3056945800781,0.0020662574097514,0.0073929242789745,0.0107332095503807,9.443572998046877,1.777496337890625,-2.23876953125,0.3477325439453125,-2.31280517578125,-1.5359344482421875
2018-02-09,18,3,293.868896484375,291.8919677734375,-0.77374267578125,1.4275970458984375,123.75,91770.171875,265.239013671875,280.5013732910156,291.757568359375,0.00257104402408,0.0075939111411571,0.0112319849431514,9.421600341796877,1.3617095947265625,-4.788833618164063,3.397323608398437,-3.175994873046875,4.3765716552734375
2018-02-10,0,0,293.9525756835937,291.6542358398437,-1.1596527099609375,0.735931396484375,181.125,91675.046875,265.5796203613281,279.8203125,291.2764892578125,0.0014591654762625,0.0077682510018348,0.0109361484646797,9.885772705078123,-0.8123931884765625,-1.9222869873046875,6.3415069580078125,-0.779632568359375,3.609085083007813
2018-02-10,6,1,299.8892822265625,289.54998779296875,-1.4568939208984375,1.2478179931640625,52.125,91842.171875,266.0709228515625,280.7329406738281,291.7880554199219,0.0013801322784274,0.0070419758558273,0.0107746645808219,6.924957275390625,-0.2891845703125,-2.585357666015625,10.655502319335938,0.9205322265625,1.7459716796875
2018-02-10,12,2,301.5597229003906,289.3460388183594,-1.5680999755859375,0.5046234130859375,0.0,91533.875,265.51123046875,280.5325012207031,294.3767395019531,0.0018127064686268,0.0075963139533996,0.0089714154601097,10.062957763671877,0.97015380859375,-4.53704833984375,8.09149169921875,-0.5913238525390625,1.5736541748046875
2018-02-10,18,3,295.0411376953125,288.9254455566406,-2.956817626953125,1.520263671875,0.875,91852.03125,265.20367431640625,280.4576416015625,292.61199951171875,0.0020797275938093,0.0071706995368003,0.0088220797479152,6.5059356689453125,1.099578857421875,-6.688385009765625,11.05328369140625,-2.2100830078125,4.4026641845703125
2018-02-11,0,0,292.787841796875,290.52105712890625,-1.701934814453125,1.3847503662109375,18.75,91725.34375,264.7695617675781,281.7626342773437,292.692138671875,0.0022067064419388,0.0057995207607746,0.0067557841539382,9.273330688476562,2.834213256835937,-5.4775390625,8.986968994140625,-2.9721832275390625,4.2855224609375
2018-02-11,6,1,299.7132263183594,286.55908203125,-2.653472900390625,2.357406616210937,0.0,91897.984375,264.599853515625,281.5684814453125,291.79302978515625,0.002261851215735,0.005879733711481,0.0080504715442657,9.197525024414062,0.42901611328125,-4.9417877197265625,7.6555328369140625,-1.1437530517578125,3.8266448974609375
2018-02-11,12,2,300.4515380859375,289.28515625,-2.0336151123046875,0.763916015625,5.375,91600.703125,265.30047607421875,281.324951171875,293.89111328125,0.0017440509982407,0.0061973743140697,0.0089763812720775,11.412384033203123,-0.2252197265625,-4.493453979492188,6.7000579833984375,-0.980194091796875,1.9415130615234373
2018-02-11,18,3,294.689453125,288.8427124023437,-3.486907958984375,1.484466552734375,0.0,91902.875,265.9918518066406,282.2386474609375,291.5224304199219,0.001373799983412,0.0049316957592964,0.0101871713995933,11.121734619140623,-1.15179443359375,-3.6275634765625,7.775711059570312,0.8447113037109375,3.450439453125
2018-02-12,0,0,292.4045104980469,290.5453491210937,-2.5560302734375,1.2620391845703125,3.125,91800.453125,264.5157470703125,281.55059814453125,291.7025451660156,0.0012675051111727,0.0057522319257259,0.0065222829580307,9.005859375,-2.995452880859375,-1.705352783203125,5.951812744140625,0.27105712890625,4.1380615234375
2018-02-12,6,1,297.97039794921875,287.0995483398437,-1.4557037353515625,1.404510498046875,0.0,92077.9375,263.96197509765625,282.4524230957031,290.1498413085937,0.001397905871272,0.0056116692721843,0.0074034854769706,6.580001831054688,-3.611251831054688,-1.515289306640625,6.7499542236328125,2.582015991210937,1.7954254150390625
2018-02-12,12,2,300.2554931640625,289.50543212890625,-2.08294677734375,0.50390625,0.0,91761.390625,264.81219482421875,282.2548828125,293.1796875,0.0016832510009407,0.0054136775434017,0.0088131614029407,7.728195190429687,-0.486114501953125,-4.2947998046875,7.267425537109375,0.426361083984375,0.2300872802734375
2018-02-12,18,3,294.48162841796875,289.331787109375,-3.3727569580078125,1.3987579345703125,0.0,92052.796875,264.1796569824219,283.04461669921875,291.0863647460937,0.0019085104577243,0.0050709582865238,0.0100067816674709,9.259521484375,-1.6577606201171875,-3.7132415771484375,6.195602416992188,2.1344146728515625,2.481964111328125
2018-02-13,0,0,292.7057800292969,290.859130859375,-2.101104736328125,0.4210662841796875,0.25,91934.890625,264.81494140625,282.54937744140625,291.2149963378906,0.0003977031446993,0.0048387683928012,0.0089082308113574,10.951278686523438,-1.153045654296875,-1.3730316162109375,3.6817779541015625,2.0836181640625,0.1809539794921875
2018-02-13,6,1,298.8216247558594,286.94488525390625,-1.7533721923828125,0.0469512939453125,0.0,92178.875,264.79656982421875,283.2128295898437,290.351318359375,0.0002167576021747,0.0042461641132831,0.0087004601955413,8.615463256835938,0.509613037109375,-2.41204833984375,3.583114624023437,1.6620330810546875,-0.513031005859375
2018-02-13,12,2,300.1272277832031,288.125,-2.1078643798828125,-0.150146484375,0.0,91878.984375,265.1508178710937,282.0523376464844,293.34686279296875,0.0004198859678581,0.0045935586094856,0.0077922716736793,9.532974243164062,2.711395263671875,-3.959381103515625,0.780670166015625,-1.4246673583984375,-0.8478240966796875
2018-02-13,18,3,293.758056640625,287.9253234863281,-3.911651611328125,1.3464202880859375,0.0,92089.484375,265.4413452148437,284.92919921875,290.5968933105469,0.0002780221402645,0.0024212342686951,0.0093309171497821,7.96160888671875,0.3488006591796875,-5.432861328125,-6.29290771484375,3.833526611328125,2.67962646484375
2018-02-14,0,0,292.4918518066406,290.60089111328125,-2.812957763671875,0.514434814453125,1.0,91995.203125,266.4490051269531,281.9036865234375,291.48388671875,5.154688551556319e-05,0.0044646337628364,0.008000373840332,-0.179656982421875,-1.586883544921875,-5.05499267578125,-8.561599731445312,0.35321044921875,-2.848663330078125
2018-02-14,6,1,298.0340881347656,287.4027709960937,-3.124420166015625,-0.1917266845703125,0.0,92176.28125,266.63238525390625,282.01519775390625,289.87554931640625,6.680490332655609e-05,0.0039105154573917,0.008858673274517,-2.1681671142578125,-3.4110565185546875,-5.391845703125,-6.803482055664063,-1.2266998291015625,-0.7635498046875
2018-02-14,12,2,300.1706848144531,289.052001953125,-3.06280517578125,0.4080963134765625,0.0,91861.375,266.21783447265625,282.4466857910156,292.76434326171875,9.617608156986536e-05,0.0034758066758513,0.0093578472733497,-2.9839630126953125,-1.7882843017578125,-5.992584228515625,-4.83355712890625,-3.415878295898437,0.5631866455078125
2018-02-14,18,3,294.35693359375,289.124267578125,-3.6336669921875,0.54534912109375,0.0,92138.796875,266.9419250488281,282.1524353027344,290.3829345703125,8.516221714671701e-05,0.0030365586280822,0.0099091939628124,-2.097869873046875,-4.86273193359375,-5.1682891845703125,-0.9825592041015624,-1.9578857421875,0.947662353515625
2018-02-15,0,0,292.237060546875,290.7387390136719,-3.17852783203125,-0.365203857421875,2.5,92046.84375,266.91180419921875,281.29510498046875,290.50360107421875,8.345649985130876e-05,0.0027971654199063,0.0065564550459384,-0.2112274169921875,-4.8487091064453125,-6.503326416015625,-1.318572998046875,-1.1331024169921875,-2.141342163085937
2018-02-15,6,1,298.8482971191406,287.1517944335937,-4.04736328125,0.1946563720703125,0.0,92181.796875,266.0236511230469,282.120849609375,290.104736328125,0.0001009230909403,0.0019876190926879,0.0093762688338756,-3.4355010986328125,-4.2555084228515625,-6.753814697265625,-0.0464324951171875,-2.055206298828125,0.0124664306640625
2018-02-15,12,2,300.6943054199219,288.32501220703125,-2.959747314453125,0.1502532958984375,0.0,91878.109375,266.519287109375,282.3865966796875,293.4997863769531,7.901080243755132e-05,0.001510135596618,0.0089775808155536,-3.2189483642578125,-1.4957733154296875,-5.9229736328125,-0.430694580078125,-2.943222045898437,0.123199462890625
2018-02-15,18,3,294.19140625,287.82867431640625,-3.8598785400390634,0.128082275390625,0.0,92151.984375,266.6134033203125,283.5755615234375,290.8016052246094,6.99355878168717e-05,0.000753617612645,0.0097289904952049,-2.8236083984375,-3.0515899658203125,-6.263580322265625,-0.452606201171875,-0.9942169189453124,1.049285888671875
2018-02-16,0,0,292.4026184082031,288.7720642089844,-2.3297576904296875,-0.421051025390625,0.0,92012.96875,267.0379943847656,283.1152038574219,290.4423828125,6.247765850275755e-05,0.0007318980060517,0.0065452940762043,-1.7663421630859375,-2.0594482421875,-5.6756591796875,-0.0955810546875,-0.5197296142578125,-4.145050048828125
2018-02-16,6,1,299.4590759277344,281.1908569335937,-3.1107635498046875,-1.7280731201171875,0.0,92158.234375,266.725341796875,283.0137939453125,291.1846008300781,6.556228618137538e-05,0.000637050718069,0.0052638500928878,-2.3862762451171875,-1.10162353515625,-4.603973388671875,-1.02294921875,-0.6177520751953125,-2.9362335205078125
2018-02-16,12,2,300.8079528808594,284.41754150390625,-1.2689361572265625,-0.3625640869140625,0.0,91789.203125,266.246337890625,282.97607421875,293.9495849609375,7.240852573886514e-05,0.0005331311840564,0.0051088836044073,-0.87017822265625,1.3446807861328125,-2.957733154296875,-1.8421478271484373,-2.824951171875,-1.432647705078125
2018-02-16,18,3,292.6185302734375,282.4502868652344,-2.626251220703125,0.61578369140625,0.0,91900.09375,266.7385559082031,284.9447937011719,292.3569030761719,8.444437116850168e-05,0.0002858594525605,0.0055474936962127,-0.0530548095703125,0.4824066162109375,-2.117340087890625,-2.4981231689453125,-2.345565795898437,1.528228759765625
2018-02-17,0,0,290.92584228515625,288.4343566894531,-1.853851318359375,-0.1202545166015625,0.0,91723.15625,266.9971923828125,284.2061767578125,291.2713623046875,0.0001495147589594,0.0003062589094042,0.0059586241841316,0.4309234619140625,-1.5887908935546875,-1.9779205322265625,-3.603302001953125,-0.7565460205078125,-3.3322906494140625
2018-02-17,6,1,299.5624389648437,284.7455444335937,-1.45458984375,-1.92474365234375,0.0,91861.078125,267.29522705078125,283.95318603515625,291.7677001953125,0.000201396716875,0.0003084032796323,0.0068588405847549,0.805450439453125,-0.5255889892578125,-2.00750732421875,-2.294158935546875,-2.2839813232421875,-3.1324920654296875
2018-02-17,12,2,301.54278564453125,288.0022888183594,-1.1298065185546875,-0.5235595703125,0.0,91455.75,266.981201171875,281.47479248046875,295.11151123046875,0.0001945854601217,0.0027015306986868,0.0064792074263095,2.243133544921875,-1.7142791748046875,-2.82391357421875,-2.9229888916015625,-3.3145294189453125,-1.813690185546875
2018-02-17,18,3,294.4904479980469,284.5736083984375,-3.4440460205078125,1.0455474853515625,0.0,91601.5,267.3636474609375,284.4344482421875,292.29669189453125,0.0001938238710863,0.0008377295453101,0.0074007362127304,2.378448486328125,0.7076263427734375,-4.859420776367188,-2.452606201171875,-3.285736083984375,3.29974365234375
2018-02-18,0,0,291.6693115234375,288.9345092773437,-1.904541015625,0.364471435546875,0.0,91508.609375,267.0673828125,284.0516357421875,292.24835205078125,0.0001828466629376,0.0003384844167158,0.0063111372292041,2.653106689453125,-3.27923583984375,-3.4250946044921875,-0.3497467041015625,-1.2013092041015625,-2.308074951171875
2018-02-18,6,1,300.13104248046875,283.875732421875,-2.705780029296875,-0.521575927734375,0.0,91720.671875,266.909423828125,283.8538513183594,292.24176025390625,0.0001759622391546,0.0003413623198866,0.0064247027039527,2.84600830078125,-3.90771484375,-3.922897338867188,0.745635986328125,-0.49871826171875,-1.3659515380859375
2018-02-18,12,2,301.6603088378906,284.27789306640625,-2.2168121337890625,0.2183837890625,0.0,91439.390625,266.89324951171875,281.60223388671875,295.204345703125,0.0002643251791596,0.0014997413381934,0.0050131268799304,3.646392822265625,-3.13470458984375,-5.186080932617188,2.131683349609375,-1.104339599609375,-0.0049285888671875
2018-02-18,18,3,293.7182922363281,283.9347229003906,-3.4627838134765625,1.3540496826171875,0.0,91635.046875,266.55987548828125,283.8158569335937,292.92657470703125,0.0003263317048549,0.0002591011580079,0.0055033415555953,3.712600708007813,-2.920440673828125,-4.0751495361328125,2.30902099609375,1.93780517578125,2.548309326171875
2018-02-19,0,0,290.8863830566406,288.3064270019531,-2.2178497314453125,0.419830322265625,0.0,91551.546875,266.00390625,282.817626953125,292.42987060546875,0.0003489723894745,0.000269039068371,0.0042822109535336,3.162872314453125,-0.5395050048828125,-3.2953338623046875,2.1190338134765625,1.7156982421875,0.3714447021484375
2018-02-19,6,1,300.21759033203125,279.3599853515625,-3.2349090576171875,-0.3310699462890625,0.0,91750.265625,265.7914733886719,282.7650451660156,292.15545654296875,0.0003610784187912,0.0002815653569996,0.0048339366912841,2.576751708984375,-0.2710418701171875,-4.908233642578125,0.943450927734375,1.3872222900390625,-1.0150909423828125
2018-02-19,12,2,301.5347595214844,283.1029663085937,-2.2361297607421875,0.364501953125,0.0,91444.03125,265.9941101074219,280.0243835449219,294.79449462890625,0.0003990589175373,0.0028896203730255,0.0047512762248516,2.519317626953125,-0.2609100341796875,-4.8050537109375,2.331817626953125,-3.5972137451171875,0.1206817626953125
2018-02-19,18,3,293.862548828125,286.4056091308594,-3.7977142333984375,1.3403778076171875,0.0,91673.046875,265.800537109375,281.1485290527344,290.99810791015625,0.0004349204245954,0.0027940969448536,0.0079940296709537,3.64764404296875,4.67193603515625,-8.02984619140625,3.3895721435546875,-4.2263946533203125,2.882843017578125
2018-02-20,0,0,291.6895751953125,288.3710327148437,-2.0384674072265625,0.0901641845703125,0.0,91635.0625,265.365966796875,282.33721923828125,291.47906494140625,0.0004936868790537,0.0021045187022536,0.0068856589496135,7.122604370117188,3.33868408203125,-7.465896606445312,3.6808929443359375,-1.8179779052734373,-4.2112884521484375
2018-02-20,6,1,300.1377868652344,283.32977294921875,-2.9897003173828125,-2.546051025390625,0.0,91731.390625,265.9159240722656,282.4022827148437,292.318603515625,0.0005051020998507,0.0017745529767125,0.00644126906991,8.473419189453125,2.657211303710937,-4.3018341064453125,4.1373291015625,-1.723663330078125,-4.5501861572265625
2018-02-20,12,2,302.0706787109375,285.45574951171875,-1.4340972900390625,-0.807586669921875,0.0,91387.640625,266.1962890625,279.5201416015625,295.3608093261719,0.0003016160335391,0.0052863638848066,0.0056393332779407,6.551513671875,-0.4658050537109375,-2.7450408935546875,0.318145751953125,-4.1172637939453125,-2.492645263671875
2018-02-20,18,3,294.032958984375,285.2318115234375,-4.091522216796875,0.509124755859375,0.0,91626.765625,265.8382568359375,280.82647705078125,290.8215637207031,0.0002404793049208,0.0032336756121367,0.007773533463478,0.995086669921875,4.7381591796875,-9.713592529296877,1.5296478271484375,-3.390960693359375,0.7276153564453125
2018-02-21,0,0,292.29168701171875,284.358154296875,-2.50225830078125,-0.03082275390625,0.0,91498.453125,266.6678771972656,282.0771179199219,291.261962890625,0.0002029487222898,0.0012961619067937,0.0055468864738941,5.3146514892578125,0.6798858642578125,-9.951812744140623,2.10955810546875,-3.41143798828125,-4.4916839599609375
2018-02-21,6,1,300.62109375,280.721923828125,-3.728057861328125,-1.791748046875,0.0,91632.046875,267.5467529296875,282.3402709960937,292.69879150390625,0.0001873209548648,0.0006376977544277,0.0048382356762886,2.894149780273437,-2.100616455078125,-5.7151641845703125,0.891021728515625,-1.0833892822265625,-3.1375885009765625
2018-02-21,12,2,301.4958801269531,281.7166442871094,-2.6859893798828125,0.005615234375,0.0,91323.703125,267.28277587890625,279.54931640625,294.880126953125,0.0001985686685657,0.0037030456587672,0.0046369172632694,4.857467651367188,-2.91461181640625,-5.7079620361328125,0.542510986328125,-3.670654296875,-0.7768707275390625
2018-02-21,18,3,293.9820556640625,284.2954406738281,-3.7149505615234375,0.5158538818359375,0.0,91619.109375,266.62762451171875,280.08642578125,291.23651123046875,0.0002048688038485,0.0029050323646515,0.0068997554481029,4.21978759765625,2.32635498046875,-9.76800537109375,-0.88128662109375,-3.4487762451171875,0.83465576171875
2018-02-22,0,0,292.0953063964844,284.9572448730469,-2.3393707275390625,-0.3656768798828125,0.0,91506.46875,266.8584899902344,280.0487060546875,291.50897216796875,0.0001760238956194,0.0023499513044953,0.0043325498700141,3.913650512695313,-1.12640380859375,-8.33984375,-2.15484619140625,-2.668304443359375,-4.446319580078125
2018-02-22,6,1,301.03973388671875,279.89971923828125,-3.670211791992188,-1.6601409912109375,0.0,91584.921875,266.8058776855469,281.8714294433594,292.85552978515625,0.0001496044569648,0.0011946544982492,0.0049343816936016,1.85125732421875,-1.1256256103515625,-5.58038330078125,-4.0980224609375,-0.6309356689453125,-3.0311279296875
2018-02-22,12,2,302.2845764160156,283.98406982421875,-2.130126953125,-0.6004486083984375,0.0,91283.828125,266.3897705078125,279.6629638671875,295.61480712890625,0.0001624377619009,0.0045911967754364,0.0047986879944801,4.2375030517578125,-3.410675048828125,-4.639694213867188,-3.927703857421875,-3.5820770263671875,-2.0047760009765625
2018-02-22,18,3,294.55877685546875,283.72802734375,-4.150726318359375,0.8109893798828125,0.0,91624.34375,266.607177734375,278.94586181640625,291.458251953125,0.0001604738208698,0.0045569166541099,0.0067893229424953,1.9711151123046875,1.791595458984375,-11.5435791015625,-4.9593505859375,-4.197967529296875,0.9280853271484376
2018-02-23,0,0,292.79803466796875,282.09332275390625,-2.806732177734375,-0.1039886474609375,0.0,91502.234375,266.1337585449219,279.8587341308594,291.7859802246094,0.0001883473742054,0.0027719493955373,0.00540491938591,1.0828094482421875,-2.007232666015625,-9.02740478515625,-2.991546630859375,-4.6963653564453125,-4.3598175048828125
2018-02-23,6,1,300.6759033203125,277.79400634765625,-4.4971923828125,-0.836334228515625,0.0,91703.34375,266.2294921875,281.54266357421875,292.364990234375,0.0001600568793946,0.0009486016351729,0.0038864226080477,0.74468994140625,-4.7454833984375,-6.8651275634765625,-1.63311767578125,-0.764892578125,-1.6065521240234375
2018-02-23,12,2,301.5647888183594,280.7829895019531,-2.7788238525390625,-0.09088134765625,0.0,91370.109375,266.33624267578125,282.1505126953125,294.6295166015625,0.0001243147999048,0.0008866332937031,0.0041006486862897,-0.798126220703125,-2.4758758544921875,-5.6508636474609375,-1.8740997314453125,-0.231689453125,-0.4725341796875
2018-02-23,18,3,293.548583984375,282.0687255859375,-3.830963134765625,0.2072906494140625,0.0,91627.171875,266.357421875,283.89996337890625,291.8920593261719,0.0001124706759583,0.0005243730265647,0.0050696283578872,-1.1917572021484375,-3.394882202148437,-7.671035766601562,-0.5390167236328125,0.6894378662109375,-1.061248779296875
2018-02-24,0,0,290.801025390625,288.4625244140625,-2.3405914306640625,0.1218719482421875,0.0,91647.484375,265.909912109375,282.300048828125,291.7991943359375,0.0001295884139835,0.0009363547433167,0.0009361112024635,-3.0591278076171875,-2.749359130859375,-7.137176513671875,-1.8871002197265625,1.295806884765625,-0.6082611083984375
2018-02-24,6,1,298.9903869628906,281.4218139648437,-3.01629638671875,1.5611724853515625,0.0,91832.640625,266.2132568359375,283.0306701660156,290.69781494140625,0.0001281801814911,0.0011766119860112,0.005266960710287,-4.410324096679688,-3.239852905273437,-4.8416595458984375,-1.4343719482421875,1.910552978515625,2.0301513671875
2018-02-24,12,2,301.9196472167969,285.1141967773437,-2.695404052734375,0.436065673828125,0.0,91512.21875,266.5020751953125,282.8935241699219,294.4120178222656,0.0001216159289469,0.0014077273663133,0.0063591934740543,-3.2547760009765625,-1.3719329833984375,-5.2006378173828125,0.451263427734375,-0.5738372802734375,0.5760040283203125
2018-02-24,18,3,294.4969787597656,286.6300354003906,-3.4835968017578125,0.9275054931640624,0.0,91770.140625,266.244384765625,283.15533447265625,291.51416015625,0.0001218501565745,0.001129520824179,0.0086036473512649,-2.290435791015625,-3.781814575195313,-5.355804443359375,1.5997772216796875,0.6012725830078125,1.9222412109375
2018-02-25,0,0,292.105712890625,289.9830322265625,-3.093597412109375,0.2934112548828125,0.25,91659.6875,266.11651611328125,282.5757141113281,291.702392578125,0.0001379711320623,0.001154814613983,0.0032728798687458,-0.878082275390625,-3.607452392578125,-4.553390502929688,3.074493408203125,0.84716796875,0.3360595703125
2018-02-25,6,1,300.1822509765625,282.6367492675781,-3.0916290283203125,0.809600830078125,0.0,91821.078125,266.115966796875,283.1514892578125,291.6739501953125,0.0002060972183244,0.0003790822811424,0.0062655732035636,-1.2127685546875,-5.84259033203125,-4.720733642578125,2.6494293212890625,0.126220703125,1.2642059326171875
2018-02-25,12,2,302.60516357421875,283.6366271972656,-2.686309814453125,-0.0121612548828125,0.0,91533.5,266.0643615722656,280.8173522949219,295.30426025390625,0.000301148975268,0.0020154023077338,0.0054382011294364,0.172149658203125,-4.04949951171875,-5.2649993896484375,0.8059844970703125,-1.47601318359375,-0.3287200927734375
2018-02-25,18,3,294.9477233886719,286.9246826171875,-3.4849853515625,1.2328643798828125,0.0,91792.078125,265.6326599121094,283.39764404296875,291.295166015625,0.0002693652641028,0.0003173619043081,0.0091699846088886,-0.6303863525390625,-8.055389404296875,-6.9622650146484375,-1.003509521484375,0.7956390380859375,2.6761474609375
2018-02-26,0,0,292.3713073730469,289.8074035644531,-1.9056549072265625,-0.2121429443359375,0.0,91637.46875,265.19927978515625,282.5258178710937,291.5652770996094,0.0002189974620705,0.0002839795779436,0.0048785880208015,-2.549835205078125,-4.549819946289063,-4.934005737304688,1.9143218994140625,-1.391510009765625,-4.729339599609375
2018-02-26,6,1,300.7022705078125,279.2546691894531,-1.9005279541015625,0.9379119873046876,0.0,91753.046875,265.347412109375,282.7803955078125,292.7253723144531,0.000290750991553,0.0003333180211484,0.004037395119667,-2.608642578125,-7.44232177734375,-2.989837646484375,2.565170288085937,-2.924789428710937,1.2489776611328125
2018-02-26,12,2,302.9725341796875,282.8594665527344,-1.454010009765625,-0.1738128662109375,0.0,91415.703125,264.8817749023437,280.48736572265625,295.9320068359375,0.0002766835968941,0.0023257723078131,0.0039100497961044,-3.487548828125,-5.6224212646484375,-3.620635986328125,2.613433837890625,-0.7744140625,-0.274383544921875
2018-02-26,18,3,295.8263854980469,286.8545837402344,-3.8782958984375,1.683013916015625,0.0,91756.09375,265.326416015625,281.11199951171875,292.25421142578125,0.0002624128246679,0.0012557303998619,0.0086188279092311,-2.947616577148437,-3.8148193359375,-7.2637176513671875,2.4249420166015625,-2.5419464111328125,4.665924072265625
2018-02-27,0,0,292.8208312988281,286.9539794921875,-2.005111694335937,-0.6010284423828125,0.0,91608.609375,264.9263610839844,281.85504150390625,292.3170166015625,0.0002412957546766,0.0003038279246538,0.0051612742245197,-3.478256225585937,-6.8878326416015625,-5.341354370117188,5.2027435302734375,-1.066131591796875,-3.3480987548828125
2018-02-27,6,1,301.2512512207031,281.02569580078125,-3.708938598632813,0.951019287109375,0.0,91699.171875,265.33966064453125,282.27325439453125,293.3091735839844,0.0003170068375766,0.0003381299320608,0.00518174842,-0.7468414306640625,-9.284896850585938,-5.738922119140625,2.544219970703125,0.09112548828125,1.4927215576171875
2018-02-27,12,2,303.2088623046875,282.632080078125,-3.3075408935546875,0.225189208984375,0.0,91376.578125,264.8975830078125,280.0274658203125,296.0130615234375,0.0003819975536316,0.0050305463373661,0.0052127130329608,-0.4302978515625,-5.641265869140625,-6.5030670166015625,2.4937286376953125,-0.3059844970703125,0.254608154296875
2018-02-27,18,3,294.88238525390625,281.5856628417969,-3.6251373291015625,0.81207275390625,0.0,91689.40625,265.01043701171875,282.1004638671875,293.8212585449219,0.0003424047026783,0.0006710700690746,0.002746065147221,-2.5508270263671875,-7.08587646484375,-9.769393920898438,2.7571258544921875,0.613067626953125,0.2619476318359375
2018-02-28,0,0,290.3523864746094,286.90594482421875,-2.149642944335937,-0.550811767578125,0.0,91549.171875,265.45770263671875,282.9918518066406,292.9170837402344,0.0003323652781546,0.0005495834629982,0.00262256199494,0.148956298828125,-5.782745361328125,-9.315231323242188,4.561370849609375,-0.5404052734375,-0.0492706298828125
2018-02-28,6,1,301.8355712890625,276.15753173828125,-4.151168823242188,-0.0881805419921875,0.0,91735.625,267.18426513671875,282.4385986328125,293.75592041015625,0.0005063221324235,0.000662560109049,0.0033593410626053,2.6210479736328125,-7.0181884765625,-6.61248779296875,4.38702392578125,1.2354736328125,-0.237091064453125
2018-02-28,12,2,303.29296875,279.6966552734375,-2.907089233398437,0.2680816650390625,0.0,91372.828125,266.60955810546875,280.5009765625,296.45489501953125,0.0005861711688339,0.0030474227387458,0.0032302339095622,4.7415313720703125,-4.976593017578125,-6.368377685546875,2.1382293701171875,-0.436767578125,0.5001983642578125
2018-02-28,18,3,294.89501953125,282.77362060546875,-3.550628662109375,1.17620849609375,0.0,91677.859375,266.6213073730469,282.19342041015625,293.3965148925781,0.0005532698705792,0.0010282390285283,0.0046576112508773,5.297515869140625,-4.0536651611328125,-9.794158935546877,1.012237548828125,-1.8892059326171875,1.788970947265625
2018-03-01,0,0,292.3740234375,287.9190979003906,-2.3223114013671875,0.225341796875,0.0,91531.640625,266.2663269042969,281.89117431640625,292.5256042480469,0.0010451267007738,0.000471208943054,0.0034286347217857,5.959503173828125,-5.1956939697265625,-9.205825805664062,2.938232421875,0.01422119140625,1.5200042724609375
2018-03-01,6,1,301.719970703125,277.5927734375,-3.6199951171875,0.4959564208984375,0.0,91734.171875,266.0132141113281,281.92919921875,293.51416015625,0.0011710324324667,0.0004569294396787,0.0038442863151431,7.2925262451171875,-6.39373779296875,-5.44720458984375,3.2584228515625,0.9474945068359376,0.32220458984375
2018-03-01,12,2,303.1500244140625,279.0140991210937,-2.86328125,0.15234375,0.0,91342.625,266.6776123046875,280.4095458984375,296.2553405761719,0.0010217286180704,0.0033185859210789,0.0035996714141219,9.848129272460938,-5.324462890625,-5.863311767578125,2.8810577392578125,-1.5590972900390625,-0.00836181640625
2018-03-01,18,3,295.4277038574219,280.8900451660156,-3.6595306396484375,0.7902679443359375,0.0,91661.203125,266.3277587890625,282.6725769042969,292.6452941894531,0.0008246065117418,0.0013097885530442,0.0060433745384216,8.577957153320312,-3.4416656494140625,-9.993637084960938,2.0113677978515625,-1.095733642578125,1.6514892578125
2018-03-02,0,0,292.370361328125,283.9593505859375,-2.605224609375,-0.3186492919921875,0.0,91516.375,266.66558837890625,282.1153564453125,293.62164306640625,0.000550951808691,0.000610388116911,0.0019047642126679,8.480270385742188,-3.780563354492188,-9.085006713867188,2.3634185791015625,0.4482879638671875,-1.8042449951171875
2018-03-02,6,1,302.3099060058594,276.73468017578125,-4.516647338867188,-0.556304931640625,0.0,91704.75,267.86260986328125,282.5175170898437,294.4935302734375,0.0001978092186618,0.0004810725804418,0.0028785129543393,5.0486907958984375,-4.33721923828125,-7.076324462890625,-2.0167388916015625,-0.42083740234375,-1.3788299560546875
2018-03-02,12,2,303.5274353027344,280.612548828125,-3.1049346923828125,0.2296142578125,0.0,91291.65625,268.27410888671875,280.7118835449219,296.5717163085937,0.0001468118134653,0.0034337141551077,0.0036527167540043,1.788604736328125,-4.6979827880859375,-6.223968505859375,-3.62554931640625,-2.666534423828125,-0.11529541015625
2018-03-02,18,3,295.1441345214844,279.4545593261719,-3.4885406494140625,1.159332275390625,0.0,91618.375,267.7407531738281,282.6048278808594,293.28082275390625,0.00022586635896,0.002768934238702,0.0048468261957168,-0.4022979736328125,-2.9473114013671875,-8.993133544921875,-3.4218292236328125,-1.1786651611328125,3.224029541015625
2018-03-03,0,0,292.0442199707031,282.5222473144531,-2.18597412109375,-0.1942138671875,0.0,91479.921875,267.8919677734375,282.12701416015625,293.7523193359375,0.0002264374488731,0.0017852610908448,0.0028319559060037,-0.1731719970703125,-2.414657592773437,-5.585357666015625,-3.09619140625,-2.168075561523437,-2.2053375244140625
2018-03-03,6,1,303.075439453125,277.31573486328125,-2.622909545898437,-2.068084716796875,0.0,91628.546875,267.8948974609375,282.55792236328125,294.9375305175781,0.0002217730652773,0.0006966246291995,0.0035418032202869,-0.811370849609375,-2.908447265625,-3.93023681640625,-1.089813232421875,-1.94378662109375,-3.578033447265625
2018-03-03,12,2,304.2994689941406,281.97265625,-1.7358551025390625,0.2008819580078125,0.0,91253.6875,268.5601501464844,281.90850830078125,297.9179382324219,0.000171977939317,0.0025835051201283,0.0026328763924539,0.443603515625,-2.495513916015625,-3.8387603759765625,0.28167724609375,-1.885406494140625,-0.0802154541015625
2018-03-03,18,3,295.6195068359375,275.6203918457031,-3.32940673828125,1.331939697265625,0.0,91583.484375,267.8765869140625,281.54522705078125,294.6197814941406,0.0001806263317121,0.0025408123619854,0.0032068374566733,-0.10992431640625,1.6485748291015625,-8.0277099609375,-0.1753082275390625,-4.074142456054688,4.938385009765625
2018-03-04,0,0,291.09588623046875,280.7682800292969,-2.222396850585937,1.7252960205078125,0.0,91432.640625,268.5077514648437,280.7047424316406,294.1196594238281,0.0001381127804052,0.0028476878069341,0.0031262910924851,0.2589111328125,-1.11322021484375,-6.39959716796875,1.539337158203125,-4.188766479492188,2.1830596923828125
2018-03-04,6,1,302.63189697265625,280.4075622558594,-2.822998046875,0.334197998046875,0.0,91636.296875,269.0936889648437,282.51666259765625,294.5429077148437,0.0001129885786212,0.0019666599109768,0.0045613758265972,2.230941772460937,-4.7001800537109375,-4.724761962890625,4.16815185546875,-0.652923583984375,-0.0257720947265625
2018-03-04,12,2,304.42657470703125,280.02813720703125,-2.349960327148437,0.315643310546875,0.0,91214.75,269.6313781738281,281.9075927734375,297.9525756835937,0.0001154357887571,0.0036381247919052,0.003684592898935,3.896072387695313,-3.6338958740234375,-4.858551025390625,3.596771240234375,-2.16851806640625,-0.0206146240234375
2018-03-04,18,3,295.6503601074219,278.9848327636719,-3.31756591796875,1.31982421875,0.0,91558.984375,269.4638061523437,281.7349853515625,294.76397705078125,0.0001263994199689,0.0031114593148231,0.0032729634549468,4.2457427978515625,1.0194854736328125,-10.405029296875,0.863677978515625,-2.6154022216796875,2.8020477294921875
2018-03-05,0,0,292.181884765625,282.917724609375,-2.2906494140625,0.1352691650390625,0.0,91436.40625,269.1300354003906,281.8426513671875,294.59149169921875,0.0001395852013956,0.0019528253469616,0.0025102121289819,2.3583221435546875,1.485992431640625,-7.079254150390625,2.4956817626953125,1.4444732666015625,-1.0413970947265625
2018-03-05,6,1,302.7982177734375,277.5250244140625,-1.924591064453125,0.0245208740234375,0.0,91665.03125,269.138427734375,281.58172607421875,294.73974609375,0.00012511589739,0.0020615712273865,0.0035180470440536,0.7807159423828125,0.186492919921875,-3.14324951171875,5.781051635742188,-1.5807952880859375,-0.69873046875
2018-03-05,12,2,304.6501770019531,281.01739501953125,-1.2485198974609375,-0.0466156005859375,0.0,91301.78125,269.24237060546875,281.7924499511719,297.822998046875,0.0001199486578116,0.0030146571807563,0.0030486392788589,2.905059814453125,-1.9731292724609373,-2.4347686767578125,3.738494873046875,-2.685653686523437,-0.8168792724609375
2018-03-05,18,3,295.29345703125,280.7929992675781,-3.47869873046875,0.6314239501953125,0.0,91708.25,268.3348999023437,281.3795166015625,294.80047607421875,0.0001393038837704,0.0025587733834981,0.0038288729265332,2.3255767822265625,1.540863037109375,-5.825698852539063,2.2585601806640625,-4.701995849609375,2.192001342773437
2018-03-06,0,0,291.64483642578125,284.74853515625,-2.4581756591796875,-0.2106781005859375,0.0,91534.28125,267.644287109375,281.07684326171875,294.96551513671875,0.0001528776920167,0.0022090869024395,0.0022595876362174,1.912200927734375,-1.3538970947265625,-3.8563385009765625,3.790817260742188,-4.3632659912109375,-3.16107177734375
2018-03-06,6,1,302.75982666015625,277.6250915527344,-2.1685791015625,0.0817718505859375,0.0,91694.15625,267.650146484375,281.87615966796875,294.9545593261719,0.0001464517699787,0.0012857664842158,0.0033416317310184,0.462677001953125,-3.891143798828125,-3.449676513671875,2.9951324462890625,-0.7968597412109375,-0.61114501953125
2018-03-06,12,2,304.5415954589844,277.4288330078125,-2.194320678710937,0.35064697265625,0.0,91303.0625,268.4531555175781,281.66357421875,297.6259765625,0.0001368682424072,0.0022300684358924,0.0023290542885661,0.527923583984375,-2.8614959716796875,-4.4542388916015625,1.9121856689453125,-1.75421142578125,0.3097991943359375
2018-03-06,18,3,295.0971984863281,282.0800170898437,-3.829147338867188,1.1438140869140625,0.0,91684.703125,268.3277587890625,281.58160400390625,294.7804260253906,0.0001357814180664,0.0016831050161272,0.0031543171498924,0.3479766845703125,-1.13629150390625,-7.419265747070312,1.737579345703125,-3.3307647705078125,1.423126220703125
2018-03-07,0,0,290.8027648925781,285.15789794921875,-2.228256225585937,0.129974365234375,0.0,91473.71875,267.4276123046875,282.42462158203125,294.95947265625,0.0001259583805222,0.0007530089933425,0.0011247040238231,-0.2872161865234375,-4.703048706054688,-5.1309356689453125,6.0564727783203125,-0.2266693115234375,0.118927001953125
2018-03-07,6,1,302.15753173828125,276.9239501953125,-3.029281616210937,1.395355224609375,0.0,91729.390625,266.98260498046875,282.525634765625,294.40362548828125,0.0001628908357815,0.0009673945605754,0.0033407586161047,-1.1520233154296875,-5.4149017333984375,-4.768585205078125,5.8572540283203125,3.424530029296875,1.7557525634765625
2018-03-07,12,2,304.1347961425781,281.0579833984375,-2.8163604736328125,1.332183837890625,0.0,91383.109375,267.44659423828125,282.4295654296875,296.55401611328125,0.0003882236778736,0.0028895016293972,0.00435396656394,-1.8088531494140625,-0.576446533203125,-4.909423828125,2.84710693359375,3.09393310546875,2.391632080078125
2018-03-07,18,3,295.2840270996094,285.21270751953125,-3.720855712890625,0.8554229736328125,0.0,91651.078125,268.8841552734375,282.2928161621094,293.8694763183594,0.0005825073458254,0.0032529509626328,0.0057099312543869,-1.9173736572265625,-1.7929229736328125,-6.417877197265625,4.875213623046875,3.23931884765625,0.967529296875
2018-03-08,0,0,292.53497314453125,285.3998718261719,-2.0026397705078125,-0.5721588134765625,0.0,91498.734375,267.354248046875,281.765380859375,294.0267028808594,0.0016660254914313,0.0027993994299322,0.001683291979134,0.478424072265625,-3.086776733398437,-5.957916259765625,7.2043304443359375,-2.0748748779296875,1.9422607421875
2018-03-08,6,1,302.2186279296875,278.6982421875,-4.5375823974609375,1.7198333740234375,0.0,91767.15625,266.7963256835937,281.88360595703125,294.5404968261719,0.0024164612405002,0.0019158388022333,0.0036563284229487,1.9759521484375,-7.0758056640625,-7.254074096679687,5.580841064453125,-2.4606475830078125,2.3338623046875
2018-03-08,12,2,303.69757080078125,279.72052001953125,-3.46466064453125,1.7218475341796875,0.0,91401.171875,267.4789428710937,281.92596435546875,296.35516357421875,0.0023372813593596,0.0024352171458303,0.0041715018451213,3.450714111328125,-4.88616943359375,-6.457275390625,2.058456420898437,-0.18310546875,3.2115020751953125
2018-03-08,18,3,295.5998229980469,281.363525390625,-2.497161865234375,1.146484375,0.0,91689.9375,267.1765441894531,282.5269775390625,293.8006896972656,0.0027745040133595,0.0022202827967703,0.0048518143594264,2.283554077148437,-3.974212646484375,-5.73388671875,1.3658447265625,-0.937469482421875,4.1940460205078125
2018-03-09,0,0,292.0498046875,282.1114501953125,-2.26727294921875,0.170867919921875,0.0,91498.234375,266.9739685058594,281.78436279296875,293.7031555175781,0.0027723603416234,0.0023291090037673,0.0038314159028232,4.8359375,-3.467071533203125,-5.3436279296875,0.576629638671875,-6.088058471679688,4.7570648193359375
2018-03-09,6,1,303.0099792480469,278.914306640625,-3.846237182617188,1.0555877685546875,0.0,91733.8125,266.353759765625,281.56671142578125,294.59674072265625,0.0023368888068944,0.0017575453966856,0.0044645853340625,3.104736328125,-6.8729400634765625,-5.946868896484375,-0.35638427734375,-4.157241821289063,1.31036376953125
2018-03-09,12,2,304.02667236328125,279.93829345703125,-3.568695068359375,0.5821990966796875,0.0,91390.0,267.52850341796875,280.7953186035156,296.77459716796875,0.0016868386883288,0.00435221940279,0.0045462921261787,0.89837646484375,-4.3419189453125,-6.2992706298828125,-2.57550048828125,-1.519439697265625,0.728607177734375
2018-03-09,18,3,295.916748046875,285.4825439453125,-3.4766845703125,1.3372802734375,0.0,91726.421875,267.11669921875,281.8080444335937,294.0594482421875,0.0012944389600306,0.0019773677922785,0.0053438581526279,0.0948944091796875,-7.662277221679687,-7.620529174804687,-1.342529296875,-2.855194091796875,0.9564208984375
2018-03-10,0,0,292.75048828125,288.06463623046875,-1.8701934814453125,-0.1153106689453125,0.0,91556.953125,267.84686279296875,281.47711181640625,293.00732421875,0.0007124664261937,0.003553733928129,0.0048508420586586,2.4647674560546875,-10.8056640625,-7.377899169921875,1.7866668701171875,-2.991561889648437,3.2226104736328125
2018-03-10,6,1,302.0901794433594,284.0262756347656,-4.6344146728515625,0.330535888671875,0.0,91742.96875,268.5699462890625,280.3312072753906,294.5513916015625,0.0004888167604804,0.005313079804182,0.0064392574131488,1.7228546142578125,-11.543075561523438,-7.60797119140625,1.6617431640625,-2.151458740234375,0.0677947998046875
2018-03-10,12,2,303.57861328125,284.267822265625,-3.896575927734375,0.5462646484375,0.0,91410.765625,267.87750244140625,280.7611694335937,296.8185119628906,0.0006583391223102,0.006248615682125,0.006385251879692,1.5438232421875,-6.076828002929688,-6.802459716796875,-0.0160980224609375,-2.593231201171875,0.33282470703125
2018-03-10,18,3,296.2809143066406,284.6133728027344,-3.219589233398437,0.958526611328125,0.0,91700.8125,267.8729858398437,281.22900390625,294.66229248046875,0.0003476729616522,0.0039587281644344,0.0068545192480087,4.63653564453125,-7.9857177734375,-10.527618408203123,-0.33575439453125,-3.8676910400390634,-0.7238922119140625
2018-03-11,0,0,293.82489013671875,288.2869873046875,-2.44384765625,0.2200775146484375,0.0,91581.90625,267.5775146484375,281.18389892578125,293.30401611328125,0.0003107192460447,0.0036550955846905,0.0060704015195369,6.4837799072265625,-9.2379150390625,-11.094696044921877,1.930572509765625,-5.8575286865234375,1.5445556640625
2018-03-11,6,1,302.6420593261719,282.08648681640625,-4.70794677734375,0.595123291015625,0.0,91775.296875,266.5166320800781,281.4613647460937,295.06085205078125,0.0004636931698769,0.0026265643537044,0.0052816048264503,5.128662109375,-8.57855224609375,-8.020355224609375,2.3312530517578125,-5.70733642578125,0.3963623046875
2018-03-11,12,2,303.96875,280.8451538085937,-3.94696044921875,0.6086273193359375,0.0,91427.09375,267.72625732421875,281.37237548828125,297.1922607421875,0.0001784354681149,0.0042244847863912,0.0046446174383163,4.4705657958984375,-5.289031982421875,-7.461761474609375,-0.4308624267578125,-3.28887939453125,0.6624908447265625
2018-03-11,18,3,296.3614501953125,285.5018005371094,-3.4161834716796875,1.09698486328125,0.0,91706.34375,267.88494873046875,281.40753173828125,294.6190795898437,7.62548588681966e-05,0.0038181839045137,0.0049833953380584,2.749374389648437,-5.7912139892578125,-9.5899658203125,0.232086181640625,-4.8274993896484375,3.29266357421875
2018-03-12,0,0,293.82281494140625,290.976806640625,-3.108642578125,0.37469482421875,36.25,91652.78125,267.0941162109375,280.9082336425781,293.2469787597656,0.0001390985416946,0.0038898582570254,0.0064510740339756,2.9434356689453125,-8.882965087890625,-10.183151245117188,1.3507843017578125,-3.372787475585937,2.95062255859375
2018-03-12,6,1,302.42266845703125,284.33026123046875,-4.652740478515625,2.2973175048828125,0.0,91799.125,267.6003723144531,281.3309936523437,294.11279296875,9.519555896986276e-05,0.0027686774265021,0.0077306292951107,0.7560577392578125,-6.9144287109375,-7.7678375244140625,0.5264434814453125,-5.53411865234375,3.04290771484375
2018-03-12,12,2,303.9436340332031,285.077392578125,-5.005157470703125,1.2006683349609375,0.0,91436.78125,268.60601806640625,280.8193054199219,296.24859619140625,6.028158531989902e-05,0.0060733444988727,0.0078424923121929,1.855072021484375,-7.905166625976562,-8.895721435546875,-0.3019561767578125,-2.4027252197265625,1.86859130859375
2018-03-12,18,3,296.5717163085937,291.0165100097656,-3.440048217773437,2.036605834960937,159.625,91797.875,269.3758544921875,281.52593994140625,291.6055603027344,0.000245477684075,0.003827950451523,0.0109969191253185,-0.34375,-10.305389404296877,-8.109786987304688,1.6460723876953125,-1.772613525390625,4.753509521484375
2018-03-13,0,0,294.6541748046875,292.5395202636719,-2.32513427734375,0.644500732421875,37.375,91562.34375,269.4144897460937,282.2047424316406,291.6776733398437,0.0007203086279332,0.0042495825327932,0.0109896771609783,-1.6749420166015625,-13.239639282226562,-7.579269409179687,3.0144500732421875,-1.623870849609375,3.613739013671875
2018-03-13,6,1,301.54815673828125,289.37677001953125,-4.7165374755859375,1.596160888671875,0.0,91738.0,269.368896484375,282.117431640625,293.2095947265625,0.0026981038972735,0.0032378893811255,0.0110655166208744,-3.421539306640625,-13.195358276367188,-7.65948486328125,0.7019500732421875,0.0657501220703125,2.38372802734375
2018-03-13,12,2,302.272216796875,288.7180480957031,-3.960540771484375,1.9617767333984373,0.875,91429.625,268.7900390625,282.1318054199219,294.9983825683594,0.0038109433371573,0.0068290643393993,0.0105910934507846,-5.63763427734375,-7.284210205078125,-7.050704956054688,0.3155517578125,0.941436767578125,2.8396759033203125
2018-03-13,18,3,297.5979309082031,291.9213256835937,-2.5971221923828125,1.8424530029296875,103.25,91708.296875,269.2369384765625,282.17999267578125,292.59490966796875,0.0032175227534025,0.007395401597023,0.0123234763741493,-6.408447265625,-7.827117919921875,-7.812896728515625,3.871017456054688,2.9886627197265625,3.544662475585937
2018-03-14,0,0,296.63983154296875,291.5771484375,-2.0186920166015625,1.1237030029296875,86.875,91494.640625,268.3133544921875,281.6337890625,292.4136962890625,0.0041075497865676,0.0079741068184375,0.0111576505005359,-1.857147216796875,-7.689971923828125,-6.68304443359375,5.713470458984375,4.60174560546875,4.0193939208984375
2018-03-14,6,1,302.8515014648437,288.9408569335937,-3.7021484375,2.5182647705078125,0.0,91667.15625,267.55322265625,282.1220397949219,293.6131286621094,0.0035357971210032,0.0069847218692302,0.0107681453227996,2.2205352783203125,-6.780776977539063,-6.119842529296875,6.4901123046875,5.2709503173828125,3.909866333007813
2018-03-14,12,2,302.8447570800781,289.8854675292969,-3.2248077392578125,2.841583251953125,11.0,91352.546875,268.1954345703125,281.923828125,295.5064697265625,0.0041606314480304,0.0081749483942985,0.0108284354209899,-1.115234375,-5.80877685546875,-6.3366546630859375,8.663558959960938,3.749298095703125,4.712921142578125
2018-03-14,18,3,297.54608154296875,291.82586669921875,-1.7079010009765625,2.5063629150390625,57.0,91655.609375,267.18682861328125,282.5346374511719,292.255859375,0.0044446289539337,0.0084903128445148,0.012910459190607,1.46563720703125,-3.471160888671875,-4.748779296875,9.998184204101562,4.7694244384765625,7.0858306884765625
2018-03-15,0,0,296.3521423339844,292.13751220703125,-1.0408935546875,0.9228363037109376,291.375,91504.859375,266.84405517578125,282.45574951171875,292.3091735839844,0.0039817625656723,0.0083244852721691,0.0123855955898761,1.5420989990234375,-0.894195556640625,-1.3096771240234375,11.098663330078123,5.0036468505859375,4.940200805664063
2018-03-15,6,1,302.7233581542969,290.212646484375,-1.5162811279296875,2.8172149658203125,50.625,91664.484375,267.6173095703125,282.49224853515625,293.80108642578125,0.0032401427160948,0.0078365616500377,0.0116660296916961,4.014068603515625,-2.0842742919921875,-2.444808959960937,9.850814819335938,4.6205902099609375,3.9730377197265625
2018-03-15,12,2,303.3047790527344,288.47149658203125,-0.21563720703125,3.63427734375,89.0,91359.609375,267.5089111328125,282.0318298339844,293.30474853515625,0.0040816441178321,0.0096518136560916,0.0122135207056999,3.903976440429688,-2.171859741210937,-1.3567352294921875,5.3770294189453125,2.7450714111328125,6.4688873291015625
2018-03-15,18,3,295.5413513183594,291.1769104003906,1.9215240478515625,0.7367401123046875,283.875,91656.34375,267.3060302734375,282.99822998046875,291.13983154296875,0.0040553007274866,0.0077032726258039,0.0141067989170551,3.735763549804688,-0.3217010498046875,3.3785858154296875,5.04107666015625,5.71722412109375,3.161956787109375
2018-03-16,0,0,295.7669677734375,293.324951171875,0.8060760498046875,-0.9741973876953124,494.75,91393.953125,267.6343078613281,282.4965515136719,291.0902099609375,0.003951471298933,0.0090116597712039,0.0144304726272821,6.1385040283203125,-1.499847412109375,2.61328125,7.484039306640625,4.0435333251953125,2.5352325439453125
2018-03-16,6,1,301.46502685546875,292.3109741210937,0.77227783203125,1.1848907470703125,1195.5,91577.953125,267.8651123046875,282.82232666015625,291.96099853515625,0.0031773471273481,0.0086889341473579,0.0148488655686378,6.683502197265625,-0.553924560546875,0.6961669921875,5.833587646484375,5.0440521240234375,1.7484283447265625
2018-03-16,12,2,300.60748291015625,295.0525207519531,-0.2321929931640625,-0.2117156982421875,947.5,91253.78125,268.6496887207031,282.68731689453125,293.88580322265625,0.0034508167300373,0.0102498903870582,0.0132633596658706,8.697158813476562,0.6204986572265625,0.2936553955078125,4.8451690673828125,3.705078125,1.3223876953125
2018-03-16,18,3,294.61578369140625,292.76123046875,2.073715209960937,-1.0661773681640625,680.75,91613.953125,268.1005249023437,282.56280517578125,291.349853515625,0.0048021413385868,0.0094171836972236,0.0143837928771972,1.985931396484375,4.894577026367188,6.6581573486328125,0.7939910888671875,2.1329803466796875,-1.385833740234375
2018-03-17,0,0,294.4560546875,292.31884765625,0.198211669921875,-2.0102691650390625,118.75,91443.890625,266.84210205078125,281.7885437011719,291.334228515625,0.003851210931316,0.0088732056319713,0.0131069906055927,7.335540771484375,4.317138671875,1.761383056640625,2.8950958251953125,2.017196655273437,-6.4627685546875
2018-03-17,6,1,300.0091552734375,293.1258239746094,-1.119537353515625,-0.742919921875,924.125,91650.015625,266.6307678222656,282.3529663085937,291.6163330078125,0.0035052606835961,0.0078448988497257,0.0142256580293178,7.540557861328125,3.1377716064453125,-1.6501922607421875,3.000701904296875,1.6781463623046875,-1.1206512451171875
2018-03-17,12,2,297.62322998046875,293.8577880859375,-3.239242553710937,0.2110748291015625,692.5,91327.46875,267.8334655761719,283.4958801269531,292.76513671875,0.0032980972900986,0.0075590685009956,0.0135477744042873,6.0354766845703125,6.8480072021484375,-3.859344482421875,-0.673065185546875,-0.3064727783203125,-0.5080413818359375
2018-03-17,18,3,295.2099914550781,293.085693359375,-1.49462890625,2.0512237548828125,151.625,91623.6875,267.6417541503906,282.7045288085937,291.6148986816406,0.0032306248322129,0.008207444101572,0.013643555343151,3.1302490234375,2.225341796875,-0.630615234375,-0.8661956787109375,-0.15081787109375,4.8130950927734375
2018-03-18,0,0,295.0588073730469,293.111083984375,-1.2911376953125,0.798797607421875,112.125,91493.015625,267.59967041015625,282.18853759765625,290.5316772460937,0.0030057539697736,0.0082485117018222,0.0139430314302444,2.60919189453125,0.703125,0.3704376220703125,0.024993896484375,-0.9719390869140624,3.5551300048828125
2018-03-18,6,1,300.14776611328125,293.1932983398437,-1.4484405517578125,1.173370361328125,764.875,91717.203125,267.32928466796875,281.709716796875,292.12261962890625,0.0030098212882876,0.0087524689733982,0.0139410607516765,2.223129272460937,-1.6715087890625,-2.1446685791015625,-0.593292236328125,-0.453155517578125,1.29241943359375
2018-03-18,12,2,300.8719787597656,293.4764709472656,-2.3345184326171875,0.323272705078125,577.25,91405.640625,267.788818359375,283.0214538574219,293.6353759765625,0.0027189436368644,0.0074240826070308,0.0129167698323726,0.8209381103515625,-0.3654632568359375,-6.30853271484375,-0.971923828125,-0.5697174072265625,0.8202972412109375
2018-03-18,18,3,295.77508544921875,290.5729064941406,-2.0900421142578125,0.90716552734375,11.625,91727.296875,267.5838623046875,283.07244873046875,292.0568542480469,0.0019363411702215,0.0070043876767158,0.0122624598443508,-3.270904541015625,-2.679840087890625,-3.829391479492188,0.8964385986328125,-0.593017578125,4.16632080078125
2018-03-19,0,0,293.80474853515625,291.2772216796875,-1.9229278564453125,0.1581268310546875,0.0,91631.3125,266.97955322265625,281.9156494140625,292.7981872558594,0.0020678399596363,0.0078114010393619,0.0105999559164047,-3.3385162353515625,-3.9699554443359375,-1.7446136474609375,2.876205444335937,-3.051422119140625,0.59576416015625
2018-03-19,6,1,301.73779296875,288.9989624023437,-2.4564971923828125,-0.043121337890625,0.0,91846.671875,267.15216064453125,282.0461730957031,293.36383056640625,0.0018923638854175,0.006934318691492,0.0093834735453128,-3.637374877929688,-7.257736206054687,-3.91741943359375,3.3185577392578125,-3.3000640869140625,-0.2821044921875
2018-03-19,12,2,301.97332763671875,285.9300231933594,-2.602813720703125,0.433685302734375,0.0,91537.046875,267.6610107421875,281.99481201171875,295.5551147460937,0.0013298045378178,0.0058893598616123,0.0072396956384181,-0.387939453125,-6.06976318359375,-5.877838134765625,0.5460662841796875,-3.5305328369140625,1.2162933349609375
2018-03-19,18,3,296.09991455078125,286.7486572265625,-2.409027099609375,1.1722412109375,0.0,91812.171875,267.5038146972656,282.12518310546875,294.478515625,0.0011740068439394,0.006133209913969,0.007121555507183,-1.950347900390625,-5.2547149658203125,-2.1817779541015625,-0.95916748046875,-2.633148193359375,1.3267364501953125
2018-03-20,0,0,294.04864501953125,287.001953125,-1.92706298828125,0.5476226806640625,0.0,91579.609375,267.379638671875,282.466552734375,294.7715148925781,0.0011132438667118,0.0057709924876689,0.0048780664801597,-0.6750946044921875,-4.7783203125,-3.997802734375,-2.4745025634765625,-4.86871337890625,0.837890625
2018-03-20,6,1,302.42364501953125,284.3506164550781,-1.9607086181640625,0.546966552734375,0.0,91747.875,268.19049072265625,282.7035827636719,294.5212707519531,0.000962029909715,0.0046678222715854,0.0063123553991317,-0.723114013671875,-6.7788848876953125,-3.19122314453125,-3.648468017578125,-3.82757568359375,0.612884521484375
2018-03-20,12,2,303.96807861328125,288.14776611328125,-1.3270263671875,-0.5684661865234375,0.0,91414.71875,268.497802734375,282.099365234375,297.27117919921875,0.0010955447796732,0.0060507096350193,0.007248405367136,-1.306060791015625,-3.6034088134765625,-3.446319580078125,-3.32928466796875,-3.7347259521484375,-1.51092529296875
2018-03-20,18,3,296.6334228515625,286.31793212890625,-2.1986083984375,1.3862762451171875,0.0,91674.03125,268.206787109375,282.179443359375,295.5986022949219,0.0012115747667849,0.0058246739208698,0.0077121555805206,-2.30126953125,-3.2435760498046875,-1.8577880859375,-2.6385650634765625,-3.66241455078125,4.2457122802734375
2018-03-21,0,0,294.13446044921875,288.34259033203125,0.560455322265625,2.0240020751953125,0.0,91601.578125,267.5583801269531,281.4151611328125,292.65838623046875,0.0011051292531192,0.0056002214550971,0.0094650126993656,0.9420013427734376,-5.3609161376953125,0.9273834228515624,-0.30438232421875,-4.3849639892578125,5.464614868164063
2018-03-21,6,1,301.9422607421875,289.6577453613281,1.0570831298828125,1.070556640625,3.625,91745.84375,267.4447021484375,282.30047607421875,293.9171142578125,0.0010401501785963,0.0048947110772132,0.010695070028305,-1.04290771484375,-5.580780029296875,1.0982818603515625,0.252288818359375,-3.8257904052734375,1.3324432373046875
2018-03-21,12,2,304.9500732421875,289.0320129394531,-0.6277923583984375,-0.524444580078125,0.0,91363.84375,267.5965576171875,282.092041015625,297.33477783203125,0.0008709854446351,0.0074202083051204,0.0089040659368038,0.4079132080078125,-2.196517944335937,-1.4218597412109375,-0.5240325927734375,-1.9826812744140625,-1.2084503173828125
2018-03-21,18,3,298.7582397460937,287.72979736328125,-1.7275543212890625,1.1389312744140625,3.875,91576.171875,268.0267333984375,281.5546875,296.6802978515625,0.0005369379650801,0.0081043280661106,0.0088311806321144,-2.366729736328125,1.1919708251953125,-0.5782928466796875,0.0283660888671875,-2.4072418212890625,3.408843994140625
2018-03-22,0,0,296.0242919921875,292.1461181640625,1.349578857421875,-0.54486083984375,418.625,91454.328125,268.608642578125,281.0728454589844,293.781494140625,0.0002928017638623,0.0077178291976451,0.0107796005904674,3.997406005859375,-2.5579986572265625,2.1671600341796875,1.0454559326171875,-5.9125823974609375,-5.6022491455078125
2018-03-22,6,1,302.0375061035156,288.88299560546875,1.6702117919921875,-3.668777465820313,1.625,91557.515625,268.10546875,281.61920166015625,294.6292724609375,0.0003614660818129,0.0072936192154884,0.0100658163428306,3.30450439453125,-3.88861083984375,2.2060089111328125,1.50201416015625,-4.1802978515625,-5.965118408203125
2018-03-22,12,2,304.19482421875,289.84918212890625,-0.6630401611328125,-1.14764404296875,0.0,91190.40625,266.7582397460937,282.0966186523437,297.72314453125,0.0008481182157993,0.0075623206794261,0.0082496888935565,2.985107421875,-0.058746337890625,-1.334320068359375,-1.82952880859375,-5.756271362304688,-3.6773529052734375
2018-03-22,18,3,297.3839111328125,288.0321960449219,0.0358123779296875,1.8325347900390625,20.625,91443.734375,267.4920654296875,282.3632202148437,297.1328125,0.000649488531053,0.0064057521522045,0.0084326080977916,1.738433837890625,0.4879913330078125,1.6932220458984375,-2.706893920898437,-6.8966217041015625,1.5102081298828125
2018-03-23,0,0,296.0961303710937,290.8939208984375,1.87957763671875,-0.443359375,134.75,91394.265625,266.542236328125,281.22515869140625,294.4799194335937,0.0008741072379052,0.0069949477910995,0.0087958686053752,2.0800323486328125,-3.5272674560546875,3.3267822265625,-3.0615692138671875,-5.9576568603515625,-6.580902099609375
2018-03-23,6,1,303.1688232421875,288.4316101074219,1.090301513671875,-3.26824951171875,0.0,91498.171875,267.4422912597656,281.63189697265625,294.95770263671875,0.0008379109203815,0.0066172368824481,0.009753044694662,-0.0319976806640625,-3.4213104248046875,1.39892578125,0.4844818115234375,-3.6248931884765625,-4.9239501953125
2018-03-23,12,2,304.7197265625,289.41845703125,-0.58746337890625,-1.5345306396484375,0.0,91221.1875,267.2205505371094,282.480224609375,298.5257568359375,0.000714624300599,0.00752604752779,0.0076787918806076,-0.229248046875,-1.5710601806640625,-1.470184326171875,0.8565216064453125,-4.940582275390625,-4.454864501953125
2018-03-23,18,3,298.404052734375,289.07305908203125,-2.919540405273437,0.5209503173828125,95.0,91502.21875,267.7262878417969,282.572021484375,296.366943359375,0.0008621984161436,0.0059287063777446,0.0091772228479385,-0.62060546875,0.0910491943359375,-5.639663696289063,1.1734161376953125,-7.1022491455078125,1.9845123291015625
2018-03-24,0,0,297.62176513671875,292.2587890625,-0.946044921875,0.6461029052734375,415.0,91483.890625,267.4447021484375,281.5266418457031,293.918701171875,0.0008189205545932,0.0081830248236656,0.0110085122287273,-0.4792633056640625,-5.621002197265625,-2.965911865234375,2.6984100341796875,-4.007904052734375,3.78826904296875
2018-03-24,6,1,302.72998046875,290.03155517578125,-1.6288909912109375,0.729034423828125,0.0,91663.109375,267.1234741210937,282.44293212890625,294.8533935546875,0.0004393171984702,0.006658561527729,0.0108057744801044,-3.6318359375,-7.4871063232421875,-2.51318359375,-0.3054351806640625,-3.501434326171875,1.027130126953125
2018-03-24,12,2,304.2549133300781,290.2530517578125,-2.3033447265625,-0.538482666015625,0.0,91390.484375,267.3256225585937,283.2073974609375,297.04248046875,0.0003984544891864,0.0075275488197803,0.0100965350866317,-5.437591552734375,-4.294952392578125,-4.655517578125,0.744232177734375,-3.099838256835937,-0.8021087646484375
2018-03-24,18,3,298.8525085449219,288.30255126953125,-3.0019073486328125,1.1233978271484375,0.0,91666.703125,267.57818603515625,282.0543212890625,295.8992004394531,0.0003504490014165,0.0084247402846813,0.0093329027295112,-6.8542022705078125,-5.104171752929688,-6.4232025146484375,1.9811553955078125,-3.8457183837890634,2.18414306640625
2018-03-25,0,0,296.9049987792969,290.7733154296875,-2.1107177734375,1.2157745361328125,1.0,91604.953125,268.1416015625,281.8056640625,295.1522216796875,0.0003088421653956,0.0066778473556041,0.0081620868295431,-5.493820190429688,-6.270675659179688,-8.220626831054688,1.633575439453125,-6.555145263671875,3.0229034423828125
2018-03-25,6,1,303.68914794921875,287.32666015625,-3.78228759765625,1.240447998046875,0.0,91736.578125,268.556884765625,282.1151428222656,296.0614013671875,0.0002399503573542,0.0052660442888736,0.0082097649574279,-7.518310546875,-10.4105224609375,-6.01910400390625,2.339599609375,-5.85455322265625,1.527862548828125
2018-03-25,12,2,304.3000793457031,287.0816650390625,-3.3086700439453125,0.3250732421875,0.0,91528.21875,268.48663330078125,282.21441650390625,297.2713623046875,0.0001938492641784,0.0057464949786663,0.007862564176321,-6.009063720703125,-6.8394775390625,-6.30401611328125,-0.2401123046875,-4.40850830078125,0.5658721923828125
2018-03-25,18,3,297.79815673828125,288.79638671875,-3.147796630859375,1.0781707763671875,0.0,91871.484375,267.9070129394531,282.341552734375,295.2847900390625,0.0002637056750245,0.0053580142557621,0.0074038878083229,-8.866012573242188,-6.446563720703125,-8.449722290039062,-0.4628448486328125,-5.590850830078125,1.280517578125
2018-03-26,0,0,294.986328125,290.6689453125,-1.8063201904296875,0.4630126953125,0.0,91696.3125,268.1068115234375,282.236328125,294.8330078125,0.0002996826078742,0.0042740711942315,0.006521176546812,-9.633392333984377,-7.0871429443359375,-8.110153198242188,0.60626220703125,-8.240615844726562,2.4849395751953125
2018-03-26,6,1,303.9506225585937,283.8572998046875,-3.606491088867188,-0.2435302734375,0.0,91855.140625,268.5436706542969,282.4969482421875,295.94793701171875,0.0003386924508959,0.0040250923484563,0.0067892298102378,-10.164260864257812,-10.477279663085938,-5.9474639892578125,1.41455078125,-7.5393218994140625,-0.6048431396484375
2018-03-26,12,2,304.08331298828125,285.41217041015625,-3.3812713623046875,-0.1740570068359375,0.0,91499.5625,268.0115966796875,283.31427001953125,297.43804931640625,0.0004625080619007,0.0054112486541271,0.0070463046431541,-8.428070068359375,-8.58984375,-6.332077026367188,-0.48114013671875,-3.419036865234375,-0.1746368408203125
2018-03-26,18,3,297.8419189453125,285.4418334960937,-2.7449493408203125,0.9176177978515624,0.0,91768.609375,267.26226806640625,282.97564697265625,296.33746337890625,0.0006797574460506,0.0063812099397182,0.0059058815240859,-9.607559204101562,-7.048828125,-6.2319183349609375,-1.1163330078125,-2.3189239501953125,-0.3739166259765625
2018-03-27,0,0,295.36285400390625,290.08349609375,-1.451141357421875,0.9637908935546876,0.0,91602.46875,267.7825927734375,282.18475341796875,295.1470947265625,0.0006861770525574,0.0060349367558956,0.0046362248249351,-8.393844604492188,-7.6782073974609375,-4.3487091064453125,-2.6748199462890625,-3.45068359375,1.12152099609375
2018-03-27,6,1,303.38153076171875,284.96453857421875,-1.26202392578125,1.7879486083984375,0.0,91750.15625,268.2665100097656,282.92401123046875,295.4757080078125,0.0007865112274885,0.0034654925111681,0.0067266337573528,-9.029953002929688,-9.078643798828123,-2.291610717773437,-1.398834228515625,-5.2176513671875,2.2357635498046875
2018-03-27,12,2,305.1552429199219,287.4618225097656,-1.4272003173828125,-0.5296783447265625,0.0,91386.265625,268.18719482421875,282.38262939453125,298.431640625,0.0007586011197417,0.0069862678647041,0.0071703791618347,-7.707199096679687,-2.749603271484375,-2.82171630859375,-0.6259307861328125,-3.2259674072265625,-1.27899169921875
2018-03-27,18,3,298.3159484863281,287.676025390625,-2.68902587890625,1.4250946044921875,0.0,91694.90625,267.6300964355469,282.6542358398437,296.0556640625,0.0008269613608717,0.0064139068126678,0.0091109946370124,-8.774887084960938,-0.5006866455078125,-4.59454345703125,-1.279876708984375,-7.28466796875,6.7816314697265625
2018-03-28,0,0,296.3609619140625,289.38739013671875,0.1630706787109375,1.790985107421875,94.25,91543.4375,267.9656982421875,282.4819641113281,293.1184997558594,0.0007332223467528,0.0042385086417198,0.0119864456355571,-8.906234741210938,-4.43994140625,1.440673828125,0.7015838623046875,-8.245285034179688,5.027389526367188
2018-03-28,6,1,303.2430725097656,290.8471374511719,0.78631591796875,0.625518798828125,14.875,91722.203125,268.08843994140625,282.98419189453125,295.0792236328125,0.0007013417780399,0.0051783882081508,0.0104405358433723,-7.483718872070312,-8.134628295898438,0.549774169921875,0.26068115234375,-7.748077392578125,0.6863250732421875
2018-03-28,12,2,305.28009033203125,290.4472045898437,-0.6686248779296875,-1.112701416015625,0.0,91308.25,267.83331298828125,282.6590576171875,298.5894470214844,0.0006206575781106,0.0087872594594955,0.0091683305799961,-6.35595703125,-4.135986328125,-1.81109619140625,-2.1690216064453125,-3.9021148681640634,-2.456893920898437
2018-03-28,18,3,299.1259765625,287.31011962890625,-2.3940887451171875,1.758636474609375,0.0,91564.140625,267.4689025878906,283.1107788085937,296.998046875,0.0007075578905642,0.0081933308392763,0.0094764195382595,-7.313751220703125,0.5569000244140625,-1.688140869140625,-3.3602752685546875,-6.7072601318359375,6.6785430908203125
2018-03-29,0,0,297.1976013183594,289.5321044921875,0.8460845947265625,1.626434326171875,564.75,91534.1875,267.4154357910156,282.09375,294.1378173828125,0.0006770850159227,0.0076545071788132,0.0121555849909782,-4.7545318603515625,-4.3487548828125,4.4523468017578125,-0.2783660888671875,-7.134292602539063,3.197906494140625
2018-03-29,6,1,302.2226867675781,293.0167541503906,1.171478271484375,-0.6944122314453125,848.75,91682.09375,267.44805908203125,284.0204467773437,294.6211853027344,0.0006539451424032,0.0048823952674865,0.0131398402154445,-3.67022705078125,-6.892593383789063,1.567657470703125,0.2537841796875,-3.9341888427734375,-1.037506103515625
2018-03-29,12,2,304.6526794433594,292.1262512207031,-0.8105010986328125,-0.8688812255859375,672.75,91292.234375,266.9923400878906,284.58843994140625,297.9604187011719,0.0006056656129658,0.0071635320782661,0.0116569027304649,-2.09503173828125,-3.5224151611328125,-1.393402099609375,0.2142486572265625,-4.64654541015625,-1.5483551025390625
2018-03-29,18,3,299.15106201171875,290.92742919921875,-1.412445068359375,0.632537841796875,418.25,91570.703125,267.36090087890625,283.085205078125,297.0499572753906,0.0008815131150186,0.0096504315733909,0.0110547617077827,-3.4816131591796875,-0.094573974609375,-3.5865936279296875,1.3606109619140625,-3.138046264648437,1.296600341796875
2018-03-30,0,0,297.50396728515625,292.24884033203125,1.2682342529296875,1.0543975830078125,1144.625,91489.34375,267.0153503417969,283.0785522460937,294.0365905761719,0.0008994732052087,0.0075732804834842,0.01328906416893,0.0464019775390625,-4.0460357666015625,2.507431030273437,-0.9970550537109376,-6.9442291259765625,3.737594604492188
2018-03-30,6,1,302.4562683105469,293.5038146972656,1.4290313720703125,0.62713623046875,1880.125,91564.265625,267.60400390625,284.0567626953125,295.2586364746094,0.0007294265087693,0.0051507465541362,0.013983204960823,0.913848876953125,-4.884033203125,2.051422119140625,-1.8119049072265625,-5.3322601318359375,0.791290283203125
2018-03-30,12,2,301.0496826171875,292.6106872558594,-0.6612548828125,-0.8131866455078125,1419.75,91244.015625,266.62158203125,284.2767333984375,296.5662536621094,0.0018565319478511,0.0078171715140342,0.0132138989865779,0.891204833984375,-0.383697509765625,-0.7921905517578125,-2.552642822265625,-4.3240814208984375,-2.217254638671875
2018-03-30,18,3,296.71533203125,293.2525939941406,0.468963623046875,0.960174560546875,956.0,91562.765625,267.12359619140625,283.334716796875,295.56982421875,0.0018491849768906,0.0078895613551139,0.0115632303059101,2.3654022216796875,-1.7871246337890625,-1.8356170654296875,-3.455657958984375,-5.2844085693359375,4.474655151367188
2018-03-31,0,0,295.31805419921875,293.18084716796875,1.395355224609375,0.916778564453125,766.625,91355.421875,267.0740051269531,283.2454833984375,294.7698974609375,0.0008863538969308,0.0065570101141929,0.0107087232172489,0.6709136962890625,-3.0976715087890625,2.1779327392578125,-4.99530029296875,-6.8960723876953125,5.868743896484375
2018-03-31,6,1,301.6531982421875,293.4643859863281,1.51727294921875,0.1229248046875,2375.25,91614.890625,267.19012451171875,282.5180053710937,294.1322021484375,0.0011342172510921,0.008624967187643,0.0145831890404224,2.650909423828125,-2.7353057861328125,2.3287811279296875,-5.82293701171875,-3.140487670898437,0.0107574462890625
2018-03-31,12,2,301.66961669921875,293.35076904296875,-0.5400238037109375,-0.3936767578125,1431.75,91228.875,266.91424560546875,283.695068359375,296.4053955078125,0.0017445918638259,0.0073170661926269,0.0120239853858947,4.103195190429688,-0.6703033447265625,1.5517578125,-5.465835571289063,-4.209320068359375,-3.850982666015625
2018-03-31,18,3,296.031005859375,293.5106201171875,1.3028564453125,0.4198760986328125,1277.75,91511.546875,267.1023864746094,283.19830322265625,295.5711669921875,0.0006354369688779,0.0069191120564937,0.0119913332164287,4.9904327392578125,-2.070068359375,-1.44122314453125,-3.81396484375,-7.8169403076171875,3.766921997070313
2018-04-01,0,0,295.34765625,292.9598693847656,0.6713714599609375,1.0016632080078125,1110.875,91357.796875,267.0253601074219,282.4962158203125,294.1502685546875,0.0003011792432516,0.0061397477984428,0.0109194628894329,2.147369384765625,-6.0006866455078125,0.3932342529296875,-4.1349029541015625,-6.7260284423828125,4.673858642578125
2018-04-01,6,1,302.4910888671875,292.1524658203125,-0.75921630859375,-0.165771484375,348.125,91548.921875,267.30963134765625,283.0783386230469,295.0126953125,0.0001996156934183,0.0046442784368991,0.0118469521403312,2.348297119140625,-5.6710357666015625,-1.147491455078125,-3.2312774658203125,-1.746673583984375,-0.478179931640625
2018-04-01,12,2,303.6010437011719,291.2463073730469,-1.9735870361328125,1.6208953857421875,68.875,91133.375,266.2287292480469,283.4781494140625,296.7562866210937,0.0002727124374359,0.0064268186688423,0.0105511471629142,1.5977783203125,-2.3332672119140625,-3.982818603515625,-5.973403930664063,-2.669158935546875,2.3516387939453125
2018-04-01,18,3,297.8900756835937,290.11944580078125,-1.4937286376953125,1.5924530029296875,72.25,91510.953125,266.9605712890625,282.55145263671875,295.3410949707031,0.0012075395788997,0.0085295066237449,0.0105638206005096,0.127166748046875,-1.821929931640625,-1.135467529296875,-4.7655029296875,-4.0616607666015625,7.300445556640625
2018-04-02,0,0,296.837646484375,291.71630859375,-0.6228179931640625,1.7896575927734375,557.25,91459.40625,266.5297241210937,282.331787109375,292.7419128417969,0.0006037529092282,0.0066485442221164,0.0120881088078022,1.445220947265625,-4.906646728515625,1.935211181640625,-6.05206298828125,-3.142974853515625,6.0747833251953125
2018-04-02,6,1,302.13604736328125,292.60479736328125,0.324493408203125,0.7810821533203125,1015.375,91667.296875,266.89630126953125,282.5492553710937,294.46240234375,0.000193884174223,0.0048541612923145,0.0127434097230434,-1.2512664794921875,-4.2933197021484375,0.250732421875,-3.612213134765625,-3.0326385498046875,0.8450469970703125
2018-04-02,12,2,299.3779296875,290.97076416015625,-1.69793701171875,-1.57281494140625,1176.25,91382.25,266.04473876953125,282.5633544921875,294.89117431640625,0.0020670434460043,0.0081824250519275,0.0120057053864002,2.698028564453125,-1.4056243896484375,-4.576690673828125,-5.013397216796875,-3.1610870361328125,-0.166107177734375
2018-04-02,18,3,295.5209350585937,291.27362060546875,-1.4058837890625,0.3462982177734375,826.75,91589.765625,266.57794189453125,282.41455078125,294.7525634765625,0.0016844833735376,0.0078038498759269,0.0105290301144123,-2.0074920654296875,-0.235107421875,-4.17535400390625,-3.59039306640625,-4.8188323974609375,3.088592529296875
2018-04-03,0,0,293.82684326171875,291.93719482421875,0.804931640625,1.2196197509765625,1113.0,91473.578125,266.9208679199219,281.9850769042969,292.9764099121094,0.0003683955874294,0.006750151515007,0.0123788528144359,0.1460113525390625,-6.4459228515625,1.336212158203125,-4.243179321289063,-5.010223388671875,4.6259307861328125
2018-04-03,6,1,302.5194702148437,292.03387451171875,-0.5137481689453125,0.413604736328125,990.75,91596.25,268.13250732421875,282.40167236328125,294.5115966796875,0.0002314246812602,0.0045044347643852,0.0129359290003776,0.7672119140625,-5.2857513427734375,-1.055206298828125,-5.5567626953125,-6.012359619140625,0.2570037841796875
2018-04-03,12,2,302.96124267578125,289.02606201171875,-1.896484375,-0.097808837890625,0.375,91236.78125,267.6451416015625,283.23834228515625,296.84881591796875,0.0001799489546101,0.005859974771738,0.0092002302408218,0.8281097412109375,-3.0735321044921875,-4.410690307617188,-6.76397705078125,-6.33197021484375,-1.493499755859375
2018-04-03,18,3,297.00946044921875,289.650634765625,-2.2407379150390625,1.2828826904296875,103.0,91499.046875,267.31573486328125,281.8515319824219,295.4378967285156,0.0002410779561614,0.0070838704705238,0.0103906355798244,-3.125839233398437,-2.059661865234375,-4.774459838867188,-9.142501831054688,-6.688873291015625,5.555099487304688
2018-04-04,0,0,295.4092712402344,291.623046875,-1.0181121826171875,1.2663421630859375,1094.5,91384.84375,268.358642578125,281.5033569335937,293.5540771484375,0.0004159873351454,0.0072108730673789,0.0125698931515216,0.3723907470703125,-4.63995361328125,-1.1031341552734375,-6.779815673828125,-10.506072998046877,3.8073577880859375
2018-04-04,6,1,302.071044921875,290.8168334960937,-1.79681396484375,-0.6890106201171875,260.875,91452.84375,268.045654296875,282.6828918457031,295.040283203125,0.0004376585129648,0.0048715975135564,0.0111960507929325,0.8884429931640625,-8.9703369140625,-2.931488037109375,-6.912399291992188,-9.801849365234377,-1.106658935546875
2018-04-04,12,2,304.8238830566406,288.3202819824219,-2.4543914794921875,-0.3208465576171875,0.0,91111.46875,268.01934814453125,282.2182006835937,298.1388854980469,0.0003560069017112,0.007348570972681,0.007850001566112,0.4868011474609375,-5.290496826171875,-6.0008544921875,-4.809616088867188,-4.727310180664063,-1.205352783203125
2018-04-04,18,3,298.2812194824219,287.24810791015625,-1.981170654296875,1.268035888671875,0.0,91334.046875,268.2540283203125,282.94903564453125,296.98974609375,0.0003880865406244,0.0051347566768527,0.0072029680013656,-0.423004150390625,-3.570648193359375,-4.498687744140625,-4.535308837890625,-4.757492065429688,1.345672607421875
2018-04-05,0,0,294.0099182128906,288.816650390625,-1.7492828369140625,1.4085540771484375,27.375,91292.390625,268.3804931640625,282.244873046875,295.29461669921875,0.0007556111086159,0.0042978515848517,0.0076626203954219,2.8938751220703125,-7.2156982421875,-3.5559234619140625,-4.1101837158203125,-6.261932373046875,3.414947509765625
2018-04-05,6,1,304.3916931152344,287.9875183105469,-2.00018310546875,1.888580322265625,0.0,91379.9375,268.160400390625,282.774169921875,295.46856689453125,0.0008172374218702,0.0056696981191635,0.0094768740236759,1.240814208984375,-8.124008178710938,-3.405670166015625,-3.7921142578125,-7.9949188232421875,2.449081420898437
2018-04-05,12,2,304.5604553222656,288.3131103515625,-1.78387451171875,0.5353851318359375,0.0,91088.859375,267.68896484375,282.0097961425781,297.7855834960937,0.0008032293990254,0.0077811554074287,0.0083138868212699,0.3408966064453125,-5.910614013671875,-4.201995849609375,-3.316513061523437,-2.40740966796875,0.9781646728515624
2018-04-05,18,3,298.13458251953125,287.2451477050781,-1.83837890625,1.1484375,0.0,91334.40625,267.108642578125,283.4832763671875,296.65997314453125,0.0009758882224559,0.0039812251925468,0.0079933498054742,-2.6473541259765625,-9.482894897460938,-2.263656616210937,-2.9292144775390625,-3.898727416992188,3.3057861328125
2018-04-06,0,0,294.864501953125,289.4163818359375,-0.5430145263671875,1.6036224365234375,165.375,91332.875,267.75445556640625,282.4094543457031,293.80401611328125,0.0006702314130961,0.0042556449770927,0.0102949887514114,-0.5305938720703125,-11.395980834960938,1.35064697265625,0.2326507568359375,-1.701019287109375,5.3285980224609375
2018-04-06,6,1,303.3056335449219,290.4783630371094,-1.813873291015625,0.5462799072265625,0.0,91446.109375,266.4312438964844,282.7930908203125,295.60113525390625,0.0008581089787185,0.0049371421337127,0.0095759965479373,-0.49969482421875,-8.92999267578125,-3.03546142578125,2.3625946044921875,-3.849700927734375,0.5135040283203125
2018-04-06,12,2,305.0695495605469,288.14764404296875,-2.215118408203125,0.6169586181640625,0.0,91168.5625,266.7051086425781,282.44635009765625,298.2449645996094,0.0009536233264952,0.007447525858879,0.0078733414411544,0.6555938720703125,-4.66900634765625,-4.9213409423828125,-1.459228515625,-0.9932098388671876,0.93927001953125
2018-04-06,18,3,298.97088623046875,286.5604248046875,-2.2720489501953125,1.480743408203125,0.0,91465.25,267.27978515625,283.19854736328125,297.1470031738281,0.0008561990689486,0.0057754702866077,0.0080319978296756,0.618560791015625,-6.222869873046875,-2.8343505859375,-0.28826904296875,-5.058120727539063,3.152816772460937
2018-04-07,0,0,295.7909240722656,288.6561889648437,-1.0069427490234375,-0.885101318359375,320.375,91454.28125,266.4354858398437,281.855712890625,293.3073425292969,0.0007860981859266,0.0055426582694053,0.0109572447836399,0.8967742919921875,-8.43719482421875,-1.048858642578125,-0.1562042236328125,-3.526824951171875,3.9611663818359375
2018-04-07,6,1,304.0004577636719,287.24188232421875,-2.334335327148437,-0.4524688720703125,9.0,91603.734375,266.5961303710937,282.1697692871094,295.8091125488281,0.001052078558132,0.0044736005365848,0.0085154548287391,1.831085205078125,-10.491424560546877,-3.4905548095703125,1.74114990234375,-2.1159820556640625,-0.8029022216796875
2018-04-07,12,2,305.2314758300781,286.814697265625,-3.42266845703125,0.3727874755859375,0.0,91213.953125,266.2146911621094,282.09002685546875,298.23248291015625,0.0010947233531624,0.0070766732096672,0.0071026943624019,4.1509857177734375,-6.0775909423828125,-7.15814208984375,1.4748077392578125,-1.06683349609375,0.4686279296875
2018-04-07,18,3,298.1684265136719,286.6663818359375,-2.534759521484375,1.3142852783203125,5.125,91503.625,266.1053466796875,283.11688232421875,296.5980834960937,0.0011889135930687,0.0045589096844196,0.006944190710783,6.239898681640625,-3.966552734375,-5.297286987304688,1.12567138671875,-3.635818481445313,1.3249664306640625
2018-04-08,0,0,294.86602783203125,292.2386474609375,-1.5187835693359375,0.94775390625,499.5,91441.609375,265.7191162109375,282.67559814453125,294.2996520996094,0.0004723672755062,0.0035000250209122,0.0074756629765033,7.1065521240234375,-6.4973907470703125,-3.9861907958984375,1.6173248291015625,-3.1240997314453125,1.3672943115234375
2018-04-08,6,1,303.2991027832031,286.791748046875,-3.0309295654296875,0.0283660888671875,0.0,91664.59375,265.2635498046875,282.4588623046875,294.5745849609375,0.0007149479351937,0.0028592480812221,0.0087607912719249,5.716812133789063,-8.324661254882812,-4.6824798583984375,2.2042999267578125,-2.2038116455078125,-0.086090087890625
2018-04-08,12,2,304.60205078125,285.0872497558594,-3.4688262939453125,-0.21954345703125,0.0,91296.171875,265.5046081542969,281.4837646484375,297.427734375,0.0013565740082412,0.0069820396602153,0.0071653686463832,6.277145385742188,-4.892669677734375,-6.093902587890625,3.4434814453125,-2.386993408203125,-0.8447418212890625
2018-04-08,18,3,297.2403869628906,289.00250244140625,-4.148681640625,1.5069732666015625,141.75,91647.140625,265.903564453125,282.74951171875,294.4583435058594,0.0006389638874679,0.0045163547620177,0.0088953003287315,9.118362426757812,-3.72625732421875,-7.7102203369140625,0.4123382568359375,-3.042083740234375,2.2689361572265625
2018-04-09,0,0,295.35760498046875,293.2543334960937,-1.64892578125,1.71954345703125,851.25,91511.828125,266.0170288085937,281.93975830078125,294.1644897460937,0.0007221796549856,0.0053904391825199,0.006384365260601,10.795730590820312,-3.5775604248046875,-5.940673828125,3.4429473876953125,-7.28302001953125,1.4383544921875
2018-04-09,6,1,303.35272216796875,287.3404846191406,-3.1034088134765625,0.5832366943359375,0.0,91715.5,265.8208923339844,281.9136962890625,293.9588623046875,0.0012524689082056,0.0050869882106781,0.0100144930183887,10.328155517578123,-6.360687255859375,-4.76251220703125,2.1626739501953125,-6.1307373046875,0.6572265625
2018-04-09,12,2,304.65234375,286.9759216308594,-3.35186767578125,-0.1539154052734375,0.0,91318.265625,265.5172424316406,281.81915283203125,296.15789794921875,0.0014638372231274,0.0073188617825508,0.0091459974646568,9.475479125976562,-4.2737884521484375,-5.8888092041015625,-2.016632080078125,-1.87628173828125,-0.1539459228515625
2018-04-09,18,3,298.1668395996094,287.9528503417969,-2.624008178710937,1.1600799560546875,0.0,91589.984375,266.5107116699219,282.33892822265625,294.1845703125,0.0003999010659754,0.005366526544094,0.0100454092025756,6.2506103515625,-1.8974609375,-4.1976318359375,-1.8318023681640625,-0.98431396484375,3.469482421875
2018-04-10,0,0,295.1942138671875,292.5448608398437,-1.5276947021484375,1.118560791015625,455.125,91462.28125,266.727783203125,282.19976806640625,293.3302001953125,0.0002747010439634,0.0049325893633067,0.0102746710181236,7.6060791015625,-2.640533447265625,-2.945663452148437,2.486557006835937,-4.461212158203125,1.756927490234375
2018-04-10,6,1,303.4539489746094,287.64813232421875,-2.4385986328125,0.859161376953125,0.0,91546.359375,267.0414428710937,282.22467041015625,294.9873962402344,0.0003862993326038,0.0052746534347534,0.0092371329665184,8.8636474609375,-4.9320068359375,-3.553955078125,1.851837158203125,-3.00994873046875,0.9419403076171876
2018-04-10,12,2,304.703369140625,286.51043701171875,-2.865081787109375,0.806427001953125,0.0,91180.78125,267.38043212890625,281.6695251464844,297.288330078125,0.0004401577170938,0.0081225894391536,0.0084269680082798,7.83184814453125,-3.2577667236328125,-5.0152130126953125,0.3736572265625,-0.32330322265625,1.2145843505859375
2018-04-10,18,3,298.1041564941406,291.6070556640625,-3.1235809326171875,2.634521484375,202.875,91535.703125,267.1351318359375,282.8355407714844,294.30126953125,0.0012871441431343,0.0058956332504749,0.0102261304855346,6.2730865478515625,-0.4609832763671875,-5.592987060546875,-0.244384765625,-3.534698486328125,5.2016143798828125
2018-04-11,0,0,296.1390380859375,293.808349609375,-1.0341339111328125,0.8066558837890625,793.125,91471.78125,266.5756225585937,281.42437744140625,292.69268798828125,0.0012380038388073,0.0070467591285705,0.0109259188175201,5.7774658203125,-2.999359130859375,-3.0446014404296875,0.9781036376953124,-4.133514404296875,3.7829437255859375
2018-04-11,6,1,303.45025634765625,288.0572814941406,-1.227264404296875,0.8792572021484375,2.75,91619.59375,267.1091003417969,282.2821044921875,294.50079345703125,0.0003064398188143,0.0052369944751262,0.0103703811764717,5.278717041015625,-4.323043823242188,-1.813018798828125,1.6577911376953125,-1.4467010498046875,0.9046783447265624
2018-04-11,12,2,305.46905517578125,285.6160888671875,-1.2720489501953125,-1.1785736083984375,0.0,91157.28125,267.3466186523437,282.0349426269531,298.0986328125,0.0007416494190692,0.0078475400805473,0.0079921223223209,6.494903564453125,-2.024276733398437,-2.1018829345703125,1.74395751953125,-2.269683837890625,-1.8563232421875
2018-04-11,18,3,298.541015625,291.6123962402344,-2.3369903564453125,1.6985321044921875,375.5,91478.8125,266.9173583984375,281.8280639648437,294.1733093261719,0.0013817958533763,0.0078525319695472,0.0116250365972518,4.969482421875,1.4926300048828125,-4.6287689208984375,1.239044189453125,-3.7303314208984375,6.5333251953125
2018-04-12,0,0,296.68212890625,293.2225646972656,-1.3693389892578125,1.1150360107421875,753.375,91417.5625,266.8365173339844,281.7193908691406,292.3214111328125,0.0004333355464041,0.0080250911414623,0.0138501152396202,5.8063812255859375,-3.6320953369140634,2.5913238525390625,-1.580596923828125,-4.562774658203125,4.587921142578125
2018-04-12,6,1,303.61871337890625,291.636962890625,-0.965972900390625,0.2799530029296875,577.5,91508.46875,267.2406616210937,283.15679931640625,294.80328369140625,0.0002710022963583,0.0062485374510288,0.0130502954125404,3.0441436767578125,-4.071945190429688,-1.361785888671875,-2.371734619140625,-4.3744964599609375,0.2663421630859375
2018-04-12,12,2,305.3005676269531,288.70556640625,-2.49176025390625,-1.0976409912109375,0.0,91102.8125,268.51031494140625,283.1033935546875,298.1856689453125,0.000554819824174,0.0087350234389305,0.0098490826785564,3.231292724609375,-3.749542236328125,-4.2694854736328125,-4.792984008789063,-2.649398803710937,-2.1515045166015625
2018-04-12,18,3,299.51922607421875,291.4662475585937,-2.6433563232421875,2.434906005859375,123.625,91495.703125,267.532470703125,282.38189697265625,294.92779541015625,0.0011737516615539,0.0085045248270034,0.0110221467912197,-2.165496826171875,-0.926513671875,-4.376434326171875,-5.127471923828125,-3.9889068603515625,7.398040771484375
2018-04-13,0,0,296.2112121582031,293.2411804199219,-1.15673828125,1.4438629150390625,586.75,91403.171875,268.24810791015625,282.9479064941406,292.98883056640625,0.0003548269160091,0.0064466819167137,0.0122856311500072,-0.02166748046875,-5.979751586914063,-1.849273681640625,-2.1942901611328125,-5.626876831054688,4.711029052734375
2018-04-13,6,1,304.0938720703125,290.72003173828125,-2.4640350341796875,0.8510589599609375,6.25,91582.328125,268.54693603515625,283.4371032714844,295.11505126953125,0.0003595871385186,0.0059362854808568,0.0114814601838588,-0.0367431640625,-7.430328369140625,-3.7563323974609375,-1.4615478515625,-3.034881591796875,0.8810882568359375
2018-04-13,12,2,306.0902099609375,287.13311767578125,-3.0460205078125,0.0342864990234375,0.0,91163.359375,269.342529296875,282.7994079589844,298.1715087890625,0.0002679517492651,0.0077745616436004,0.0093643125146627,-1.418212890625,-3.694183349609375,-4.797164916992188,-3.909866333007813,-2.694244384765625,-0.2874908447265625
2018-04-13,18,3,298.9950561523437,293.3843688964844,-3.076278686523437,2.96478271484375,410.75,91564.140625,268.60748291015625,283.177978515625,295.16064453125,0.0005248042289167,0.0070679523050785,0.0117594897747039,-6.510787963867188,-0.9339752197265624,-4.32415771484375,-2.369537353515625,-5.4295806884765625,5.3744659423828125
2018-04-14,0,0,297.63800048828125,293.8311767578125,-0.3969879150390625,1.438507080078125,919.875,91438.03125,268.7119140625,282.48980712890625,291.732666015625,0.0005675306310877,0.006270594894886,0.0150686874985694,-3.444183349609375,-6.763946533203125,0.38946533203125,-0.142364501953125,-2.770843505859375,4.3034515380859375
2018-04-14,6,1,303.976318359375,290.4620056152344,-1.680084228515625,-0.41241455078125,26.375,91548.671875,269.7215881347656,284.0381774902344,295.316650390625,0.0002479148097336,0.0047035571187734,0.0121843218803405,-3.6007232666015625,-7.751541137695312,-2.558807373046875,-0.5677947998046875,-0.9125823974609376,-0.78533935546875
2018-04-14,12,2,307.338623046875,288.0599060058594,-2.28851318359375,-0.787506103515625,0.0,91062.859375,269.6584167480469,283.0902709960937,299.2668151855469,0.0011253936681896,0.0089789256453514,0.0090171918272972,-2.996002197265625,-3.754669189453125,-3.7384033203125,-3.9750823974609375,-0.4084014892578125,-0.98858642578125
2018-04-14,18,3,299.7586975097656,293.42852783203125,-2.64361572265625,3.3052978515625,605.375,91515.015625,267.7811584472656,284.1136779785156,294.3154296875,0.0009688488207757,0.0062017664313316,0.0136527754366397,-4.49517822265625,-0.5547637939453125,-5.3524932861328125,-5.543121337890625,-2.5474853515625,8.469436645507812
2018-04-15,0,0,298.4467468261719,293.65557861328125,-0.2011871337890625,2.1988525390625,846.25,91416.203125,268.78289794921875,283.4162902832031,291.7049560546875,0.0009540629107505,0.0070266835391521,0.0152173712849617,-1.611541748046875,-4.988861083984375,0.7733001708984375,-5.7067718505859375,-5.06640625,6.71759033203125
2018-04-15,6,1,303.5228576660156,290.6098022460937,-1.8240203857421875,0.6288909912109375,301.375,91594.640625,268.0263671875,284.3012390136719,294.9473876953125,0.00109115219675,0.0041825948283076,0.0129769966006279,-4.089035034179688,-6.493011474609375,-2.7766265869140625,-2.296051025390625,-1.423980712890625,0.69061279296875
2018-04-15,12,2,305.309326171875,289.1597595214844,-2.58953857421875,1.9176177978515625,0.0,91161.828125,268.8018798828125,283.2452392578125,298.06396484375,0.0010936981998383,0.0081612318754196,0.0104390829801559,-5.3849029541015625,-3.07244873046875,-3.98956298828125,-3.3981170654296875,-2.0679168701171875,2.388763427734375
2018-04-15,18,3,299.756591796875,293.0160522460937,-1.362457275390625,2.399032592773437,148.125,91600.78125,267.7465209960937,283.3042907714844,294.30010986328125,0.00122019671835,0.0088646858930587,0.0129290111362934,-8.98797607421875,-0.300933837890625,-2.8006134033203125,-1.1851348876953125,-6.84405517578125,7.79443359375
2018-04-16,0,0,298.0295715332031,291.6622314453125,-0.9905853271484376,0.1313018798828125,307.25,91460.296875,267.7020874023437,283.7188720703125,292.3065795898437,0.0015220446512103,0.0069469474256038,0.0141331478953361,-6.2198486328125,-8.380172729492188,1.7709503173828125,-2.345245361328125,-2.1469268798828125,1.41265869140625
2018-04-16,6,1,303.732421875,292.4864501953125,-1.093231201171875,-0.2304840087890625,519.5,91633.609375,268.23583984375,283.9444885253906,295.3204650878906,0.0018073003739118,0.0065048448741436,0.0134375020861625,-8.194808959960938,-6.328292846679688,-1.6444091796875,-3.46380615234375,-1.4454498291015625,-0.4542694091796875
2018-04-16,12,2,306.3457946777344,291.3472900390625,-2.8827056884765625,-0.563140869140625,179.75,91266.21875,268.4848022460937,284.302734375,297.4858093261719,0.0019668852910399,0.0086503736674785,0.0119524449110031,-8.282028198242188,-5.059005737304688,-4.86639404296875,-3.91705322265625,-1.9374847412109373,-1.1839599609375
2018-04-16,18,3,298.429443359375,294.8240661621094,-1.834716796875,2.02276611328125,491.75,91645.6875,268.392578125,284.26202392578125,294.82000732421875,0.0012453480158001,0.0074069090187549,0.0133826695382595,-10.499038696289062,-8.474090576171875,-3.7706298828125,-6.5225982666015625,-3.707122802734375,6.154800415039063
2018-04-17,0,0,297.5684509277344,294.29931640625,-1.2866058349609375,1.3446197509765625,1110.25,91540.953125,268.5084228515625,284.517333984375,293.4511413574219,0.0010253963991999,0.0043115681037306,0.0139501616358757,-11.543136596679688,-10.140243530273438,-2.9801025390625,-4.911590576171875,-4.55340576171875,4.51776123046875
2018-04-17,6,1,304.5823059082031,291.15740966796875,-1.8473052978515625,0.92462158203125,60.375,91765.03125,269.0515441894531,284.0320129394531,295.57635498046875,0.0010312288068234,0.0047479048371315,0.0115434303879737,-14.257171630859377,-9.968963623046877,-2.805511474609375,-4.136383056640625,-3.2138214111328125,0.853851318359375
2018-04-17,12,2,306.9495849609375,287.4832458496094,-3.0970916748046875,0.0847015380859375,0.0,91315.28125,269.358154296875,283.17242431640625,299.2646484375,0.00087078101933,0.0087544284760952,0.0089111700654029,-12.955215454101562,-4.941375732421875,-5.152557373046875,-3.9263763427734375,-3.4586181640625,-0.5616912841796875
2018-04-17,18,3,300.3627014160156,288.3489990234375,-1.8657684326171875,1.23944091796875,0.0,91637.703125,268.58807373046875,284.62908935546875,296.64825439453125,0.0007725327741354,0.0056396052241325,0.0104227066040039,-11.850234985351562,-7.1487884521484375,-3.504135131835937,-6.773483276367188,-4.697555541992188,4.5891876220703125
2018-04-18,0,0,297.78082275390625,290.81793212890625,1.4155120849609375,-0.087158203125,3.0,91587.765625,268.865966796875,282.7989501953125,293.69757080078125,0.0006579258479177,0.0069461055099964,0.0121550932526588,-10.72015380859375,-8.158004760742188,4.3380889892578125,0.7575225830078125,-6.4040374755859375,2.082794189453125
2018-04-18,6,1,305.35186767578125,290.3656005859375,-1.5372314453125,-0.8395843505859375,30.75,91693.640625,268.42608642578125,284.8560791015625,296.8297119140625,0.000697751995176,0.0046579241752624,0.0109711177647113,-7.670623779296875,-10.14642333984375,-2.5084228515625,-2.95654296875,-3.21759033203125,-1.535980224609375
2018-04-18,12,2,307.6622619628906,287.5533447265625,-2.2757568359375,-0.701171875,1.25,91214.296875,268.0682373046875,284.693115234375,299.4827575683594,0.0010430293623358,0.0083786696195602,0.0093867741525173,-7.8406219482421875,-3.6978912353515625,-3.7719573974609375,-6.611236572265625,-3.5846710205078125,-2.17608642578125
2018-04-18,18,3,300.429443359375,288.1587219238281,-2.600936889648437,2.092132568359375,0.0,91529.953125,267.1903686523437,283.602294921875,297.569091796875,0.0014573468361049,0.0086360834538936,0.0102521404623985,-9.908981323242188,-1.3833770751953125,-3.63916015625,-7.186370849609375,-3.67095947265625,7.240142822265625
2018-04-19,0,0,298.5867004394531,290.71783447265625,0.1398773193359375,2.2878875732421875,1159.375,91416.734375,267.7138061523437,283.8837890625,294.0887451171875,0.0013404579367488,0.007387701421976,0.0143916271626949,-2.789947509765625,-7.5588531494140625,2.3587188720703125,-5.522964477539063,-5.4536895751953125,5.306671142578125
2018-04-19,6,1,303.82977294921875,292.4447021484375,-0.3294830322265625,0.908355712890625,1056.375,91502.734375,267.39605712890625,284.5778503417969,296.6957092285156,0.0017938516102731,0.0070848762989044,0.0138346031308174,-2.991912841796875,-7.559677124023437,-0.7608795166015625,-6.863052368164063,-4.771331787109375,0.95050048828125
2018-04-19,12,2,304.6447448730469,291.03131103515625,-1.6805877685546875,0.4290008544921875,405.375,91121.3125,268.0041198730469,284.66241455078125,298.9911499023437,0.0015230316203087,0.0090234093368053,0.0124570541083812,-2.6832733154296875,-5.603424072265625,-2.9527130126953125,-5.890670776367188,-3.951019287109375,0.5555572509765625
2018-04-19,18,3,297.8853759765625,294.11871337890625,1.988739013671875,-0.8096466064453125,852.125,91465.046875,267.9783935546875,283.5522766113281,295.890869140625,0.0026629932690411,0.010054312646389,0.0123942717909812,-3.9106292724609375,-6.887420654296875,0.889801025390625,-6.732467651367188,-1.8303680419921875,2.122314453125
2018-04-20,0,0,297.11041259765625,292.86578369140625,1.2744140625,-1.1321868896484375,534.0,91345.046875,267.5386962890625,283.1666259765625,294.9422607421875,0.0020208202768117,0.0078294686973094,0.0129618570208549,-5.7469635009765625,-8.830902099609375,3.790451049804688,-2.6654052734375,-2.1708526611328125,-2.1646270751953125
2018-04-20,6,1,303.188232421875,293.5019226074219,0.700897216796875,-0.5029296875,713.625,91521.390625,268.0972900390625,283.66265869140625,296.3456420898437,0.0020511876791715,0.0067051090300083,0.0131982080638408,-4.672607421875,-6.420135498046875,0.230926513671875,-3.2171783447265625,-4.31695556640625,-0.729888916015625
2018-04-20,12,2,300.5961303710937,291.66845703125,1.185882568359375,-0.393829345703125,1082.125,91258.90625,267.72271728515625,284.26031494140625,296.5268249511719,0.0030735007021576,0.0085458010435104,0.0127020962536335,-4.7162933349609375,-3.5472412109375,-0.6995849609375,-2.7816925048828125,-4.2203216552734375,-1.4742431640625
2018-04-20,18,3,297.6999206542969,291.4217224121094,-0.4115753173828125,-1.5915985107421875,974.25,91549.125,267.3226013183594,283.46551513671875,295.53466796875,0.0040029799565672,0.0096401497721672,0.012447066605091,-4.2309417724609375,-4.0244903564453125,-3.655563354492188,-4.2608795166015625,-6.131011962890625,-1.2489776611328125
2018-04-21,0,0,297.09356689453125,292.8661193847656,1.1964263916015625,-0.9580535888671876,626.75,91389.59375,267.31939697265625,283.35992431640625,295.6100769042969,0.0034769198391586,0.0081286542117595,0.0110126845538616,-0.4486083984375,-6.4530181884765625,-0.958160400390625,-5.5810089111328125,-7.997528076171875,1.268310546875
2018-04-21,6,1,304.23297119140625,291.10357666015625,-0.3564453125,-1.478057861328125,460.25,91531.125,266.77423095703125,283.5057373046875,296.6607666015625,0.0016190102323889,0.0083001814782619,0.0127056688070297,-4.2655181884765625,-8.728073120117188,-0.7651824951171875,-8.804214477539062,-3.8361663818359375,-2.133941650390625
2018-04-21,12,2,306.3339233398437,290.60089111328125,-1.0695343017578125,-0.79351806640625,94.0,91097.65625,267.58984375,283.84161376953125,299.96728515625,0.0024121354799717,0.0103983404114842,0.0106205344200134,-4.3498382568359375,-3.968093872070313,-2.2879180908203125,-4.00341796875,-4.4732818603515625,-2.0409088134765625
2018-04-21,18,3,299.6059265136719,291.1816101074219,-1.606781005859375,2.331297874450684,237.25,91417.59375,266.791259765625,284.445556640625,297.00799560546875,0.0028530352283269,0.0079360082745552,0.0117917135357856,-5.772506713867188,-3.1512908935546875,-4.843597412109375,-4.9110107421875,-9.026657104492188,7.24835205078125
2018-04-22,0,0,298.55743408203125,292.266845703125,0.540618896484375,0.8547515869140625,400.5,91367.5,267.25958251953125,283.92950439453125,293.580810546875,0.0016951179131865,0.0073531754314899,0.01347341760993,-3.6173095703125,-6.229461669921875,2.318084716796875,-3.873123168945313,-7.8049468994140625,4.6551513671875
2018-04-22,6,1,303.6470947265625,293.00933837890625,1.108489990234375,0.67388916015625,1048.375,91513.515625,268.52001953125,283.85064697265625,295.8386535644531,0.0016128453426063,0.0068900808691978,0.0139405615627765,-4.5480804443359375,-7.6728057861328125,1.2234649658203125,-1.9031219482421875,-5.19500732421875,0.6904144287109375
2018-04-22,12,2,302.3602905273437,291.75250244140625,0.4600067138671875,1.895172119140625,902.125,91216.375,267.44708251953125,284.8392333984375,297.113037109375,0.0021854832302778,0.0082738883793354,0.0132693350315094,-3.824432373046875,-4.335861206054688,-0.8522186279296875,-3.743606567382813,-2.008529663085937,1.331268310546875
2018-04-22,18,3,297.4119873046875,293.5307312011719,1.8310089111328125,-1.9154510498046875,1061.875,91591.171875,267.2088623046875,283.2255554199219,295.5660400390625,0.0038645206950604,0.008507527410984,0.0109954141080379,-3.3934326171875,-5.26898193359375,-1.0888519287109375,-4.0535888671875,0.22137451171875,-0.85662841796875
2018-04-23,0,0,296.7064819335937,293.20269775390625,1.3645477294921875,-0.370635986328125,926.0,91487.296875,266.652587890625,283.22772216796875,294.6783447265625,0.0038610149640589,0.0061521306633949,0.0111675299704074,-1.0806427001953125,-7.1408233642578125,0.5355224609375,-3.7207183837890634,-2.0760650634765625,-3.2836456298828125
2018-04-23,6,1,303.42755126953125,291.70721435546875,0.10211181640625,-1.201995849609375,298.875,91524.90625,268.29461669921875,283.986083984375,296.1925048828125,0.0026059909723699,0.0047192201018333,0.0124429240822792,-0.4586181640625,-4.218673706054688,-0.2194671630859375,0.8791961669921875,-2.400848388671875,-1.5410614013671875
2018-04-23,12,2,304.8738098144531,290.468994140625,-1.271026611328125,-1.13726806640625,36.75,91228.3125,267.1827087402344,283.7367553710937,298.5250244140625,0.003970752004534,0.0084670186042785,0.0100404769182205,-0.3503265380859375,-3.947265625,-2.6219635009765625,-1.6912994384765625,-1.284271240234375,-2.0973358154296875
2018-04-23,18,3,299.4260559082031,291.28448486328125,-1.3699798583984375,0.1712188720703125,58.25,91488.921875,266.172607421875,283.0810546875,297.72528076171875,0.0041306847706437,0.0086196102201938,0.0098771937191486,0.1446990966796875,-3.39849853515625,-4.372848510742188,-6.07757568359375,-0.7783660888671875,1.7611846923828125
2018-04-24,0,0,298.13134765625,289.7106018066406,0.40435791015625,1.6325836181640625,295.875,91415.96875,267.1005859375,283.48638916015625,295.1103210449219,0.0018206110689789,0.0075636878609657,0.0114348828792572,1.8152008056640625,-6.46240234375,2.90350341796875,-5.9017333984375,-4.50604248046875,5.137939453125
2018-04-24,6,1,304.3334655761719,293.2161865234375,1.2646331787109375,-0.6704559326171875,607.375,91568.59375,267.4188842773437,283.7652893066406,296.3514404296875,0.0009004725143313,0.007216140627861,0.0129710063338279,0.8503265380859375,-5.6192474365234375,1.325836181640625,-1.644195556640625,-5.847671508789063,-1.138763427734375
2018-04-24,12,2,301.89129638671875,292.951416015625,-0.4207611083984375,-0.31671142578125,1381.5,91357.796875,268.39874267578125,283.31280517578125,294.873779296875,0.0033347296994179,0.0106244385242462,0.0143283531069755,1.903167724609375,-1.020843505859375,-1.6869354248046875,-5.260421752929688,-5.1180267333984375,-0.8599700927734375
2018-04-24,18,3,297.3692932128906,292.8506774902344,-1.2001800537109375,2.0054168701171875,769.625,91554.5625,267.2344055175781,283.6671142578125,295.4413452148437,0.003181024454534,0.0078308172523975,0.0108594745397567,0.4976654052734375,-2.4701385498046875,-5.803192138671875,-2.9362945556640625,-9.329132080078123,5.0253753662109375
2018-04-25,0,0,296.1201171875,292.8231201171875,1.1688079833984375,-0.37127685546875,523.125,91382.78125,268.5692138671875,283.5008544921875,294.92657470703125,0.0011382868979126,0.0075412765145301,0.0112029053270816,5.0622406005859375,-6.041793823242188,0.3223114013671875,-2.45318603515625,-6.3324127197265625,5.031158447265625
2018-04-25,6,1,304.02215576171875,292.2554016113281,1.4587249755859375,0.8477783203125,275.5,91500.453125,269.315185546875,283.9515075683594,295.82061767578125,0.0002374700561631,0.0053012445569038,0.0126221254467964,-1.9085845947265625,-6.287078857421875,1.895965576171875,-5.731842041015625,-5.72607421875,0.79937744140625
2018-04-25,12,2,303.8421325683594,290.2284240722656,-0.360321044921875,-0.176239013671875,68.375,91138.03125,268.22039794921875,283.5789489746094,298.3157653808594,0.0020779927726835,0.0087914019823074,0.0111766904592514,-3.7258453369140634,-2.0346221923828125,-0.163482666015625,-4.8913116455078125,-4.357879638671875,-0.7781829833984375
2018-04-25,18,3,298.7094116210937,291.962646484375,2.070892333984375,1.607330322265625,274.0,91407.234375,269.032958984375,283.129638671875,296.8050537109375,0.0004611907061189,0.008718267083168,0.0105858035385608,-7.144256591796875,-2.43719482421875,-0.699127197265625,-6.5648040771484375,-7.146484375,4.624801635742188
2018-04-26,0,0,297.69219970703125,293.97528076171875,0.871795654296875,-0.6498260498046875,1610.75,91336.65625,267.5316162109375,282.548095703125,294.167724609375,0.0013404542114585,0.0085361152887344,0.0128894820809364,-3.4901275634765625,-4.394805908203125,2.09954833984375,-8.549758911132812,-5.012939453125,0.6908416748046875
2018-04-26,6,1,304.1469421386719,291.7393493652344,2.180572509765625,-1.0401153564453125,264.625,91429.6875,268.4884033203125,283.6363525390625,296.0516967773437,0.0004593750927597,0.0068161115050315,0.0125690437853336,-5.923004150390625,-4.4691925048828125,3.0934295654296875,-8.678512573242188,-5.00750732421875,-1.6237335205078125
2018-04-26,12,2,304.6952514648437,290.43084716796875,-1.154754638671875,-0.374847412109375,10.5,91068.453125,268.7279968261719,283.7963256835937,298.0580139160156,0.0014463777188211,0.0090877749025821,0.0109789222478866,-5.22705078125,-0.600799560546875,-1.23974609375,-7.727142333984375,-6.111495971679688,-1.8409576416015625
2018-04-26,18,3,298.4617919921875,289.61865234375,-0.698883056640625,2.503021240234375,194.25,91390.28125,267.82427978515625,283.5441589355469,295.6823425292969,0.0010661480482667,0.0084764286875724,0.0119138434529304,-5.933029174804688,-0.08203125,-6.515151977539063,-9.645599365234377,-6.5979766845703125,6.416671752929688
2018-04-27,0,0,298.046630859375,291.902099609375,0.0181121826171875,1.1060028076171875,275.5,91397.890625,269.58203125,283.52752685546875,293.03125,0.0006777797825634,0.0071249455213546,0.0132258087396621,-3.38970947265625,-5.968170166015625,0.6729278564453125,-8.292755126953125,-6.07904052734375,6.0701904296875
2018-04-27,6,1,304.7094116210937,290.5622253417969,-1.224578857421875,-0.2381591796875,16.0,91514.875,269.3204345703125,284.16192626953125,296.3788146972656,0.0002078274264931,0.0059635452926158,0.0111390613019466,-3.773147583007813,-7.2005462646484375,-2.2047882080078125,-4.7270355224609375,-8.160415649414062,-0.5502166748046875
2018-04-27,12,2,306.76861572265625,289.3914489746094,-2.489364624023437,-0.0626678466796875,1.0,91187.28125,269.17779541015625,283.9442749023437,300.11572265625,0.0001885386882349,0.0076811425387859,0.0079978667199611,-5.7387542724609375,-6.379150390625,-5.81683349609375,-7.0306549072265625,-3.805389404296875,-1.2191314697265625
2018-04-27,18,3,299.8470153808594,288.38818359375,-3.2589263916015625,2.0116729736328125,75.125,91524.640625,269.0447998046875,283.7470703125,296.787109375,0.0003839072305709,0.0057273283600807,0.0096390508115291,-6.84405517578125,-4.519317626953125,-6.486236572265625,-9.633773803710938,-5.676055908203125,4.460174560546875
2018-04-28,0,0,297.18316650390625,294.5799255371094,-1.4920806884765625,1.8737335205078125,788.375,91452.125,269.5205078125,283.57781982421875,293.4045715332031,0.0002521758433431,0.0031206030398607,0.0119894072413444,-6.4557952880859375,-7.333328247070312,-3.4373931884765625,-3.7119140625,-7.900955200195312,5.469390869140625
2018-04-28,6,1,303.5181884765625,289.7300720214844,-1.014617919921875,2.447113037109375,39.625,91618.765625,269.6463623046875,283.8193664550781,295.0050964355469,0.0002273728023283,0.0026500523090362,0.0117023028433322,-5.196212768554688,-11.03936767578125,-1.946380615234375,-2.940093994140625,-6.332794189453125,3.2089080810546875
2018-04-28,12,2,305.79742431640625,287.7300720214844,-1.6298675537109375,0.6148834228515625,0.0,91290.515625,269.3060913085937,283.2539367675781,299.1767578125,0.000359809724614,0.0074739195406436,0.0079970359802246,-4.6849517822265625,-5.604019165039063,-3.209014892578125,-5.555145263671875,-2.6292724609375,0.634124755859375
2018-04-28,18,3,298.9736022949219,287.5845947265625,-1.754608154296875,1.5661468505859375,0.0,91528.796875,269.10009765625,284.6410217285156,297.4931640625,0.0003824641462415,0.0047554224729537,0.0089953020215034,-5.320816040039063,-9.576705932617188,-2.2787628173828125,-5.332794189453125,-4.764617919921875,5.707778930664063
2018-04-29,0,0,297.3809814453125,290.0201721191406,1.6320037841796875,0.0334014892578125,62.875,91495.0625,269.9111633300781,284.1729736328125,293.3529052734375,0.0002334432792849,0.0049719661474227,0.0126934386789798,0.580718994140625,-8.820770263671875,3.618576049804688,-2.643539428710937,-4.600006103515625,4.260269165039063
2018-04-29,6,1,304.197265625,290.5059814453125,0.803741455078125,0.593017578125,100.375,91554.765625,269.3507080078125,284.2567138671875,296.3612976074219,0.0002552836667746,0.0053869634866714,0.0118233524262905,-0.9418487548828124,-7.8708343505859375,0.8796234130859375,-3.9959869384765625,-2.387191772460937,0.384063720703125
2018-04-29,12,2,305.942626953125,289.87939453125,-0.1480865478515625,0.049713134765625,0.0,91147.21875,268.0391540527344,283.6019897460937,298.87384033203125,0.0018850837368518,0.0088355354964733,0.009817074984312,-0.9400177001953124,-4.817657470703125,-0.6569671630859375,-5.4956817626953125,-5.1854095458984375,-0.73779296875
2018-04-29,18,3,299.665283203125,290.0588073730469,1.5967864990234375,0.795684814453125,33.75,91380.703125,268.305908203125,283.29248046875,298.3188171386719,0.0014405583497136,0.0088849738240242,0.0099974386394023,-4.5848541259765625,-2.7638702392578125,2.25091552734375,-7.7264404296875,-3.49676513671875,2.3183135986328125
2018-04-30,0,0,298.03985595703125,294.39031982421875,1.650177001953125,1.155609130859375,1727.5,91266.890625,268.99493408203125,285.304443359375,296.3751525878906,0.0009786074515432,0.0067291669547557,0.0116761848330497,-3.2406463623046875,-6.5040283203125,5.3656768798828125,-5.3415069580078125,-4.371383666992188,-0.206207275390625
2018-04-30,6,1,304.8046264648437,292.5062866210937,2.695541381835937,-1.46978759765625,1032.25,91444.21875,268.623046875,284.874267578125,296.65789794921875,0.0012139517348259,0.0074350908398628,0.0136140063405036,-2.1577911376953125,-5.1023712158203125,3.794876098632813,-3.412872314453125,-2.57568359375,-2.730438232421875
2018-04-30,12,2,301.2427062988281,293.572998046875,-1.522216796875,-0.9093475341796876,1098.25,91219.390625,267.9660339355469,284.626220703125,296.059326171875,0.0032140845432877,0.0101394988596439,0.0128139741718769,-0.66119384765625,0.9192657470703124,-2.9591827392578125,-5.523834228515625,-3.8919830322265625,-3.411956787109375
2018-04-30,18,3,297.560546875,293.934814453125,0.8608245849609375,1.4474945068359375,386.375,91394.75,267.93182373046875,284.1138610839844,296.362060546875,0.0029428978450596,0.0087898448109626,0.0116152539849281,-6.2223968505859375,-1.4817962646484375,0.4290313720703125,-7.1525421142578125,-8.06390380859375,3.03759765625
2018-05-01,0,0,296.7620849609375,294.6761169433594,2.8707733154296875,-0.2742767333984375,1868.375,91362.046875,268.57080078125,284.76025390625,293.8811950683594,0.0005618252325803,0.008106529712677,0.0134401991963386,-5.137374877929688,-6.391845703125,5.09918212890625,-5.575286865234375,-5.2081298828125,2.838623046875
2018-05-01,6,1,303.54071044921875,291.90887451171875,2.06121826171875,-0.8417816162109375,552.0,91451.484375,269.95526123046875,285.1326904296875,297.2942810058594,0.0002684220671653,0.0076659396290779,0.0128923468291759,-5.9203948974609375,-6.93182373046875,2.7805938720703125,-7.1800384521484375,-2.70013427734375,-1.7852630615234375
2018-05-01,12,2,305.3295593261719,292.1537780761719,0.9716644287109376,0.2575836181640625,160.0,91168.90625,268.34649658203125,284.86529541015625,298.9188232421875,0.0020083913113921,0.0093193054199218,0.011712621897459,-4.718475341796875,-0.37664794921875,1.4903411865234375,-8.061752319335938,-6.81878662109375,-1.18157958984375
2018-05-01,18,3,298.8145446777344,293.1593322753906,2.088607788085937,2.566619873046875,1366.25,91449.3125,269.27813720703125,284.63629150390625,296.658447265625,0.0014614374376833,0.0084297284483909,0.0127265900373458,-7.5525054931640625,-0.6612396240234375,4.571807861328125,-6.719390869140625,-7.294509887695312,4.9146575927734375
2018-05-02,0,0,297.8823547363281,294.5109558105469,1.7520599365234375,1.6182708740234375,1473.625,91406.984375,267.80841064453125,284.0995788574219,292.6752319335937,0.0020286382641643,0.0087397247552871,0.0154143422842025,-6.07037353515625,-2.88641357421875,4.12164306640625,-4.657562255859375,-5.949386596679688,3.0239715576171875
2018-05-02,6,1,304.2050476074219,293.0790405273437,3.104721069335937,-0.083099365234375,1346.875,91452.859375,269.2198791503906,285.1548156738281,296.100341796875,0.0008581141009926,0.0067600980401039,0.0146231539547443,-5.88299560546875,-7.0579681396484375,4.43487548828125,-5.6125335693359375,-6.41748046875,-0.463134765625
2018-05-02,12,2,303.0928955078125,293.43280029296875,-2.47967529296875,2.785888671875,1431.75,91223.828125,268.4276123046875,284.3665771484375,297.640625,0.0028783893212676,0.0097189098596572,0.0129103139042854,-4.2238311767578125,0.0904083251953125,-1.236114501953125,-4.5645751953125,-7.80126953125,-2.1270294189453125
2018-05-02,18,3,297.59197998046875,293.71856689453125,1.404693603515625,2.4476470947265625,1174.625,91444.5625,268.1792297363281,284.0042724609375,295.7967224121094,0.0027482823934406,0.0090186856687068,0.0133299268782138,-5.852828979492188,-1.9716033935546875,0.869842529296875,-5.8545684814453125,-7.0009613037109375,4.678009033203125
2018-05-03,0,0,297.1776733398437,294.54937744140625,2.0011749267578125,1.2794647216796875,1808.75,91377.609375,269.095703125,283.993408203125,293.9240417480469,0.0016064026858657,0.0090210251510143,0.0149187073111534,-5.1002044677734375,-6.9929962158203125,4.322357177734375,-5.781158447265625,-5.0977935791015625,4.5904388427734375
2018-05-03,6,1,303.7027893066406,294.77655029296875,1.1008148193359375,-0.3638763427734375,2206.5,91505.734375,269.6092529296875,284.8636474609375,295.7026062011719,0.0014308663085103,0.0055928193032741,0.0154450237751007,-4.324859619140625,-8.064666748046875,1.304107666015625,-3.03839111328125,-2.623748779296875,-0.8475189208984375
2018-05-03,12,2,303.177490234375,294.35528564453125,-1.0235137939453125,0.4827880859375,1278.125,91107.171875,268.79833984375,284.9657592773437,298.32550048828125,0.0024374413769692,0.0087341368198394,0.0133870765566825,-1.4394989013671875,-5.1566009521484375,-1.89251708984375,-5.1465606689453125,-3.6993560791015625,1.7772216796875
2018-05-03,18,3,294.3239440917969,293.6805114746094,-3.986419677734375,0.5358428955078125,774.125,91608.671875,267.8896484375,283.4878234863281,294.03662109375,0.0037613278254866,0.0093405991792678,0.0142335034906864,-4.0859222412109375,-4.22259521484375,-8.222000122070312,-9.441375732421877,-3.6366119384765625,3.828582763671875
2018-05-04,0,0,294.7459411621094,293.0849609375,0.6989898681640625,2.303817749023437,461.125,91338.515625,268.3206787109375,284.99176025390625,295.6917724609375,0.001966654555872,0.007389061152935,0.0079875960946083,-9.992279052734377,-9.370407104492188,-1.63568115234375,-2.885589599609375,-12.1678466796875,5.235504150390625
2018-05-04,6,1,301.5845642089844,292.7110595703125,-1.95703125,0.3297576904296875,147.0,91517.65625,269.88580322265625,284.9318542480469,294.4822692871094,0.0005285101942718,0.004979945719242,0.0131100378930568,-7.815536499023437,-9.4853515625,-3.0169219970703125,-0.813385009765625,-8.769912719726562,0.287994384765625
2018-05-04,12,2,303.1131896972656,292.2957763671875,-1.5826263427734375,-0.208984375,128.875,91256.625,270.21051025390625,284.58575439453125,296.2899169921875,0.0004291175864636,0.0064979381859302,0.0129118263721466,-7.55963134765625,-8.993240356445312,-2.49603271484375,-4.950042724609375,-3.7547454833984375,-0.3654022216796875
2018-05-04,18,3,298.8072509765625,292.3356018066406,-1.640228271484375,2.110214233398437,167.375,91535.515625,268.7476806640625,284.75323486328125,294.8941650390625,0.0006220724899321,0.0046596117317676,0.0133442543447017,-10.525802612304688,-9.5328369140625,-2.84600830078125,-7.1202392578125,-2.7262725830078125,4.16741943359375
2018-05-05,0,0,296.8119506835937,293.5062866210937,-0.8840789794921875,1.4400482177734375,362.0,91481.0625,268.8944702148437,284.6723022460937,292.7267761230469,0.0004804695490747,0.0036580634769052,0.0143658146262168,-11.4906005859375,-9.593826293945312,-0.541229248046875,-4.859405517578125,-3.4702301025390625,3.803909301757813
2018-05-05,6,1,302.7480773925781,293.2050170898437,-1.2902374267578125,0.9941558837890624,256.125,91602.5625,269.38751220703125,283.7759704589844,294.3214416503906,0.0003606479149311,0.0057120472192764,0.0139209181070327,-11.645965576171877,-7.823348999023437,-2.087127685546875,-2.503753662109375,-2.161483764648437,1.1959381103515625
2018-05-05,12,2,305.5485534667969,290.5473022460937,-1.8003387451171875,-0.5131072998046875,2.375,91269.046875,270.2884826660156,284.4088134765625,297.92901611328125,0.0003030719235539,0.0067217648029327,0.011084072291851,-8.935592651367188,-7.365829467773437,-3.766815185546875,-1.3670196533203125,-5.1036224365234375,-1.4474029541015625
2018-05-05,18,3,298.15582275390625,290.9652099609375,-1.674224853515625,1.9418792724609373,19.875,91582.625,269.5428466796875,284.9375305175781,295.55645751953125,0.0003500303719192,0.0034706101287156,0.0120396576821804,-10.9478759765625,-11.576171875,-4.256439208984375,-4.1784515380859375,-4.59246826171875,6.2101593017578125
2018-05-06,0,0,296.59521484375,292.9480285644531,-0.6771392822265625,1.5539093017578125,377.5,91495.5,269.9312744140625,284.6918640136719,292.897216796875,0.0004640957340598,0.0034918275196105,0.0143783539533615,-10.086212158203123,-12.53955078125,0.3209991455078125,0.8895263671875,-3.031036376953125,5.025070190429688
2018-05-06,6,1,302.8967590332031,292.2315673828125,-0.750213623046875,0.34405517578125,8.875,91624.65625,270.0799865722656,284.64019775390625,295.8472900390625,0.0004951042355969,0.0035663738381117,0.0117332674562931,-9.912918090820312,-11.555694580078123,-1.5493927001953125,0.1712493896484375,-0.0762939453125,0.27178955078125
2018-05-06,12,2,304.62908935546875,289.4861145019531,-1.7514190673828125,0.8746490478515625,0.0,91341.296875,269.7923278808594,283.6737060546875,298.45294189453125,0.0006349184550344,0.0067293606698513,0.0095088183879852,-7.537002563476562,-6.779541015625,-3.75189208984375,-1.7746124267578125,-2.397552490234375,0.8657073974609375
2018-05-06,18,3,299.5489501953125,291.3609619140625,0.08221435546875,2.28961181640625,36.375,91623.21875,268.54278564453125,284.2370910644531,295.694580078125,0.0006093252450227,0.0055586621165275,0.0124477371573448,-8.745819091796875,-6.7115325927734375,0.463623046875,-4.109176635742188,-6.107696533203125,5.9576416015625
2018-05-07,0,0,297.5778503417969,294.1982116699219,2.277328491210937,-0.3267669677734375,604.5,91511.421875,268.585205078125,284.51617431640625,292.76739501953125,0.0003661864902824,0.0049113817512989,0.0140004754066467,-8.602630615234375,-10.671768188476562,6.0498809814453125,-0.0022430419921875,-3.140609741210937,-0.3196868896484375
2018-05-07,6,1,302.95172119140625,293.5873107910156,1.2213897705078125,-2.015121459960937,500.75,91547.453125,268.71405029296875,284.593505859375,294.8734741210937,0.0014155826065689,0.00569973513484,0.0139168016612529,-6.703216552734375,-8.144027709960938,1.616973876953125,1.6151580810546875,-2.48834228515625,-3.05828857421875
2018-05-07,12,2,304.00732421875,292.4689025878906,-0.9412689208984376,-1.4371337890625,870.0,91199.1875,268.1723022460937,284.3045349121094,298.0531005859375,0.0036169583909213,0.0111700296401977,0.0127348788082599,-4.044830322265625,-4.576828002929688,-3.4263153076171875,-3.4901580810546875,-3.0404052734375,-2.94952392578125
2018-05-07,18,3,299.319580078125,292.581298828125,0.368743896484375,0.628936767578125,862.75,91403.546875,267.9794616699219,283.2637939453125,296.60699462890625,0.0027623758651316,0.0096272341907024,0.0124636143445968,-6.247482299804688,-3.6439056396484375,0.0221099853515625,-3.026596069335937,-1.555328369140625,-0.9018707275390624
2018-05-08,0,0,297.69366455078125,294.09130859375,1.7061767578125,-0.056365966796875,626.375,91324.421875,267.9068603515625,283.9322509765625,293.7826232910156,0.003495464567095,0.0062361918389797,0.0144525654613971,-5.3821563720703125,-7.2114715576171875,4.1889190673828125,-0.86981201171875,-4.1240081787109375,-2.7305908203125
2018-05-08,6,1,303.09771728515625,295.0998229980469,1.8445587158203125,-2.1022186279296875,1938.875,91435.46875,268.2308349609375,284.54058837890625,295.0603942871094,0.0038298750296235,0.0052049197256565,0.0155541151762008,-5.724533081054688,-6.641372680664063,2.488494873046875,-0.129364013671875,-3.42205810546875,-3.252716064453125
2018-05-08,12,2,298.75103759765625,294.5863037109375,-0.9520111083984376,2.1955108642578125,1629.875,91164.703125,268.98785400390625,283.8739624023437,295.0340270996094,0.0047122463583946,0.0103480033576488,0.0141533091664314,-4.58367919921875,-4.376724243164063,-3.520126342773437,-0.763824462890625,-9.113845825195312,-0.0118408203125
2018-05-08,18,3,295.2132568359375,293.8314819335937,2.9965362548828125,1.747650146484375,988.375,91477.921875,268.3470764160156,283.822021484375,293.7559509277344,0.0044731609523296,0.0087794065475463,0.013360284268856,-7.610076904296875,-10.12750244140625,0.4569091796875,-2.206268310546875,-4.8673248291015625,1.900146484375
2018-05-09,0,0,296.1059265136719,294.1737670898437,1.6922454833984375,0.4088287353515625,641.25,91275.625,267.95538330078125,284.9851379394531,294.8092041015625,0.0044289007782936,0.005483828485012,0.0123030357062816,-7.4060211181640625,-11.864837646484377,1.8764801025390625,4.325698852539063,-4.852462768554688,-0.87945556640625
2018-05-09,6,1,301.0126647949219,294.1280517578125,-0.4205322265625,-0.687713623046875,801.125,91472.140625,267.95233154296875,284.2685546875,294.5567626953125,0.0049946717917919,0.0077349171042442,0.0131884850561618,-3.336212158203125,-8.318115234375,-2.77056884765625,6.440719604492188,-1.4187469482421875,-2.0979156494140625
2018-05-09,12,2,302.60308837890625,295.5827941894531,-2.667388916015625,1.7537078857421875,431.5,91163.78125,268.7929382324219,285.10235595703125,295.92022705078125,0.004212163388729,0.0079332031309604,0.0134920142590999,1.3250732421875,-7.68939208984375,-5.195404052734375,1.8507080078125,0.224822998046875,3.2039947509765625
2018-05-09,18,3,297.24053955078125,294.688720703125,-0.2958831787109375,2.347518920898437,414.375,91547.328125,267.1466064453125,284.6861572265625,294.3019104003906,0.0045639984309673,0.0072830058634281,0.013865377753973,-2.9736328125,-5.761978149414063,-0.3178863525390625,2.6659698486328125,0.3597259521484375,5.886764526367188
2018-05-10,0,0,296.5782165527344,293.9074401855469,0.9567108154296876,0.9750213623046876,375.875,91491.53125,267.864013671875,283.6737670898437,292.8870544433594,0.0043366588652133,0.0082097128033638,0.0137936193495988,-4.7765045166015625,-3.847335815429688,4.2825469970703125,3.3470458984375,0.8014373779296875,3.5402374267578125
2018-05-10,6,1,302.9887084960937,295.0190124511719,-0.3265380859375,-0.057464599609375,1374.0,91616.28125,268.0557861328125,283.9901733398437,294.5989074707031,0.0040065329521894,0.0083217285573482,0.0147709138691425,-5.2533111572265625,-2.7673797607421875,-0.76788330078125,1.9081268310546875,1.778594970703125,-0.3508453369140625
2018-05-10,12,2,302.7768859863281,294.55987548828125,-1.5682830810546875,-0.131011962890625,1333.375,91332.359375,268.4794311523437,284.775390625,294.2835693359375,0.0047307275235652,0.0095369890332221,0.0145269818603992,-3.4587554931640625,-4.863922119140625,-3.720703125,1.839324951171875,-1.1548919677734375,1.795257568359375
2018-05-10,18,3,294.76544189453125,294.06231689453125,1.2339630126953125,0.63958740234375,700.125,91638.40625,268.16571044921875,284.2424621582031,293.970947265625,0.0042014643549919,0.0089319683611392,0.0142655372619628,-4.330780029296875,-5.984405517578125,2.71966552734375,2.6390838623046875,-2.3302764892578125,3.336883544921875
2018-05-11,0,0,295.808349609375,293.7381286621094,0.8555755615234375,0.8109893798828125,857.875,91413.28125,267.4296875,284.8482360839844,295.0345458984375,0.0039439694955945,0.0073374770581722,0.0125490240752696,-3.8049163818359375,-6.615386962890625,2.932846069335937,4.683380126953125,-1.17254638671875,-0.4184417724609375
2018-05-11,6,1,301.94091796875,295.2377624511719,0.2284393310546875,1.4080657958984375,2143.5,91537.390625,267.6661376953125,284.8392944335937,294.434814453125,0.0035705144982784,0.0067828334867954,0.0156022012233734,-0.0880279541015625,-5.8931427001953125,-0.129302978515625,3.968017578125,-2.356353759765625,1.615142822265625
2018-05-11,12,2,300.3979187011719,295.9446716308594,-2.7441864013671875,-0.532562255859375,2418.25,91302.78125,268.2815856933594,284.2865295410156,293.8243408203125,0.004714798182249,0.0093297436833381,0.0160399749875068,-1.331207275390625,-5.34912109375,-3.8216705322265625,-1.434600830078125,-0.7860870361328125,-0.5234832763671875
2018-05-11,18,3,295.5547180175781,293.8680419921875,1.744171142578125,1.668853759765625,1817.625,91482.671875,267.9009704589844,284.2469482421875,295.152099609375,0.0047119259834289,0.0073375552892684,0.0143675506114959,-3.755615234375,-8.896163940429688,3.412628173828125,-3.4574432373046875,-3.3432159423828125,3.5117340087890625
2018-05-12,0,0,296.3056030273437,294.242919921875,1.8157501220703125,0.9836883544921876,1281.125,91385.1875,266.5626525878906,284.6795654296875,293.6517944335937,0.0042914450168609,0.0057222936302423,0.013474017381668,-5.932174682617188,-10.978591918945312,1.5752716064453125,-1.6286163330078125,-1.53912353515625,0.24615478515625
2018-05-12,6,1,301.92950439453125,294.6942138671875,0.630828857421875,-0.9909515380859376,2005.875,91572.1875,267.6881408691406,283.9861755371094,293.7635192871094,0.0036859940737485,0.0068371631205081,0.0156418494880199,-4.465972900390625,-8.38763427734375,0.591094970703125,1.8187103271484373,-1.3848876953125,-1.7429656982421875
2018-05-12,12,2,302.50848388671875,295.4750366210937,-0.39349365234375,-0.62030029296875,1486.25,91191.09375,268.4965209960937,284.0726013183594,295.4102783203125,0.0036104097962379,0.0083195939660072,0.0142375864088535,-3.0474395751953125,-5.786544799804688,-0.08111572265625,-0.1938323974609375,-3.5139923095703125,-1.838623046875
2018-05-12,18,3,296.2499694824219,294.495849609375,2.22906494140625,0.4743194580078125,713.875,91500.53125,268.6915283203125,283.8324584960937,294.021484375,0.0036927782930433,0.0082416273653507,0.0135948024690151,-0.419036865234375,-9.789642333984377,1.9140625,-1.336273193359375,-2.6727447509765625,-1.9918670654296875
2018-05-13,0,0,296.02862548828125,293.38946533203125,0.53985595703125,-0.9872283935546876,282.875,91334.6875,267.63592529296875,284.1603698730469,293.87066650390625,0.0035690409131348,0.0058982223272323,0.0131606422364711,-0.68585205078125,-9.966354370117188,0.3879547119140625,-1.9317474365234373,0.6522216796875,-1.79486083984375
2018-05-13,6,1,302.79815673828125,294.01220703125,0.1917724609375,-0.3516387939453125,1496.875,91479.375,268.4529113769531,284.0611572265625,294.8653869628906,0.0034528335090726,0.0064482204616069,0.0147455334663391,-0.9430084228515624,-8.300094604492188,0.028350830078125,-1.7063446044921875,1.12322998046875,-0.6466522216796875
2018-05-13,12,2,298.9939880371094,294.81280517578125,-1.9437103271484373,0.0830841064453125,1432.125,91193.921875,267.9356689453125,284.2314453125,295.4735717773437,0.0040001547895371,0.0087227933108806,0.013863168656826,0.08245849609375,-5.304168701171875,-2.8873291015625,-1.646087646484375,0.11376953125,0.7627410888671875
2018-05-13,18,3,295.18072509765625,293.65673828125,1.11529541015625,1.1713409423828125,298.75,91516.90625,268.22039794921875,283.16522216796875,294.661865234375,0.0039673545397818,0.0090640224516391,0.0130139216780662,-0.478118896484375,-4.943756103515625,-1.2679443359375,-2.1220703125,-1.811309814453125,5.697525024414063
2018-05-14,0,0,295.19268798828125,293.0547790527344,0.7375946044921875,-0.37322998046875,173.875,91386.421875,267.34405517578125,283.74560546875,293.34088134765625,0.0046957619488239,0.0071094036102294,0.0129752531647682,0.572113037109375,-4.6880950927734375,3.02703857421875,1.6352996826171875,0.748291015625,1.5721588134765625
2018-05-14,6,1,301.1311950683594,294.482177734375,1.358917236328125,-0.2412109375,1225.5,91566.6875,267.399658203125,283.73468017578125,292.7725830078125,0.0044886246323585,0.0067670233547687,0.0146466046571731,0.09332275390625,-4.00042724609375,1.4607086181640625,4.000656127929688,-2.6246337890625,-0.7355194091796875
2018-05-14,12,2,300.0156555175781,295.1080322265625,-1.31927490234375,-0.11669921875,1584.5,91214.46875,268.560302734375,283.777587890625,294.8851013183594,0.0043723881244659,0.0074715502560138,0.0154457986354827,2.957382202148437,-4.8344573974609375,-1.093475341796875,3.52459716796875,-2.608642578125,-0.81951904296875
2018-05-14,18,3,295.8119506835937,293.97021484375,0.599945068359375,-0.38885498046875,1104.25,91526.9375,267.66070556640625,283.0528564453125,293.926025390625,0.0049693901091814,0.0085167698562145,0.0134810023009777,1.2951507568359375,-2.63067626953125,-2.3569793701171875,1.656463623046875,-2.419830322265625,-0.1739654541015625
2018-05-15,0,0,295.88555908203125,294.02783203125,0.704803466796875,-1.405120849609375,531.25,91383.3125,267.6090087890625,282.4214782714844,292.5078125,0.0047889165580272,0.0075759626924991,0.0126899667084217,8.105667114257812,-6.2020263671875,0.5796966552734375,4.671157836914063,-0.69744873046875,-1.873138427734375
2018-05-15,6,1,299.3974304199219,293.954833984375,-1.1936187744140625,-1.138458251953125,538.625,91476.609375,268.4257202148437,283.1842041015625,293.444580078125,0.0042429147288203,0.0069219097495079,0.0134991519153118,9.551589965820312,-3.094268798828125,-3.1455078125,1.706207275390625,-1.2610626220703125,-1.8048248291015625
2018-05-15,12,2,301.4916687011719,292.1012268066406,-0.68121337890625,-1.061126708984375,210.5,91073.828125,268.40875244140625,283.5667724609375,295.71405029296875,0.0042710974812507,0.0081075467169284,0.0117213763296604,7.665939331054687,-4.450485229492188,-3.24237060546875,-0.00421142578125,-0.7581939697265625,-3.2262420654296875
2018-05-15,18,3,295.974853515625,292.0902099609375,-1.59039306640625,0.2088165283203125,70.0,91330.546875,267.92926025390625,283.20245361328125,294.49542236328125,0.0044278316199779,0.008346565067768,0.0114370882511138,1.0496368408203125,-4.737396240234375,-3.944015502929688,-1.0643310546875,0.4961395263671875,1.538848876953125
2018-05-16,0,0,295.9267578125,292.4493408203125,-1.2808380126953125,0.8893585205078125,23.0,91216.28125,267.49468994140625,283.4327392578125,293.4561767578125,0.0038820791523903,0.0065599977970123,0.0121094956994056,1.5372467041015625,-7.260772705078125,-1.5183868408203125,0.9693145751953124,-1.9127044677734373,2.686874389648437
2018-05-16,6,1,302.2695617675781,294.1197204589844,-0.13763427734375,1.600494384765625,749.875,91424.5625,267.393798828125,283.030029296875,293.875,0.00374475447461,0.0069748647511005,0.0139838531613349,-1.87646484375,-7.593399047851562,-0.4970703125,-1.619232177734375,-0.5419464111328125,1.8250579833984373
2018-05-16,12,2,301.6636047363281,293.1329345703125,0.436431884765625,-1.1682281494140625,697.75,91111.796875,267.94354248046875,283.4100341796875,295.3109741210937,0.003823657054454,0.0081536583602428,0.0130586102604866,-1.3148651123046875,-5.831466674804688,-1.5793304443359375,0.096588134765625,-3.5627593994140625,-2.06268310546875
2018-05-16,18,3,297.15643310546875,293.120849609375,1.23114013671875,1.423583984375,385.5,91274.515625,268.1921081542969,284.78662109375,295.43896484375,0.0033764147665351,0.004774060100317,0.012417022138834,-0.5595245361328125,-9.186721801757812,-0.5396881103515625,0.487213134765625,-5.912628173828125,0.2895660400390625
2018-05-17,0,0,296.321533203125,293.5478210449219,0.08734130859375,-0.8580322265625,255.0,91188.71875,267.346435546875,285.2930908203125,293.97430419921875,0.0038123822305351,0.0034608719870448,0.0130728259682655,0.926239013671875,-9.582382202148438,-0.9932861328125,-2.0565948486328125,-3.01287841796875,-0.2636566162109375
2018-05-17,6,1,302.4429931640625,293.1641540527344,-0.733978271484375,0.127685546875,234.375,91334.234375,268.9521484375,284.61395263671875,294.90252685546875,0.0024417147506028,0.0051898173987865,0.0133201815187931,-0.733734130859375,-8.330307006835938,-1.281341552734375,-3.588119506835937,-2.0941162109375,-0.23822021484375
2018-05-17,12,2,304.05499267578125,292.27978515625,0.35797119140625,0.8228912353515625,6.5,91021.203125,269.3104858398437,283.6288452148437,297.1573181152344,0.0022209172602742,0.0078518502414226,0.0108212642371654,-2.71783447265625,-8.453720092773438,-1.4429931640625,-4.986831665039063,-2.3082733154296875,0.2476654052734375
2018-05-17,18,3,297.819580078125,292.56353759765625,-0.0996246337890625,2.243637084960937,31.5,91309.03125,268.2466125488281,283.9042358398437,295.43719482421875,0.0019734199158847,0.0060933008790016,0.0126587562263011,-7.865341186523437,-7.643234252929687,1.2738189697265625,-3.5430145263671875,-6.477081298828125,3.8842620849609375
2018-05-18,0,0,295.90155029296875,293.2773742675781,1.7624664306640625,0.1368560791015625,440.125,91198.296875,267.88311767578125,284.91082763671875,292.96563720703125,0.0023967290762811,0.0041370503604412,0.014320470392704,-4.195571899414063,-12.161911010742188,4.897979736328125,-3.93341064453125,-0.294921875,-0.7996978759765625
2018-05-18,6,1,301.159423828125,293.8583068847656,1.1274566650390625,-1.7626953125,750.375,91362.6875,267.08526611328125,284.325927734375,293.8408203125,0.0017071443144232,0.0065311379730701,0.0145340599119663,-4.9246826171875,-7.565704345703125,1.446624755859375,-0.392242431640625,-0.177215576171875,-2.7765045166015625
2018-05-18,12,2,300.9649963378906,293.8743896484375,-1.1762237548828125,-0.1586456298828125,949.75,91096.734375,268.6616516113281,283.9037780761719,295.6217346191406,0.0028286976739764,0.00859971717,0.0141713246703147,-2.8269195556640625,-6.7117462158203125,-0.7588958740234375,-1.4913330078125,-3.79364013671875,-4.1260986328125
2018-05-18,18,3,296.60272216796875,294.7504577636719,1.0129852294921875,-0.1403961181640625,435.875,91315.484375,267.56402587890625,284.83502197265625,295.0648498535156,0.0037093239370733,0.0074636079370975,0.0137026831507682,-3.1837310791015625,-5.5420684814453125,-1.0971832275390625,-2.6681060791015625,-4.2554779052734375,-3.8709716796875
2018-05-19,0,0,295.87286376953125,293.82037353515625,1.2852630615234375,0.3181610107421875,476.25,91213.0625,268.065673828125,284.4218139648437,294.489990234375,0.002919289516285,0.0064575783908367,0.0133445560932159,-1.6497802734375,-9.534713745117188,0.6329803466796875,-3.490692138671875,-1.9663238525390625,-0.738555908203125
2018-05-19,6,1,301.8202514648437,295.08258056640625,2.427032470703125,-0.8143768310546875,2177.625,91292.265625,268.1747436523437,284.7455444335937,294.21484375,0.0019844532944262,0.006305631250143,0.0157396532595157,-4.918212890625,-9.446609497070312,3.3246002197265625,-3.7493896484375,-2.91339111328125,-1.5106201171875
2018-05-19,12,2,301.5885009765625,295.8275756835937,-0.665771484375,-1.33453369140625,2399.75,91107.203125,268.4467163085937,284.3980712890625,294.97637939453125,0.0025679958052933,0.0091848447918891,0.0144112110137939,-2.5660858154296875,-6.596725463867188,1.5880126953125,-5.139984130859375,-5.056121826171875,-4.9647064208984375
2018-05-19,18,3,295.7555847167969,293.3427124023437,1.02532958984375,0.68634033203125,530.625,91303.5,267.72772216796875,283.64373779296875,295.27197265625,0.0033041737042367,0.0098617598414421,0.0131864212453365,-4.610137939453125,-6.55255126953125,-1.9191436767578125,-5.890411376953125,-4.720474243164063,-1.1020050048828125
2018-05-20,0,0,294.4673156738281,292.8653259277344,1.2809600830078125,0.3627471923828125,248.25,91166.671875,267.48712158203125,285.28192138671875,294.9991760253906,0.0031778116244822,0.0052637513726949,0.0120665729045867,-4.5147857666015625,-10.995651245117188,-1.603912353515625,-3.4136199951171875,-4.2715911865234375,-0.2156524658203125
2018-05-20,6,1,300.3842468261719,295.1649780273437,2.267913818359375,-1.7684783935546875,1158.5,91325.515625,267.95184326171875,285.4591369628906,294.3988647460937,0.002510230988264,0.0057242754846811,0.014740951359272,-5.444000244140625,-10.136962890625,3.018707275390625,0.6711578369140625,-4.6358795166015625,-2.747589111328125
2018-05-20,12,2,300.32379150390625,296.3070983886719,-1.889495849609375,1.0026397705078125,2209.0,91111.0,267.8671569824219,284.80010986328125,295.2262878417969,0.0033719995990395,0.0079610422253608,0.014963898807764,-3.682449340820313,-7.190032958984375,0.213897705078125,-0.612335205078125,-4.491622924804688,-2.2919921875
2018-05-20,18,3,296.2963256835937,294.3918762207031,0.1180419921875,-0.0301971435546875,728.5,91317.6875,267.704833984375,284.1241455078125,294.548095703125,0.004421055316925,0.0085913017392158,0.0144766010344028,-4.00213623046875,-6.8134765625,-1.0027313232421875,-3.080718994140625,-4.714645385742188,-2.562835693359375
2018-05-21,0,0,296.17889404296875,293.991943359375,1.0139007568359375,0.3725128173828125,410.375,91174.765625,267.95672607421875,284.47076416015625,294.4874267578125,0.0043297549709677,0.0069752791896462,0.0138847678899765,-2.56805419921875,-9.524566650390623,0.3868560791015625,2.212753295898437,-6.548751831054688,-1.5234222412109375
2018-05-21,6,1,300.697998046875,295.12579345703125,2.3823699951171875,-1.181640625,1259.875,91363.9375,267.4844055175781,284.9036560058594,294.4144897460937,0.002824141876772,0.0070922262966632,0.0149367526173591,-4.871673583984375,-8.951080322265625,3.0043487548828125,-0.4163970947265625,-3.8006439208984375,-1.84234619140625
2018-05-21,12,2,302.94256591796875,294.9106140136719,-0.7101287841796875,-0.4973907470703125,1807.0,91141.796875,267.8865966796875,284.4881591796875,295.5065612792969,0.0035690958611667,0.0085597150027751,0.0145942196249961,-3.0462646484375,-2.782089233398437,2.300811767578125,-0.3015289306640625,-4.941802978515625,-2.6513824462890625
2018-05-21,18,3,295.21734619140625,294.0643615722656,0.45782470703125,0.397705078125,1293.75,91355.921875,268.2832336425781,284.4873046875,293.902587890625,0.004214733839035,0.0058498419821262,0.0136889070272445,-3.90155029296875,-11.088287353515623,3.0645751953125,-2.7615509033203125,-2.8651123046875,-3.456787109375
2018-05-22,0,0,295.4693603515625,293.3619079589844,1.8642425537109373,0.1641082763671875,843.75,91193.265625,267.8319091796875,285.550537109375,293.38330078125,0.0030708212871104,0.0051427111029624,0.0138621255755424,-9.060302734375,-10.105728149414062,2.529937744140625,-0.483184814453125,-3.6530609130859375,-1.663909912109375
2018-05-22,6,1,300.658203125,294.8843994140625,1.2885284423828125,-1.767364501953125,1699.375,91364.15625,267.8855285644531,284.7988586425781,293.3520202636719,0.0013817043509334,0.0058041997253894,0.0157523229718208,-7.0494232177734375,-6.749786376953125,1.6651458740234375,-2.009033203125,-2.40655517578125,-2.8075103759765625
2018-05-22,12,2,302.1795654296875,295.959716796875,-0.8624267578125,-0.6889190673828125,1741.25,91106.640625,268.901123046875,284.1698608398437,295.351318359375,0.0021824711002409,0.0079491771757602,0.0148104429244995,-4.625946044921875,-6.262908935546875,0.17242431640625,-1.1101226806640625,-3.21990966796875,-4.539398193359375
2018-05-22,18,3,297.20953369140625,295.2430419921875,1.071685791015625,0.7895660400390625,616.625,91324.125,269.69775390625,283.834716796875,294.7462158203125,0.0024609910324215,0.0078677870333194,0.0135364979505538,-2.812347412109375,-7.1397247314453125,-0.8344879150390625,-2.9796905517578125,-4.075286865234375,-2.369415283203125
2018-05-23,0,0,296.5765991210937,294.1392822265625,0.7069244384765625,0.7108917236328125,700.75,91200.875,268.22637939453125,284.20782470703125,293.43756103515625,0.0020186447072774,0.0057584196329116,0.0147177875041961,-1.48638916015625,-9.608413696289062,-0.31878662109375,-2.5602569580078125,-4.58319091796875,0.20989990234375
2018-05-23,6,1,302.2412414550781,295.1385498046875,1.0586700439453125,-1.0140838623046875,1878.5,91285.328125,268.3106689453125,284.35125732421875,294.5865478515625,0.0016656364314258,0.0070239678025245,0.0157172456383705,-4.6371612548828125,-7.6592254638671875,1.350494384765625,-5.5095977783203125,-3.5607452392578125,-1.8770751953125
2018-05-23,12,2,300.1304931640625,294.298583984375,0.08245849609375,0.6247406005859375,1786.5,90973.0625,268.9222412109375,284.5422668457031,295.4594421386719,0.0026859664358198,0.00819793343544,0.0153982527554035,-3.870285034179688,-5.79608154296875,-1.7916107177734375,-4.448883056640625,-5.39208984375,-1.6714935302734375
2018-05-23,18,3,295.563232421875,292.96075439453125,1.0754241943359375,-0.66302490234375,727.0,91275.796875,268.4918212890625,284.3397827148437,293.9213256835937,0.002879072446376,0.0083567388355731,0.0150147825479507,-4.62115478515625,-5.7809600830078125,-1.577392578125,-5.592498779296875,-5.181564331054688,-4.393585205078125
2018-05-24,0,0,295.794677734375,293.81201171875,1.3006134033203125,-0.204681396484375,555.875,91077.3125,268.71649169921875,284.7748413085937,293.7335205078125,0.0017226177733391,0.0057108029723167,0.0147621855139732,-4.215103149414063,-8.492752075195312,0.7341766357421875,-2.70428466796875,-5.956100463867188,-2.315093994140625
2018-05-24,6,1,301.09039306640625,294.748046875,0.557830810546875,-2.0341339111328125,2260.625,91233.46875,267.6473693847656,284.53570556640625,294.2672119140625,0.0016342769376933,0.0072947964072227,0.01605711504817,-4.63616943359375,-8.577590942382812,0.5415802001953125,-3.6185455322265625,-5.72564697265625,-3.096893310546875
2018-05-24,12,2,302.6822204589844,295.7240295410156,-0.5420989990234375,-0.784820556640625,477.625,90924.03125,268.4438171386719,284.0638122558594,297.1496887207031,0.002677010372281,0.008115354925394,0.0126575231552124,-5.152435302734375,-7.2782745361328125,-1.0187225341796875,-1.6403961181640625,-6.950408935546875,-4.47137451171875
2018-05-24,18,3,296.9022827148437,294.3260803222656,1.039154052734375,0.8565521240234375,391.625,91214.484375,268.49151611328125,283.3138427734375,294.385498046875,0.0031825506594032,0.0087638013064861,0.013428121805191,-6.064254760742188,-7.62255859375,0.45184326171875,-5.0701446533203125,-7.9704437255859375,-2.7625732421875
2018-05-25,0,0,295.99188232421875,293.889404296875,1.779541015625,-0.6284942626953125,306.875,90996.265625,269.11505126953125,284.3155517578125,293.3872985839844,0.0025429469533264,0.0083245187997818,0.0143136195838451,-5.817916870117188,-11.75823974609375,1.76171875,-0.3739471435546875,-9.7353515625,-4.3619232177734375
2018-05-25,6,1,301.346435546875,295.73895263671875,0.6224517822265625,-2.9298248291015625,2302.875,91164.359375,268.715576171875,283.60546875,294.3042297363281,0.0035596285015344,0.0090761519968509,0.0163415670394897,-6.587890625,-10.723480224609377,0.5067291259765625,-0.8092498779296875,-8.304443359375,-4.759063720703125
2018-05-25,12,2,298.2203063964844,295.9236755371094,-2.394927978515625,1.139923095703125,1770.875,90956.078125,269.8543701171875,283.8382568359375,293.20281982421875,0.0054291971027851,0.0103200078010559,0.0166983045637607,-12.006362915039062,-8.8660888671875,-2.677520751953125,-0.2159271240234375,-8.017379760742188,-1.535125732421875
2018-05-25,18,3,296.38299560546875,295.3739013671875,0.007568359375,0.422821044921875,502.0,91175.015625,268.79400634765625,284.8470458984375,293.8277587890625,0.0051273517310619,0.0086363144218921,0.0137162245810031,-12.173599243164062,-12.437667846679688,-4.2130889892578125,4.7178497314453125,-4.7442169189453125,1.5783843994140625
2018-05-26,0,0,296.0931091308594,294.17852783203125,1.28924560546875,-0.7234954833984375,652.5,90972.03125,268.26788330078125,285.0838623046875,294.4490051269531,0.0051217661239206,0.0085589922964572,0.0132365748286247,-12.584762573242188,-10.365402221679688,-3.3191070556640625,3.6400299072265625,-5.543792724609375,-2.755844116210937
2018-05-26,6,1,300.7974853515625,294.16998291015625,-0.6324310302734375,-1.643035888671875,583.75,91169.375,268.4523010253906,285.6045837402344,293.2289428710937,0.0049303211271762,0.0079587083309888,0.0154003351926803,-10.284454345703123,-11.100387573242188,-1.5776824951171875,2.950042724609375,-4.03076171875,-2.4991607666015625
2018-05-26,12,2,300.8257751464844,295.0880126953125,-2.2697906494140625,0.5031890869140625,1603.75,90890.875,269.66729736328125,284.76495361328125,295.0469055175781,0.0048126503825187,0.0101981237530708,0.0151670612394809,-6.6767578125,-10.489242553710938,-4.5822296142578125,2.7620391845703125,-2.75933837890625,-0.2066192626953125
2018-05-26,18,3,297.35955810546875,295.1534118652344,-1.6174774169921875,1.1109161376953125,908.75,91155.859375,269.0992126464844,285.3719482421875,294.391357421875,0.0045483652502298,0.0086260885000228,0.0147199742496013,-7.7895660400390625,-10.74700927734375,-4.965301513671875,0.4629669189453125,-3.236663818359375,4.0533294677734375
2018-05-27,0,0,296.55133056640625,294.647216796875,-1.1315155029296875,0.61810302734375,416.875,91024.046875,268.9447021484375,284.4125671386719,293.1953125,0.0046571660786867,0.0100562646985054,0.0148756131529808,-11.779434204101562,-10.791854858398438,-4.329620361328125,0.7500457763671875,0.093414306640625,0.9760284423828124
2018-05-27,6,1,301.81884765625,295.0643920898437,-1.3094635009765625,0.3648681640625,1313.375,91154.015625,268.63983154296875,285.5035400390625,293.997802734375,0.0043119639158248,0.0083747021853923,0.0157919637858867,-12.2899169921875,-7.520370483398437,-2.155792236328125,0.5742645263671875,1.3215484619140625,0.410247802734375
2018-05-27,12,2,301.0411376953125,296.2440795898437,-1.8895263671875,1.1649627685546875,1154.0,90813.015625,270.176025390625,284.727783203125,295.74676513671875,0.0049547515809535,0.0102679841220378,0.0150345638394355,-9.318679809570312,-9.470001220703123,-5.6365509033203125,1.947021484375,-1.614654541015625,1.504364013671875
2018-05-27,18,3,297.4635009765625,295.3204345703125,0.039398193359375,1.429168701171875,811.375,91076.03125,268.95977783203125,285.74249267578125,294.21319580078125,0.0045335814356803,0.0088295042514801,0.0149613991379737,-8.116409301757812,-8.860153198242188,-2.3802947998046875,5.7547760009765625,-2.2516632080078125,6.556884765625
2018-05-28,0,0,296.5487060546875,294.88116455078125,0.9313812255859376,0.0100555419921875,515.5,90956.921875,269.7018737792969,284.67108154296875,294.058837890625,0.0045665949583053,0.0093385092914104,0.0141800008714199,-2.76654052734375,-7.672393798828125,-1.8160247802734373,5.56671142578125,-2.04998779296875,4.2603607177734375
2018-05-28,6,1,302.6224365234375,295.6221923828125,0.2764434814453125,1.26934814453125,924.0,91041.421875,269.82049560546875,286.17510986328125,294.0207214355469,0.0045162923634052,0.008241768926382,0.0156449116766452,-2.8972320556640625,-6.5174560546875,-0.4492340087890625,2.0648193359375,1.9102325439453125,1.8698883056640625
2018-05-28,12,2,302.5233764648437,296.367431640625,1.241790771484375,0.3092803955078125,1896.5,90707.15625,270.33416748046875,285.6124267578125,296.0148010253906,0.0045379772782325,0.0097255147993564,0.0165651105344295,-2.962738037109375,-6.6657257080078125,2.179306030273437,1.491729736328125,-0.4959869384765625,0.5120391845703125
2018-05-28,18,3,296.64117431640625,295.06134033203125,3.05914306640625,1.748199462890625,957.375,91042.953125,270.51776123046875,285.3641357421875,294.32098388671875,0.0038396704476326,0.0097323022782802,0.0160284228622913,-2.7224578857421875,-7.409637451171875,3.2655487060546875,2.204086303710937,-1.5508575439453125,3.6967620849609375
2018-05-29,0,0,296.418212890625,294.63507080078125,2.9890289306640625,0.848785400390625,358.5,90939.84375,268.435791015625,285.4395751953125,293.6166381835937,0.0046309605240821,0.00920295342803,0.0142196305096149,-5.288909912109375,-3.596954345703125,10.18951416015625,4.237701416015625,5.185638427734375,4.282623291015625
2018-05-29,6,1,300.12823486328125,294.2840576171875,4.173095703125,1.135589599609375,557.0,91047.59375,270.7714233398437,284.57763671875,293.44970703125,0.0041723921895027,0.0101168118417263,0.0155538134276866,0.4024505615234375,-2.378402709960937,6.1238861083984375,6.8378448486328125,3.162094116210937,1.4880828857421875
2018-05-29,12,2,301.1644287109375,295.5278625488281,2.51751708984375,0.2264862060546875,663.75,90845.296875,270.497802734375,285.41387939453125,294.91033935546875,0.0049202889204025,0.0094218663871288,0.0149303078651428,0.90045166015625,-4.4553985595703125,5.217300415039063,3.947418212890625,0.0652618408203125,3.2985382080078125
2018-05-29,18,3,296.3688659667969,294.2239990234375,3.2251434326171875,1.40875244140625,42.875,91066.53125,270.1762084960937,285.4225158691406,292.9609375,0.0047559328377246,0.0091473497450351,0.014054462313652,-2.3925323486328125,-10.576614379882812,9.051528930664062,4.74285888671875,2.321746826171875,2.5188446044921875
2018-05-30,0,0,296.3871765136719,294.8809814453125,2.8591461181640625,-0.4271697998046875,364.0,90952.875,269.2572021484375,286.1032409667969,292.5954895019531,0.0048803761601448,0.0060911998152732,0.0152064450085163,1.3302154541015625,-9.839950561523438,7.793045043945312,2.941070556640625,1.531036376953125,-3.6407318115234375
2018-05-30,6,1,300.32940673828125,294.6624755859375,3.4612579345703125,-2.081451416015625,632.75,91086.390625,270.01318359375,287.3249816894531,293.748046875,0.0047034956514835,0.0051671117544174,0.0154190734028816,-1.938201904296875,-9.382736206054688,4.156265258789063,3.149383544921875,4.798126220703125,-3.560821533203125
2018-05-30,12,2,301.1188049316406,294.90777587890625,2.8333892822265625,0.13824462890625,1149.75,90919.1875,270.2103576660156,285.5401611328125,295.1172180175781,0.0043194778263568,0.0092949569225311,0.0150345489382743,-4.0926666259765625,-3.204315185546875,6.6527862548828125,-0.8035736083984375,0.262969970703125,-1.20269775390625
2018-05-30,18,3,296.19561767578125,294.14801025390625,3.574371337890625,1.1305694580078125,378.75,91235.234375,269.71484375,285.347412109375,293.57342529296875,0.0043692849576473,0.0104901157319545,0.0152222253382205,-4.863677978515625,-6.6424560546875,6.7730865478515625,-0.676544189453125,0.4160308837890625,-0.8350372314453125
2018-05-31,0,0,296.3712463378906,294.6086120605469,2.3838348388671875,0.9539947509765624,777.75,91078.34375,269.6722717285156,285.2168884277344,293.9310913085937,0.0045191645622253,0.0087577439844608,0.0150839686393737,-2.51898193359375,-7.218185424804687,3.6178131103515625,0.69622802734375,3.179443359375,0.4873046875
2018-05-31,6,1,300.481201171875,294.8446044921875,2.0662994384765625,0.408233642578125,1098.875,91237.3125,270.0573425292969,285.6719970703125,293.8756103515625,0.0032694700639694,0.0068410187959671,0.0159581676125526,-3.2847137451171875,-7.0119476318359375,2.379486083984375,1.8794708251953125,2.995590209960937,0.520751953125
2018-05-31,12,2,302.9216613769531,296.61456298828125,-0.4140167236328125,0.5400238037109375,1932.125,90965.578125,269.9369506835937,285.8373413085937,296.0034484863281,0.003268748987466,0.0081669203937053,0.0163340680301189,-2.7935333251953125,-7.1407623291015625,0.1762847900390625,-0.18280029296875,1.51446533203125,0.20867919921875
2018-05-31,18,3,297.54119873046875,295.18121337890625,1.41650390625,-0.337554931640625,1116.625,91297.5625,270.14703369140625,285.27960205078125,294.169189453125,0.002901698462665,0.0093216821551322,0.0154126733541488,-2.7691650390625,-5.4933929443359375,2.5009918212890625,0.16143798828125,0.6254425048828125,-0.0590972900390625
2018-06-01,0,0,296.8529052734375,295.082275390625,2.23223876953125,-1.0886688232421875,1046.875,91179.359375,269.18902587890625,286.4715881347656,293.02447509765625,0.0024512512609362,0.0055429674685001,0.0153715386986732,-2.62799072265625,-7.0900726318359375,2.9389190673828125,-0.99676513671875,0.6706085205078125,0.3753814697265625
2018-06-01,6,1,301.00244140625,296.7008056640625,1.8335418701171875,-1.385650634765625,1237.875,91347.921875,270.25262451171875,284.91387939453125,293.7330322265625,0.0014888388104736,0.0071604698896408,0.0159870497882366,-1.210845947265625,-6.827804565429688,1.9543914794921875,-0.156005859375,1.026275634765625,-1.090362548828125
2018-06-01,12,2,301.16583251953125,295.372314453125,0.1527252197265625,0.478240966796875,1807.5,91008.671875,270.3925170898437,284.6103820800781,295.143310546875,0.0027059700805693,0.0100792944431304,0.0160360261797904,0.353118896484375,-3.86639404296875,1.8410186767578125,-3.63568115234375,0.3350372314453125,0.233154296875
2018-06-01,18,3,296.3919677734375,294.3080444335937,-0.221923828125,0.877471923828125,953.0,91341.75,268.6106872558594,285.56817626953125,293.8065795898437,0.00452271848917,0.0073615908622741,0.0155887715518474,-3.50390625,-5.6739349365234375,0.585113525390625,-3.737762451171875,-2.4900360107421875,2.03143310546875
2018-06-02,0,0,295.5802001953125,293.6598815917969,1.6777191162109375,0.2198028564453125,844.25,91152.171875,268.78375244140625,285.05596923828125,294.883544921875,0.0041357576847076,0.0073628053069114,0.0148936435580253,-5.1409759521484375,-3.1068878173828125,3.451873779296875,-0.8474273681640625,2.06341552734375,-0.7161865234375
2018-06-02,6,1,301.3153076171875,295.7840576171875,2.1116485595703125,-1.0471649169921875,1996.5,91359.34375,268.42364501953125,283.8919372558594,293.6962280273437,0.0037181731313467,0.0096987411379814,0.016515128314495,-3.256805419921875,-3.024749755859375,2.7987213134765625,0.185302734375,0.3699951171875,-1.750762939453125
2018-06-02,12,2,298.1107788085937,295.004150390625,1.1187896728515625,-0.243133544921875,1505.875,91151.40625,269.4080505371094,284.5154724121094,293.17303466796875,0.0046522691845893,0.0094153434038162,0.0164104290306568,-1.6746978759765625,-2.5152130126953125,2.0428466796875,0.2821197509765625,-0.3436126708984375,-2.6485595703125
2018-06-02,18,3,295.9937744140625,294.1694641113281,0.35809326171875,-1.33447265625,974.125,91402.890625,268.6824035644531,283.93023681640625,293.6455078125,0.0050507299602031,0.0090504214167594,0.0155600532889366,1.263031005859375,0.0746917724609375,1.6531524658203125,0.936859130859375,-1.2984771728515625,-4.56201171875
2018-06-03,0,0,295.7271423339844,293.9862060546875,2.3349609375,-0.1208038330078125,334.375,91114.703125,268.4423217773437,285.5043640136719,293.7818908691406,0.0047442372888326,0.0071066133677959,0.0143564231693744,-1.193634033203125,0.0770721435546875,4.982192993164063,-2.8794708251953125,-2.596298217773437,-2.7185516357421875
2018-06-03,6,1,301.17742919921875,294.83990478515625,2.82659912109375,0.046905517578125,1088.25,91290.640625,269.2463073730469,283.8880615234375,292.4990234375,0.0044366456568241,0.0073324888944625,0.0158321373164653,-0.5704803466796875,-0.6175384521484375,4.3902740478515625,-2.80120849609375,-1.6878204345703125,-0.443115234375
2018-06-03,12,2,298.35693359375,294.3353271484375,3.8652496337890634,0.851104736328125,1224.5,91058.46875,268.4805603027344,284.0126953125,293.46112060546875,0.0044911317527294,0.0094480141997337,0.0156217217445373,0.5018157958984375,2.3958282470703125,7.696456909179687,-4.49945068359375,-1.7688140869140625,0.42724609375
2018-06-03,18,3,295.70379638671875,293.624755859375,2.555938720703125,0.474456787109375,791.75,91233.921875,268.5535888671875,284.51666259765625,293.92144775390625,0.004195712506771,0.0086961351335048,0.0139628201723098,-2.298309326171875,2.6758270263671875,7.403884887695312,-2.702392578125,-1.845672607421875,0.370391845703125
2018-06-04,0,0,295.4322509765625,293.58984375,1.879302978515625,0.6557464599609375,34.875,91006.5625,269.3483581542969,284.60186767578125,293.2662658691406,0.0042217299342155,0.0093494541943073,0.0138800665736198,1.6579742431640625,5.536911010742188,8.110397338867188,0.6312713623046875,-0.0562591552734375,-0.524017333984375
2018-06-04,6,1,299.5938720703125,294.65008544921875,2.72113037109375,0.0131988525390625,904.875,91161.3125,268.9201965332031,283.7387084960937,292.92047119140625,0.0046930648386478,0.0089666806161403,0.0153640173375606,2.837677001953125,2.76123046875,4.018798828125,2.381256103515625,1.6801300048828125,-0.277923583984375
2018-06-04,12,2,298.1726989746094,293.8560791015625,1.9499359130859373,0.6400146484375,526.125,90914.390625,269.4732971191406,284.6804504394531,294.05841064453125,0.0052769854664802,0.0086837075650691,0.0139064714312553,1.837493896484375,4.421051025390625,4.7579345703125,-0.1172027587890625,3.01220703125,1.3500518798828125
2018-06-04,18,3,295.8489990234375,294.0574951171875,2.3324127197265625,1.55792236328125,206.25,91153.453125,269.13189697265625,284.43280029296875,292.6832580566406,0.0052063111215829,0.00818882137537,0.0142866410315036,-6.07110595703125,1.1887359619140625,6.948516845703125,0.2068328857421875,2.0959930419921875,3.1336669921875
2018-06-05,0,0,296.1798095703125,294.08624267578125,3.1014404296875,1.0986328125,50.5,91073.09375,269.26629638671875,284.2601928710937,292.56982421875,0.0048429425805807,0.0098763853311538,0.0138271450996398,-2.242782592773437,-1.3748779296875,9.421417236328123,0.25091552734375,0.3415985107421875,4.5212249755859375
2018-06-05,6,1,300.8958740234375,294.77587890625,3.3915252685546875,0.35394287109375,415.625,91192.34375,269.09674072265625,283.82489013671875,292.6926574707031,0.0050060115754604,0.0098630711436271,0.014904111623764,-2.760345458984375,-0.68939208984375,4.9976959228515625,1.1724395751953125,3.051055908203125,0.2586212158203125
2018-06-05,12,2,299.3519592285156,295.5069580078125,1.90081787109375,2.168441772460937,954.5,90954.859375,270.0699462890625,284.4021301269531,294.315185546875,0.0050327107310295,0.0091835930943489,0.0141990333795547,1.328765869140625,2.1961822509765625,5.0264892578125,2.0679168701171875,0.8710174560546875,1.718292236328125
2018-06-05,18,3,296.68438720703125,295.2369384765625,2.5877838134765625,1.0576629638671875,499.5,91320.109375,269.1894836425781,284.0610656738281,292.8639831542969,0.0052414489910006,0.0092015601694583,0.0136499740183353,-0.7401275634765625,3.272369384765625,8.216781616210938,1.6455230712890625,0.1112060546875,-0.4865570068359375
2018-06-06,0,0,296.58465576171875,294.1866455078125,2.44378662109375,1.228240966796875,54.25,91272.21875,268.69366455078125,284.3439636230469,292.99444580078125,0.0049927346408367,0.0099790953099727,0.0130968242883682,1.25567626953125,4.7831878662109375,10.009124755859377,1.4875640869140625,-2.2216339111328125,1.5477294921875
2018-06-06,6,1,301.1273498535156,294.1730041503906,4.9997406005859375,-0.006591796875,64.5,91389.265625,269.3710327148437,284.572998046875,293.06695556640625,0.0044243764132261,0.0094071924686431,0.0142645835876464,2.574249267578125,5.204498291015625,8.485824584960938,2.191390991210937,-1.5247344970703125,-0.6743927001953125
2018-06-06,12,2,300.8928527832031,295.333984375,2.972503662109375,0.5383148193359375,828.25,91138.53125,269.6784362792969,284.738525390625,294.3379211425781,0.0039320616051554,0.0090595930814743,0.0147601030766963,6.318634033203125,5.85101318359375,7.80224609375,1.250244140625,-0.886749267578125,0.133392333984375
2018-06-06,18,3,297.08868408203125,294.3150634765625,3.6661529541015625,1.5971221923828125,83.0,91408.015625,269.2452392578125,284.4942932128906,292.1947021484375,0.0040942840278148,0.0087400134652853,0.0140081383287906,4.7637939453125,4.448577880859375,10.447250366210938,-0.202301025390625,1.487091064453125,1.8969268798828125
2018-06-07,0,0,296.1712646484375,293.9695739746094,3.557464599609375,0.6537322998046875,0.75,91229.5,269.91943359375,284.6767272949219,290.8041381835937,0.0035458037164062,0.0098119266331195,0.0145398862659931,5.93017578125,6.5861358642578125,12.916290283203123,4.317596435546875,0.0837860107421875,1.46844482421875
2018-06-07,6,1,299.4283447265625,294.6590576171875,5.199371337890625,0.845123291015625,73.75,91264.453125,269.8188781738281,284.2431945800781,292.3881225585937,0.004181545227766,0.009340533055365,0.0148483328521251,7.1072540283203125,9.386688232421877,9.1495361328125,4.004165649414063,0.556640625,1.1851043701171875
2018-06-07,12,2,299.1629333496094,294.3406982421875,4.1851959228515625,2.062850952148437,198.625,91086.390625,270.2698059082031,284.1388244628906,292.4102478027344,0.005391988903284,0.0099157467484474,0.0147556066513061,8.700347900390625,13.248626708984377,12.679885864257812,0.672271728515625,1.3604583740234375,4.281982421875
2018-06-07,18,3,295.487060546875,293.9491577148437,4.069854736328125,2.752227783203125,96.0,91261.40625,269.573486328125,284.66705322265625,291.3202819824219,0.0053487569093704,0.009409561753273,0.0152131840586662,10.536529541015623,12.554855346679688,15.30169677734375,4.87322998046875,0.5341644287109375,7.0079498291015625
2018-06-08,0,0,295.96929931640625,293.98809814453125,5.2023773193359375,3.005218505859375,13.25,90990.796875,269.8232421875,286.4047241210937,290.8905639648437,0.0053558647632598,0.0084196738898754,0.0147018693387508,9.09197998046875,16.110397338867188,17.030380249023438,4.388397216796875,5.0638427734375,8.14117431640625
2018-06-08,6,1,298.4318542480469,293.84637451171875,8.065414428710938,2.8491973876953125,127.5,91140.796875,269.6622619628906,284.8782958984375,291.85009765625,0.0053360760211944,0.0081330798566341,0.0148820281028747,8.332565307617188,22.471649169921875,16.990432739257812,7.0215606689453125,3.633026123046875,4.239898681640625
2018-06-08,12,2,298.98046875,294.35919189453125,4.56402587890625,2.28546142578125,30.875,90930.765625,270.02947998046875,284.26715087890625,291.986328125,0.0051921717822551,0.0104243606328964,0.0149985048919916,15.023086547851562,20.339157104492188,13.997360229492188,5.942535400390625,1.284820556640625,4.672332763671875
2018-06-08,18,3,296.0790710449219,293.24267578125,5.2482757568359375,2.236434936523437,38.75,91019.953125,270.0541076660156,285.96783447265625,291.37939453125,0.0044718161225318,0.007405437529087,0.0154189988970756,16.817123413085938,23.3709716796875,17.296737670898438,3.208740234375,1.9901123046875,3.753143310546875
2018-06-09,0,0,295.7891845703125,292.10418701171875,5.6305999755859375,1.812774658203125,0.0,90836.390625,270.40533447265625,285.2807006835937,290.6241149902344,0.0038212917279452,0.0096857734024524,0.0133485272526741,19.676681518554688,25.802490234375,17.424667358398438,5.32623291015625,0.4477691650390625,3.504623413085937
2018-06-09,6,1,297.5111083984375,293.6561279296875,7.6081695556640625,0.292724609375,595.25,90995.5625,270.6835327148437,284.05633544921875,292.23004150390625,0.0033498085103929,0.0102981850504875,0.0155984945595264,20.664810180664062,22.107711791992188,18.81382751464844,5.3924713134765625,-1.577545166015625,-1.118560791015625
2018-06-09,12,2,297.14276123046875,292.9921875,6.555023193359375,-1.31866455078125,7.5,90853.171875,270.746826171875,283.83917236328125,291.8504638671875,0.0039990390650928,0.010038886219263,0.014815142378211,20.4798583984375,19.027069091796875,16.183212280273438,4.526046752929688,-3.467803955078125,-3.039657592773437
2018-06-09,18,3,295.29315185546875,293.0484924316406,3.980178833007813,0.2352447509765625,91.75,91060.984375,271.6003723144531,283.77227783203125,291.5349426269531,0.002467185491696,0.0087404437363147,0.0155123695731163,26.27886962890625,18.928436279296875,12.252197265625,2.30010986328125,-6.58001708984375,-0.39739990234375
2018-06-10,0,0,295.85723876953125,293.930908203125,4.7579193115234375,0.9946746826171876,66.25,91016.3125,271.45135498046875,283.5725402832031,291.3268737792969,0.0022888530511409,0.0093564018607139,0.0151130147278308,24.338836669921875,17.147674560546875,16.719314575195312,0.6455535888671875,-3.5529327392578125,0.6399078369140625
2018-06-10,6,1,300.238037109375,294.7663269042969,6.578765869140625,0.2284393310546875,690.0,91129.40625,270.4421691894531,284.7300720214844,293.4041442871094,0.0035212361253798,0.0089117549359798,0.0151480175554752,21.279556274414062,16.319549560546875,13.264434814453123,0.675262451171875,-2.6470947265625,-1.3628997802734375
2018-06-10,12,2,298.4303894042969,294.7643737792969,5.30120849609375,0.7387847900390625,105.625,90981.984375,270.7826538085937,284.3153686523437,292.5946044921875,0.0046506188809871,0.0101219192147254,0.015273243188858,18.03916931152344,17.857742309570312,16.393447875976562,-1.2357025146484375,-3.566009521484375,0.5934906005859375
2018-06-10,18,3,296.216064453125,293.45428466796875,5.2571563720703125,0.3334808349609375,2.875,91193.859375,271.72393798828125,285.0700988769531,290.6644287109375,0.0021910595241934,0.0085920542478561,0.0145611129701137,19.683868408203125,16.797164916992188,16.485382080078125,-0.1461334228515625,-5.524703979492188,-1.3946990966796875
2018-06-11,0,0,296.4294738769531,293.97833251953125,5.0673828125,0.7215728759765625,83.75,91038.625,270.2376708984375,285.49298095703125,291.09735107421875,0.0033707951661199,0.0077597573399543,0.0152119323611259,16.258209228515625,14.445938110351562,15.805999755859377,-0.8111572265625,-7.818923950195312,-0.4150390625
2018-06-11,6,1,299.4505615234375,294.63836669921875,6.21575927734375,0.007080078125,851.25,91226.21875,270.021728515625,284.6503295898437,292.38104248046875,0.004082154482603,0.0088993050158023,0.0155855603516101,15.320816040039062,13.31439208984375,12.944305419921877,-1.2346954345703125,-4.323089599609375,-0.7878875732421875
2018-06-11,12,2,300.33563232421875,294.8712463378906,4.30731201171875,0.7783050537109375,146.25,91018.984375,269.94561767578125,284.9385986328125,292.9491577148437,0.0042351000010967,0.0094850212335586,0.0153874047100543,13.822952270507812,13.987762451171877,15.538497924804688,-2.943832397460937,-4.5200958251953125,-0.155029296875
2018-06-11,18,3,296.9080505371094,293.96405029296875,4.7162017822265625,1.5345001220703125,51.0,91285.46875,269.5970764160156,284.8441162109375,291.2652587890625,0.0043092300184071,0.0082190185785293,0.0152822509407997,11.767929077148438,12.103164672851562,14.7027587890625,-1.0160369873046875,-5.326675415039063,0.8060150146484375
2018-06-12,0,0,296.1434936523437,294.2799072265625,4.719894409179688,1.20086669921875,189.0,91049.75,269.4500732421875,285.77734375,291.59130859375,0.0045414753258228,0.0085468627512454,0.0155310630798339,12.318954467773438,10.634963989257812,15.460067749023438,1.09375,-3.543426513671875,1.46063232421875
2018-06-12,6,1,299.4388427734375,293.75689697265625,6.7548675537109375,0.9508819580078124,404.5,91231.453125,268.94873046875,284.7835998535156,292.468017578125,0.0049997940659523,0.0084962770342826,0.0145392827689647,13.021438598632812,11.377838134765623,13.535751342773438,2.109237670898437,-3.075912475585937,0.704345703125
2018-06-12,12,2,300.6851501464844,294.3175048828125,4.380157470703125,1.570098876953125,180.375,91035.5625,268.78326416015625,284.2041015625,293.082275390625,0.0043201670050621,0.0089758299291133,0.0142890401184558,12.495880126953123,11.72027587890625,13.7119140625,1.8958587646484373,-3.832183837890625,1.8179779052734373
2018-06-12,18,3,297.23614501953125,294.23779296875,4.2399444580078125,1.4600677490234375,36.375,91277.5,268.85797119140625,285.47216796875,290.7926025390625,0.0031823131721466,0.0049337111413478,0.0148898437619209,11.6822509765625,9.358322143554688,13.930267333984377,0.1406097412109375,-4.442886352539063,1.3334503173828125
2018-06-13,0,0,296.0531005859375,293.7339172363281,4.621490478515625,1.51934814453125,48.375,91080.9375,269.82568359375,285.24639892578125,290.830322265625,0.0028042893391102,0.0064384415745735,0.0149431154131889,13.353851318359377,8.709930419921875,14.965286254882812,1.5979156494140625,-3.3683319091796875,1.4065704345703125
2018-06-13,6,1,299.96063232421875,294.09503173828125,6.135498046875,0.8467864990234375,200.375,91243.8125,268.732421875,285.2963256835937,292.485107421875,0.0031347628682851,0.0066994912922382,0.0149778313934803,11.218338012695312,7.852325439453125,10.647537231445312,1.3181610107421875,-1.647857666015625,1.170867919921875
2018-06-13,12,2,300.2030029296875,295.1532287597656,3.7100830078125,0.78857421875,268.0,91072.390625,269.55108642578125,284.37725830078125,292.6099853515625,0.0032124808058142,0.0086219981312751,0.0153297521173954,11.023330688476562,8.646484375,9.387954711914062,0.9228668212890624,-3.2972412109375,0.606903076171875
2018-06-13,18,3,296.17462158203125,293.9390869140625,4.145660400390625,1.5628814697265625,33.25,91277.21875,269.4662475585937,284.9242248535156,291.2166748046875,0.0029008924029767,0.0071382410824298,0.0151445418596267,10.318878173828123,6.717132568359375,14.1956787109375,0.42584228515625,-3.1060943603515625,0.5225067138671875
2018-06-14,0,0,296.0400390625,293.6889343261719,3.2177734375,0.8438262939453125,91.125,91194.484375,268.79071044921875,284.0346069335937,290.6167297363281,0.0041742548346519,0.0083484426140785,0.0147951580584049,9.26202392578125,8.026992797851562,11.632354736328123,1.7319183349609375,-2.1182098388671875,-0.96868896484375
2018-06-14,6,1,298.679931640625,293.57818603515625,4.077911376953125,0.9558563232421876,1953.0,91324.78125,268.34735107421875,283.6744079589844,291.68475341796875,0.0042067170143127,0.0089884884655475,0.0155620798468589,8.907424926757812,7.158233642578125,9.789230346679688,0.564208984375,-1.8771820068359373,-0.067291259765625
2018-06-14,12,2,297.1265869140625,294.4459533691406,3.466949462890625,1.178375244140625,629.0,91176.34375,268.6388244628906,284.1552429199219,292.8272399902344,0.0046180561184883,0.008831650018692,0.0146113149821758,7.218673706054687,7.184738159179688,9.961013793945312,-1.9628753662109373,-1.1874237060546875,0.1529388427734375
2018-06-14,18,3,295.419921875,294.23492431640625,3.927734375,0.621246337890625,64.0,91346.75,268.5863647460937,284.69610595703125,291.01873779296875,0.0041942186653614,0.0077348873019218,0.0144369304180145,6.1502532958984375,5.022857666015625,12.50750732421875,-0.5793914794921875,-2.277099609375,-1.8267059326171875
2018-06-15,0,0,296.45751953125,293.8847045898437,3.3224029541015625,0.1727447509765625,159.5,91229.359375,269.3065185546875,283.8255615234375,290.22332763671875,0.00269141420722,0.0086350180208683,0.014120664447546,9.000335693359375,2.935577392578125,10.64569091796875,2.646347045898437,0.4926300048828125,-2.017822265625
2018-06-15,6,1,299.5738525390625,293.97314453125,3.854583740234375,0.5335693359375,677.25,91418.265625,268.83306884765625,282.9629821777344,291.72833251953125,0.0033636668231338,0.0087210536003112,0.014926616102457,10.011184692382812,3.9131927490234375,6.3744659423828125,1.732269287109375,1.0402679443359375,0.5071563720703125
2018-06-15,12,2,300.76776123046875,295.6719970703125,3.56854248046875,1.0034027099609375,1278.125,91206.953125,268.6771850585937,283.6437683105469,293.26043701171875,0.0040565058588981,0.0096393823623657,0.0148602426052093,9.687759399414062,6.4771575927734375,9.236404418945312,-0.512939453125,-1.9285888671875,0.93597412109375
2018-06-15,18,3,295.71563720703125,294.0287475585937,3.8399658203125,1.146728515625,197.625,91467.15625,268.59002685546875,284.09234619140625,291.8001708984375,0.0031596848275512,0.0077866464853286,0.014393700286746,8.080718994140625,6.14190673828125,12.062347412109377,-0.3573455810546875,-2.39361572265625,-0.0449981689453125
2018-06-16,0,0,295.4862670898437,293.71295166015625,3.4907379150390625,0.2261962890625,80.625,91362.6875,268.1278076171875,284.6251220703125,290.8284912109375,0.0041958540678024,0.0065909884870052,0.0130552016198635,8.759384155273438,7.38604736328125,12.134872436523438,2.722198486328125,-0.663909912109375,-2.3223876953125
2018-06-16,6,1,300.23663330078125,293.6749572753906,4.712448120117188,-0.332611083984375,100.75,91507.109375,268.1826171875,284.22247314453125,292.8353881835937,0.0040196552872657,0.0062278062105178,0.0132015496492385,8.849777221679688,7.560714721679687,8.732635498046875,2.724105834960937,0.190460205078125,-1.327606201171875
2018-06-16,12,2,301.627685546875,294.50762939453125,3.33221435546875,0.888153076171875,370.25,91298.203125,268.62969970703125,283.34246826171875,293.583251953125,0.0037478525191545,0.0087458975613117,0.0139753334224224,10.034942626953123,7.722366333007812,7.61669921875,-1.0961456298828125,-2.76226806640625,0.7987518310546875
2018-06-16,18,3,295.6040344238281,294.0559997558594,3.2201080322265625,1.2361907958984375,169.125,91555.53125,268.26373291015625,283.5634765625,292.057373046875,0.0035662280861288,0.0073364339768886,0.0137436920776963,7.8601531982421875,7.65789794921875,9.501815795898438,-1.2971954345703125,-1.752288818359375,0.1604766845703125
2018-06-17,0,0,295.501220703125,293.8251342773437,3.0661773681640625,0.3294525146484375,41.5,91430.640625,268.15631103515625,283.95562744140625,291.7933959960937,0.0032074549235403,0.005910251289606,0.0128189362585544,8.148040771484375,8.330734252929688,12.264083862304688,-0.6962738037109375,-0.278289794921875,-1.3827667236328125
2018-06-17,6,1,299.6648254394531,294.1771240234375,5.926925659179688,0.814361572265625,374.0,91527.171875,267.63946533203125,283.05987548828125,291.30926513671875,0.0043629519641399,0.0079066567122936,0.0141893401741981,7.2574462890625,10.439971923828123,11.001113891601562,-3.0770721435546875,0.242523193359375,0.9821624755859376
2018-06-17,12,2,299.1607666015625,293.812744140625,4.028167724609375,1.1364593505859375,470.75,91258.234375,268.1087646484375,284.40234375,293.12359619140625,0.00462032482028,0.0068498887121677,0.01358781196177,5.4942626953125,12.743423461914062,12.100051879882812,-4.0448760986328125,-2.436553955078125,0.80279541015625
2018-06-17,18,3,295.597900390625,293.1853942871094,3.4650115966796875,0.9778594970703124,59.625,91465.15625,266.90655517578125,284.0628662109375,291.3593444824219,0.0044809691607952,0.0048098750412464,0.0131337530910968,5.233306884765625,11.267745971679688,10.9688720703125,-3.361541748046875,-1.0755767822265625,-1.1815185546875
2018-06-18,0,0,295.63751220703125,293.24609375,3.6617584228515625,1.15545654296875,32.75,91305.828125,267.70635986328125,284.3044128417969,290.1534423828125,0.0034438306465744,0.0064809657633304,0.0138091333210468,4.682769775390625,10.288009643554688,13.636428833007812,-1.4665069580078125,-0.6569366455078125,0.8054962158203125
2018-06-18,6,1,300.271240234375,293.25390625,5.966033935546875,0.902862548828125,67.125,91414.125,268.4622802734375,283.202392578125,291.7846069335937,0.0022376906126737,0.0071333535015583,0.0139090428128838,5.473419189453125,12.182647705078123,10.321334838867188,0.268798828125,0.16058349609375,1.3587799072265625
2018-06-18,12,2,300.40106201171875,293.4246520996094,3.357162475585937,1.1603546142578125,143.0,91177.078125,267.43560791015625,283.22003173828125,292.8792724609375,0.0035618641413748,0.0078907012939453,0.0124231167137622,5.6972503662109375,11.794021606445312,11.081466674804688,-2.1415557861328125,-1.864288330078125,0.9801025390625
2018-06-18,18,3,295.81866455078125,293.35223388671875,4.037200927734375,1.5018768310546875,12.5,91409.96875,268.2923278808594,283.42626953125,290.0804443359375,0.002473046304658,0.0074738524854183,0.0136530175805091,4.333297729492188,9.788131713867188,13.3106689453125,-3.587753295898437,-1.0319976806640625,2.6926727294921875
2018-06-19,0,0,295.43536376953125,292.85406494140625,4.3593292236328125,2.279754638671875,17.125,91209.390625,268.4026794433594,284.36297607421875,289.1269226074219,0.0028550862334668,0.0082167387008667,0.0130748227238655,0.31561279296875,6.188934326171875,13.716659545898438,-2.7015380859375,-1.1377410888671875,4.6943359375
2018-06-19,6,1,299.50341796875,292.71636962890625,6.49114990234375,2.1665191650390625,22.0,91283.5,268.7201538085937,284.59130859375,292.13232421875,0.0029274651315063,0.0076688695698976,0.0134462974965572,0.9330902099609376,6.82806396484375,12.2796630859375,-0.327484130859375,0.0319976806640625,4.0095062255859375
2018-06-19,12,2,300.05035400390625,294.3810119628906,4.32489013671875,1.6750640869140625,32.125,91073.75,269.4258117675781,283.95806884765625,293.078857421875,0.0026805722154676,0.0099619142711162,0.0136382952332496,3.064682006835937,7.68768310546875,11.35260009765625,-0.1439056396484375,0.442138671875,3.616851806640625
2018-06-19,18,3,295.2240600585937,293.13238525390625,3.37261962890625,2.9207763671875,10.0,91272.125,268.66131591796875,284.3446044921875,291.19659423828125,0.0027525522746145,0.0098438374698162,0.0139924325048923,6.098297119140625,7.169845581054688,12.868484497070312,0.4234619140625,3.829025268554688,6.7725982666015625
2018-06-20,0,0,295.1843566894531,293.8860168457031,3.3201141357421875,2.3704376220703125,55.625,91146.265625,268.67352294921875,285.0182189941406,290.7701416015625,0.0055749788880348,0.0097038820385932,0.014665137976408,4.726959228515625,9.93634033203125,13.029296875,-1.5895843505859375,4.860610961914063,5.815704345703125
2018-06-20,6,1,297.45623779296875,294.8545227050781,5.81103515625,2.828582763671875,105.625,91285.75,268.82232666015625,284.77789306640625,291.84832763671875,0.0051606185734272,0.0082966536283493,0.0144835375249385,4.9063720703125,5.2252349853515625,10.099807739257812,3.087310791015625,4.10235595703125,4.623809814453125
2018-06-20,12,2,298.75567626953125,294.8463439941406,4.962448120117188,2.844207763671875,179.625,91028.890625,268.9400939941406,284.921630859375,291.92889404296875,0.0052654929459095,0.0083432234823703,0.0150271579623222,2.55511474609375,9.554046630859377,9.947219848632812,-1.04931640625,7.421096801757812,4.080535888671875
2018-06-20,18,3,295.0856018066406,293.821044921875,3.13812255859375,1.8932037353515625,41.875,91294.078125,269.05682373046875,284.3259582519531,290.7999267578125,0.0053043477237224,0.0081501100212335,0.0146962590515613,1.2877044677734375,11.462646484375,12.56512451171875,0.251556396484375,2.8867950439453125,2.7775115966796875
2018-06-21,0,0,295.6161804199219,293.90509033203125,3.7631988525390634,1.435791015625,90.875,91155.125,268.45269775390625,285.114013671875,290.1787414550781,0.0051780231297016,0.0096109397709369,0.014024619013071,3.211654663085937,4.071075439453125,13.499420166015623,3.264404296875,2.64727783203125,1.24969482421875
2018-06-21,6,1,298.341552734375,293.4272766113281,5.239593505859375,1.267730712890625,332.75,91282.421875,269.78106689453125,283.46002197265625,291.876708984375,0.0045165121555328,0.0103483386337757,0.0147174075245857,4.7925872802734375,6.901138305664063,11.077835083007812,2.1786041259765625,2.276962280273437,0.7670135498046875
2018-06-21,12,2,298.28619384765625,294.46832275390625,3.196533203125,1.268280029296875,77.5,90988.71875,269.44598388671875,284.77960205078125,292.6145935058594,0.0041954889893531,0.008751668035984,0.0136293917894363,1.7905731201171875,7.741287231445312,11.274307250976562,-0.0974578857421875,2.573516845703125,1.987152099609375
2018-06-21,18,3,295.1449279785156,292.7652587890625,4.121826171875,0.320770263671875,0.0,91294.78125,268.7652587890625,285.1051025390625,290.05633544921875,0.0040818080306053,0.008496806025505,0.0130836032330989,-0.35882568359375,9.112274169921877,13.165740966796877,2.567977905273437,-0.5734100341796875,-1.8207855224609373
2018-06-22,0,0,294.78662109375,292.42987060546875,3.42413330078125,0.4105072021484375,0.0,91154.171875,268.87237548828125,284.19012451171875,289.94256591796875,0.004198245704174,0.0104117393493652,0.0124051794409751,6.29339599609375,8.3731689453125,13.241424560546877,1.725189208984375,-1.3574371337890625,-2.8527984619140625
2018-06-22,6,1,297.6590881347656,292.3467102050781,4.9883575439453125,-0.185211181640625,11.75,91263.484375,269.6105651855469,283.85406494140625,292.50006103515625,0.0023260826710611,0.009993091225624,0.0127318501472473,5.8830108642578125,8.819427490234375,11.038406372070312,-0.006256103515625,-0.5992584228515625,-2.40472412109375
2018-06-22,12,2,298.8558654785156,293.7618103027344,3.34686279296875,1.432342529296875,15.75,91049.484375,270.1467590332031,283.3897705078125,292.83526611328125,0.0026241175364702,0.0103888511657714,0.0133515857160091,2.5769805908203125,8.856216430664062,8.874923706054688,-0.0341796875,0.2231597900390625,1.5678558349609375
2018-06-22,18,3,295.1099548339844,292.73883056640625,3.854156494140625,0.9349212646484376,0.0,91210.75,270.1081848144531,284.2250061035156,290.40106201171875,0.0026417204644531,0.0103322844952344,0.0136792175471782,2.5181884765625,8.456985473632812,12.938766479492188,3.8703765869140634,-2.055694580078125,0.2882537841796875
2018-06-23,0,0,295.53436279296875,292.8580322265625,3.1597442626953125,0.97784423828125,1.25,91144.921875,268.8946228027344,283.66815185546875,290.09722900390625,0.0036181600298732,0.0103101711720228,0.0140047930181026,3.728363037109375,8.059906005859375,11.40594482421875,3.096176147460937,-0.639495849609375,-1.1837615966796875
2018-06-23,6,1,299.509765625,293.1726379394531,4.514495849609375,0.8798980712890625,161.875,91254.234375,269.7703857421875,283.17645263671875,291.4306030273437,0.0031528896652162,0.0103508234024047,0.0144403614103794,3.9937744140625,7.9490203857421875,7.493515014648437,1.238922119140625,0.8889923095703125,1.07769775390625
2018-06-23,12,2,298.5855712890625,294.4166259765625,4.346450805664063,1.4737091064453125,247.625,91062.109375,269.46539306640625,283.5449523925781,291.7642822265625,0.0047112219035625,0.0105580575764179,0.0152717009186744,4.0133819580078125,7.223297119140625,9.224380493164062,-0.2906341552734375,0.153167724609375,3.170135498046875
2018-06-23,18,3,294.68682861328125,292.9115905761719,3.304916381835937,0.582550048828125,5.125,91336.859375,268.8284912109375,283.34521484375,290.22784423828125,0.0050943382084369,0.0100083816796541,0.0129166562110185,3.28857421875,8.285110473632812,12.415283203125,0.6996307373046875,0.5868072509765625,-1.7614593505859375
2018-06-24,0,0,295.6668701171875,293.47705078125,2.7529754638671875,1.1787872314453125,30.0,91198.46875,268.5463256835937,283.3016357421875,290.0939025878906,0.0048785582184791,0.0103749111294746,0.0131830088794231,3.152801513671875,10.421234130859377,11.785186767578123,1.25445556640625,0.4627838134765625,-0.3554840087890625
2018-06-24,6,1,298.49188232421875,293.80181884765625,5.65179443359375,0.1313323974609375,51.125,91355.03125,269.07769775390625,283.21160888671875,291.7411193847656,0.0043511688709259,0.0092705804854631,0.0136322192847728,3.2521514892578125,10.94256591796875,11.091384887695312,1.255218505859375,-1.490692138671875,-0.4373321533203125
2018-06-24,12,2,299.5189819335937,294.7326354980469,3.621002197265625,1.3776397705078125,254.75,91101.703125,269.23553466796875,283.39276123046875,293.00830078125,0.0043553449213504,0.0090772658586502,0.0137941390275955,3.307220458984375,11.041839599609377,10.725814819335938,-0.375335693359375,-1.6269683837890625,2.16845703125
2018-06-24,18,3,295.61968994140625,292.71893310546875,3.661285400390625,0.7033538818359375,8.0,91404.828125,268.7977294921875,283.39434814453125,290.3781433105469,0.0038742036558687,0.0090423859655857,0.0139004103839397,3.9380035400390634,9.943222045898438,11.741424560546877,-0.598724365234375,-2.0697784423828125,-1.523895263671875
2018-06-25,0,0,295.4114990234375,293.21209716796875,3.2021636962890625,1.29608154296875,14.125,91200.78125,268.1659240722656,284.244384765625,290.0223693847656,0.0044852867722511,0.0095967184752225,0.0139678679406642,3.412109375,8.875732421875,12.168136596679688,0.1263885498046875,0.25933837890625,1.226531982421875
2018-06-25,6,1,299.0999755859375,293.4124755859375,5.9787139892578125,1.0330047607421875,36.125,91283.921875,268.24462890625,283.9457702636719,291.7490234375,0.0039520668797194,0.0088554956018924,0.0140473321080207,3.040756225585937,10.800033569335938,9.919509887695312,0.6925048828125,-0.7558746337890625,1.537811279296875
2018-06-25,12,2,299.30377197265625,295.0588684082031,3.2360076904296875,0.635528564453125,368.5,91060.859375,269.21484375,283.09014892578125,292.5351257324219,0.003869782667607,0.0097662881016731,0.0141758993268013,2.952621459960937,12.214675903320312,9.890274047851562,-1.6643829345703125,0.9180450439453124,0.1101226806640625
2018-06-25,18,3,294.8238525390625,292.85064697265625,4.0508880615234375,0.3350372314453125,72.375,91304.875,267.89324951171875,283.36846923828125,290.8656005859375,0.0045798271894454,0.0091978162527084,0.0144331064075231,2.425689697265625,12.844924926757812,14.86376953125,0.260345458984375,-2.4944305419921875,-0.610382080078125
2018-06-26,0,0,295.5713806152344,293.0253601074219,4.1872100830078125,0.6810760498046875,3.125,91106.515625,268.1412353515625,284.05047607421875,289.8516845703125,0.0040725236758589,0.0080819800496101,0.013624683022499,3.5242156982421875,11.823715209960938,15.082168579101562,2.1148681640625,-0.6948699951171875,-0.758026123046875
2018-06-26,6,1,297.4021911621094,294.7855224609375,6.699127197265625,0.4749603271484375,81.875,91239.5,267.6830749511719,283.8285522460937,291.2437744140625,0.0037165055982768,0.0080496706068515,0.0140152163803577,4.659515380859375,12.57568359375,11.713424682617188,3.24420166015625,-2.314727783203125,0.638153076171875
2018-06-26,12,2,299.290771484375,293.3020935058594,4.9934844970703125,0.5298004150390625,270.25,90999.71875,268.134765625,283.67822265625,292.4170837402344,0.0042286328971385,0.0080565027892589,0.0142771638929843,7.8103179931640625,12.1209716796875,13.090988159179688,4.0406646728515625,-3.3065338134765625,-0.15447998046875
2018-06-26,18,3,294.9779968261719,292.4364318847656,4.620040893554688,1.1728363037109375,63.375,91228.46875,267.5060119628906,284.32470703125,289.8881225585937,0.0045447722077369,0.0059992186725139,0.0139898173511028,6.7212677001953125,12.79888916015625,14.473098754882812,1.9564361572265625,-2.869369506835937,0.7040557861328125
2018-06-27,0,0,295.6361083984375,293.04327392578125,4.991500854492188,1.3930511474609375,16.0,90949.53125,267.9428100585937,284.3266296386719,289.4222412109375,0.0043654069304466,0.0077830217778682,0.0136454887688159,6.6717681884765625,13.408721923828123,15.904571533203123,-0.14312744140625,-4.1441497802734375,1.4456787109375
2018-06-27,6,1,297.8898010253906,293.15948486328125,5.9578857421875,0.97393798828125,79.5,91076.03125,267.7439270019531,284.2386474609375,292.0025939941406,0.0043824408203363,0.0071979612112045,0.0135866664350032,6.965377807617188,11.170852661132812,11.336837768554688,-1.0536956787109375,-3.239898681640625,1.2898101806640625
2018-06-27,12,2,297.0253601074219,294.5089111328125,3.702713012695313,2.136688232421875,61.125,90978.84375,268.96636962890625,283.50079345703125,291.0253601074219,0.004685889929533,0.0091851390898227,0.0143274497240781,7.7895355224609375,9.896926879882812,10.744583129882812,-1.551025390625,-1.696258544921875,2.829803466796875
2018-06-27,18,3,295.09002685546875,293.2865295410156,3.5802154541015625,1.6523895263671875,120.0,91197.375,268.2079467773437,283.50787353515625,290.4084777832031,0.005224086344242,0.007841620594263,0.0143324006348848,7.482269287109375,10.205108642578123,13.607467651367188,1.2607269287109375,-0.2060546875,0.9131011962890624
2018-06-28,0,0,294.99224853515625,293.147705078125,3.7867279052734375,2.03253173828125,53.5,91051.171875,268.2921142578125,283.3417358398437,289.94903564453125,0.0048953238874673,0.0094179734587669,0.013853270560503,7.265274047851562,8.932571411132812,15.064727783203123,0.468994140625,-1.117462158203125,3.95697021484375
2018-06-28,6,1,297.877685546875,293.759765625,5.689788818359375,2.1082000732421875,222.625,91180.796875,269.0140380859375,282.86212158203125,291.19354248046875,0.0056171938776969,0.0092022530734539,0.0142109245061874,13.66241455078125,7.96783447265625,15.936203002929688,-2.8968658447265625,0.9251861572265624,4.153823852539063
2018-06-28,12,2,298.33941650390625,294.3330078125,3.997634887695313,1.874298095703125,261.5,91007.484375,268.9188232421875,283.525634765625,291.509521484375,0.0049953926354646,0.0081447064876556,0.0145461149513721,7.17352294921875,11.640899658203123,9.078933715820312,5.81817626953125,-4.2725372314453125,1.8549957275390625
2018-06-28,18,3,295.17022705078125,293.5006103515625,2.5196990966796875,1.80145263671875,88.5,91288.90625,268.6845703125,282.7822265625,291.52203369140625,0.0045888908207416,0.0081381537020206,0.013001225888729,6.20880126953125,10.233001708984377,12.154754638671877,5.4956817626953125,-1.3507080078125,0.6297607421875
2018-06-29,0,0,294.92584228515625,293.3328552246094,1.54644775390625,1.9611663818359373,34.625,91129.203125,267.94879150390625,283.3973693847656,290.4010314941406,0.0048490092158317,0.008532989770174,0.0131400600075721,7.9110870361328125,6.323944091796875,10.076828002929688,4.4033203125,-0.86785888671875,2.626556396484375
2018-06-29,6,1,298.4713439941406,294.48223876953125,3.016326904296875,1.1732177734375,513.875,91221.09375,268.8734130859375,283.0082397460937,291.3095703125,0.0047486424446105,0.0072097852826118,0.0135849006474018,7.0648193359375,2.7541961669921875,7.6181182861328125,1.5531005859375,1.1765899658203125,1.9830169677734373
2018-06-29,12,2,298.41461181640625,294.2376708984375,3.1536407470703125,0.81396484375,375.25,91031.328125,268.763671875,283.2001342773437,291.8910522460937,0.0049067065119743,0.0087196230888366,0.0145740695297718,1.062774658203125,3.2471923828125,9.061599731445312,4.7150421142578125,2.11395263671875,1.1200714111328125
2018-06-29,18,3,295.521240234375,293.12939453125,2.7071533203125,0.918060302734375,84.5,91317.71875,268.3109741210937,283.41876220703125,290.6513977050781,0.0042474754154682,0.0090852826833724,0.0136629976332187,1.3933563232421875,3.382537841796875,10.56707763671875,2.9267120361328125,3.951248168945313,-0.2646484375
2018-06-30,0,0,294.9965209960937,292.6316833496094,2.429779052734375,1.003387451171875,101.0,91194.953125,268.97821044921875,282.6796264648437,289.8892822265625,0.0033663904760032,0.0089352391660213,0.0132664889097213,0.85247802734375,4.4097442626953125,8.797958374023438,6.540313720703125,-1.1977996826171875,-1.6542510986328125
2018-06-30,6,1,299.4613647460937,293.6324462890625,3.588592529296875,-0.5120086669921875,220.0,91403.65625,268.3018798828125,282.2497863769531,290.7557983398437,0.0047541037201881,0.0084035620093345,0.013799387961626,3.13525390625,1.670806884765625,6.3250274658203125,5.7512054443359375,-1.2244873046875,-1.4300537109375
2018-06-30,12,2,300.1317749023437,294.08551025390625,3.223114013671875,0.4857330322265625,385.75,91084.125,269.13104248046875,283.016357421875,292.6822509765625,0.0045693255960941,0.0090384222567081,0.0138250384479761,0.846282958984375,2.595428466796875,6.35723876953125,3.784454345703125,1.579498291015625,-0.2834014892578125
2018-06-30,18,3,295.368896484375,293.90087890625,2.0227813720703125,0.71319580078125,126.5,91354.0625,268.6439208984375,282.9825439453125,292.105224609375,0.004224332049489,0.0091426745057106,0.0132040232419967,-0.35577392578125,3.815139770507813,8.145492553710938,2.790374755859375,0.617767333984375,-0.884246826171875
2018-07-01,0,0,294.90966796875,293.2572021484375,2.285873413085937,0.5650634765625,6.0,91214.609375,268.59747314453125,282.54608154296875,291.8305053710937,0.0043364092707633,0.0087145157158374,0.0107938479632139,2.826141357421875,3.4928741455078125,5.691421508789063,1.1890411376953125,0.1853179931640625,-0.3902130126953125
2018-07-01,6,1,298.8143310546875,293.5355224609375,2.803192138671875,0.7861785888671875,4.75,91380.828125,268.29705810546875,282.84686279296875,290.784423828125,0.0046878233551979,0.0080860368907451,0.0134143121540546,4.332778930664063,3.9598541259765625,4.17822265625,0.780364990234375,0.0654754638671875,0.987823486328125
2018-07-01,12,2,300.30889892578125,292.871826171875,2.188095092773437,-0.1040496826171875,613.625,91183.328125,268.3886108398437,283.15399169921875,293.1878662109375,0.0044667162001132,0.0087713971734046,0.0140986442565917,2.3739013671875,6.756378173828125,3.876800537109375,0.1441650390625,1.02862548828125,0.574737548828125
2018-07-01,18,3,295.62078857421875,293.8250732421875,1.9277191162109373,1.0415802001953125,180.5,91395.078125,268.14996337890625,282.84332275390625,291.1888427734375,0.0049234740436077,0.0091096721589565,0.0144023708999156,1.1410064697265625,5.129669189453125,6.181640625,-0.8365936279296875,0.908721923828125,1.1907958984375
2018-07-02,0,0,295.4854736328125,293.60089111328125,2.560943603515625,0.8507537841796875,46.75,91228.359375,268.46124267578125,283.76123046875,291.34625244140625,0.0042975470423698,0.008331511169672,0.0117357596755027,1.7302703857421875,5.5858154296875,8.259994506835938,2.176666259765625,-0.0028533935546875,0.679534912109375
2018-07-02,6,1,299.5210876464844,293.6407470703125,3.984375,0.73223876953125,67.875,91333.75,268.2978515625,283.3375244140625,291.3487548828125,0.0041499380022287,0.0076869577169418,0.0140636228024959,2.6353759765625,3.765579223632813,6.137969970703125,2.830047607421875,1.620941162109375,0.6269683837890625
2018-07-02,12,2,300.7088928222656,295.067138671875,3.838455200195313,-0.0816650390625,428.75,91077.203125,269.4115600585937,283.73834228515625,293.00469970703125,0.0040107201784849,0.0100851245224475,0.0136436112225055,2.201507568359375,5.57464599609375,9.944549560546877,0.7270355224609375,-1.8441925048828125,-1.4152984619140625
2018-07-02,18,3,295.42889404296875,293.0740966796875,3.0332183837890625,0.9271392822265624,57.75,91440.734375,268.2578430175781,283.08074951171875,290.0503845214844,0.0047665052115917,0.0101851969957351,0.0140349864959716,3.1460113525390625,7.64794921875,11.308242797851562,-0.4113006591796875,-2.202865600585937,-1.24273681640625
2018-07-03,0,0,295.0161437988281,293.22491455078125,2.2282867431640625,1.3233795166015625,53.125,91368.703125,267.2232666015625,283.0888061523437,290.58526611328125,0.0041232518851757,0.0080062299966812,0.0129821449518203,4.804046630859375,9.233779907226562,10.896011352539062,-1.9222869873046875,1.8800048828125,0.388092041015625
2018-07-03,6,1,299.09698486328125,293.18035888671875,5.349639892578125,-1.0613555908203125,35.375,91385.984375,267.2041015625,284.11676025390625,292.1390380859375,0.0039792419411242,0.0069822669029235,0.0132446475327014,5.58746337890625,9.3109130859375,9.112335205078123,2.482391357421875,1.39569091796875,-2.01190185546875
2018-07-03,12,2,300.5439453125,293.6591796875,2.9318084716796875,0.160369873046875,122.25,91189.75,268.6265563964844,282.9149169921875,293.7109069824219,0.0039902031421661,0.0090202540159225,0.0131159573793411,5.388229370117188,8.796478271484375,8.183151245117188,2.8917388916015625,-2.562896728515625,-1.311676025390625
2018-07-03,18,3,296.5904846191406,293.1686706542969,2.8549346923828125,0.624755859375,37.625,91472.046875,267.1951904296875,283.46343994140625,291.8281555175781,0.0036797788925468,0.0081741418689489,0.0126480422914028,8.21441650390625,8.551849365234375,9.722427368164062,1.78948974609375,-3.268524169921875,-2.0349884033203125
2018-07-04,0,0,294.5409545898437,293.03424072265625,2.7608184814453125,0.6340484619140625,0.0,91354.515625,267.72674560546875,283.55645751953125,290.2178649902344,0.0036996870767325,0.008625715970993,0.0129518844187259,8.0015869140625,8.273727416992188,12.503204345703123,0.1441192626953125,-1.238189697265625,-2.050399780273437
2018-07-04,6,1,299.2765808105469,292.6884765625,5.3004302978515625,-0.145782470703125,10.0,91498.578125,268.1356811523437,283.754638671875,291.45233154296875,0.0033111865632236,0.0067440755665302,0.0126783438026905,7.8274383544921875,8.9666748046875,10.603042602539062,-2.41424560546875,-0.031494140625,-0.9856109619140624
2018-07-04,12,2,300.3981628417969,292.7967224121094,3.900466918945313,0.429443359375,11.75,91278.734375,268.1564636230469,283.24224853515625,293.3221740722656,0.0023105454165488,0.0074478276073932,0.0124329701066017,7.113815307617188,10.874710083007812,9.93670654296875,-0.93597412109375,-1.7834320068359375,-0.303985595703125
2018-07-04,18,3,296.0872802734375,292.3946533203125,3.769821166992188,0.293914794921875,0.0,91522.546875,268.0852966308594,284.0208740234375,290.8312683105469,0.0015554788988083,0.0061370432376861,0.0124056488275527,6.7648468017578125,10.274826049804688,12.416732788085938,-0.4179534912109375,-2.516708374023437,-2.6300048828125
2018-07-05,0,0,294.193359375,292.704345703125,3.255950927734375,0.321258544921875,0.0,91344.515625,268.1731872558594,284.642333984375,290.73583984375,0.0017744083888828,0.005194928497076,0.011621993035078,5.3622894287109375,7.931304931640625,14.598953247070312,-0.29669189453125,-2.060455322265625,-3.25
2018-07-05,6,1,300.0431213378906,291.5162353515625,6.47308349609375,-0.227569580078125,15.25,91434.28125,268.80938720703125,284.2851867675781,292.4388122558594,0.0018280493095517,0.0067443624138832,0.0121747981756925,5.98101806640625,8.662353515625,12.18505859375,-1.1249237060546875,-3.0833740234375,-1.0856781005859375
2018-07-05,12,2,301.223876953125,292.4683837890625,4.1213226318359375,0.4130096435546875,37.5,91193.0,269.3581237792969,282.9893798828125,294.11065673828125,0.0019300337880849,0.008556742221117,0.0120178386569023,4.6632232666015625,10.416061401367188,10.99267578125,-3.1904449462890625,-3.462188720703125,0.1363372802734375
2018-07-05,18,3,295.82958984375,292.0153503417969,4.429290771484375,0.5442962646484375,0.0,91446.640625,268.9303894042969,283.41021728515625,290.4558410644531,0.0018771081231534,0.0083255767822265,0.0124619752168655,2.1582794189453125,10.4940185546875,14.7384033203125,-3.96685791015625,-4.1236572265625,-1.4972381591796875
2018-07-06,0,0,294.7641906738281,292.2110900878906,4.322418212890625,0.3849945068359375,0.0,91225.625,268.7427062988281,283.9518127441406,289.251953125,0.0040444699116051,0.0088886432349681,0.013357438147068,3.723342895507813,7.907379150390625,14.76806640625,-4.484893798828125,-4.1295166015625,-1.901214599609375
2018-07-06,6,1,297.3554382324219,292.732666015625,6.278167724609375,-0.179046630859375,13.25,91317.0625,268.241455078125,283.4026184082031,290.9708251953125,0.0047630034387111,0.0089570693671703,0.0137665383517742,5.585479736328125,11.6341552734375,10.812149047851562,-2.4827117919921875,-3.813079833984375,-0.595062255859375
2018-07-06,12,2,298.2557983398437,294.37255859375,4.558441162109375,-0.469818115234375,127.5,91088.796875,268.64910888671875,283.4581298828125,291.6068420410156,0.0049556642770767,0.008548267185688,0.0145145133137702,5.6828155517578125,13.65264892578125,11.902099609375,-2.350128173828125,-7.02093505859375,-2.49365234375
2018-07-06,18,3,295.8681030273437,293.4464416503906,3.654953002929688,1.0313568115234375,120.75,91303.578125,268.427001953125,284.1553955078125,290.7562866210937,0.0047959871590137,0.0077108666300773,0.0148162133991718,12.219268798828123,10.142196655273438,12.555557250976562,-2.14520263671875,-7.4155120849609375,-1.2372589111328125
2018-07-07,0,0,295.3253173828125,293.5991516113281,3.2678375244140625,1.1084747314453125,167.0,91124.71875,268.587646484375,283.1134338378906,290.635498046875,0.0051572956144809,0.0094429701566696,0.014513686299324,10.373733520507812,9.527694702148438,10.839859008789062,-2.73602294921875,-3.892410278320313,-0.159637451171875
2018-07-07,6,1,296.8892822265625,294.4058532714844,3.9957122802734375,2.304412841796875,377.5,91174.015625,268.697509765625,283.51220703125,291.1031494140625,0.0052552781999111,0.0088779330253601,0.0142813362181186,8.043777465820312,10.56988525390625,14.424545288085938,-5.132339477539063,-1.5984344482421875,2.387847900390625
2018-07-07,12,2,297.60076904296875,294.257080078125,4.1995391845703125,0.7382659912109375,273.0,90993.671875,268.887451171875,283.62188720703125,291.45166015625,0.0051730200648307,0.00819893181324,0.0142209976911544,8.54534912109375,15.410125732421877,12.746002197265623,-2.7439727783203125,-1.595123291015625,-0.4772186279296875
2018-07-07,18,3,295.4774169921875,293.0980834960937,4.019622802734375,0.0001983642578125,62.0,91137.9375,268.75067138671875,283.498291015625,290.742919921875,0.0050015859305858,0.0079025588929653,0.0147314481437206,10.329360961914062,14.340316772460938,14.250930786132812,-2.6180419921875,-6.231201171875,-2.4828338623046875
2018-07-08,0,0,295.2018127441406,293.19976806640625,3.741790771484375,0.245574951171875,50.5,91053.96875,268.556884765625,283.0367431640625,290.3416748046875,0.0050247460603713,0.0090129077434539,0.0143284648656845,11.180923461914062,13.866806030273438,12.949020385742188,-0.954071044921875,-6.958892822265625,-0.98114013671875
2018-07-08,6,1,297.9755859375,292.89404296875,5.203521728515625,0.437286376953125,105.0,91092.828125,269.0745849609375,284.0775146484375,291.71685791015625,0.0045097153633832,0.0082065276801586,0.0142075717449188,11.752304077148438,10.749740600585938,10.925674438476562,0.058013916015625,-4.563766479492188,-0.268310546875
2018-07-08,12,2,296.7741394042969,294.15771484375,3.32916259765625,0.151031494140625,189.0,90973.03125,269.39422607421875,283.5106201171875,291.7452392578125,0.0052013657987117,0.0090342126786708,0.0148304477334022,8.8037109375,13.783782958984377,11.60504150390625,-1.040252685546875,-3.7274017333984375,-1.1659088134765625
2018-07-08,18,3,295.66827392578125,292.67205810546875,3.96771240234375,-0.23004150390625,47.5,91114.390625,269.0489196777344,283.2442626953125,290.7705078125,0.0038882000371813,0.0090962164103984,0.0147884264588356,8.330978393554688,14.573486328125,12.889755249023438,1.44952392578125,-3.7801666259765625,-1.6578369140625
2018-07-09,0,0,295.03424072265625,293.144775390625,3.454818725585937,0.618133544921875,8.5,90972.3125,269.6432800292969,282.7889404296875,290.30303955078125,0.0039797462522983,0.0091644823551177,0.0142008941620588,7.198333740234375,15.552444458007812,13.069732666015623,2.900497436523437,-3.2320098876953125,-1.3917083740234375
2018-07-09,6,1,298.3237609863281,293.7389221191406,5.88824462890625,1.2294921875,36.625,91159.875,269.1220092773437,283.1526794433594,291.5795288085937,0.0041816644370555,0.009407665580511,0.0139915235340595,7.5029144287109375,14.428787231445312,12.912979125976562,2.439727783203125,-2.0067901611328125,1.2015838623046875
2018-07-09,12,2,298.5267639160156,293.6505126953125,4.88934326171875,0.5398101806640625,62.75,90944.65625,269.4249267578125,283.4333801269531,291.6389465332031,0.0041888356208801,0.0087473280727863,0.0145829245448112,10.137557983398438,11.7552490234375,11.7239990234375,0.8957061767578125,-2.945663452148437,-0.438873291015625
2018-07-09,18,3,295.10211181640625,293.05584716796875,4.4760589599609375,1.053497314453125,15.25,91202.875,268.940673828125,283.30670166015625,290.2848815917969,0.0049250796437263,0.0074153430759906,0.0143978856503963,8.381027221679688,13.901565551757812,14.5701904296875,-1.389129638671875,-1.4739837646484375,0.4154052734375
2018-07-10,0,0,295.3577880859375,293.0143737792969,3.728683471679688,1.2810821533203125,5.125,91055.109375,268.70184326171875,283.7339782714844,290.227294921875,0.0047898702323436,0.0081618018448352,0.0142692476511001,5.1187591552734375,15.782012939453123,14.579483032226562,2.0465240478515625,-0.963470458984375,0.6513519287109375
2018-07-10,6,1,298.873291015625,294.767578125,6.0135650634765625,0.8997955322265625,39.0,91236.140625,269.06689453125,283.30078125,291.16961669921875,0.0040555326268076,0.0079652778804302,0.0141619518399238,9.539932250976562,14.441024780273438,11.259384155273438,2.470947265625,-1.564788818359375,0.8966217041015625
2018-07-10,12,2,296.1959533691406,294.54522705078125,4.525726318359375,0.613128662109375,156.5,91084.546875,269.5546264648437,282.9232482910156,290.89727783203125,0.0054348036646842,0.010119866579771,0.0148639902472496,7.7470703125,15.366500854492188,13.124664306640623,-1.7081298828125,-1.0481719970703125,0.4067230224609375
2018-07-10,18,3,294.4295959472656,293.1890869140625,4.17138671875,0.48760986328125,52.0,91318.453125,268.59771728515625,283.10272216796875,290.3056640625,0.0050182491540908,0.0082684010267257,0.0143266469240188,7.551177978515625,16.592941284179688,15.650039672851562,-0.760009765625,-1.69146728515625,-1.1572265625
2018-07-11,0,0,294.80126953125,293.0445251464844,3.991729736328125,1.5307159423828125,3.5,91166.671875,269.16168212890625,282.7048645019531,289.6650390625,0.0049074031412601,0.0089348852634429,0.0137919485569,3.6840972900390634,18.0849609375,14.275009155273438,0.6293487548828125,-0.589202880859375,0.7674560546875
2018-07-11,6,1,297.9959411621094,294.0157470703125,4.1912841796875,1.251373291015625,305.75,91267.296875,268.44635009765625,282.9603271484375,291.4219970703125,0.0047359876334667,0.0083696357905864,0.0146655850112438,10.34381103515625,19.438552856445312,12.014907836914062,2.367584228515625,-1.897857666015625,0.739898681640625
2018-07-11,12,2,295.39501953125,293.3941650390625,5.5749359130859375,-0.036651611328125,47.0,91056.046875,269.6122131347656,282.978271484375,290.5278015136719,0.0054641366004943,0.0098649151623249,0.0142164528369903,9.428955078125,19.358551025390625,16.007064819335938,-1.9484405517578125,-3.129867553710937,-1.1969146728515625
2018-07-11,18,3,294.03814697265625,292.3458251953125,5.786148071289063,0.60723876953125,94.75,91305.03125,269.3096618652344,282.99591064453125,290.00225830078125,0.0054517276585102,0.0084457397460937,0.0139713566750288,11.560562133789062,21.158599853515625,19.072525024414062,-3.89727783203125,-3.9110260009765625,-2.3097686767578125
2018-07-12,0,0,294.533203125,292.6790771484375,5.5833282470703125,2.0526885986328125,2.75,91092.046875,269.40948486328125,283.2181396484375,289.6224975585937,0.004267007112503,0.0082210917025804,0.0137656740844249,8.437057495117188,22.0177001953125,18.03355407714844,-0.7322845458984375,-2.484237670898437,3.0631561279296875
2018-07-12,6,1,298.36083984375,293.6487121582031,8.25555419921875,0.215118408203125,12.25,91188.375,269.06427001953125,283.0329284667969,291.6273498535156,0.0037515563890337,0.0083911009132862,0.0135169215500354,8.988784790039062,21.637451171875,15.056259155273438,1.9694061279296875,-2.404083251953125,0.4183197021484375
2018-07-12,12,2,297.6199951171875,293.6220092773437,4.924835205078125,-0.117645263671875,55.0,90981.40625,269.7684326171875,282.9328918457031,291.2454833984375,0.0038755305577069,0.0093166939914226,0.0142246335744857,9.859375,20.133041381835938,15.169754028320312,-0.6610870361328125,-4.4886474609375,-0.51348876953125
2018-07-12,18,3,294.80242919921875,292.8866577148437,4.2383880615234375,1.0258026123046875,197.25,91180.296875,269.2451171875,282.1171264648437,290.88671875,0.0051877759397029,0.0095194838941097,0.0149880237877368,11.419143676757812,20.265411376953125,14.838302612304688,-2.40802001953125,-5.66986083984375,2.162200927734375
2018-07-13,0,0,294.6483154296875,293.21435546875,4.860885620117188,0.9819183349609376,5.0,90978.296875,269.7167358398437,283.32928466796875,290.1610107421875,0.0047828461974859,0.009186421521008,0.0142475180327892,6.6896820068359375,19.007537841796875,16.524139404296875,-1.2928009033203125,-2.357162475585937,0.62884521484375
2018-07-13,6,1,297.1785888671875,294.744140625,5.4608306884765625,0.72723388671875,160.0,91159.78125,269.3240661621094,283.61102294921875,290.97088623046875,0.0056076338514685,0.0081826709210872,0.0143272317945957,8.572799682617188,16.413345336914062,16.307907104492188,-3.88665771484375,0.4891204833984375,0.5181427001953125
2018-07-13,12,2,296.9667358398437,294.285400390625,5.071441650390625,0.61376953125,37.25,91023.78125,269.06500244140625,283.2752380371094,290.80859375,0.0048384927213191,0.0092005021870136,0.0142949055880308,8.813339233398438,17.855850219726562,14.389144897460938,-0.0381011962890625,-3.2838134765625,0.3875732421875
2018-07-13,18,3,295.0457458496094,293.1868896484375,5.089691162109375,0.3118438720703125,27.5,91195.96875,269.0800170898437,284.28350830078125,289.8138122558594,0.0041947811841964,0.0071002691984176,0.0139704421162605,4.37158203125,17.563095092773438,16.200836181640625,-0.3603668212890625,-1.6004791259765625,-1.616912841796875
2018-07-14,0,0,295.1712646484375,293.14727783203125,5.4058685302734375,0.90594482421875,24.5,90971.734375,268.9046630859375,283.95428466796875,290.4804382324219,0.004469022154808,0.0095406584441661,0.0145759098231792,7.2035064697265625,19.24183654785156,17.067153930664062,0.6940460205078125,-2.598251342773437,-0.1488494873046875
2018-07-14,6,1,298.8988647460937,293.121337890625,8.488128662109375,-1.5482177734375,3.25,91098.078125,268.69287109375,283.2650756835937,291.8876342773437,0.0039070965722203,0.009599070996046,0.0140889175236225,9.126480102539062,17.612579345703125,15.95928955078125,2.404571533203125,-3.384033203125,-2.9791412353515625
2018-07-14,12,2,298.042236328125,293.0404663085937,6.56964111328125,0.4181060791015625,0.0,90917.875,270.027587890625,283.33843994140625,291.7269897460937,0.0039964262396097,0.0105725228786468,0.0140525642782449,10.898757934570312,18.132247924804688,16.224761962890625,-0.9092864990234376,-2.297607421875,-0.0862274169921875
2018-07-14,18,3,295.74090576171875,292.9937744140625,6.1353302001953125,0.067840576171875,28.5,91114.53125,270.094482421875,284.02117919921875,290.5009765625,0.0027419598773121,0.0089255347847938,0.0144036561250686,9.723419189453123,20.56318664550781,17.807846069335938,0.1253509521484375,-3.5851287841796875,-1.769195556640625
2018-07-15,0,0,295.9882202148437,292.8039855957031,5.844879150390625,-0.21240234375,17.75,90893.125,270.3232727050781,284.1871337890625,290.2309265136719,0.0032966234721243,0.0091869905591011,0.01415291801095,11.276412963867188,18.62338256835937,17.179519653320312,1.9298248291015625,-3.45623779296875,-2.0881805419921875
2018-07-15,6,1,299.072021484375,292.4662475585937,9.110458374023438,-1.469207763671875,5.0,91053.21875,269.2686767578125,283.118896484375,292.15301513671875,0.0038662340957671,0.0099816396832466,0.0137513726949691,11.444061279296877,17.380172729492188,17.833358764648438,-1.2114410400390625,-1.889434814453125,-3.43768310546875
2018-07-15,12,2,299.07501220703125,293.0416564941406,6.4239349365234375,0.4183197021484375,8.25,90900.59375,269.5772399902344,283.2665100097656,292.4075927734375,0.0035265304613858,0.0095854625105857,0.0138297453522682,14.0794677734375,18.33056640625,15.50665283203125,-1.9365997314453125,-2.9490966796875,-0.6671142578125
2018-07-15,18,3,295.9862670898437,292.0725402832031,5.67083740234375,-0.3077850341796875,34.25,91132.484375,269.9813537597656,283.99981689453125,290.9163818359375,0.003423481946811,0.0080872569233179,0.0147462375462055,10.065048217773438,19.826324462890625,17.292709350585938,-1.0702056884765625,-3.8837890625,-1.635040283203125
2018-07-16,0,0,295.84796142578125,293.0037841796875,5.360870361328125,0.3383026123046875,24.625,90955.4375,269.7999267578125,284.4355773925781,290.36492919921875,0.0044364407658576,0.0086721815168857,0.0142500326037406,9.752777099609377,18.4783935546875,17.262680053710938,1.132781982421875,-1.730621337890625,-0.9932098388671876
2018-07-16,6,1,296.49810791015625,293.1636657714844,8.083160400390625,-0.3613128662109375,36.0,91166.765625,268.9339599609375,282.828857421875,290.8875427246094,0.0039520561695098,0.0103614963591098,0.0140777304768562,7.326629638671875,19.669998168945312,15.988784790039062,2.064056396484375,-2.163116455078125,-1.0816650390625
2018-07-16,12,2,297.7846069335937,292.9864501953125,5.833740234375,0.653564453125,19.75,91004.234375,269.8942565917969,282.85430908203125,291.3537292480469,0.0041084848344326,0.0101622082293033,0.0138737149536609,9.312423706054688,19.962371826171875,15.508636474609377,0.5306396484375,-2.377777099609375,-0.2228240966796875
2018-07-16,18,3,295.7250061035156,292.1206359863281,6.328216552734375,0.747406005859375,6.625,91229.46875,269.4392395019531,283.3580627441406,290.13916015625,0.0047769956290721,0.0090092197060585,0.0135739184916019,8.728851318359375,20.94935607910156,18.798004150390625,1.432342529296875,-3.2728729248046875,0.1516571044921875
2018-07-17,0,0,295.262939453125,292.4993896484375,5.04949951171875,1.69024658203125,20.125,91083.09375,268.8253173828125,284.80780029296875,290.180419921875,0.0041331518441438,0.008377194404602,0.0142591819167137,8.059829711914062,17.944686889648438,16.127151489257812,4.113250732421875,-2.0066375732421875,1.9547119140625
2018-07-17,6,1,298.82781982421875,292.9849548339844,8.803939819335938,-0.79638671875,0.5,91144.96875,269.2474975585937,283.4281921386719,291.9396057128906,0.0045537576079368,0.0100663676857948,0.0138945057988166,8.407485961914062,16.810577392578125,16.004837036132812,1.614532470703125,-1.3497161865234375,-1.8952789306640625
2018-07-17,12,2,298.833984375,293.3538818359375,6.149932861328125,0.3209381103515625,0.375,90975.359375,269.502685546875,283.372314453125,291.8427429199219,0.0047288313508033,0.0096564292907714,0.0141883231699466,9.469833374023438,15.802749633789062,14.745147705078123,2.0079345703125,-2.2359619140625,-0.83868408203125
2018-07-17,18,3,295.67730712890625,292.57159423828125,5.3682708740234375,0.1619415283203125,3.5,91267.203125,268.716064453125,282.9259033203125,290.43365478515625,0.0043554715812206,0.0095587521791458,0.0141812097281217,4.8151397705078125,17.702972412109375,17.049560546875,0.8368377685546875,-0.969818115234375,-1.649566650390625
2018-07-18,0,0,295.120849609375,292.321044921875,5.2875823974609375,0.998291015625,7.0,91139.546875,268.4266052246094,284.2187194824219,289.6514587402344,0.0049180164933204,0.0097776912152767,0.013757262378931,4.1754150390625,14.478103637695312,16.49359130859375,1.2408447265625,-1.24176025390625,0.5389862060546875
2018-07-18,6,1,298.11834716796875,293.0355834960937,8.28094482421875,-0.1146392822265625,17.5,91204.109375,268.1908874511719,284.3697509765625,291.969970703125,0.004905991256237,0.0090189799666404,0.0137691404670476,3.876144409179688,16.94927978515625,14.705078125,-0.4475250244140625,-1.1912689208984375,-0.378814697265625
2018-07-18,12,2,299.3775634765625,294.0514221191406,4.9181060791015625,-0.0052337646484375,21.625,91055.140625,268.48248291015625,283.7960205078125,292.1763916015625,0.0044067203998565,0.0097419805824756,0.0139801539480686,4.42913818359375,13.662521362304688,15.076065063476562,-1.8443603515625,-2.9484100341796875,-1.44708251953125
2018-07-18,18,3,295.46600341796875,292.4697265625,4.996551513671875,0.6920928955078125,10.5,91333.015625,268.6334228515625,283.4017028808594,289.793212890625,0.0038030126597732,0.0094157755374908,0.0138474181294441,3.656295776367188,14.653717041015623,15.048568725585938,-0.9195098876953124,-3.5472412109375,-0.80084228515625
2018-07-19,0,0,295.78680419921875,293.2383117675781,4.700607299804688,0.8136138916015625,19.5,91143.03125,267.6502685546875,284.62750244140625,290.3896484375,0.0048667304217815,0.009534366428852,0.014529924839735,5.806732177734375,14.551177978515623,15.623153686523438,-0.222900390625,-2.11248779296875,0.0297698974609375
2018-07-19,6,1,298.3656616210937,293.8984069824219,7.2024993896484375,0.225372314453125,16.75,91226.34375,268.0792236328125,284.40704345703125,291.4816589355469,0.0046180449426174,0.0087110288441181,0.014384776353836,5.122161865234375,15.5032958984375,12.88409423828125,-1.4208831787109375,-2.960052490234375,0.00750732421875
2018-07-19,12,2,297.8154296875,294.2330017089844,4.5938720703125,0.9761199951171876,44.75,91101.96875,268.8869934082031,283.258544921875,291.6837158203125,0.004666768014431,0.0100066065788269,0.0141732580959796,3.5172119140625,14.112197875976562,14.4229736328125,-2.4464874267578125,-3.3216094970703125,1.0564422607421875
2018-07-19,18,3,294.8087158203125,292.7090759277344,5.308502197265625,0.9727783203125,5.25,91293.921875,267.5484619140625,283.4029541015625,289.8573608398437,0.004862068220973,0.0095631219446659,0.0140597634017467,2.92657470703125,15.43316650390625,16.685577392578125,-1.99932861328125,-2.3314208984375,0.46295166015625
2018-07-20,0,0,295.40399169921875,292.6318359375,5.239273071289063,1.251617431640625,13.25,91139.640625,267.6995849609375,283.5274353027344,290.0535888671875,0.0044311918318271,0.0094356648623943,0.0141369141638278,4.865280151367188,18.069244384765625,16.154159545898438,0.3423004150390625,-1.2040252685546875,2.15966796875
2018-07-20,6,1,298.4560546875,293.1783447265625,8.48260498046875,0.6228790283203125,2.5,91264.53125,268.400390625,283.3890380859375,291.2900390625,0.0045737065374851,0.0092222541570663,0.014074545353651,4.275894165039063,17.035385131835938,15.01361083984375,0.1269378662109375,0.1697540283203125,0.52685546875
2018-07-20,12,2,297.20220947265625,294.6395874023437,5.136978149414063,0.9403076171875,67.0,91098.4375,268.9927978515625,283.7016906738281,291.3572082519531,0.0053184293210506,0.009273424744606,0.0140263959765434,5.721588134765625,17.151824951171875,14.298843383789062,-0.8956451416015625,0.0324554443359375,0.4606781005859375
2018-07-20,18,3,294.9089050292969,293.2915954589844,5.502593994140625,0.999114990234375,6.5,91323.546875,268.8531494140625,284.1513671875,289.759033203125,0.0049929916858673,0.008404292166233,0.0139150246977806,2.5836181640625,16.754257202148438,18.001190185546875,1.18646240234375,-0.481353759765625,0.3662261962890625
2018-07-21,0,0,295.28448486328125,292.7974548339844,5.4535980224609375,1.3910064697265625,7.25,91174.40625,268.61676025390625,283.5223999023437,289.4754638671875,0.0047534815967082,0.0091140232980251,0.0137107335031032,6.512863159179688,18.596939086914062,17.13818359375,0.3484344482421875,0.0467071533203125,1.8902435302734373
2018-07-21,6,1,298.34521484375,293.5868530273437,7.62542724609375,-0.838775634765625,4.0,91339.234375,268.2622985839844,283.1138916015625,291.5218505859375,0.0044739320874214,0.0097919143736362,0.0134047456085681,7.000579833984375,17.949432373046875,16.46380615234375,0.812591552734375,-1.14666748046875,-2.472763061523437
2018-07-21,12,2,298.3316650390625,293.4078063964844,5.956695556640625,-0.209381103515625,0.0,91213.90625,269.5247802734375,283.43658447265625,291.6792907714844,0.0041494467295706,0.0096609694883227,0.0139859467744827,8.470123291015625,17.806365966796875,15.185256958007812,0.731231689453125,-2.741943359375,-1.7010345458984375
2018-07-21,18,3,295.03076171875,293.1610412597656,5.25201416015625,-0.632110595703125,8.0,91421.5,269.7227478027344,283.24566650390625,289.5145263671875,0.0036833577323704,0.0091053582727909,0.0136493537575006,8.14202880859375,18.450347900390625,15.823196411132812,0.1041107177734375,-4.377197265625,-3.520660400390625
2018-07-22,0,0,295.32427978515625,292.3248596191406,5.047027587890625,0.8158416748046875,1.375,91202.265625,269.2279052734375,283.8400573730469,289.4178466796875,0.003709998447448,0.0097994804382324,0.0136287994682788,5.297943115234375,17.513290405273438,16.357635498046875,0.6354217529296875,-4.1623382568359375,-0.525848388671875
2018-07-22,6,1,298.61444091796875,292.4423828125,8.183258056640625,-0.3519287109375,4.25,91370.078125,268.0683898925781,282.7255249023437,291.098876953125,0.0040341056883335,0.0102660283446311,0.0136195346713066,5.0798187255859375,15.865203857421877,15.155609130859377,3.1693267822265625,-3.2429962158203125,-1.1595916748046875
2018-07-22,12,2,299.15380859375,292.8233642578125,5.639801025390625,-0.3296966552734375,0.25,91120.734375,269.4388122558594,283.14422607421875,292.49462890625,0.0031934350263327,0.0089887790381908,0.0135902892798185,7.567413330078125,15.067962646484377,13.84564208984375,2.2353668212890625,-4.251388549804688,-2.1942596435546875
2018-07-22,18,3,295.4598388671875,292.5971374511719,4.6847686767578125,0.36328125,4.75,91330.125,269.69140625,284.0604248046875,289.4539794921875,0.0032141646370291,0.008479967713356,0.0136789586395025,7.8779449462890625,14.5557861328125,14.7860107421875,0.340301513671875,-4.9478759765625,-1.7299652099609375
2018-07-23,0,0,295.72467041015625,293.01336669921875,4.844970703125,0.4066925048828125,8.25,91135.5,269.486328125,284.512451171875,289.93280029296875,0.0033812883775681,0.0096313338726758,0.0140856988728046,6.3347930908203125,13.695632934570312,15.452911376953123,1.8173675537109373,-3.791168212890625,-1.0359039306640625
2018-07-23,6,1,298.5121459960937,292.79541015625,7.403671264648437,-1.18792724609375,3.75,91294.171875,269.5780334472656,283.74566650390625,291.6152648925781,0.0030192569829523,0.009412694722414,0.0134748704731464,7.200958251953125,13.819580078125,13.680862426757812,1.09808349609375,-2.391357421875,-2.553329467773437
2018-07-23,12,2,298.3109130859375,294.360107421875,4.801788330078125,-0.1039886474609375,85.0,91106.484375,269.4407958984375,283.3648681640625,291.5722045898437,0.004223808646202,0.0098854433745145,0.0147574506700038,6.197113037109375,11.570831298828123,11.517547607421877,-2.744842529296875,-1.8588714599609373,-1.2606964111328125
2018-07-23,18,3,295.3731994628906,292.89459228515625,4.186782836914063,0.457916259765625,10.0,91390.125,269.21124267578125,283.7269287109375,289.654052734375,0.0032238743733614,0.0094658229500055,0.0138643775135278,1.6928863525390625,11.33172607421875,13.84344482421875,0.7994537353515625,-4.90020751953125,-1.81939697265625
2018-07-24,0,0,295.33612060546875,293.28973388671875,4.038101196289063,1.0553436279296875,11.25,91281.921875,268.69110107421875,283.886962890625,289.918701171875,0.0043001202866435,0.0104195289313793,0.0140171274542808,3.12060546875,8.778335571289062,13.583084106445312,-1.930755615234375,-3.583221435546875,-0.4600372314453125
2018-07-24,6,1,297.3033142089844,293.381103515625,5.921295166015625,-0.16455078125,37.75,91422.609375,269.5694580078125,283.4261474609375,291.0784912109375,0.0032003943342715,0.0101658180356025,0.0140917114913463,2.332122802734375,10.533889770507812,11.290206909179688,-1.4526214599609375,-2.3763427734375,-1.3928680419921875
2018-07-24,12,2,297.7274169921875,295.4173583984375,4.178802490234375,-0.031036376953125,83.25,91219.265625,269.9974365234375,283.6732788085937,292.10467529296875,0.0032110312022268,0.0099672824144363,0.0141571573913097,2.2437896728515625,9.524246215820312,11.999588012695312,-2.4638214111328125,-2.814437866210937,-2.8802642822265625
2018-07-24,18,3,295.1390991210937,293.0772705078125,4.46038818359375,0.2952728271484375,3.75,91500.6875,270.40386962890625,283.7655639648437,289.61102294921875,0.0025673296768218,0.0093961227685213,0.0137813352048397,-0.1516876220703125,8.082229614257812,14.000320434570312,-1.295867919921875,-3.837081909179688,-2.266937255859375
2018-07-25,0,0,295.5455322265625,292.6363220214844,4.0274810791015625,0.29498291015625,13.75,91298.03125,270.0331420898437,284.1902160644531,289.40777587890625,0.0032334777060896,0.0092514231801033,0.0136448256671428,0.9623260498046876,5.988525390625,12.923904418945312,-1.1323699951171875,-1.9077911376953125,-1.685089111328125
2018-07-25,6,1,298.18310546875,293.5106811523437,5.498214721679688,-0.4354248046875,11.25,91435.578125,271.5279846191406,284.34490966796875,290.9950561523437,0.0021753790788352,0.0089185945689678,0.0140287764370441,1.85797119140625,5.3552093505859375,9.837310791015623,-0.677642822265625,0.21868896484375,-1.3293914794921875
2018-07-25,12,2,298.1786499023437,294.9668884277344,3.4892730712890625,0.3746185302734375,81.25,91212.90625,271.795166015625,283.43341064453125,292.5474853515625,0.0019500630442053,0.0100045390427112,0.0137911215424537,3.1939697265625,8.583755493164062,10.592117309570312,-1.4409027099609375,-1.5084991455078125,-1.4728546142578125
2018-07-25,18,3,295.3843994140625,293.7342834472656,3.8413238525390634,0.473724365234375,0.0,91512.765625,269.8793640136719,283.35333251953125,290.160400390625,0.0022712086793035,0.0099620930850505,0.0140579156577587,4.85498046875,7.9906768798828125,11.756805419921877,-0.2211151123046875,-1.9945831298828125,-2.2844696044921875
2018-07-26,0,0,295.6182556152344,293.62127685546875,3.3768768310546875,0.5679168701171875,15.75,91391.515625,269.4405517578125,283.4322204589844,289.6293334960937,0.0022826690692454,0.0100434012711048,0.013790525496006,6.4528350830078125,6.85540771484375,12.239166259765623,-0.5942535400390625,-1.104583740234375,-1.7547607421875
2018-07-26,6,1,298.189453125,293.2182922363281,6.00726318359375,-0.015045166015625,2.5,91476.21875,270.1959228515625,283.95556640625,291.75408935546875,0.0020161257125437,0.0098252929747104,0.0140044912695884,6.99786376953125,7.768661499023437,10.278762817382812,-0.10174560546875,-0.3393402099609375,-0.262451171875
2018-07-26,12,2,298.8342590332031,294.67169189453125,4.128143310546875,0.185638427734375,18.0,91249.421875,270.4515075683594,284.0851135253906,292.3778076171875,0.0021519772708415,0.0093710198998451,0.0143498517572879,10.093292236328123,9.553497314453123,10.673263549804688,0.277801513671875,-3.302001953125,-0.237762451171875
2018-07-26,18,3,296.037109375,293.2008056640625,3.659271240234375,0.8275604248046875,23.0,91519.03125,270.0546875,284.42822265625,290.2147827148437,0.0018589841201901,0.0074435882270336,0.0138875693082809,9.6146240234375,9.809173583984377,11.225326538085938,-1.0767669677734375,-2.5717010498046875,-1.5974578857421875
2018-07-27,0,0,295.5579833984375,293.2845458984375,3.735397338867188,0.961822509765625,8.375,91256.8125,269.96368408203125,285.3309936523437,289.497314453125,0.0023701379541307,0.0068574659526348,0.0135395154356956,10.28955078125,6.9428558349609375,13.830856323242188,-3.2692413330078125,-2.76690673828125,0.15869140625
2018-07-27,6,1,298.4372863769531,293.2667236328125,5.76629638671875,0.3193206787109375,25.25,91439.859375,269.74560546875,284.2310485839844,291.37164306640625,0.0023596675600856,0.0086057446897029,0.0139522068202495,9.030624389648438,8.784805297851562,10.472610473632812,-1.641510009765625,-2.0957489013671875,0.31744384765625
2018-07-27,12,2,298.0352783203125,294.9617614746094,3.394683837890625,0.33282470703125,248.75,91287.203125,268.9903869628906,283.1824035644531,291.9460754394531,0.0047036223113536,0.009759996086359,0.0141925737261772,3.7108154296875,9.593353271484377,11.12847900390625,-4.8828125,-2.7840118408203125,-0.751983642578125
2018-07-27,18,3,295.4823303222656,292.753662109375,3.66204833984375,1.5235443115234375,5.5,91522.625,268.2963256835937,284.01397705078125,290.6138916015625,0.0051438622176647,0.0085152760148048,0.0123309604823589,1.9026031494140625,8.488372802734375,13.313629150390623,-5.41864013671875,-4.4164581298828125,0.58367919921875
2018-07-28,0,0,294.80224609375,293.4295654296875,3.6229095458984375,1.4944305419921875,4.75,91240.796875,268.1482849121094,285.2674560546875,289.39923095703125,0.0034154036547988,0.0088885016739368,0.0132260732352733,3.993209838867188,4.7952880859375,13.422927856445312,-2.951690673828125,-2.318878173828125,0.897613525390625
2018-07-28,6,1,298.5232849121094,293.4815673828125,5.92425537109375,-0.2711029052734375,18.25,91357.265625,268.6425170898437,285.1918334960937,291.1807861328125,0.0035056159831583,0.0085398741066455,0.0143133271485567,2.04425048828125,6.027740478515625,9.717788696289062,-2.4789276123046875,-3.324554443359375,-1.232421875
2018-07-28,12,2,299.4616394042969,294.6158447265625,3.937423706054688,-0.4668121337890625,199.5,91167.40625,268.3529357910156,284.1918334960937,292.80047607421875,0.0046135187149047,0.0095668993890285,0.0143134836107492,0.474884033203125,6.081695556640625,8.636581420898438,-6.2380218505859375,-4.171798706054688,-1.7062530517578125
2018-07-28,18,3,296.03582763671875,294.1726989746094,3.3484649658203125,1.0538787841796875,12.75,91424.734375,268.2713317871094,283.3459167480469,290.8095703125,0.0041457042098045,0.00887431204319,0.0144149139523506,-2.1365509033203125,4.63720703125,9.680801391601562,-5.1062774658203125,-4.73968505859375,-0.7628936767578125
2018-07-29,0,0,295.3310546875,293.3622436523437,4.0030670166015625,0.8965301513671875,6.0,91228.390625,267.911865234375,283.51416015625,289.9765014648437,0.0042997607961297,0.0090453866869211,0.0137349255383014,-0.138580322265625,3.875579833984375,12.60943603515625,-7.200698852539063,-2.384628295898437,-0.1860504150390625
2018-07-29,6,1,298.36639404296875,293.0938720703125,5.426971435546875,-0.6971893310546875,44.75,91306.09375,268.28546142578125,283.6141967773437,291.8455810546875,0.0037405896000564,0.0085864067077636,0.0135017521679401,-1.0877227783203125,6.1435546875,10.107635498046877,-5.914947509765625,-2.801666259765625,-2.3416748046875
2018-07-29,12,2,300.3479309082031,293.6531066894531,3.1485137939453125,-0.255615234375,647.5,91067.875,267.9620056152344,283.737548828125,293.96343994140625,0.0028217402286827,0.0088416300714015,0.0138197727501392,-1.5055389404296875,5.586944580078125,8.5921630859375,-6.242202758789063,-5.576187133789063,-3.138656616210937
2018-07-29,18,3,296.1514892578125,293.7559814453125,2.917205810546875,0.1152191162109375,253.75,91376.09375,267.01690673828125,284.4656982421875,291.20703125,0.0032890157308429,0.0067440643906593,0.0141480229794979,-2.4431610107421875,3.649078369140625,9.382705688476562,-5.8757171630859375,-4.441436767578125,-3.036376953125
2018-07-30,0,0,295.30731201171875,293.57086181640625,3.5860748291015625,0.631011962890625,116.25,91197.796875,266.4299621582031,284.6888732910156,290.30206298828125,0.0039897579699754,0.0066273361444473,0.0134720057249069,0.7261962890625,3.334564208984375,9.52178955078125,-4.8649749755859375,-3.2701416015625,-1.3323516845703125
2018-07-30,6,1,298.8834533691406,292.9822082519531,4.679229736328125,0.097442626953125,146.75,91323.75,266.20574951171875,283.7584228515625,292.3245544433594,0.0040018837898969,0.0066039841622114,0.0130659639835357,0.8856353759765625,6.6065521240234375,8.067184448242188,-3.1715850830078125,-3.214340209960937,-0.582427978515625
2018-07-30,12,2,299.1481018066406,294.1750793457031,3.3628082275390625,-0.145538330078125,620.0,91084.6875,266.85333251953125,283.59619140625,294.1092529296875,0.0034931527916342,0.008559089154005,0.0135251320898532,2.7548065185546875,7.893692016601562,9.152008056640623,-2.618896484375,-3.2962799072265625,-1.8434906005859373
2018-07-30,18,3,295.22174072265625,293.7755126953125,3.836868286132813,0.5374603271484375,119.75,91354.203125,267.0830993652344,284.49005126953125,291.5098876953125,0.0031457229051738,0.0063880532979965,0.0131344981491565,2.442596435546875,6.022857666015625,11.0997314453125,-2.046905517578125,-4.215347290039063,-1.5347747802734375
2018-07-31,0,0,295.28729248046875,293.23345947265625,3.64471435546875,0.912109375,153.75,91203.875,266.86572265625,283.965576171875,289.9097900390625,0.003458141349256,0.0075017437338829,0.0140080712735652,3.8522796630859375,6.69903564453125,13.1925048828125,-1.70501708984375,-3.741744995117188,0.238311767578125
2018-07-31,6,1,298.5175170898437,293.486083984375,4.7653350830078125,1.146759033203125,898.625,91416.109375,266.6978759765625,283.6723022460937,290.9788513183594,0.0037157125771045,0.0079015549272298,0.0141164511442184,3.666824340820313,8.266250610351562,12.685897827148438,-2.27508544921875,-1.0627288818359375,0.580352783203125
2018-07-31,12,2,299.3057556152344,294.03729248046875,4.978195190429688,0.1528778076171875,201.875,91195.640625,267.38671875,283.75848388671875,291.6806640625,0.0037305622827261,0.0083114169538021,0.0141830220818519,5.766021728515625,9.6270751953125,12.387619018554688,-3.0862579345703125,-2.6378173828125,-0.533599853515625
2018-07-31,18,3,294.6985778808594,292.79461669921875,4.1847991943359375,0.6786041259765625,0.25,91468.0,266.5980834960937,284.4866943359375,289.6197509765625,0.0031362259760499,0.0066021755337715,0.0127412043511867,5.9962158203125,7.9184722900390625,13.891952514648438,-1.46710205078125,-3.5144195556640625,-1.1866607666015625
2018-08-01,0,0,294.9837951660156,292.532470703125,4.6202392578125,0.806884765625,29.75,91273.96875,266.2215576171875,285.3016967773437,288.7454833984375,0.0026848486158996,0.0064250268042087,0.0131063275039196,8.686279296875,8.137939453125,14.528335571289062,0.0869598388671875,-2.904632568359375,-0.9849853515625
2018-08-01,6,1,298.2506103515625,293.3509826660156,5.9042816162109375,1.3911285400390625,304.5,91476.671875,265.74383544921875,284.640380859375,290.8086242675781,0.002243778668344,0.0064469687640666,0.013654887676239,9.162338256835938,8.86962890625,10.302566528320312,-0.8558197021484375,-6.369186401367188,1.593536376953125
2018-08-01,12,2,297.3480834960937,294.0908203125,4.729400634765625,0.6319732666015625,147.0,91300.84375,267.2437744140625,283.26373291015625,291.3130187988281,0.0031169482972472,0.0078792870044708,0.0136998780071735,8.817047119140625,11.072906494140623,12.719741821289062,-1.5806121826171875,-4.858489990234375,-0.175750732421875
2018-08-01,18,3,294.4476013183594,292.8577575683594,4.2882232666015625,0.6044464111328125,28.625,91517.53125,266.9125671386719,283.8463134765625,290.23956298828125,0.0017492142505943,0.0076867640018463,0.013158842921257,6.995574951171875,8.74151611328125,14.169158935546877,-2.0238494873046875,-5.3260040283203125,-1.46624755859375
2018-08-02,0,0,295.3466796875,292.9324645996094,3.9687347412109375,0.168792724609375,58.875,91374.5,267.43408203125,284.0936889648437,289.375,0.0014632199890911,0.0076414495706558,0.0134769938886165,6.7579498291015625,8.812774658203125,13.43878173828125,-1.343414306640625,-3.298583984375,-2.447540283203125
2018-08-02,6,1,299.17047119140625,292.59747314453125,5.9408721923828125,-0.75750732421875,121.0,91497.03125,267.5564880371094,284.360595703125,292.414794921875,0.0018396729137748,0.0064316969364881,0.0123221650719642,6.05438232421875,8.225448608398438,12.000900268554688,-1.931640625,-3.4326934814453125,-2.2876739501953125
2018-08-02,12,2,299.96453857421875,294.58447265625,3.323760986328125,0.0695343017578125,363.25,91307.6875,268.61480712890625,283.1343994140625,293.21990966796875,0.0040567070245742,0.0085430368781089,0.0131820514798164,6.6455841064453125,7.526535034179687,9.222579956054688,-3.3622589111328125,-4.6053314208984375,-2.309173583984375
2018-08-02,18,3,295.3920288085937,293.307373046875,3.41851806640625,0.0462188720703125,107.5,91599.3125,267.4544677734375,283.42742919921875,290.63629150390625,0.004464890807867,0.007785826921463,0.0139032565057277,3.882766723632813,5.938034057617188,10.371047973632812,-3.3643035888671875,-5.6573028564453125,-3.716033935546875
2018-08-03,0,0,295.8451232910156,293.41729736328125,3.81292724609375,-0.4907073974609375,20.0,91446.71875,268.3804931640625,282.254150390625,289.8578796386719,0.0042540468275547,0.0080717355012893,0.0136500522494316,4.007125854492188,5.931442260742188,11.872695922851562,-0.1531982421875,-5.0019073486328125,-4.564239501953125
2018-08-03,6,1,298.7754821777344,293.4353332519531,5.154052734375,-1.073577880859375,92.25,91581.84375,267.6207580566406,282.3858642578125,290.74932861328125,0.0043973959982395,0.007106676697731,0.0131661258637905,5.8900909423828125,6.5746002197265625,8.765213012695312,-0.95977783203125,-3.3184356689453125,-2.22967529296875
2018-08-03,12,2,298.4449768066406,293.9496459960937,4.1028594970703125,-0.7979736328125,69.75,91347.40625,268.2875366210937,282.64678955078125,291.52850341796875,0.004824586212635,0.0083274058997631,0.0127901546657085,5.763763427734375,7.337860107421875,11.556533813476562,0.598724365234375,-6.2304229736328125,-4.673248291015625
2018-08-03,18,3,294.71063232421875,292.09014892578125,4.070068359375,-0.8053741455078125,2.75,91614.703125,267.4677124023437,282.92498779296875,290.46875,0.0043977051973342,0.0071772411465644,0.012232132256031,6.4086456298828125,5.97552490234375,12.591598510742188,-1.0620880126953125,-5.747589111328125,-6.143722534179688
2018-08-04,0,0,294.7565002441406,292.8565673828125,3.962646484375,-0.1894989013671875,14.0,91453.125,267.0663146972656,282.55126953125,289.0348815917969,0.0039522554725408,0.0085146464407444,0.0131687447428703,5.3972015380859375,5.343048095703125,12.880111694335938,-0.7406005859375,-5.676483154296875,-4.4554443359375
2018-08-04,6,1,298.85821533203125,291.9584350585937,5.16864013671875,-0.9680938720703124,75.5,91553.734375,267.914306640625,282.08868408203125,291.8377685546875,0.0033124932087957,0.0084606930613517,0.0127879902720451,5.232345581054688,6.0992431640625,10.450302124023438,-2.5623931884765625,-4.125900268554688,-2.884185791015625
2018-08-04,12,2,299.198974609375,293.6058959960937,4.114898681640625,-0.5113983154296875,137.75,91304.46875,268.06964111328125,283.1907958984375,292.7981262207031,0.0034317651297897,0.0078334063291549,0.0131505951285362,5.538375854492188,7.22601318359375,10.879837036132812,-3.579330444335937,-6.0267486572265625,-3.11566162109375
2018-08-04,18,3,295.16485595703125,292.1971435546875,4.2564239501953125,-0.7768402099609375,0.0,91606.015625,267.7294921875,283.21435546875,289.8873291015625,0.0031689908355474,0.0080882161855697,0.013047344982624,3.0226593017578125,8.1317138671875,13.259201049804688,-3.90374755859375,-6.329513549804688,-5.4943389892578125
2018-08-05,0,0,294.8128662109375,292.9099426269531,3.933990478515625,0.383056640625,6.25,91480.953125,267.1000366210937,283.5853271484375,288.9976806640625,0.0035607216414064,0.0081996005028486,0.012968823313713,4.10540771484375,9.087432861328123,13.248611450195312,-3.7340240478515625,-6.28521728515625,-3.3746337890625
2018-08-05,6,1,298.03521728515625,292.2165222167969,6.6113128662109375,-1.3780517578125,25.75,91533.890625,267.7408142089844,284.09149169921875,291.46063232421875,0.0029263624455779,0.0065616033971309,0.0130489617586135,6.813735961914063,11.321823120117188,11.182632446289062,-2.821197509765625,-7.195236206054688,-2.402450561523437
2018-08-05,12,2,299.5491943359375,293.43267822265625,4.36541748046875,-0.7848358154296875,96.75,91281.1875,269.12261962890625,282.9459228515625,292.698486328125,0.0017733683343976,0.0081470422446727,0.0130052790045738,8.919219970703125,12.849090576171877,13.100845336914062,-0.420196533203125,-6.74267578125,-3.5669708251953125
2018-08-05,18,3,295.5150146484375,292.35430908203125,4.34222412109375,0.523773193359375,0.5,91525.75,269.3153686523437,283.2596435546875,289.745849609375,0.0014146526809781,0.0075214095413684,0.0133273899555206,8.292694091796875,13.181060791015623,13.1298828125,-2.922515869140625,-9.5716552734375,-2.0344390869140625
2018-08-06,0,0,295.2516174316406,292.7230834960937,4.553070068359375,0.8126373291015625,5.75,91301.9375,269.0728759765625,284.2412109375,288.9579467773437,0.0018749041482806,0.0064160078763961,0.0132402889430522,7.67938232421875,14.440414428710938,15.12298583984375,-5.5133209228515625,-9.108596801757812,-0.39556884765625
2018-08-06,6,1,298.12286376953125,292.99322509765625,7.53082275390625,-0.12640380859375,21.75,91361.78125,268.4237976074219,283.5029602050781,291.0652160644531,0.0027599702589213,0.0059334300458431,0.0133441537618637,5.9967193603515625,15.404373168945312,14.274658203125,-5.5338134765625,-7.366455078125,-0.71160888671875
2018-08-06,12,2,299.45037841796875,293.17138671875,5.0251312255859375,-0.6317596435546875,85.0,91217.28125,268.0381774902344,282.3536682128906,292.44415283203125,0.0031960408668965,0.0074170790612697,0.0129692517220973,4.95758056640625,13.79144287109375,13.366561889648438,-7.4211273193359375,-6.8143310546875,-2.4979248046875
2018-08-06,18,3,294.97418212890625,292.50079345703125,5.3857269287109375,-0.175384521484375,3.75,91397.90625,267.79425048828125,283.4458312988281,288.94073486328125,0.0031127044931054,0.0062064081430435,0.0131176449358463,1.5974884033203125,12.6297607421875,15.39288330078125,-5.0775909423828125,-6.795257568359375,-3.1660919189453125
2018-08-07,0,0,294.92755126953125,292.00390625,5.0684356689453125,-0.0065155029296875,9.5,91120.96875,267.5180969238281,284.69549560546875,288.853759765625,0.0036862196866422,0.00600066781044,0.0131088346242904,4.654449462890625,13.184310913085938,15.524169921875,-1.187713623046875,-7.6176910400390625,-1.8943023681640625
2018-08-07,6,1,297.9566345214844,292.9513854980469,7.30438232421875,-0.9077911376953124,52.5,91235.09375,266.6147766113281,282.2723999023437,290.6242980957031,0.0032334611751139,0.0087374290451407,0.0133265666663646,5.387496948242188,13.016159057617188,13.24139404296875,-3.9582672119140634,-4.3076934814453125,-2.0939178466796875
2018-08-07,12,2,297.16046142578125,293.4504089355469,4.683258056640625,0.513885498046875,53.75,91077.390625,267.6176147460937,282.51910400390625,290.78240966796875,0.0034451782703399,0.0093429610133171,0.0137708485126495,4.798248291015625,14.396377563476562,13.292938232421877,-4.4356842041015625,-4.4913482666015625,-0.108367919921875
2018-08-07,18,3,295.1093139648437,292.6300354003906,4.936553955078125,0.9759674072265624,39.25,91190.03125,267.8612365722656,283.378173828125,290.0814819335937,0.0041413642466068,0.007798608392477,0.014129739254713,4.4002227783203125,13.540130615234377,15.215805053710938,-1.363037109375,-5.306884765625,0.555633544921875
2018-08-08,0,0,294.98748779296875,293.3968505859375,3.430038452148437,1.072479248046875,47.25,91042.796875,267.3343505859375,283.7818908691406,290.0278015136719,0.0035505392588675,0.0088591650128364,0.0141888819634914,4.261154174804688,12.292037963867188,11.48388671875,-2.675262451171875,-3.9112548828125,1.0389862060546875
2018-08-08,6,1,297.69512939453125,294.167724609375,4.8683624267578125,0.5350799560546875,281.75,91201.375,268.2449951171875,281.8883972167969,290.3493347167969,0.0036278162151575,0.0095706097781658,0.0139435641467571,5.088912963867188,12.120742797851562,14.535964965820312,-4.1746368408203125,-3.4400634765625,0.0442657470703125
2018-08-08,12,2,298.35040283203125,294.4915771484375,3.103240966796875,0.2519073486328125,123.0,91057.984375,267.8089599609375,283.31817626953125,291.5072021484375,0.0042341705411672,0.0093104057013988,0.0139067508280277,6.54559326171875,10.881805419921877,10.40997314453125,-1.576751708984375,-4.1402130126953125,-1.6087493896484375
2018-08-08,18,3,295.09228515625,292.7523803710937,3.348297119140625,0.2615203857421875,18.75,91343.65625,267.61944580078125,283.5084228515625,289.92169189453125,0.0041191205382347,0.0076616136357188,0.0139620788395404,6.851776123046875,10.136749267578123,13.1300048828125,-1.5255584716796875,-5.9600982666015625,-2.5142822265625
2018-08-09,0,0,295.42852783203125,293.451904296875,3.740081787109375,0.6330108642578125,87.25,91282.609375,267.4032287597656,283.43280029296875,289.5527038574219,0.0042160972952842,0.0084412395954132,0.0137657467275857,6.222091674804688,6.36810302734375,13.099197387695312,-1.0958251953125,-3.792999267578125,-1.711578369140625
2018-08-09,6,1,298.9877319335937,292.62896728515625,6.0899810791015625,-1.4173583984375,28.0,91438.640625,267.5726013183594,282.9698486328125,290.859375,0.0042599067091941,0.00847739726305,0.0133799668401479,6.6749114990234375,8.668548583984375,10.73394775390625,-0.066497802734375,-3.59197998046875,-2.649765014648437
2018-08-09,12,2,299.4473876953125,293.9014892578125,4.85723876953125,-0.2596435546875,98.0,91263.421875,268.03717041015625,283.17144775390625,291.87310791015625,0.0045740827918052,0.0092398002743721,0.0137436874210834,5.486663818359375,9.577682495117188,12.276412963867188,-3.003280639648437,-5.1995391845703125,-2.5866241455078125
2018-08-09,18,3,295.03515625,292.96453857421875,4.660858154296875,-0.5740966796875,3.0,91558.859375,267.8760986328125,283.39892578125,289.0821533203125,0.0042008068412542,0.0081922188401222,0.0130405649542808,4.583221435546875,8.04034423828125,13.549102783203123,-2.70294189453125,-5.6349945068359375,-3.4651031494140625
2018-08-10,0,0,295.50830078125,293.12841796875,3.590667724609375,-0.18255615234375,7.0,91434.859375,267.4881591796875,283.8003234863281,289.1844482421875,0.0047664362937211,0.0075705833733081,0.0134209804236888,6.751022338867188,8.461029052734375,12.36553955078125,-1.202789306640625,-7.6580047607421875,-2.85528564453125
2018-08-10,6,1,297.82427978515625,293.386962890625,5.91741943359375,-0.7126312255859375,29.0,91566.34375,267.55426025390625,283.332763671875,290.7363586425781,0.0043018199503421,0.0085411816835403,0.0134233385324478,6.717041015625,9.798873901367188,11.46923828125,-2.87158203125,-5.417633056640625,-1.53289794921875
2018-08-10,12,2,297.3642578125,294.53863525390625,4.166275024414063,-0.6706085205078125,215.5,91337.203125,268.42449951171875,282.88873291015625,291.3219909667969,0.0045089032500982,0.0091111212968826,0.0140728466212749,6.437271118164063,12.177383422851562,12.267654418945312,-6.786285400390625,-6.891143798828125,-3.0018768310546875
2018-08-10,18,3,294.4773254394531,293.00506591796875,5.3036956787109375,-0.506317138671875,63.75,91581.09375,267.659423828125,283.0321044921875,289.3720092773437,0.0045839929953217,0.0086714290082454,0.0135700460523366,3.034408569335937,12.183868408203123,16.2520751953125,-7.605056762695312,-6.791519165039063,-4.300567626953125
2018-08-11,0,0,294.2884521484375,292.427490234375,4.6685638427734375,-0.454559326171875,10.5,91331.5,267.51171875,283.449951171875,288.9989013671875,0.0046425014734268,0.0079502798616886,0.013255113735795,5.19512939453125,13.557418823242188,14.776214599609377,-4.06658935546875,-5.9310455322265625,-4.2480316162109375
2018-08-11,6,1,296.58221435546875,293.0317077636719,5.79876708984375,-1.2830657958984375,160.75,91441.65625,267.8973999023437,282.48974609375,290.7357788085937,0.0045590959489345,0.0090107582509517,0.0136463716626167,4.312530517578125,17.070648193359375,14.453643798828123,-3.839019775390625,-5.5341796875,-3.891082763671875
2018-08-11,12,2,295.6348876953125,293.41436767578125,4.62652587890625,-0.6809234619140625,68.75,91280.328125,268.15191650390625,282.30670166015625,290.2045288085937,0.0051488131284713,0.009003646671772,0.0136823654174804,8.815109252929688,17.216476440429688,14.824249267578123,-6.790802001953125,-5.9575042724609375,-2.9587554931640625
2018-08-11,18,3,294.7945861816406,291.8170471191406,5.542877197265625,-0.6219024658203125,28.25,91456.90625,268.414306640625,283.3157958984375,289.2786865234375,0.0044701155275106,0.0076423548161983,0.0133915469050407,9.134490966796877,17.37158203125,16.770538330078125,-5.681167602539063,-7.206649780273437,-5.00408935546875
2018-08-12,0,0,294.63250732421875,292.7625732421875,5.709869384765625,-0.8418426513671875,43.25,91170.09375,268.437744140625,283.4875793457031,289.4237060546875,0.0049822106957435,0.0088295452296733,0.0134466271847486,7.84075927734375,16.851318359375,17.478790283203125,-4.1300201416015625,-8.501129150390625,-5.078536987304688
2018-08-12,6,1,296.753662109375,293.823486328125,7.9401702880859375,-1.161102294921875,149.25,91329.125,268.7635192871094,282.50787353515625,289.8507995605469,0.0053415400907397,0.0076954164542257,0.013350011780858,11.504730224609377,16.534927368164062,16.12567138671875,-3.43505859375,-6.0765228271484375,-3.69927978515625
2018-08-12,12,2,295.7680053710937,293.89892578125,4.9141387939453125,-0.3262939453125,249.0,91099.328125,268.949462890625,282.76080322265625,290.41717529296875,0.0053590545430779,0.0085545592010021,0.0136685408651828,12.174423217773438,17.5172119140625,15.181976318359377,-5.925216674804688,-5.898651123046875,-3.0052490234375
2018-08-12,18,3,293.9286499023437,292.4850158691406,4.77606201171875,0.604644775390625,134.25,91309.96875,268.56915283203125,282.81005859375,289.8067626953125,0.005264950916171,0.0076849870383739,0.0133155863732099,15.361862182617188,17.547805786132812,16.54730224609375,-6.7177734375,-2.9696044921875,-1.84564208984375
2018-08-13,0,0,294.0457458496094,292.405517578125,4.8765716552734375,0.7667083740234375,0.0,91093.15625,268.1033630371094,283.1771850585937,289.6900634765625,0.0050008781254291,0.0073007866740226,0.013469211757183,15.774169921875,17.693801879882812,17.072738647460938,-3.087631225585937,-2.780242919921875,-0.9684906005859376
2018-08-13,6,1,296.7635192871094,293.617919921875,7.44000244140625,0.22406005859375,84.25,91228.796875,268.4124755859375,283.7224426269531,291.2247314453125,0.0049028806388378,0.0077708475291728,0.0134725905954837,14.40008544921875,18.245376586914062,16.540145874023438,-2.440216064453125,-1.7214508056640625,-1.1290435791015625
2018-08-13,12,2,295.66265869140625,293.439453125,5.616546630859375,0.623779296875,145.75,91157.265625,268.9413757324219,282.3031616210937,291.00115966796875,0.0051412805914878,0.0099125206470489,0.0136248804628849,11.157180786132812,20.065887451171875,16.050369262695312,-0.2591094970703125,-3.70794677734375,0.420928955078125
2018-08-13,18,3,293.81500244140625,292.7742919921875,5.7772216796875,0.5588836669921875,172.25,91322.703125,268.827880859375,283.1424255371094,290.57086181640625,0.0051913447678089,0.0087828785181045,0.0143538787961006,10.948776245117188,21.30303955078125,18.29750061035156,-0.0729522705078125,-6.553680419921875,0.112945556640625
2018-08-14,0,0,294.591552734375,292.78839111328125,4.873443603515625,0.77325439453125,22.5,91063.453125,268.87060546875,283.8070373535156,289.887939453125,0.0052829384803771,0.0090677663683891,0.014000691473484,8.714508056640625,17.133087158203125,16.672378540039062,-5.311294555664063,-2.5233612060546875,-1.267181396484375
2018-08-14,6,1,298.54052734375,293.98553466796875,6.48736572265625,1.8287353515625,156.5,91160.515625,269.2543029785156,283.6680908203125,290.7687072753906,0.0048866793513298,0.0111840516328811,0.0144650861620903,8.9305419921875,22.399917602539062,18.11434936523437,-5.9827880859375,-10.264877319335938,1.979339599609375
2018-08-14,12,2,295.9794921875,293.7332458496094,5.4844512939453125,-0.5729217529296875,179.75,90942.9375,269.11248779296875,283.56005859375,291.273681640625,0.0050602555274963,0.0109716765582561,0.0147104784846305,6.98614501953125,19.7496337890625,16.949478149414062,-9.946762084960938,-5.219772338867188,-2.9866943359375
2018-08-14,18,3,294.3952331542969,292.8160400390625,4.9791107177734375,-0.9244537353515624,65.25,91172.609375,269.184814453125,283.2191162109375,290.3748779296875,0.0042074210941791,0.0105729065835475,0.0143306702375411,3.0977325439453125,18.08872985839844,15.828750610351562,-4.293304443359375,-7.5157470703125,-3.174041748046875
2018-08-15,0,0,295.19189453125,293.3770751953125,4.1665802001953125,-0.07135009765625,95.75,90993.578125,268.681884765625,283.3975830078125,290.7796630859375,0.0039270594716072,0.0098224133253097,0.0148485153913497,5.086105346679688,13.449676513671877,13.3294677734375,-6.0275726318359375,-6.346893310546875,-2.394378662109375
2018-08-15,6,1,297.2338562011719,294.6903076171875,5.1182861328125,-1.1242828369140625,308.5,91152.046875,268.23956298828125,282.8121337890625,291.195556640625,0.0046935491263866,0.0100338980555534,0.0143574345856904,3.924072265625,15.000625610351562,14.823654174804688,-6.6801605224609375,-3.827880859375,-4.271240234375
2018-08-15,12,2,297.1064453125,294.6107482910156,4.5831146240234375,-0.4568023681640625,275.25,90965.859375,267.912109375,283.5666809082031,291.181396484375,0.0044980235397815,0.0098799467086792,0.0146194417029619,4.602798461914063,14.340682983398438,14.850845336914062,-5.1332855224609375,-6.0306243896484375,-2.792236328125
2018-08-15,18,3,294.7353515625,293.4468994140625,4.33624267578125,0.715087890625,52.5,91175.328125,269.3411865234375,283.6272888183594,290.3690185546875,0.0045525021851062,0.0096554607152938,0.0144157949835062,5.167449951171875,16.376953125,13.479583740234377,-0.7114105224609375,-8.51739501953125,-1.56787109375
2018-08-16,0,0,294.5287780761719,292.9049377441406,5.268234252929688,1.6407012939453125,45.5,91018.328125,268.60601806640625,282.73602294921875,289.5209350585937,0.0049852319061756,0.0102202631533145,0.0137147530913352,8.568023681640625,15.716552734375,16.825408935546875,-2.1690673828125,-5.6000823974609375,1.0995941162109375
2018-08-16,6,1,297.96514892578125,292.9759216308594,7.0240325927734375,-0.8787841796875,52.25,91136.671875,269.09588623046875,283.4903564453125,290.62957763671875,0.0052170976996421,0.010288655757904,0.0137953199446201,9.015594482421877,19.384796142578125,18.920944213867188,-1.1751708984375,-1.3424224853515625,-3.0184478759765625
2018-08-16,12,2,297.94293212890625,292.4628295898437,6.510009765625,-0.1055450439453125,28.0,91001.828125,268.76959228515625,283.8617248535156,291.56787109375,0.005057118833065,0.0101754516363143,0.0133927166461944,9.431060791015623,19.140182495117188,15.800399780273438,-1.248077392578125,-2.94085693359375,-1.6100006103515625
2018-08-16,18,3,295.0017395019531,292.2210693359375,5.902999877929688,0.49322509765625,3.75,91168.8125,270.1463928222656,283.8863525390625,290.08740234375,0.0044501237571239,0.0086164325475692,0.0141593590378761,8.062667846679688,20.2626953125,17.971588134765625,-0.386749267578125,-6.421401977539063,-0.9497528076171876
2018-08-17,0,0,294.9063720703125,292.27984619140625,5.6891021728515625,0.7379608154296875,15.0,90989.28125,269.4901428222656,284.225830078125,290.05194091796875,0.0049521215260028,0.0089141428470611,0.0141782574355602,11.495773315429688,18.67462158203125,18.12519836425781,-1.328521728515625,-4.9999542236328125,-1.222015380859375
2018-08-17,6,1,299.01806640625,293.0957336425781,8.323684692382812,-1.1890106201171875,19.25,91076.6875,269.90643310546875,284.4302673339844,292.424560546875,0.0038853094447404,0.0086292475461959,0.0136336684226989,11.7152099609375,18.173492431640625,17.048934936523438,2.6068878173828125,-4.855758666992188,-3.0668487548828125
2018-08-17,12,2,299.39288330078125,293.2635803222656,6.108901977539063,-1.0337677001953125,7.0,90922.65625,269.59228515625,283.8038330078125,292.3534240722656,0.0046377554535865,0.0090687349438667,0.0139698460698127,12.291748046875,16.72796630859375,14.236465454101562,1.9445648193359373,-5.0207366943359375,-3.7581787109375
2018-08-17,18,3,295.469482421875,292.16619873046875,5.51092529296875,-0.5797119140625,11.75,91192.53125,268.8650817871094,284.26593017578125,289.8651123046875,0.0041150748729705,0.0083132609724998,0.0138865318149328,10.585784912109377,16.718536376953125,16.23187255859375,-1.197418212890625,-5.046844482421875,-3.2163848876953125
2018-08-18,0,0,295.488525390625,292.0575561523437,5.57733154296875,-0.3867340087890625,7.0,91043.953125,268.5927734375,284.6308288574219,289.59881591796875,0.0040364898741245,0.0079658292233943,0.0135052092373371,9.19635009765625,15.48040771484375,15.98626708984375,-1.129241943359375,-4.7752685546875,-2.8046112060546875
2018-08-18,6,1,299.2093811035156,292.4740905761719,8.508987426757812,-1.3493804931640625,3.25,91184.953125,268.4911499023437,283.2521057128906,291.4525146484375,0.0039658807218074,0.0088768079876899,0.0135167054831981,8.256317138671875,17.4959716796875,15.411636352539062,-1.7010040283203125,-4.78729248046875,-2.7993621826171875
2018-08-18,12,2,299.7361755371094,293.47723388671875,5.491973876953125,0.141143798828125,26.0,91001.125,268.5158996582031,283.035400390625,292.3310546875,0.0035591714549809,0.0090554282069206,0.0134984422475099,9.88165283203125,15.68963623046875,14.407669067382812,-3.1570281982421875,-5.026580810546875,-1.6103973388671875
2018-08-18,18,3,295.56951904296875,292.7372741699219,5.616668701171875,-0.6895751953125,12.5,91269.75,269.30914306640625,283.6641845703125,289.8944702148437,0.0036223558709025,0.0086760632693767,0.0140700712800025,6.0584259033203125,16.453079223632812,16.571090698242188,-1.6615447998046875,-7.712066650390625,-3.495880126953125
2018-08-19,0,0,295.2510986328125,291.8770751953125,5.367919921875,-0.925323486328125,0.5,91092.0,268.762451171875,283.58843994140625,289.2453308105469,0.0046545937657356,0.00890688970685,0.01340196095407,5.421844482421875,15.13934326171875,15.706451416015623,-3.51483154296875,-8.255584716796875,-4.4609222412109375
2018-08-19,6,1,297.9190368652344,292.6332397460937,7.313629150390625,-2.18560791015625,17.75,91235.40625,268.7015991210937,283.50836181640625,290.8775939941406,0.0041082873940467,0.0085337311029434,0.0137214884161949,6.1854400634765625,15.599868774414062,13.120574951171877,-1.994232177734375,-8.427398681640625,-4.1107330322265625
2018-08-19,12,2,298.8605651855469,293.09246826171875,5.6552276611328125,-0.9551239013671876,10.5,90995.90625,268.67205810546875,283.17730712890625,291.82684326171875,0.0035039628855884,0.0088309124112129,0.0136070102453231,6.4723663330078125,14.952255249023438,14.358566284179688,-4.409332275390625,-6.685333251953125,-3.6949462890625
2018-08-19,18,3,295.42706298828125,292.25421142578125,5.322555541992188,-0.544342041015625,0.75,91268.109375,268.7230224609375,283.5595703125,288.90728759765625,0.0034745102748274,0.0072948150336742,0.0130749214440584,4.999191284179688,13.614669799804688,15.669708251953123,-1.8262481689453125,-8.336944580078125,-3.93768310546875
2018-08-20,0,0,294.760498046875,291.8119506835937,5.3563079833984375,-0.074462890625,0.5,91157.421875,267.805419921875,284.0111083984375,288.54766845703125,0.0040658414363861,0.008089393377304,0.0127667039632797,4.842376708984375,15.065170288085938,16.297027587890625,0.428009033203125,-6.866912841796875,-2.3469696044921875
2018-08-20,6,1,298.84503173828125,292.4224548339844,7.1798095703125,-0.5326690673828125,29.0,91310.203125,267.76641845703125,284.7687683105469,291.10076904296875,0.0032200866844505,0.0065878666937351,0.0131203867495059,6.5972900390625,14.153823852539062,15.2320556640625,3.282440185546875,-5.4346466064453125,-2.0877685546875
2018-08-20,12,2,298.8203430175781,292.776611328125,5.299850463867188,0.4647369384765625,18.0,91121.28125,269.37451171875,282.9921264648437,291.50994873046875,0.0033163963817059,0.0086290426552295,0.0135638043284416,7.094268798828125,14.001800537109377,13.6290283203125,1.3318634033203125,-4.933807373046875,-0.177001953125
2018-08-20,18,3,295.2915344238281,293.0155029296875,5.352264404296875,0.3606109619140625,9.75,91366.859375,269.59130859375,283.3758850097656,289.070068359375,0.0035408702678978,0.0079891011118888,0.0133280009031295,4.077438354492188,14.656005859375,15.93792724609375,0.3441162109375,-5.381011962890625,-1.3519744873046875
2018-08-21,0,0,294.99853515625,292.12811279296875,4.894805908203125,0.959381103515625,12.75,91221.375,268.8752746582031,283.20916748046875,289.0079650878906,0.0038805694784969,0.0087709166109561,0.0133255571126937,5.52764892578125,14.080703735351562,15.354110717773438,1.134857177734375,-3.48272705078125,0.4311981201171875
2018-08-21,6,1,299.352783203125,292.447021484375,7.196945190429688,-0.004119873046875,8.5,91375.21875,269.137939453125,284.09832763671875,292.05963134765625,0.0027713333256542,0.0067345630377531,0.0121919885277748,4.951217651367188,11.635421752929688,14.128189086914062,1.283172607421875,-1.1481475830078125,-0.859405517578125
2018-08-21,12,2,299.6546936035156,293.08648681640625,4.758209228515625,0.5355682373046875,32.5,91166.484375,270.6771240234375,282.93896484375,292.5980834960937,0.0022361627779901,0.0087147094309329,0.0127994939684867,4.114761352539063,12.188278198242188,12.83251953125,-0.204193115234375,-1.5624237060546875,0.727783203125
2018-08-21,18,3,294.8050537109375,292.8602294921875,4.1456451416015625,0.1732025146484375,5.375,91518.578125,268.8471984863281,283.5723876953125,289.10406494140625,0.0022657529916614,0.007742378860712,0.013305764645338,2.7734527587890625,11.588775634765623,13.811355590820312,0.937591552734375,-0.3619842529296875,-2.913818359375
2018-08-22,0,0,295.0217590332031,292.37939453125,4.023971557617188,0.136932373046875,14.0,91350.609375,269.0377197265625,283.13970947265625,289.1068115234375,0.0026193207595497,0.0082230232656002,0.0132998935878276,2.1992340087890625,11.167572021484377,13.161697387695312,2.19549560546875,-1.621856689453125,-2.2847137451171875
2018-08-22,6,1,298.4827880859375,292.139892578125,5.8952484130859375,-1.003021240234375,9.75,91467.953125,270.10125732421875,284.02569580078125,290.87286376953125,0.0021929801441729,0.0079412050545215,0.0131359957158565,2.947723388671875,9.902938842773438,11.584716796875,2.368438720703125,-3.286239624023437,-2.397125244140625
2018-08-22,12,2,299.84039306640625,293.113525390625,3.6959228515625,-0.5521697998046875,68.25,91177.09375,269.9888610839844,283.5137939453125,292.70037841796875,0.0023835294414311,0.0088593699038028,0.0134565494954586,2.790252685546875,11.585281372070312,9.16290283203125,0.9813385009765624,-5.134048461914063,-2.400009155273437
2018-08-22,18,3,295.1700744628906,292.7613525390625,3.785919189453125,-0.762542724609375,0.0,91539.234375,268.97711181640625,283.22088623046875,289.8651733398437,0.0025992586743086,0.0092046000063419,0.0133041217923164,2.4585723876953125,8.51129150390625,12.152389526367188,-0.113006591796875,-6.065475463867188,-5.705963134765625
2018-08-23,0,0,294.5097351074219,292.3743896484375,3.69384765625,-0.2230987548828125,1.0,91387.59375,268.77764892578125,283.57574462890625,289.18853759765625,0.0027695435564965,0.0088930912315845,0.0130279436707496,1.0224761962890625,7.476776123046875,12.978652954101562,-3.006011962890625,-5.3899688720703125,-4.7455596923828125
2018-08-23,6,1,298.3987731933594,292.39471435546875,5.966567993164063,-1.30072021484375,12.25,91508.890625,269.24755859375,284.0600891113281,292.1346740722656,0.0024617468006908,0.0074667818844318,0.0122032053768634,0.8144683837890625,5.809738159179688,11.94073486328125,-3.2421112060546875,-4.647186279296875,-3.38714599609375
2018-08-23,12,2,299.0326843261719,294.1268920898437,3.9150543212890634,-0.833404541015625,39.5,91238.921875,269.474609375,282.90557861328125,292.4881591796875,0.0025262620765715,0.0103459581732749,0.0131118707358837,-0.2698211669921875,7.7366943359375,10.499710083007812,-3.4074859619140625,-3.4107208251953125,-3.89825439453125
2018-08-23,18,3,295.01959228515625,292.7825927734375,3.729949951171875,-1.3166656494140625,0.75,91558.390625,268.4338073730469,283.173828125,290.2625732421875,0.0029980228282511,0.0098122730851173,0.0123608000576496,-2.2132720947265625,5.470382690429688,12.306503295898438,-1.7456512451171875,-4.2555999755859375,-7.208648681640625
2018-08-24,0,0,294.1478271484375,292.2760314941406,3.458953857421875,-0.985137939453125,2.0,91383.515625,267.7451171875,282.6650085449219,289.8379821777344,0.0035694926045835,0.0097970180213451,0.0122366156429052,-2.18963623046875,5.430145263671875,12.2984619140625,-1.5479888916015625,-3.1540679931640625,-6.7563323974609375
2018-08-24,6,1,296.6611328125,293.1659545898437,4.722991943359375,-1.1724395751953125,9.5,91507.21875,268.16143798828125,283.0089111328125,290.7159423828125,0.0038507918361574,0.0087339878082275,0.0127489753067493,-0.7221527099609375,4.892242431640625,9.340896606445312,-1.5920257568359375,-1.7113494873046875,-2.5308837890625
2018-08-24,12,2,298.98260498046875,293.9581298828125,3.0579833984375,-0.47857666015625,259.625,91212.40625,268.2695617675781,282.6854858398437,292.5160522460937,0.0044984929263591,0.0092213004827499,0.0132104866206645,-0.068878173828125,7.2812957763671875,9.09808349609375,-1.923248291015625,-4.446075439453125,-4.1078033447265625
2018-08-24,18,3,294.34033203125,292.69439697265625,2.991546630859375,-0.3067474365234375,16.0,91480.15625,268.09033203125,283.0234069824219,290.2210693359375,0.0042895376682281,0.0081730224192142,0.0134105868637561,0.098480224609375,5.553192138671875,10.001754760742188,-0.81500244140625,-3.0521392822265625,-3.7542724609375
2018-08-25,0,0,294.718994140625,292.374267578125,3.18365478515625,-0.7945404052734375,1.5,91273.78125,268.33917236328125,282.6546630859375,289.9239196777344,0.0042304284870624,0.0084147863090038,0.0127115994691848,0.54193115234375,5.8249359130859375,10.523727416992188,1.5123291015625,-3.6353759765625,-5.780929565429688
2018-08-25,6,1,298.6837158203125,292.4357604980469,4.710113525390625,-1.8626556396484373,5.5,91419.296875,267.2474975585937,283.3958740234375,291.6607360839844,0.0041269743815064,0.0073215365409851,0.0125577002763748,4.391571044921875,5.4242706298828125,8.616256713867188,1.4850616455078125,-2.337066650390625,-3.72723388671875
2018-08-25,12,2,299.666015625,293.16143798828125,3.03533935546875,-1.529998779296875,257.0,91188.421875,267.7918395996094,282.9903564453125,292.96929931640625,0.0032663701567798,0.0086586065590381,0.0132309906184673,6.737838745117188,6.54583740234375,8.881057739257812,1.027069091796875,-2.70404052734375,-5.34906005859375
2018-08-25,18,3,295.4974670410156,292.2025146484375,3.2625274658203125,-0.5830078125,1.25,91414.875,268.13592529296875,283.1419677734375,290.840576171875,0.0027111030649393,0.0083593837916851,0.0123613625764846,8.664993286132812,5.092620849609375,10.743087768554688,-0.9951324462890624,-1.404632568359375,-4.9597930908203125
2018-08-26,0,0,294.3265380859375,292.03125,3.393661499023437,-0.4775543212890625,1.0,91222.796875,268.37713623046875,282.86749267578125,288.9954833984375,0.0026499128434807,0.0081971362233161,0.0128493793308734,6.8202056884765625,6.482467651367188,12.007232666015623,-1.7771148681640625,-2.203369140625,-5.0061798095703125
2018-08-26,6,1,298.0179138183594,292.3348693847656,4.967132568359375,-1.4833221435546875,1.75,91368.625,267.5391540527344,282.6627197265625,291.2347412109375,0.0029287626966834,0.0083621088415384,0.0122743435204029,6.258453369140625,7.9265594482421875,10.31512451171875,-2.404525756835937,-2.145050048828125,-3.699295043945313
2018-08-26,12,2,298.3062744140625,293.8385009765625,3.021240234375,-0.1258544921875,561.0,91127.8125,267.4842224121094,282.42681884765625,291.21466064453125,0.0038374217692762,0.0090897530317306,0.0142145454883575,4.7718048095703125,9.097854614257812,8.800033569335938,-2.584747314453125,-3.210311889648437,-1.7322235107421875
2018-08-26,18,3,293.9801025390625,292.3575439453125,3.821090698242188,-0.268951416015625,0.0,91346.59375,267.43310546875,283.4606018066406,290.1414794921875,0.0038215357344597,0.0078127160668373,0.0127094238996505,5.092620849609375,8.016036987304688,13.588592529296877,-1.7663116455078125,-3.0897674560546875,-4.327926635742188
2018-08-27,0,0,294.4006042480469,292.7123718261719,3.8841705322265625,0.0310516357421875,2.75,91208.453125,267.0244140625,283.3121337890625,289.1425476074219,0.0037530516274273,0.0085338465869426,0.0130436792969703,5.7326202392578125,8.790863037109375,13.586196899414062,-0.6067962646484375,-3.612136840820313,-3.26422119140625
2018-08-27,6,1,297.95269775390625,292.6087646484375,6.073974609375,-1.34613037109375,50.75,91357.75,267.58355712890625,282.92633056640625,290.88140869140625,0.0035798316821455,0.0085701122879982,0.013309296220541,6.8852081298828125,9.47454833984375,11.13525390625,0.016815185546875,-4.745025634765625,-2.85595703125
2018-08-27,12,2,296.3985595703125,292.80780029296875,4.4756927490234375,-1.1359405517578125,46.25,91164.609375,268.0244140625,282.7890014648437,290.57568359375,0.0043399482965469,0.0101036131381988,0.0136737413704395,6.339370727539063,10.560150146484377,13.174774169921877,-1.67529296875,-4.6152191162109375,-4.094085693359375
2018-08-27,18,3,293.9055480957031,292.0734558105469,4.1504974365234375,-0.098785400390625,0.75,91346.8125,266.9525146484375,283.6385803222656,289.2106628417969,0.0045572407543659,0.0070328004658222,0.0131564140319824,7.17266845703125,9.9285888671875,13.956298828125,-0.9884490966796876,-5.643234252929688,-4.1104583740234375
2018-08-28,0,0,294.83270263671875,292.82879638671875,3.5203094482421875,0.2736053466796875,20.75,91202.546875,267.26416015625,283.46826171875,289.1298217773437,0.0032483439426869,0.0071290843188762,0.0133658051490783,7.0937347412109375,9.755859375,12.237869262695312,-1.2308197021484375,-3.9058685302734375,-2.4091949462890625
2018-08-28,6,1,298.2671813964844,292.62603759765625,6.0391845703125,-1.15283203125,15.25,91329.25,268.3687744140625,283.3914489746094,291.5789794921875,0.0028176677878946,0.0081802122294902,0.0132324956357479,5.5707550048828125,9.565353393554688,10.450973510742188,-1.6633758544921875,-2.7804107666015625,-2.31243896484375
2018-08-28,12,2,298.1546630859375,294.0128173828125,3.815231323242188,0.3134918212890625,117.25,91160.921875,268.32525634765625,282.8481140136719,291.48809814453125,0.004789363592863,0.0094253532588481,0.0136796925216913,4.9084014892578125,9.646331787109377,9.656402587890623,-0.830230712890625,-2.359466552734375,-1.452117919921875
2018-08-28,18,3,294.4151611328125,292.934814453125,3.3340606689453125,-0.2752838134765625,65.0,91459.921875,267.54931640625,282.7632141113281,289.3754272460937,0.0045199543237686,0.0086097009479999,0.0136364512145519,3.091949462890625,8.965713500976562,11.164703369140623,1.1706695556640625,-2.8412322998046875,-4.29901123046875
2018-08-29,0,0,294.28521728515625,293.0257568359375,3.7558441162109375,0.08984375,53.75,91336.65625,267.7064819335937,282.60430908203125,289.0163879394531,0.0044131688773632,0.0092403851449489,0.0132436770945787,3.355712890625,7.111358642578125,12.116104125976562,2.239990234375,-3.6609039306640634,-3.3359527587890625
2018-08-29,6,1,298.298095703125,292.6768798828125,5.1818389892578125,-1.3397369384765625,43.25,91500.484375,268.1724853515625,283.0707092285156,290.93218994140625,0.004224807024002,0.0082645453512668,0.0138527341187,4.3070831298828125,6.19329833984375,8.33074951171875,0.77166748046875,-2.4853515625,-2.372955322265625
2018-08-29,12,2,298.044189453125,294.99371337890625,2.9615020751953125,0.2144012451171875,256.0,91264.109375,269.25299072265625,282.83843994140625,291.872802734375,0.0045366697013378,0.0099202394485473,0.0136376693844795,3.443450927734375,8.027755737304688,9.039627075195312,-1.2984771728515625,-4.6819610595703125,-2.4591217041015625
2018-08-29,18,3,294.6105651855469,293.51788330078125,3.275863647460937,0.1432952880859375,5.75,91496.796875,268.41949462890625,283.1796569824219,289.7947998046875,0.0048461249098181,0.0088309943675994,0.0134653337299823,0.90264892578125,8.904922485351562,11.21844482421875,-1.2797698974609375,-5.4984283447265625,-3.09423828125
2018-08-30,0,0,295.1981811523437,293.15972900390625,3.4647979736328125,-0.803131103515625,0.25,91363.515625,267.44012451171875,283.0272216796875,289.671875,0.0046445839107036,0.0081827715039253,0.0134529620409011,-1.2815704345703125,7.583984375,12.03533935546875,1.5465545654296875,-6.739654541015625,-5.809295654296875
2018-08-30,6,1,298.39483642578125,293.01531982421875,4.383544921875,-1.4986572265625,4.75,91440.015625,267.558837890625,283.4012451171875,290.52947998046875,0.0040522068738937,0.0078109391033649,0.0132831018418073,0.7791290283203125,7.1103363037109375,8.78411865234375,2.0982208251953125,-4.5316009521484375,-3.278305053710937
2018-08-30,12,2,299.318115234375,294.9814758300781,3.3406982421875,-1.0425567626953125,169.5,91159.09375,269.1033935546875,282.9799194335937,292.6132202148437,0.0041833249852061,0.0095820650458335,0.0135880522429943,4.24462890625,6.93743896484375,7.60186767578125,-1.3356170654296875,-4.4295501708984375,-3.516754150390625
2018-08-30,18,3,294.80792236328125,293.83819580078125,2.8636627197265625,-0.2499237060546875,32.75,91463.265625,268.1176147460937,282.7394104003906,290.5034484863281,0.0047343634068965,0.0099904499948024,0.0137311043217778,2.415130615234375,5.661956787109375,10.564102172851562,-2.7389373779296875,-2.9539337158203125,-3.6782379150390634
2018-08-31,0,0,294.192626953125,293.484619140625,3.42523193359375,-0.01055908203125,15.5,91373.171875,267.7453918457031,282.1710510253906,289.1054382324219,0.0046645849943161,0.0096495859324932,0.0130391158163547,0.5411376953125,8.75531005859375,11.656692504882812,-2.5798492431640625,-5.1053314208984375,-5.0297698974609375
2018-08-31,6,1,297.6005554199219,292.6412658691406,4.224166870117188,-1.08782958984375,45.25,91439.484375,267.8383483886719,283.23858642578125,291.6999206542969,0.0037353290244936,0.0080651827156543,0.0127394534647464,3.0865020751953125,8.2916259765625,7.695648193359375,-4.78021240234375,-2.632843017578125,-3.03564453125
2018-08-31,12,2,298.7528076171875,294.9454345703125,2.786712646484375,-0.0050506591796875,761.25,91219.90625,267.9646911621094,282.5606689453125,292.49053955078125,0.0037126680836081,0.0092583820223808,0.0134055502712726,4.460052490234375,7.6387176513671875,7.878326416015625,-4.84527587890625,-3.3260955810546875,-3.0331573486328125
2018-08-31,18,3,294.8486328125,293.9051513671875,3.20068359375,0.16119384765625,73.25,91547.515625,267.33038330078125,282.618896484375,289.93829345703125,0.0037007974460721,0.0087715489789843,0.0138191990554332,2.98828125,5.4967041015625,10.23321533203125,-3.878387451171875,-3.1946258544921875,-3.310943603515625
2018-09-01,0,0,294.79742431640625,292.7370300292969,3.37109375,-0.147125244140625,8.5,91417.875,267.1981811523437,282.78564453125,290.4189147949219,0.0035915879998356,0.0076245032250881,0.011934109032154,3.96514892578125,7.217529296875,10.736526489257812,-2.008819580078125,-2.7433013916015625,-4.908599853515625
2018-09-01,6,1,299.1454772949219,292.25811767578125,4.411636352539063,-0.9906158447265624,6.5,91554.515625,267.34112548828125,283.46417236328125,291.4937744140625,0.0031926457304507,0.0060875304043293,0.0120808351784944,4.3992919921875,6.580352783203125,7.5063629150390625,-2.471435546875,-1.846832275390625,-2.058578491210937
2018-09-01,12,2,299.73541259765625,293.3109741210937,2.235595703125,-0.6581878662109375,3.5,91318.71875,268.2217102050781,282.60076904296875,292.9678039550781,0.0028229150921106,0.008525189012289,0.0125764608383178,4.5001983642578125,7.0280303955078125,5.508590698242188,-1.3280181884765625,-2.21380615234375,-2.106048583984375
2018-09-01,18,3,296.0746459960937,292.91552734375,2.6280059814453125,-1.034149169921875,0.0,91558.578125,268.7517395019531,282.66015625,290.8053894042969,0.0027003299910575,0.0087295025587081,0.0133280418813228,2.85125732421875,4.8719635009765625,8.147140502929688,1.167694091796875,-2.4113006591796875,-4.678466796875
2018-09-02,0,0,294.07830810546875,292.61444091796875,2.847381591796875,-0.1197052001953125,11.5,91414.765625,269.05010986328125,282.09619140625,290.3064270019531,0.0026930661406368,0.0082229562103748,0.0118522513657808,3.149993896484375,5.211105346679688,8.519866943359375,0.759307861328125,-2.76739501953125,-4.552581787109375
2018-09-02,6,1,298.57440185546875,291.77105712890625,3.8809814453125,-2.084823608398437,0.25,91588.65625,269.2269287109375,282.3127136230469,290.947265625,0.0022473980206996,0.0063887573778629,0.0122440531849861,3.07965087890625,6.0220489501953125,6.036956787109375,-0.921234130859375,-1.3457183837890625,-3.2926788330078125
2018-09-02,12,2,299.79547119140625,292.41046142578125,2.123153686523437,-0.70819091796875,153.0,91330.25,269.7972412109375,282.50439453125,293.3638610839844,0.002023029141128,0.0074429586529731,0.0125080700963735,2.812225341796875,6.4461517333984375,4.954635620117188,0.7352752685546875,-3.4066619873046875,-2.6985015869140625
2018-09-02,18,3,295.14306640625,293.29547119140625,2.6614227294921875,-0.951690673828125,28.0,91595.390625,270.09600830078125,282.6916809082031,290.29888916015625,0.0018856674432754,0.0068417526781558,0.0129749476909637,2.0771484375,4.7208099365234375,9.21795654296875,1.2570343017578125,-2.635726928710937,-4.2520294189453125
2018-09-03,0,0,293.87646484375,292.21197509765625,2.1917266845703125,-0.8725433349609375,1.0,91469.28125,268.627685546875,282.8351135253906,290.4183959960937,0.0022899759933352,0.0052209831774234,0.0108792372047901,1.5607452392578125,6.7589111328125,9.034378051757812,3.1791229248046875,-1.67828369140625,-5.2161407470703125
2018-09-03,6,1,299.44451904296875,292.2286682128906,3.49407958984375,-1.4029388427734375,0.0,91579.71875,269.16961669921875,282.4284362792969,290.86578369140625,0.0022555028554052,0.0043475627899169,0.0116083547472953,2.879745483398437,5.208709716796875,5.247100830078125,1.4162445068359375,-0.83056640625,-2.2224578857421875
2018-09-03,12,2,300.90948486328125,292.587890625,1.9795684814453125,-1.273712158203125,24.75,91311.96875,269.5981750488281,282.701171875,293.59552001953125,0.0024792484473437,0.003565341932699,0.011524524539709,2.3905181884765625,5.2286376953125,5.513107299804688,1.2126617431640625,-2.889495849609375,-3.839431762695313
2018-09-03,18,3,295.62115478515625,291.44482421875,1.858062744140625,-1.8790435791015625,0.0,91599.75,269.1893005371094,283.1864013671875,291.23358154296875,0.0024137825239449,0.0038409275002777,0.0122397020459175,1.46484375,1.439422607421875,5.706390380859375,1.6554107666015625,-1.038787841796875,-4.6610870361328125
2018-09-04,0,0,293.70721435546875,291.5699462890625,1.9887237548828125,-0.9091796875,0.0,91515.53125,268.7998046875,281.24517822265625,291.2583312988281,0.0024100150913,0.0067473612725734,0.0108794122934341,1.1243896484375,1.8262481689453125,4.8074493408203125,1.8005828857421875,1.0774688720703125,-4.2042388916015625
2018-09-04,6,1,299.8242492675781,292.5619506835937,3.030258178710937,-0.7856903076171875,8.25,91599.875,268.26092529296875,282.668701171875,291.0590209960937,0.0023821687791496,0.0050659067928791,0.0127958282828331,2.6744842529296875,4.475860595703125,4.506744384765625,1.0770263671875,0.1339111328125,-1.4405364990234375
2018-09-04,12,2,300.44580078125,292.8738708496094,2.0286407470703125,-0.52618408203125,8.0,91341.296875,268.17547607421875,282.1208801269531,293.6629333496094,0.0024240117054432,0.0072615891695022,0.0118258632719516,4.89044189453125,3.0261688232421875,4.924118041992188,-1.5008087158203125,-1.6837005615234375,-1.380462646484375
2018-09-04,18,3,295.67291259765625,291.6556091308594,3.2701416015625,-1.2795562744140625,0.0,91584.796875,268.6631774902344,282.8724365234375,291.1187744140625,0.0019938906189054,0.0066026374697685,0.0127740241587162,5.0596771240234375,0.727752685546875,7.81195068359375,-2.987396240234375,-0.498870849609375,-3.884033203125
2018-09-05,0,0,294.43115234375,292.1595458984375,2.6810302734375,-0.49224853515625,0.0,91462.671875,268.23858642578125,282.30615234375,290.7721252441406,0.0021291940938681,0.0073930621147155,0.0109531320631504,5.403732299804688,2.249267578125,8.094024658203125,0.4354705810546875,1.36151123046875,-4.5206146240234375
2018-09-05,6,1,298.9364013671875,292.61993408203125,4.1912384033203125,-1.3167266845703125,0.0,91588.953125,267.51025390625,282.57745361328125,291.0824890136719,0.0022661671973764,0.0070955120027065,0.0115805380046367,7.83135986328125,5.326705932617188,6.19110107421875,0.5105438232421875,1.8614654541015625,-2.039520263671875
2018-09-05,12,2,300.2191772460937,292.5724792480469,2.5867919921875,-0.4577484130859375,3.75,91349.78125,267.93768310546875,282.0473327636719,293.0811767578125,0.0024110213853418,0.0075230672955513,0.0117327589541673,8.205856323242188,6.243316650390625,5.983489990234375,-3.4705352783203125,-1.410614013671875,-1.7562103271484375
2018-09-05,18,3,295.97174072265625,291.864013671875,3.250701904296875,-0.1798248291015625,0.0,91498.265625,268.0116577148437,283.0765991210937,290.61041259765625,0.0027676466852426,0.0073258690536022,0.0125412046909332,6.4677734375,5.0655059814453125,8.57818603515625,-3.814239501953125,-0.244720458984375,-2.18084716796875
2018-09-06,0,0,293.8114624023437,292.03369140625,2.760482788085937,-0.2239532470703125,0.0,91312.28125,267.726318359375,284.1670837402344,290.732666015625,0.0030350955203175,0.0057518444955348,0.0112003907561302,5.6817626953125,7.470916748046875,9.204666137695312,-4.2386016845703125,0.8010101318359375,-3.4225616455078125
2018-09-06,6,1,298.999755859375,292.216064453125,4.620147705078125,-0.837005615234375,10.75,91432.328125,268.5340576171875,284.34686279296875,291.7763671875,0.0028147893026471,0.0042620562016963,0.012015376240015,4.3140869140625,10.4979248046875,8.308914184570312,-2.379669189453125,-0.7699737548828125,-1.9819793701171875
2018-09-06,12,2,299.9072570800781,293.4202880859375,2.5556793212890625,-0.208648681640625,82.0,91204.140625,268.15045166015625,282.3094482421875,293.12322998046875,0.0029710046947002,0.0068501085042953,0.0127876661717891,2.8123321533203125,9.725387573242188,7.455718994140625,-2.01165771484375,-1.69146728515625,-1.3441925048828125
2018-09-06,18,3,295.38983154296875,292.76177978515625,3.3812713623046875,0.19171142578125,0.0,91486.296875,267.04296875,283.2567138671875,290.00006103515625,0.0029410473071038,0.005630999803543,0.0124702639877796,3.573089599609375,7.6479644775390625,10.509201049804688,-2.7170867919921875,-0.651763916015625,-3.0487060546875
2018-09-07,0,0,294.0712890625,291.96142578125,3.1403961181640625,0.1757965087890625,1.5,91387.640625,266.8065185546875,282.46209716796875,289.12664794921875,0.0028256664518266,0.0053870491683483,0.0113249756395816,3.144195556640625,10.4378662109375,11.444869995117188,0.3954620361328125,-3.09906005859375,-3.9215240478515625
2018-09-07,6,1,298.47381591796875,291.85162353515625,5.162567138671875,-0.714080810546875,13.5,91503.015625,267.7409362792969,283.2895812988281,291.1685485839844,0.0025668581947684,0.0049396082758903,0.0119667910039424,2.9842071533203125,10.366989135742188,9.46978759765625,0.133148193359375,-3.9700927734375,-1.9929962158203125
2018-09-07,12,2,299.73065185546875,293.6380615234375,2.931793212890625,0.0509796142578125,58.25,91283.34375,267.9523620605469,282.22686767578125,292.5438842773437,0.0022074435837566,0.0078025385737419,0.0125622898340225,2.739593505859375,8.836715698242188,8.415252685546875,0.7776641845703125,-3.4060821533203125,-1.266326904296875
2018-09-07,18,3,295.16033935546875,292.39825439453125,3.318344116210937,0.2395477294921875,0.0,91486.609375,268.193359375,282.5572814941406,290.0284423828125,0.0022320279385894,0.0071435049176216,0.0125884152948856,2.4365234375,6.7666015625,10.408279418945312,3.662628173828125,-4.821441650390625,-3.1990966796875
2018-09-08,0,0,294.5594177246094,291.9158935546875,2.731170654296875,0.3752288818359375,14.25,91445.609375,267.9121398925781,281.4039306640625,289.2367553710937,0.0024798144586384,0.0079163014888763,0.0120539516210556,3.034393310546875,5.4557647705078125,10.50262451171875,1.09161376953125,-2.989288330078125,-2.7766265869140625
2018-09-08,6,1,298.5812683105469,291.55230712890625,4.3648834228515625,-0.5257720947265625,0.5,91575.5,268.88397216796875,281.9942932128906,291.03045654296875,0.0023106723092496,0.007320187985897,0.01219367608428,0.8176116943359375,5.9165802001953125,7.2256317138671875,0.961700439453125,-1.0697784423828125,-1.0205535888671875
2018-09-08,12,2,300.5362243652344,292.8670959472656,2.6134185791015625,-0.4491119384765625,0.0,91222.78125,269.2733764648437,282.7445373535156,293.3585205078125,0.002297434490174,0.0081926099956035,0.0120522566139698,2.303817749023437,5.416748046875,6.31622314453125,0.656402587890625,-1.113037109375,-1.344512939453125
2018-09-08,18,3,295.5869140625,292.362060546875,1.8320770263671875,-0.2881622314453125,0.0,91472.203125,270.03472900390625,282.3344421386719,291.0985717773437,0.0015629555564373,0.0078182518482208,0.0129938200116157,1.321807861328125,3.319931030273437,5.589447021484375,-0.58953857421875,0.0833282470703125,-2.6916656494140625
2018-09-09,0,0,294.1220397949219,292.2371826171875,1.4642791748046875,-0.4146575927734375,4.75,91394.796875,270.0917053222656,281.1739501953125,290.57720947265625,0.0013887980021536,0.0085393488407135,0.0114212222397327,-1.1638946533203125,1.681793212890625,2.5482330322265625,0.125640869140625,1.6513824462890625,-1.4755706787109375
2018-09-09,6,1,299.31787109375,291.8643493652344,1.602996826171875,0.8201751708984375,0.0,91565.671875,269.37158203125,281.884033203125,291.40966796875,0.001575537957251,0.0081414096057415,0.0122284889221191,-1.2541961669921875,2.2691802978515625,2.003875732421875,-1.40472412109375,2.2440185546875,1.3376922607421875
2018-09-09,12,2,301.2373962402344,293.239013671875,1.511138916015625,0.377777099609375,0.0,91274.71875,269.217041015625,282.8497314453125,294.5750732421875,0.001813672715798,0.0069458112120628,0.0115146040916442,-3.1502838134765625,0.2025299072265625,3.855499267578125,-1.328216552734375,2.7179412841796875,0.4074249267578125
2018-09-09,18,3,296.4232788085937,292.0809326171875,1.9146575927734373,-0.8434295654296875,0.0,91582.234375,268.862548828125,281.93463134765625,293.19317626953125,0.0016118609346449,0.0083617605268955,0.0111412964761257,-3.0040435791015625,-2.941024780273437,4.105148315429688,0.2025909423828125,4.209274291992188,-3.2111968994140625
2018-09-10,0,0,294.5936279296875,291.8360900878906,0.690673828125,-1.032501220703125,5.0,91566.796875,268.8519592285156,281.85992431640625,291.4949951171875,0.0017242855392396,0.008528433740139,0.0113901011645793,-4.4704437255859375,-0.610809326171875,-0.7877044677734375,-1.0161285400390625,3.2501678466796875,-3.948654174804688
2018-09-10,6,1,298.9365234375,291.59588623046875,0.774749755859375,-1.364990234375,5.25,91782.8125,268.8494567871094,281.9806213378906,290.596435546875,0.0021827567834407,0.0087220594286918,0.0121159330010414,-3.6760406494140634,-0.413970947265625,-0.4253082275390625,-0.3525848388671875,3.5301666259765625,-2.58306884765625
2018-09-10,12,2,299.6922912597656,293.5049133300781,0.83843994140625,-1.1707916259765625,101.5,91497.5,268.6453857421875,282.51983642578125,292.7648010253906,0.0032849409617483,0.0080160647630691,0.0130018442869186,-4.3572540283203125,1.7310943603515625,1.0714111328125,-0.03802490234375,2.676254272460937,-2.2989654541015625
2018-09-10,18,3,296.6839599609375,293.5555419921875,-1.0221710205078125,0.886322021484375,78.5,91781.6875,267.53076171875,281.68115234375,292.5148010253906,0.0033213840797543,0.0082258842885494,0.0122932903468608,-3.2030792236328125,-0.270782470703125,-0.096588134765625,-0.2457733154296875,0.0319366455078125,-1.9077301025390625
2018-09-11,0,0,295.3113708496094,293.17291259765625,0.410797119140625,0.9130401611328124,63.75,91710.265625,267.59771728515625,282.0310363769531,291.09454345703125,0.0035456516779959,0.0089421309530735,0.0125682763755321,-3.4371337890625,-1.7587127685546875,2.035552978515625,-0.6985626220703125,2.58416748046875,-0.073516845703125
2018-09-11,6,1,300.9280090332031,293.87255859375,0.32476806640625,-0.8369293212890625,105.75,91741.953125,268.8270874023437,282.45782470703125,292.17437744140625,0.0027840840630233,0.008618801832199,0.0134717039763927,-3.2213287353515625,-1.5313873291015625,0.3121490478515625,2.5135040283203125,1.71868896484375,-1.1539459228515625
2018-09-11,12,2,301.2657775878906,294.1204833984375,0.3152923583984375,-0.641510009765625,310.25,91421.203125,268.43365478515625,283.3075561523437,294.4261474609375,0.0029013301245868,0.0090828202664852,0.0134118385612964,-1.793487548828125,0.3011016845703125,1.0609588623046875,2.140853881835937,1.1113128662109375,-0.7408905029296875
2018-09-11,18,3,295.3848876953125,293.50146484375,1.3868865966796875,-0.4838714599609375,344.5,91767.203125,267.9049072265625,282.90875244140625,290.7435302734375,0.0035807201638817,0.0082775838673114,0.0145331732928752,-1.12493896484375,-0.744537353515625,3.01861572265625,1.0457611083984375,-1.1496734619140625,-1.2534942626953125
2018-09-12,0,0,294.32586669921875,292.68048095703125,0.6501617431640625,-0.360504150390625,63.0,91577.6875,267.7559814453125,282.756591796875,291.6871643066406,0.0031334850937128,0.0080714598298072,0.0130028612911701,-2.0157012939453125,1.4288330078125,3.2907867431640625,-0.610626220703125,0.6103515625,-2.3189697265625
2018-09-12,6,1,300.1123046875,294.9158935546875,0.154144287109375,-0.8902435302734375,785.25,91684.109375,268.2796936035156,282.48223876953125,291.2943725585937,0.0036218946333974,0.0080053396522998,0.0142647363245487,-2.123031616210937,4.8074493408203125,-0.3260650634765625,0.60504150390625,0.78826904296875,-1.595611572265625
2018-09-12,12,2,300.36187744140625,295.4161682128906,1.05743408203125,-1.1346435546875,1153.25,91328.5,268.09454345703125,283.4210510253906,294.4721069335937,0.0042894408106803,0.0087056756019592,0.013744119554758,-1.04736328125,3.41229248046875,3.480819702148437,-0.2627716064453125,1.16998291015625,-1.1434783935546875
2018-09-12,18,3,295.79083251953125,293.833740234375,-0.3418731689453125,-1.1849212646484375,146.5,91467.90625,268.21490478515625,283.19976806640625,294.03472900390625,0.0044022058136761,0.0081099942326545,0.0128192603588104,-1.2682342529296875,1.106414794921875,3.119537353515625,-0.222015380859375,0.2782135009765625,-2.4454498291015625
2018-09-13,0,0,295.21875,292.6575927734375,1.2973175048828125,-0.2699737548828125,68.5,91424.46875,267.7056884765625,282.5790405273437,292.5148620605469,0.0043382914736866,0.0069805309176445,0.0122348517179489,-0.098236083984375,3.207611083984375,0.639862060546875,0.124420166015625,-0.4710235595703125,-0.9348602294921876
2018-09-13,6,1,300.4365234375,292.9801940917969,1.77056884765625,-0.0584869384765625,22.25,91507.390625,268.7996520996094,282.647216796875,292.6781616210937,0.0034603800158947,0.0080348402261734,0.0131758525967597,-1.08782958984375,1.743865966796875,2.51251220703125,1.455291748046875,-0.1945343017578125,-0.059783935546875
2018-09-13,12,2,300.01666259765625,292.5604858398437,1.06036376953125,-0.889617919921875,141.5,91288.3125,268.2044677734375,282.6839599609375,294.078125,0.004403356462717,0.0097476989030838,0.0127588212490081,0.3115234375,3.108184814453125,4.40606689453125,0.3759002685546875,0.6457061767578125,-2.286727905273437
2018-09-13,18,3,295.2997436523437,291.7621459960937,1.6616058349609375,0.1138153076171875,0.0,91480.109375,267.56866455078125,283.06866455078125,293.3944396972656,0.0042935535311698,0.0094505697488784,0.0112181156873703,0.88482666015625,-0.187774658203125,3.38092041015625,-0.4698944091796875,-0.236846923828125,-2.6530303955078125
2018-09-14,0,0,295.45001220703125,292.07342529296875,0.9521636962890624,0.8799285888671875,2.25,91372.984375,267.740966796875,281.8460693359375,292.88214111328125,0.0036674665752798,0.0084964148700237,0.0110694803297519,-0.2520294189453125,2.53204345703125,0.858489990234375,-3.213287353515625,0.48443603515625,0.275634765625
2018-09-14,6,1,300.80596923828125,292.5089111328125,0.4522247314453125,1.0131988525390625,17.5,91557.96875,268.3629150390625,283.1175842285156,292.6640930175781,0.0028573281597346,0.0088692642748355,0.0129148252308368,-2.3765106201171875,1.7147369384765625,0.790069580078125,-1.891571044921875,1.3361663818359375,1.411346435546875
2018-09-14,12,2,300.4976806640625,294.456787109375,1.2855224609375,-0.7344818115234375,367.5,91309.3125,268.3388061523437,282.8658142089844,294.1764221191406,0.0029695730190724,0.0097992494702339,0.0131541341543197,-5.073394775390625,0.9002685546875,2.881454467773437,-1.1015777587890625,0.5586395263671875,-1.576904296875
2018-09-14,18,3,295.5208740234375,293.74639892578125,-0.8742828369140625,0.0714874267578125,409.0,91622.71875,267.3959350585937,282.13702392578125,293.1466064453125,0.0032882813829928,0.0098731592297554,0.0127001516520977,-4.587982177734375,-2.2273406982421875,2.4895782470703125,-0.3832855224609375,-1.9722442626953125,-2.553451538085937
2018-09-15,0,0,295.56524658203125,293.59088134765625,1.2684478759765625,0.5775299072265625,227.75,91554.90625,267.5523681640625,282.13140869140625,291.6339111328125,0.0040578991174697,0.0093452520668506,0.0123001784086227,-4.6562042236328125,0.2455596923828125,3.538055419921875,1.4357757568359375,-0.31634521484375,-1.524444580078125
2018-09-15,6,1,300.0353698730469,293.0570068359375,1.810089111328125,-1.15692138671875,236.25,91605.921875,268.4618530273437,282.60455322265625,292.29449462890625,0.0036652956623584,0.009062897413969,0.0136808343231678,-2.70709228515625,-0.38409423828125,2.427597045898437,1.1905364990234375,-0.4702606201171875,-1.7286224365234375
2018-09-15,12,2,299.7078552246094,294.148193359375,0.810455322265625,-0.8802490234375,1095.5,91294.953125,268.243408203125,282.791748046875,294.1763916015625,0.0038406064268201,0.0092330276966094,0.0134878456592559,-2.4905242919921875,0.471710205078125,4.306182861328125,-4.814956665039063,-2.48931884765625,-3.8841552734375
2018-09-15,18,3,296.234375,292.9379577636719,1.3487701416015625,0.873931884765625,594.75,91508.75,267.8310546875,282.3277587890625,292.9833374023437,0.003209609305486,0.009376935660839,0.0120755769312381,-4.378219604492188,0.018890380859375,6.505645751953125,-2.0472564697265625,-4.19635009765625,-3.9681549072265625
2018-09-16,0,0,294.7856750488281,292.7018127441406,1.463043212890625,-0.1374359130859375,151.0,91432.796875,267.757568359375,282.4837341308594,291.3359069824219,0.0036308863200247,0.0075589306652545,0.0127016976475715,-1.6412200927734375,2.2469940185546875,5.3376312255859375,-4.042495727539063,-3.739013671875,-4.672653198242188
2018-09-16,6,1,299.419921875,292.9471435546875,2.4713287353515625,-1.8950042724609373,294.0,91477.125,268.0194702148437,283.2130126953125,291.9234619140625,0.0039922893047332,0.0077928733080625,0.0137635469436645,-0.0922698974609375,2.2529449462890625,3.404022216796875,-3.0496978759765625,-2.824432373046875,-2.9594879150390625
2018-09-16,12,2,300.3370361328125,292.99951171875,1.740570068359375,0.5799407958984375,853.25,91143.8125,268.15643310546875,282.9386291503906,294.537353515625,0.0041981413960456,0.0087532699108123,0.0137670561671257,-1.053131103515625,5.144378662109375,4.3504638671875,-4.774703979492188,-3.731521606445313,-1.37591552734375
2018-09-16,18,3,294.80047607421875,292.7373962402344,2.557723999023437,0.725921630859375,301.75,91426.625,267.63433837890625,282.4207763671875,291.9335632324219,0.0047757942229509,0.0082935839891433,0.0129789561033248,-0.1753997802734375,6.1970977783203125,8.580596923828125,-2.342071533203125,-3.8200836181640634,-3.2688751220703125
2018-09-17,0,0,294.5225830078125,292.3866577148437,2.760360717773437,-0.0006866455078125,127.0,91324.40625,267.18585205078125,281.90008544921875,290.5220947265625,0.0046164020895957,0.007509384304285,0.0119553692638874,4.4546661376953125,8.046737670898438,9.949264526367188,1.100799560546875,-2.116195678710937,-4.106246948242188
2018-09-17,6,1,298.5406494140625,291.229248046875,3.868484497070313,-1.6956939697265625,45.5,91419.1875,267.262939453125,283.0059814453125,291.1114196777344,0.0040727034211158,0.0064189061522483,0.0128525085747241,5.067184448242188,5.669937133789063,6.4044342041015625,-4.0086822509765625,-1.4438629150390625,-2.828369140625
2018-09-17,12,2,299.3059387207031,293.2161865234375,2.9357147216796875,0.8538818359375,491.25,91184.046875,266.8773803710937,282.43231201171875,293.10845947265625,0.0040144473314285,0.0080040767788887,0.013146199285984,5.158172607421875,6.747283935546875,7.1826934814453125,-5.201141357421875,-2.91253662109375,0.1867828369140625
2018-09-17,18,3,294.6837158203125,293.1612548828125,2.777084350585937,0.0152740478515625,124.75,91446.1875,266.9007263183594,283.0180969238281,290.74249267578125,0.0034451722167432,0.0069838874042034,0.0133194625377655,4.788604736328125,6.314910888671875,8.95538330078125,-4.060470581054688,-2.655059814453125,-3.732208251953125
2018-09-18,0,0,294.1138916015625,292.31707763671875,2.9974365234375,-0.4801025390625,3.25,91268.0625,267.38446044921875,283.18817138671875,290.4144897460937,0.0039820768870413,0.0071973428130149,0.0118115618824958,8.0784912109375,6.079345703125,9.117156982421877,-3.8087158203125,-4.61785888671875,-7.1778564453125
2018-09-18,6,1,299.1307373046875,291.513671875,4.20654296875,-2.466781616210937,1.75,91399.453125,267.366943359375,283.0248718261719,291.736572265625,0.0040222564712166,0.0071428827941417,0.0123958103358745,5.523468017578125,3.990692138671875,6.7759552001953125,-7.020904541015625,-3.3607330322265625,-4.048248291015625
2018-09-18,12,2,301.1027526855469,291.4171142578125,1.965240478515625,0.0685577392578125,0.25,91153.515625,267.6158752441406,282.7882080078125,294.4079895019531,0.0027837792877107,0.0057134702801704,0.0109834186732769,4.3761138916015625,7.125991821289063,6.852752685546875,-7.92327880859375,-3.2515411376953125,-1.444427490234375
2018-09-18,18,3,295.46221923828125,291.857666015625,3.7296142578125,-0.0421600341796875,0.0,91457.578125,267.958984375,282.94976806640625,291.2616577148437,0.0031881753820925,0.0051141753792762,0.0119781196117401,1.70391845703125,6.392303466796875,11.0279541015625,-5.385299682617188,-5.1102447509765625,-3.2355194091796875
2018-09-19,0,0,294.64898681640625,291.94891357421875,3.098480224609375,-0.6009063720703125,0.0,91351.734375,266.68365478515625,282.705810546875,290.4676513671875,0.0031640445813536,0.0072757042944431,0.0116356015205383,7.423065185546875,5.541900634765625,11.469100952148438,-3.452850341796875,-4.10284423828125,-5.0448760986328125
2018-09-19,6,1,298.8709716796875,291.69207763671875,4.170211791992188,-2.212509155273437,2.25,91434.453125,266.4516296386719,282.5775146484375,291.0875244140625,0.001833957619965,0.0068535953760147,0.0123377963900566,7.3022613525390625,5.69891357421875,7.530166625976562,-6.73370361328125,-3.48193359375,-4.239761352539063
2018-09-19,12,2,300.3898620605469,291.1754455566406,1.863494873046875,-0.605438232421875,13.5,91113.109375,267.7724609375,281.9662475585937,293.3119201660156,0.0018786333967,0.0068367943167686,0.01176692917943,6.3485107421875,7.092864990234375,5.625274658203125,-6.573287963867188,-3.8702239990234375,-2.56475830078125
2018-09-19,18,3,295.21661376953125,290.5078430175781,3.204864501953125,-0.2317657470703125,0.0,91268.640625,267.6016540527344,282.51611328125,291.4327392578125,0.0046333447098731,0.0053187869489192,0.0119584575295448,-2.548614501953125,5.361480712890625,8.82342529296875,-5.1383056640625,-2.48272705078125,-5.0950927734375
2018-09-20,0,0,294.1864013671875,291.2637023925781,2.539337158203125,-0.0397796630859375,0.0,91119.125,268.3085327148437,282.7348022460937,290.4136657714844,0.0040681380778551,0.0069197379052639,0.0101698338985443,2.7028961181640625,0.1579742431640625,7.513046264648437,-1.5127105712890625,-4.917739868164063,-5.512176513671875
2018-09-20,6,1,299.6129455566406,291.236328125,3.3929443359375,-2.390777587890625,7.25,91255.890625,268.8014221191406,282.38262939453125,291.53179931640625,0.0042389146983623,0.0089701488614082,0.0121532566845417,3.3907012939453125,0.7375335693359375,5.111083984375,-1.0089569091796875,-2.735107421875,-3.65240478515625
2018-09-20,12,2,299.1770324707031,291.6517333984375,1.396240234375,-1.323516845703125,210.25,90948.734375,268.9413452148437,282.4203186035156,292.7144775390625,0.0052970349788665,0.0096865780651569,0.0128343030810356,3.450927734375,2.5740966796875,5.6319427490234375,-3.2527313232421875,-3.1271514892578125,-3.4537506103515625
2018-09-20,18,3,296.518798828125,291.3543701171875,2.3786163330078125,-1.2700042724609375,62.5,91210.0,268.77374267578125,282.1070556640625,290.7720947265625,0.0051424615085124,0.0099138133227825,0.0130353346467018,2.603118896484375,3.4810943603515625,9.822982788085938,-4.654571533203125,-3.1127166748046875,-3.09149169921875
2018-09-21,0,0,295.7646484375,292.9910888671875,3.202621459960937,-0.27008056640625,73.75,91080.859375,268.030029296875,282.6395874023437,289.9898681640625,0.0048085637390613,0.0086012110114097,0.0137182027101516,6.3671417236328125,4.286422729492188,10.805267333984377,-0.327880859375,-4.383834838867188,-2.7689208984375
2018-09-21,6,1,297.2469787597656,292.0689697265625,5.215377807617188,0.1892852783203125,14.0,91290.828125,268.540771484375,282.74810791015625,290.32684326171875,0.0044365152716636,0.0087773166596889,0.0130808018147945,4.6148223876953125,5.407684326171875,7.986953735351562,-1.403076171875,1.017608642578125,-0.7331085205078125
2018-09-21,12,2,299.9517822265625,290.9521484375,2.77947998046875,0.835693359375,0.0,91071.71875,268.59228515625,283.828369140625,292.7369384765625,0.0036302267108112,0.0043728537857532,0.0107174292206764,4.2354278564453125,7.1824798583984375,6.93634033203125,-0.18438720703125,0.1524200439453125,1.257659912109375
2018-09-21,18,3,294.6112670898437,290.251953125,2.9170379638671875,1.0779571533203125,0.0,91444.390625,268.95172119140625,283.7184753417969,291.14337158203125,0.0032904793042689,0.0025877289008349,0.0100501701235771,3.080657958984375,7.449844360351562,7.885467529296875,2.32647705078125,1.902191162109375,3.8030853271484375
2018-09-22,0,0,292.5975952148437,290.33349609375,2.2170562744140625,0.0517120361328125,0.0,91358.59375,269.25439453125,283.89990234375,290.3334350585937,0.0016068588010966,0.0032874261960387,0.0088617093861103,1.5164337158203125,7.672027587890625,10.29962158203125,5.4394378662109375,4.715011596679688,1.9859466552734373
2018-09-22,6,1,299.9269104003906,290.7440795898437,3.399383544921875,1.2019805908203125,0.0,91555.515625,269.9149780273437,283.103515625,291.19842529296875,0.0014368598349392,0.0049305967986583,0.0119732953608036,1.788116455078125,8.531234741210938,5.477584838867188,6.71539306640625,4.578536987304688,1.818817138671875
2018-09-22,12,2,301.33990478515625,291.18115234375,0.6007232666015625,1.0773773193359375,0.5,91335.8125,270.77490234375,281.2635498046875,294.3077087402344,0.0022027867380529,0.0076394937932491,0.0104630775749683,1.3571319580078125,6.23309326171875,3.010406494140625,5.0919952392578125,3.711502075195313,1.8747100830078125
2018-09-22,18,3,296.49072265625,291.800537109375,2.143402099609375,0.752410888671875,11.5,91661.390625,269.9356689453125,281.2020874023437,293.10235595703125,0.0023887690622359,0.0086741410195827,0.0111744999885559,-1.9090423583984373,1.945281982421875,2.6331939697265625,3.550155639648437,4.8142852783203125,1.857086181640625
2018-09-23,0,0,295.1786193847656,291.7501220703125,-0.6518096923828125,0.51861572265625,18.0,91642.25,268.7249755859375,281.6795654296875,290.63311767578125,0.003175948979333,0.0081548765301704,0.0128066204488277,-0.754852294921875,4.238800048828125,0.9391021728515624,4.4830169677734375,3.7721099853515625,2.6545867919921875
2018-09-23,6,1,300.65185546875,292.22900390625,0.020294189453125,1.6011962890625,0.0,91740.703125,268.62945556640625,282.6312561035156,292.1496887207031,0.0038833636790513,0.0087642185389995,0.0128595456480979,-1.742706298828125,0.917877197265625,-0.0951080322265625,4.729537963867188,3.1922149658203125,2.1795654296875
2018-09-23,12,2,300.02313232421875,293.361083984375,-1.3587646484375,0.143035888671875,355.0,91466.265625,268.8196716308594,282.9572448730469,293.6988525390625,0.004301194101572,0.0091858580708503,0.0134345777332782,-2.342315673828125,1.60418701171875,-0.0155792236328125,2.4042510986328125,2.7373504638671875,0.1495819091796875
2018-09-23,18,3,296.06402587890625,294.3549499511719,-1.4871826171875,1.275848388671875,142.5,91777.78125,268.3544921875,281.81134033203125,292.5116577148437,0.0040739811956882,0.0097562298178672,0.0125220976769924,-4.444061279296875,0.8805694580078125,-1.216949462890625,0.6459503173828125,-0.34674072265625,0.903533935546875
2018-09-24,0,0,294.7622375488281,292.547607421875,-0.1809844970703125,1.355010986328125,268.25,91632.984375,267.78472900390625,282.50439453125,290.5194702148437,0.0040027974173426,0.0099931843578815,0.0137261636555194,-6.951904296875,-3.664581298828125,-3.225982666015625,1.5826263427734375,0.4754791259765625,4.012176513671875
2018-09-24,6,1,299.8586120605469,293.458984375,1.6611328125,0.064605712890625,677.125,91785.328125,267.9178466796875,282.41778564453125,290.6387634277344,0.0027922715526074,0.0098085738718509,0.0139107406139373,-8.436767578125,-1.955413818359375,-0.4915618896484375,0.009246826171875,1.627471923828125,1.57745361328125
2018-09-24,12,2,300.43292236328125,294.8860168457031,-1.243316650390625,-0.36407470703125,235.5,91426.359375,268.2047424316406,283.48004150390625,293.3518981933594,0.0023117386735975,0.0084026791155338,0.0133413858711719,-7.395782470703125,0.575714111328125,-1.1788177490234375,-0.3516082763671875,0.567108154296875,-0.3632354736328125
2018-09-24,18,3,295.12823486328125,293.7343139648437,-0.0166778564453125,0.84637451171875,299.0,91808.8125,267.4574890136719,282.1004638671875,291.99609375,0.002404716098681,0.0088004320859909,0.0134971924126148,-4.931488037109375,-0.727142333984375,-1.9346466064453125,0.6386260986328125,-2.033554077148437,1.1408538818359375
2018-09-25,0,0,295.0722045898437,292.92236328125,0.3744354248046875,-0.2887420654296875,365.25,91513.09375,267.2059326171875,282.9626770019531,291.99041748046875,0.002763551659882,0.0091745443642139,0.0136930905282497,-3.911865234375,-2.3962860107421875,-0.8403472900390625,-1.040771484375,-3.377288818359375,0.823455810546875
2018-09-25,6,1,300.4210205078125,293.44830322265625,1.0745086669921875,-0.9259490966796876,516.25,91694.90625,268.1378173828125,283.4648132324219,291.6568908691406,0.0016563467215746,0.0080365240573883,0.0145916566252708,-4.8942718505859375,-3.630081176757813,1.0880126953125,-2.21197509765625,-2.378280639648437,-1.325164794921875
2018-09-25,12,2,299.1952514648437,293.9005126953125,-1.22247314453125,0.0433502197265625,1812.0,91287.390625,268.4454345703125,283.1189270019531,293.870361328125,0.0024562131147831,0.0087921246886253,0.0145722925662994,-4.449234008789063,-2.943359375,-1.846832275390625,-5.3323974609375,-3.874481201171875,-2.973251342773437
2018-09-25,18,3,295.8148803710937,294.1909484863281,0.539520263671875,-0.759246826171875,462.0,91639.421875,268.003173828125,282.79498291015625,291.072509765625,0.0029514252673834,0.0087600238621234,0.0142922811210155,-3.5396881103515625,-4.873947143554688,-1.183319091796875,-4.6146240234375,-3.98272705078125,-2.08221435546875
2018-09-26,0,0,295.02996826171875,292.9523620605469,0.9105377197265624,-0.2653961181640625,179.5,91426.375,267.9174194335937,283.30096435546875,290.99249267578125,0.0029409225098788,0.0079141184687614,0.0140440687537193,-3.876510620117188,-4.028823852539063,-0.65667724609375,-2.751205444335937,-2.9069366455078125,-0.1117706298828125
2018-09-26,6,1,300.1032409667969,293.79705810546875,-1.2568511962890625,-1.2503509521484375,296.0,91514.953125,268.229248046875,283.7693176269531,292.6468811035156,0.0025591643061488,0.0073643289506435,0.0137400701642036,-4.0611419677734375,-3.1988983154296875,-2.5399169921875,-1.8468780517578125,-3.1389923095703125,-1.7998809814453125
2018-09-26,12,2,300.8749389648437,293.8082580566406,-1.5241851806640625,-0.732330322265625,521.875,91218.59375,268.94091796875,283.4214782714844,293.5335693359375,0.0031023572664707,0.0089184679090976,0.0138207860291004,-1.3127288818359375,-2.759262084960937,-4.647613525390625,-0.4382476806640625,-1.1515350341796875,-1.555206298828125
2018-09-26,18,3,295.5028686523437,293.743408203125,-0.1717681884765625,-1.60552978515625,366.375,91566.859375,268.0908203125,282.86065673828125,290.986083984375,0.0033327715937048,0.0087055228650569,0.0141841080039739,-1.083831787109375,-5.056121826171875,-4.158050537109375,0.127655029296875,-1.1591033935546875,-1.49365234375
2018-09-27,0,0,294.381591796875,292.37457275390625,-0.3872833251953125,1.1190338134765625,183.75,91383.328125,267.94451904296875,282.9945373535156,291.3686218261719,0.0042767822742462,0.0089219212532043,0.0141297914087772,-3.6016082763671875,-4.324127197265625,-2.318588256835937,-0.1088409423828125,-1.0271453857421875,4.417083740234375
2018-09-27,6,1,299.9278564453125,293.3923034667969,-1.0489654541015625,0.7156524658203125,517.625,91490.953125,268.3109130859375,283.56787109375,292.43817138671875,0.0024978280998766,0.0074721723794937,0.0142975114285945,-4.412994384765625,-5.1154327392578125,-2.0677032470703125,0.012237548828125,-0.675933837890625,0.782135009765625
2018-09-27,12,2,300.428955078125,294.0867919921875,-0.985015869140625,-0.771881103515625,607.0,91229.59375,268.1763000488281,282.90411376953125,294.3648681640625,0.0027618505991995,0.0087534338235855,0.0136399418115615,-4.330657958984375,-3.805816650390625,-4.2171478271484375,1.58380126953125,-1.016357421875,-0.7039031982421875
2018-09-27,18,3,295.79931640625,293.5460205078125,0.0026702880859375,1.2516326904296875,397.5,91569.734375,268.0555725097656,282.7285461425781,291.32666015625,0.0031496174633502,0.0082293972373008,0.0141358897089958,-3.3603668212890625,-5.0572052001953125,-3.216888427734375,1.8402862548828125,-1.313140869140625,3.45721435546875
2018-09-28,0,0,295.3692932128906,292.48602294921875,-0.0091552734375,0.6343994140625,52.75,91416.875,267.52783203125,283.3097839355469,291.41064453125,0.0042576678097248,0.0082129649817943,0.0136861242353916,-5.722564697265625,-4.341278076171875,-3.0901641845703125,2.3497314453125,-0.244171142578125,2.005279541015625
2018-09-28,6,1,300.7585754394531,293.38299560546875,-1.5533599853515625,0.6402587890625,999.0,91542.59375,267.8764953613281,282.78076171875,292.1163024902344,0.0043201111257076,0.0087953954935073,0.0148435533046722,-5.0967559814453125,-5.828521728515625,-2.508758544921875,2.2742462158203125,0.079437255859375,0.7158050537109375
2018-09-28,12,2,298.9847412109375,294.67706298828125,-1.41741943359375,0.0713653564453125,916.5,91238.59375,268.80126953125,282.97119140625,293.33990478515625,0.0033881850540637,0.0085421539843082,0.0143527127802371,-4.954025268554688,-4.439727783203125,-4.70428466796875,4.266693115234375,-0.63385009765625,1.261138916015625
2018-09-28,18,3,295.94952392578125,293.9100341796875,-0.755767822265625,0.058807373046875,142.25,91531.890625,268.16973876953125,283.1533203125,291.27740478515625,0.0041718110442161,0.0083620809018611,0.014335960149765,-4.785369873046875,-5.93048095703125,-4.530303955078125,6.033966064453125,-1.15887451171875,1.801055908203125
2018-09-29,0,0,295.2525634765625,293.28662109375,-0.69757080078125,0.9371490478515624,150.5,91456.765625,268.3446655273437,282.26611328125,290.94207763671875,0.0041005895473062,0.0092159137129783,0.0140623748302459,-5.169342041015625,-7.2900848388671875,-4.1970062255859375,3.5035552978515625,-0.0202178955078125,2.650634765625
2018-09-29,6,1,300.9903564453125,293.0238647460937,-2.199203491210937,0.47955322265625,121.75,91582.734375,268.4217834472656,283.0767517089844,292.3329162597656,0.0031079947948455,0.0084349401295185,0.013556133955717,-7.1740264892578125,-6.0135040283203125,-3.4463043212890625,2.1571502685546875,1.2899322509765625,0.5842437744140625
2018-09-29,12,2,300.9876708984375,293.70233154296875,-1.535400390625,-0.138153076171875,71.75,91272.484375,268.5704650878906,283.7043151855469,294.3603515625,0.0018237214535474,0.0089013651013374,0.012950437143445,-6.06475830078125,-5.8411865234375,-5.408462524414063,0.5201568603515625,-0.248626708984375,-0.156005859375
2018-09-29,18,3,296.4233093261719,293.8134765625,-0.8795166015625,-0.2754974365234375,86.5,91580.5,268.5819702148437,283.2646484375,292.3519897460937,0.0016590561717748,0.0081021860241889,0.0137920603156089,-5.867095947265625,-5.7911224365234375,-3.0081939697265625,0.2186737060546875,-0.685821533203125,2.1805419921875
2018-09-30,0,0,295.756591796875,293.2538452148437,-1.9549407958984373,0.490264892578125,373.5,91486.578125,267.884033203125,283.1795349121094,291.8519287109375,0.0023832712322473,0.0084702894091606,0.0143089182674884,-4.13995361328125,-4.6717071533203125,-5.1022491455078125,-0.1339263916015625,-0.8669281005859375,-0.8744964599609375
2018-09-30,6,1,301.165771484375,293.0748291015625,-2.08758544921875,-0.76153564453125,1181.75,91537.984375,268.2992553710937,283.93212890625,292.56231689453125,0.0011514760553836,0.0071295164525508,0.0149558410048484,-5.28045654296875,-6.25,-3.909988403320313,-0.0557403564453125,-2.414825439453125,-1.658935546875
2018-09-30,12,2,301.3900756835937,293.75909423828125,-1.1664581298828125,0.560302734375,901.5,91269.15625,269.0951538085937,283.5866394042969,294.6297607421875,0.0011860593222081,0.0085862167179584,0.0140507593750953,-6.7333831787109375,-5.810821533203125,-5.112213134765625,-2.612518310546875,-2.2263641357421875,-1.3243560791015625
2018-09-30,18,3,296.3326110839844,293.7979736328125,-1.6911468505859375,1.6087646484375,564.0,91561.078125,268.2625732421875,283.2807922363281,291.73211669921875,0.0012906577903777,0.0078673437237739,0.0149552412331104,-6.038497924804688,-5.874969482421875,-4.775482177734375,0.1144256591796875,-4.0611419677734375,1.5373687744140625
2018-10-01,0,0,295.14794921875,293.0767822265625,-1.4900360107421875,-0.0841217041015625,240.25,91443.5,267.8518981933594,283.70562744140625,292.3296203613281,0.0013195497449487,0.0053799711167812,0.0133444964885711,-5.193359375,-6.995819091796875,-6.90570068359375,-0.384490966796875,-3.2227325439453125,-1.4964599609375
2018-10-01,6,1,302.02099609375,292.22821044921875,-3.0328826904296875,0.1315765380859375,0.0,91536.265625,267.9617919921875,283.91424560546875,292.5950927734375,0.0010615400969982,0.0051928609609603,0.0128626152873039,-6.359527587890625,-8.540328979492188,-4.668304443359375,0.62091064453125,-2.937850952148437,-0.0216064453125
2018-10-01,12,2,301.5498962402344,293.12744140625,-1.650115966796875,0.3610992431640625,81.5,91244.78125,268.10699462890625,283.8744201660156,294.34783935546875,0.0012018997222185,0.0079255178570747,0.0130226388573646,-6.753326416015625,-7.659866333007812,-4.487960815429688,0.5506439208984375,-0.3029022216796875,0.643585205078125
2018-10-01,18,3,296.478759765625,293.9479675292969,-2.1929168701171875,1.1067657470703125,494.75,91589.6875,267.6070556640625,282.74639892578125,292.0921630859375,0.0023983092978596,0.0082688704133033,0.0141647346317768,-5.2921142578125,-6.2742767333984375,-5.0944671630859375,2.27410888671875,0.0498504638671875,2.714385986328125
2018-10-02,0,0,295.8071594238281,293.7644348144531,-1.7510223388671875,0.1306610107421875,149.75,91487.484375,268.8433532714844,282.21270751953125,292.0804138183594,0.0018692230805754,0.0076148882508277,0.0126477591693401,-5.9012451171875,-5.0912933349609375,-5.00189208984375,3.8094635009765625,0.472869873046875,1.792572021484375
2018-10-02,6,1,301.0093688964844,292.596923828125,-3.0445556640625,0.94976806640625,3.75,91632.84375,268.8806457519531,282.93133544921875,292.6375427246094,0.0010551325976848,0.0073858425021171,0.0131718851625919,-4.50067138671875,-5.5510101318359375,-4.6962890625,3.6230316162109375,1.4351043701171875,1.250335693359375
2018-10-02,12,2,300.5958251953125,293.2862548828125,-1.3683013916015625,0.8486328125,226.25,91371.46875,268.4664611816406,283.42291259765625,294.15740966796875,0.0023732369299978,0.0083635933697223,0.0135240219533443,-3.663284301757813,-4.9660491943359375,-4.5594482421875,4.3818359375,-1.540191650390625,0.8658294677734375
2018-10-02,18,3,296.0046691894531,293.4730834960937,-1.0778656005859375,1.3347625732421875,309.375,91638.09375,268.093505859375,283.0743713378906,291.9076232910156,0.0042245648801326,0.0081261061131954,0.0144030451774597,-3.46246337890625,-6.15692138671875,-3.353988647460937,0.8345794677734375,-1.9650421142578125,3.05670166015625
2018-10-03,0,0,295.8060913085937,293.6529541015625,-1.57159423828125,-0.0075836181640625,46.5,91479.34375,268.6605224609375,283.6984558105469,292.046875,0.0038651525974273,0.0070744194090366,0.0125123858451843,-4.011688232421875,-5.85919189453125,-4.819244384765625,2.83319091796875,-2.1687774658203125,-0.3558807373046875
2018-10-03,6,1,301.8594970703125,292.03436279296875,-3.0235748291015625,-0.910369873046875,0.0,91565.21875,268.6854858398437,284.2171630859375,293.1249389648437,0.0035095687489956,0.0058221891522407,0.0126960538327693,-5.2276611328125,-7.38519287109375,-4.720016479492188,0.201416015625,-0.4866943359375,-1.57904052734375
2018-10-03,12,2,299.12823486328125,292.7163391113281,-2.310882568359375,0.3872833251953125,227.375,91337.796875,268.67694091796875,282.938232421875,293.32470703125,0.004443297162652,0.0095102302730083,0.0134271159768104,-6.592056274414063,-4.4293060302734375,-5.121307373046875,1.5005340576171875,-2.1047821044921875,-1.1735687255859375
2018-10-03,18,3,295.07135009765625,293.47418212890625,-1.787445068359375,1.110321044921875,216.875,91617.296875,268.7694396972656,282.88201904296875,292.62567138671875,0.0048449710011482,0.0089953579008579,0.0135755985975265,-7.539794921875,-7.2865753173828125,-6.0203857421875,2.9340057373046875,-1.55029296875,1.0588836669921875
2018-10-04,0,0,295.5008239746094,293.90740966796875,-1.7770233154296875,0.1208953857421875,102.25,91439.4375,268.5721435546875,283.218017578125,292.10223388671875,0.0047525651752948,0.0082874372601509,0.012184914201498,-8.180557250976562,-7.677444458007812,-7.7612762451171875,2.8442535400390625,-0.236785888671875,1.5683135986328125
2018-10-04,6,1,298.7659912109375,293.1000671386719,-3.06109619140625,0.2022705078125,711.25,91584.359375,268.5704345703125,282.94537353515625,291.09197998046875,0.0051486790180206,0.0093596084043383,0.0150657780468463,-10.102340698242188,-9.020217895507812,-5.722320556640625,1.7314300537109375,0.29534912109375,0.2476806640625
2018-10-04,12,2,296.58416748046875,293.82159423828125,-2.1558074951171875,-1.170623779296875,141.75,91271.78125,268.7460327148437,284.23046875,292.0223999023437,0.0050836093723773,0.0080404393374919,0.012973990291357,-13.848907470703123,-13.698104858398438,-9.506301879882812,1.3333892822265625,1.26226806640625,-3.281356811523437
2018-10-04,18,3,294.43170166015625,293.264892578125,-2.8388214111328125,-0.5545806884765625,49.75,91560.296875,268.8345947265625,283.7045593261719,291.3586730957031,0.0046173701994121,0.0081758797168731,0.0133536644279956,-2.595565795898437,-10.534942626953123,-11.352310180664062,8.983871459960938,1.9829864501953125,-0.0104827880859375
2018-10-05,0,0,295.40069580078125,293.21466064453125,-2.2772674560546875,0.238189697265625,94.75,91504.03125,268.726806640625,282.8515625,290.3829345703125,0.00484399497509,0.0097981579601764,0.0142153836786746,0.0430755615234375,-6.8212432861328125,-9.914581298828123,7.4792633056640625,3.337631225585937,3.007431030273437
2018-10-05,6,1,299.3130798339844,294.0721435546875,-4.6305999755859375,0.8506927490234375,337.75,91620.0625,268.380859375,283.195556640625,291.45294189453125,0.0043042078614234,0.0095654428005218,0.0147875919938087,-1.7855377197265625,-7.36553955078125,-8.482269287109375,6.929656982421875,2.999359130859375,1.5502471923828125
2018-10-05,12,2,296.9994506835937,294.33477783203125,-3.3159332275390625,0.401519775390625,24.25,91302.3125,268.9198303222656,284.38543701171875,291.38848876953125,0.0049066953361034,0.0078214779496192,0.0143813509494066,-5.9064483642578125,-8.498626708984375,-11.238388061523438,1.7475738525390625,3.936233520507813,2.77703857421875
2018-10-05,18,3,294.75799560546875,293.60357666015625,-3.31475830078125,0.56591796875,146.0,91655.5,268.6170349121094,283.4486694335937,290.4526062011719,0.0044156620278954,0.0083455368876457,0.0143603421747684,-7.0789947509765625,-8.453216552734375,-8.893585205078125,1.7221221923828125,3.987579345703125,3.704864501953125
2018-10-06,0,0,295.40380859375,293.4940795898437,-3.709182739257813,0.076812744140625,86.0,91428.109375,268.2714233398437,283.37725830078125,290.2080078125,0.0047916583716869,0.0090585500001907,0.0141127556562423,-3.574676513671875,-9.74737548828125,-11.842605590820312,-0.30718994140625,5.683273315429688,3.61083984375
2018-10-06,6,1,298.85992431640625,294.24041748046875,-4.1249542236328125,1.5856781005859375,803.0,91624.40625,268.23492431640625,283.19451904296875,291.0588684082031,0.0047909654676914,0.0084580928087234,0.014469813555479,-6.573043823242188,-8.7952880859375,-8.71600341796875,0.847564697265625,2.3582763671875,3.3503875732421875
2018-10-06,12,2,299.19451904296875,293.64862060546875,-1.884552001953125,0.8917236328125,363.25,91312.890625,269.04364013671875,282.9052124023437,292.0792541503906,0.0038601639680564,0.0092611983418464,0.0142009072005748,-6.290283203125,-7.986419677734375,-7.29132080078125,2.564788818359375,-0.309600830078125,1.9747772216796875
2018-10-06,18,3,294.55938720703125,293.4410400390625,-2.6831512451171875,0.2501983642578125,114.75,91627.390625,268.2474365234375,282.95343017578125,291.2881164550781,0.0034145864192396,0.0080904327332973,0.0131513737142086,-5.0863800048828125,-7.592849731445312,-9.165023803710938,2.04937744140625,-0.1754913330078125,1.2942962646484375
2018-10-07,0,0,295.4173583984375,293.14117431640625,-2.776458740234375,0.03497314453125,14.0,91430.453125,269.001953125,283.28204345703125,291.4183654785156,0.0016057982575148,0.0058950893580913,0.0120938494801521,-6.0780181884765625,-6.3688507080078125,-7.723846435546875,3.588470458984375,-1.2170257568359375,0.3154296875
2018-10-07,6,1,300.0814208984375,292.5872802734375,-3.867828369140625,0.8966217041015625,0.0,91541.140625,269.02490234375,284.39227294921875,292.4683837890625,0.0013711925130337,0.0037159824278205,0.0126324966549873,-5.8663482666015625,-7.4210205078125,-5.959518432617188,2.5583953857421875,-0.912811279296875,1.214263916015625
2018-10-07,12,2,300.4730224609375,292.5118103027344,-1.3223419189453125,0.3922882080078125,20.0,91277.28125,268.9996032714844,282.8009033203125,293.77752685546875,0.001429361756891,0.0081898123025894,0.0123489908874034,-6.193756103515625,-4.347869873046875,-4.211227416992188,1.7643890380859375,-0.876556396484375,0.374237060546875
2018-10-07,18,3,295.5345458984375,293.16668701171875,-2.0692596435546875,0.7604827880859375,105.5,91607.015625,268.0504150390625,282.6244812011719,292.1346435546875,0.0024239448830485,0.0069232285022735,0.0132643580436706,-5.1073760986328125,-4.6646728515625,-4.356124877929688,1.4185943603515625,-0.2950592041015625,0.414642333984375
2018-10-08,0,0,294.4116516113281,292.7706298828125,-1.40087890625,-0.021392822265625,181.5,91400.953125,267.9439697265625,282.427734375,292.33892822265625,0.0029566569719463,0.0084087923169136,0.0111911408603191,-3.778472900390625,-2.1222381591796875,-4.259552001953125,0.193878173828125,-0.2371826171875,-3.0382537841796875
2018-10-08,6,1,300.61102294921875,291.329833984375,-2.379791259765625,-1.0811614990234375,0.0,91524.828125,268.71258544921875,282.79644775390625,292.49664306640625,0.0036768459249287,0.0084631517529487,0.0123841725289821,-4.013763427734375,-2.8548583984375,-3.691360473632813,0.79302978515625,-0.3650665283203125,-1.65960693359375
2018-10-08,12,2,300.0607604980469,293.2162475585937,-1.094573974609375,-0.2309112548828125,227.125,91255.859375,268.70391845703125,282.19390869140625,293.55645751953125,0.0045651197433471,0.0098204761743545,0.0129110179841518,-3.2395782470703125,-0.9823150634765624,-1.1760101318359375,0.25390625,-1.848297119140625,-2.8271026611328125
2018-10-08,18,3,294.79351806640625,293.6396789550781,-0.1443939208984375,1.9159698486328125,585.375,91543.515625,268.1733703613281,281.5291748046875,292.7292785644531,0.0050440952181816,0.0081299319863319,0.0129168704152107,-4.0458831787109375,-4.54302978515625,-1.4710235595703125,-1.533416748046875,-6.280044555664063,0.1527252197265625
2018-10-09,0,0,295.5590209960937,293.5880126953125,1.874053955078125,0.0674896240234375,310.0,91419.765625,268.28057861328125,282.154296875,291.15338134765625,0.0046132951974868,0.006916806101799,0.013322427868843,-1.749755859375,-4.9879302978515625,-1.0825042724609375,-1.072845458984375,-2.9787139892578125,-1.1196441650390625
2018-10-09,6,1,300.2132568359375,291.2361755371094,-0.71441650390625,-0.94683837890625,0.25,91466.625,268.3646850585937,282.7421569824219,292.3108215332031,0.0041626244783401,0.0073189549148082,0.01172811165452,-2.254058837890625,-2.71075439453125,-1.494964599609375,-0.7570037841796875,-2.9319000244140625,-1.47943115234375
2018-10-09,12,2,299.82928466796875,290.5127868652344,0.290679931640625,-1.9573516845703125,145.0,91245.390625,268.130126953125,282.06036376953125,293.4105529785156,0.0038829327095299,0.0092730112373828,0.0120895430445671,-0.965728759765625,0.530426025390625,-1.46588134765625,-3.6481781005859375,-4.337814331054688,-4.53607177734375
2018-10-09,18,3,295.6203918457031,292.7139587402344,2.5614776611328125,-0.1765594482421875,202.125,91462.875,268.9970703125,280.682861328125,293.9890441894531,0.0023810183629393,0.0081774778664112,0.0107086859643459,-2.099700927734375,-3.231903076171875,-0.68450927734375,-2.5628814697265625,-7.569931030273437,-2.9434356689453125
2018-10-10,0,0,294.0948486328125,292.6929016113281,2.071029663085937,-1.3231048583984375,80.5,91310.609375,268.845458984375,281.53955078125,291.5675964355469,0.0009252389427274,0.0065282769501209,0.0114871487021446,1.2217559814453125,2.4763946533203125,2.9300537109375,-3.053817749023437,-10.460372924804688,-7.3632659912109375
2018-10-10,6,1,300.7390441894531,291.47705078125,0.528900146484375,-2.9870758056640625,12.75,91471.421875,268.826904296875,281.10498046875,292.36773681640625,0.0005488856695592,0.0064868070185184,0.0117162428796291,2.430648803710937,1.6511383056640625,0.3236083984375,-6.3432464599609375,-7.566543579101562,-4.876068115234375
2018-10-10,12,2,300.2971496582031,291.4895324707031,0.7747802734375,-1.29052734375,0.5,91124.609375,270.12921142578125,281.96417236328125,294.7203063964844,0.0007276707328855,0.0054350793361663,0.0097129493951797,2.5581817626953125,2.0186309814453125,1.5320587158203125,-5.460052490234375,-9.28741455078125,-6.0423736572265625
2018-10-10,18,3,294.90350341796875,290.813232421875,1.872283935546875,-0.549407958984375,26.375,91428.828125,270.294677734375,279.64849853515625,294.67333984375,0.0007640635594725,0.0063871629536151,0.008688636124134,1.6232452392578125,-1.2739105224609375,0.444732666015625,-5.9073028564453125,-9.857574462890623,-5.4686126708984375
2018-10-11,0,0,294.0859680175781,292.1629943847656,2.097030639648437,-1.3436737060546875,38.0,91268.4375,269.887939453125,281.0333557128906,293.468505859375,0.0008406983688473,0.0025471474509686,0.0074685849249362,1.7063446044921875,0.930511474609375,2.463973999023437,-3.3716583251953125,-12.7471923828125,-7.0635986328125
2018-10-11,6,1,301.0818786621094,290.5380554199219,2.173309326171875,-2.293701171875,0.0,91457.71875,270.41229248046875,281.2811279296875,293.2298583984375,0.0006939531303942,0.0040888586081564,0.0104043036699295,3.2648162841796875,-0.6089324951171875,2.8153076171875,-6.36126708984375,-12.111343383789062,-4.091400146484375
2018-10-11,12,2,301.0339050292969,290.5711669921875,1.0645751953125,-0.5721588134765625,53.625,91190.28125,271.3754272460937,280.5704650878906,295.421630859375,0.0005934613291174,0.0071270875632762,0.009067703038454,-0.7023468017578125,-0.0561676025390625,1.9458770751953125,-5.9007720947265625,-9.314559936523438,-4.3124542236328125
2018-10-11,18,3,295.74029541015625,289.8051452636719,1.3081817626953125,-1.4020843505859375,54.25,91510.8125,270.9249267578125,280.5577087402344,294.5980834960937,0.0002497783279977,0.0068644722923636,0.0095839537680149,-3.77874755859375,-2.389190673828125,3.837600708007813,-5.3909912109375,-6.95361328125,-1.32977294921875
2018-10-12,0,0,294.02459716796875,290.2484130859375,1.609466552734375,-1.727264404296875,45.5,91399.40625,270.75347900390625,279.9336242675781,294.04107666015625,0.000306140165776,0.0067965686321258,0.009027175605297,-3.352203369140625,-0.4672393798828125,0.1020660400390625,-3.126678466796875,-10.617630004882812,-4.478286743164063
2018-10-12,6,1,300.9000549316406,291.3431396484375,1.2623443603515625,-1.564697265625,21.25,91527.046875,270.839111328125,281.9699401855469,292.92108154296875,0.0002430086169624,0.0040313266217708,0.0114542692899703,-4.666778564453125,-3.6507568359375,1.324554443359375,-1.7034149169921875,-8.135543823242188,-2.899627685546875
2018-10-12,12,2,301.37457275390625,293.8177490234375,0.722076416015625,-1.009552001953125,77.5,91297.125,270.47802734375,281.3546142578125,295.4952392578125,0.0002862480469048,0.0067558102309703,0.0098537281155586,-5.467620849609375,-1.810821533203125,-0.1167755126953125,-4.1591644287109375,-3.5572509765625,-3.5906524658203125
2018-10-12,18,3,295.1234130859375,290.13037109375,-0.5972747802734375,-0.0434417724609375,63.375,91562.921875,269.8168334960937,280.44610595703125,295.27423095703125,0.0006880993023514,0.0079717710614204,0.0092046447098255,-7.64544677734375,-0.958648681640625,-2.1473388671875,-1.7436370849609375,-5.376708984375,-0.93414306640625
2018-10-13,0,0,294.2403564453125,291.34716796875,1.507781982421875,1.2049560546875,54.0,91517.625,269.4042358398437,280.052978515625,292.656494140625,0.0003650633152574,0.0066077634692192,0.0114398002624511,-4.2429046630859375,-0.1798553466796875,3.236114501953125,1.254730224609375,-3.422882080078125,0.6973724365234375
2018-10-13,6,1,301.17926025390625,291.50616455078125,1.2622222900390625,0.008636474609375,56.5,91669.015625,269.8671569824219,281.5191955566406,293.0570068359375,0.001366468379274,0.0057487078011035,0.0121713504195213,-3.0122222900390625,-1.2980194091796875,1.4228057861328125,1.51123046875,1.1116943359375,-0.1670379638671875
2018-10-13,12,2,301.02069091796875,291.8992004394531,1.084564208984375,0.3460540771484375,70.5,91438.5,269.15771484375,281.7709045410156,295.3162841796875,0.0034489955287426,0.0075363405048847,0.0107675306499004,-3.4372100830078125,0.5489501953125,1.5660400390625,2.7655487060546875,1.35711669921875,-2.24749755859375
2018-10-13,18,3,295.32769775390625,291.63739013671875,0.4664459228515625,1.733062744140625,47.25,91682.640625,268.3780822753906,281.191650390625,293.48077392578125,0.0038214225787669,0.0078954137861728,0.0118432231247425,-4.861129760742188,-1.9130096435546875,3.693557739257813,3.0563201904296875,-5.088836669921875,3.5902862548828125
2018-10-14,0,0,294.7537841796875,292.54742431640625,1.4694366455078125,0.528564453125,168.5,91626.96875,267.6082763671875,281.3453369140625,291.786865234375,0.0035300303716212,0.0079879388213157,0.0127285439521074,-6.232086181640625,-1.126373291015625,4.694625854492188,3.432830810546875,0.5751800537109375,2.561248779296875
2018-10-14,6,1,300.45477294921875,292.5428771972656,1.29022216796875,0.44927978515625,1009.75,91778.453125,268.3601989746094,282.02069091796875,292.1769104003906,0.0032732035033404,0.0080936476588249,0.0141156278550624,-6.0800323486328125,-1.7029571533203125,1.6094970703125,1.5536041259765625,0.100067138671875,0.3892669677734375
2018-10-14,12,2,298.914794921875,294.042724609375,-1.499267578125,0.55120849609375,1411.0,91494.078125,268.19488525390625,283.1164245605469,294.199462890625,0.0037391439545899,0.0080004781484603,0.0136638991534709,-4.701995849609375,-0.6302032470703125,-0.964874267578125,3.200775146484375,-1.4181060791015625,-1.8127593994140625
2018-10-14,18,3,295.0418701171875,293.60711669921875,0.1707000732421875,2.1099395751953125,253.25,91808.6875,267.84326171875,282.1595458984375,291.6736145019531,0.0039978013373911,0.0091336071491241,0.0136912651360034,-5.18975830078125,-2.452056884765625,-2.2900390625,1.6935882568359375,-3.134979248046875,3.4549560546875
2018-10-15,0,0,294.7845458984375,293.1273803710937,1.1986541748046875,0.1044464111328125,90.625,91654.890625,267.897705078125,282.3099060058594,292.3360595703125,0.0043260352686047,0.0087852105498313,0.0131394378840923,-7.833114624023437,-2.92718505859375,0.20184326171875,0.024383544921875,0.7624664306640625,1.41229248046875
2018-10-15,6,1,300.2650756835937,294.57537841796875,0.8429107666015625,-0.876922607421875,1391.5,91814.5,268.17529296875,282.341796875,292.3545837402344,0.0035460542421787,0.008521769195795,0.0142506882548332,-8.757644653320312,-3.214813232421875,0.17413330078125,3.24359130859375,0.9597930908203124,-1.9118804931640625
2018-10-15,12,2,298.08648681640625,295.1539611816406,-1.4091033935546875,0.5047760009765625,1393.625,91540.953125,267.8349914550781,283.32098388671875,293.79766845703125,0.0041613727807998,0.0089601203799247,0.0138815492391586,-6.94378662109375,-3.7922515869140634,-3.1792449951171875,6.540054321289063,-0.879241943359375,0.8543853759765625
2018-10-15,18,3,295.8588256835937,294.0118408203125,-1.973785400390625,0.249481201171875,409.625,91818.390625,267.1807556152344,283.621337890625,291.7743835449219,0.0036947964690625,0.0076941885054111,0.0136907696723937,-3.6580657958984375,-4.417404174804688,-6.257781982421875,5.8680419921875,-0.7615509033203125,4.291534423828125
2018-10-16,0,0,295.81427001953125,293.6879577636719,-2.1230621337890625,1.1285400390625,487.625,91654.234375,267.9940795898437,283.4918212890625,291.29461669921875,0.0032444230746477,0.0074074119329452,0.0133346170186996,-5.971832275390625,-4.93505859375,-5.231689453125,3.0456695556640625,1.147979736328125,3.7574615478515625
2018-10-16,6,1,299.849609375,293.6229553222656,-2.051788330078125,1.181182861328125,1372.5,91794.875,267.71337890625,282.12164306640625,292.1993103027344,0.0029344949871301,0.0084391757845878,0.014558121562004,-7.4087371826171875,-5.745941162109375,-3.303314208984375,2.471710205078125,2.0065460205078125,1.8161468505859373
2018-10-16,12,2,298.0540771484375,295.18798828125,-0.52655029296875,0.63067626953125,977.375,91563.890625,267.7764892578125,282.84393310546875,292.2332763671875,0.0038275122642517,0.0083994939923286,0.0143719501793384,-8.388687133789062,-2.9274444580078125,-1.7860260009765625,-0.082275390625,1.378662109375,3.48248291015625
2018-10-16,18,3,294.8688659667969,293.4402160644531,-1.48443603515625,0.8740081787109375,333.5,91865.359375,266.79376220703125,283.16607666015625,290.8694152832031,0.0034534982405602,0.0073442570865154,0.0139774493873119,-5.36651611328125,-2.8890838623046875,-1.1938934326171875,1.496612548828125,2.643402099609375,3.3299102783203125
2018-10-17,0,0,294.7939453125,292.8055725097656,1.549285888671875,0.2967529296875,20.625,91721.75,267.64752197265625,281.6537475585937,289.3942565917969,0.0029321149922907,0.0079872347414493,0.0128583796322345,-9.0482177734375,-4.941131591796875,3.646408081054688,2.892822265625,3.627395629882813,2.208770751953125
2018-10-17,6,1,300.7108764648437,294.1577453613281,1.3572845458984375,1.5723724365234375,511.75,91794.03125,267.04119873046875,282.4063415527344,290.7069702148437,0.0035608168691396,0.0069207102060317,0.013690797612071,-7.442840576171875,-4.579757690429688,1.57965087890625,4.493621826171875,2.41998291015625,1.9934844970703125
2018-10-17,12,2,297.9773864746094,293.394775390625,0.158843994140625,1.5223388671875,1034.125,91479.25,267.5680236816406,281.9230041503906,292.4676513671875,0.0043125255033373,0.0084418095648288,0.0137444250285625,-6.246826171875,-2.3976287841796875,2.3375244140625,4.608413696289063,4.473541259765625,2.356964111328125
2018-10-17,18,3,294.687255859375,292.75457763671875,0.369415283203125,0.7914276123046875,352.75,91813.15625,267.9476928710937,281.2788391113281,289.8065795898437,0.0048984102904796,0.0080550201237201,0.013810072094202,-3.979400634765625,-0.101776123046875,4.1002960205078125,5.473236083984375,3.400146484375,0.574371337890625
2018-10-18,0,0,294.4632263183594,292.9703369140625,1.4308319091796875,-0.9119720458984376,153.25,91624.25,266.8475341796875,281.730712890625,290.3173828125,0.0042260065674781,0.0076068453490734,0.0128155946731567,-0.0187225341796875,0.4675750732421875,3.6270599365234375,3.751663208007813,2.1772003173828125,-1.126007080078125
2018-10-18,6,1,299.91522216796875,294.9405212402344,0.43731689453125,0.158050537109375,934.75,91773.375,266.5438232421875,281.6937255859375,290.7010498046875,0.0041696289554238,0.0075393393635749,0.0139826573431491,3.1049041748046875,-0.7075653076171875,0.315093994140625,0.1923828125,1.591827392578125,-0.101226806640625
2018-10-18,12,2,297.9328918457031,293.8369140625,-1.0551605224609375,-0.7625885009765625,1285.5,91501.390625,267.23052978515625,282.5247802734375,291.7661437988281,0.0041475393809378,0.0081043355166912,0.0139860250055789,3.4908599853515625,0.888427734375,-1.8281707763671875,-2.482040405273437,1.48577880859375,-0.109710693359375
2018-10-18,18,3,294.46929931640625,293.3576965332031,-0.9764862060546876,-0.047393798828125,477.0,91709.78125,267.2836608886719,282.3662109375,291.079345703125,0.0043443627655506,0.0075071677565574,0.0141454972326755,2.140243530273437,-0.167694091796875,-1.8275604248046875,0.2672576904296875,-1.75531005859375,0.384033203125
2018-10-19,0,0,294.58331298828125,292.3873596191406,-1.04681396484375,0.7637176513671875,88.75,91597.484375,267.25469970703125,281.55975341796875,290.6538391113281,0.0043161138892173,0.008081816136837,0.0134636722505092,1.9190216064453125,-1.28460693359375,-0.911102294921875,-1.2877349853515625,-2.942230224609375,2.2887420654296875
2018-10-19,6,1,300.0337219238281,292.78765869140625,-1.368896484375,0.346466064453125,556.375,91733.640625,268.6617736816406,280.93585205078125,291.6541748046875,0.0038062059320509,0.0085508190095424,0.0137058328837156,1.041748046875,-3.801071166992188,-2.30670166015625,-2.709747314453125,-2.9832305908203125,0.221221923828125
2018-10-19,12,2,299.3057556152344,293.61822509765625,-1.564117431640625,-1.0087432861328125,883.75,91526.25,267.5294189453125,282.602783203125,291.9652709960937,0.0043847262859344,0.0081474035978317,0.0137864612042903,1.9191741943359373,-1.9857330322265625,-4.557144165039063,-4.7798614501953125,-2.061004638671875,-1.8210296630859373
2018-10-19,18,3,294.8826904296875,293.2518920898437,-1.4464263916015625,-0.0068511962890625,167.875,91781.359375,267.81915283203125,281.9120483398437,291.14117431640625,0.0035624962765723,0.0083796456456184,0.0131089426577091,0.5175323486328125,-4.0994720458984375,-4.9932861328125,-4.6517181396484375,-1.1473846435546875,-0.5281219482421875
2018-10-20,0,0,294.88970947265625,293.043212890625,-1.2864837646484375,-0.704925537109375,158.375,91660.875,267.1851806640625,281.8902587890625,291.5631103515625,0.0037211601156741,0.0079652778804302,0.0082319043576717,-2.7346954345703125,-4.2679290771484375,-3.866622924804688,-4.079757690429688,-0.2786712646484375,-3.577865600585937
2018-10-20,6,1,299.5531616210937,287.57861328125,-1.9700775146484373,-0.9211883544921876,0.0,91853.0,268.1605834960937,282.9301147460937,290.87603759765625,0.0029500855598598,0.0054911933839321,0.0086801350116729,-7.364013671875,-2.8461151123046875,-3.549530029296875,-3.144287109375,-1.6656494140625,-1.68505859375
2018-10-20,12,2,298.7549133300781,291.460693359375,-1.59429931640625,-0.3312530517578125,0.0,91598.5,268.2414245605469,283.476806640625,293.4076843261719,0.003085950622335,0.0043561495840549,0.0072129890322685,-4.193893432617188,-2.9024200439453125,-3.5792694091796875,1.38275146484375,-2.707977294921875,-1.618072509765625
2018-10-20,18,3,294.6784362792969,287.97857666015625,-2.151763916015625,-0.300262451171875,0.0,91861.578125,268.7967529296875,282.4416198730469,291.37030029296875,0.0026492401957511,0.0060106962919235,0.0093320980668067,-3.7968597412109375,-6.23614501953125,-5.83404541015625,2.89105224609375,-1.6611175537109375,-0.9188690185546876
2018-10-21,0,0,293.49273681640625,290.81170654296875,-1.565765380859375,-0.5329437255859375,0.0,91679.421875,268.0307006835937,282.2440185546875,291.6010131835937,0.0029220851138234,0.0082250796258449,0.0060754865407943,-3.3430328369140625,-6.667282104492188,-4.657928466796875,1.8776702880859373,-0.896636962890625,-1.4812774658203125
2018-10-21,6,1,299.37322998046875,289.5833435058594,-2.32708740234375,-0.5034332275390625,0.0,91860.484375,268.018798828125,281.8118896484375,291.0483703613281,0.0031440670136362,0.0089644007384777,0.0100432708859443,-2.9382781982421875,-7.721084594726562,-3.920440673828125,2.405059814453125,-0.36981201171875,-0.79345703125
2018-10-21,12,2,297.92498779296875,293.2937316894531,-2.0750732421875,0.9579315185546876,147.375,91643.859375,268.7482604980469,281.74249267578125,292.15545654296875,0.0025775209069252,0.0090826004743576,0.0117807425558567,-2.073944091796875,-7.183990478515625,-5.511489868164063,2.7955780029296875,-0.3770904541015625,-2.6857452392578125
2018-10-21,18,3,294.5892333984375,292.7588806152344,-1.8629913330078125,-0.208251953125,47.75,91869.546875,268.3907470703125,281.87255859375,292.30731201171875,0.0030128287617117,0.0075010955333709,0.0087623111903667,-1.3143463134765625,-7.181427001953125,-7.097320556640625,1.117950439453125,0.758575439453125,-4.293670654296875
2018-10-22,0,0,293.1478881835937,291.02203369140625,-1.9384307861328125,-0.873077392578125,0.0,91731.953125,267.49920654296875,282.51629638671875,292.90594482421875,0.003511739661917,0.0067612901329994,0.0037883457262068,-0.84295654296875,-6.7936553955078125,-9.769012451171877,-1.90289306640625,-0.219635009765625,-1.3606109619140625
2018-10-22,6,1,299.70526123046875,287.5284423828125,-3.787796020507813,-0.7545318603515625,0.0,91909.90625,267.3241577148437,282.6605834960937,291.81365966796875,0.0033757272176444,0.0040854793041944,0.0082324296236038,-2.36614990234375,-6.568893432617188,-6.644546508789063,-2.0501861572265625,-2.1597900390625,-1.379180908203125
2018-10-22,12,2,299.5197448730469,290.1049194335937,-1.742584228515625,0.067596435546875,0.0,91556.546875,268.1258544921875,283.8253479003906,293.9124755859375,0.002318148035556,0.0035578629467636,0.0084747970104217,-2.4466094970703125,-6.3487701416015625,-5.327072143554688,-1.5518798828125,-4.523605346679688,-1.938934326171875
2018-10-22,18,3,293.6513977050781,289.4169616699219,-1.9130401611328125,0.2404022216796875,0.0,91817.984375,267.1932373046875,283.1907958984375,292.30096435546875,0.002106258412823,0.0030067078769207,0.0102071166038513,-3.205474853515625,-9.461090087890623,-4.329376220703125,-1.929595947265625,-2.7776641845703125,-1.8004608154296875
2018-10-23,0,0,291.6908569335937,289.10992431640625,-1.7144775390625,-0.5159759521484375,0.0,91689.484375,267.6484375,283.4146728515625,292.87762451171875,0.0019112264271825,0.0031224898993968,0.0049547813832759,0.155487060546875,-7.5772705078125,-6.99609375,1.99810791015625,-2.62139892578125,-5.482192993164063
2018-10-23,6,1,301.00494384765625,286.8078918457031,-3.6596527099609375,-1.1392364501953125,0.0,91861.015625,268.1197509765625,282.8159484863281,292.6445617675781,0.0016807804349809,0.0031107130926102,0.0083754397928714,1.1416473388671875,-9.794174194335938,-6.23016357421875,-1.1771392822265625,-2.56561279296875,-2.255035400390625
2018-10-23,12,2,299.9273376464844,290.4756164550781,-1.552001953125,0.7447662353515625,0.0,91604.296875,267.7506103515625,282.89996337890625,294.3573608398437,0.0012522933539003,0.0033008309546858,0.0088221319019794,0.206329345703125,-6.7999420166015625,-4.8793487548828125,-2.5528106689453125,-3.9520263671875,-0.425537109375
2018-10-23,18,3,293.685546875,288.84490966796875,-2.1085968017578125,0.34442138671875,0.0,91834.8125,267.7333984375,282.520751953125,293.0657653808594,0.0006385601591318,0.0035188593901693,0.0090875327587127,-0.03570556640625,-8.627853393554688,-7.6165008544921875,-1.3723297119140625,-3.2932281494140625,-1.605987548828125
2018-10-24,0,0,292.37890625,289.3544311523437,-1.992919921875,-1.0560455322265625,0.0,91623.625,268.38201904296875,283.3835754394531,293.3502502441406,0.0003056291025131,0.0031676623038947,0.00642991065979,0.3213043212890625,-6.820892333984375,-10.03924560546875,-1.697509765625,-3.5911865234375,-4.41180419921875
2018-10-24,6,1,301.37322998046875,285.9986877441406,-4.051315307617188,-0.5343780517578125,0.0,91813.5,268.87646484375,282.64971923828125,292.7348937988281,0.000242538517341,0.0032761313486844,0.0072799138724803,-2.5636444091796875,-8.665542602539062,-7.017745971679688,-4.4832916259765625,-1.5074920654296875,-1.2898101806640625
2018-10-24,12,2,299.65594482421875,288.9674377441406,-2.115463256835937,0.3503875732421875,0.0,91523.578125,269.4179077148437,282.4690856933594,294.05926513671875,0.0002816354390233,0.0033138976432383,0.008446954190731,-2.772445678710937,-7.750900268554687,-7.439849853515625,-3.690261840820313,-2.224960327148437,-0.28759765625
2018-10-24,18,3,293.8954467773437,289.64764404296875,-2.5301055908203125,0.7227935791015625,0.0,91804.8125,268.3070373535156,282.538818359375,293.15509033203125,0.0002875942736864,0.0030674091540277,0.0078451223671436,-3.687042236328125,-7.116485595703125,-8.857467651367188,-2.3916778564453125,0.2326507568359375,-1.3017730712890625
2018-10-25,0,0,293.1898803710937,288.991455078125,-1.745849609375,-0.86993408203125,0.0,91746.21875,268.3748779296875,281.8035888671875,291.8995666503906,0.0003076351713389,0.0038752069231122,0.0078745745122432,-3.2989501953125,-5.27734375,-8.864471435546875,-1.8029327392578125,-0.9464874267578124,-1.25390625
2018-10-25,6,1,300.87274169921875,287.9122619628906,-4.805328369140625,-0.6139678955078125,0.0,91898.890625,268.6177978515625,281.9347229003906,292.6243896484375,0.0003276488278061,0.0037491368129849,0.0087282098829746,-2.36029052734375,-7.60723876953125,-7.945510864257812,-1.212188720703125,-2.1212310791015625,-1.2759552001953125
2018-10-25,12,2,299.5303649902344,289.9646911621094,-2.5293426513671875,0.7269287109375,0.0,91661.90625,267.7283630371094,282.4403686523437,293.3371276855469,0.0003016320988535,0.0039062243886291,0.0098474025726318,-2.68328857421875,-7.3672027587890625,-7.790115356445312,-0.96148681640625,-3.295639038085937,0.7599029541015625
2018-10-25,18,3,294.3113098144531,290.99627685546875,-2.959075927734375,0.1617279052734375,0.0,91897.28125,268.6317138671875,282.6716003417969,291.55841064453125,0.000309259397909,0.0037048866506665,0.0102774128317832,-2.613388061523437,-7.777267456054687,-8.116729736328125,1.4385833740234375,-0.7946319580078125,-2.215682983398437
2018-10-26,0,0,293.17254638671875,290.0216064453125,-2.4149322509765625,-1.064666748046875,0.0,91820.484375,268.3804931640625,282.5209350585937,290.7429504394531,0.0003350116312503,0.0038881031796336,0.0083384104073047,-1.1783294677734375,-5.512359619140625,-10.6160888671875,1.0813140869140625,-1.9283294677734373,-4.5138092041015625
2018-10-26,6,1,300.17108154296875,288.431884765625,-4.602554321289063,-1.1597747802734375,0.0,91917.40625,268.22137451171875,282.6182556152344,291.68658447265625,0.0003359813708811,0.0046522319316864,0.0101939737796783,-2.2509307861328125,-7.08221435546875,-7.6949462890625,0.4384002685546875,-3.5636749267578125,-2.0787506103515625
2018-10-26,12,2,299.29547119140625,289.98095703125,-3.091537475585937,-0.0053863525390625,0.0,91659.3125,268.7742614746094,281.6052551269531,292.97027587890625,0.0003076107241213,0.0056514889001846,0.0105079524219036,1.3259124755859375,-5.868621826171875,-8.562759399414062,-0.108673095703125,-4.633560180664063,-0.7223358154296875
2018-10-26,18,3,294.7934265136719,289.3858337402344,-2.526107788085937,-0.813079833984375,0.0,91921.046875,269.0070495605469,281.57733154296875,290.35321044921875,0.0003388349432498,0.0053705759346485,0.0111610330641269,-0.0961761474609375,-6.5512237548828125,-7.620941162109375,0.3837890625,-1.30267333984375,-4.0328216552734375
2018-10-27,0,0,293.39910888671875,287.5399475097656,-1.845672607421875,-1.4290008544921875,0.0,91795.65625,268.2240600585937,282.4483337402344,291.31787109375,0.0002766734978649,0.0047467611730098,0.0061072297394275,0.7604217529296875,-4.25018310546875,-9.987762451171877,-0.34259033203125,-2.132843017578125,-6.802734375
2018-10-27,6,1,299.973388671875,283.494140625,-4.877410888671875,-1.6873931884765625,0.0,91903.09375,268.4078369140625,282.87994384765625,291.7748413085937,0.0006239821668714,0.0045046918094158,0.0063240565359592,0.8388671875,-3.681793212890625,-8.271591186523438,0.087615966796875,-1.8529205322265625,-2.8609161376953125
2018-10-27,12,2,298.7756042480469,289.5163879394531,-1.9949493408203125,-0.2351226806640625,0.0,91643.984375,268.5101013183594,281.4009094238281,293.65313720703125,0.0014009762089699,0.0051478743553161,0.0079662799835205,2.793121337890625,-2.895294189453125,-5.487823486328125,-0.547882080078125,-4.24072265625,-2.172714233398437
2018-10-27,18,3,293.331298828125,287.82049560546875,-1.9393157958984373,-0.576629638671875,0.0,91844.203125,267.82183837890625,284.3218688964844,291.2491149902344,0.001242920057848,0.0037063972558826,0.0092272162437438,2.588165283203125,-2.867401123046875,-6.331207275390625,1.4345703125,-1.4806060791015625,-3.344711303710937
2018-10-28,0,0,292.1925964355469,286.460205078125,-1.6523590087890625,-1.5015106201171875,0.0,91733.71875,267.69451904296875,282.2561950683594,290.6431579589844,0.0021350786555558,0.0037491065450012,0.0072931833565235,3.575469970703125,-0.5112152099609375,-7.570632934570312,2.078231811523437,-4.2276611328125,-8.908126831054688
2018-10-28,6,1,299.9005126953125,285.43414306640625,-3.15252685546875,-3.681838989257813,0.0,91791.0,268.4373779296875,282.236572265625,291.82586669921875,0.0017158386763185,0.0024250883143395,0.0077714696526527,4.01947021484375,-3.3380584716796875,-5.413543701171875,1.2794189453125,-6.455047607421875,-5.902801513671875
2018-10-28,12,2,298.6771240234375,288.1339111328125,-0.95916748046875,-1.6771392822265625,0.0,91495.21875,268.795654296875,282.5409851074219,293.9964599609375,0.0010081885848194,0.0027111861854791,0.0068580098450183,5.068634033203125,-2.785736083984375,-4.766448974609375,-0.54791259765625,-4.95843505859375,-5.4444427490234375
2018-10-28,18,3,292.5264892578125,286.2389831542969,-1.9276885986328125,-1.1099090576171875,0.0,91705.875,269.00274658203125,283.0119323730469,292.78643798828125,0.000512764789164,0.0025579542852938,0.0074286460876464,3.2220916748046875,-2.937835693359375,-6.079193115234375,-0.2301177978515625,-0.8448638916015625,-2.824859619140625
2018-10-29,0,0,291.259521484375,286.4195861816406,-0.6791839599609375,-1.73602294921875,0.0,91596.0,270.12078857421875,283.7101135253906,290.294189453125,0.0001633548090467,0.0037716219667345,0.0067657269537448,0.4907073974609375,1.129302978515625,-5.061813354492188,-3.28363037109375,3.674758911132813,-8.889450073242188
2018-10-29,6,1,299.37701416015625,284.48052978515625,-0.5747222900390625,-3.818069458007813,0.0,91639.90625,269.99267578125,283.4805908203125,291.662353515625,0.0001569769810885,0.0038244216702878,0.0072313249111175,-1.1383056640625,2.5328369140625,-1.07843017578125,-0.1019134521484375,1.33001708984375,-5.93450927734375
2018-10-29,12,2,298.47955322265625,288.786865234375,0.5404205322265625,-2.102874755859375,0.0,91420.171875,270.22760009765625,282.73583984375,293.3869934082031,0.0001507346896687,0.0031552934087812,0.0065353028476238,-0.81109619140625,4.8512115478515625,-0.1244659423828125,-0.2594451904296875,0.0252685546875,-4.668380737304688
2018-10-29,18,3,291.69842529296875,283.4360046386719,-0.9724578857421876,-2.0904541015625,0.0,91551.5,270.051025390625,282.142822265625,293.1131591796875,0.0001678912667557,0.0025067343376576,0.0058696195483207,0.981781005859375,2.4044952392578125,-3.904083251953125,0.1160430908203125,-0.0166778564453125,-5.577239990234375
2018-10-30,0,0,291.6239624023437,282.800537109375,-1.154296875,-2.0489959716796875,0.0,91481.90625,269.72918701171875,284.7900390625,291.5101928710937,0.0001115033228415,0.0027709149289876,0.0069978274405002,0.128662109375,0.4325714111328125,-4.0606689453125,-3.43975830078125,3.970794677734375,-4.675445556640625
2018-10-30,6,1,300.007568359375,286.22625732421875,-1.7161712646484375,-2.1728668212890625,0.0,91579.078125,269.006591796875,284.175537109375,292.18731689453125,0.0001344863558188,0.0024186004884541,0.0083204433321952,0.0327911376953125,0.1466064453125,-2.545318603515625,-2.364654541015625,2.68017578125,-2.9458160400390625
2018-10-30,12,2,299.2240295410156,291.9814453125,0.7172088623046875,-1.5645294189453125,0.0,91379.96875,268.7638244628906,283.4688415527344,293.6810607910156,0.0001017317554214,0.0028612408787012,0.0090521238744258,-0.3131256103515625,1.0548095703125,-1.0196380615234375,-0.3690032958984375,3.06036376953125,-2.221710205078125
2018-10-30,18,3,293.80523681640625,288.147705078125,-1.329193115234375,-1.2530670166015625,0.0,91590.03125,268.9029541015625,283.0846252441406,292.7803649902344,0.0001020807831082,0.002942573511973,0.0088374987244606,-0.515838623046875,1.66790771484375,-4.129852294921875,-0.4935455322265625,2.7181854248046875,-4.019775390625
2018-10-31,0,0,292.83856201171875,290.3832397460937,-1.41351318359375,-0.691436767578125,25.625,91457.90625,269.7953491210937,283.8209228515625,291.4545288085937,0.0001621608680579,0.0037436585407704,0.0108367167413234,0.5636444091796875,-0.89337158203125,-3.888839721679688,1.5591583251953125,1.3748321533203125,-3.51953125
2018-10-31,6,1,300.826416015625,290.6791381835937,-2.197113037109375,-1.8544769287109373,0.0,91537.78125,269.5292053222656,284.20025634765625,293.1308288574219,0.000170405517565,0.0042959861457347,0.0111418161541223,0.1196441650390625,-1.3099365234375,-3.20843505859375,0.6134033203125,1.898345947265625,-2.6389617919921875
2018-10-31,12,2,300.5194091796875,292.436279296875,-0.4791717529296875,-1.4033050537109375,2.5,91341.46875,269.6605834960937,282.41680908203125,294.831298828125,0.0001689360215095,0.006248902529478,0.0106425397098064,0.6323699951171875,0.2314300537109375,-3.08209228515625,-1.37823486328125,0.05474853515625,-4.149658203125
2018-10-31,18,3,295.2172241210937,292.896240234375,-2.1923370361328125,-1.11065673828125,26.375,91579.78125,269.504638671875,281.6839904785156,292.9154052734375,0.0002306581882294,0.0061947889626026,0.0109906271100044,-0.56298828125,-2.4894561767578125,-4.6319427490234375,0.3386077880859375,0.7066802978515625,-6.03973388671875
2018-11-01,0,0,294.11334228515625,292.46270751953125,-2.240570068359375,-1.0567474365234375,81.375,91451.875,269.6230163574219,281.4217529296875,291.40045166015625,0.000317617872497,0.0079027153551578,0.0120194815099239,-2.255523681640625,-0.8944244384765625,-6.0367279052734375,-0.289825439453125,2.3773193359375,-6.091644287109375
2018-11-01,6,1,300.2823486328125,292.16119384765625,-1.804351806640625,-2.630767822265625,0.0,91613.953125,269.2156982421875,281.7030639648437,292.0594482421875,0.0005716665182262,0.0088606253266334,0.0116667971014976,-4.171905517578125,-3.447998046875,-2.7912750244140625,-2.582550048828125,0.4986572265625,-4.214019775390625
2018-11-01,12,2,299.6162109375,291.22528076171875,-2.2911834716796875,-0.175872802734375,0.0,91411.171875,268.7317199707031,282.1275634765625,293.24676513671875,0.0033837663941085,0.0084091201424598,0.0114353373646736,-4.66851806640625,-0.79046630859375,-4.01470947265625,-3.5667877197265625,1.14776611328125,-2.4345245361328125
2018-11-01,18,3,294.4413452148437,292.53778076171875,-2.4325408935546875,-0.33819580078125,194.75,91656.859375,268.38232421875,282.2042541503906,291.55126953125,0.0051344987004995,0.0086150392889976,0.0125537291169166,-8.42901611328125,-1.59405517578125,-5.897674560546875,1.3392333984375,0.8126068115234375,-3.175537109375
2018-11-02,0,0,294.9273376464844,292.40692138671875,-2.612167358398437,0.2165374755859375,32.0,91516.9375,268.6960144042969,282.3331298828125,291.406494140625,0.0049417428672313,0.0090465322136878,0.0122322924435138,-6.563873291015625,-3.75030517578125,-6.04364013671875,-0.1140899658203125,2.002410888671875,-0.71466064453125
2018-11-02,6,1,296.9008483886719,294.02301025390625,-3.8779449462890634,1.1640472412109375,64.5,91684.75,267.9656677246094,282.8374938964844,290.6576538085937,0.0048280134797096,0.0083532743155956,0.0128278695046901,-4.69427490234375,-7.564056396484375,-6.80731201171875,-0.153839111328125,2.1749267578125,2.2262725830078125
2018-11-02,12,2,296.6466369628906,293.7438049316406,-2.4162750244140625,0.0606689453125,272.25,91419.078125,268.8471374511719,283.1600952148437,291.373291015625,0.0047607980668544,0.008963868021965,0.0130216740071773,-10.071548461914062,-6.6914825439453125,-7.116180419921875,0.9182891845703124,0.7745819091796875,2.267181396484375
2018-11-02,18,3,294.43267822265625,293.441650390625,-2.746978759765625,0.357696533203125,36.5,91643.359375,268.4569091796875,282.5302124023437,291.5715637207031,0.0044187754392623,0.0097832530736923,0.0118715390563011,-10.241912841796877,-7.723281860351562,-8.881195068359375,2.0878143310546875,2.9374542236328125,2.50579833984375
2018-11-03,0,0,295.134765625,293.1860046386719,-2.829986572265625,-0.050445556640625,123.5,91567.5625,268.3931884765625,282.7304077148437,290.3431701660156,0.0040077464655041,0.0098648201674222,0.0133831165730953,-8.655227661132812,-8.2596435546875,-10.122451782226562,2.9334259033203125,1.8016357421875,2.1295928955078125
2018-11-03,6,1,299.38702392578125,292.72076416015625,-4.083740234375,1.7637786865234375,260.75,91754.15625,269.2661437988281,282.7528076171875,290.4769897460937,0.0020645128097385,0.0087669342756271,0.0140562206506729,-8.766891479492188,-10.692672729492188,-8.051315307617188,2.143295288085937,3.509628295898437,3.29229736328125
2018-11-03,12,2,298.6884155273437,292.80419921875,-2.1090240478515625,0.082366943359375,79.875,91510.109375,268.2495422363281,283.1165771484375,291.4197998046875,0.0020650913938879,0.0090916752815246,0.0138211734592914,-8.62078857421875,-8.883071899414062,-7.2085418701171875,1.2687225341796875,2.820556640625,0.4093017578125
2018-11-03,18,3,294.9097900390625,293.06719970703125,-2.744659423828125,0.1932830810546875,33.375,91773.609375,268.9139404296875,283.1632995605469,290.3869934082031,0.0003893473185598,0.0071985013782978,0.0130510590970516,-9.410079956054688,-9.647232055664062,-8.569671630859375,2.19970703125,3.6696929931640634,2.09539794921875
2018-11-04,0,0,294.2225646972656,291.9603271484375,-2.263885498046875,-0.0574188232421875,9.0,91611.640625,269.3426513671875,283.13787841796875,290.37677001953125,0.0006164486985653,0.0076332800090312,0.011862676590681,-4.7933502197265625,-7.968368530273437,-7.271392822265625,4.4010162353515625,-0.4652099609375,1.735260009765625
2018-11-04,6,1,300.3563232421875,291.005615234375,-5.0690765380859375,0.678070068359375,0.375,91766.875,268.8368530273437,282.95196533203125,291.4970703125,0.0004134455230087,0.0074166469275951,0.0121806748211383,-4.8804931640625,-8.188980102539062,-8.252548217773438,2.315521240234375,-3.666595458984375,0.926483154296875
2018-11-04,12,2,299.506103515625,291.93145751953125,-3.047210693359375,0.1621856689453125,38.0,91534.5,268.7987670898437,282.5394897460937,292.64306640625,0.0004147391300648,0.0085444822907447,0.0130966231226921,-5.970748901367188,-7.520294189453125,-8.598098754882812,0.3522491455078125,-1.905914306640625,0.78289794921875
2018-11-04,18,3,294.98785400390625,293.6554260253906,-2.396942138671875,0.5540771484375,171.0,91813.84375,269.13739013671875,282.47833251953125,291.2958374023437,0.0004053597804158,0.0071751773357391,0.0119642838835716,-9.76251220703125,-7.5277099609375,-8.274932861328125,2.602447509765625,-1.7066192626953125,1.69989013671875
2018-11-05,0,0,294.386474609375,291.90740966796875,-2.4145050048828125,0.036834716796875,73.625,91653.8125,269.7650756835937,282.0674743652344,291.1585388183594,0.0002154524554498,0.0069782827049493,0.0102512873709201,-8.85955810546875,-6.697235107421875,-9.235458374023438,2.9618682861328125,-2.0318145751953125,1.479644775390625
2018-11-05,6,1,300.26373291015625,291.0361328125,-3.64019775390625,0.9578399658203124,4.625,91791.59375,268.4014892578125,282.2133178710937,291.4875793457031,0.000309795839712,0.0065458007156848,0.0115778297185897,-8.229812622070312,-6.8715667724609375,-5.9632568359375,3.3632354736328125,-1.6906890869140625,1.51153564453125
2018-11-05,12,2,300.0199279785156,289.4909362792969,-1.7357940673828125,0.0223541259765625,10.625,91484.296875,267.96649169921875,282.3072509765625,293.1170959472656,0.0010905559174716,0.0066788010299205,0.0115828551352024,-5.71630859375,-4.8282012939453125,-4.957916259765625,4.5020751953125,-3.872116088867188,0.0387725830078125
2018-11-05,18,3,294.7774353027344,292.0438537597656,-2.299224853515625,0.5012664794921875,201.625,91835.09375,269.14117431640625,281.12567138671875,291.43609619140625,0.0007120631635189,0.0058822967112064,0.0127329751849174,-7.0555572509765625,-5.28253173828125,-4.47467041015625,4.954025268554688,-5.1829681396484375,-1.109954833984375
2018-11-06,0,0,294.1815795898437,292.887939453125,-2.356292724609375,0.2121734619140625,150.5,91695.8125,267.7523193359375,280.2095947265625,291.5055847167969,0.0039730556309223,0.0059730522334575,0.0107581764459609,-4.6507415771484375,-6.7480316162109375,-5.52569580078125,3.835968017578125,-4.2283782958984375,-2.7818145751953125
2018-11-06,6,1,300.4899597167969,290.5137634277344,-3.903732299804688,-1.15771484375,0.0,91807.59375,267.892333984375,281.6392822265625,291.925048828125,0.003974940162152,0.0055355615913867,0.0115695297718048,-4.6100616455078125,-7.6195831298828125,-6.07781982421875,1.1483612060546875,-2.528076171875,-2.0694122314453125
2018-11-06,12,2,299.9757995605469,289.4978942871094,-2.103240966796875,0.152008056640625,0.0,91537.53125,268.7806396484375,281.280029296875,293.5245361328125,0.0038262705784291,0.0071297064423561,0.0110110566020011,-4.6884307861328125,-5.801300048828125,-6.1883544921875,1.13726806640625,-2.650634765625,-1.4774322509765625
2018-11-06,18,3,294.67742919921875,290.79315185546875,-2.0114288330078125,-0.3802490234375,0.0,91808.515625,268.52960205078125,282.7601928710937,291.6378173828125,0.0028594832401722,0.0045922417193651,0.0116971135139465,-4.848876953125,-5.376739501953125,-5.194671630859375,-0.759307861328125,-3.29388427734375,-3.552490234375
2018-11-07,0,0,294.4591064453125,292.21270751953125,-1.890777587890625,-0.7335052490234375,3.0,91688.21875,268.90264892578125,283.67510986328125,291.32720947265625,0.0023901560343801,0.0014290909748524,0.0059743747115135,-4.38555908203125,-5.9788360595703125,-6.444381713867188,-1.1160125732421875,-2.847442626953125,-5.1011962890625
2018-11-07,6,1,300.7060546875,285.12506103515625,-3.764114379882813,-0.80908203125,0.0,91847.65625,269.1581115722656,284.1194152832031,291.375732421875,0.0013998025096952,0.0015573219861835,0.0075307041406631,-5.6856689453125,-6.0562591552734375,-6.297607421875,-2.7333984375,-1.246978759765625,-1.575714111328125
2018-11-07,12,2,298.8709716796875,286.3766784667969,-1.8259735107421875,-0.27349853515625,0.0,91559.671875,268.62823486328125,283.9693908691406,293.2927551269531,0.000583259621635,0.002175556961447,0.0071826465427875,-5.994644165039063,-3.857589721679688,-5.987213134765625,-2.6169586181640625,-1.8339996337890625,-1.8655242919921875
2018-11-07,18,3,292.4584655761719,287.4239501953125,-2.1814422607421875,-0.814605712890625,0.0,91814.609375,269.6689453125,283.146240234375,291.85845947265625,0.0003260867670178,0.0019508947152644,0.0052986033260822,-7.0455169677734375,-5.882125854492188,-6.7952728271484375,-3.257919311523437,-0.932647705078125,-4.672271728515625
2018-11-08,0,0,290.7796936035156,288.04443359375,-1.7244110107421875,-1.156768798828125,0.0,91651.25,269.08953857421875,282.1420288085937,292.4901123046875,0.0003041594754904,0.0019432625267654,0.0034447847865521,-4.341567993164063,-5.5919189453125,-8.991470336914062,-4.958786010742188,-1.5123748779296875,-2.1597442626953125
2018-11-08,6,1,300.6583251953125,284.5462341308594,-2.8459930419921875,-1.12835693359375,0.0,91786.03125,268.68505859375,281.634521484375,291.9202880859375,0.0002643266925588,0.0068740248680114,0.0073746778070926,-8.1405029296875,-7.431884765625,-4.772705078125,-3.4137115478515625,-0.0654754638671875,-1.6580963134765625
2018-11-08,12,2,299.2581481933594,285.83575439453125,-1.68865966796875,0.329986572265625,0.0,91526.109375,268.0487365722656,282.16949462890625,293.22674560546875,0.0002269844844704,0.0076548792421817,0.0084286965429782,-6.736968994140625,-7.0795745849609375,-5.3353118896484375,-4.2910919189453125,-3.067138671875,0.0091705322265625
2018-11-08,18,3,293.5089111328125,291.2372436523437,-2.2746734619140625,-0.192718505859375,0.0,91688.921875,268.5429382324219,281.9122314453125,291.4817810058594,0.0005394595209509,0.0074803046882152,0.0098080225288867,-8.027999877929688,-8.288177490234375,-4.740890502929688,-3.60821533203125,-0.0947113037109375,-4.166534423828125
2018-11-09,0,0,293.3773803710937,291.39703369140625,-2.2754058837890625,-0.6369781494140625,4.75,91580.140625,267.74151611328125,281.19354248046875,292.3225402832031,0.0007830308750271,0.0069807767868041,0.0043649040162563,-5.10308837890625,-7.64947509765625,-6.37255859375,-1.7477569580078125,-1.8677520751953125,-2.23291015625
2018-11-09,6,1,301.287109375,285.30810546875,-3.049591064453125,-1.0320892333984375,0.0,91669.140625,267.770751953125,281.630615234375,291.9175720214844,0.0007289480417966,0.0056040734052658,0.0083051286637783,-4.751235961914063,-6.6507720947265625,-4.9176788330078125,-1.661590576171875,-1.4137420654296875,-1.7186737060546875
2018-11-09,12,2,300.213623046875,287.10137939453125,-2.071746826171875,-0.3706817626953125,0.0,91401.125,268.923095703125,282.3477783203125,293.8051147460937,0.0007188729941844,0.0048674903810024,0.0093966126441955,-1.4490966796875,-4.427337646484375,-6.064422607421875,-1.88250732421875,-1.522491455078125,-1.523406982421875
2018-11-09,18,3,294.0551147460937,289.9727783203125,-3.0277099609375,-0.120391845703125,0.0,91664.828125,269.408203125,281.2138366699219,291.7645874023437,0.0004941595252603,0.004872191697359,0.0106235332787036,-1.9190216064453125,-3.9825286865234375,-5.829376220703125,-0.996337890625,-1.526031494140625,-2.31103515625
2018-11-10,0,0,292.76959228515625,290.789794921875,-2.192108154296875,0.170989990234375,0.125,91623.84375,269.59796142578125,280.8837280273437,290.826416015625,0.0001599161769263,0.004368919879198,0.0091166198253631,-2.7906646728515625,-1.537017822265625,-6.2327728271484375,-2.5845947265625,-2.102783203125,-2.765777587890625
2018-11-10,6,1,300.9813842773437,287.7601318359375,-2.556503295898437,-2.038665771484375,0.0,91718.765625,269.7071838378906,282.1436767578125,292.0645446777344,0.0001064993412001,0.0017389799468219,0.0093917176127433,-6.1064300537109375,-4.20550537109375,-3.789337158203125,-3.508895874023437,-4.4861907958984375,-3.094970703125
2018-11-10,12,2,299.706787109375,287.0069580078125,-1.079742431640625,-1.260589599609375,0.0,91468.6875,270.3108215332031,281.78936767578125,293.78369140625,0.0001282572193304,0.0026053823530673,0.0076031610369682,-5.2225494384765625,-6.1312408447265625,-3.4781951904296875,-5.0479278564453125,-5.462738037109375,-3.607666015625
2018-11-10,18,3,293.6795959472656,289.1807861328125,-2.8238677978515625,0.2498931884765625,0.0,91719.4375,270.4223327636719,281.5145874023437,291.66522216796875,0.0001453422009944,0.0015312943141907,0.010012675076723,-5.530563354492188,-10.060882568359377,-5.280075073242188,-5.2119140625,-5.929000854492188,-1.4672393798828125
2018-11-11,0,0,292.504150390625,290.9263916015625,-1.939178466796875,-0.3336639404296875,12.5,91668.4375,270.6787414550781,282.837158203125,290.6547241210937,0.0001385786017635,0.0005499529652297,0.0087878890335559,-5.573486328125,-10.453750610351562,-4.051177978515625,-4.414794921875,-6.289093017578125,-4.541107177734375
2018-11-11,6,1,300.3826904296875,285.537353515625,-1.97491455078125,-2.690887451171875,0.0,91791.671875,269.74530029296875,283.7544860839844,291.73516845703125,0.0001481985091231,0.0004392132395878,0.0075323581695556,-7.8370361328125,-8.903945922851562,-3.024505615234375,-5.186676025390625,-6.4879302978515625,-4.1533050537109375
2018-11-11,12,2,299.9791259765625,286.263916015625,-0.928314208984375,-2.0812225341796875,0.0,91530.734375,269.5946044921875,282.4037475585937,294.2861633300781,0.0002066255983663,0.0011337585747241,0.0063755810260772,-8.495040893554688,-6.8412628173828125,-1.8815460205078125,-7.0496826171875,-5.799606323242188,-3.6160888671875
2018-11-11,18,3,293.48583984375,285.5476989746094,-1.925323486328125,-0.7059326171875,0.0,91763.015625,268.9001159667969,282.7128295898437,292.375244140625,0.0002701871562749,0.0007086182013154,0.0080438926815986,-10.974777221679688,-5.6317138671875,-3.28253173828125,-6.455001831054688,-3.877410888671875,-3.959518432617188
2018-11-12,0,0,291.11932373046875,288.98175048828125,-1.8621673583984373,0.011627197265625,0.0,91634.75,269.88043212890625,282.81085205078125,291.5912170410156,0.0001836584997363,0.0007413269486278,0.007328126579523,-10.50482177734375,-3.134628295898437,-1.4395751953125,-4.362548828125,-4.253021240234375,-6.835601806640625
2018-11-12,6,1,300.48992919921875,286.05584716796875,-0.9980621337890624,-3.47503662109375,0.0,91647.40625,269.5160522460937,284.1634521484375,292.1787109375,0.0002052842610282,0.0006669957656413,0.0084977485239505,-11.682388305664062,-2.8896636962890625,-1.5143585205078125,-5.947418212890625,-4.140792846679688,-5.321685791015625
2018-11-12,12,2,299.2215576171875,287.5052490234375,-0.278961181640625,-2.229705810546875,0.0,91432.25,269.4693908691406,283.1219177246094,293.9304504394531,0.0004124091938138,0.0015030531212687,0.0067768171429634,-11.5377197265625,-1.752105712890625,-1.136810302734375,-9.161148071289062,-3.5804595947265625,-3.83258056640625
2018-11-12,18,3,292.5780334472656,284.2933959960937,-1.0611724853515625,-2.075790405273437,0.0,91595.328125,269.134033203125,284.1307983398437,293.129150390625,0.0003353669308125,0.000712014036253,0.0060373097658157,-12.169448852539062,-0.4051666259765625,-0.24859619140625,-6.931900024414063,-1.525238037109375,-4.261932373046875
2018-11-13,0,0,291.26544189453125,285.54620361328125,-1.708282470703125,-0.381195068359375,0.0,91510.421875,269.3338623046875,284.54302978515625,291.75799560546875,0.0002271453267894,0.0004607583396136,0.0051335580646991,-9.493179321289062,0.366790771484375,0.59906005859375,-5.1796417236328125,-2.848251342773437,-3.844512939453125
2018-11-13,6,1,300.74102783203125,281.53125,1.1769866943359375,-2.5781707763671875,0.0,91565.4375,269.3330078125,285.04656982421875,292.6546936035156,0.0002288475079694,0.0004687674809247,0.0054984055459499,-8.733673095703125,-0.4144134521484375,1.675506591796875,-5.6314697265625,-0.7152099609375,-3.718719482421875
2018-11-13,12,2,299.32977294921875,284.2845153808594,0.9381103515625,-2.080352783203125,0.0,91340.046875,269.8818664550781,283.3382873535156,294.0837097167969,0.0002081658167298,0.0009646988473832,0.0052581392228603,-5.9709320068359375,1.0563507080078125,0.710174560546875,-3.9397125244140634,0.171905517578125,-4.2136993408203125
2018-11-13,18,3,292.1664123535156,281.6663513183594,-1.0000152587890625,-2.15277099609375,0.0,91496.71875,269.8853759765625,284.2196044921875,293.42608642578125,0.0002170871885027,0.0004606561269611,0.0050933472812175,-4.4514007568359375,1.607330322265625,-1.109710693359375,-4.24993896484375,-1.0902862548828125,-4.121826171875
2018-11-14,0,0,289.7828674316406,281.4434814453125,-2.298542022705078,-1.0018768310546875,0.0,91447.46875,269.1549072265625,286.0287475585937,291.4339599609375,0.0001866071397671,0.0003383934963494,0.0048979632556438,-4.4837799072265625,-0.4291839599609375,-2.61419677734375,-5.123626708984375,-3.180206298828125,-4.4422607421875
2018-11-14,6,1,300.7403564453125,281.450439453125,0.0228281021118164,-1.7531280517578125,0.0,91508.25,268.751220703125,286.279296875,292.4227294921875,0.000170859391801,0.0003381110727787,0.0053894855082035,-4.6426849365234375,-2.15869140625,-0.012786865234375,-5.6566009521484375,-1.5374298095703125,-2.383209228515625
2018-11-14,12,2,300.9471435546875,282.69195556640625,0.8109073638916016,-1.59344482421875,0.0,91331.90625,269.1165771484375,283.4618530273437,295.0052185058594,0.0001526744454167,0.0016938999760895,0.0053430050611495,-4.69696044921875,-1.8327178955078125,-0.208770751953125,-8.69952392578125,-2.525970458984375,-2.571517944335937
2018-11-14,18,3,292.4612121582031,282.66815185546875,-1.9850921630859373,-1.251922607421875,0.0,91544.390625,269.57342529296875,285.03094482421875,293.1388244628906,0.0001933165331138,0.0004870272241532,0.0064380839467048,-6.1209716796875,-3.032440185546875,-5.982513427734375,-9.187362670898438,-3.780075073242188,-5.194351196289063
2018-11-15,0,0,290.70135498046875,287.0511474609375,-1.5018157958984375,-1.4517974853515625,0.0,91436.890625,268.9872436523437,285.37286376953125,291.85040283203125,0.0002560268621891,0.0008022165857255,0.0064967386424541,-10.039016723632812,-5.317657470703125,-2.86798095703125,-9.34967041015625,-4.4733734130859375,-5.036911010742188
2018-11-15,6,1,300.27130126953125,288.5105285644531,-3.1819305419921875,-3.318267822265625,1.0,91627.109375,269.6015319824219,283.67877197265625,292.63592529296875,0.0002795602194964,0.0076698437333106,0.0105449631810188,-11.769760131835938,-8.2506103515625,-4.9824066162109375,-9.597244262695312,-3.614822387695313,-4.97088623046875
2018-11-15,12,2,299.060791015625,290.49322509765625,-2.121978759765625,-2.957855224609375,0.5,91442.0,269.64483642578125,283.7020874023437,292.16796875,0.0005083589348942,0.0099486112594604,0.0126370079815387,-10.922576904296877,-10.232131958007812,-5.1502838134765625,-9.92938232421875,-4.6712188720703125,-7.7742919921875
2018-11-15,18,3,295.486572265625,292.4681091308594,-2.790985107421875,-2.990951538085937,0.0,91602.765625,269.6499328613281,283.0434265136719,292.220947265625,0.0010350346565246,0.0090098194777965,0.0116839706897735,-13.01507568359375,-12.172637939453123,-11.009185791015623,-8.462387084960938,-4.4817657470703125,-11.455215454101562
2018-11-16,0,0,294.7963256835937,292.53662109375,-3.0771636962890625,-2.8677520751953125,5.875,91423.328125,268.5916748046875,284.9093322753906,290.0989685058594,0.0035594115033745,0.0066836066544055,0.0131820403039455,-13.927886962890623,-12.954177856445312,-12.440597534179688,-6.216400146484375,-3.5598297119140625,-5.6264495849609375
2018-11-16,6,1,299.9358825683594,291.2247314453125,-7.1925201416015625,-0.7097015380859375,13.375,91652.609375,269.05255126953125,283.4794921875,292.0821228027344,0.0036988793872296,0.0046068616211414,0.0122768208384513,-13.541275024414062,-18.867095947265625,-12.206405639648438,-5.0402374267578125,0.1192169189453125,-1.3534088134765625
2018-11-16,12,2,297.4967041015625,291.06695556640625,-4.18389892578125,1.098968505859375,0.5,91480.578125,268.8996887207031,283.80303955078125,290.67059326171875,0.0038199021946638,0.0078581348061561,0.0128401257097721,-11.874252319335938,-11.687164306640623,-10.518508911132812,-2.7964630126953125,1.368408203125,2.154205322265625
2018-11-16,18,3,294.479248046875,290.82928466796875,-3.1061248779296875,0.108184814453125,0.0,91686.59375,268.6060791015625,284.5098876953125,291.1128234863281,0.0043843127787113,0.0049050971865653,0.0101267546415328,-11.057342529296877,-11.696868896484377,-10.168014526367188,1.2992706298828125,4.94561767578125,4.9433135986328125
2018-11-17,0,0,293.55615234375,291.112060546875,-2.6504364013671875,0.538848876953125,0.0,91590.859375,268.9584350585937,283.8587646484375,290.4052124023437,0.0045027621090412,0.0055212341248989,0.0119017958641052,-7.22772216796875,-7.950790405273437,-7.5446929931640625,-0.8025360107421875,4.140350341796875,8.140594482421875
2018-11-17,6,1,301.0657043457031,290.438720703125,-2.6652984619140625,3.15789794921875,0.0,91700.8125,268.6183776855469,283.3699951171875,291.8162536621094,0.0039526391774415,0.0077737011015415,0.0119729787111282,-8.085174560546875,-6.4295806884765625,-4.277923583984375,-2.142684936523437,4.239791870117188,4.9697265625
2018-11-17,12,2,300.9599609375,290.0418701171875,-0.6296844482421875,1.90325927734375,0.75,91421.390625,268.36932373046875,283.3752746582031,293.8509216308594,0.0038637418765574,0.0081149563193321,0.0117212533950805,-6.692184448242188,-3.233734130859375,-2.03509521484375,-0.981964111328125,3.1235504150390625,4.351593017578125
2018-11-17,18,3,296.1104736328125,290.9779968261719,-2.27288818359375,1.1895751953125,22.875,91717.671875,267.7191162109375,282.4558410644531,291.44061279296875,0.0042051617056131,0.0092991665005683,0.0131793171167373,-6.1782989501953125,-4.153121948242188,-4.4716796875,-0.7929534912109375,2.8121490478515625,4.423858642578125
2018-11-18,0,0,295.34979248046875,292.7242736816406,-2.0497589111328125,0.9830474853515624,14.375,91575.375,268.2461853027344,282.70465087890625,291.9237060546875,0.0037261820398271,0.0088856909424066,0.012379728257656,-5.514663696289063,-5.737091064453125,-4.763641357421875,1.2843017578125,1.7492218017578125,2.40838623046875
2018-11-18,6,1,301.572509765625,291.24237060546875,-2.863143920898437,0.7711944580078125,204.0,91749.890625,268.06365966796875,282.5902099609375,292.9096069335937,0.0034882521722465,0.0090681873261928,0.0134049616754055,-6.031402587890625,-6.1990966796875,-4.2215423583984375,-0.141693115234375,1.9964447021484373,0.94873046875
2018-11-18,12,2,300.23175048828125,293.2140197753906,-1.8523712158203125,0.4566192626953125,126.0,91457.71875,268.041015625,282.7724609375,293.66571044921875,0.0030755216721445,0.0087620690464973,0.0129096396267414,-6.832122802734375,-4.514907836914063,-4.8859405517578125,-0.277984619140625,1.1270599365234375,1.8021240234375
2018-11-18,18,3,295.21307373046875,293.1575927734375,-2.8484649658203125,0.9680023193359376,220.0,91853.8125,267.4949951171875,282.49609375,290.5029296875,0.0036047224421054,0.0083643309772014,0.0140211395919322,-6.8336029052734375,-6.4349212646484375,-6.1165924072265625,1.3700408935546875,0.7880096435546875,4.210540771484375
2018-11-19,0,0,294.5924072265625,292.5769348144531,-2.3600616455078125,1.2266082763671875,1.75,91623.1875,268.9400634765625,282.8809814453125,291.3195495605469,0.0017661750316619,0.0080594457685947,0.0122341513633728,-6.0750885009765625,-7.71112060546875,-8.312545776367188,2.3765869140625,0.71063232421875,2.300048828125
2018-11-19,6,1,300.591796875,290.8952331542969,-3.980026245117188,0.5337371826171875,6.5,91871.578125,268.1762084960937,282.8039855957031,291.98565673828125,0.00121181900613,0.006946887820959,0.0121562480926513,-7.159881591796875,-8.477783203125,-6.576324462890625,2.371185302734375,1.21710205078125,0.6510772705078125
2018-11-19,12,2,300.792236328125,290.2269897460937,-2.237823486328125,-0.7227325439453125,21.125,91615.703125,268.311767578125,282.21514892578125,293.5069580078125,0.000164888886502,0.0082069933414459,0.0120411738753318,-5.052764892578125,-6.27520751953125,-5.365020751953125,3.8319244384765625,-2.6577606201171875,-1.855377197265625
2018-11-19,18,3,295.25274658203125,293.2603454589844,-2.9918212890625,0.03155517578125,196.125,91894.3125,268.33270263671875,281.69549560546875,291.5190124511719,0.0007375988643616,0.0074459873139858,0.0128309875726699,-4.227020263671875,-7.115646362304688,-7.318557739257812,2.2400665283203125,-3.6174468994140634,-1.136474609375
2018-11-20,0,0,294.3206787109375,291.87896728515625,-2.1267547607421875,-0.6265716552734375,13.375,91764.6875,267.4518127441406,281.60028076171875,291.3306884765625,0.0008140204008668,0.0060067176818847,0.0108374394476413,-1.8517303466796875,-6.203948974609375,-8.984832763671875,-1.878448486328125,-5.0187835693359375,-2.5417022705078125
2018-11-20,6,1,301.46002197265625,289.6649475097656,-4.2216796875,-1.48455810546875,0.0,91855.921875,267.8790283203125,281.9985046386719,291.94537353515625,0.0003581647761166,0.0042176395654678,0.0114993080496788,-2.1164703369140625,-8.138168334960938,-6.7572174072265625,-4.799102783203125,-5.0148468017578125,-2.358489990234375
2018-11-20,12,2,301.5914306640625,288.62066650390625,-3.071151733398437,-2.08984375,0.0,91591.546875,268.6783142089844,281.2470092773437,293.7533569335937,0.0002100568381138,0.0062221474945545,0.0105810537934303,-2.2211456298828125,-5.274337768554688,-6.9161376953125,-5.0689544677734375,-4.0690460205078125,-4.9055938720703125
2018-11-20,18,3,294.6739196777344,289.9473876953125,-2.621490478515625,-0.911834716796875,8.375,91906.8125,269.9315185546875,281.6853942871094,290.89361572265625,0.0002660090103745,0.0042450167238712,0.0091315172612667,-1.665252685546875,-5.476959228515625,-7.719345092773437,-5.884201049804688,-5.3033294677734375,-5.78619384765625
2018-11-21,0,0,293.53961181640625,290.21893310546875,-1.452117919921875,-2.7911376953125,0.0,91678.515625,269.2137756347656,282.34246826171875,291.02374267578125,0.0002355303731746,0.0070590190589427,0.0089031420648098,-0.4220123291015625,-7.567459106445312,-8.129470825195312,-5.673126220703125,-6.9687347412109375,-10.816787719726562
2018-11-21,6,1,300.22918701171875,289.1688232421875,-2.181365966796875,-4.990768432617188,0.0,91767.609375,269.0845642089844,282.233642578125,290.5572509765625,0.0005465992726385,0.0090009309351444,0.0108114257454872,-2.4024810791015625,-9.074234008789062,-4.468673706054688,-6.302215576171875,-5.812057495117188,-8.897552490234375
2018-11-21,12,2,296.1454467773437,291.9276428222656,-3.082275390625,-3.682373046875,44.5,91602.21875,269.8468017578125,281.72662353515625,289.92138671875,0.0007653888314962,0.0096339024603366,0.0124865435063838,-2.597640991210937,-7.5419921875,-7.6494140625,-4.0546417236328125,-7.712371826171875,-11.981613159179688
2018-11-21,18,3,293.53631591796875,292.1361083984375,-2.657821655273437,-2.8430938720703125,5.0,91821.625,270.02117919921875,282.1581420898437,289.6615600585937,0.001491256756708,0.007997591048479,0.0126221291720867,-3.7393951416015625,-6.43890380859375,-10.702301025390623,-0.2930145263671875,-5.431564331054688,-5.4656829833984375
2018-11-22,0,0,293.95806884765625,292.10406494140625,-3.204681396484375,-3.850418090820313,0.25,91607.515625,268.464599609375,283.0770263671875,289.5673828125,0.0036169642116874,0.0092450305819511,0.0129885673522949,-3.4823455810546875,-6.293914794921875,-13.153305053710938,-1.3539581298828125,0.54180908203125,-8.142425537109375
2018-11-22,6,1,294.47430419921875,294.0286560058594,-4.9644775390625,-3.437774658203125,222.25,91809.046875,268.5303955078125,282.51580810546875,290.69500732421875,0.0046557560563087,0.0097958222031593,0.0133115202188491,-1.48480224609375,-9.4083251953125,-16.21868896484375,-1.855377197265625,0.2034149169921875,-1.783172607421875
2018-11-22,12,2,295.1695556640625,293.4769287109375,-3.42498779296875,-1.41607666015625,13.5,91599.609375,268.75604248046875,282.7071228027344,290.30987548828125,0.0033585932105779,0.0087967962026596,0.0139944665133953,-0.674407958984375,-6.805511474609375,-9.938827514648438,-2.4409637451171875,2.980621337890625,-0.88720703125
2018-11-22,18,3,294.54278564453125,293.83160400390625,-4.259567260742188,-0.8565673828125,31.25,91897.984375,268.5963134765625,283.1268005371094,289.4205627441406,0.0030649134423583,0.0086656920611858,0.0137686915695667,-1.6786651611328125,-4.831939697265625,-11.022018432617188,-2.016326904296875,4.0902862548828125,1.1215057373046875
2018-11-23,0,0,294.45379638671875,292.9072265625,-4.2347412109375,-0.790313720703125,29.5,91809.125,268.0325622558594,282.23590087890625,289.87109375,0.0039697242900729,0.0097089149057865,0.0139113292098045,-3.042327880859375,-7.486846923828125,-10.149734497070312,-1.436859130859375,4.389190673828125,1.308135986328125
2018-11-23,6,1,296.85870361328125,294.31060791015625,-4.668609619140625,0.540924072265625,147.0,92026.640625,268.240478515625,282.4297180175781,289.9610900878906,0.0039294036105275,0.0094799399375915,0.0138394758105278,-4.31671142578125,-5.21893310546875,-11.614883422851562,-0.7798919677734375,4.5125579833984375,3.0897979736328125
2018-11-23,12,2,296.09539794921875,293.4776611328125,-2.52862548828125,0.0825042724609375,134.0,91777.765625,267.854248046875,282.5901794433594,290.738037109375,0.0041447430849075,0.0093239396810531,0.0137296095490455,-4.152511596679688,-4.1462249755859375,-7.497207641601562,-1.8108673095703125,2.643798828125,1.0792694091796875
2018-11-23,18,3,293.5452880859375,292.60302734375,-2.1464996337890625,-0.84014892578125,32.125,92040.546875,268.49224853515625,281.92694091796875,289.8243408203125,0.0040278695523738,0.0096212103962898,0.0136019773781299,-6.5146331787109375,-2.6401519775390625,-8.24053955078125,2.492584228515625,1.3991546630859375,-0.1878204345703125
2018-11-24,0,0,293.968017578125,292.04638671875,-2.0677642822265625,-0.50653076171875,69.0,91939.5,268.0963134765625,281.60943603515625,289.5575561523437,0.0037915247958153,0.0092351548373699,0.013016065582633,-4.9516143798828125,-1.9745635986328125,-6.8168792724609375,2.9996795654296875,-2.9517364501953125,-0.7827606201171875
2018-11-24,6,1,299.00958251953125,291.39697265625,-2.9722442626953125,-0.2812652587890625,0.0,92076.40625,269.1846923828125,282.35205078125,290.1656799316406,0.0010789851658046,0.0089321583509445,0.0107082575559616,-8.71368408203125,-4.971649169921875,-6.8388671875,0.959747314453125,-1.9705352783203125,-0.611602783203125
2018-11-24,12,2,299.30615234375,291.26568603515625,-1.886199951171875,-0.0087127685546875,21.625,91798.453125,270.0893249511719,283.27520751953125,292.7804260253906,0.0006155415903776,0.0078674741089344,0.0116157345473766,-8.852737426757812,-4.639801025390625,-5.31134033203125,2.3754119873046875,-1.940887451171875,-1.694183349609375
2018-11-24,18,3,294.294189453125,291.918212890625,-1.9431304931640625,0.355010986328125,8.625,92075.359375,268.5091552734375,283.6499328613281,290.32745361328125,0.0007436135783791,0.0069207213819026,0.0122714098542928,-7.077362060546875,-5.718109130859375,-3.970413208007813,-1.8505096435546875,0.7443084716796875,-2.186309814453125
2018-11-25,0,0,293.75445556640625,291.8073425292969,-1.46533203125,0.4330291748046875,0.875,91914.984375,269.36981201171875,282.847900390625,291.0761413574219,0.0004230558406561,0.0068904347717761,0.0113319605588912,-6.971771240234375,-5.0554046630859375,-2.0492401123046875,-2.4715576171875,-0.5797882080078125,-3.844680786132813
2018-11-25,6,1,298.98980712890625,290.7486572265625,-2.0619049072265625,-2.487701416015625,0.75,91985.09375,268.8991394042969,283.66973876953125,291.2628173828125,0.0005387826822698,0.00596459582448,0.0120198279619216,-7.8135223388671875,-3.664886474609375,-2.973602294921875,-1.9288330078125,-1.5546722412109375,-3.856491088867188
2018-11-25,12,2,299.11474609375,291.83526611328125,-1.2850494384765625,0.5657958984375,31.875,91684.59375,269.8017272949219,283.5834350585937,293.4256896972656,0.0006289067678153,0.0069633983075618,0.0110885426402091,-7.340225219726562,0.0133056640625,-3.961502075195313,-2.8621063232421875,-3.74761962890625,-1.524993896484375
2018-11-25,18,3,293.7244873046875,290.8153076171875,-2.3834381103515625,0.5430450439453125,0.0,91886.9375,270.22088623046875,284.4522399902344,290.4612121582031,0.0003096584696322,0.0051528476178646,0.0115356855094432,-9.166961669921877,-4.5787200927734375,-2.586883544921875,-5.416275024414063,-3.769577026367188,-0.9761505126953124
2018-11-26,0,0,293.4637451171875,291.4753112792969,-2.42498779296875,-0.3549346923828125,1.0,91737.796875,269.9991760253906,283.28497314453125,290.7919616699219,0.0003620078787207,0.0069239884614944,0.0106687303632497,-7.45538330078125,-2.773101806640625,-2.4757080078125,-7.553421020507812,-6.2661895751953125,-6.611862182617188
2018-11-26,6,1,298.39141845703125,289.2945251464844,-2.6888427734375,-1.1820068359375,0.0,91809.03125,269.7704772949219,284.78448486328125,290.3359375,0.0001832106645451,0.0030474362429231,0.0114067234098911,-7.1043548583984375,-3.0405426025390625,-3.995086669921875,-8.329208374023438,-5.893325805664063,-2.4217071533203125
2018-11-26,12,2,298.59381103515625,289.4139099121094,-1.7125396728515625,0.045654296875,0.0,91516.03125,270.381103515625,285.1705017089844,293.0536804199219,0.0001799235906219,0.0019295702222734,0.0096794515848159,-8.546188354492188,-3.307342529296875,-4.503265380859375,-9.3983154296875,-6.0583038330078125,-1.53863525390625
2018-11-26,18,3,292.23760986328125,288.82427978515625,-2.829818725585937,0.4196319580078125,0.0,91777.640625,270.84844970703125,284.76519775390625,290.1098022460937,0.0001074867905117,0.0013180496171116,0.009690586477518,-10.567581176757812,-4.6488800048828125,-3.8519287109375,-5.872833251953125,-5.2179107666015625,-1.3092193603515625
2018-11-27,0,0,291.6998291015625,289.6515197753906,-2.6310577392578125,0.2183685302734375,0.25,91739.5625,270.395751953125,284.04559326171875,289.71954345703125,7.656349043827504e-05,0.0008586382027715,0.0064111202955245,-10.126296997070312,-4.217086791992188,-4.101043701171875,-3.69989013671875,-3.39862060546875,-3.99969482421875
2018-11-27,6,1,297.40118408203125,284.62237548828125,-3.640304565429688,-0.7037506103515625,0.0,91861.609375,271.00799560546875,284.04107666015625,289.05682373046875,8.419934601988643e-05,0.0009209744166582,0.0071830935776233,-12.84820556640625,-2.903305053710937,-5.9117584228515625,-0.9906158447265624,0.0319061279296875,-1.300262451171875
2018-11-27,12,2,297.2521057128906,287.0926513671875,-1.7489471435546875,0.6217193603515625,0.0,91649.078125,271.25439453125,284.0406494140625,291.4552307128906,8.624080510344356e-05,0.001217829529196,0.0083517730236053,-13.45489501953125,-1.2550811767578125,-4.7879180908203125,1.002227783203125,-0.3615570068359375,0.00738525390625
2018-11-27,18,3,291.2078857421875,288.1702575683594,-3.23272705078125,0.359405517578125,0.0,91892.875,270.8153076171875,283.9125061035156,288.4674072265625,9.629139094613492e-05,0.001713088247925,0.0099692642688751,-11.962753295898438,-2.244384765625,-5.967575073242188,2.648910522460937,0.0731964111328125,-0.4910888671875
2018-11-28,0,0,290.3524475097656,288.7017822265625,-3.2276611328125,-0.5570526123046875,0.0,91756.578125,270.9488525390625,283.4664306640625,288.9478759765625,8.558268018532544e-05,0.0019191745668649,0.0047891736030578,-10.757598876953123,-0.9032745361328124,-6.994400024414063,3.5315093994140625,1.0973968505859375,-3.155014038085937
2018-11-28,6,1,297.7736511230469,287.672607421875,-3.104354858398437,0.205169677734375,0.0,91879.546875,270.64654541015625,283.59881591796875,288.8531494140625,6.212400330696255e-05,0.0018824152648448,0.0083110854029655,-7.5869140625,-2.443344116210937,-5.0860595703125,2.545394897460937,2.0584716796875,0.644256591796875
2018-11-28,12,2,298.1464233398437,289.9041442871094,-1.63330078125,0.849761962890625,0.0,91664.9375,270.3680419921875,283.31646728515625,291.9276123046875,0.0003690340090543,0.0016149522271007,0.0101381726562976,-5.5550537109375,-3.441650390625,-4.9027252197265625,2.63031005859375,1.132049560546875,2.1486968994140625
2018-11-28,18,3,292.3050537109375,290.46221923828125,-3.152816772460937,0.256866455078125,0.0,91888.078125,269.3550109863281,283.691650390625,290.3196716308594,0.0008071190677583,0.0012881567236036,0.0100878328084945,-3.9115142822265625,-4.9185943603515625,-2.436431884765625,4.2693939208984375,2.008392333984375,1.4383697509765625
2018-11-29,0,0,292.95343017578125,290.9096069335937,-3.2884979248046875,-0.8141937255859375,3.125,91858.5,268.780517578125,283.1083374023437,290.403564453125,0.0014703443739563,0.0051771663129329,0.0085985548794269,-4.195724487304688,-0.6623992919921875,-2.491424560546875,3.4629364013671875,2.1656036376953125,1.3868255615234375
2018-11-29,6,1,298.20526123046875,290.63641357421875,-2.6080780029296875,-0.78271484375,4.625,92020.71875,268.2470092773437,282.8817749023437,289.52294921875,0.0017804941162467,0.0047544464468955,0.0115260779857635,-3.784957885742188,-2.3165283203125,-4.9956817626953125,1.264892578125,0.924560546875,-0.895538330078125
2018-11-29,12,2,298.503662109375,290.8101806640625,-1.8017425537109373,1.3893585205078125,2.375,91782.0,268.59088134765625,283.1346435546875,291.3620910644531,0.000719356816262,0.0032989182509481,0.0119369737803936,-4.561676025390625,-3.986846923828125,-4.5914306640625,-1.2809295654296875,-0.61846923828125,-0.3485107421875
2018-11-29,18,3,294.1119384765625,292.0008850097656,-2.8979644775390625,0.6999053955078125,3.375,92013.34375,269.30712890625,281.942138671875,289.9097595214844,0.0002649085945449,0.0090221054852008,0.0119974035769701,-6.7310943603515625,-5.472183227539063,-6.776290893554688,-0.0194091796875,0.4689178466796875,-0.955169677734375
2018-11-30,0,0,293.4654235839844,290.7904052734375,-2.3761444091796875,-0.1355133056640625,8.125,91871.8125,269.16632080078125,282.0585327148437,290.4696044921875,0.000120057928143,0.0083372443914413,0.0104782134294509,-5.907974243164063,-1.466064453125,-6.2876739501953125,-0.6723175048828125,-0.375946044921875,-1.8584747314453125
2018-11-30,6,1,299.2391662597656,289.4398803710937,-3.1624755859375,-0.9102020263671876,0.0,92010.046875,269.1591796875,282.68585205078125,290.0406494140625,0.000106481151306,0.0077342204749584,0.0104647241532802,-8.580902099609375,1.1053466796875,-4.9972686767578125,1.441864013671875,-1.3140716552734375,-1.5937652587890625
2018-11-30,12,2,298.6910095214844,289.6128845214844,-1.4830474853515625,0.71722412109375,0.0,91702.15625,269.3698425292969,283.1339111328125,293.2675170898437,8.5244799265638e-05,0.003247651271522,0.0100127346813678,-5.7241058349609375,2.236572265625,-3.279205322265625,1.41656494140625,-5.897186279296875,-0.107208251953125
2018-11-30,18,3,293.2214050292969,290.90045166015625,-3.2995147705078125,0.611663818359375,0.0,91888.984375,269.9330444335937,283.42156982421875,289.350341796875,8.74383986229077e-05,0.0036424791906028,0.0119515173137187,-6.443038940429688,1.3177490234375,-4.381103515625,1.475341796875,-4.3022308349609375,2.498886108398437
2018-12-01,0,0,292.7791442871094,290.683349609375,-2.3716583251953125,0.26751708984375,0.5,91733.203125,269.456787109375,282.68572998046875,288.92266845703125,9.90785047179088e-05,0.0023381812497973,0.0115909799933433,-5.9841156005859375,-0.107696533203125,-1.3827362060546875,1.1374053955078125,-2.0736846923828125,-1.05035400390625
2018-12-01,6,1,298.5767822265625,287.9081115722656,-2.419403076171875,-1.6839599609375,0.125,91791.75,269.34332275390625,282.8390808105469,289.9613037109375,0.0001310874940827,0.0011791184078902,0.0099387727677822,-2.617034912109375,0.9660186767578124,-3.499053955078125,1.9322357177734373,-0.945831298828125,-2.6877593994140625
2018-12-01,12,2,298.5152587890625,287.8388671875,-1.5960845947265625,-0.0128936767578125,4.75,91472.375,269.84326171875,281.7637023925781,293.219970703125,0.0001325096382061,0.0010514254681766,0.0086144991219043,1.157623291015625,2.179656982421875,-2.8717041015625,1.1143341064453125,-3.38623046875,-1.08685302734375
2018-12-01,18,3,292.3590393066406,286.37115478515625,-3.4537811279296875,0.237579345703125,0.0,91678.0625,269.37225341796875,285.02862548828125,288.87841796875,0.0001271268411073,0.0002409779262961,0.0091112367808818,1.8066864013671875,-3.05218505859375,-7.584991455078125,0.321807861328125,-3.071990966796875,0.103271484375
2018-12-02,0,0,291.10089111328125,288.68194580078125,-1.894744873046875,0.261810302734375,0.0,91528.15625,269.462646484375,284.4495849609375,289.3504638671875,9.2807924374938e-05,0.0003026381600648,0.0074515901505947,2.8351287841796875,-1.9968414306640625,-3.962890625,-0.5604248046875,2.135360717773437,-2.08831787109375
2018-12-02,6,1,298.9898681640625,284.9239196777344,-2.3872833251953125,-0.552642822265625,0.0,91629.359375,269.962890625,284.081787109375,290.32012939453125,9.580423648003487e-05,0.0002222890907432,0.0073110498487949,0.816741943359375,2.701141357421875,-3.2814483642578125,-2.636322021484375,2.0347137451171875,-1.12054443359375
2018-12-02,12,2,298.15692138671875,286.71893310546875,-1.5173492431640625,0.9730377197265624,0.0,91352.5,270.02117919921875,283.5458068847656,292.498779296875,0.0001043046504491,0.0001862987846834,0.0082009509205818,-0.8115234375,3.0570068359375,-3.7541656494140634,-1.0096893310546875,-0.315093994140625,1.6771087646484375
2018-12-02,18,3,292.94207763671875,290.5435485839844,-3.719024658203125,0.6445770263671875,18.0,91709.0,269.4336853027344,283.4906616210937,289.12811279296875,0.0001049650309141,0.0002319586637895,0.0107515566051006,-1.105377197265625,1.0659027099609375,-5.0590362548828125,2.9797515869140625,2.412826538085937,3.715255737304688
2018-12-03,0,0,293.2511291503906,290.750732421875,-2.763702392578125,-0.27001953125,5.25,91542.703125,269.9002685546875,283.775390625,290.331298828125,0.0001704725873423,0.0028102879878133,0.0092370845377445,1.764068603515625,1.6178131103515625,-3.78076171875,2.938507080078125,7.495285034179687,-1.5104827880859375
2018-12-03,6,1,299.2193603515625,288.49786376953125,-3.789306640625,0.57568359375,0.0,91709.734375,269.81689453125,282.7492370605469,290.40704345703125,0.0003394556697458,0.0056486055254936,0.0100619308650493,2.3283843994140625,0.6958770751953125,-5.9189453125,0.193023681640625,8.217208862304688,0.603302001953125
2018-12-03,12,2,298.2231140136719,290.0518798828125,-4.0242767333984375,2.2035064697265625,0.25,91498.96875,268.16851806640625,282.3426513671875,291.3511047363281,0.0006123473867774,0.0064703673124313,0.0108484923839569,-0.0533905029296875,1.7652740478515625,-6.77880859375,1.834503173828125,7.611740112304687,4.2405548095703125
2018-12-03,18,3,292.87615966796875,290.1031494140625,-3.2315826416015625,0.1643218994140625,0.0,91724.9375,268.7494506835937,282.98895263671875,291.7433166503906,0.0006665289402008,0.0054733529686927,0.0092997848987579,-2.7127838134765625,-4.4689788818359375,-3.5849151611328125,2.6304931640625,8.35784912109375,2.96710205078125
2018-12-04,0,0,292.8428955078125,291.24566650390625,-2.698699951171875,0.125946044921875,0.0,91636.25,268.0136413574219,282.1711120605469,290.7472839355469,0.0027215429581701,0.0089937858283519,0.0119408592581748,-2.2805328369140625,-5.087799072265625,-7.0069427490234375,4.604995727539063,5.5650177001953125,1.8819580078125
2018-12-04,6,1,298.85693359375,291.58642578125,-4.37115478515625,0.85260009765625,1.75,91799.703125,267.865966796875,282.2840270996094,291.2672119140625,0.0037539007607847,0.0099077001214027,0.0126650743186473,-3.619781494140625,-5.798187255859375,-7.4777984619140625,2.5113525390625,5.3477783203125,1.889617919921875
2018-12-04,12,2,296.899658203125,294.03961181640625,-1.69451904296875,0.8254852294921875,67.75,91561.953125,267.73468017578125,282.404541015625,291.338134765625,0.0042016319930553,0.0097095016390085,0.0135240899398922,-1.253204345703125,-4.8968353271484375,-6.3319244384765625,4.8540802001953125,3.718948364257813,1.4206390380859375
2018-12-04,18,3,294.2906188964844,293.0989685058594,-2.176055908203125,-0.26220703125,8.25,91832.390625,267.77154541015625,282.5113525390625,290.060546875,0.0039257192984223,0.0088407471776008,0.0135671272873878,-1.0222625732421875,-3.430328369140625,-5.95892333984375,5.7099456787109375,3.8349609375,0.9774017333984376
2018-12-05,0,0,294.13006591796875,292.07891845703125,-2.0232086181640625,-0.937835693359375,15.75,91619.578125,267.9663391113281,282.3763427734375,289.74981689453125,0.0036317720077931,0.0089521408081054,0.0123784020543098,1.6930999755859375,-3.18316650390625,-6.355392456054688,3.6719818115234375,1.6855316162109375,1.452423095703125
2018-12-05,6,1,300.0089111328125,291.5048828125,-3.142669677734375,0.5736846923828125,5.375,91806.984375,267.2630310058594,282.23785400390625,291.2056579589844,0.0036069902125746,0.0088636651635169,0.0120253860950469,0.811767578125,-2.970062255859375,-5.1059112548828125,2.9987945556640625,1.4066925048828125,0.6927032470703125
2018-12-05,12,2,300.3298645019531,290.324462890625,-1.8956298828125,0.875579833984375,15.875,91504.453125,267.0108337402344,282.3709716796875,293.2703857421875,0.0035566843580454,0.0078461952507495,0.0119860582053661,3.744216918945313,-1.747222900390625,-3.748931884765625,-0.39251708984375,0.1517791748046875,2.0547332763671875
2018-12-05,18,3,294.80328369140625,292.86358642578125,-2.2808990478515625,1.0166473388671875,15.125,91696.75,267.3271789550781,283.278076171875,291.6903686523437,0.0033139414153993,0.0061132870614528,0.0128602646291255,4.343658447265625,-1.0993194580078125,-2.26068115234375,-0.633087158203125,0.73785400390625,2.0266265869140625
2018-12-06,0,0,294.2215881347656,291.9493408203125,-1.82135009765625,0.4346923828125,7.125,91576.6875,268.11260986328125,282.2477722167969,290.89715576171875,0.0027366478461772,0.0073199123144149,0.012054830789566,8.284317016601562,-1.118927001953125,-3.219940185546875,-4.713653564453125,-2.041366577148437,1.279266357421875
2018-12-06,6,1,299.96539306640625,291.81298828125,-2.657257080078125,0.5257110595703125,11.625,91703.453125,267.3826904296875,282.38623046875,291.3446655273437,0.0009244098328053,0.0076473243534564,0.0124363861978054,7.193649291992188,-2.92657470703125,-3.91162109375,-6.366470336914063,-1.1067047119140625,0.6353912353515625
2018-12-06,12,2,299.499267578125,290.8576354980469,-1.556884765625,0.00360107421875,9.75,91404.765625,268.5335693359375,282.18365478515625,292.7371826171875,0.0014262394979596,0.0087572038173675,0.0123043768107891,-2.650909423828125,-0.89105224609375,-5.3389739990234375,-10.7900390625,-3.112045288085937,0.8447723388671875
2018-12-06,18,3,295.30303955078125,292.461181640625,-2.9050750732421875,1.189666748046875,70.75,91692.3125,268.8646850585937,281.91046142578125,291.00885009765625,0.0002152123634004,0.0084804147481918,0.012807136401534,-1.9089813232421875,-2.4246978759765625,-6.3712158203125,-9.302093505859377,-3.648880004882813,0.8874053955078125
2018-12-07,0,0,293.44989013671875,291.5025329589844,-1.9954986572265625,0.2047119140625,35.875,91488.65625,268.02410888671875,282.9915466308594,292.8197937011719,0.0003937440924346,0.0080637317150831,0.009429570287466,1.0731201171875,-3.643218994140625,-5.200408935546875,-8.4493408203125,-2.470794677734375,-0.5094146728515625
2018-12-07,6,1,299.8905639648437,288.1211853027344,-3.0568389892578125,0.674072265625,0.0,91715.71875,267.9049377441406,281.5482177734375,290.88153076171875,0.0004701816942542,0.0083040464669466,0.0108272321522235,-4.6417083740234375,-5.155853271484375,-4.955902099609375,-10.288650512695312,-2.355712890625,0.759429931640625
2018-12-07,12,2,299.635498046875,289.1920471191406,-2.3550567626953125,0.9011077880859376,0.0,91477.15625,267.82452392578125,281.9195251464844,292.845947265625,0.0007263049483299,0.0074508748948574,0.0104315429925918,-4.602706909179688,-3.71337890625,-5.81768798828125,-8.861129760742188,0.214019775390625,0.638458251953125
2018-12-07,18,3,293.6787109375,291.2103881835937,-2.8342437744140625,1.0399627685546875,17.375,91773.75,267.08135986328125,282.23590087890625,292.11920166015625,0.0006516452413052,0.0061935558915138,0.0098259821534156,-5.3453369140625,-2.7579498291015625,-4.561325073242188,-6.542022705078125,-0.3510589599609375,0.6824493408203125
2018-12-08,0,0,293.81866455078125,291.78253173828125,-2.644256591796875,0.8115081787109375,6.5,91648.140625,266.33135986328125,281.84332275390625,291.264404296875,0.0004333830438554,0.0058005265891551,0.0095010250806808,-5.2228851318359375,-1.5237274169921875,-6.74554443359375,-7.8329620361328125,-1.0241546630859375,1.0450897216796875
2018-12-08,6,1,299.8328552246094,289.3645935058594,-3.465423583984375,0.6952972412109375,0.0,91838.953125,266.74560546875,281.7372436523437,290.9228820800781,0.0003571911947801,0.0054244957864284,0.0111812762916088,-7.167037963867188,-2.265609741210937,-5.422775268554688,-8.378921508789062,-1.4282379150390625,0.5530242919921875
2018-12-08,12,2,299.55694580078125,289.8104248046875,-2.1188507080078125,0.9276123046875,18.875,91586.0,267.2413635253906,280.28778076171875,292.7786560058594,0.0004211766645312,0.0076449215412139,0.0112014524638652,-6.0455322265625,-1.181182861328125,-4.8553466796875,-7.120880126953125,-4.891403198242188,1.163055419921875
2018-12-08,18,3,294.13287353515625,291.76971435546875,-2.87237548828125,0.899017333984375,3.75,91798.09375,268.42791748046875,280.9234619140625,290.99285888671875,0.0003844094462692,0.0040434263646602,0.0118386559188365,-4.625656127929688,-3.723419189453125,-6.23431396484375,-5.31689453125,-2.4302520751953125,0.9609375
2018-12-09,0,0,292.7718505859375,290.6358947753906,-2.4187774658203125,0.262298583984375,0.0,91620.453125,267.90875244140625,282.5748291015625,291.37823486328125,0.0003791500348597,0.0022863326594233,0.0099401921033859,-2.8932037353515625,-3.0905914306640625,-5.6565704345703125,-3.8541259765625,-3.682403564453125,-2.757659912109375
2018-12-09,6,1,299.9029541015625,288.5679626464844,-2.827667236328125,-0.655975341796875,0.0,91723.84375,267.38677978515625,284.7173767089844,291.2180480957031,0.0003831959329545,0.0013407808728516,0.0103413201868534,-1.8600616455078125,-1.486541748046875,-4.2048187255859375,-4.016159057617188,-2.06854248046875,-1.7373199462890625
2018-12-09,12,2,300.0737609863281,287.0348815917969,-1.86273193359375,0.965545654296875,0.0,91476.578125,266.8717041015625,281.24932861328125,293.8309631347656,0.0003917563008144,0.0047906921245157,0.009511400014162,2.574676513671875,0.409088134765625,-4.42022705078125,-6.6803741455078125,-3.0274658203125,0.8607177734375
2018-12-09,18,3,293.8837585449219,290.5088195800781,-2.855926513671875,1.0366973876953125,0.0,91728.5625,267.9022827148437,283.36090087890625,291.2499389648437,0.0002706533996388,0.00190190365538,0.0104789808392524,2.218002319335937,-3.033355712890625,-3.9667816162109375,-8.91326904296875,-1.0736236572265625,2.747772216796875
2018-12-10,0,0,293.2772827148437,291.23114013671875,-1.9049072265625,1.1749267578125,4.875,91615.09375,269.02880859375,283.23492431640625,290.9090576171875,0.000304507324472,0.0014463828410953,0.0099059380590915,-0.5189971923828125,0.7604827880859375,-3.370880126953125,-12.032562255859377,-0.55419921875,-0.2132110595703125
2018-12-10,6,1,299.1690368652344,288.8367919921875,-1.2613677978515625,0.7151641845703125,0.0,91757.6875,268.74725341796875,282.9146423339844,290.880859375,0.0003773365169763,0.0017787718679755,0.0106452293694019,-0.2936248779296875,3.665237426757813,-1.9301605224609373,-12.928070068359377,-1.0915679931640625,0.2792510986328125
2018-12-10,12,2,299.9117431640625,290.46856689453125,-0.3022613525390625,0.9403228759765624,2.125,91496.34375,268.6603698730469,279.81396484375,293.95068359375,0.0003128531388938,0.0053900051862001,0.0095170065760612,2.499496459960937,1.0187835693359375,-0.4608154296875,-13.932296752929688,-4.3310546875,-0.0217437744140625
2018-12-10,18,3,294.06646728515625,289.5106201171875,-3.192611694335937,0.9598236083984376,0.0,91704.9375,267.78790283203125,282.7901306152344,292.0726928710937,0.0003792545758187,0.0040120985358953,0.010195642709732,0.6766357421875,-0.481048583984375,-2.254257202148437,-11.432159423828123,-5.568771362304688,2.9108428955078125
2018-12-11,0,0,292.4224853515625,290.3339233398437,-0.827178955078125,0.8784942626953125,0.0,91609.328125,267.419677734375,283.9695129394531,290.5400695800781,0.0003784615546464,0.0018585978541523,0.0106584392488002,0.776824951171875,-1.6594390869140625,0.81884765625,-11.7633056640625,-3.735076904296875,1.217437744140625
2018-12-11,6,1,299.76568603515625,289.2421264648437,-0.6922607421875,0.0386505126953125,12.25,91779.921875,267.2396240234375,283.65692138671875,291.4075012207031,0.0003635396715253,0.0019679577089846,0.0112317726016044,-1.9217681884765625,-0.601715087890625,-1.03546142578125,-11.8828125,-2.054351806640625,-0.1884613037109375
2018-12-11,12,2,300.0396728515625,290.7214660644531,0.5072174072265625,0.6953887939453125,28.375,91487.46875,267.14776611328125,279.93670654296875,294.05535888671875,0.0004385185893625,0.007766768336296,0.0104254148900508,-1.2613983154296875,-1.345306396484375,0.2282867431640625,-9.590103149414062,-3.86041259765625,-0.38134765625
2018-12-11,18,3,295.0703430175781,288.91583251953125,-3.572494506835937,0.921539306640625,2.875,91757.296875,266.4945068359375,281.326171875,291.3358154296875,0.0004748657811433,0.0069628693163394,0.010667148977518,-0.8225250244140625,1.4864044189453125,-4.8255615234375,-6.3777923583984375,-3.72113037109375,4.1807708740234375
2018-12-12,0,0,294.1331787109375,290.9580078125,-1.2235870361328125,1.41937255859375,70.125,91697.234375,265.7391357421875,280.89178466796875,290.84405517578125,0.000494192703627,0.0048289475962519,0.0110950134694576,1.6473541259765625,-2.11737060546875,0.083587646484375,-3.75787353515625,-3.0177001953125,4.366973876953125
2018-12-12,6,1,299.6654052734375,289.2467956542969,-0.3629608154296875,0.58953857421875,18.25,91818.96875,267.360107421875,284.572509765625,291.83917236328125,0.0003074726555496,0.0012791468761861,0.0113741569221019,-1.3369140625,-2.1613922119140625,-0.8080902099609375,-0.9788665771484376,-3.4680633544921875,0.6104583740234375
2018-12-12,12,2,300.762939453125,289.5204467773437,0.536834716796875,0.587921142578125,11.0,91565.4375,267.44061279296875,280.0539245605469,294.1815185546875,0.0002879784442484,0.007179856300354,0.0100904256105422,3.64093017578125,-1.3231658935546875,-0.31951904296875,-3.748947143554688,-1.5807037353515625,0.4342803955078125
2018-12-12,18,3,294.5049133300781,289.44390869140625,-2.957138061523437,1.1797332763671875,0.0,91825.453125,267.14752197265625,284.9207763671875,291.51593017578125,0.00028568203561,0.0013458381872624,0.0106332525610923,3.869476318359375,-2.3951568603515625,-1.4618377685546875,-2.6611785888671875,-3.723236083984375,5.860198974609375
2018-12-13,0,0,293.3688049316406,291.0316772460937,-1.3843536376953125,1.2149505615234375,33.75,91771.8125,267.51434326171875,285.5247802734375,289.40386962890625,0.0003748775925487,0.00097416783683,0.0123850777745246,5.9025726318359375,-1.5288543701171875,1.996978759765625,-2.8779449462890625,-0.262420654296875,5.294769287109375
2018-12-13,6,1,298.48028564453125,290.94940185546875,1.584381103515625,0.1486358642578125,23.5,91853.359375,267.8791809082031,285.3681030273437,290.9937744140625,0.0003455189289525,0.0008735177107155,0.0117170214653015,6.4359893798828125,1.4313812255859375,2.1248931884765625,-3.1340484619140625,0.8943634033203125,-0.31585693359375
2018-12-13,12,2,299.22430419921875,290.5466613769531,-1.111663818359375,-0.0482025146484375,17.875,91620.75,267.4002685546875,284.0628967285156,292.66815185546875,0.0003177570179104,0.0018509244546294,0.0107095129787921,11.562835693359377,1.795562744140625,-2.0855712890625,-3.09588623046875,-1.4148101806640625,-0.489501953125
2018-12-13,18,3,293.76239013671875,289.6605224609375,-3.22100830078125,0.5591888427734375,1.375,91833.828125,266.3177490234375,285.7081298828125,290.15789794921875,0.0002733943983912,0.00087067252025,0.0108812488615512,9.46722412109375,2.781829833984375,-5.3729248046875,-1.1201019287109375,1.6636962890625,2.3324127197265625
2018-12-14,0,0,294.30181884765625,290.3544616699219,-1.9744415283203125,0.3544921875,81.75,91736.4375,268.2286376953125,281.2725830078125,290.8758544921875,0.0001469695125706,0.0030707472469657,0.0088985189795494,8.33978271484375,4.373443603515625,-7.140380859375,1.592315673828125,-1.9071044921875,-0.3735809326171875
2018-12-14,6,1,299.924560546875,287.87176513671875,-1.974822998046875,-1.245635986328125,0.0,91856.90625,268.6046142578125,281.2767333984375,291.3441162109375,7.983941759448498e-05,0.0018221819773316,0.00915989279747,7.6939697265625,-0.3323974609375,-2.8677215576171875,0.66571044921875,2.271759033203125,-2.228668212890625
2018-12-14,12,2,299.7489624023437,286.3082275390625,-1.877532958984375,-0.154937744140625,4.25,91573.640625,270.304931640625,278.3235778808594,293.59332275390625,2.7267320547252893e-05,0.0068908035755157,0.007993146777153,4.7247161865234375,-1.0759735107421875,-4.7232513427734375,-0.613555908203125,-2.2883758544921875,-1.09234619140625
2018-12-14,18,3,293.59765625,289.00018310546875,-3.4755096435546875,-1.3326416015625,0.0,91828.671875,269.5511779785156,281.81378173828125,290.187744140625,2.9129922040738165e-05,0.0026165319141,0.0095173120498657,2.7386474609375,0.60003662109375,-8.798553466796875,1.285308837890625,-0.9387664794921876,-3.899017333984375
2018-12-15,0,0,292.13494873046875,289.940673828125,-3.564117431640625,-1.8857269287109373,0.125,91674.140625,269.55938720703125,281.3414306640625,289.5038146972656,3.392623330000788e-05,0.0025787581689655,0.0080719850957393,-2.3431854248046875,1.9363861083984373,-10.138702392578123,0.9981842041015624,0.812744140625,-5.605758666992188
2018-12-15,6,1,298.8966369628906,288.0692138671875,-4.0198516845703125,-2.371551513671875,0.0,91861.125,268.8885498046875,281.5155639648437,289.86260986328125,9.901568409986794e-05,0.001885428559035,0.0094497129321098,-3.1106109619140625,2.237945556640625,-6.23590087890625,8.569000244140625,-0.110595703125,-3.669021606445313
2018-12-15,12,2,299.140625,285.1923828125,-2.184722900390625,-1.5382080078125,0.0,91591.796875,268.73736572265625,280.8318786621094,292.5699157714844,0.0001643506111577,0.002286106115207,0.008260004222393,0.484619140625,2.409286499023437,-5.0380859375,8.469879150390625,-3.954910278320313,-3.621826171875
2018-12-15,18,3,292.4662170410156,286.4468994140625,-3.0312957763671875,-2.51251220703125,0.0,91846.953125,269.9585266113281,281.6494140625,289.58905029296875,0.0001476293546147,0.0011871254537254,0.0083014853298664,-1.3048553466796875,2.0299530029296875,-5.909210205078125,6.7591705322265625,-4.2318267822265625,-7.45098876953125
2018-12-16,0,0,291.0005187988281,285.7565612792969,-2.6461334228515625,-2.4995269775390625,0.0,91747.0,269.14959716796875,281.33709716796875,288.455322265625,0.000260901695583,0.0012886726763099,0.0083761364221572,0.3952484130859375,1.754730224609375,-8.610336303710938,6.511566162109375,-3.221099853515625,-8.777908325195312
2018-12-16,6,1,297.24560546875,285.9919738769531,-1.62066650390625,-4.3227081298828125,0.0,91822.03125,269.4361572265625,282.21539306640625,289.35430908203125,9.270184091292322e-05,0.0012855581007897,0.0091181993484497,1.48675537109375,3.843429565429688,-2.989288330078125,3.741165161132813,-4.6235198974609375,-6.7364349365234375
2018-12-16,12,2,297.56610107421875,284.8138427734375,0.2145538330078125,-2.870819091796875,0.0,91540.09375,269.7689208984375,282.826416015625,290.8194580078125,5.991310172248632e-05,0.0012226582039147,0.0083959214389324,1.2606353759765625,6.7314300537109375,0.3334808349609375,0.85260009765625,-3.9339599609375,-6.8080902099609375
2018-12-16,18,3,292.33837890625,285.4688415527344,0.0531005859375,-1.932952880859375,0.0,91716.359375,270.52862548828125,282.8175354003906,289.4605712890625,4.215689841657877e-05,0.0030155377462506,0.0087619572877883,2.719711303710937,8.994369506835938,2.7104644775390625,1.9923095703125,-1.6034698486328125,-7.511962890625
2018-12-17,0,0,290.1346740722656,286.21014404296875,1.31512451171875,-1.879425048828125,0.0,91621.46875,269.8238830566406,282.46258544921875,289.0618896484375,2.250003308290616e-05,0.0013995615299791,0.0082559399306774,2.1461181640625,12.721954345703123,4.7054290771484375,1.1941070556640625,0.3489837646484375,-7.367431640625
2018-12-17,6,1,297.0005798339844,284.66021728515625,2.92889404296875,-2.9842681884765625,0.0,91761.1875,270.57568359375,283.3646850585937,289.5727844238281,8.589880599174649e-05,0.0008311385754495,0.0081456825137138,4.009811401367188,13.498580932617188,4.91650390625,4.081329345703125,-1.1709747314453125,-4.5348052978515625
2018-12-17,12,2,297.68328857421875,284.6229858398437,1.6688690185546875,-0.55816650390625,0.0,91521.671875,270.2547607421875,283.7235412597656,292.1717224121094,9.245122782886028e-05,0.0009426395408809,0.0073693841695785,5.9399261474609375,14.680679321289062,5.5616607666015625,4.5194091796875,-0.1529388427734375,-2.2405548095703125
2018-12-17,18,3,290.9950561523437,283.2723999023437,-0.5764007568359375,-2.1921539306640625,0.0,91811.0,270.3898620605469,281.612548828125,291.6744689941406,9.078449511434884e-05,0.0018938006833195,0.0066088400781154,7.242538452148437,12.692276000976562,1.3549957275390625,6.1726837158203125,1.545440673828125,-3.945999145507813
2018-12-18,0,0,289.357177734375,281.2406005859375,-0.172882080078125,-2.0637969970703125,0.0,91699.65625,269.30694580078125,283.7528076171875,289.8842468261719,8.936117228586227e-05,0.0018581815529614,0.0066834799945354,5.651870727539063,16.090225219726562,1.7205963134765625,5.707443237304688,2.697250366210937,-2.3728179931640625
2018-12-18,6,1,297.6387939453125,284.44110107421875,0.7524261474609375,-1.9989776611328125,0.0,91843.71875,269.0323486328125,283.7056579589844,290.204833984375,0.0001053033338394,0.001315965084359,0.007315419614315,7.861846923828125,14.876144409179688,1.0916748046875,9.217849731445312,-1.1602935791015625,-2.5542449951171875
2018-12-18,12,2,298.012939453125,285.40252685546875,0.233428955078125,-1.60968017578125,0.0,91567.625,269.6893005371094,283.80828857421875,292.4368591308594,0.0001663452858338,0.0025195812340825,0.0076266340911388,10.3172607421875,9.379043579101562,0.4561004638671875,8.276748657226562,-3.056015014648437,-4.2204437255859375
2018-12-18,18,3,292.142333984375,285.1508178710937,-2.4375,-2.1773834228515625,0.0,91830.046875,272.0361633300781,282.9078369140625,289.02398681640625,0.0002807842101901,0.0023218870628625,0.0088941901922225,9.282150268554688,7.3787841796875,-6.855072021484375,6.79937744140625,-0.68408203125,-5.24871826171875
2018-12-19,0,0,290.29901123046875,287.0214233398437,-1.7707977294921875,-0.775726318359375,0.0,91716.6875,270.8421325683594,283.229736328125,287.04736328125,0.0001353919069515,0.0019819494336843,0.0095471814274787,6.61126708984375,0.3833770751953125,-2.2071533203125,7.400711059570312,-4.7608184814453125,0.3958587646484375
2018-12-19,6,1,296.8069152832031,288.75390625,-0.3347625732421875,0.2517547607421875,3.375,91859.53125,271.4696044921875,282.5482177734375,289.1960144042969,0.0001833844289649,0.0017794244922697,0.0100886635482311,4.312713623046875,0.062469482421875,-0.470855712890625,4.837982177734375,-0.1002349853515625,0.7581024169921875
2018-12-19,12,2,298.510009765625,287.9263916015625,0.2414703369140625,0.0534515380859375,1.375,91592.375,272.72967529296875,280.7149353027344,291.79620361328125,0.0004303927998989,0.003852785564959,0.0087345950305461,1.9642791748046875,-0.1073455810546875,-0.470703125,3.74725341796875,0.417572021484375,-0.8766632080078125
2018-12-19,18,3,292.7891540527344,286.4345092773437,-2.585601806640625,-0.948883056640625,0.125,91864.640625,271.2178955078125,282.2874450683594,288.0779724121094,0.0005714141298085,0.002742052078247,0.0100105330348014,-2.604461669921875,2.76446533203125,-7.89239501953125,5.772552490234375,3.081893920898437,2.774887084960937
2018-12-20,0,0,290.8244323730469,287.8675842285156,-2.3483123779296875,-0.939361572265625,0.125,91777.5625,271.9997863769531,281.92120361328125,287.27593994140625,0.0007671881467103,0.0038429056294262,0.0107258297502994,-2.8097076416015625,0.1016082763671875,-3.537109375,4.1285552978515625,5.395782470703125,2.695663452148437
2018-12-20,6,1,297.83087158203125,288.5911865234375,-1.47186279296875,0.6843109130859375,0.0,91887.375,271.2716064453125,282.3008728027344,289.554931640625,0.0008129198104143,0.0031876191496849,0.0100565142929553,-5.804214477539063,3.33001708984375,-1.9087982177734373,5.11895751953125,4.945968627929688,1.168243408203125
2018-12-20,12,2,299.30548095703125,289.4999389648437,-0.84039306640625,0.6523895263671875,17.0,91579.078125,270.76617431640625,278.7594909667969,293.34521484375,0.0015161279588937,0.0074950642883777,0.0094450786709785,-2.395355224609375,-0.0478973388671875,-1.821380615234375,4.5392913818359375,2.862640380859375,1.7783660888671875
2018-12-20,18,3,293.69879150390625,288.93341064453125,-3.344482421875,0.0792083740234375,0.0,91852.9375,270.0337829589844,282.9552917480469,289.0699462890625,0.0013995638582855,0.0024184300564229,0.0110273174941539,-2.7848358154296875,1.535980224609375,-5.1400909423828125,4.2677154541015625,5.1987152099609375,4.8577728271484375
2018-12-21,0,0,291.5240478515625,290.12188720703125,-2.809921264648437,0.324066162109375,0.375,91701.890625,269.88458251953125,284.04254150390625,289.3417663574219,0.0011633937247097,0.0027396534569561,0.0111740455031394,0.61187744140625,1.2275390625,-1.2036895751953125,2.4598388671875,7.9709625244140625,2.438201904296875
2018-12-21,6,1,298.7157592773437,289.61285400390625,-1.4842071533203125,-0.14910888671875,4.0,91875.109375,269.93463134765625,282.6336669921875,290.1064758300781,0.0010807907674461,0.003852296853438,0.0113446228206157,0.6874542236328125,-0.1709442138671875,-2.066314697265625,-1.196319580078125,7.1381378173828125,-0.402679443359375
2018-12-21,12,2,299.3948059082031,292.174072265625,0.201873779296875,-1.07598876953125,10.5,91538.375,269.5490417480469,280.5697937011719,292.6876220703125,0.0010406200308352,0.0066852681338787,0.0103413946926593,-0.4331817626953125,-0.04718017578125,-0.5618743896484375,-3.480133056640625,1.7280731201171875,-1.715728759765625
2018-12-21,18,3,294.2318725585937,289.8182983398437,-3.5186920166015625,-0.0258331298828125,9.25,91831.421875,269.291015625,282.1546936035156,289.8550720214844,0.0008161147125065,0.0047702118754386,0.0114461071789264,-0.4051513671875,4.140869140625,-5.947052001953125,-2.5269927978515625,2.279052734375,-2.35931396484375
2018-12-22,0,0,292.294921875,290.9525756835937,-2.3194122314453125,-0.6594390869140625,3.75,91642.203125,268.439697265625,283.82403564453125,290.2646484375,0.0006207334809005,0.0057857707142829,0.011089326813817,-1.2212677001953125,-0.8343505859375,-2.8125152587890625,-4.2883148193359375,4.8632659912109375,-3.46173095703125
2018-12-22,6,1,299.255615234375,289.1640930175781,-2.4314727783203125,-1.30120849609375,0.0,91828.40625,267.9226379394531,283.39190673828125,291.1653747558594,0.0003857954870909,0.007654707878828,0.0111390575766563,-3.408172607421875,-2.5337677001953125,-3.4694976806640625,-4.251510620117188,1.8682403564453125,-1.931060791015625
2018-12-22,12,2,299.8925170898437,288.1882019042969,-1.634552001953125,0.0295257568359375,7.375,91603.890625,267.7726135253906,280.5435791015625,293.3873291015625,0.000311022857204,0.0091677457094192,0.0106377452611923,-5.523361206054688,-0.6124114990234375,-4.948989868164063,-0.779693603515625,-0.8757781982421875,-0.602081298828125
2018-12-22,18,3,294.68798828125,290.02374267578125,-3.249298095703125,0.239166259765625,0.0,91828.4375,268.56695556640625,281.59423828125,289.8017272949219,0.0029558525420725,0.0096281990408897,0.0121290311217308,-8.325332641601562,-6.77490234375,-6.627853393554688,3.59130859375,2.8062286376953125,-1.52667236328125
2018-12-23,0,0,294.185791015625,290.4926452636719,-2.690399169921875,-0.0818328857421875,22.5,91686.28125,267.76043701171875,280.69158935546875,290.8432006835937,0.0041760057210922,0.0091107264161109,0.0109667591750621,-6.69879150390625,-3.791168212890625,-6.89117431640625,2.9832763671875,3.34063720703125,-1.071136474609375
2018-12-23,6,1,300.5406799316406,289.674560546875,-3.24810791015625,-0.060302734375,0.0,91827.71875,267.433349609375,282.146728515625,291.5665588378906,0.0029515095520764,0.0088684596121311,0.0114501789212226,-6.7208251953125,-3.875457763671875,-4.96246337890625,0.889739990234375,4.29681396484375,-0.4619598388671875
2018-12-23,12,2,299.6173400878906,290.4377136230469,-3.3464813232421875,1.7227325439453125,2.5,91636.34375,268.29058837890625,282.19921875,291.78369140625,0.0017973615322262,0.0095211826264858,0.0122915506362915,-8.099700927734375,-3.0934600830078125,-6.28985595703125,2.680511474609375,0.7493438720703125,0.6334228515625
2018-12-23,18,3,293.6861877441406,291.4283447265625,-2.970611572265625,0.534820556640625,10.875,91859.15625,269.3592834472656,281.7597961425781,291.4315795898437,0.0012133650016039,0.0099560134112834,0.0114074572920799,-8.846771240234375,-4.391357421875,-6.28662109375,3.01611328125,1.870758056640625,-0.27447509765625
2018-12-24,0,0,293.4560546875,291.225830078125,-2.7668914794921875,0.155181884765625,7.6875,91740.859375,269.3692932128906,281.85870361328125,290.2665405273437,0.0005204135086387,0.0093275755643844,0.0124428756535053,-7.5881805419921875,-5.252960205078125,-6.8646392822265625,1.9834442138671875,0.5911102294921875,0.513336181640625
2018-12-24,6,1,300.0625,289.409423828125,-3.386947631835937,-0.3296051025390625,0.0,91880.265625,268.0974426269531,282.4461975097656,291.31036376953125,0.0018207463435828,0.0082002878189086,0.0113275945186614,-6.294158935546875,-6.02264404296875,-5.020416259765625,2.2509918212890625,1.3787689208984375,-0.7628173828125
2018-12-24,12,2,300.5245361328125,288.4415283203125,-1.8019866943359373,0.7875213623046875,3.75,91599.890625,268.4180908203125,280.9274597167969,293.59259033203125,0.0016494959127157,0.0089013986289501,0.0108902119100093,-6.664596557617188,-2.584991455078125,-4.240081787109375,-0.0649566650390625,-2.7507781982421875,1.2917633056640625
2018-12-24,18,3,294.53546142578125,289.5703125,-2.378646850585937,1.1880950927734375,0.0,91881.28125,268.794921875,282.41778564453125,290.5705871582031,0.0010406447108834,0.0068509653210639,0.0115590319037437,-6.227447509765625,-4.930679321289063,-3.979156494140625,1.39105224609375,-0.6998443603515625,2.5673828125
2018-12-25,0,0,292.587646484375,290.84259033203125,-2.0532989501953125,0.2294464111328125,0.0,91747.84375,268.43133544921875,281.961181640625,291.16094970703125,0.0007264090236276,0.0070559009909629,0.0112099237740039,-4.354522705078125,-2.4368896484375,-3.842208862304688,-0.1468353271484375,-1.0356597900390625,-2.171051025390625
2018-12-25,6,1,300.4186706542969,289.0633850097656,-3.32757568359375,-1.208984375,0.75,91890.84375,268.72021484375,282.51739501953125,291.5922241210937,0.0002055401710094,0.005441091954708,0.011175163090229,-6.304107666015625,-2.012725830078125,-4.891326904296875,-2.244049072265625,0.1574249267578125,-1.968170166015625
2018-12-25,12,2,300.4754638671875,288.1078796386719,-1.9229278564453125,-0.294464111328125,13.375,91580.8125,268.7996826171875,280.4564208984375,294.18658447265625,0.0001217226817971,0.0071255937218666,0.0103021524846553,-6.838775634765625,-0.826171875,-4.4352569580078125,0.3188018798828125,-1.342529296875,-1.397796630859375
2018-12-25,18,3,293.9393310546875,289.03741455078125,-2.659576416015625,0.55194091796875,0.0,91818.75,269.0632629394531,283.72711181640625,291.4393310546875,0.0001154243509517,0.0022150692529976,0.0110842436552047,-7.113861083984375,-0.82440185546875,-4.654296875,1.5321807861328125,-2.673202514648437,0.0888671875
2018-12-26,0,0,291.8573608398437,289.7821960449219,-2.045257568359375,0.751129150390625,0.0,91677.65625,268.89093017578125,282.35552978515625,291.54327392578125,0.0001145864662248,0.0037771321367472,0.0099611468613147,-6.59136962890625,-0.7128143310546875,-4.917282104492188,-0.1050262451171875,-2.205810546875,-1.646728515625
2018-12-26,6,1,300.756103515625,286.3576965332031,-2.403228759765625,0.63299560546875,0.0,91859.828125,268.3363952636719,282.896240234375,291.8561096191406,0.0001230482303071,0.0028151969891041,0.0094422921538352,-5.74224853515625,0.5656890869140625,-3.5709686279296875,0.020172119140625,-2.6884002685546875,0.269561767578125
2018-12-26,12,2,301.248779296875,290.2684326171875,-0.5204010009765625,1.2630767822265625,3.625,91584.203125,268.466796875,279.7410583496094,295.1731872558594,0.0001309369836235,0.0077880658209323,0.008862841874361,-4.986984252929688,-0.0810089111328125,-0.6609344482421875,0.6960296630859375,-3.699615478515625,0.2793731689453125
2018-12-26,18,3,295.3919677734375,288.8485107421875,-2.8682403564453125,1.4550628662109375,9.0,91806.359375,267.9701538085937,279.33612060546875,291.2435302734375,0.000152657579747,0.0079440958797931,0.0100416541099548,-3.494598388671875,5.6742706298828125,-3.473388671875,0.4813079833984375,-4.9308624267578125,7.361297607421875
2018-12-27,0,0,292.567138671875,288.4017944335937,-0.607666015625,1.5959930419921875,0.0,91673.125,268.3148193359375,280.32720947265625,290.2799072265625,0.0001614872744539,0.0066319927573204,0.0112895481288433,-3.49871826171875,4.0707855224609375,3.444549560546875,-0.218017578125,-4.9136810302734375,5.2179718017578125
2018-12-27,6,1,299.5028381347656,288.9150695800781,1.2770233154296875,-0.06829833984375,0.0,91780.4375,268.28546142578125,281.05255126953125,291.015625,0.0001640573900658,0.0055219270288944,0.0115557089447975,-2.17529296875,3.5422821044921875,1.6034088134765625,0.2536163330078125,-4.582244873046875,-0.45599365234375
2018-12-27,12,2,300.62353515625,289.3335266113281,1.52606201171875,-1.5716705322265625,36.5,91536.640625,268.1771240234375,281.08160400390625,293.13824462890625,0.0001681807625573,0.0073597393929958,0.011211059987545,-0.0336151123046875,1.042633056640625,2.106658935546875,-0.965484619140625,-4.932952880859375,-3.36810302734375
2018-12-27,18,3,295.5553283691406,289.6513061523437,-1.604278564453125,-0.54559326171875,56.0,91603.53125,267.9800720214844,280.0632019042969,291.9988708496094,0.0001644751610001,0.0080323964357376,0.0111480988562107,-0.511749267578125,3.235824584960937,-1.9735565185546875,0.928924560546875,-1.209442138671875,-5.628097534179688
2018-12-28,0,0,292.4280700683594,289.59442138671875,-1.4857177734375,1.0343170166015625,7.25,91583.71875,268.0982971191406,280.58514404296875,290.3540344238281,0.0001558482908876,0.0043306648731231,0.0114663243293762,3.4732208251953125,3.405014038085937,-2.0249481201171875,-0.8651885986328125,-0.1800994873046875,-0.44781494140625
2018-12-28,6,1,299.2117919921875,289.71441650390625,-1.7555694580078125,-0.0642242431640625,11.625,91662.171875,268.41583251953125,280.1983642578125,290.4307861328125,0.0001140505482908,0.0065390616655349,0.0116842873394489,3.684539794921875,2.123291015625,-2.2501983642578125,-2.2823486328125,0.384796142578125,-0.3414764404296875
2018-12-28,12,2,299.5595092773437,290.40216064453125,-2.1178131103515625,1.0337677001953125,102.75,91478.359375,268.8436279296875,280.1334533691406,292.6737060546875,0.0002172154199797,0.0072660483419895,0.0113872736692428,5.0652923583984375,3.086883544921875,-2.398056030273437,-3.0543212890625,-2.6902618408203125,-0.1120758056640625
2018-12-28,18,3,294.1748046875,290.63623046875,-2.242156982421875,-0.01641845703125,18.75,91698.515625,269.79327392578125,280.26519775390625,289.2142333984375,0.0001228547189384,0.0067871175706386,0.0120746418833732,3.185302734375,4.3582611083984375,-4.5025177001953125,-3.0598907470703125,-0.0941009521484375,1.467498779296875
2018-12-29,0,0,293.8403625488281,291.7071533203125,-2.913665771484375,0.9730377197265624,80.125,91683.4375,269.217529296875,279.467529296875,289.0074157714844,0.0001344825868727,0.0078864991664886,0.0116000473499298,2.98272705078125,4.2950439453125,-3.659942626953125,-3.805984497070313,0.54345703125,1.683868408203125
2018-12-29,6,1,296.3118896484375,289.7997741699219,-2.9746856689453125,0.8850555419921875,30.625,91936.609375,269.90460205078125,280.03277587890625,287.92303466796875,0.0001485740212956,0.0057610012590885,0.0116493701934814,2.0396728515625,1.970611572265625,-5.392593383789063,-3.711029052734375,-1.0701751708984375,0.863555908203125
2018-12-29,12,2,297.94879150390625,288.7118835449219,-2.1969757080078125,-0.164642333984375,23.875,91713.15625,270.27801513671875,279.6620788574219,290.8100891113281,0.0001595120265847,0.0064747594296932,0.0110296867787837,1.2166595458984375,1.94964599609375,-4.367111206054688,-4.5642852783203125,-2.38751220703125,-0.383514404296875
2018-12-29,18,3,293.6371154785156,289.5342102050781,-3.676605224609375,0.4469146728515625,8.875,91878.859375,271.5946044921875,281.6182861328125,287.7371520996094,0.0001329283550148,0.0020969011820852,0.0115721635520458,-0.18670654296875,1.60931396484375,-7.545791625976562,-3.36834716796875,-3.7255706787109375,-1.243804931640625
2018-12-30,0,0,292.0453186035156,288.68719482421875,-3.431121826171875,0.78741455078125,58.375,91891.234375,270.2838134765625,281.64703369140625,287.5854187011719,0.0001417791354469,0.0011135195381939,0.0108764506876468,0.2883758544921875,-1.10064697265625,-7.1268463134765625,-3.212249755859375,-5.562515258789063,0.194915771484375
2018-12-30,6,1,296.8360290527344,286.29901123046875,-3.0885162353515625,-0.6975555419921875,0.375,92057.90625,269.660400390625,283.0371398925781,287.8623046875,0.0001753669057507,0.000134012181661,0.0098234191536903,-0.0468902587890625,-5.51409912109375,-5.221893310546875,-5.197509765625,-3.979522705078125,-1.38739013671875
2018-12-30,12,2,298.6020202636719,285.30474853515625,-1.2552032470703125,-0.825164794921875,0.0,91826.15625,269.68170166015625,283.8345642089844,291.1778564453125,0.0001757665886543,0.0001980360539164,0.0076724402606487,-0.4058990478515625,-3.90472412109375,-3.2733154296875,-5.0517578125,-3.7036285400390634,-1.762847900390625
2018-12-30,18,3,292.3936462402344,286.75653076171875,-3.121444702148437,-0.33868408203125,0.0,92025.5625,269.541015625,284.860595703125,287.6578674316406,0.0001712096127448,0.0001781166356522,0.0093801170587539,-1.356170654296875,-7.053482055664063,-6.3951263427734375,-4.65667724609375,-3.982101440429688,-1.1159210205078125
2018-12-31,0,0,290.6733093261719,289.16973876953125,-2.8551483154296875,-0.0106201171875,0.0,91996.765625,268.929931640625,283.8973083496094,287.4090881347656,0.0001620243274373,0.0001614284119568,0.0079871639609336,-2.6202392578125,-7.1914825439453125,-4.265716552734375,-4.242477416992188,-4.18231201171875,-2.85980224609375
2018-12-31,6,1,297.032958984375,285.3853454589844,-2.2377166748046875,-0.8871002197265625,0.0,92194.046875,268.8767395019531,283.5065612792969,287.634765625,0.0001624138676561,0.0002038907114183,0.0081353187561035,-4.5826568603515625,-7.4024658203125,-3.208892822265625,-5.1124267578125,-3.4490203857421875,-1.4078521728515625
2018-12-31,12,2,298.432861328125,283.7636108398437,-1.6390228271484375,-0.8846282958984375,0.0,91909.921875,268.66912841796875,283.4339904785156,291.2945556640625,0.0001619896647753,0.0003244599793106,0.0065206363797187,-4.9783477783203125,-5.3714447021484375,-3.8853759765625,-2.889984130859375,-4.6649017333984375,-2.172958374023437
2018-12-31,18,3,291.2374267578125,283.54461669921875,-2.371612548828125,-1.0339202880859375,0.0,92081.421875,268.4442138671875,283.59149169921875,288.6394348144531,0.0001472700823796,0.0004748988430947,0.0071702823042869,-4.232101440429688,-5.812179565429688,-5.20745849609375,-0.7368316650390625,-3.3885040283203125,-1.0337982177734375
2019-01-01,0,0,288.53143310546875,286.01983642578125,-1.9718017578125,-0.3335418701171875,0.0,92034.15625,268.328125,283.1601867675781,287.6161499023437,0.0001404734357492,0.0006346402224153,0.0046110749244689,-1.571075439453125,-5.010498046875,-4.244155883789063,-2.830841064453125,-5.533370971679688,-4.65576171875
2019-01-01,6,1,296.83575439453125,279.26690673828125,-3.1123199462890625,-1.806671142578125,0.0,92174.703125,268.0942077636719,283.2826538085937,288.1496276855469,0.0001631407649256,0.0005109149497002,0.0048666968941688,-1.47442626953125,-6.0773773193359375,-5.1804962158203125,-3.989013671875,-6.5994873046875,-2.93389892578125
2019-01-01,12,2,298.49859619140625,277.64825439453125,-1.9381866455078125,-0.6887969970703125,0.0,91896.421875,268.9600830078125,283.9129638671875,292.2891845703125,0.0001487621775595,0.0004977169446647,0.003669291967526,-1.304351806640625,-6.5977935791015625,-5.5628204345703125,-4.688156127929688,-7.0576019287109375,-2.2705230712890625
2019-01-01,18,3,290.1785888671875,281.09112548828125,-2.8778076171875,-0.029510498046875,0.0,92083.890625,269.0379943847656,284.70916748046875,289.3607788085937,0.0001472505246056,0.0004883036017417,0.0049576573073863,-0.7603759765625,-8.899932861328125,-5.039154052734375,-3.9802093505859375,-7.323577880859375,-2.441390991210937
2019-01-02,0,0,287.57373046875,285.51837158203125,-2.376708984375,-0.544891357421875,0.0,92023.40625,269.2259521484375,284.44195556640625,290.52984619140625,0.0001306843041675,0.0005141092697158,0.0006370693445205,0.5654296875,-8.300140380859375,-11.885360717773438,-7.979568481445312,-6.495147705078125,-2.417022705078125
2019-01-02,6,1,297.3671875,278.447265625,-4.22869873046875,-0.3475189208984375,0.0,92170.296875,269.0145568847656,283.7650146484375,288.4511108398437,0.0002532294020056,0.0005421757232397,0.0047771446406841,-2.049560546875,-9.222366333007812,-8.250778198242188,-6.9298248291015625,-5.3690185546875,-1.2144775390625
2019-01-02,12,2,298.6351013183594,279.4037475585937,-2.9931793212890625,-0.083526611328125,0.0,91953.8125,269.5292663574219,283.7137756347656,291.6127014160156,0.0001206561864819,0.0004644463770091,0.005229402333498,-2.889266967773437,-8.165191650390625,-7.313125610351562,-7.231765747070312,-6.558013916015625,-1.4357757568359375
2019-01-02,18,3,290.2185363769531,282.9378967285156,-2.796142578125,0.18328857421875,0.0,92181.125,269.25927734375,284.1569519042969,288.9091796875,8.111330680549145e-05,0.0003764845896512,0.0058081336319446,-3.331512451171875,-8.803146362304688,-6.6689453125,-9.549148559570312,-5.972183227539063,-1.4188079833984375
2019-01-03,0,0,287.6370849609375,285.7980651855469,-2.0517578125,-0.0737457275390625,0.0,92103.21875,269.08935546875,283.0848999023437,290.06951904296875,0.0002372173330513,0.0003862541634589,0.0013906203676015,-2.161102294921875,-9.652023315429688,-11.647186279296877,-8.593017578125,-5.920379638671875,-1.5342559814453125
2019-01-03,6,1,298.227294921875,276.8138732910156,-4.05419921875,0.0276641845703125,0.0,92260.265625,267.438720703125,284.1376953125,289.0792236328125,0.00029808585532,0.0004116825293749,0.0041687823832035,-3.2694549560546875,-11.091995239257812,-7.94549560546875,-8.202529907226562,-3.0452423095703125,-0.444305419921875
2019-01-03,12,2,299.1376647949219,278.93035888671875,-2.435882568359375,-0.2504425048828125,0.0,91975.84375,268.00146484375,283.2744140625,292.6889038085937,0.0003258804790675,0.000455389264971,0.0043852515518665,-3.1087188720703125,-9.146957397460938,-6.6629486083984375,-8.58770751953125,-2.0553436279296875,-1.7379302978515625
2019-01-03,18,3,290.5640869140625,281.52294921875,-2.859725952148437,0.34210205078125,0.0,92117.984375,268.24560546875,284.76043701171875,290.12066650390625,0.0004358699079602,0.0003721534740179,0.0052416659891605,-5.154449462890625,-7.462112426757812,-6.659759521484375,-6.30059814453125,-4.386734008789063,-2.24365234375
2019-01-04,0,0,287.9862670898437,285.2671203613281,-2.272430419921875,-0.7179107666015625,0.0,92019.34375,268.24053955078125,285.74444580078125,289.68902587890625,0.0003527901135385,0.000478739850223,0.0023010990116745,-3.2487945556640625,-7.681304931640625,-10.50018310546875,-3.17657470703125,-3.3042755126953125,-4.282806396484375
2019-01-04,6,1,298.7146301269531,277.9969482421875,-4.6966552734375,-1.1733856201171875,0.0,92177.875,268.1449584960937,285.1903076171875,289.54669189453125,0.0003140292828902,0.0005314184818416,0.0049883872270584,-2.65240478515625,-9.1973876953125,-7.819427490234375,-4.356964111328125,-2.600616455078125,-2.3771514892578125
2019-01-04,12,2,299.15606689453125,280.9058532714844,-3.099578857421875,-0.115875244140625,0.0,91903.421875,268.37872314453125,284.81256103515625,292.29400634765625,0.000300598796457,0.0006851870566606,0.0058181919157505,-1.9606170654296875,-9.80096435546875,-7.297195434570312,-2.045074462890625,-3.704147338867188,-1.16607666015625
2019-01-04,18,3,290.8210754394531,283.9666748046875,-2.778594970703125,0.1942138671875,0.0,92075.03125,268.310791015625,284.6405334472656,289.95916748046875,0.0003064933698624,0.001199539983645,0.005182399880141,-1.6553955078125,-12.004318237304688,-6.0621490478515625,-1.912200927734375,-3.373046875,-0.9125518798828124
2019-01-05,0,0,288.1703796386719,285.0733337402344,-2.173736572265625,-0.2634429931640625,0.0,91937.0625,267.97528076171875,284.1951904296875,290.2936096191406,0.0003928302321583,0.0013439324684441,0.0014844809193164,-0.0017242431640625,-10.045654296875,-8.64508056640625,-2.476058959960937,-0.995941162109375,0.717681884765625
2019-01-05,6,1,297.7052001953125,279.0732116699219,-3.457305908203125,0.02191162109375,0.0,92032.96875,267.6425170898437,284.6007080078125,288.8750915527344,0.0004599385429173,0.0013484440278261,0.0052638910710811,-1.029510498046875,-7.686309814453125,-5.8366241455078125,-0.85650634765625,-0.7594757080078125,-0.3761138916015625
2019-01-05,12,2,299.0663452148437,282.9805908203125,-2.052459716796875,0.4051513671875,0.0,91736.75,267.8714294433594,284.70904541015625,292.288330078125,0.0003832473885267,0.0014004337135702,0.0063000656664371,-0.51513671875,-4.7007598876953125,-4.916061401367188,0.1468048095703125,-0.96148681640625,-0.12030029296875
2019-01-05,18,3,291.1780090332031,285.30767822265625,-2.7716522216796875,0.88824462890625,0.0,91932.53125,268.3489074707031,284.72857666015625,289.8121643066406,0.0003091790713369,0.001129207201302,0.0077129229903221,1.13055419921875,-4.0014495849609375,-2.732086181640625,2.829833984375,-4.4598541259765625,0.91778564453125
2019-01-06,0,0,289.5361328125,287.95660400390625,-2.315032958984375,-0.611053466796875,0.125,91762.546875,267.123291015625,284.79559326171875,291.276611328125,0.0003709129523485,0.0009026613552123,0.0047073671594262,4.643951416015625,-4.43218994140625,-3.086273193359375,-2.95184326171875,-2.928192138671875,-2.10809326171875
2019-01-06,6,1,297.5687255859375,279.4862060546875,-2.62188720703125,-0.37091064453125,0.0,91886.875,267.60009765625,285.0025634765625,289.1494140625,0.0003700526431202,0.000740376766771,0.0056810826063156,4.683349609375,-3.3825225830078125,-4.1221466064453125,-1.1050262451171875,-3.4345245361328125,-1.13519287109375
2019-01-06,12,2,299.112060546875,283.57061767578125,-1.5948333740234375,0.22772216796875,0.0,91646.296875,268.7498779296875,284.4342956542969,293.0431823730469,0.0003463393077254,0.0008464674465358,0.005169540643692,8.273818969726562,-2.2691650390625,-3.7447357177734375,0.77276611328125,-3.5418701171875,-0.4817352294921875
2019-01-06,18,3,290.9685974121094,285.5054931640625,-3.0205535888671875,0.4716949462890625,0.0,91828.15625,267.74151611328125,283.7802124023437,290.1000061035156,0.0003705481067299,0.0008483699057251,0.0074961744248867,12.109909057617188,-3.936431884765625,-3.533172607421875,-0.8390045166015625,-3.92889404296875,0.0634765625
2019-01-07,0,0,289.3026733398437,287.841552734375,-2.5170440673828125,-0.632293701171875,0.0,91698.015625,268.2514343261719,283.27008056640625,290.87652587890625,0.0002371592563576,0.0008023383561521,0.0049092876724898,15.959396362304688,-3.4231719970703125,-4.409194946289063,-5.492919921875,-3.26953125,-4.8701171875
2019-01-07,6,1,297.418701171875,283.4837646484375,-2.5326080322265625,-0.4779052734375,0.0,91848.4375,267.8011474609375,283.97637939453125,288.7391967773437,0.0003365676384419,0.0007368307560682,0.0065059289336204,9.63543701171875,-0.837890625,-4.24273681640625,-11.6904296875,-2.9034881591796875,-1.279205322265625
2019-01-07,12,2,299.1075134277344,282.0684814453125,-1.667938232421875,-0.41900634765625,0.0,91597.21875,269.0025634765625,283.4525146484375,293.61260986328125,0.0003493402618914,0.0007357298163697,0.0051249414682388,6.8287200927734375,0.2103271484375,-4.5855255126953125,-15.1708984375,-3.176864624023437,-1.5445709228515625
2019-01-07,18,3,292.078857421875,284.19683837890625,-2.447509765625,-0.51953125,0.0,91833.515625,268.6837463378906,282.941162109375,289.89794921875,0.0003006933256983,0.0004831999540328,0.0082883685827255,1.29644775390625,-1.9649505615234373,-5.5951995849609375,-11.143051147460938,-3.810791015625,0.764984130859375
2019-01-08,0,0,288.5252685546875,287.02886962890625,-1.8299713134765625,-0.6226043701171875,0.0,91761.0625,269.5950927734375,282.7567138671875,289.99920654296875,0.0002571865916252,0.0002505513839423,0.0044894190505146,-3.757156372070313,-3.3589019775390625,-3.346710205078125,-8.941665649414062,-4.793792724609375,-4.2867279052734375
2019-01-08,6,1,298.4118957519531,281.6163330078125,-2.947174072265625,-2.5989532470703125,0.0,91912.640625,269.37091064453125,283.09881591796875,290.7567138671875,0.0004865927621722,0.0004386741202324,0.0051751807332038,-3.38897705078125,-4.8340911865234375,-4.4725494384765625,-6.773193359375,-4.7239837646484375,-3.988113403320313
2019-01-08,12,2,299.4027404785156,280.7886047363281,-1.782012939453125,-1.2323150634765625,0.0,91588.640625,269.0888061523437,283.9581298828125,293.7222900390625,0.0009611437562853,0.0006902480963617,0.0047838073223829,-3.3670196533203125,-4.3280792236328125,-5.003753662109375,-11.033462524414062,-3.4868927001953125,-3.2545623779296875
2019-01-08,18,3,291.27813720703125,280.703369140625,-2.9195098876953125,0.343597412109375,0.0,91802.9375,268.9408264160156,284.794921875,290.16387939453125,0.0005550039932131,0.000663046259433,0.0063682049512863,-5.6462249755859375,-6.263931274414063,-6.445343017578125,-14.16888427734375,-2.581878662109375,-0.273773193359375
2019-01-09,0,0,288.0600280761719,285.930419921875,-1.9143524169921875,-0.3905029296875,0.0,91734.046875,269.3653259277344,283.560302734375,290.40234375,0.0004015968006569,0.0006810582708567,0.0055627822875976,-3.7468109130859375,-5.588836669921875,-4.400314331054688,-12.396896362304688,-3.389068603515625,-3.925384521484375
2019-01-09,6,1,298.96588134765625,281.3837280273437,-3.25115966796875,-1.312042236328125,0.0,91902.21875,268.884521484375,283.62451171875,290.97802734375,0.000425377395004,0.0008179089054465,0.0055898688733577,-4.1447296142578125,-5.824462890625,-5.2066497802734375,-10.009780883789062,-3.317474365234375,-2.2197265625
2019-01-09,12,2,300.08770751953125,279.5501708984375,-1.789794921875,0.028472900390625,0.0,91607.109375,269.000244140625,284.38104248046875,294.453369140625,0.0003965643700212,0.0009820584673434,0.0037973613943904,-5.470428466796875,-3.83111572265625,-4.925262451171875,-8.6099853515625,-4.667160034179688,-0.71923828125
2019-01-09,18,3,290.66571044921875,277.7748718261719,-3.23895263671875,0.3598480224609375,0.0,91806.59375,268.4748840332031,285.0948486328125,291.4306335449219,0.000456869835034,0.0008315767627209,0.0049191862344741,-6.6737060546875,-5.63397216796875,-5.09686279296875,-8.364547729492188,-1.995880126953125,-0.0061492919921875
2019-01-10,0,0,288.67919921875,285.81329345703125,-2.172607421875,0.1745452880859375,0.0,91710.984375,268.10845947265625,285.19110107421875,291.0272216796875,0.0004808935336768,0.0008604922331869,0.0044204890727996,-4.6014251708984375,-4.9715118408203125,-4.61260986328125,-7.760498046875,-1.92791748046875,-2.806304931640625
2019-01-10,6,1,298.7003173828125,278.6431579589844,-2.96905517578125,-0.807830810546875,0.0,91848.4375,268.0966186523437,285.40972900390625,290.8621520996094,0.0002633805852383,0.0008217056747525,0.0048823468387126,-7.0465850830078125,-4.336761474609375,-4.827117919921875,-7.24212646484375,-2.03277587890625,-1.746368408203125
2019-01-10,12,2,299.8968505859375,280.38970947265625,-1.74896240234375,0.2870025634765625,0.0,91568.609375,268.61846923828125,284.94677734375,294.5167236328125,0.0001902043150039,0.0007820311002433,0.0041839703917503,-8.050979614257812,-1.3713836669921875,-4.4244232177734375,-4.913177490234375,-4.940399169921875,-0.2736358642578125
2019-01-10,18,3,291.6996459960937,283.8404235839844,-3.355224609375,0.7659759521484375,0.0,91822.15625,268.9749755859375,284.5841064453125,291.1400756835937,0.0001528089924249,0.0007210520561784,0.0064970403909683,-7.339324951171875,-5.1295166015625,-4.0511474609375,-5.386566162109375,-2.1359405517578125,2.128265380859375
2019-01-11,0,0,290.07769775390625,288.8270263671875,-3.079574584960937,0.9276275634765624,0.0,91772.1875,268.74908447265625,285.1429138183594,290.75048828125,0.0001475134049542,0.0006843204610049,0.0058730840682983,-5.13916015625,-3.92510986328125,-2.640289306640625,-6.1716156005859375,-1.9884490966796875,0.863128662109375
2019-01-11,6,1,297.8329467773437,283.76275634765625,-1.2674560546875,-0.574554443359375,0.0,91942.234375,268.7294311523437,283.7948608398437,289.6044006347656,0.0001613927015569,0.0007647306192666,0.0065482668578624,-7.267745971679687,-4.014907836914063,-1.861663818359375,-3.7590179443359375,-1.0067596435546875,-1.7645263671875
2019-01-11,12,2,300.11962890625,288.1600341796875,-1.225006103515625,0.238739013671875,0.0,91655.09375,267.890380859375,283.5841369628906,294.02685546875,0.000150872816448,0.000682249199599,0.0050939545035362,-5.58673095703125,-1.6973876953125,-1.8255462646484373,-1.6285400390625,-2.685653686523437,-0.600128173828125
2019-01-11,18,3,292.1576538085937,285.77069091796875,-3.2433319091796875,0.74169921875,0.0,91906.40625,268.14141845703125,284.54498291015625,290.3472595214844,0.0001592162734596,0.0005831345915794,0.0079559199512004,-5.031494140625,-5.104522705078125,-2.9825439453125,-3.5091094970703125,0.4389190673828125,4.062744140625
2019-01-12,0,0,290.341064453125,288.7880249023437,-2.8501434326171875,0.7088623046875,0.0,91755.5,267.50750732421875,284.37255859375,290.1732788085937,0.0001771820243448,0.0006403150036931,0.0074321702122688,-5.2018890380859375,-2.1100006103515625,-1.3197174072265625,-3.005401611328125,-0.8031158447265625,0.7058563232421875
2019-01-12,6,1,298.014404296875,284.4794616699219,-2.4062042236328125,-0.2460784912109375,0.0,91920.40625,267.5951843261719,284.2545166015625,289.54510498046875,0.000207948469324,0.0006270231679081,0.0080496929585933,-5.274826049804688,-3.325592041015625,-3.4752197265625,-2.832138061523437,0.546234130859375,-0.8707733154296875
2019-01-12,12,2,299.5436096191406,284.09686279296875,-1.2349395751953125,-0.360382080078125,0.0,91659.28125,268.06744384765625,284.1088256835937,293.3168029785156,0.0002175543049816,0.0006230687722563,0.006136916577816,-5.0086822509765625,-0.7187957763671875,-2.9641876220703125,0.343902587890625,0.5192718505859375,-1.186676025390625
2019-01-12,18,3,292.0764465332031,284.5484924316406,-3.4685211181640625,0.9161224365234376,0.0,91891.984375,268.2718505859375,284.61090087890625,289.89520263671875,0.0002051125047728,0.0005585199687629,0.0074782371520996,-3.522247314453125,-4.0496978759765625,-5.2120208740234375,0.8322601318359375,0.62353515625,2.455902099609375
2019-01-13,0,0,289.7284545898437,288.01971435546875,-3.256622314453125,0.3616790771484375,0.0,91829.578125,267.9268493652344,284.01812744140625,289.9738464355469,0.0001839987671701,0.0005466295406222,0.0070529356598854,-2.8811492919921875,-0.010772705078125,-3.504180908203125,0.041259765625,1.0270233154296875,-1.94012451171875
2019-01-13,6,1,298.4435119628906,284.13232421875,-1.86456298828125,-0.8923797607421875,0.0,91990.015625,267.63739013671875,283.7266845703125,290.08453369140625,0.0001935492909979,0.000562076922506,0.0073509141802787,-3.128692626953125,0.761932373046875,-2.630859375,0.3683929443359375,-0.2132110595703125,-1.8968658447265625
2019-01-13,12,2,299.89605712890625,287.90380859375,-1.3656005859375,0.0014801025390625,0.0,91623.5625,267.25518798828125,283.8062744140625,293.99462890625,0.0002419125084998,0.0005470174364745,0.0058521293103694,-3.105438232421875,1.0757904052734375,-1.9546356201171875,1.5209503173828125,-1.8190155029296875,-0.5805816650390625
2019-01-13,18,3,291.92645263671875,283.0859069824219,-2.619842529296875,-0.0220794677734375,0.0,91839.40625,267.46807861328125,284.84930419921875,290.8365478515625,0.0002418361254967,0.0002969061024487,0.0064550824463367,0.1341094970703125,-4.192062377929688,-3.375885009765625,0.2837371826171875,-1.5703277587890625,1.785888671875
2019-01-14,0,0,289.87579345703125,288.4476623535156,-2.647003173828125,-0.3651885986328125,0.0,91718.546875,267.0712890625,284.259521484375,289.6196594238281,0.0002395583869656,0.000374942086637,0.0077248252928256,1.262786865234375,0.4703521728515625,-2.4098358154296875,-0.2728118896484375,-0.42437744140625,-3.544342041015625
2019-01-14,6,1,298.03326416015625,283.9398193359375,-2.296005249023437,-1.9639739990234373,0.0,91867.671875,267.36590576171875,284.4870910644531,290.0820617675781,0.0002241505717393,0.0002853935584425,0.0072207413613796,2.173736572265625,-1.189697265625,-3.3043975830078125,-2.3384246826171875,-1.383270263671875,-3.2063751220703125
2019-01-14,12,2,299.69598388671875,281.0340576171875,-1.2853546142578125,-0.4373931884765625,0.0,91598.734375,267.111328125,283.8430480957031,293.74072265625,0.0002907940652221,0.0002774067688733,0.0048524253070354,3.0326080322265625,-0.4739990234375,-2.9286651611328125,-4.1251068115234375,-1.974334716796875,-0.9306182861328124
2019-01-14,18,3,291.4482727050781,282.1884765625,-3.716232299804688,-0.136260986328125,0.0,91857.03125,266.87896728515625,284.4666442871094,289.6854553222656,0.0004092885646969,0.0002575499238446,0.0067044794559478,3.017974853515625,-4.611419677734375,-7.2634429931640625,-5.629409790039063,-2.330780029296875,1.16619873046875
2019-01-15,0,0,288.535888671875,282.13848876953125,-1.7253875732421875,-1.4787750244140625,0.0,91783.78125,265.544677734375,284.4141845703125,289.8753662109375,0.0006131515838205,0.0002359240606892,0.0042301649227738,-0.032623291015625,-3.227386474609375,-3.143173217773437,-4.4654693603515625,-0.3627471923828125,-4.30438232421875
2019-01-15,6,1,298.3548583984375,272.92529296875,-3.84588623046875,-1.53118896484375,0.0,91959.875,265.6688842773437,283.999755859375,290.38482666015625,0.0003570888657122,0.0002644776541274,0.0024996590800583,-3.988555908203125,-2.714508056640625,-6.2836456298828125,-2.878204345703125,-0.5245513916015625,-2.3211212158203125
2019-01-15,12,2,298.83575439453125,278.40313720703125,-1.687713623046875,-0.2217864990234375,0.0,91688.390625,266.76104736328125,283.43463134765625,292.88983154296875,0.0001274299720535,0.0002712958957999,0.0033947904594242,-3.29522705078125,0.1531829833984375,-4.4334869384765625,0.35821533203125,-0.3163909912109375,-0.8337554931640625
2019-01-15,18,3,290.87713623046875,282.3192443847656,-3.77655029296875,0.0204315185546875,0.0,91940.484375,267.2565002441406,284.132568359375,288.94158935546875,6.419078272301704e-05,0.0003545375075191,0.0067727342247962,-2.0430450439453125,-3.5752410888671875,-7.9902496337890625,0.7692718505859375,-2.1805572509765625,-1.1931304931640625
2019-01-16,0,0,289.1415710449219,284.8701477050781,-2.583847045898437,-0.32830810546875,0.0,91837.875,267.643798828125,284.214111328125,288.5029296875,4.233092477079481e-05,0.0004292083904147,0.0050441697239875,-2.810897827148437,-2.6272125244140625,-6.3648834228515625,0.3819732666015625,-2.2964324951171875,-3.7716064453125
2019-01-16,6,1,297.73651123046875,280.4662475585937,-3.33203125,-0.4886627197265625,0.0,91963.390625,267.98114013671875,283.9868469238281,289.82720947265625,3.4842159948311746e-05,0.000457372283563,0.0044485740363597,-1.9044647216796875,-5.209396362304688,-5.2182464599609375,-1.0001983642578125,-3.542938232421875,-0.85333251953125
2019-01-16,12,2,299.446044921875,282.2564392089844,-1.66033935546875,0.2921295166015625,0.0,91627.0,267.466552734375,283.97479248046875,293.4852905273437,3.907545760739595e-05,0.0005315032321959,0.0046512559056282,-0.0635833740234375,-3.972854614257813,-4.2005157470703125,-0.2672882080078125,-3.7547607421875,0.058685302734375
2019-01-16,18,3,291.28094482421875,284.83709716796875,-3.275787353515625,0.09539794921875,0.0,91867.046875,268.19891357421875,284.30523681640625,289.5879821777344,3.435274993535131e-05,0.0005242675542831,0.0077780969440937,0.194366455078125,-3.953338623046875,-5.17376708984375,0.32177734375,-2.108123779296875,0.7831268310546875
2019-01-17,0,0,289.5325622558594,287.0575256347656,-2.1139373779296875,-0.1256103515625,0.0,91704.9375,267.45819091796875,283.5283203125,289.2596435546875,3.7496574805118144e-05,0.0006278636865317,0.0073942579329013,1.188568115234375,-1.201507568359375,-3.966064453125,-2.5567779541015625,-3.0844879150390625,-5.792739868164063
2019-01-17,6,1,298.24578857421875,284.76690673828125,-3.245391845703125,-1.7362823486328125,0.0,91848.78125,267.32403564453125,283.4116516113281,289.8515319824219,0.0001383668859489,0.0007475945167243,0.0078698843717575,1.4303741455078125,0.1104888916015625,-5.031768798828125,-2.367095947265625,-3.924972534179688,-3.1057586669921875
2019-01-17,12,2,299.9799194335937,282.7976379394531,-1.8673553466796875,-0.5265350341796875,0.0,91516.328125,267.588623046875,281.92779541015625,293.726318359375,0.0003546818625181,0.001313125481829,0.0058992281556129,3.28973388671875,-1.0938720703125,-4.4113311767578125,-3.218353271484375,-5.025161743164063,-1.810577392578125
2019-01-17,18,3,292.29736328125,285.74200439453125,-3.136459350585937,0.5039520263671875,0.0,91789.796875,267.24957275390625,282.76806640625,289.89129638671875,0.0002621046733111,0.0013243090361356,0.0086605846881866,3.101837158203125,-5.2516937255859375,-6.1378173828125,-3.098297119140625,-4.5787506103515625,0.9058074951171876
2019-01-18,0,0,290.9161376953125,289.0677490234375,-2.35882568359375,0.1395263671875,1.375,91691.15625,266.0824890136719,282.3804016113281,290.02752685546875,0.0001609484315849,0.0013234713114798,0.007071504369378,1.4965972900390625,-5.44219970703125,-4.541763305664063,-5.88970947265625,-1.990264892578125,-5.695480346679688
2019-01-18,6,1,298.4589538574219,285.10791015625,-3.276351928710937,-1.816802978515625,0.0,91862.671875,265.2771301269531,283.5907287597656,289.91900634765625,0.0001717905834084,0.0009780821856111,0.0076299682259559,-1.130401611328125,-5.820358276367188,-5.19537353515625,-6.1196136474609375,-2.064605712890625,-3.09967041015625
2019-01-18,12,2,299.9848022460937,283.5584716796875,-2.752792358398437,-0.607696533203125,0.0,91569.640625,264.95135498046875,283.0225830078125,293.1357116699219,0.0001949171855812,0.0008562400471419,0.00601377338171,-1.4751129150390625,-4.94793701171875,-5.560699462890625,-3.57696533203125,-4.60589599609375,-1.89947509765625
2019-01-18,18,3,291.88897705078125,284.5551147460937,-2.9963531494140625,0.4538726806640625,0.0,91854.03125,266.32861328125,283.4503173828125,289.5994873046875,0.0001822810008889,0.000328711932525,0.0079230293631553,1.9168548583984373,-6.7679595947265625,-6.713546752929688,-2.4715576171875,-6.727508544921875,-1.1480865478515625
2019-01-19,0,0,288.84228515625,286.8899841308594,-1.834930419921875,-0.545166015625,0.0,91757.4375,265.2352905273437,282.5248718261719,290.1099853515625,0.000222766684601,0.0003931035753339,0.002530523110181,3.813400268554688,-7.0263214111328125,-8.581817626953125,-5.181900024414063,-5.368911743164063,-3.8768463134765625
2019-01-19,6,1,298.7864990234375,277.52105712890625,-3.465301513671875,-1.3359832763671875,0.0,91959.8125,265.62677001953125,282.3047790527344,290.3548278808594,0.0002662183251231,0.0006543656345456,0.0041864514350891,0.5731048583984375,-9.501052856445312,-6.0111236572265625,-4.695709228515625,-3.761444091796875,-2.18609619140625
2019-01-19,12,2,300.179443359375,278.3081970214844,-1.9632720947265625,-0.4437103271484375,0.0,91632.703125,266.42401123046875,281.6318359375,293.9401550292969,0.0002005200221901,0.0005902179982513,0.0038109584711492,-0.761016845703125,-8.252410888671875,-5.007339477539063,-4.461761474609375,-2.12091064453125,-1.4802093505859375
2019-01-19,18,3,292.0757751464844,284.3108825683594,-3.434310913085937,0.4022674560546875,0.0,91955.421875,267.9630126953125,282.8407287597656,289.35369873046875,0.0001559636002639,0.0005484684370458,0.0076576545834541,-0.1670989990234375,-10.554092407226562,-7.387969970703125,-0.0001220703125,-3.4375762939453125,-1.0550689697265625
2019-01-20,0,0,288.9877624511719,286.13348388671875,-2.151962280273437,-0.5474395751953125,0.0,91893.734375,267.8094482421875,282.323974609375,289.10369873046875,0.0001475377066526,0.0007266253232955,0.0041024088859558,2.9295806884765625,-9.284271240234377,-6.259552001953125,-0.0553741455078125,-2.3281402587890625,-3.736480712890625
2019-01-20,6,1,298.087646484375,279.5995483398437,-3.5050048828125,-1.3472137451171875,0.0,92074.9375,267.831787109375,282.3282165527344,289.9324645996094,0.00014732289128,0.0006720824167132,0.0047161299735307,1.5931549072265625,-8.283355712890625,-5.620025634765625,-2.604034423828125,-2.01959228515625,-2.214508056640625
2019-01-20,12,2,299.3719177246094,280.3721923828125,-2.5463409423828125,0.49420166015625,0.0,91713.328125,268.0443725585937,282.00360107421875,293.0452575683594,0.0001430832489859,0.0006121185142546,0.0047313272953033,5.3219757080078125,-6.804412841796875,-5.970962524414063,-2.408294677734375,-1.061248779296875,0.17401123046875
2019-01-20,18,3,291.97491455078125,284.7625732421875,-2.9968414306640625,0.588043212890625,0.0,91988.203125,267.3040771484375,282.5347900390625,289.85906982421875,0.0001513286551926,0.0005438227672129,0.0068547502160072,4.2925567626953125,-6.99017333984375,-4.8838958740234375,-1.8971710205078125,1.715911865234375,0.4239501953125
2019-01-21,0,0,288.9032592773437,287.5016784667969,-2.0185546875,-0.201690673828125,0.0,91786.390625,267.7622375488281,283.163818359375,291.4154663085937,0.0001644142757868,0.0004982966929674,0.0008030086755752,5.01397705078125,-2.319000244140625,-6.3722686767578125,-1.7884979248046875,1.90057373046875,0.64544677734375
2019-01-21,6,1,297.8983764648437,277.26593017578125,-2.619857788085937,0.83563232421875,0.0,91962.40625,269.0311889648437,283.2540588378906,290.371337890625,0.000146339967614,0.0004335273988544,0.0033311776351183,8.728363037109375,-0.71990966796875,-4.803131103515625,-4.9960784912109375,1.9282379150390625,1.36834716796875
2019-01-21,12,2,299.2685852050781,278.421630859375,-1.621917724609375,1.2294158935546875,0.0,91627.765625,271.23956298828125,281.5899658203125,293.13360595703125,0.0002547182084526,0.0004936268087476,0.0034977798350155,9.830230712890623,1.5276336669921875,-3.784347534179688,-8.056976318359375,0.221649169921875,2.4185333251953125
2019-01-21,18,3,291.4568786621094,283.5736694335937,-3.1375885009765625,1.68377685546875,0.0,91861.1875,270.2059936523437,282.6337280273437,290.4658203125,0.0003230373840779,0.0003996272571384,0.0048996917903423,10.257278442382812,-0.09674072265625,-3.122161865234375,-7.0638580322265625,1.7398681640625,4.861968994140625
2019-01-22,0,0,288.3873291015625,286.529052734375,-1.8576202392578125,0.997222900390625,0.0,91708.25,270.1273193359375,283.53350830078125,290.2670288085937,0.0004218232352286,0.0003744189161807,0.0037136240862309,11.75787353515625,1.0063934326171875,0.6509552001953125,-8.105972290039062,1.220703125,2.9580535888671875
2019-01-22,6,1,297.07305908203125,283.347412109375,0.4625396728515625,0.6806182861328125,0.0,91923.734375,269.8729248046875,282.6337585449219,288.9849853515625,0.000425937352702,0.0003772675991058,0.0074601285159587,9.015411376953123,4.391998291015625,0.4842529296875,-6.85107421875,-0.7505340576171875,0.5200347900390625
2019-01-22,12,2,300.6322021484375,279.90283203125,-0.2914094924926758,0.4508819580078125,0.0,91645.390625,269.0286865234375,281.6432189941406,293.0917358398437,0.0005009556189179,0.0006906911730766,0.0052089765667915,7.40087890625,3.221923828125,-0.841064453125,-5.4686279296875,-1.8097991943359373,0.228118896484375
2019-01-22,18,3,292.47247314453125,281.1045837402344,-3.13214111328125,1.296783447265625,0.0,91836.21875,268.797119140625,283.076171875,290.9013366699219,0.0003954817075282,0.0013690092600882,0.0057042986154556,3.724807739257813,8.224212646484375,-3.4325408935546875,-3.9787445068359375,0.500579833984375,5.985809326171875
2019-01-23,0,0,290.4013671875,288.9369506835937,-2.11279296875,1.2906341552734375,0.0,91755.96875,268.18865966796875,283.27154541015625,289.61724853515625,0.0004001394845545,0.0014946558512747,0.0067425332963466,5.996109008789063,5.693634033203125,2.318954467773437,-2.05181884765625,2.0920867919921875,3.793182373046875
2019-01-23,6,1,298.6241455078125,286.0105285644531,0.619476318359375,0.518280029296875,0.0,91869.09375,268.7124328613281,282.298828125,289.6583557128906,0.0003686333075165,0.0015577054582536,0.0087619647383689,5.118423461914063,3.52484130859375,0.74169921875,-0.3514556884765625,0.2288818359375,0.329681396484375
2019-01-23,12,2,300.7548828125,285.2828369140625,-0.215179443359375,-0.2926177978515625,0.0,91573.421875,269.064208984375,281.0123596191406,293.81085205078125,0.0003385017625987,0.0022976496256887,0.0076665803790092,7.759918212890625,1.0780792236328125,-0.80303955078125,0.7232818603515625,-1.0022125244140625,-0.65069580078125
2019-01-23,18,3,294.0732727050781,285.5057678222656,-3.605667114257813,1.7253265380859375,0.0,91862.28125,268.706298828125,280.17108154296875,290.63641357421875,0.0003158433828502,0.0031217294745147,0.0083006769418716,5.6673431396484375,3.8930816650390634,-4.43731689453125,0.912811279296875,1.213134765625,6.929443359375
2019-01-24,0,0,291.4512939453125,289.6406555175781,-1.9390716552734373,1.514404296875,0.0,91840.109375,267.5513610839844,281.86822509765625,289.5004272460937,0.0002351544389966,0.0024973624385893,0.0090984441339969,9.003921508789062,1.461883544921875,-1.5008087158203125,1.2813568115234375,6.9522552490234375,6.15264892578125
2019-01-24,6,1,299.4354858398437,287.5966491699219,-0.5459136962890625,2.441146850585937,0.0,91932.5625,268.2608337402344,282.2382202148437,290.2826538085937,0.0002148853382095,0.0012765917927026,0.0097523927688598,7.675674438476562,4.7959747314453125,-0.895050048828125,5.05694580078125,4.263351440429688,3.2295379638671875
2019-01-24,12,2,300.7767944335937,286.8289794921875,-0.023773193359375,0.648223876953125,0.0,91616.734375,267.8226928710937,280.81494140625,293.78680419921875,0.0002675254363566,0.0016831061802804,0.0078673884272575,11.038848876953123,3.836578369140625,-0.219146728515625,6.563034057617188,0.27423095703125,1.1934356689453125
2019-01-24,18,3,294.4143981933594,287.15740966796875,-3.59906005859375,2.29656982421875,0.0,91788.96875,268.4931030273437,279.79364013671875,290.4756774902344,0.0002368381683481,0.0028439806774258,0.0092669576406478,13.527755737304688,6.9877777099609375,-5.162857055664063,6.6502532958984375,-0.7957000732421875,9.076812744140623
2019-01-25,0,0,290.882568359375,288.7210388183594,-1.849945068359375,1.1169281005859375,0.0,91766.46875,267.3765869140625,279.5562744140625,289.04547119140625,0.000266166171059,0.0035588899627327,0.0100641623139381,13.208831787109377,3.349578857421875,0.087860107421875,5.896636962890625,3.447372436523437,8.404266357421875
2019-01-25,6,1,298.4747314453125,288.8162841796875,-0.540496826171875,3.3317413330078125,0.0,91843.640625,267.5672912597656,282.82525634765625,289.99249267578125,0.0003532769624143,0.0023490644525736,0.010317999869585,13.811111450195312,5.764404296875,-0.6438140869140625,3.6289215087890634,4.95257568359375,4.8254241943359375
2019-01-25,12,2,300.2897033691406,287.6674194335937,0.118408203125,1.4700775146484375,9.75,91614.390625,267.8347473144531,278.5657958984375,293.3192443847656,0.0002958278637379,0.0069398358464241,0.0090665780007839,14.872726440429688,1.3196868896484375,0.644195556640625,3.0772247314453125,1.5166778564453125,2.6909332275390625
2019-01-25,18,3,294.5545349121094,287.8101806640625,-1.15142822265625,2.1757354736328125,20.0,91806.109375,268.0761413574219,278.34796142578125,291.9120178222656,0.0005293528083711,0.0048383697867393,0.0098030678927898,13.197113037109377,4.2263946533203125,-2.368026733398437,-2.259872436523437,-1.0218505859375,7.3293914794921875
2019-01-26,0,0,292.0805969238281,289.7828674316406,-0.7432098388671875,1.647247314453125,67.625,91727.21875,268.2646789550781,279.23028564453125,289.0908203125,0.0006423944141715,0.0044098859652876,0.0118119269609451,12.883651733398438,5.3768463134765625,2.112884521484375,-4.63153076171875,3.745162963867188,6.698410034179688
2019-01-26,6,1,298.61981201171875,289.8489074707031,-0.1304779052734375,2.4066314697265625,14.75,91876.0625,268.1615600585937,280.81597900390625,289.96990966796875,0.0007730908691883,0.0045441500842571,0.0118254013359546,11.480560302734377,5.370452880859375,-0.1617431640625,-5.06988525390625,5.274383544921875,3.3641357421875
2019-01-26,12,2,300.21807861328125,289.4057006835937,0.224639892578125,1.5648040771484375,40.25,91606.515625,267.9791259765625,280.02349853515625,293.2054748535156,0.0009255043696612,0.0071854498237371,0.0105289816856384,11.92626953125,2.40802001953125,0.75115966796875,-5.78045654296875,1.01959228515625,2.0682525634765625
2019-01-26,18,3,295.3236694335937,289.8209533691406,-2.5597686767578125,1.390533447265625,48.625,91843.671875,267.7599792480469,279.6201171875,291.37127685546875,0.0008246940560638,0.0062760710716247,0.0115179307758808,13.598846435546877,4.4220123291015625,-1.39337158203125,-3.4326171875,-0.907440185546875,5.076141357421875
2019-01-27,0,0,293.0243530273437,290.3458251953125,-1.210662841796875,1.3552093505859375,44.0,91824.5,266.98370361328125,279.92022705078125,288.8568115234375,0.0007351324893534,0.0051322616636753,0.0122594200074672,13.181365966796877,5.748931884765625,1.5579376220703125,-4.20037841796875,1.973480224609375,5.7659454345703125
2019-01-27,6,1,297.39752197265625,291.32147216796875,-0.28948974609375,3.2533111572265625,16.5,91920.34375,267.73944091796875,280.19500732421875,289.32672119140625,0.0005994231323711,0.0057399980723857,0.0120564773678779,13.1859130859375,3.1264190673828125,-0.2673797607421875,-7.48406982421875,2.48651123046875,4.76202392578125
2019-01-27,12,2,299.4314880371094,290.60089111328125,0.1395111083984375,1.06353759765625,48.125,91599.171875,267.75347900390625,280.6898193359375,292.2650756835937,0.0005357479676604,0.0060281157493591,0.0113511867821216,11.913864135742188,2.388397216796875,1.1291351318359375,-3.131576538085937,1.1292266845703125,1.9758453369140625
2019-01-27,18,3,294.7020263671875,290.9291381835937,-2.503036499023437,1.11798095703125,49.75,91877.5,270.18585205078125,280.3809814453125,289.2713928222656,0.0003050798550248,0.0069026947021484,0.0120803266763687,15.227874755859377,3.894699096679688,-1.847686767578125,-1.1412506103515625,2.139923095703125,4.587066650390625
2019-01-28,0,0,292.5438842773437,290.7351989746094,-1.0306396484375,1.048553466796875,30.875,91786.6875,268.4200744628906,280.25054931640625,288.1731262207031,0.000296994112432,0.0056917779147624,0.0121082477271556,15.199172973632812,4.876754760742188,2.0276031494140625,2.32421875,4.491790771484375,3.878372192382813
2019-01-28,6,1,297.4755554199219,291.6841735839844,0.3823089599609375,1.170989990234375,13.5,91987.59375,267.980224609375,279.9332275390625,288.96246337890625,0.0002395520714344,0.0067658014595508,0.0118391178548336,16.758331298828125,3.17498779296875,1.357574462890625,1.7428131103515625,4.069000244140625,1.1486663818359375
2019-01-28,12,2,298.522705078125,290.5223693847656,-0.6573028564453125,-2.76495361328125,55.375,91691.125,268.8923034667969,280.02008056640625,290.5592346191406,7.842069317121059e-05,0.0045350417494773,0.01111501455307,18.160140991210938,5.1105804443359375,0.9297332763671876,2.593597412109375,2.9284820556640625,-3.119613647460937
2019-01-28,18,3,292.427490234375,290.5323486328125,-2.440582275390625,-1.6165924072265625,62.5,91984.6875,269.7846374511719,278.9633483886719,288.0368347167969,3.59175173798576e-05,0.0072918832302093,0.0114456415176391,20.213775634765625,5.2830810546875,-4.7415313720703125,0.135162353515625,1.963714599609375,-3.6082763671875
2019-01-29,0,0,291.32012939453125,289.1536865234375,-2.2969970703125,-0.9782562255859376,0.625,91813.421875,268.02490234375,279.3713684082031,287.8211669921875,3.6378696677275e-05,0.0029915301129221,0.0099132694303989,17.252334594726562,7.379730224609375,-6.707611083984375,-5.163375854492188,4.651397705078125,-2.8336181640625
2019-01-29,6,1,296.50732421875,288.07965087890625,-2.8640899658203125,-0.7447357177734375,4.5,92039.640625,266.5121459960937,280.6492919921875,288.6444091796875,4.422476922627538e-05,0.000954573508352,0.0098736695945262,4.257583618164063,6.703125,-4.1293487548828125,-11.65435791015625,1.907623291015625,-1.041534423828125
2019-01-29,12,2,299.3170471191406,287.3544311523437,-1.822998046875,-0.3901824951171875,11.75,91735.5,266.63555908203125,277.4024658203125,292.07281494140625,2.888111339416355e-05,0.0060274042189121,0.00864003226161,4.761138916015625,0.424041748046875,-2.5572052001953125,-14.332305908203123,0.611175537109375,-0.564208984375
2019-01-29,18,3,292.9822998046875,288.9497375488281,-3.67669677734375,-0.9195404052734376,17.375,91995.671875,266.5628662109375,281.03765869140625,288.1046142578125,4.763480683322996e-05,0.0004897098988294,0.0107219666242599,-4.8736114501953125,-2.4926300048828125,-7.515045166015625,-10.193740844726562,0.6497802734375,-1.508941650390625
2019-01-30,0,0,290.69500732421875,288.87890625,-2.721099853515625,-0.1687774658203125,0.0,91899.578125,266.608154296875,280.03857421875,287.9945983886719,3.725230635609478e-05,0.0016410946846008,0.0098387561738491,-0.2234649658203125,-3.114532470703125,-5.7770843505859375,-5.6249847412109375,1.7260284423828125,0.8394317626953125
2019-01-30,6,1,297.872314453125,285.9917907714844,-3.625076293945313,0.073272705078125,0.0,92025.703125,266.0652160644531,282.02752685546875,289.24298095703125,4.237053508404642e-05,0.00068049156107,0.0093218926340341,0.48858642578125,-3.0821533203125,-5.2603302001953125,-5.042449951171875,-0.1808013916015625,0.0896148681640625
2019-01-30,12,2,299.9872436523437,285.17596435546875,-1.36932373046875,0.0910491943359375,0.0,91711.359375,265.4320983886719,277.48797607421875,292.9906005859375,5.176702688913792e-05,0.0058103501796722,0.0074494928121566,1.2346343994140625,-1.7841339111328125,-2.388916015625,-2.441375732421875,0.3682708740234375,0.3522186279296875
2019-01-30,18,3,292.9709777832031,285.5907287597656,-3.2461395263671875,0.7615966796875,0.0,91947.125,266.05694580078125,283.93975830078125,289.31610107421875,9.279666119255126e-05,0.0004959737416356,0.008892398327589,1.51275634765625,-4.53167724609375,-6.454315185546875,-0.0034332275390625,-4.8472747802734375,2.2691650390625
2019-01-31,0,0,291.4327697753906,289.279541015625,-4.020278930664063,1.3055267333984375,0.25,91839.375,266.3858337402344,283.6968994140625,288.3641662597656,0.0001378513989038,0.0001985568669624,0.0094968676567077,3.2554473876953125,-5.868667602539063,-4.4622650146484375,-1.80133056640625,-6.4029388427734375,1.7097625732421875
2019-01-31,6,1,296.9857177734375,287.2402648925781,-3.126129150390625,0.9559478759765624,1.875,92000.546875,266.565185546875,283.43389892578125,288.4254455566406,0.0003840215504169,0.0002316787285963,0.0093100927770137,3.3812713623046875,-7.8154449462890625,-4.5083770751953125,-3.888763427734375,-4.790802001953125,1.074005126953125
2019-01-31,12,2,299.3857421875,285.0194702148437,-1.80096435546875,0.0434112548828125,0.0,91658.21875,266.58184814453125,280.7559814453125,291.950439453125,0.0003986994270235,0.0010411979164928,0.0077141821384429,0.786712646484375,-6.7384796142578125,-2.9553985595703125,-3.50811767578125,-0.9145050048828124,-0.058197021484375
2019-01-31,18,3,293.2088928222656,285.3173828125,-3.617828369140625,1.24993896484375,0.0,91879.796875,266.98651123046875,284.7579650878906,288.842529296875,0.000262186396867,0.0003336530644446,0.0086891911923885,-0.57745361328125,-6.9839630126953125,-6.19268798828125,-1.96490478515625,-1.44976806640625,3.172332763671875
2019-02-01,0,0,291.04718017578125,287.73370361328125,-3.052093505859375,1.1650848388671875,0.125,91807.234375,266.27880859375,284.6494140625,287.677490234375,0.0002729191910475,0.0003944907803088,0.0089194700121879,2.0548553466796875,-6.1360626220703125,-3.0316619873046875,0.46746826171875,-3.2967071533203125,3.601669311523437
2019-02-01,6,1,297.8042907714844,287.0765686035156,-1.4274444580078125,0.26605224609375,0.0,92013.15625,265.89971923828125,284.36669921875,288.77606201171875,0.0002774947788566,0.000344215426594,0.0092089287936687,2.2608795166015625,-5.098876953125,-1.82635498046875,1.4693145751953125,-1.47308349609375,0.159088134765625
2019-02-01,12,2,299.4110107421875,284.92510986328125,-1.27423095703125,-0.3008270263671875,1.125,91643.09375,266.3585205078125,277.5243225097656,291.9658203125,0.000281732995063,0.0061799436807632,0.0076703839004039,4.5016632080078125,-1.278717041015625,-1.8795013427734373,2.93719482421875,-0.59326171875,-0.703277587890625
2019-02-01,18,3,294.1055603027344,283.9087829589844,-2.684555053710937,0.7977447509765625,0.0,91797.8125,266.49169921875,283.0713195800781,289.52294921875,0.0002432422334095,0.0012341209221631,0.0090068690478801,6.513153076171875,0.1844635009765625,-5.853790283203125,2.92059326171875,-2.2886962890625,4.99609375
2019-02-02,0,0,291.2948913574219,289.68524169921875,-2.9313201904296875,0.3860931396484375,19.0,91729.015625,266.4410400390625,280.6402282714844,288.963623046875,0.0002415289054624,0.0012368317693471,0.0090091042220592,7.9360809326171875,-4.002365112304688,-3.492706298828125,1.6694183349609375,-3.60595703125,2.053253173828125
2019-02-02,6,1,298.61016845703125,285.9331970214844,-2.122833251953125,-0.2147216796875,0.0,91895.6875,266.13836669921875,282.0103454589844,290.01806640625,0.0002243857015855,0.0004451663699001,0.0080094747245311,7.4914703369140625,-3.1485595703125,-2.938629150390625,-0.1505889892578125,-0.3320465087890625,-0.6552276611328125
2019-02-02,12,2,300.0321044921875,284.2410888671875,-0.7299652099609375,-1.1287384033203125,0.0,91561.5,266.96563720703125,278.2284851074219,293.31365966796875,0.0002312037104275,0.0053905323147773,0.0066897124052047,7.4416961669921875,-1.4504852294921875,-1.4394378662109375,0.1942596435546875,-1.8687591552734373,-2.152206420898437
2019-02-02,18,3,293.5375061035156,284.174072265625,-3.8891754150390634,0.2237701416015625,11.25,91848.53125,267.5123291015625,280.3397827148437,288.7211303710937,0.0002288081450387,0.0033816515933722,0.0101312734186649,3.873016357421875,3.488037109375,-8.383270263671875,2.859725952148437,-0.3364410400390625,4.349853515625
2019-02-03,0,0,291.2951354980469,289.3946838378906,-2.4344482421875,0.953216552734375,0.0,91768.921875,266.726806640625,282.74676513671875,289.609619140625,0.000201518239919,0.0008675819262862,0.0089832879602909,7.025421142578125,1.0395660400390625,-3.2908477783203125,4.2897796630859375,-0.70599365234375,3.268310546875
2019-02-03,6,1,299.2066955566406,285.576416015625,-2.688568115234375,1.0819549560546875,0.0,91993.703125,268.0157470703125,282.14031982421875,290.593017578125,0.0001827038213377,0.0011411220766603,0.0086657404899597,4.591842651367188,-0.1298065185546875,-3.776092529296875,4.655975341796875,1.689849853515625,1.266571044921875
2019-02-03,12,2,300.5662841796875,285.58746337890625,-1.961151123046875,0.1021575927734375,0.0,91691.296875,268.2184753417969,278.9079284667969,293.79412841796875,0.000183618903975,0.005462612491101,0.0076370313763618,4.5819854736328125,-1.040313720703125,-3.40252685546875,5.6034698486328125,-0.0885009765625,0.0868682861328125
2019-02-03,18,3,294.0633239746094,288.0649108886719,-4.5795440673828125,0.759368896484375,0.0,91988.859375,268.1153564453125,284.4562072753906,290.0201721191406,0.0001848234533099,0.0006086172070354,0.0092573165893554,5.459396362304688,-0.677947998046875,-9.041778564453123,4.530853271484375,2.6075897216796875,3.201156616210937
2019-02-04,0,0,291.9231262207031,288.28759765625,-3.483627319335937,-0.22686767578125,0.0,91912.890625,267.7709350585937,283.205322265625,290.28179931640625,0.0002147372579202,0.0011684780474752,0.0084476694464683,5.2851409912109375,1.584442138671875,-6.954315185546875,5.215499877929688,4.2611236572265625,0.9826812744140624
2019-02-04,6,1,299.5888061523437,284.6653747558594,-3.874725341796875,-0.0469207763671875,0.0,92181.75,268.45263671875,282.6375732421875,291.00787353515625,0.0002065001317532,0.0025554927997291,0.0077091977000236,4.7442474365234375,3.255584716796875,-5.8356475830078125,2.5303192138671875,3.509262084960937,-0.169097900390625
2019-02-04,12,2,301.552001953125,286.4843444824219,-2.3176422119140625,0.467803955078125,0.0,91808.046875,268.6019897460937,280.8929443359375,294.2423095703125,0.0002181797754019,0.0041538998484611,0.0083440914750099,3.99102783203125,2.9171295166015625,-4.176300048828125,3.1643829345703125,1.52587890625e-05,0.928497314453125
2019-02-04,18,3,294.6763610839844,289.4822692871094,-3.9775390625,0.4314727783203125,0.0,92102.234375,267.9310302734375,284.63214111328125,291.1298217773437,0.0002367835550103,0.0040514189749956,0.0102804228663444,3.3084259033203125,3.781570434570313,-6.1485595703125,1.288330078125,2.8115234375,1.7773590087890625
2019-02-05,0,0,292.9561767578125,290.3881225585937,-3.08587646484375,0.4663848876953125,4.0,91916.03125,268.2701416015625,282.9164428710937,290.8480529785156,0.0004111626185476,0.0051629953086376,0.0100165419280529,4.31158447265625,2.581512451171875,-6.5577545166015625,3.6964111328125,-0.99029541015625,-0.1264190673828125
2019-02-05,6,1,299.3968811035156,288.5248413085937,-3.4114227294921875,0.5478973388671875,0.375,92184.015625,268.7064514160156,282.2864990234375,290.1556091308594,0.0006165776867419,0.0045975521206855,0.0098393149673938,3.452011108398437,0.7022247314453125,-6.19549560546875,3.649566650390625,-4.283004760742188,0.32501220703125
2019-02-05,12,2,300.7344970703125,287.13983154296875,-2.9204254150390625,0.5073089599609375,8.0,91749.21875,269.4345703125,282.47613525390625,293.31085205078125,0.0007604581769555,0.0032746086362749,0.0090712457895278,5.41510009765625,1.434844970703125,-4.92987060546875,2.6827545166015625,-6.577789306640625,0.5557403564453125
2019-02-05,18,3,295.6646728515625,287.57525634765625,-3.4543914794921875,0.9736175537109376,2.0,91925.9375,268.71875,283.6553649902344,290.53204345703125,0.0009958785958588,0.0038105531129986,0.0106141977012157,4.809600830078125,-2.3571319580078125,-4.9164581298828125,3.410873413085937,-3.281219482421875,3.573944091796875
2019-02-06,0,0,292.766845703125,286.1472473144531,-2.556854248046875,0.5157318115234375,0.0,91751.765625,267.4143981933594,283.04119873046875,290.5383605957031,0.0018172466661781,0.0040271962061524,0.0104334130883216,4.728439331054688,-1.38848876953125,-2.4187164306640625,4.2454681396484375,-2.440032958984375,2.599365234375
2019-02-06,6,1,299.8575439453125,285.4261474609375,-2.5465087890625,1.22039794921875,0.0,91940.890625,267.9598999023437,283.29052734375,291.33770751953125,0.0018222872167825,0.0039646439254283,0.008539542555809,5.0774688720703125,-1.10693359375,-3.7768402099609375,4.983795166015625,-1.137481689453125,1.360321044921875
2019-02-06,12,2,301.7821960449219,286.3201904296875,-1.9955902099609373,1.36962890625,0.0,91549.796875,267.7896423339844,282.181396484375,294.9027709960937,0.0021120160818099,0.0056316563859581,0.0084119886159896,5.451812744140625,1.6289520263671875,-3.5871734619140625,4.8665618896484375,-2.531845092773437,2.061065673828125
2019-02-06,18,3,296.1311950683594,286.71502685546875,-3.152008056640625,2.202606201171875,0.0,91793.078125,266.40362548828125,283.6047058105469,292.0535583496094,0.0027152767870575,0.0055780410766601,0.0097170583903789,2.5998992919921875,0.206024169921875,-2.550888061523437,6.92950439453125,1.961761474609375,6.965744018554688
2019-02-07,0,0,293.0623779296875,286.1455078125,-1.913726806640625,1.4578704833984375,0.0,91696.625,266.1678466796875,282.81268310546875,290.8741455078125,0.0031736867967993,0.0051725693047046,0.0106614977121353,6.202972412109375,-1.275848388671875,-0.6817169189453125,6.1307525634765625,2.5392303466796875,5.804656982421875
2019-02-07,6,1,300.030517578125,286.6051330566406,-1.1525115966796875,1.965728759765625,0.0,91882.921875,266.5394897460937,282.7899780273437,292.02154541015625,0.0037369043566286,0.0050609298050403,0.009439431130886,8.269180297851562,-2.4598388671875,-1.69677734375,7.7585906982421875,4.23944091796875,2.5492401123046875
2019-02-07,12,2,302.35302734375,287.027099609375,-1.596466064453125,1.6715850830078125,0.0,91550.390625,266.5907287597656,282.42449951171875,295.4689636230469,0.0035463341046124,0.0062942877411842,0.0090506225824356,7.8829345703125,-1.134063720703125,-2.92755126953125,6.7104339599609375,3.2274932861328125,2.51470947265625
2019-02-07,18,3,296.4129333496094,286.7471618652344,-2.166000366210937,1.850250244140625,0.0,91852.984375,265.9627685546875,282.735107421875,293.17303466796875,0.0036217458546161,0.0062341652810573,0.0096376165747642,6.045669555664063,-1.60382080078125,-1.4600067138671875,4.365753173828125,5.044967651367188,7.0673828125
2019-02-08,0,0,293.7001953125,289.38037109375,-0.404296875,1.53912353515625,0.0,91747.203125,265.85546875,282.88751220703125,291.1881103515625,0.0031985584646463,0.0056727025657892,0.0113136172294616,9.167984008789062,-3.049285888671875,2.6419219970703125,4.9335479736328125,6.8011322021484375,5.757614135742188
2019-02-08,6,1,300.5841064453125,290.21612548828125,0.693145751953125,1.75372314453125,0.0,91928.328125,266.3326416015625,282.9578857421875,292.01251220703125,0.0028193781618028,0.0055275969207286,0.0119003541767597,9.542724609375,-1.5897064208984375,0.6233978271484375,4.106353759765625,6.545700073242188,2.4223785400390625
2019-02-08,12,2,303.21710205078125,289.6708984375,-0.462371826171875,1.422943115234375,0.0,91525.453125,266.61767578125,283.24322509765625,295.8697204589844,0.0020795539021492,0.0053545981645584,0.010480748489499,11.191726684570312,0.7770538330078125,-0.6022491455078125,0.1492156982421875,3.694610595703125,1.9491119384765625
2019-02-08,18,3,297.15142822265625,289.1302490234375,-0.640716552734375,1.902679443359375,0.0,91833.828125,266.7689208984375,281.4388122558594,293.9785461425781,0.0010375389829277,0.0077261328697204,0.0107935033738613,9.300689697265623,2.1527099609375,0.36810302734375,1.9201812744140625,-0.1116790771484375,5.001632690429688
2019-02-09,0,0,294.5218505859375,289.2728881835937,-0.590972900390625,1.615631103515625,3.625,91674.796875,266.6632080078125,282.0052185058594,290.96588134765625,0.0013532738666981,0.0057348124682903,0.0123215541243553,9.098602294921877,0.50408935546875,2.1498260498046875,2.825347900390625,4.531265258789063,1.23699951171875
2019-02-09,6,1,300.69598388671875,289.3253173828125,-0.0610504150390625,0.423858642578125,58.0,91877.921875,266.01055908203125,282.019287109375,292.07232666015625,0.0011574495583772,0.0063557364046573,0.0120960213243961,8.34521484375,0.3541259765625,-0.149200439453125,5.96893310546875,2.541610717773437,0.3424072265625
2019-02-09,12,2,299.9389038085937,292.1835632324219,-2.03814697265625,1.2594146728515625,361.0,91633.09375,266.2109375,282.0364990234375,293.257080078125,0.0014819733332842,0.0078188031911849,0.0126898027956485,10.701217651367188,1.82855224609375,-1.3775177001953125,4.318359375,-0.6601104736328125,1.224212646484375
2019-02-09,18,3,294.44000244140625,292.05377197265625,-1.711029052734375,-0.105712890625,263.75,91933.921875,265.57733154296875,281.8930969238281,292.0868835449219,0.0011400787625461,0.0082589760422706,0.0122208818793296,9.031234741210938,2.2978057861328125,-3.7700347900390634,3.0080718994140625,0.10687255859375,4.235641479492188
2019-02-10,0,0,294.072265625,291.780517578125,-2.363525390625,1.184783935546875,218.25,91851.921875,265.06256103515625,280.679931640625,291.11883544921875,0.0005305137019604,0.0083953253924846,0.012245874851942,9.596176147460938,-0.22607421875,-1.2807464599609375,0.188568115234375,0.0724029541015625,5.531784057617188
2019-02-10,6,1,299.6434020996094,293.05133056640625,-2.393798828125,1.3924102783203125,877.875,92026.234375,265.3873291015625,281.8583984375,290.9180908203125,0.0002084621519315,0.0068570412695407,0.0138300247490406,8.462188720703125,-0.4148712158203125,-3.752899169921875,-0.6313018798828125,0.8062591552734375,2.129058837890625
2019-02-10,12,2,301.66668701171875,290.700927734375,-1.9791107177734373,0.0947265625,54.0,91704.328125,266.24444580078125,281.65740966796875,294.66998291015625,0.0008355476893484,0.0071719400584697,0.0108215324580669,9.3826904296875,0.7774810791015625,-4.856216430664063,1.8076019287109373,-0.97210693359375,1.98065185546875
2019-02-10,18,3,296.4738464355469,290.61529541015625,-2.589080810546875,0.151458740234375,176.0,92024.109375,266.103759765625,281.44744873046875,290.87030029296875,0.0009525364730507,0.0067453160881996,0.0122886188328266,11.967117309570312,-1.5957794189453125,-5.2709808349609375,1.69915771484375,-1.2858734130859375,2.8334197998046875
2019-02-11,0,0,294.27642822265625,291.75213623046875,-2.804794311523437,0.51080322265625,302.375,91851.171875,266.4024658203125,281.2510986328125,290.74432373046875,0.0004714126698672,0.0074181817471981,0.010624885559082,12.034805297851562,-0.4990997314453125,-7.034469604492188,-3.43048095703125,-1.72607421875,1.3468780517578125
2019-02-11,6,1,299.5162048339844,289.1908569335937,-4.32904052734375,1.4313812255859375,0.0,92066.28125,265.6490478515625,281.1150817871094,290.988525390625,0.0003024893812835,0.0071851722896099,0.0108707286417484,7.974212646484375,-2.9156951904296875,-7.05535888671875,-3.335418701171875,-1.6309967041015625,2.184326171875
2019-02-11,12,2,300.751708984375,288.5621337890625,-4.3834228515625,0.7809295654296875,0.0,91818.5,265.5473022460937,280.93389892578125,292.66485595703125,0.0002295172598678,0.0073496475815773,0.0104661099612712,7.764404296875,-3.931838989257813,-7.864044189453125,-2.942047119140625,-1.8085479736328125,1.600067138671875
2019-02-11,18,3,294.8203430175781,289.6611328125,-3.5349273681640625,0.6594085693359375,0.0,92036.875,265.87908935546875,281.66912841796875,290.87066650390625,0.0003906197380274,0.0060732457786798,0.0090881399810314,9.353866577148438,-5.447799682617188,-8.824111938476562,-1.029205322265625,-2.081283569335937,2.316024780273437
2019-02-12,0,0,292.07781982421875,289.2333374023437,-3.1190948486328125,0.2530670166015625,0.0,91951.796875,265.572509765625,280.760498046875,291.1475830078125,0.0001457268954254,0.0063006840646266,0.0060374364256858,7.0923614501953125,-5.304290771484375,-11.606201171875,-1.6794586181640625,0.8755645751953125,3.006011962890625
2019-02-12,6,1,299.76568603515625,286.1083374023437,-5.003097534179688,0.8890380859375,0.0,92112.828125,266.05621337890625,282.20977783203125,290.388916015625,0.0001501561637269,0.0039697214961051,0.0090772174298763,-0.002471923828125,-5.79296875,-8.592361450195312,-4.544219970703125,1.9368896484375,1.4305267333984375
2019-02-12,12,2,300.5950927734375,287.1180419921875,-4.39532470703125,0.417572021484375,0.0,91866.5625,267.108154296875,282.16900634765625,293.1070556640625,0.0001309671642957,0.0042596757411956,0.0090640895068645,-2.273651123046875,-4.52581787109375,-7.7966461181640625,-3.837234497070313,2.1275787353515625,0.8750762939453125
2019-02-12,18,3,294.3369140625,288.67608642578125,-3.833816528320313,0.097503662109375,0.0,92220.96875,267.61651611328125,282.2157287597656,290.4219970703125,0.0001918547932291,0.0039640692993998,0.0090065412223339,-4.749801635742188,-5.755462646484375,-7.4373779296875,-4.0993194580078125,1.6408233642578125,0.2236328125
2019-02-13,0,0,291.84423828125,289.1418762207031,-2.4646453857421875,-0.357025146484375,0.0,92092.65625,267.3949584960937,282.2565002441406,290.91094970703125,0.0002331010764464,0.0041365046054124,0.0070610418915748,-5.073577880859375,-6.1957550048828125,-8.5877685546875,-1.957061767578125,0.4138336181640625,0.424530029296875
2019-02-13,6,1,299.7859191894531,285.0810241699219,-4.4886627197265625,-0.3691864013671875,0.0,92202.296875,267.8755187988281,282.4891052246094,290.9793701171875,0.0002885411959141,0.0032004418317228,0.0078379213809967,-4.811553955078125,-7.282745361328125,-7.343582153320312,-0.6167449951171875,0.777191162109375,-0.594696044921875
2019-02-13,12,2,301.21990966796875,286.2889709472656,-3.8658599853515625,0.1553497314453125,0.0,91872.828125,268.3797607421875,281.935546875,293.6167297363281,0.0002954686060547,0.0031188402790576,0.0084727481007575,-2.694244384765625,-5.649627685546875,-6.834030151367188,0.6421661376953125,1.6415863037109375,0.4129486083984375
2019-02-13,18,3,294.54083251953125,285.7239074707031,-3.20965576171875,0.738250732421875,0.0,92105.34375,268.40673828125,282.18048095703125,291.2126770019531,0.0002981461584568,0.0025477421004325,0.0082720853388309,0.0010223388671875,-5.921676635742188,-5.859054565429688,-1.037261962890625,1.778594970703125,1.5826416015625
2019-02-14,0,0,292.0762023925781,287.4389343261719,-2.11517333984375,-0.0775146484375,0.0,91875.21875,267.4593200683594,282.63848876953125,290.69146728515625,0.0003072388935834,0.0023430432192981,0.0089506693184375,2.6752166748046875,-3.962554931640625,-7.90447998046875,-1.026519775390625,3.1560211181640625,3.483673095703125
2019-02-14,6,1,301.31231689453125,287.4457397460937,-4.05670166015625,1.771087646484375,0.0,91956.890625,268.212890625,283.482421875,291.975830078125,0.0002942370483651,0.0021416414529085,0.0094698667526245,2.53851318359375,-2.686859130859375,-6.392486572265625,1.5387725830078125,3.6073150634765625,2.736724853515625
2019-02-14,12,2,302.433837890625,287.6289367675781,-2.8760528564453125,2.244384765625,0.0,91606.3125,268.8673095703125,280.32342529296875,295.18475341796875,0.0002277255262015,0.0063886679708957,0.0091556869447231,5.25860595703125,-1.99530029296875,-5.080718994140625,-0.336181640625,1.6604766845703125,4.075714111328125
2019-02-14,18,3,295.82208251953125,289.7159423828125,-3.390625,2.027496337890625,7.75,91885.15625,267.856201171875,282.5133056640625,292.3369140625,0.0002328059781575,0.0025534792803227,0.0104616992175579,7.033447265625,0.732330322265625,-4.3629302978515625,-4.2157745361328125,2.025177001953125,5.9663848876953125
2019-02-15,0,0,293.3309020996094,291.1488037109375,-1.797393798828125,1.9290618896484373,4.125,91777.109375,267.07159423828125,281.3389587402344,291.05377197265625,0.0003624444361776,0.0034993255976587,0.0105466023087501,12.148849487304688,-0.722076416015625,-1.1291046142578125,-10.239288330078123,0.0928955078125,7.557525634765625
2019-02-15,6,1,300.408447265625,289.5155639648437,0.0081024169921875,1.603424072265625,2.875,91972.4375,267.22955322265625,282.2188720703125,291.6158752441406,0.0003290553577244,0.002974490635097,0.0111111588776111,13.285079956054688,0.5076141357421875,-0.10400390625,-13.827392578125,3.7979736328125,2.1031646728515625
2019-02-15,12,2,302.36767578125,288.8976135253906,0.10089111328125,0.4527740478515625,0.25,91674.140625,266.9405517578125,281.9347839355469,294.9513854980469,0.0003829367924481,0.0045716278254985,0.0094851069152355,11.852767944335938,2.1703033447265625,-0.0397491455078125,-14.362655639648438,2.1598663330078125,0.7876739501953125
2019-02-15,18,3,296.36090087890625,288.5797119140625,-2.628204345703125,2.2592315673828125,0.625,91928.140625,266.939697265625,280.8533935546875,293.0643310546875,0.0003435900434851,0.0056211799383163,0.0105337090790271,7.74603271484375,6.3548736572265625,-1.1925506591796875,-15.133270263671877,-1.3673858642578125,6.2593994140625
2019-02-16,0,0,293.54083251953125,291.2358093261719,-0.2506103515625,1.5755615234375,157.5,91768.6875,266.3065185546875,281.66552734375,290.59228515625,0.0002806461416184,0.0044508092105388,0.0129018276929855,6.32080078125,5.1203155517578125,3.746185302734375,-15.22821044921875,1.343994140625,5.673599243164063
2019-02-16,6,1,300.5018310546875,289.8889465332031,1.9471435546875,0.1269683837890625,16.375,91981.328125,266.193115234375,281.4274597167969,292.28515625,0.0004567198920994,0.0052232816815376,0.0118405483663082,3.705123901367188,3.9919586181640634,2.761215209960937,-10.697433471679688,2.246673583984375,-0.0866851806640625
2019-02-16,12,2,303.463623046875,288.5558776855469,1.6457977294921875,-0.7317657470703125,0.0,91547.484375,266.2769775390625,281.64813232421875,296.2320251464844,0.000622080406174,0.0050952173769474,0.0089043527841568,7.403533935546875,2.922882080078125,2.4613494873046875,-8.377426147460938,0.8720245361328125,-1.4178924560546875
2019-02-16,18,3,296.5574645996094,287.12725830078125,-0.0717315673828125,-0.116790771484375,9.875,91849.609375,265.8037109375,280.48114013671875,296.0375671386719,0.0007155430503189,0.0068139769136905,0.0078011080622673,10.436737060546877,0.8833160400390625,1.8669281005859373,-11.441085815429688,2.814056396484375,-0.3509063720703125
2019-02-17,0,0,295.01226806640625,290.81982421875,0.6768798828125,1.15338134765625,128.75,91733.359375,267.8536071777344,279.2185974121094,291.20526123046875,0.0002654232084751,0.007495243102312,0.0118510611355304,2.900970458984375,6.4095001220703125,4.461395263671875,-11.47857666015625,0.959686279296875,2.34515380859375
2019-02-17,6,1,301.592529296875,285.9859619140625,2.1631317138671875,-2.304672241210937,0.0,91915.40625,267.350830078125,281.8299560546875,293.330322265625,0.0005047982558608,0.0032380684278905,0.007983986288309,2.5274658203125,9.832977294921877,2.934906005859375,-10.304183959960938,4.3615264892578125,-3.352752685546875
2019-02-17,12,2,303.371826171875,287.516845703125,2.5887603759765625,-1.234527587890625,0.0,91464.515625,266.600830078125,282.3318176269531,296.7358703613281,0.000785163603723,0.0046446472406387,0.0079957321286201,3.6005859375,9.998779296875,5.2641448974609375,-5.8665313720703125,0.6364898681640625,-2.3891754150390625
2019-02-17,18,3,296.3672790527344,284.9020080566406,1.7386627197265625,-1.38165283203125,0.0,91670.125,267.4008178710937,282.23358154296875,295.3854064941406,0.0006747965235263,0.0039034916553646,0.0070868581533432,3.6755523681640634,3.64019775390625,3.572845458984375,-7.9997406005859375,1.2738494873046875,-4.27764892578125
2019-02-18,0,0,292.7753295898437,285.3918151855469,-2.152984619140625,-0.071868896484375,0.0,91560.125,268.013671875,281.09100341796875,293.215576171875,0.0005173259414732,0.0043539255857467,0.0061226189136505,3.533187866210937,7.075531005859375,0.82623291015625,-8.831817626953125,1.360015869140625,-2.8720703125
2019-02-18,6,1,302.22515869140625,284.61590576171875,0.33447265625,-0.0802001953125,0.0,91771.921875,267.5501708984375,283.18145751953125,293.7210693359375,0.000521010486409,0.0016181997489184,0.0066355876624584,1.3762359619140625,6.872970581054688,0.267181396484375,-8.073471069335938,-1.4065093994140625,0.13787841796875
2019-02-18,12,2,304.0502319335937,283.372802734375,0.919769287109375,-0.4100189208984375,0.0,91339.8125,267.34136962890625,282.7177124023437,297.3431701660156,0.0005084755830466,0.0034182812087237,0.0058155357837677,3.8323822021484375,0.558013916015625,1.5189361572265625,-7.027191162109375,-1.0419921875,-0.481353759765625
2019-02-18,18,3,295.29266357421875,283.3818359375,-2.8386993408203125,0.5169525146484375,0.0,91578.390625,268.5302734375,281.58660888671875,296.0446472167969,0.0003861575387418,0.0057094916701316,0.0070018991827964,3.0852508544921875,0.5608367919921875,-4.211959838867188,-9.400253295898438,1.86163330078125,0.6248016357421875
2019-02-19,0,0,296.2030029296875,293.103515625,-1.82208251953125,1.9366607666015625,524.625,91481.90625,267.8107604980469,283.36456298828125,291.4984436035156,0.0004668876063078,0.0030970340594649,0.0125727131962776,3.207183837890625,-4.690338134765625,-0.2900238037109375,-8.204696655273438,-4.458251953125,7.54217529296875
2019-02-19,6,1,302.1846923828125,291.36932373046875,-1.27972412109375,2.356353759765625,109.75,91781.3125,267.4481201171875,283.3320007324219,293.45367431640625,0.00048139388673,0.0039523281157016,0.0119393914937973,-1.16632080078125,-6.4037017822265625,-2.040496826171875,-8.08709716796875,-3.5858306884765625,3.179656982421875
2019-02-19,12,2,303.7105712890625,290.10260009765625,-2.141708374023437,1.0633392333984375,9.625,91510.984375,267.45782470703125,282.8961486816406,296.20367431640625,0.0005205560009926,0.0063167139887809,0.0104391984641551,-1.2989349365234375,-5.9026947021484375,-4.090423583984375,-5.80987548828125,-3.4863739013671875,1.572479248046875
2019-02-19,18,3,297.5192565917969,292.1725769042969,-3.655181884765625,1.8581695556640625,334.125,91856.25,268.1911315917969,283.02447509765625,293.44854736328125,0.0004033575532957,0.0045336745679378,0.0119551010429859,-2.23028564453125,-7.383087158203125,-5.9896392822265625,-3.61614990234375,-2.8878326416015625,4.5606689453125
2019-02-20,0,0,294.4193115234375,292.535400390625,-2.900421142578125,1.5703887939453125,229.25,91783.34375,267.409423828125,281.97735595703125,292.61602783203125,0.0004478062037378,0.0039154696278274,0.0092609040439128,-2.3911285400390625,-6.857391357421875,-6.65032958984375,-0.9666595458984376,-2.5526275634765625,3.657516479492188
2019-02-20,6,1,301.8924560546875,288.7618408203125,-3.959060668945313,1.38995361328125,0.0,92018.0625,267.06787109375,282.4158630371094,292.83203125,0.0005138777196407,0.0033854378852993,0.0095436722040176,-3.563446044921875,-10.337677001953123,-6.506317138671875,-1.41302490234375,-4.20361328125,1.6925811767578125
2019-02-20,12,2,303.34869384765625,285.6985168457031,-4.1339874267578125,1.151763916015625,0.0,91704.3125,266.865966796875,281.1513671875,296.0711669921875,0.0004702492151409,0.0050615072250366,0.0080014392733573,-4.262222290039063,-8.045211791992188,-7.368011474609375,-1.7725067138671875,-3.0626373291015625,1.8675994873046875
2019-02-20,18,3,296.2318115234375,288.119384765625,-3.281967163085937,1.26031494140625,0.0,92079.9375,267.1671447753906,282.0048217773437,293.7567749023437,0.0003987181698903,0.0031090974807739,0.0061231479048728,-6.80267333984375,-10.974288940429688,-6.814498901367188,0.2062530517578125,-5.2547607421875,0.8028411865234375
2019-02-21,0,0,292.76971435546875,290.47637939453125,-2.9447021484375,0.6448822021484375,0.0,92012.265625,266.5747375488281,281.7571716308594,293.20684814453125,0.0004602123517543,0.0033587682992219,0.0040690638124942,-7.637786865234375,-11.845321655273438,-9.725509643554688,1.25396728515625,-6.2455596923828125,3.5648651123046875
2019-02-21,6,1,302.3837280273437,280.5941772460937,-4.728042602539063,0.7787322998046875,0.0,92210.3125,266.9473876953125,282.48736572265625,293.0648498535156,0.0005894312635064,0.0033117339480668,0.0057232528924942,-9.3189697265625,-15.267440795898438,-8.074447631835938,3.0431671142578125,-7.597503662109375,0.7696685791015625
2019-02-21,12,2,302.38604736328125,284.6372375488281,-4.993560791015625,0.159088134765625,0.0,91840.578125,267.4545288085937,281.724365234375,294.9447631835937,0.0004981157835572,0.0032772966660559,0.0069950073957443,-8.606460571289062,-16.6798095703125,-9.269271850585938,3.4928741455078125,-3.9164886474609375,0.01080322265625
2019-02-21,18,3,295.51043701171875,284.6088256835937,-2.663726806640625,-0.3624420166015625,0.0,92102.515625,266.89068603515625,283.2601928710937,292.26025390625,0.0005163992755115,0.0021907649934291,0.0067969858646392,-8.423141479492188,-18.69271850585937,-8.006179809570312,4.3699493408203125,-3.210723876953125,-2.723602294921875
2019-02-22,0,0,292.3744201660156,287.805908203125,-1.6701202392578125,-0.7537078857421875,0.0,91908.703125,265.744873046875,283.1378173828125,291.0720520019531,0.0004245333839207,0.0025400100275874,0.0051197372376918,-6.175338745117188,-17.949310302734375,-10.969223022460938,2.8160552978515625,-1.1207733154296875,-1.7185821533203125
2019-02-22,6,1,301.8121337890625,279.1271057128906,-5.58941650390625,-0.6366424560546875,0.0,92043.828125,266.0684814453125,282.9779357910156,293.402099609375,0.0003322039265185,0.0021426794119179,0.005033902823925,-5.9764251708984375,-16.597076416015625,-9.586288452148438,3.0580291748046875,-0.380126953125,-1.1256256103515625
2019-02-22,12,2,302.7240905761719,278.1918334960937,-4.7581787109375,1.1400604248046875,0.0,91632.546875,266.0400085449219,283.9052734375,296.1402587890625,0.0002690654946491,0.0019047844689339,0.0043463371694087,-2.9170074462890625,-13.491775512695312,-10.088699340820312,-0.1970062255859375,-0.389801025390625,2.162872314453125
2019-02-22,18,3,294.2419128417969,279.9681091308594,-2.2905426025390625,0.0201263427734375,0.0,91924.234375,265.82720947265625,283.4265441894531,293.5480041503906,0.0002677757292985,0.001625241478905,0.0033486823085695,-4.655120849609375,-12.847930908203123,-8.73968505859375,-1.1942901611328125,-0.9919281005859376,-0.2991180419921875
2019-02-23,0,0,291.1134948730469,284.37921142578125,-2.072845458984375,-0.524658203125,0.0,91695.578125,265.7698669433594,282.8857116699219,293.5747375488281,0.0002302843058714,0.0015517547726631,0.0025451332330703,-2.9602813720703125,-12.189910888671877,-10.232818603515623,-2.43463134765625,-1.1852264404296875,1.2998809814453125
2019-02-23,6,1,303.2997436523437,276.39093017578125,-5.0025482177734375,0.0595245361328125,0.0,91873.625,265.80035400390625,283.07965087890625,295.0814208984375,0.0002353845338802,0.0013718120753765,0.0036750943399965,-3.3060760498046875,-11.964691162109377,-8.448974609375,-0.1192779541015625,0.0236358642578125,-0.2225341796875
2019-02-23,12,2,304.20574951171875,278.3572998046875,-3.9015045166015625,1.121124267578125,0.0,91518.421875,265.9619140625,282.58319091796875,297.7255249023437,0.0002154566172976,0.0024628369137644,0.0036526115145534,-0.3686065673828125,-7.854705810546875,-8.390472412109375,-2.372100830078125,-1.535247802734375,1.967620849609375
2019-02-23,18,3,295.951904296875,278.83648681640625,-2.845367431640625,1.785186767578125,0.0,91783.59375,266.15802001953125,283.056640625,294.5878295898437,0.0002490172046236,0.0013705922756344,0.0043062902987003,-1.3799285888671875,-7.454742431640625,-8.996261596679688,-0.832794189453125,-1.783935546875,2.311248779296875
2019-02-24,0,0,290.9071655273437,282.79217529296875,-2.5555877685546875,0.0260467529296875,0.0,91588.390625,267.8177490234375,282.2596740722656,293.93963623046875,0.0002490124898031,0.0013953938614577,0.0040766075253486,5.375534057617188,-7.50201416015625,-9.513275146484377,-2.667266845703125,-2.1981201171875,2.024078369140625
2019-02-24,6,1,303.51287841796875,279.6198425292969,-4.3067779541015625,0.522979736328125,0.0,91740.171875,266.9544677734375,282.3948974609375,295.4660339355469,0.0003089152742177,0.001203189138323,0.0040892995893955,2.7550811767578125,-7.5858917236328125,-6.9077911376953125,-3.8245697021484375,-0.0143585205078125,0.251861572265625
2019-02-24,12,2,304.5230712890625,279.7686767578125,-2.7400665283203125,1.0389556884765625,0.0,91373.421875,266.5572509765625,282.02960205078125,298.1165771484375,0.000355988740921,0.0035638755653053,0.0036503870505839,3.763671875,-4.8709259033203125,-5.641510009765625,-3.174423217773437,-0.123321533203125,1.8045501708984373
2019-02-24,18,3,296.93365478515625,282.2647705078125,-3.375244140625,2.257232666015625,0.0,91698.890625,267.23162841796875,282.68804931640625,295.22906494140625,0.0004865319933742,0.0020766092929989,0.0049777142703533,4.99951171875,-2.17193603515625,-7.547027587890625,-2.5205841064453125,-1.1905670166015625,5.610443115234375
2019-02-25,0,0,291.9631652832031,284.3814392089844,-2.007568359375,0.9647674560546876,0.0,91530.171875,266.29901123046875,281.77301025390625,295.3658752441406,0.0004949669819325,0.0022142131347209,0.0026412107981741,7.08526611328125,-2.4349517822265625,-7.5439910888671875,-4.519577026367188,-2.46954345703125,4.9117431640625
2019-02-25,6,1,304.269775390625,276.77154541015625,-2.071273803710937,2.5940093994140625,0.0,91678.9375,266.1253662109375,282.04180908203125,295.971923828125,0.0011153318919241,0.0015737526118755,0.0031662406399846,8.381622314453125,-4.5799713134765625,-3.49176025390625,-4.462203979492188,-1.8210296630859373,3.5042724609375
2019-02-25,12,2,305.2152709960937,281.0634155273437,-0.480743408203125,0.816375732421875,0.0,91275.421875,264.76104736328125,282.9776611328125,299.0130615234375,0.0007407097145915,0.0026931529864668,0.0027227820828557,8.474990844726562,-2.0413818359375,-1.3005523681640625,-2.916656494140625,-1.619659423828125,0.9454498291015624
2019-02-25,18,3,296.33917236328125,280.24871826171875,-2.3570709228515625,1.2491455078125,0.0,91530.421875,265.4838256835937,282.4637145996094,295.651123046875,0.0008393921889364,0.0030249999836087,0.0050564147531986,5.476898193359375,3.222381591796875,-3.209823608398437,-3.8569488525390634,-5.391510009765625,8.833602905273438
2019-02-26,0,0,293.8984375,285.2467041015625,1.442230224609375,1.647369384765625,0.0,91469.90625,264.6000671386719,281.140625,293.4627380371094,0.0006292155012488,0.0039782151579856,0.0069499090313911,2.5518341064453125,0.4152069091796875,6.70654296875,-11.488235473632812,-1.952972412109375,5.512054443359375
2019-02-26,6,1,302.4652099609375,287.455078125,2.28656005859375,-0.250732421875,0.0,91606.4375,266.5941162109375,281.3280639648437,294.675048828125,0.0005611637607216,0.0039126193150877,0.007842268794775,3.8045501708984375,-0.74420166015625,3.422882080078125,-4.62518310546875,-0.38262939453125,-1.000274658203125
2019-02-26,12,2,304.7767028808594,284.9507141113281,1.1552276611328125,-0.91607666015625,0.0,91151.03125,266.81610107421875,282.263916015625,298.3359680175781,0.0005467401351779,0.0063125379383563,0.0063699558377265,9.283935546875,-0.0979766845703125,1.5455474853515625,-3.0293426513671875,-2.84210205078125,-1.8509521484375
2019-02-26,18,3,296.93707275390625,282.9853820800781,-2.1332244873046875,0.7671966552734375,0.0,91490.140625,268.24920654296875,281.67840576171875,296.5718994140625,0.0004188190214335,0.0061427690088748,0.0064416490495204,9.665359497070312,2.04541015625,-0.199798583984375,-0.318023681640625,-0.332305908203125,-1.259368896484375
2019-02-27,0,0,294.937255859375,287.1549072265625,0.7523651123046875,1.8142547607421875,8.25,91356.078125,266.84393310546875,280.74822998046875,292.41864013671875,0.0004382110200822,0.0051017217338085,0.0098105333745479,9.602279663085938,0.648193359375,4.20599365234375,5.067718505859375,-1.965972900390625,3.9390869140625
2019-02-27,6,1,302.01837158203125,288.5716857910156,2.0375518798828125,-0.278839111328125,0.0,91510.8125,269.7926330566406,281.6234130859375,294.25982666015625,0.000202651368454,0.0044253282248973,0.009291622787714,10.02410888671875,1.8073577880859373,2.42449951171875,4.295928955078125,-0.2889862060546875,-0.638031005859375
2019-02-27,12,2,304.8018493652344,285.0941467285156,1.83746337890625,-0.5071868896484375,0.0,91137.515625,268.947265625,281.9705810546875,297.9058837890625,0.0001453660515835,0.0064419992268085,0.0068487524986267,12.56005859375,-0.3416748046875,2.494415283203125,-0.2692413330078125,-1.6248016357421875,-0.9249267578125
2019-02-27,18,3,297.2975158691406,285.51373291015625,-0.32769775390625,0.880950927734375,0.0,91421.015625,270.1475524902344,281.5666809082031,296.4130859375,0.0001178596285171,0.006333764642477,0.0071438737213611,8.714385986328125,-1.1092071533203125,2.712020874023437,-7.109893798828125,2.740631103515625,0.4036407470703125
2019-02-28,0,0,295.34588623046875,285.1239013671875,1.3075714111328125,-1.73297119140625,7.0,91424.90625,270.47186279296875,279.5407409667969,292.0657043457031,0.0002297616883879,0.0071227625012397,0.0077189095318317,2.2275848388671875,2.75445556640625,1.7806396484375,-6.921173095703125,0.059539794921875,-8.243682861328125
2019-02-28,6,1,301.7733764648437,284.0620422363281,1.09735107421875,-1.6993560791015625,0.0,91671.296875,269.05645751953125,280.8178100585937,293.6260986328125,0.0002696753945201,0.0049407258629798,0.0070709474384784,5.2853546142578125,5.1016845703125,1.1302490234375,-5.33404541015625,0.29364013671875,-2.710418701171875
2019-02-28,12,2,304.34423828125,282.90191650390625,1.757293701171875,-0.5511016845703125,0.0,91250.1875,268.3415832519531,281.56787109375,297.3291320800781,0.0004629143513739,0.0056128501892089,0.0063342228531837,4.800216674804688,0.9440765380859376,2.2839508056640625,-6.49078369140625,-0.872222900390625,-1.0622711181640625
2019-02-28,18,3,296.53515625,282.9316101074219,-0.8394775390625,-2.002105712890625,0.0,91525.625,268.392822265625,281.60028076171875,296.5494384765625,0.0005174481775611,0.0056350901722908,0.0058230869472026,3.03961181640625,-5.321014404296875,3.5225372314453125,-5.6085357666015625,1.6678619384765625,-5.1776275634765625
2019-03-01,0,0,294.4794616699219,288.3018798828125,-1.028045654296875,-0.2682952880859375,194.0,91434.6875,267.447265625,280.3026733398437,292.8682556152344,0.0006359110120683,0.0056794546544551,0.0097530558705329,1.9506683349609373,2.582992553710937,1.452667236328125,-0.70172119140625,0.7719573974609375,0.564971923828125
2019-03-01,6,1,302.6641845703125,287.4530639648437,-0.5027313232421875,0.1279449462890625,0.0,91621.265625,267.797119140625,282.1171264648437,294.3118591308594,0.0006736901123076,0.0024484312161803,0.0099586769938468,5.1504974365234375,1.18023681640625,-0.99285888671875,-5.1793975830078125,-0.4576416015625,-0.0447540283203125
2019-03-01,12,2,305.684326171875,284.9776306152344,-0.0065765380859375,-0.3199920654296875,0.0,91226.140625,268.8062438964844,282.196533203125,298.3126220703125,0.0005156178958714,0.007537443190813,0.0075877346098423,4.667327880859375,-3.749313354492188,-0.6325531005859375,-4.5966796875,-1.681427001953125,-0.6518096923828125
2019-03-01,18,3,297.1942138671875,293.5405578613281,-4.81201171875,1.7041168212890625,613.875,91598.21875,269.8495178222656,281.66650390625,291.7944030761719,0.0003982863854616,0.0074982829391956,0.0141572803258895,2.0354156494140625,0.288482666015625,-7.918670654296875,-4.228302001953125,-1.219268798828125,4.8416900634765625
2019-03-02,0,0,295.72772216796875,292.74365234375,-2.05126953125,2.4405517578125,77.625,91478.21875,269.7171630859375,281.2386779785156,292.5550537109375,0.0004168390296399,0.0065791793167591,0.0116883218288421,2.221420288085937,-0.39532470703125,-5.3485870361328125,-5.760284423828125,-1.8553619384765625,5.3427276611328125
2019-03-02,6,1,301.94744873046875,291.0006103515625,-2.1858062744140625,2.2581024169921875,0.0,91720.015625,269.97027587890625,283.97540283203125,292.8292541503906,0.0003738922532647,0.0038700287695974,0.01215061545372,-3.1458740234375,-0.5023040771484375,-3.112045288085937,-6.758834838867188,0.9713897705078124,3.254058837890625
2019-03-02,12,2,303.8406982421875,289.2891845703125,-2.425384521484375,1.0083160400390625,0.0,91386.484375,269.4481201171875,282.09033203125,296.505126953125,0.0005269821267575,0.0083171874284744,0.0102333277463912,-2.40380859375,-2.2030487060546875,-3.763214111328125,-6.8395843505859375,-0.8645782470703125,1.2393951416015625
2019-03-02,18,3,297.66192626953125,289.6850280761719,-3.8654632568359375,1.869049072265625,0.0,91714.109375,268.6895751953125,284.9365539550781,292.2686767578125,0.0005533122457563,0.0054903514683246,0.0113903954625129,-4.744186401367188,-1.065948486328125,-5.7929534912109375,-6.919677734375,-4.7118072509765625,5.4632415771484375
2019-03-03,0,0,294.51953125,291.193603515625,-1.7660675048828125,1.3143157958984375,14.375,91524.5,269.98681640625,283.0250244140625,292.14508056640625,0.0003180985804647,0.0059786401689052,0.011512491852045,-2.800155639648437,-3.1256103515625,-1.02459716796875,-5.502410888671875,-6.5066986083984375,3.8521881103515625
2019-03-03,6,1,301.1142883300781,289.7496337890625,-0.45355224609375,1.41314697265625,5.5,91706.78125,270.3537292480469,282.18902587890625,292.48175048828125,0.0003396836109459,0.0053813457489013,0.011445302516222,-5.4561309814453125,-3.938934326171875,-0.6602020263671875,-5.71234130859375,-4.49560546875,1.687896728515625
2019-03-03,12,2,304.0621032714844,287.9825134277344,-0.8748779296875,-1.7652130126953125,0.0,91287.6875,270.24365234375,281.653564453125,297.3464660644531,0.0003938786685466,0.0089145749807357,0.0097376443445682,-4.21612548828125,-5.63336181640625,-2.246932983398437,-4.046722412109375,-2.8254547119140625,-2.69903564453125
2019-03-03,18,3,298.3583679199219,288.4245300292969,-3.2801971435546875,1.7118682861328125,0.0,91632.578125,270.2020874023437,283.89794921875,293.8239440917969,0.0005905323196202,0.0053652971982955,0.0107735432684421,-1.7642822265625,-1.638824462890625,-3.626068115234375,-4.2977294921875,-3.832809448242188,4.44171142578125
2019-03-04,0,0,294.745361328125,291.7023620605469,-1.5067901611328125,1.2120513916015625,18.125,91423.0,269.2174072265625,282.8716735839844,293.6163330078125,0.0007863179780542,0.0053854249417781,0.0104999020695686,-0.328399658203125,-3.25616455078125,-0.427276611328125,-3.4145660400390625,-3.914886474609375,4.068618774414063
2019-03-04,6,1,302.7332763671875,290.26141357421875,0.06781005859375,1.4887847900390625,37.75,91633.859375,268.97265625,284.74517822265625,294.3248596191406,0.0008777927141636,0.003627796890214,0.0115817971527576,-0.810821533203125,-3.574554443359375,-0.0343170166015625,-4.416519165039063,-3.6131439208984375,1.75732421875
2019-03-04,12,2,304.73004150390625,289.70416259765625,0.8566436767578125,-0.07586669921875,0.0,91222.359375,268.29937744140625,282.9901733398437,297.8562927246094,0.0014707499649375,0.0077973008155822,0.0098492167890071,-0.9646759033203124,-2.8291778564453125,0.81903076171875,-6.964385986328125,-3.4705963134765625,-0.320159912109375
2019-03-04,18,3,299.5677490234375,287.8616027832031,0.6722869873046875,2.8853302001953125,92.0,91472.953125,269.23162841796875,282.5482788085937,295.05206298828125,0.0007355844136327,0.0085421912372112,0.0115914158523082,-4.880874633789063,-0.11529541015625,2.652816772460937,-2.801055908203125,-5.866012573242188,9.0694580078125
2019-03-05,0,0,296.1610412597656,291.9616394042969,1.15960693359375,-0.1512298583984375,162.0,91365.5625,268.378173828125,282.248779296875,293.31988525390625,0.0005265159998089,0.0087817776948213,0.0117566175758838,0.5231475830078125,-1.30548095703125,3.410064697265625,-5.0587921142578125,-1.983428955078125,-0.0892791748046875
2019-03-05,6,1,302.6487731933594,289.6419982910156,1.8175506591796875,0.6435089111328125,41.125,91636.90625,268.414306640625,282.3939514160156,294.16796875,0.0003338863607496,0.0088202357292175,0.0116033591330051,0.466552734375,-0.403228759765625,2.444793701171875,-3.757492065429688,0.1458740234375,0.4523468017578125
2019-03-05,12,2,305.3485107421875,290.1005249023437,1.46337890625,0.43731689453125,0.0,91217.109375,268.8653564453125,283.01141357421875,298.4041748046875,0.0003534399438649,0.0081092827022075,0.0096766874194145,0.094207763671875,-0.4495849609375,1.981597900390625,-5.99761962890625,-3.790130615234375,-0.1336212158203125
2019-03-05,18,3,299.718994140625,289.89971923828125,1.246856689453125,1.7068023681640625,82.375,91562.34375,268.93243408203125,282.81744384765625,296.3460693359375,0.0003029615618288,0.0073077455163002,0.011110283434391,-2.160675048828125,-1.2662811279296875,4.7385101318359375,-7.162399291992188,-6.190689086914063,5.160125732421875
2019-03-06,0,0,296.99981689453125,290.8834533691406,1.548858642578125,-0.9942474365234376,20.875,91430.59375,268.5163879394531,282.0577697753906,295.14862060546875,0.000292006181553,0.0071317665278911,0.0100012384355068,-0.977783203125,-1.360931396484375,3.345367431640625,-5.618087768554688,-3.39776611328125,-2.2157745361328125
2019-03-06,6,1,303.94207763671875,287.3846740722656,2.122039794921875,-2.0025634765625,0.0,91641.625,269.63006591796875,283.0172119140625,295.89654541015625,0.0002619510341901,0.0045432616025209,0.0084679760038852,-1.9615478515625,0.8779296875,2.8717041015625,-8.040283203125,-1.4354400634765625,-2.881744384765625
2019-03-06,12,2,305.6893920898437,284.9215393066406,1.7139892578125,-1.5676727294921875,0.0,91272.421875,268.8780517578125,283.0660400390625,299.1706848144531,0.0002836461644619,0.0066309757530689,0.0068606026470661,-1.0482330322265625,0.7522125244140625,2.5434112548828125,-6.2454986572265625,-1.9609832763671875,-2.5251007080078125
2019-03-06,18,3,299.84588623046875,280.666259765625,0.7414703369140625,-2.646270751953125,0.0,91531.6875,269.61016845703125,283.3493347167969,298.2572631835937,0.0002521930728107,0.0064597353339195,0.0058223344385623,-0.9233245849609376,-3.941818237304688,3.182098388671875,-2.9175262451171875,3.7397308349609375,-7.010833740234375
2019-03-07,0,0,296.2190856933594,283.4879150390625,-0.41033935546875,-0.400482177734375,0.0,91371.703125,267.95489501953125,282.44927978515625,295.9156494140625,0.0002176823036279,0.0052535757422447,0.006334938108921,0.2091522216796875,4.999069213867188,-1.8813934326171875,-2.364242553710937,-0.93157958984375,-2.358261108398437
2019-03-07,6,1,304.7553405761719,284.9847717285156,1.4132843017578125,0.1321868896484375,0.0,91592.203125,267.5455322265625,283.8218994140625,296.4827880859375,0.0002302950888406,0.0021265451796352,0.0076051466166973,0.0761260986328125,5.790863037109375,1.687652587890625,-4.7088775634765625,-0.8834686279296875,0.2662811279296875
2019-03-07,12,2,306.4201965332031,283.2293701171875,1.7644805908203125,-0.7444610595703125,0.0,91179.546875,267.9682006835937,283.87371826171875,299.786865234375,0.0002502967545296,0.0042052678763866,0.0049040019512176,-1.0742645263671875,2.986968994140625,3.3101959228515625,-6.696578979492188,-0.870758056640625,-1.384429931640625
2019-03-07,18,3,297.9705505371094,278.530029296875,0.9160919189453124,-2.668914794921875,0.0,91474.3125,269.3663024902344,284.2408447265625,298.96417236328125,0.0002107169857481,0.0034566172398626,0.0033056235406547,0.4902801513671875,-4.029800415039063,3.075653076171875,-4.758148193359375,5.2337188720703125,-6.0138092041015625
2019-03-08,0,0,294.816162109375,284.4508056640625,-1.2800140380859375,-0.8466644287109375,0.0,91443.609375,268.83575439453125,282.48309326171875,295.4171142578125,0.0001836359588196,0.0038094031624495,0.0054297298192977,-1.434600830078125,3.17620849609375,-2.480987548828125,-2.1762237548828125,1.7089691162109375,-3.269882202148437
2019-03-08,6,1,304.5399169921875,287.22723388671875,-0.0875244140625,0.2534027099609375,0.0,91723.53125,268.12921142578125,282.9940795898437,295.91278076171875,0.0002056773373624,0.0026889441069215,0.0079337880015373,-0.3883819580078125,4.1858978271484375,-0.506744384765625,-2.642196655273437,-2.000106811523437,0.0888519287109375
2019-03-08,12,2,306.3062744140625,283.1847839355469,1.47393798828125,-1.304412841796875,0.0,91357.1875,268.0407409667969,283.3764038085937,299.4912414550781,0.0001746586349327,0.0049704536795616,0.0049111135303974,-0.9154815673828124,-0.67156982421875,1.80224609375,-3.65130615234375,-2.7353973388671875,-2.410675048828125
2019-03-08,18,3,297.70623779296875,276.9293212890625,-2.171493530273437,-1.218353271484375,0.0,91663.265625,269.6722412109375,283.1835327148437,298.2886962890625,0.0001460843195673,0.0034829906653612,0.0044916421175003,-4.6580352783203125,-0.722320556640625,-3.072967529296875,-1.3481597900390625,-4.1436767578125,-7.6557159423828125
2019-03-09,0,0,295.9151611328125,291.2115478515625,-1.5271759033203125,1.5227508544921875,338.125,91646.828125,268.3094482421875,281.4221496582031,292.1308898925781,0.0001631483173696,0.0045196190476417,0.0117277540266513,-0.8157196044921875,-1.8964996337890625,-1.525146484375,-3.335205078125,-5.300811767578125,7.2126617431640625
2019-03-09,6,1,302.5074462890625,290.45587158203125,-1.305389404296875,0.40802001953125,49.5,91897.421875,268.1871643066406,282.07598876953125,293.8154602050781,0.0001686017931206,0.0044326372444629,0.0118269696831703,-4.10296630859375,-2.44610595703125,-1.980987548828125,-3.626922607421875,-1.7470703125,0.0372161865234375
2019-03-09,12,2,304.27008056640625,290.02899169921875,-1.83734130859375,0.61578369140625,9.75,91509.8125,268.1298522949219,282.8316345214844,296.8686218261719,0.0001964691036846,0.0075611658394336,0.0103208683431148,-3.268798828125,-0.62982177734375,-2.4627227783203125,-1.057159423828125,-7.1454010009765625,-0.3175811767578125
2019-03-09,18,3,298.6234130859375,290.6539001464844,-2.8770904541015625,1.6706695556640625,23.375,91798.421875,267.7728881835937,281.9701538085937,293.9808959960937,0.0002533681690692,0.0076138954609632,0.0117105431854724,-4.627365112304688,0.7326507568359375,-6.450973510742188,-0.7036285400390625,-6.690673828125,8.179107666015625
2019-03-10,0,0,296.6671447753906,292.1622009277344,-0.41412353515625,2.17095947265625,171.875,91694.546875,267.83270263671875,281.09967041015625,291.9228515625,0.0001874575100373,0.0075092520564794,0.0131538249552249,-2.0858612060546875,-0.80908203125,0.04315185546875,1.2180633544921875,-7.9506378173828125,7.70428466796875
2019-03-10,6,1,303.3131103515625,290.1004638671875,-1.1080780029296875,2.1295318603515625,4.75,91848.8125,267.7958984375,282.49237060546875,294.3745422363281,0.0001695256069069,0.0039798179641366,0.0114121176302433,-0.70159912109375,-5.0254974365234375,-1.951080322265625,0.2596588134765625,-4.6318359375,2.584686279296875
2019-03-10,12,2,305.65789794921875,287.8232727050781,-1.6001434326171875,-0.2040252685546875,0.0,91493.46875,268.25640869140625,282.28973388671875,298.4615173339844,0.0001573853805894,0.0085910744965076,0.0087332762777805,0.594757080078125,-4.466400146484375,-2.8162384033203125,-2.9405670166015625,-3.0601959228515625,-0.953338623046875
2019-03-10,18,3,299.7063903808594,288.9909973144531,-3.4886016845703125,1.3654937744140625,33.625,91861.140625,269.20562744140625,281.65008544921875,294.3844909667969,0.0001630310143809,0.0086079724133014,0.0106600783765316,-0.5726470947265625,-0.1377716064453125,-6.908935546875,-2.74615478515625,-3.255157470703125,6.749786376953125
2019-03-11,0,0,296.7944641113281,291.2353515625,-0.719146728515625,1.6254119873046875,125.25,91772.953125,269.321533203125,281.59716796875,293.3062438964844,0.0001617323432583,0.0075776353478431,0.0091616101562976,0.0421295166015625,-4.559494018554688,-1.8940887451171875,1.4586029052734375,-4.4837799072265625,6.4151153564453125
2019-03-11,6,1,303.59307861328125,288.59375,-1.6158599853515625,2.0929107666015625,0.0,91927.421875,269.228271484375,281.4244689941406,294.5183410644531,0.0001649360492592,0.0066532827913761,0.0095729045569896,-1.4731292724609375,-8.048416137695312,-2.5825958251953125,1.4351654052734375,-5.5528717041015625,2.62567138671875
2019-03-11,12,2,305.4827880859375,285.021728515625,-3.204864501953125,1.2008819580078125,0.0,91563.859375,268.5106506347656,281.759765625,297.9004821777344,0.0001812403206713,0.0076792873442173,0.0077130384743213,-3.017333984375,-4.9112701416015625,-5.2222747802734375,0.300567626953125,-1.289337158203125,1.280853271484375
2019-03-11,18,3,299.00537109375,287.2651672363281,-3.4878692626953125,2.370269775390625,0.0,91891.15625,268.74853515625,281.9512939453125,294.56988525390625,0.0002050820039585,0.0067474283277988,0.0084567964076995,-6.800079345703125,-1.33477783203125,-10.077621459960938,1.3048858642578125,-6.479766845703125,5.6055908203125
2019-03-12,0,0,295.5306396484375,287.0123596191406,0.1994171142578125,1.8167266845703125,0.0,91753.140625,269.2848205566406,281.67596435546875,293.094482421875,0.0004596340004354,0.0063740573823452,0.0073237307369709,-5.657745361328125,-5.047943115234375,-6.521514892578125,6.239791870117188,-6.1048431396484375,7.850494384765625
2019-03-12,6,1,303.4227905273437,284.73760986328125,-1.5478973388671875,2.7116241455078125,0.0,91988.390625,268.6974182128906,281.52252197265625,293.9931030273437,0.0003645522519946,0.0054480656981468,0.0081846714019775,-5.98553466796875,-10.243667602539062,-2.865814208984375,7.433746337890625,-5.9806060791015625,3.813323974609375
2019-03-12,12,2,305.3292236328125,283.3807373046875,-3.4401092529296875,1.6124420166015625,0.0,91606.140625,268.62725830078125,281.7975158691406,297.914794921875,0.0003510217647999,0.0057113245129585,0.0057595707476139,-4.785934448242188,-6.35565185546875,-6.0193634033203125,5.248550415039063,0.5373992919921875,2.2191314697265625
2019-03-12,18,3,298.4691162109375,283.3515930175781,-3.25115966796875,2.982162475585937,0.0,91864.359375,268.8612976074219,281.8477478027344,295.2706298828125,0.0005692220292985,0.0050876755267381,0.0045175589621067,-4.27886962890625,-4.2233734130859375,-10.049560546875,5.996978759765625,-4.3827972412109375,7.3485107421875
2019-03-13,0,0,295.2333679199219,283.53973388671875,-1.6549835205078125,1.5774078369140625,0.0,91728.765625,268.97198486328125,280.6395263671875,294.498779296875,0.0013270999770611,0.0053496323525905,0.0048920679837465,-3.1150360107421875,-6.22149658203125,-7.570632934570312,7.768280029296875,-4.87677001953125,6.091720581054688
2019-03-13,6,1,304.7092590332031,280.249755859375,-3.4063873291015625,2.79296875,0.0,91977.25,268.4354858398437,280.1718139648437,295.00518798828125,0.0011772427242249,0.0058214999735355,0.0058646127581596,-3.1537322998046875,-10.025177001953123,-5.638717651367188,8.195892333984375,-3.015380859375,3.96258544921875
2019-03-13,12,2,305.13641357421875,280.150390625,-3.635055541992188,1.4912567138671875,0.0,91681.1875,267.306640625,281.409912109375,297.4437255859375,0.0008386895060539,0.0050382688641548,0.0051008723676204,-4.80841064453125,-6.0628662109375,-6.266403198242188,9.766845703125,0.1919708251953125,2.167831420898437
2019-03-13,18,3,298.04150390625,283.4145812988281,-3.2124481201171875,2.25390625,0.0,91973.234375,268.01806640625,282.03546142578125,295.3890991210937,0.0007726761978119,0.0040199710056185,0.0047065280377864,-3.357940673828125,-3.670867919921875,-9.387954711914062,8.627639770507812,-5.2805023193359375,3.942062377929688
2019-03-14,0,0,294.44598388671875,282.95068359375,-2.0362548828125,1.5202178955078125,0.0,91774.109375,267.170654296875,281.7653503417969,294.3539428710937,0.002795263659209,0.0035069852601736,0.0044196471571922,-2.2286834716796875,-4.1112060546875,-8.424362182617188,8.191726684570312,-4.2328033447265625,7.280670166015625
2019-03-14,6,1,304.4830322265625,280.8262939453125,-3.7261810302734375,3.2996826171875,0.0,91947.0625,267.05084228515625,282.4576721191406,295.3334045410156,0.0037252139300107,0.0018468522466719,0.005437534302473,-1.428955078125,-7.182708740234375,-6.123016357421875,6.7921295166015625,-2.49481201171875,4.818328857421875
2019-03-14,12,2,305.0013427734375,281.47222900390625,-3.4011688232421875,2.293792724609375,0.0,91596.25,267.562744140625,281.68829345703125,297.69610595703125,0.0033199039753526,0.0054849050939083,0.0056214034557342,0.202789306640625,-5.38494873046875,-5.91351318359375,3.6365814208984375,1.4051055908203125,3.676666259765625
2019-03-14,18,3,298.8509521484375,282.41650390625,-3.0677490234375,2.5684356689453125,0.0,91896.21875,265.72613525390625,283.3544616699219,295.1009826660156,0.0035479683429002,0.003351213177666,0.0058132074773311,-0.2353057861328125,-4.654815673828125,-8.147903442382812,4.331878662109375,-2.547607421875,6.4920196533203125
2019-03-15,0,0,295.7788391113281,280.5025939941406,-2.310043334960937,1.6563873291015625,0.0,91738.0625,265.8057861328125,282.8212890625,293.8646850585937,0.0031128311529755,0.0027535082772374,0.0048276931047439,2.323944091796875,-4.84027099609375,-8.886871337890625,4.130889892578125,-4.7087249755859375,8.046249389648438
2019-03-15,6,1,304.2056884765625,279.2271423339844,-3.7162017822265625,2.66302490234375,0.0,91958.875,267.86383056640625,282.4134826660156,295.1365966796875,0.002019909908995,0.0023033500183373,0.0047932937741279,1.6116943359375,-6.223876953125,-5.828903198242188,3.760665893554688,-2.807403564453125,3.788543701171875
2019-03-15,12,2,305.06646728515625,280.37890625,-3.5936737060546875,1.53955078125,0.0,91537.328125,268.00152587890625,281.85595703125,297.81707763671875,0.0016644943971186,0.0044047199189662,0.004494022578001,2.5742645263671875,-5.446868896484375,-6.053878784179688,2.52056884765625,-0.2274322509765625,2.224212646484375
2019-03-15,18,3,297.9659423828125,282.960693359375,-3.728713989257813,1.8568878173828125,0.0,91869.671875,268.2890625,282.8515625,294.5912780761719,0.0014079841785132,0.0037384130991995,0.0055838711559772,2.602874755859375,-2.7881317138671875,-10.0860595703125,4.5074615478515625,-5.9870452880859375,4.255035400390625
2019-03-16,0,0,294.84063720703125,284.5513916015625,-2.3233795166015625,0.707916259765625,0.0,91686.296875,268.6794738769531,283.1169128417969,294.0157470703125,0.0010030916891992,0.0019720674026757,0.0038573131896555,3.2857666015625,-5.118942260742188,-8.691986083984375,3.0371856689453125,-6.9643096923828125,2.5063629150390625
2019-03-16,6,1,303.37213134765625,279.4162292480469,-4.04486083984375,1.4545745849609375,0.0,91930.90625,268.38543701171875,283.0668334960937,294.58966064453125,0.0009484896436333,0.0015147330705076,0.005141258239746,2.373443603515625,-8.345901489257812,-6.261016845703125,3.302108764648437,-3.7630767822265625,1.7137908935546875
2019-03-16,12,2,304.3813171386719,281.3797302246094,-3.853118896484375,0.790374755859375,0.0,91577.40625,267.7644958496094,281.0644226074219,296.8830261230469,0.0009127361699938,0.0051060877740383,0.0053538084030151,2.309188842773437,-5.009857177734375,-6.232711791992188,0.214019775390625,-1.560211181640625,0.943023681640625
2019-03-16,18,3,297.095703125,284.0369873046875,-3.375732421875,1.328094482421875,0.0,91867.578125,268.2974853515625,283.2807922363281,294.01885986328125,0.000476028304547,0.0012552367988973,0.0069748535752296,-0.0461883544921875,-6.6120147705078125,-6.3396759033203125,0.7168426513671875,-3.691741943359375,1.534393310546875
2019-03-17,0,0,292.92828369140625,286.34051513671875,-2.006378173828125,-0.11407470703125,0.0,91687.046875,267.9591369628906,283.52301025390625,294.4737243652344,0.0004038258921355,0.0014178734272718,0.0028739948756992,3.913543701171875,-7.68389892578125,-1.996185302734375,2.233551025390625,-4.857101440429688,-0.26544189453125
2019-03-17,6,1,302.7074584960937,279.9606628417969,-1.35345458984375,0.6361083984375,0.0,91885.40625,268.2695617675781,283.7552490234375,293.79718017578125,0.00031727575697,0.0010431867558509,0.0056487321853637,2.518310546875,-9.097625732421877,-1.906005859375,-0.1749725341796875,-3.044769287109375,0.3767852783203125
2019-03-17,12,2,305.0906066894531,280.5062866210937,-2.2283172607421875,0.286651611328125,0.0,91501.015625,268.6258544921875,281.8738098144531,297.8890380859375,0.0002368424466112,0.0045499899424612,0.0046401359140872,3.077789306640625,-3.58514404296875,-3.44073486328125,-3.37200927734375,-3.026763916015625,-0.261260986328125
2019-03-17,18,3,297.1939697265625,284.4950561523437,-2.90045166015625,1.59844970703125,0.0,91732.84375,267.9488525390625,285.6975402832031,294.38104248046875,0.000264398753643,0.0009899616707116,0.0073974467813968,2.6351318359375,-6.92633056640625,-3.667877197265625,-2.1839599609375,-0.8498077392578125,4.640869140625
2019-03-18,0,0,294.2245483398437,289.18115234375,-1.442413330078125,1.3418731689453125,0.0,91640.28125,267.4139404296875,284.22222900390625,292.2807922363281,0.0003383529838174,0.0009240321815013,0.0085093975067138,2.4907379150390625,-4.3741607666015625,1.9500274658203125,-2.4080810546875,-2.7642974853515625,4.7206573486328125
2019-03-18,6,1,302.986572265625,287.06475830078125,0.6331787109375,1.4407501220703125,0.0,91871.0625,266.99969482421875,284.5392761230469,294.1302490234375,0.0005567483603954,0.0008674806449562,0.0087415538728237,0.859893798828125,-5.0762481689453125,0.67529296875,-4.3129730224609375,-3.02960205078125,1.452484130859375
2019-03-18,12,2,305.98699951171875,284.0931701660156,-0.73455810546875,-0.187255859375,0.0,91445.09375,266.9624328613281,282.3690185546875,298.49151611328125,0.0006440512370318,0.0064202845096588,0.0065139681100845,-0.408233642578125,-2.546127319335937,-1.2852325439453125,-5.545867919921875,-3.414276123046875,-1.0365142822265625
2019-03-18,18,3,297.9569702148437,288.4205627441406,-4.808746337890625,1.7754974365234375,1.625,91737.984375,267.134521484375,281.7618408203125,293.2845458984375,0.0005555807147175,0.0067566819489002,0.0099878683686256,-2.211090087890625,2.733917236328125,-7.56536865234375,-6.564254760742188,-2.050537109375,8.769515991210938
2019-03-19,0,0,295.4232788085937,290.7399597167969,-0.7709197998046875,2.138336181640625,0.0,91585.75,267.0399169921875,281.95147705078125,292.4042358398437,0.0005523334257304,0.0049483925104141,0.0104395635426044,1.281402587890625,-1.91351318359375,1.835296630859375,-6.8035736083984375,-4.939453125,7.108078002929688
2019-03-19,6,1,303.25115966796875,289.15509033203125,1.0925445556640625,2.163436889648437,0.0,91663.609375,267.223388671875,282.35894775390625,294.73504638671875,0.0005288820248097,0.0045884549617767,0.0105092301964759,0.34320068359375,-4.5081939697265625,1.3021392822265625,-6.8154296875,-5.0565185546875,2.7332305908203125
2019-03-19,12,2,305.90631103515625,286.73779296875,-0.8098602294921875,0.3830413818359375,0.0,91264.875,266.42120361328125,282.58599853515625,298.798828125,0.0009034515824168,0.0080857425928115,0.0081851445138454,0.7430572509765625,-2.9072723388671875,-1.4122467041015625,-5.480133056640625,-1.26409912109375,0.0900726318359375
2019-03-19,18,3,299.9368896484375,288.15557861328125,-3.2720184326171875,1.986114501953125,0.0,91561.953125,267.74713134765625,282.61651611328125,295.0810241699219,0.000558118103072,0.0077517703175544,0.0098839849233627,0.1658782958984375,1.6507720947265625,-5.0640716552734375,-4.835723876953125,-4.96148681640625,9.74249267578125
2019-03-20,0,0,296.5992736816406,291.29327392578125,-0.387939453125,2.123321533203125,38.75,91455.28125,267.6971130371094,281.31988525390625,292.6197509765625,0.000294181285426,0.0080132260918617,0.0114967264235019,1.43212890625,-2.6892547607421875,0.9180755615234376,-6.3290557861328125,-2.15673828125,7.6011962890625
2019-03-20,6,1,303.2490234375,289.26959228515625,-0.5608062744140625,2.419647216796875,1.75,91705.640625,268.1182861328125,282.496826171875,294.6910400390625,0.0002658949233591,0.0054870098829269,0.0104852430522441,0.2773284912109375,-4.5038604736328125,-1.145904541015625,-5.450927734375,0.0813751220703125,3.268646240234375
2019-03-20,12,2,305.27978515625,286.60858154296875,-1.4710845947265625,1.0678253173828125,0.0,91351.828125,267.434814453125,281.8123779296875,298.10760498046875,0.0010963154491037,0.0081041231751441,0.0082132071256637,0.53961181640625,-2.880889892578125,-2.37640380859375,-5.39410400390625,0.7480926513671875,1.3716278076171875
2019-03-20,18,3,298.9619445800781,288.4798583984375,-2.9156951904296875,2.7353515625,0.0,91666.640625,267.8808288574219,281.6610717773437,294.24322509765625,0.0005371288862079,0.0079491138458251,0.009536363184452,0.775726318359375,2.48602294921875,-4.85296630859375,-7.286529541015625,-3.8632659912109375,10.32666015625
2019-03-21,0,0,296.6606140136719,289.7515869140625,-0.429473876953125,1.4689178466796875,1.375,91559.21875,267.4932861328125,281.01904296875,292.4353942871094,0.0003461437299847,0.0079993605613708,0.0100741870701313,1.0857086181640625,-3.829254150390625,0.748199462890625,-5.4530792236328125,-5.9918365478515625,5.630386352539063
2019-03-21,6,1,303.877197265625,286.9137878417969,0.4801177978515625,1.0306854248046875,0.0,91824.109375,267.178955078125,281.3207092285156,294.8692932128906,0.0003889382351189,0.0069222226738929,0.0093952752649784,-0.300537109375,-5.98468017578125,0.26678466796875,-1.8252105712890625,-2.682830810546875,1.1139984130859375
2019-03-21,12,2,306.3166198730469,284.9045104980469,-0.6457672119140625,0.3831329345703125,0.0,91413.984375,267.2351989746094,282.60797119140625,298.7496032714844,0.0004088631831109,0.0070036612451076,0.0070703849196434,-0.3248748779296875,-3.49395751953125,-1.37579345703125,-4.259552001953125,-0.13995361328125,0.4031524658203125
2019-03-21,18,3,299.05889892578125,284.4605712890625,-2.929794311523437,1.6867218017578125,0.0,91790.078125,267.33953857421875,281.8246459960937,295.4256896972656,0.0005434972699731,0.0072600059211254,0.0073959305882453,-1.968414306640625,2.29815673828125,-3.5089111328125,-3.39208984375,-3.058563232421875,8.740631103515625
2019-03-22,0,0,295.649169921875,289.7956237792969,-0.5023040771484375,1.88238525390625,2.125,91669.921875,266.31463623046875,281.5242919921875,292.3924560546875,0.0005349905695766,0.0074901022017002,0.0102745108306407,-0.4204254150390625,-3.679107666015625,3.5628204345703125,-4.169357299804688,-4.3522491455078125,6.0038909912109375
2019-03-22,6,1,303.614501953125,289.3018798828125,1.2457275390625,0.999603271484375,0.0,91875.296875,266.635986328125,281.847900390625,294.8583374023437,0.0003762850537896,0.0056631341576576,0.0100985765457153,-1.1184844970703125,-6.3662109375,1.6103973388671875,-6.76953125,-0.8968658447265625,1.0386962890625
2019-03-22,12,2,306.11627197265625,287.4748840332031,-0.6144866943359375,-0.096527099609375,0.0,91438.5,266.7009582519531,282.754150390625,298.90704345703125,0.0004158120136708,0.0081784762442111,0.0082445181906223,-1.30731201171875,-2.6618194580078125,-1.2685546875,-6.955963134765625,-1.8616180419921875,-0.48748779296875
2019-03-22,18,3,300.0826416015625,286.50360107421875,-2.853378295898437,1.9301605224609373,0.0,91710.5625,267.68121337890625,282.73211669921875,296.11553955078125,0.0003284658305346,0.0079805962741374,0.0090937204658985,-3.3505401611328125,1.6105194091796875,-4.06549072265625,-5.740142822265625,-3.886962890625,8.532180786132812
2019-03-23,0,0,297.3129272460937,289.7080383300781,-0.785858154296875,1.5755462646484375,10.5,91644.984375,267.5357360839844,281.8715209960937,294.5530090332031,0.0002909998875111,0.0073327822610735,0.0095449686050415,0.2785797119140625,-1.13250732421875,-0.6139068603515625,-4.823760986328125,-3.781692504882813,5.5652618408203125
2019-03-23,6,1,303.97430419921875,288.6454162597656,-0.5816650390625,1.2904052734375,0.0,91788.921875,267.50225830078125,282.4410400390625,295.81689453125,0.0003543710336089,0.0066567473113536,0.0097348131239414,-1.33465576171875,-3.488800048828125,-1.212371826171875,-5.34295654296875,-3.354705810546875,1.48101806640625
2019-03-23,12,2,306.4798583984375,288.1063537597656,-0.999847412109375,0.196258544921875,0.0,91399.578125,266.99566650390625,282.7738342285156,298.9022216796875,0.0013231851626187,0.0083285421133041,0.0084203965961933,-1.58209228515625,-4.2982177734375,-1.9642333984375,-5.0245513916015625,-2.455307006835937,-0.3219146728515625
2019-03-23,18,3,301.0472106933594,286.40887451171875,-3.031723022460937,1.40179443359375,1.75,91683.484375,267.7931213378906,282.5946350097656,296.2294311523437,0.0005728490650653,0.008278515189886,0.00970359146595,-2.9076385498046875,-0.4700775146484375,-5.016357421875,-3.5859527587890625,-2.298583984375,7.6840667724609375
2019-03-24,0,0,297.5841064453125,290.1748352050781,-0.059051513671875,1.72454833984375,73.25,91595.953125,267.7030639648437,281.85137939453125,294.5701904296875,0.0005597323179244,0.0081283375620841,0.0102454088628292,2.7237091064453125,-3.5948028564453125,-1.74957275390625,-5.6384124755859375,-4.455810546875,6.5600128173828125
2019-03-24,6,1,304.1899719238281,289.3089599609375,-0.87542724609375,0.60296630859375,0.0,91735.890625,267.88165283203125,282.8663635253906,296.03912353515625,0.000230707519222,0.0063069388270378,0.0094710178673267,-1.993316650390625,-6.721115112304688,-1.79345703125,-7.6438446044921875,-5.7010650634765625,0.5446319580078125
2019-03-24,12,2,306.4132080078125,287.3645324707031,-2.4699859619140625,0.0125274658203125,2.0,91294.484375,267.456298828125,283.2772827148437,299.48291015625,0.0018237237818539,0.0081027746200561,0.0081115886569023,-2.1331329345703125,-5.6427154541015625,-4.54864501953125,-4.8832855224609375,-2.7033233642578125,-0.6022796630859375
2019-03-24,18,3,300.0526733398437,288.1313171386719,-3.3287506103515625,1.7351531982421875,0.0,91594.734375,268.997314453125,283.03912353515625,295.6718444824219,0.0005301884375512,0.0075432248413562,0.0092697329819202,-0.56610107421875,-1.8990325927734373,-7.621231079101562,-7.0023040771484375,-4.3175048828125,6.3631744384765625
2019-03-25,0,0,296.2769775390625,291.5399169921875,-1.527435302734375,1.1757354736328125,65.375,91550.65625,269.92205810546875,282.458984375,295.1510314941406,0.0002887046430259,0.0071987099945545,0.006561804562807,0.1197662353515625,-3.4180145263671875,-6.6497650146484375,-5.9727783203125,-7.5556182861328125,5.4967803955078125
2019-03-25,6,1,304.88330078125,287.5889892578125,-3.6282806396484375,1.323272705078125,0.0,91681.59375,269.4903564453125,282.8516845703125,296.56524658203125,0.0002697468735277,0.0041572004556655,0.0072776414453983,-0.6694183349609375,-8.288818359375,-5.580612182617188,-7.30670166015625,-7.9775390625,1.3386383056640625
2019-03-25,12,2,306.48016357421875,285.0502319335937,-3.221176147460937,0.6748199462890625,0.0,91367.4375,269.4545593261719,283.46075439453125,299.6040954589844,0.0002591831143945,0.006543181836605,0.0066542811691761,0.9683990478515624,-4.770538330078125,-5.1712493896484375,-7.484237670898437,-2.56640625,0.4124755859375
2019-03-25,18,3,299.4520263671875,284.9097900390625,-3.1328887939453125,1.626617431640625,0.0,91722.484375,268.88897705078125,283.50701904296875,295.6338195800781,0.0003144156653434,0.0055996440351009,0.0089766792953014,-0.2014923095703125,0.237945556640625,-7.272140502929687,-5.0006256103515625,-6.98822021484375,5.001739501953125
2019-03-26,0,0,296.3646850585937,287.8576354980469,-1.15008544921875,1.437591552734375,0.0,91594.390625,268.8852233886719,282.72265625,294.25018310546875,0.0010405820794403,0.0048753842711448,0.0079936869442462,2.69061279296875,-3.101043701171875,-5.9749603271484375,-8.202041625976562,-9.100997924804688,4.2416839599609375
2019-03-26,6,1,304.4829406738281,284.6235046386719,-2.305572509765625,1.649932861328125,0.0,91813.46875,267.9635009765625,282.7127380371094,295.7529296875,0.0014990794006735,0.0038839639164507,0.0076530687510967,-1.728240966796875,-8.25701904296875,-3.6479339599609375,-3.6716156005859375,-9.439056396484377,1.880096435546875
2019-03-26,12,2,306.4812316894531,283.5101318359375,-3.3590850830078125,0.548980712890625,0.0,91498.265625,267.06988525390625,283.3677978515625,299.4838256835937,0.0013846633955836,0.0062055215239524,0.0063092522323131,0.22650146484375,-5.4561614990234375,-5.600997924804688,-3.068084716796875,-3.3130035400390625,-0.0046234130859375
2019-03-26,18,3,299.26617431640625,284.7786865234375,-3.006454467773437,2.152923583984375,0.0,91844.625,267.6146240234375,283.8801574707031,295.45379638671875,0.0005718921311199,0.0045428164303302,0.0086849480867385,-0.2199554443359375,-6.489303588867188,-5.324005126953125,-4.774093627929688,-7.169647216796875,5.47027587890625
2019-03-27,0,0,295.274169921875,287.295654296875,-0.665802001953125,1.6501007080078125,0.0,91813.9375,268.2052917480469,283.21954345703125,293.3944702148437,0.0002191240055253,0.0033375974744558,0.0092547573149204,-4.266326904296875,-9.618240356445312,-3.2172393798828125,-6.395599365234375,-7.535720825195312,4.3490753173828125
2019-03-27,6,1,303.802001953125,285.9423522949219,-1.01715087890625,0.6582183837890625,0.0,91952.140625,268.49346923828125,282.74658203125,295.4064025878906,9.06373024918139e-05,0.0033998410217463,0.0074445270001888,-8.4854736328125,-10.458694458007812,-1.8799896240234373,-4.7495880126953125,-7.708099365234375,0.51019287109375
2019-03-27,12,2,307.1220703125,280.2608337402344,-2.666778564453125,-0.5123443603515625,0.0,91528.375,268.7015075683594,283.7643127441406,299.92999267578125,5.187407077755779e-05,0.0042103882879018,0.0042190980166196,-8.14312744140625,-5.58270263671875,-5.14349365234375,-2.236663818359375,-2.916961669921875,-1.43975830078125
2019-03-27,18,3,299.03082275390625,280.9207458496094,-2.1497344970703125,1.040802001953125,0.0,91915.484375,268.57086181640625,282.97589111328125,296.86151123046875,9.26548382267356e-05,0.0043740309774875,0.0057850442826747,-8.771514892578125,-0.827056884765625,-6.98797607421875,-4.89642333984375,-5.362823486328125,2.998992919921875
2019-03-28,0,0,295.7559814453125,283.65289306640625,-0.6374664306640625,1.9869537353515625,0.0,91766.15625,268.2588806152344,282.17828369140625,294.7052917480469,9.767570008989424e-05,0.0036268571857362,0.0064613185822963,-8.17266845703125,-3.15496826171875,-3.626007080078125,-3.4099578857421875,-8.156585693359375,3.86358642578125
2019-03-28,6,1,304.81134033203125,286.025390625,-1.3946380615234375,0.9156951904296876,0.0,91872.078125,268.0326843261719,283.2820739746094,296.5602722167969,5.798596248496324e-05,0.003989094402641,0.007185835391283,-8.1767578125,-8.16278076171875,-2.561676025390625,1.6433563232421875,-12.4468994140625,0.7491302490234375
2019-03-28,12,2,307.6478271484375,282.291015625,-2.48602294921875,-1.042755126953125,0.0,91402.640625,267.0242919921875,284.46539306640625,300.7208557128906,0.0001130416349042,0.005805741995573,0.0058644525706768,-5.9605712890625,-5.180023193359375,-4.567916870117188,0.4043121337890625,-3.747100830078125,-2.356414794921875
2019-03-28,18,3,300.0072326660156,280.9163513183594,-2.360336303710937,1.350494384765625,0.0,91698.75,266.85809326171875,283.0228271484375,297.09197998046875,0.000120686730952,0.0064524188637733,0.0065250024199485,-6.0491943359375,-2.1170196533203125,-5.6857757568359375,-2.089462280273437,-3.7720794677734375,6.928375244140625
2019-03-29,0,0,297.01318359375,284.21539306640625,0.12530517578125,2.125839233398437,0.0,91545.15625,267.306396484375,282.5601806640625,294.9382629394531,0.000102283040178,0.0053331032395362,0.0076848715543746,-4.52178955078125,-2.3695831298828125,-0.9934234619140624,0.66827392578125,-10.01226806640625,6.7294769287109375
2019-03-29,6,1,303.74737548828125,290.30340576171875,0.24871826171875,0.854400634765625,7.25,91700.828125,267.1402587890625,282.94842529296875,295.95196533203125,0.0001366747892461,0.0065081715583801,0.0098278746008872,-2.3152618408203125,-7.450088500976562,-0.2529144287109375,2.1209869384765625,-11.148284912109377,0.934326171875
2019-03-29,12,2,307.40850830078125,287.4847412109375,-1.4544677734375,-1.003814697265625,0.0,91273.734375,267.1300048828125,284.1718139648437,300.53143310546875,0.0002697768504731,0.0069912150502204,0.0070465914905071,-0.173736572265625,-4.80548095703125,-2.9843902587890625,-2.560394287109375,-2.986083984375,-2.016708374023437
2019-03-29,18,3,301.0582580566406,285.8175964355469,-3.111434936523437,2.278060913085937,0.0,91624.328125,267.5798645019531,283.6042785644531,297.188232421875,0.0001703787129372,0.006705492734909,0.0079272985458374,-0.73602294921875,-0.5679779052734375,-4.388442993164063,-0.8881378173828125,-4.4432220458984375,7.9421234130859375
2019-03-30,0,0,297.27178955078125,287.7452087402344,0.36328125,1.79693603515625,0.0,91496.484375,267.1575927734375,282.485595703125,293.9854431152344,0.0004080971702933,0.0073777623474597,0.0097146928310394,4.092819213867188,-6.95635986328125,1.3742218017578125,-2.309661865234375,-8.392135620117188,7.066192626953125
2019-03-30,6,1,304.53839111328125,286.3665466308594,-0.6904296875,1.4971771240234375,0.0,91666.828125,267.2654724121094,282.5390014648437,296.4144592285156,0.000632369890809,0.0049240253865718,0.00861132517457,2.599365234375,-9.543197631835938,-1.3758544921875,-4.899749755859375,-9.590682983398438,1.7914581298828125
2019-03-30,12,2,307.2554626464844,284.1995849609375,-1.93841552734375,0.938446044921875,0.0,91294.203125,266.9282531738281,283.8116455078125,300.0633239746094,0.0005700087640434,0.0061578378081321,0.0062038041651248,1.0764312744140625,-4.000747680664063,-3.5001678466796875,-4.3025665283203125,-1.531158447265625,0.6298065185546875
2019-03-30,18,3,299.793701171875,282.95025634765625,-2.1026153564453125,1.6808624267578125,0.0,91668.5625,266.8669738769531,283.61474609375,297.65631103515625,0.0002966606989502,0.0052535645663738,0.0068152397871017,-1.67230224609375,-2.825103759765625,-3.39544677734375,-5.3424224853515625,-5.006271362304688,8.086822509765625
2019-03-31,0,0,296.0853881835937,290.001708984375,1.282958984375,0.817291259765625,571.75,91611.53125,267.80206298828125,283.1522216796875,293.9114990234375,0.0003269563894718,0.00227688299492,0.0100498758256435,2.144561767578125,-9.807708740234377,3.955978393554688,-2.4478302001953125,-5.350555419921875,2.9718170166015625
2019-03-31,6,1,304.2264404296875,290.0467529296875,0.5196685791015625,0.9389801025390624,37.125,91757.1875,267.1493835449219,282.4647827148437,295.7701110839844,0.0004891797434538,0.0049261674284935,0.0103009939193725,1.2601776123046875,-7.59735107421875,0.10308837890625,-3.32574462890625,-2.561248779296875,1.007568359375
2019-03-31,12,2,307.16778564453125,286.6600341796875,-0.90521240234375,0.183135986328125,0.0,91324.0,266.37945556640625,284.20904541015625,300.334228515625,0.0005308901891112,0.0059193558990955,0.0060089416801929,-0.634674072265625,-4.8676605224609375,-2.3551483154296875,-4.844451904296875,-1.695159912109375,-0.169403076171875
2019-03-31,18,3,299.8684387207031,283.23883056640625,-1.6425933837890625,1.2928924560546875,0.0,91641.78125,266.0227355957031,283.51483154296875,298.1484375,0.0006837381515651,0.0059616528451442,0.0063775144517421,-5.0348968505859375,0.73199462890625,-1.9391021728515625,-1.9016571044921875,-0.9055938720703124,7.2029876708984375
2019-04-01,0,0,296.79254150390625,286.962646484375,0.6923065185546875,1.6952056884765625,108.0,91546.171875,265.9482116699219,282.9157409667969,295.5746765136719,0.0007046416867524,0.0059781409800052,0.0081955678761005,-0.1403350830078125,-7.582626342773437,1.6491851806640625,-6.88616943359375,-2.1418914794921875,1.779266357421875
2019-04-01,6,1,305.3529663085937,287.839599609375,-0.3879241943359375,0.7557525634765625,0.0,91712.59375,266.7593688964844,283.37664794921875,297.1568603515625,0.001150517957285,0.0042474106885492,0.0083854049444198,-1.9827728271484373,-8.445175170898438,-0.991119384765625,-4.467132568359375,-3.5031280517578125,0.767578125
2019-04-01,12,2,307.6090087890625,287.5672607421875,-0.012969970703125,0.421539306640625,0.0,91336.625,266.34490966796875,284.0958557128906,300.31866455078125,0.0017691010143607,0.0062755532562732,0.0064105354249477,-1.3637542724609375,-3.5604248046875,-0.9029998779296876,-3.552886962890625,-0.733154296875,0.229095458984375
2019-04-01,18,3,299.9053955078125,285.9998779296875,-1.8967132568359373,0.8836212158203125,0.0,91680.328125,266.0672607421875,282.61328125,297.40087890625,0.0009175927843898,0.0066498667001724,0.0065498054027557,-3.90191650390625,1.6554107666015625,-3.0669403076171875,-3.2108917236328125,0.874053955078125,6.1519622802734375
2019-04-02,0,0,297.8868408203125,286.0790405273437,-0.926513671875,1.9068756103515625,23.875,91542.015625,267.4131774902344,282.74615478515625,295.3409118652344,0.0005220284219831,0.0066790431737899,0.009003821760416,-2.626495361328125,-4.903289794921875,1.5494384765625,-3.806472778320313,-4.422332763671875,5.09661865234375
2019-04-02,6,1,304.4467163085937,289.1181945800781,0.568115234375,0.5956878662109375,207.875,91728.078125,267.671630859375,282.8597106933594,296.3564147949219,0.0001934765168698,0.0058300010859966,0.0098384097218513,-3.3659820556640625,-6.406036376953125,0.2001800537109375,-4.331466674804688,-2.682220458984375,0.68353271484375
2019-04-02,12,2,306.5150756835937,286.0595092773437,-0.8242340087890625,0.289276123046875,0.0,91297.890625,266.054931640625,283.64874267578125,299.7567138671875,0.0019017229788005,0.0073818713426589,0.0076088123023509,-1.7058563232421875,-4.915679931640625,-1.9812469482421875,-3.74273681640625,-1.925567626953125,-0.267486572265625
2019-04-02,18,3,299.84832763671875,285.5028076171875,-1.6658935546875,0.8984375,7.125,91570.265625,266.889892578125,282.8093566894531,297.3164978027344,0.0005872717592865,0.0075816176831722,0.008557841181755,-5.807876586914063,-0.784912109375,-2.1807098388671875,-3.882171630859375,-0.1431732177734375,6.2584228515625
2019-04-03,0,0,296.9029846191406,289.058837890625,-1.2010345458984375,1.4781341552734375,124.875,91459.4375,267.43572998046875,282.91973876953125,295.80975341796875,0.000272128265351,0.006025057286024,0.0088692530989646,-3.5063629150390625,-5.851119995117188,-0.731414794921875,-0.1862640380859375,-3.900192260742188,3.026641845703125
2019-04-03,6,1,305.4615783691406,287.33038330078125,-1.4643402099609375,0.7118988037109375,0.0,91678.8125,267.1837158203125,282.9529724121094,296.9722900390625,0.0002396402123849,0.0046853013336658,0.0084038376808166,-2.269927978515625,-8.908966064453125,-2.5045928955078125,0.4136962890625,-3.2217254638671875,0.8120269775390625
2019-04-03,12,2,306.6445617675781,285.36163330078125,-3.5309295654296875,1.53656005859375,0.0,91346.71875,266.739501953125,283.2095947265625,299.20440673828125,0.0003220755606889,0.0071098133921623,0.0072253718972206,-1.926239013671875,-5.510421752929688,-6.324676513671875,0.2581939697265625,-1.1654205322265625,1.97393798828125
2019-04-03,18,3,299.7421875,287.1588134765625,-2.74462890625,1.8793792724609373,59.0,91699.109375,267.22149658203125,283.622314453125,297.11871337890625,0.0003438512794673,0.0049963188357651,0.0066258274018764,-0.723358154296875,-7.28509521484375,-7.7153472900390625,0.5443115234375,-5.160568237304688,4.3487548828125
2019-04-04,0,0,296.68865966796875,291.1747436523437,-1.254058837890625,1.571624755859375,100.375,91619.53125,267.00341796875,282.99285888671875,296.2147521972656,0.0003396815154701,0.0033662351779639,0.0040228273719549,-0.9789581298828124,-9.626235961914062,-6.68609619140625,0.659027099609375,-5.4986419677734375,5.759445190429688
2019-04-04,6,1,305.1736145019531,286.5732421875,-2.3470458984375,3.154937744140625,0.0,91834.34375,266.7502136230469,282.8671264648437,296.1952514648437,0.0003375275700818,0.0026258446741849,0.0075961612164974,0.0643310546875,-10.611587524414062,-4.121551513671875,0.9613189697265624,-2.7603302001953125,4.2944183349609375
2019-04-04,12,2,306.6944885253906,282.29510498046875,-3.4881744384765625,2.18157958984375,0.0,91417.171875,265.8641357421875,282.7872619628906,298.8075561523437,0.0002994972746819,0.0059527680277824,0.0060835294425487,0.445098876953125,-5.950042724609375,-6.380767822265625,-0.718597412109375,0.3824462890625,3.186492919921875
2019-04-04,18,3,299.7749328613281,285.6819763183594,-2.442230224609375,2.3577880859375,0.0,91731.546875,265.4903564453125,283.39825439453125,296.33599853515625,0.000321562634781,0.0045646643266081,0.0070297010242938,-1.2957611083984375,-6.618499755859375,-4.726089477539063,0.5528564453125,-5.23406982421875,6.677886962890625
2019-04-05,0,0,297.0697326660156,287.2108459472656,1.066131591796875,-1.4575042724609375,20.75,91668.59375,266.18426513671875,282.02734375,293.0321350097656,0.0003176471218466,0.0044798967428505,0.0098481103777885,4.428756713867188,-10.101318359375,3.245590209960937,2.393783569335937,-3.92413330078125,1.7140655517578125
2019-04-05,6,1,304.7427062988281,286.4748229980469,-0.80615234375,-0.2440643310546875,0.125,91807.84375,265.3153991699219,282.01513671875,296.22955322265625,0.0003070223610848,0.0044190809130668,0.0080413483083248,3.3877716064453125,-11.101119995117188,-1.5337371826171875,0.9460296630859376,-1.416412353515625,-0.40557861328125
2019-04-05,12,2,307.02642822265625,280.7241516113281,-2.5851287841796875,0.764984130859375,0.0,91422.546875,265.80926513671875,283.3254699707031,299.45703125,0.0012355591170489,0.0060042887926101,0.0060628205537796,6.82659912109375,-4.5113525390625,-4.5474853515625,-3.176605224609375,-0.2298736572265625,0.693756103515625
2019-04-05,18,3,299.9184265136719,283.2362670898437,-2.680450439453125,1.6647796630859375,0.0,91775.34375,265.595947265625,282.82232666015625,296.50177001953125,0.0014817009214311,0.0060393437743186,0.0075750835239887,-0.7995758056640625,0.0246429443359375,-5.5359649658203125,-3.8856353759765625,-3.1136932373046875,7.3026123046875
2019-04-06,0,0,295.8004150390625,287.9986267089844,0.733673095703125,1.7553253173828125,11.625,91664.5,265.56256103515625,282.0128173828125,293.618896484375,0.0008734941948205,0.006135243922472,0.0092349462211132,3.3651275634765625,-7.008712768554688,2.3602752685546875,-3.865524291992188,-4.53839111328125,4.831634521484375
2019-04-06,6,1,304.8973693847656,285.804443359375,-1.0672454833984375,0.334991455078125,0.0,91782.265625,266.54302978515625,282.6373291015625,296.4661865234375,0.0006539018359035,0.0045111868530511,0.0073681212961673,2.128204345703125,-9.956466674804688,-1.838592529296875,-5.124969482421875,-6.154632568359375,0.2986602783203125
2019-04-06,12,2,307.8521423339844,282.7046203613281,-2.7501220703125,0.468414306640625,0.0,91316.828125,266.330322265625,284.380859375,300.60479736328125,0.0008558449335396,0.0052720494568347,0.0052877590060234,1.70916748046875,-4.899566650390625,-4.794647216796875,-8.141357421875,-1.418914794921875,0.0521392822265625
2019-04-06,18,3,299.93963623046875,284.5800476074219,-2.373382568359375,1.3556671142578125,0.0,91653.921875,266.76348876953125,283.6392822265625,297.5247802734375,0.0015632424037903,0.0052719786763191,0.0062975883483886,-5.038864135742188,0.8217010498046875,-5.56341552734375,-7.1439361572265625,-1.9212799072265625,6.580780029296875
2019-04-07,0,0,297.02783203125,285.87017822265625,-0.5535736083984375,1.825225830078125,7.375,91585.453125,268.4117126464844,282.7616271972656,295.2743835449219,0.0009827550966292,0.0061946101486682,0.0067824572324752,1.1808013916015625,-2.906829833984375,1.28076171875,-7.565567016601562,-1.7087249755859375,5.9606475830078125
2019-04-07,6,1,305.2205810546875,285.87457275390625,-0.22515869140625,1.6160430908203125,0.0,91693.4375,267.7211608886719,282.61602783203125,297.45294189453125,0.0006342846900224,0.0065019130706787,0.0071338005363941,-1.6561126708984375,-4.273681640625,-0.66033935546875,-4.687530517578125,-3.66790771484375,1.9661865234375
2019-04-07,12,2,307.6129150390625,284.7842712402344,-1.59576416015625,0.08056640625,3.625,91240.0,267.2149658203125,284.7984924316406,301.1442565917969,0.0007075830362737,0.0060485452413558,0.0060598663985729,0.872833251953125,-3.4899139404296875,-2.6980743408203125,-4.871673583984375,-2.2321929931640625,-0.656494140625
2019-04-07,18,3,300.89227294921875,285.4207458496094,-1.8197479248046875,2.107421875,16.625,91521.53125,268.19146728515625,283.8560791015625,297.71783447265625,0.0011070291511714,0.0065615400671958,0.0079984292387962,-3.2652740478515625,0.078094482421875,-4.459136962890625,-4.66131591796875,0.1155853271484375,9.148941040039062
2019-04-08,0,0,297.54364013671875,288.835205078125,-1.2985992431640625,1.7795562744140625,102.125,91481.15625,267.8713073730469,283.25146484375,294.79107666015625,0.0011381818912923,0.0054883211851119,0.0105792880058288,2.042236328125,-4.6044464111328125,2.2812652587890625,-4.4681396484375,-2.3576202392578125,5.1934967041015625
2019-04-08,6,1,305.1830444335937,287.9579467773437,-0.8620758056640625,1.3816986083984375,0.0,91577.046875,267.18609619140625,283.728515625,297.3524169921875,0.001061744056642,0.0050583072006702,0.0088401325047016,0.4672088623046875,-6.4199981689453125,-1.4164581298828125,-3.8009185791015625,-5.417404174804688,1.514984130859375
2019-04-08,12,2,306.18865966796875,287.9561767578125,-1.559783935546875,0.0269775390625,0.0,91195.09375,266.7055969238281,283.6537475585937,300.041748046875,0.0023689377121627,0.008143201470375,0.0082144103944301,0.619842529296875,-3.3502960205078125,-2.58349609375,-2.614501953125,-2.19677734375,-0.4354400634765625
2019-04-08,18,3,299.9323425292969,287.08917236328125,0.5074310302734375,0.6001129150390625,0.875,91546.625,266.88494873046875,282.2406616210937,297.3018798828125,0.002273368416354,0.0082753337919712,0.0091371610760688,0.10565185546875,-1.909454345703125,-0.02508544921875,-4.264816284179688,-2.61083984375,3.898895263671875
2019-04-09,0,0,297.2017822265625,288.662841796875,0.1358184814453125,1.5269927978515625,1002.375,91482.125,267.1483459472656,283.3612976074219,294.6322021484375,0.0019115905743092,0.0070879161357879,0.0114295966923236,0.7853851318359375,-8.604705810546875,0.6123504638671875,-4.30316162109375,-4.973907470703125,2.990585327148437
2019-04-09,6,1,303.5992736816406,292.162841796875,-0.2327880859375,0.0686492919921875,853.125,91636.671875,267.5980529785156,283.5843505859375,295.72027587890625,0.000912511954084,0.0063143968582153,0.0125922374427318,1.0583343505859375,-6.4829864501953125,-0.62457275390625,-2.1819610595703125,-4.69000244140625,0.105224609375
2019-04-09,12,2,304.7030029296875,289.72100830078125,0.7555389404296875,-0.40081787109375,549.75,91336.53125,267.2274169921875,283.5252380371094,297.2821350097656,0.0016691184137016,0.0096280649304389,0.0115275159478187,1.214996337890625,-3.103485107421875,-0.862518310546875,-2.5353240966796875,-2.6407470703125,0.526214599609375
2019-04-09,18,3,298.365234375,290.8984680175781,-0.6453399658203125,-2.3717041015625,240.625,91713.734375,266.50177001953125,282.61456298828125,294.9129943847656,0.0026537382509559,0.0094822943210601,0.010675948113203,1.341094970703125,-4.7452545166015625,-3.04541015625,-1.129119873046875,-0.5008544921875,0.7792510986328125
2019-04-10,0,0,297.028564453125,291.3096923828125,-1.083038330078125,1.6403045654296875,328.75,91551.90625,266.795166015625,284.0185546875,294.50372314453125,0.0018988337833434,0.005152378231287,0.011974710971117,2.749786376953125,-7.758438110351562,-1.5155181884765625,-0.684783935546875,-5.4486236572265625,4.7880401611328125
2019-04-10,6,1,304.87969970703125,289.8375549316406,-1.4525299072265625,0.2335662841796875,107.375,91687.296875,267.97283935546875,283.385009765625,296.8133239746094,0.000424213707447,0.0056679956614971,0.0105374939739704,1.7788543701171875,-7.689666748046875,-2.58148193359375,-3.6041259765625,-2.746429443359375,0.3272552490234375
2019-04-10,12,2,307.2426147460937,287.04400634765625,-3.329208374023437,-0.8278961181640625,0.0,91354.4375,266.811279296875,283.929931640625,299.12799072265625,0.0016646431758999,0.0076771490275859,0.0083723030984401,-1.0883636474609375,-4.93792724609375,-5.560562133789063,-2.774993896484375,-0.6880340576171875,-0.9989013671875
2019-04-10,18,3,300.2470092773437,285.8160400390625,-1.88397216796875,1.1358184814453125,0.0,91627.40625,267.07177734375,284.0758972167969,297.72540283203125,0.0010013293940573,0.0057192593812942,0.0081863701343536,-0.77655029296875,-5.443939208984375,-3.3471221923828125,-0.3243255615234375,-4.8095550537109375,2.5942840576171875
2019-04-11,0,0,296.83807373046875,289.7271423339844,-1.1595611572265625,0.4095458984375,711.0,91567.8125,265.9717102050781,283.02838134765625,294.3573608398437,0.001213212730363,0.0053327791392803,0.0115821026265621,1.2088165283203125,-11.173324584960938,-0.1887969970703125,0.1128082275390625,-3.59564208984375,3.88507080078125
2019-04-11,6,1,304.61053466796875,290.0330505371094,-1.0835723876953125,1.290130615234375,161.625,91646.75,265.8445739746094,283.308349609375,296.62408447265625,0.0013145534321665,0.0058422833681106,0.0107213668525218,1.09588623046875,-7.344085693359375,-2.04205322265625,-0.844085693359375,-4.707183837890625,1.52716064453125
2019-04-11,12,2,307.14227294921875,286.867431640625,-2.185302734375,0.3618011474609375,83.75,91298.359375,266.1484375,283.72772216796875,299.38189697265625,0.0020210235379636,0.007169060409069,0.0075365640223026,0.4289703369140625,-4.888671875,-5.2014923095703125,-2.0731201171875,-2.432952880859375,0.84765625
2019-04-11,18,3,299.8620300292969,286.1384582519531,0.0100250244140625,-0.9193572998046876,34.75,91526.765625,266.78387451171875,283.0762023925781,296.9434509277344,0.0020232996903359,0.0069294013082981,0.0085965283215045,1.8769378662109373,-3.71868896484375,-2.2653350830078125,-2.5380859375,-1.2344207763671875,2.0797882080078125
2019-04-12,0,0,297.135009765625,287.1435241699219,-1.4801788330078125,-0.0399322509765625,6.0,91449.5625,266.37322998046875,283.6588134765625,295.6003723144531,0.0015612712595611,0.004954669624567,0.0101554431021213,1.8570404052734373,-8.085723876953125,0.381866455078125,3.3944854736328125,-5.3282012939453125,3.501220703125
2019-04-12,6,1,306.0415954589844,288.1904602050781,-0.94500732421875,0.434234619140625,0.0,91637.5625,267.24761962890625,283.4305419921875,297.6854248046875,0.0009814335498958,0.0048389472067356,0.0084472112357616,4.629196166992188,-8.851837158203125,-1.790679931640625,2.5841827392578125,-4.496612548828125,0.349029541015625
2019-04-12,12,2,307.41217041015625,286.85968017578125,-1.776336669921875,-0.077667236328125,0.0,91230.671875,266.4447631835937,284.5941162109375,300.9311218261719,0.0016595504712313,0.0066368877887725,0.0066900327801704,4.664886474609375,-4.832763671875,-4.1405181884765625,-2.022369384765625,-1.8668670654296875,-0.7400360107421875
2019-04-12,18,3,300.9127197265625,285.75836181640625,-2.4794464111328125,1.285797119140625,0.0,91535.109375,267.07586669921875,283.9179077148437,298.4432373046875,0.000947154359892,0.0067350901663303,0.0074586607515811,3.069564819335937,-1.6592559814453125,-4.6567230224609375,-0.875396728515625,-1.4083404541015625,4.617111206054688
2019-04-13,0,0,297.32958984375,287.7231750488281,-1.1002044677734375,1.4476776123046875,46.75,91481.984375,267.44830322265625,283.9525756835937,294.9759521484375,0.0005259059835225,0.0044635385274887,0.0103695131838321,5.648117065429688,-8.989044189453125,-0.482818603515625,1.603759765625,-3.898635864257813,5.452239990234375
2019-04-13,6,1,305.1267395019531,286.9456481933594,-1.3356170654296875,1.313812255859375,0.0,91653.265625,268.3422241210937,283.5770263671875,297.217529296875,0.0004633185453712,0.0042420178651809,0.0084599591791629,5.2346954345703125,-8.660079956054688,-2.1417999267578125,2.1616363525390625,-3.49517822265625,1.5674285888671875
2019-04-13,12,2,307.4049072265625,285.523193359375,-2.729827880859375,1.801116943359375,0.0,91244.15625,267.98175048828125,284.29571533203125,300.5228881835937,0.0004746676422655,0.0066874139010906,0.0067591518163681,5.0360107421875,-4.4374542236328125,-4.809783935546875,0.9740753173828124,0.1850128173828125,2.375717163085937
2019-04-13,18,3,300.57293701171875,285.1424865722656,-2.70538330078125,1.8686370849609373,0.0,91596.828125,267.72979736328125,284.24932861328125,297.5507202148437,0.0009359933901578,0.0063451752066612,0.0079068392515182,4.7884674072265625,-2.7991943359375,-4.8095245361328125,1.364898681640625,-5.1811065673828125,7.110885620117188
2019-04-14,0,0,297.8568420410156,287.8901672363281,-0.29119873046875,0.9386138916015624,69.25,91526.65625,268.3402099609375,283.11920166015625,294.6910705566406,0.0002388218708802,0.0061066038906574,0.0091593191027641,7.3686676025390625,-9.408447265625,0.0287322998046875,2.015853881835937,-4.686279296875,5.6248626708984375
2019-04-14,6,1,306.046630859375,285.863525390625,-1.6424407958984375,2.000244140625,0.0,91658.328125,268.42730712890625,283.52197265625,297.18414306640625,0.0003088056109845,0.0052804350852966,0.0086467452347278,5.91046142578125,-9.461135864257812,-2.793701171875,3.146728515625,-6.6427764892578125,2.52294921875
2019-04-14,12,2,307.5526733398437,284.3870544433594,-2.9666290283203125,1.36328125,0.0,91275.03125,268.74884033203125,283.7468566894531,299.90838623046875,0.0009493282996118,0.0065971165895462,0.0066522844135761,6.70440673828125,-4.4415435791015625,-4.877227783203125,3.2260894775390625,-0.215057373046875,1.6324615478515625
2019-04-14,18,3,300.4385070800781,286.4492492675781,-2.83673095703125,2.311431884765625,0.0,91564.109375,268.7562255859375,284.2298278808594,297.1678466796875,0.0007941133808344,0.0054332166910171,0.0073882192373275,8.240127563476562,-4.12896728515625,-6.3732757568359375,3.2390289306640625,-6.473190307617188,6.48333740234375
2019-04-15,0,0,297.23944091796875,287.6519775390625,1.6318359375,-0.3041534423828125,0.0,91511.421875,268.334228515625,283.3795471191406,294.1950378417969,0.0004554186016321,0.0046809092164039,0.008983090519905,7.894393920898437,-8.521591186523438,2.089218139648437,2.6533203125,-5.6045989990234375,5.0262451171875
2019-04-15,6,1,305.1712646484375,286.89166259765625,0.16314697265625,1.2846527099609375,0.0,91701.40625,268.0683288574219,283.1701965332031,296.264404296875,0.0005663880147039,0.0035720560699701,0.0089155733585357,4.72540283203125,-8.271987915039062,-0.2747039794921875,4.9651641845703125,-2.61248779296875,1.5558013916015625
2019-04-15,12,2,307.43768310546875,284.2758178710937,-0.821502685546875,0.4661102294921875,0.0,91267.0,268.3250732421875,283.86114501953125,300.1497802734375,0.0004922526422888,0.006290215998888,0.0063495859503746,6.350875854492188,-2.537750244140625,-1.4571685791015625,5.2964935302734375,-0.8394775390625,0.195465087890625
2019-04-15,18,3,300.7830505371094,281.69610595703125,-2.467437744140625,2.49530029296875,0.0,91595.890625,268.1443786621094,283.8161315917969,297.5541687011719,0.0004935832694172,0.0057964473962783,0.0063134580850601,7.271896362304687,2.8929901123046875,-5.619552612304688,5.281646728515625,-2.2628173828125,11.368545532226562
2019-04-16,0,0,297.4651794433594,286.5115051269531,0.9979095458984376,1.4363861083984375,44.0,91502.71875,267.136962890625,282.8047790527344,294.12060546875,0.0005674255080521,0.0052395649254322,0.0107361786067485,5.9784088134765625,-4.6658935546875,4.4125823974609375,4.9119873046875,-1.8670501708984373,3.7152252197265625
2019-04-16,6,1,305.1723022460937,289.4696960449219,1.9112091064453125,-0.0973358154296875,15.5,91618.46875,267.4986572265625,283.8090209960937,296.54400634765625,0.000575489597395,0.0036307335831224,0.0099754966795444,2.0386505126953125,-4.8397979736328125,2.364959716796875,8.107650756835938,0.2664794921875,-0.1679534912109375
2019-04-16,12,2,307.7544250488281,287.5853271484375,0.7620697021484375,-0.2695159912109375,0.0,91234.09375,267.11724853515625,283.8614501953125,300.1318359375,0.0005188714712858,0.0079074129462242,0.0079770646989345,4.231216430664063,-1.7952728271484375,0.420318603515625,5.4342041015625,-0.5647430419921875,-0.5467987060546875
2019-04-16,18,3,300.6195068359375,289.0958251953125,-1.9092254638671875,1.3562164306640625,42.75,91594.890625,267.7197570800781,283.3940124511719,296.65771484375,0.0006912411190569,0.0078213140368461,0.0098382271826267,5.648117065429688,1.584381103515625,-0.9822845458984376,4.7252197265625,3.98028564453125,4.670867919921875
2019-04-17,0,0,299.218017578125,289.7040405273437,0.7878875732421875,1.6065826416015625,413.875,91522.8125,266.9914245605469,282.91607666015625,293.68487548828125,0.0003138314932584,0.0083229020237922,0.0132923424243927,6.838714599609375,-1.041351318359375,3.9434661865234375,0.964630126953125,-0.654937744140625,3.7368011474609375
2019-04-17,6,1,304.784912109375,291.9396667480469,0.922149658203125,-0.81744384765625,685.0,91698.65625,267.0664367675781,283.12847900390625,296.5365905761719,0.0003462310414761,0.0087873749434947,0.0127421095967292,4.5734710693359375,-2.0596160888671875,0.9235382080078124,-0.308349609375,0.4683837890625,-1.0044403076171875
2019-04-17,12,2,303.21832275390625,290.3002319335937,-0.6650238037109375,-0.302459716796875,417.25,91307.28125,267.64306640625,283.8773803710937,296.7444152832031,0.0019246626179665,0.0101687870919704,0.01280452683568,2.4933319091796875,-0.70928955078125,-0.7905426025390625,-0.8913421630859375,-1.4379425048828125,-0.9951629638671876
2019-04-17,18,3,297.95806884765625,294.1402587890625,-0.779144287109375,0.299346923828125,1126.25,91734.90625,267.3646850585937,282.9288330078125,295.17828369140625,0.0031173836905509,0.0096929259598255,0.0119242668151855,-0.6101531982421875,-1.52862548828125,-3.123321533203125,0.720062255859375,-4.0718536376953125,0.261474609375
2019-04-18,0,0,297.158203125,293.373291015625,0.9118499755859376,-0.7648162841796875,649.375,91476.921875,267.89508056640625,283.6258850097656,295.8701171875,0.0025626996066421,0.0088792964816093,0.0111216194927692,1.216339111328125,-3.74163818359375,0.3018341064453125,1.25341796875,-4.3608245849609375,-1.8089447021484373
2019-04-18,6,1,305.4593505859375,290.9364624023437,-0.840545654296875,-1.6345367431640625,139.5,91570.6875,268.6422424316406,283.8160400390625,297.0214233398437,0.0009767413139343,0.0093556828796863,0.0124073140323162,3.386459350585937,-6.1580810546875,-1.3583831787109375,-2.0000762939453125,0.391754150390625,-2.2863006591796875
2019-04-18,12,2,305.78924560546875,291.807373046875,-3.052215576171875,-0.079620361328125,559.75,91315.671875,268.2432861328125,283.93963623046875,296.0818786621094,0.0030993320979177,0.0108828209340572,0.0130707956850528,2.1307373046875,-0.64483642578125,-5.659759521484375,-2.518524169921875,-0.73504638671875,-0.1434326171875
2019-04-18,18,3,296.363037109375,294.19049072265625,-0.4549713134765625,2.786590576171875,692.375,91609.203125,267.87274169921875,283.9550170898437,294.5267333984375,0.003812235314399,0.0081170797348022,0.0127560012042522,0.0364837646484375,-0.3044586181640625,-3.215423583984375,-1.0282440185546875,-7.139572143554688,9.371902465820312
2019-04-19,0,0,296.6990661621094,293.2069091796875,0.978271484375,-0.155303955078125,316.75,91407.953125,267.4783630371094,283.3665466308594,293.09033203125,0.0012653288431465,0.0088059119880199,0.0140817165374755,2.493759155273437,-3.70880126953125,1.9979248046875,-1.2733306884765625,-0.465240478515625,4.641326904296875
2019-04-19,6,1,303.7694091796875,292.5751953125,0.5061187744140625,0.6392974853515625,594.375,91570.3125,267.9054260253906,283.2879638671875,295.528076171875,0.0011169472709298,0.0086243897676467,0.0137448571622371,2.6631011962890625,-2.220565795898437,0.79736328125,-0.0131683349609375,1.9004058837890625,0.369384765625
2019-04-19,12,2,303.4146728515625,294.0355224609375,0.7404327392578125,-1.8073577880859373,441.75,91190.703125,267.5204467773437,283.8876647949219,296.7760925292969,0.0031787625048309,0.009049579501152,0.0128446035087108,4.38018798828125,-1.1143341064453125,0.0042572021484375,-0.370819091796875,-1.1076202392578125,-0.3213043212890625
2019-04-19,18,3,298.877685546875,292.3847045898437,0.04925537109375,3.1186676025390625,303.375,91503.234375,267.6187438964844,283.74639892578125,294.40985107421875,0.0019620903767645,0.0081415548920631,0.0131567604839801,2.952743530273437,-0.1129150390625,-1.32891845703125,-1.091461181640625,-6.6368408203125,8.243942260742188
2019-04-20,0,0,297.2283935546875,292.6964416503906,0.7724456787109375,-0.025115966796875,713.625,91318.4375,266.61773681640625,283.5964660644531,293.3374938964844,0.0022128215059638,0.0083528608083724,0.01369134709239,2.505401611328125,-4.41265869140625,3.4717559814453125,1.3955535888671875,-3.694534301757813,3.285125732421875
2019-04-20,6,1,304.1202697753906,292.92730712890625,0.530242919921875,0.5966796875,581.625,91427.5,268.1594543457031,283.3701171875,295.6539001464844,0.0013413871638476,0.0084167905151844,0.0137972794473171,3.5363311767578125,-6.282257080078125,0.527587890625,1.8123016357421875,-2.377593994140625,0.465789794921875
2019-04-20,12,2,302.835205078125,294.74481201171875,-1.4765777587890625,0.0672607421875,624.5,91014.390625,269.13116455078125,284.36212158203125,297.5578308105469,0.0019292968790978,0.0095535852015018,0.0123869776725769,4.1696624755859375,0.0176849365234375,-0.033660888671875,-1.2320709228515625,-1.8267974853515625,-1.810699462890625
2019-04-20,18,3,296.4317626953125,293.203857421875,0.1992950439453125,1.8837432861328125,786.0,91452.484375,267.98858642578125,282.8954467773437,292.848388671875,0.0015695563051849,0.0090903416275978,0.0142219699919223,3.68927001953125,-2.4794158935546875,-3.554916381835937,0.37408447265625,-6.5158538818359375,6.8736114501953125
2019-04-21,0,0,296.1516418457031,292.99578857421875,0.99395751953125,1.09967041015625,280.75,91303.1875,268.53729248046875,282.94110107421875,293.2314758300781,0.0032883058302104,0.0083768628537654,0.012816309928894,6.215057373046875,-6.7166595458984375,3.6129302978515625,1.5273284912109375,-4.3460845947265625,5.2418212890625
2019-04-21,6,1,302.6805419921875,292.9085388183594,2.301483154296875,1.04510498046875,201.25,91439.9375,268.9482421875,283.5521240234375,295.1479187011719,0.001723084365949,0.0072742700576782,0.0127843432128429,5.09814453125,-7.6565399169921875,3.0174713134765625,0.110137939453125,-2.045272827148437,1.3149566650390625
2019-04-21,12,2,304.988037109375,291.2530822753906,0.296234130859375,-0.1668243408203125,43.875,91040.375,269.2460021972656,283.8717041015625,297.9189453125,0.0003522804472595,0.0082559436559677,0.0112690292298793,2.581268310546875,-3.556640625,0.29449462890625,-2.408111572265625,-2.9628143310546875,-0.741790771484375
2019-04-21,18,3,299.4079895019531,293.2576904296875,-1.1653289794921875,1.4127044677734375,81.5,91302.875,268.7785339355469,283.03973388671875,296.9633178710937,0.000807165633887,0.0087188109755516,0.0109663046896457,-1.6614532470703125,0.5977783203125,-2.1456298828125,-2.922821044921875,-7.276077270507812,1.83416748046875
2019-04-22,0,0,298.5167236328125,292.79949951171875,-0.07891845703125,0.8886566162109375,570.25,91237.984375,269.045166015625,282.885009765625,294.5581970214844,0.0002464909339323,0.0089242830872535,0.0136105716228485,6.25146484375,-5.5901947021484375,2.857040405273437,-4.8275146484375,-5.375289916992188,-1.2137603759765625
2019-04-22,6,1,304.6668701171875,292.3128662109375,0.913360595703125,-2.250732421875,178.75,91358.59375,268.7855529785156,283.78765869140625,296.64129638671875,0.0001683335140114,0.0064749866724014,0.012466300278902,5.24554443359375,-7.431793212890625,1.2451934814453125,-6.515289306640625,-6.630142211914063,-3.284149169921875
2019-04-22,12,2,305.5014038085937,288.88751220703125,-2.258880615234375,1.578857421875,117.25,91033.25,267.7237548828125,284.01568603515625,298.7176818847656,0.0018584493082016,0.0091243460774421,0.0110396109521389,2.3546295166015625,0.9342193603515624,-2.7494354248046875,-9.985870361328123,-7.176788330078125,-0.62646484375
2019-04-22,18,3,296.7737121582031,291.89306640625,-2.5883026123046875,2.5421905517578125,600.625,91481.03125,267.5010986328125,283.5375366210937,293.99884033203125,0.0019724867306649,0.0074706748127937,0.0134556032717227,-2.930633544921875,2.5344390869140625,-7.8607940673828125,-5.7432708740234375,-8.3582763671875,6.2533721923828125
2019-04-23,0,0,296.539306640625,292.48828125,0.5567169189453125,1.0472869873046875,803.75,91350.75,266.1214599609375,283.88873291015625,294.68536376953125,0.0032375545706599,0.0066021755337715,0.0111035592854022,-0.49859619140625,-4.5541839599609375,-3.762420654296875,-2.33843994140625,-11.255416870117188,3.9553375244140634
2019-04-23,6,1,304.2555847167969,290.0073547363281,-1.601470947265625,-0.8914794921875,248.875,91525.03125,267.0066223144531,282.97027587890625,296.33306884765625,0.0022131700534373,0.0072425827383995,0.0111987777054309,-1.7245330810546875,-6.5858154296875,-2.6202545166015625,-1.1832733154296875,-4.29742431640625,-1.686279296875
2019-04-23,12,2,305.18121337890625,286.8734741210937,-2.0706329345703125,0.3829193115234375,0.0,91222.703125,267.5251770019531,283.0595092773437,297.3792724609375,0.0028813746757805,0.0078595764935016,0.0096246302127838,-2.264251708984375,-3.941802978515625,-3.9677734375,-0.4637603759765625,-6.402374267578125,-0.792724609375
2019-04-23,18,3,297.61285400390625,291.5306701660156,-1.7713165283203125,0.8589324951171875,323.0,91577.265625,265.7191772460937,283.023681640625,295.5914001464844,0.0025088286492973,0.0070327892899513,0.0108800046145915,-4.8725433349609375,-5.134445190429688,-5.3693695068359375,-0.6652374267578125,-6.302291870117188,0.1357574462890625
2019-04-24,0,0,297.4901123046875,292.2408142089844,-0.5001220703125,0.985626220703125,441.375,91497.828125,266.2201232910156,282.9211730957031,294.5191650390625,0.0039317347109317,0.0050663016736507,0.0121356286108493,-2.313140869140625,-6.613861083984375,-2.9796600341796875,6.3449249267578125,-7.471221923828125,-0.3101348876953125
2019-04-24,6,1,304.9017944335937,289.2606201171875,-2.98529052734375,0.5622100830078125,45.0,91618.4375,267.4373779296875,283.330810546875,296.2018127441406,0.0043921805918216,0.0052506476640701,0.0109251514077186,-1.8388671875,-9.1964111328125,-4.6513671875,3.6938629150390634,-4.752716064453125,0.13970947265625
2019-04-24,12,2,306.3678894042969,284.4056701660156,-3.2327880859375,0.460662841796875,0.0,91243.515625,267.8961181640625,283.08013916015625,298.91827392578125,0.0041318680159747,0.0075345747172832,0.0081914477050304,-0.5960540771484375,-6.8092803955078125,-6.6873931884765625,3.09979248046875,-4.92535400390625,-0.123809814453125
2019-04-24,18,3,299.7064208984375,288.1321105957031,-2.5611114501953125,1.344085693359375,0.0,91552.65625,266.9926147460937,283.8962097167969,297.1406555175781,0.0037204641848802,0.0040320940315723,0.0086687430739402,-2.3407135009765625,-9.974868774414062,-5.390045166015625,-1.5187225341796875,-3.173187255859375,2.305633544921875
2019-04-25,0,0,297.2660522460937,291.1015625,-1.726776123046875,0.8272552490234375,32.125,91426.78125,267.8041381835937,284.2705993652344,294.9444580078125,0.0036592024844139,0.003722979221493,0.0108167007565498,-3.0996246337890625,-9.086166381835938,-1.216705322265625,3.648223876953125,-2.75396728515625,1.638671875
2019-04-25,6,1,305.078369140625,288.7059936523437,-1.466522216796875,0.1883087158203125,0.0,91611.0,267.55859375,284.2274169921875,296.8475036621094,0.0042423978447914,0.0038615888915956,0.009353432804346,-3.2147674560546875,-7.780410766601562,-2.419677734375,3.802520751953125,-5.5889739990234375,-0.2874298095703125
2019-04-25,12,2,307.4547424316406,284.0596618652344,-3.0687713623046875,0.73553466796875,0.0,91219.078125,268.2425231933594,283.9503173828125,300.0350952148437,0.0037956796586513,0.0063240267336368,0.0065384767949581,-1.49468994140625,-5.198272705078125,-5.884292602539063,0.649749755859375,-4.08416748046875,0.226287841796875
2019-04-25,18,3,299.72723388671875,284.8480224609375,-2.3243408203125,1.4116973876953125,0.0,91514.453125,267.6093139648437,284.7838439941406,298.33203125,0.0038750024978071,0.0050641968846321,0.007182527333498,-3.4695281982421875,-8.642990112304688,-7.217376708984375,-3.042999267578125,-8.508163452148438,1.6768341064453125
2019-04-26,0,0,298.314697265625,287.848388671875,0.6573638916015625,1.4480743408203125,2.125,91405.546875,268.6934814453125,284.2382507324219,295.0037841796875,0.0034275569487363,0.0052201896905899,0.010161455720663,0.2693023681640625,-11.488479614257812,-1.4889984130859375,0.340240478515625,-9.578720092773438,4.319122314453125
2019-04-26,6,1,305.0500793457031,289.4613647460937,-0.8804931640625,1.3240814208984375,0.0,91448.21875,268.56622314453125,284.83953857421875,297.4377746582031,0.0034114669542759,0.0043518804013729,0.0101075656712055,-0.4755096435546875,-11.000076293945312,-1.980438232421875,0.5060272216796875,-10.48382568359375,1.2716522216796875
2019-04-26,12,2,307.4593200683594,287.1383972167969,-3.4348297119140625,0.9757537841796876,0.25,91133.171875,267.9596862792969,285.080078125,300.9781494140625,0.0030184588395059,0.0074331201612949,0.0078501664102077,0.144500732421875,-6.577789306640625,-7.45294189453125,-2.031600952148437,-5.512222290039063,0.1441497802734375
2019-04-26,18,3,300.6131591796875,287.0016784667969,-1.8944244384765625,1.009063720703125,0.0,91497.296875,267.7523498535156,285.04022216796875,298.25689697265625,0.0015485184267163,0.0037040375173091,0.0089692920446395,-1.7814483642578125,-9.981796264648438,-5.1796875,-5.8734283447265625,-5.563873291015625,5.805267333984375
2019-04-27,0,0,297.84942626953125,289.39501953125,-1.54730224609375,1.2504730224609375,0.0,91338.546875,268.7161865234375,284.3467102050781,296.8697814941406,0.0011806155089288,0.0045707207173109,0.0102173164486885,-1.10333251953125,-12.730133056640623,-0.3150177001953125,-1.8998870849609373,-4.780975341796875,3.2413482666015625
2019-04-27,6,1,305.91162109375,289.23095703125,-2.140472412109375,-1.1748199462890625,0.0,91394.34375,268.5092163085937,284.5867919921875,298.6582336425781,0.0020728905219584,0.0061344653367996,0.0093625895678997,0.441558837890625,-12.510467529296877,-3.6027374267578125,-1.2505645751953125,-9.695693969726562,-2.1826629638671875
2019-04-27,12,2,307.7398986816406,286.7177429199219,-3.87701416015625,0.1893463134765625,0.0,91101.21875,267.39306640625,284.90185546875,301.0069580078125,0.0030930449720472,0.0080585367977619,0.0081401839852333,-1.203643798828125,-8.07049560546875,-8.7862548828125,-5.670928955078125,-4.218429565429688,-0.76739501953125
2019-04-27,18,3,300.6014404296875,288.3847045898437,-1.746307373046875,1.263763427734375,0.0,91434.796875,266.86700439453125,285.5843505859375,298.3223571777344,0.0025415949057787,0.0045621469616889,0.0096821561455726,-3.740188598632813,-12.718521118164062,-4.3964385986328125,-8.670257568359375,-4.703369140625,4.224029541015625
2019-04-28,0,0,297.35015869140625,291.0335693359375,-1.5076751708984375,1.122467041015625,98.5,91317.9375,268.5907592773437,284.5453491210937,296.7892150878906,0.0010412915144115,0.0068021118640899,0.0104752592742443,-3.954757690429688,-13.337997436523438,-1.6234588623046875,-3.5775146484375,-5.6194915771484375,2.774322509765625
2019-04-28,6,1,304.4871826171875,290.18994140625,-1.4982757568359375,1.0352935791015625,17.875,91431.0,267.6399841308594,284.9007568359375,297.8839416503906,0.0014859209768474,0.006676822900772,0.0103966332972049,-5.4516448974609375,-13.105255126953123,-2.633529663085937,-2.712860107421875,-6.373443603515625,1.0073089599609375
2019-04-28,12,2,304.9557189941406,287.2860717773437,-2.905487060546875,2.4456787109375,0.0,91145.109375,267.240478515625,285.03033447265625,299.0592956542969,0.0020007938146591,0.0071361698210239,0.008559200912714,-3.1902618408203125,-6.147796630859375,-6.763885498046875,-5.9283599853515625,-8.212692260742188,3.502288818359375
2019-04-28,18,3,300.283203125,288.21905517578125,-1.78369140625,0.80029296875,0.0,91438.78125,266.8958740234375,284.955078125,298.1034240722656,0.0020918422378599,0.0063748098909854,0.008051972836256,-9.3916015625,-10.551315307617188,-4.3010101318359375,-9.274368286132812,-4.5176544189453125,2.9579010009765625
2019-04-29,0,0,297.4624938964844,289.7796630859375,0.0481109619140625,1.2549896240234375,107.25,91310.640625,269.40045166015625,284.18365478515625,295.06549072265625,0.0003399869892746,0.0072558410465717,0.0118851698935031,-10.509979248046877,-8.453414916992188,2.4608612060546875,-3.655960083007813,-5.011077880859375,3.4300994873046875
2019-04-29,6,1,304.6255187988281,291.156005859375,1.2879638671875,-0.946502685546875,140.875,91457.703125,269.1761169433594,284.2618408203125,297.3423767089844,0.0007787253707647,0.0075080581009387,0.011922538280487,-6.40521240234375,-8.682113647460938,1.730987548828125,0.6488494873046875,-2.4386444091796875,-1.539581298828125
2019-04-29,12,2,306.9873046875,290.6337280273437,-1.8235931396484373,-2.05859375,9.25,91082.40625,267.82861328125,283.9338073730469,299.634521484375,0.0022171470336616,0.0090621262788772,0.0103450194001197,-3.4939727783203125,-6.0196380615234375,-3.9402008056640634,-5.4594573974609375,-3.65692138671875,-3.669281005859375
2019-04-29,18,3,299.3569030761719,292.81622314453125,2.235015869140625,0.7020263671875,273.25,91462.5,268.92730712890625,283.97296142578125,295.4905700683594,0.0019028014503419,0.0080496631562709,0.0122521109879016,-3.504867553710937,-8.180191040039062,2.6901397705078125,-8.252975463867188,-3.0936431884765625,-1.7355804443359375
2019-04-30,0,0,297.2030334472656,293.87127685546875,1.655731201171875,0.042144775390625,628.625,91227.546875,269.231689453125,283.4438781738281,295.11962890625,0.0008593178354203,0.0079639852046966,0.01305428519845,-4.5756378173828125,-7.315277099609375,4.8355865478515625,-4.065963745117188,-5.4618988037109375,-3.257965087890625
2019-04-30,6,1,304.40997314453125,293.9496765136719,3.25250244140625,-1.4442291259765625,1119.25,91383.6875,268.3930053710937,284.6112670898437,296.19732666015625,0.0004023881629109,0.0055341646075248,0.0147328563034534,-4.983932495117188,-6.419464111328125,4.6348419189453125,-3.54949951171875,-6.075698852539063,-2.252548217773437
2019-04-30,12,2,304.8214111328125,291.88397216796875,0.684844970703125,-1.6432037353515625,251.125,91012.40625,268.3653564453125,284.7045288085937,298.52716064453125,0.0015253436286002,0.0095016472041606,0.0123563893139362,-3.0931549072265625,-0.40997314453125,1.4979400634765625,-5.582794189453125,-5.6511993408203125,-3.33868408203125
2019-04-30,18,3,296.15948486328125,294.3826904296875,3.131454467773437,1.5040435791015625,787.5,91391.90625,268.0028686523437,284.46392822265625,294.076171875,0.0035879139322787,0.0098323188722133,0.0147047527134418,-1.2188720703125,-1.7135162353515625,7.57220458984375,-7.4247894287109375,-6.5679931640625,-1.9469757080078125
2019-05-01,0,0,295.4625244140625,293.97174072265625,3.234649658203125,-0.6869049072265625,1097.375,91155.28125,267.4775390625,285.28741455078125,294.72576904296875,0.0043079070746898,0.0084126181900501,0.0125937648117542,2.525634765625,-1.2117919921875,9.309982299804688,-3.7640380859375,-7.7544097900390625,-3.526153564453125
2019-05-01,6,1,302.61248779296875,293.75128173828125,4.736541748046875,0.0016021728515625,1108.75,91286.21875,267.3056335449219,285.2672119140625,295.3187255859375,0.0041297990828752,0.008420918136835,0.0147835128009319,3.241683959960937,-1.621368408203125,7.287246704101562,-5.5761566162109375,-7.372451782226562,-0.6110382080078125
2019-05-01,12,2,303.2115478515625,291.35760498046875,3.6974945068359375,0.179473876953125,361.875,91020.9375,267.903564453125,284.212890625,297.8929748535156,0.0037197356577962,0.008696261793375,0.0121886506676673,5.423141479492188,3.820159912109375,8.03125,-5.06744384765625,-9.435684204101562,-2.11688232421875
2019-05-01,18,3,298.43145751953125,294.65875244140625,4.45819091796875,1.6165771484375,776.375,91268.21875,267.57403564453125,286.3697509765625,295.1689453125,0.002415248658508,0.0051770247519016,0.0121849291026592,5.406417846679688,-1.5177459716796875,11.468093872070312,-5.3260650634765625,-13.222335815429688,-0.427520751953125
2019-05-02,0,0,297.1339111328125,292.9413146972656,3.252914428710937,0.32489013671875,138.625,91108.25,269.2681579589844,285.3258056640625,296.2488098144531,0.0013610578607767,0.0066366493701934,0.0063501745462417,6.946334838867188,1.718292236328125,11.33819580078125,-1.3065185546875,-10.024765014648438,-4.79486083984375
2019-05-02,6,1,303.6766052246094,287.86187744140625,3.8956146240234375,-1.79656982421875,0.0,91288.3125,268.4755249023437,285.4803466796875,296.641845703125,0.0014374791644513,0.0061225555837154,0.0097452029585838,6.755142211914063,1.668182373046875,5.85784912109375,2.201263427734375,-8.107986450195312,-3.607452392578125
2019-05-02,12,2,305.387451171875,289.2494506835937,2.988739013671875,-0.479095458984375,0.0,91019.609375,267.9603881835937,285.0898742675781,299.6672058105469,0.0021226515527814,0.0063411816954612,0.0093354284763336,8.038177490234375,0.65106201171875,6.266571044921875,0.7327880859375,-5.923995971679688,-2.055419921875
2019-05-02,18,3,298.6087646484375,292.3299560546875,3.753372192382813,0.605255126953125,115.0,91277.75,269.0478820800781,286.0970458984375,295.7667541503906,0.001118313986808,0.0050667449831962,0.0120454356074333,8.048080444335938,2.4664459228515625,9.203018188476562,1.7035064697265625,-4.4188995361328125,-0.2065277099609375
2019-05-03,0,0,296.3353881835937,293.1219482421875,3.125701904296875,0.448760986328125,158.25,91244.125,270.50653076171875,285.450439453125,296.13446044921875,0.0004683248698711,0.0049697235226631,0.0048290342092514,8.077987670898438,2.5632781982421875,10.827362060546877,0.5744781494140625,-1.4572906494140625,-1.84112548828125
2019-05-03,6,1,302.9193725585937,289.7469177246094,4.065826416015625,-0.8179473876953125,52.125,91459.625,268.6968994140625,285.31756591796875,295.1986999511719,0.0007207933813333,0.0045865550637245,0.0110815986990928,6.0016632080078125,2.032455444335937,6.13336181640625,1.5369873046875,0.39715576171875,-1.5540008544921875
2019-05-03,12,2,305.72528076171875,289.50787353515625,2.195831298828125,0.11474609375,6.75,91208.71875,267.5655517578125,283.86932373046875,298.50634765625,0.0011908470187336,0.0060963556170463,0.0094719976186752,5.5113372802734375,1.3359527587890625,4.207366943359375,1.931732177734375,1.287353515625,-0.1152801513671875
2019-05-03,18,3,299.07794189453125,293.2798767089844,3.2515106201171875,0.2837982177734375,281.0,91466.65625,269.8764953613281,285.0330810546875,295.7391357421875,0.0004281394649296,0.0047605261206626,0.0117768868803977,5.805191040039063,0.14923095703125,5.4945831298828125,3.8993072509765625,3.0249176025390625,-1.791015625
2019-05-04,0,0,296.8495483398437,293.7678527832031,2.2528839111328125,-0.1673583984375,270.5,91428.453125,270.9881896972656,284.10711669921875,294.32672119140625,0.0002298009640071,0.0058653578162193,0.0122361667454242,7.019439697265625,1.4760284423828125,4.850845336914063,3.675872802734375,2.1761932373046875,-0.844879150390625
2019-05-04,6,1,302.80377197265625,290.1233215332031,2.6417236328125,-0.94427490234375,106.375,91616.734375,270.1285400390625,284.4021911621094,295.1688232421875,0.0002436268259771,0.0049153231084346,0.011927705258131,6.2563018798828125,-0.0778656005859375,3.517791748046875,5.912322998046875,3.791091918945313,-1.4005126953125
2019-05-04,12,2,304.9496154785156,289.3550109863281,1.601470947265625,-0.3617706298828125,7.75,91387.46875,269.57159423828125,283.69744873046875,298.158447265625,0.0003453937824815,0.0070679821074008,0.0101043730974197,6.7132720947265625,-1.6802825927734375,2.453826904296875,5.725265502929688,2.9724273681640625,-0.8598785400390625
2019-05-04,18,3,299.3546142578125,290.81549072265625,1.5132904052734375,0.81732177734375,10.0,91684.609375,270.115478515625,282.172119140625,296.4417419433594,0.0003244641702622,0.0094489082694053,0.0101238600909709,6.68646240234375,-3.888626098632813,2.8823699951171875,4.272476196289063,-0.430816650390625,-1.3780670166015625
2019-05-05,0,0,296.97320556640625,292.18182373046875,1.668853759765625,-0.5157470703125,154.0,91602.390625,269.38140869140625,283.5362548828125,295.6772766113281,0.0001736395061016,0.0079492703080177,0.0102204978466033,4.663604736328125,-3.4951171875,0.0650482177734375,7.455398559570312,3.2039337158203125,-2.655426025390625
2019-05-05,6,1,304.8268127441406,290.18408203125,0.4148101806640625,-1.6224517822265625,34.875,91687.09375,269.72247314453125,284.38037109375,296.6993408203125,0.0002680567558854,0.0052274279296398,0.0107749141752719,6.11181640625,-2.1248321533203125,-0.019927978515625,5.8663482666015625,3.398895263671875,-2.308258056640625
2019-05-05,12,2,305.68292236328125,289.5084533691406,0.4044189453125,-0.428802490234375,0.0,91379.953125,269.2122802734375,283.527099609375,299.15533447265625,0.0005408874712884,0.0081894025206565,0.0092537589371204,7.49517822265625,-4.053436279296875,-0.3698272705078125,2.52081298828125,0.767578125,-0.81787109375
2019-05-05,18,3,299.9835510253906,290.2518920898437,1.310302734375,1.4558258056640625,39.125,91673.5,268.976806640625,282.82745361328125,297.608154296875,0.001776976045221,0.0090249329805374,0.0099405944347381,6.4716339111328125,-3.516815185546875,2.802841186523437,1.8492431640625,-1.278717041015625,0.27545166015625
2019-05-06,0,0,298.0580444335937,293.2637634277344,1.395263671875,0.3075103759765625,443.125,91538.015625,270.6490478515625,283.353271484375,295.248779296875,0.0002301156928297,0.008133478462696,0.0126018077135086,6.094696044921875,-5.3659210205078125,-0.176727294921875,1.165496826171875,-1.9777069091796875,3.0454864501953125
2019-05-06,6,1,304.026123046875,291.75946044921875,0.5715484619140625,-1.2754058837890625,151.0,91549.265625,269.9069519042969,284.29254150390625,297.2064819335937,0.0002493122592568,0.0068631656467914,0.0123741514980793,3.797927856445313,-4.598846435546875,0.4376983642578125,0.411102294921875,1.9827728271484373,-1.7834625244140625
2019-05-06,12,2,306.0706787109375,290.38995361328125,0.2355194091796875,-0.4170684814453125,9.0,91181.71875,268.634033203125,283.7726745605469,299.6181030273437,0.001410205848515,0.0095677450299263,0.010278008878231,2.9464874267578125,-2.922470092773437,-0.4103546142578125,0.987213134765625,-0.7546844482421875,-0.830413818359375
2019-05-06,18,3,301.1029357910156,290.03125,1.34161376953125,2.4633026123046875,24.75,91462.609375,267.7908630371094,283.61053466796875,297.611572265625,0.0016114932950586,0.0091336145997047,0.010622214525938,3.0566558837890625,-3.774093627929688,2.32049560546875,1.2388763427734375,-4.63671875,3.2251129150390625
2019-05-07,0,0,298.6955261230469,295.3866882324219,2.5534210205078125,1.699127197265625,1817.875,91409.15625,267.76953125,283.8481750488281,295.47344970703125,0.0020868070423603,0.0089619494974613,0.0133204534649848,3.8141021728515625,-1.196807861328125,5.1037139892578125,1.8284912109375,-2.9129638671875,4.889678955078125
2019-05-07,6,1,303.7273864746094,293.62548828125,3.817062377929688,-0.4788970947265625,1119.375,91554.578125,269.62579345703125,283.8779296875,295.4737243652344,0.0012672594748437,0.0084721967577934,0.0146960169076919,4.788619995117188,-2.7293243408203125,5.35858154296875,0.3799896240234375,-2.6544342041015625,-0.48822021484375
2019-05-07,12,2,299.889892578125,294.96929931640625,3.74981689453125,0.8383636474609375,1624.25,91337.734375,269.0546264648437,284.23828125,294.9081726074219,0.0019981556106358,0.0119919367134571,0.015076745301485,1.070068359375,2.0530242919921875,8.488082885742188,-3.500152587890625,-2.272796630859375,1.7630157470703125
2019-05-07,18,3,296.44091796875,294.14227294921875,3.0624542236328125,1.8348541259765625,1232.375,91564.671875,267.7631225585937,284.5473937988281,294.28570556640625,0.0033427970483899,0.0083467029035091,0.0138126946985721,0.429718017578125,-1.7193756103515625,8.37255859375,-1.7703704833984375,-6.8496856689453125,2.355224609375
2019-05-08,0,0,296.8427734375,294.9457092285156,2.744598388671875,-0.615631103515625,1134.25,91455.640625,266.89385986328125,283.54205322265625,294.06658935546875,0.0029038076754659,0.0090298615396022,0.0130060147494077,0.2306976318359375,-3.4989013671875,8.360931396484375,-1.3654022216796875,-3.2475738525390625,-1.2606964111328125
2019-05-08,6,1,302.2137145996094,293.76031494140625,4.010177612304688,-1.610321044921875,850.125,91607.90625,268.1885681152344,283.4345092773437,294.0390319824219,0.0023413028102368,0.009048257023096,0.0146011300384998,2.488861083984375,-1.67242431640625,5.94549560546875,-1.6324310302734375,-4.0252532958984375,-2.8300933837890625
2019-05-08,12,2,304.6235046386719,292.5553894042969,2.7843170166015625,0.2762298583984375,501.75,91280.6875,267.2895812988281,284.51983642578125,297.5057373046875,0.0035667337942868,0.0084202289581298,0.012153722345829,2.60986328125,-1.885345458984375,5.6789398193359375,-5.127716064453125,-4.1127777099609375,-4.3609771728515625
2019-05-08,18,3,297.44287109375,294.35577392578125,3.064300537109375,1.0718231201171875,1108.125,91525.5,268.04461669921875,283.3163146972656,294.80242919921875,0.0017180836293846,0.0085540786385536,0.0139663405716419,-0.30792236328125,-4.217086791992188,8.599472045898438,-4.326629638671875,-7.8554229736328125,-2.2660064697265625
2019-05-09,0,0,296.81219482421875,294.7144775390625,2.829437255859375,0.5558624267578125,1046.5,91346.0,268.11090087890625,284.60797119140625,294.5477294921875,0.0006629745475947,0.007586196064949,0.0129206366837024,0.2433929443359375,-7.3013153076171875,7.2250823974609375,-3.8055419921875,-5.775054931640625,-1.949920654296875
2019-05-09,6,1,302.68853759765625,293.1787414550781,3.1586151123046875,-2.03759765625,619.375,91465.640625,269.23223876953125,284.3313903808594,294.70233154296875,0.0004522616509348,0.0079311914741992,0.0140153244137763,0.6341705322265625,-3.347320556640625,4.571868896484375,-0.6605224609375,-2.9996490478515625,-3.59027099609375
2019-05-09,12,2,304.5536804199219,292.18365478515625,1.2780914306640625,-1.45489501953125,81.75,91179.3125,268.269775390625,284.28857421875,298.32086181640625,0.0016795862466096,0.0089138187468051,0.0112376511096954,-0.082794189453125,-1.7684783935546875,2.3686981201171875,-0.509307861328125,-4.695648193359375,-5.02703857421875
2019-05-09,18,3,299.0278015136719,293.287841796875,2.4310455322265625,1.0472259521484375,56.5,91424.21875,267.38897705078125,283.5864562988281,295.72967529296875,0.0013930527493357,0.0093473345041275,0.0120286829769611,2.954376220703125,-5.62652587890625,7.340499877929687,0.062042236328125,-6.501876831054688,-4.268600463867188
2019-05-10,0,0,297.3434753417969,292.9198913574219,1.8141632080078125,-0.4898223876953125,79.125,91310.40625,268.6102600097656,285.0506896972656,296.7706604003906,0.0009555369615554,0.0073205269873142,0.0108040124177932,2.6102752685546875,-9.728256225585938,4.2764739990234375,-0.27783203125,-2.9259796142578125,-6.5079193115234375
2019-05-10,6,1,304.593505859375,291.7020874023437,0.940948486328125,-2.8126220703125,234.5,91437.59375,269.0531616210937,284.6136474609375,296.9493408203125,0.000347696011886,0.0073742270469665,0.0122777335345745,5.444976806640625,-7.7479248046875,0.8504791259765625,-2.6624298095703125,-0.5721588134765625,-4.3296661376953125
2019-05-10,12,2,306.34832763671875,293.2715759277344,-0.14654541015625,-0.729766845703125,0.0,91146.875,267.5223388671875,284.8274841308594,299.8428955078125,0.0029718929436057,0.0081543326377868,0.0099172629415988,1.721771240234375,-3.826461791992188,-0.747772216796875,-4.783462524414063,-3.556793212890625,-1.972564697265625
2019-05-10,18,3,300.212646484375,291.93218994140625,1.551605224609375,1.2634124755859375,124.25,91419.375,269.3014221191406,284.3368530273437,297.40869140625,0.0016993931494653,0.0084347650408744,0.0116156116127967,0.458343505859375,-3.0315399169921875,4.3006744384765625,-4.096603393554688,-6.5169219970703125,5.386383056640625
2019-05-11,0,0,298.4090881347656,294.9795837402344,1.2288818359375,0.1803741455078125,1859.0,91446.65625,269.2942810058594,283.8560791015625,296.0684509277344,0.0006841956637799,0.0084372758865356,0.0128954723477363,4.07318115234375,-4.328521728515625,5.1524200439453125,-4.09228515625,-2.714340209960937,-0.7341461181640625
2019-05-11,6,1,304.693359375,293.0995483398437,2.6807861328125,-1.1312103271484375,920.75,91558.75,269.8448486328125,284.1737670898437,296.822998046875,0.0005970569327473,0.0081740505993366,0.0137845017015933,3.190414428710937,-4.979782104492188,3.62628173828125,-7.839141845703125,-2.113983154296875,-2.041015625
2019-05-11,12,2,301.9679870605469,292.5767517089844,0.6867828369140625,2.2518463134765625,728.75,91283.40625,269.1285400390625,284.3973388671875,297.6024780273437,0.0022831242531538,0.0101246461272239,0.0135934650897979,2.132431030273437,-1.932861328125,2.394500732421875,-5.804244995117188,-5.89227294921875,0.2544708251953125
2019-05-11,18,3,297.67852783203125,294.4089050292969,0.9806060791015624,1.643768310546875,874.375,91552.46875,268.8224182128906,282.95367431640625,295.7662353515625,0.0024441280402243,0.0098186433315277,0.0136799439787864,0.1932830810546875,-3.56158447265625,2.813705444335937,-5.1821136474609375,-8.200729370117188,-0.098968505859375
2019-05-12,0,0,297.8265380859375,294.92095947265625,1.3898773193359375,-0.135040283203125,1690.125,91400.171875,268.0190734863281,283.3892517089844,295.6610107421875,0.0019133617170155,0.0092028081417083,0.0126565247774124,2.6504669189453125,-2.364013671875,1.5873260498046875,-2.835922241210937,-5.035491943359375,-0.7428436279296875
2019-05-12,6,1,303.462646484375,293.2184753417969,1.25244140625,0.019989013671875,914.125,91515.734375,268.6778259277344,283.6841735839844,295.98504638671875,0.0010684016160666,0.0092191807925701,0.0142006985843181,5.929367065429688,-3.927825927734375,1.457794189453125,-1.4039764404296875,-6.2618255615234375,-0.0530242919921875
2019-05-12,12,2,303.02685546875,294.2474365234375,-1.0840301513671875,-1.78369140625,297.5,91260.03125,268.21051025390625,284.4970092773437,296.4131774902344,0.0028871942777186,0.0090206749737262,0.0130806788802146,4.142364501953125,-0.6688690185546875,-1.5758056640625,-2.6408843994140625,-2.8410797119140625,-2.2317047119140625
2019-05-12,18,3,298.08428955078125,294.9884033203125,2.5531005859375,1.3448486328125,179.5,91432.109375,267.9203491210937,283.5685729980469,296.0963134765625,0.0024363833945244,0.0093483738601207,0.0124541372060775,0.38861083984375,-5.533935546875,4.1546478271484375,-3.579330444335937,-2.6013336181640625,1.7169952392578125
2019-05-13,0,0,298.009765625,294.5941162109375,1.878692626953125,0.7520294189453125,1036.125,91286.578125,268.27716064453125,284.47735595703125,295.50653076171875,0.0028279533144086,0.0082533471286296,0.012601725757122,1.119598388671875,-6.0140380859375,3.9296722412109375,-3.2308349609375,-5.017547607421875,0.0321502685546875
2019-05-13,6,1,303.05474853515625,294.20672607421875,1.6632232666015625,-1.01531982421875,908.375,91480.9375,269.78228759765625,283.6075744628906,295.6638488769531,0.0011457793880254,0.009016016498208,0.0141707472503185,-1.589599609375,-4.769927978515625,2.079940795898437,-3.85162353515625,-3.4005279541015625,-1.8520050048828125
2019-05-13,12,2,300.49371337890625,293.9840087890625,-1.8393096923828125,0.4919281005859375,1450.25,91218.765625,269.87274169921875,284.623779296875,296.3450927734375,0.002734940033406,0.0108208321034908,0.0144728235900402,-1.108428955078125,2.0421295166015625,0.2720794677734375,-3.9571685791015625,-5.54132080078125,-1.0257110595703125
2019-05-13,18,3,297.907470703125,295.2699584960937,1.584503173828125,1.540191650390625,1344.5,91449.734375,268.56842041015625,284.7088623046875,294.96142578125,0.0038183033466339,0.0092786811292171,0.0135268233716487,-2.46185302734375,-4.867767333984375,3.05230712890625,-4.164337158203125,-4.85528564453125,-1.83978271484375
2019-05-14,0,0,297.022216796875,295.05010986328125,2.5847625732421875,0.4826202392578125,1179.75,91324.78125,269.32489013671875,284.11541748046875,294.667236328125,0.0029412186704576,0.00972481071949,0.0132446028292179,0.3216094970703125,-4.6834869384765625,7.806976318359375,-2.938812255859375,-6.3521881103515625,-1.243133544921875
2019-05-14,6,1,302.9215087890625,294.1651611328125,2.600814819335937,-2.6169891357421875,754.0,91506.65625,269.7938842773437,283.8680725097656,294.73834228515625,0.0014846839476376,0.0090628080070018,0.0141661949455738,0.5059814453125,-4.1545257568359375,3.86541748046875,-4.2508087158203125,-2.7815399169921875,-4.7984619140625
2019-05-14,12,2,305.24835205078125,291.210693359375,1.564605712890625,-1.7703857421875,89.0,91089.390625,268.1840515136719,284.77227783203125,299.1305236816406,0.0031347705516964,0.0099493749439716,0.0106373690068721,2.1441192626953125,-1.9228668212890625,3.51739501953125,-5.78973388671875,-6.597076416015625,-6.091522216796875
2019-05-14,18,3,299.471923828125,292.5987548828125,1.5395355224609375,2.1085662841796875,1024.125,91448.5625,268.5966796875,284.3311462402344,296.26324462890625,0.0022112620063126,0.009299349039793,0.0117509439587593,-2.030136108398437,-2.4534149169921875,-0.5348052978515625,-6.678863525390625,-10.294769287109377,0.0829620361328125
2019-05-15,0,0,297.9125671386719,294.8271484375,1.919525146484375,0.200286865234375,1460.875,91417.28125,269.75897216796875,284.19219970703125,294.5465087890625,0.000758125912398,0.0085542313754558,0.0138133615255355,0.216888427734375,-4.861572265625,4.5419464111328125,-7.83758544921875,-7.7906494140625,-2.550872802734375
2019-05-15,6,1,303.8499755859375,293.279296875,1.675872802734375,-1.663818359375,1056.625,91528.625,269.74664306640625,284.6068115234375,295.9266357421875,0.0008662247564643,0.0075807757675647,0.0140731409192085,-1.7950897216796875,-7.277587890625,2.0696258544921875,-10.177978515625,-5.5636749267578125,-2.8358612060546875
2019-05-15,12,2,302.9979553222656,291.5721435546875,-1.066864013671875,1.636077880859375,2114.25,91274.109375,268.9088439941406,284.6049194335937,296.4698486328125,0.0023527541197836,0.0096037946641445,0.0137694291770458,-0.172821044921875,-2.0874176025390625,2.2260894775390625,-8.947189331054688,-5.939727783203125,-4.394088745117188
2019-05-15,18,3,296.1903076171875,293.7008361816406,1.2075653076171875,1.755218505859375,1195.25,91525.953125,268.42547607421875,283.9167175292969,296.9276123046875,0.0017448030412197,0.0092472471296787,0.0116739347577095,-4.819015502929688,-5.2001495361328125,-3.050323486328125,-6.684249877929688,-9.25213623046875,-1.2965087890625
2019-05-16,0,0,297.2118530273437,294.41583251953125,1.2913665771484375,0.1768646240234375,1623.625,91409.375,268.1663818359375,284.79498291015625,295.45281982421875,0.0010125138796865,0.0058047696948051,0.0128185451030731,-1.3393096923828125,-7.701065063476562,2.412384033203125,-4.4810638427734375,-4.27496337890625,-0.4950714111328125
2019-05-16,6,1,304.32501220703125,292.8581237792969,1.2347259521484375,-1.5626678466796875,909.375,91606.609375,268.3495483398437,284.78033447265625,296.22271728515625,0.0009464337490499,0.0056091621518135,0.0135978981852531,-6.50225830078125,-4.89703369140625,1.6328277587890625,-7.1411895751953125,-3.1547088623046875,-2.5254669189453125
2019-05-16,12,2,304.28192138671875,292.73199462890625,-0.79833984375,0.043609619140625,231.25,91318.609375,268.1809387207031,284.3711242675781,298.68194580078125,0.0015438105911016,0.0087522491812706,0.0115029923617839,-5.940933227539063,-0.2281494140625,-0.1910247802734375,-5.16998291015625,-5.726486206054688,-1.205657958984375
2019-05-16,18,3,298.8584289550781,293.9066772460937,0.9935150146484376,1.949981689453125,925.25,91553.3125,268.1600341796875,283.875244140625,296.24237060546875,0.0019162497483193,0.0090046152472496,0.0127077139914035,-8.515289306640625,-2.4661407470703125,0.65533447265625,-5.2100982666015625,-8.5330810546875,3.775344848632813
2019-05-17,0,0,297.7872314453125,295.1036071777344,1.490234375,0.9740142822265624,2329.875,91446.65625,268.4108581542969,284.83624267578125,295.3388671875,0.0017090493347495,0.0071483813226222,0.0141577795147895,-7.563201904296875,-6.3421630859375,3.235595703125,-2.272308349609375,-8.484024047851562,1.3490142822265625
2019-05-17,6,1,304.6842346191406,293.25927734375,2.2888336181640625,-0.6353912353515625,1633.75,91614.078125,268.4593811035156,284.41558837890625,295.7620544433594,0.0009300173260271,0.0075795277953147,0.0146226286888122,-7.326004028320312,-6.737838745117188,3.12799072265625,-2.3177032470703125,-4.994552612304688,-1.3140411376953125
2019-05-17,12,2,299.4628601074219,294.62255859375,-2.66668701171875,1.3588104248046875,2688.0,91350.34375,268.2103881835937,284.9794006347656,295.9189147949219,0.003098907880485,0.0093427151441574,0.0144776329398155,-5.9439239501953125,-2.1280975341796875,-2.137298583984375,-2.4561920166015625,-5.4776611328125,-0.5549163818359375
2019-05-17,18,3,296.55621337890625,294.6693115234375,0.5001220703125,1.4193267822265625,1953.0,91512.78125,267.54278564453125,284.8861694335937,297.2948913574219,0.0032610129565,0.009192869067192,0.0121200941503047,-7.369476318359375,-4.687286376953125,-3.8769378662109375,-4.4061279296875,-8.154327392578125,-0.3865814208984375
2019-05-18,0,0,297.2948913574219,295.20367431640625,1.3801727294921875,-0.29522705078125,2058.75,91401.375,268.4635925292969,284.9899597167969,294.730712890625,0.0016091356519609,0.0075572617352008,0.014323603361845,-4.937896728515625,-7.254501342773437,2.3092193603515625,-2.105087280273437,-6.0402679443359375,0.165496826171875
2019-05-18,6,1,304.0357666015625,294.208984375,0.527679443359375,-0.358001708984375,1736.25,91491.828125,269.0737609863281,284.9985046386719,296.51385498046875,0.0007112571038305,0.0071262307465076,0.0146699324250221,-4.993408203125,-8.52703857421875,0.428955078125,-3.926788330078125,-6.52850341796875,-0.91375732421875
2019-05-18,12,2,304.878173828125,293.4901733398437,-0.9003448486328125,0.9840545654296876,657.75,91222.171875,268.55145263671875,284.6229248046875,298.4446716308594,0.0018757043872028,0.0096513703465461,0.0127387531101703,-4.65509033203125,-5.0072174072265625,-1.72320556640625,-6.249847412109375,-5.6380615234375,0.753936767578125
2019-05-18,18,3,299.53961181640625,294.19488525390625,1.5895538330078125,0.8940887451171875,439.5,91462.609375,267.87274169921875,283.9706420898437,297.20635986328125,0.0025846064090728,0.0090743340551853,0.0124157629907131,-8.245712280273438,-5.0655517578125,0.8538970947265625,-5.6605377197265625,-3.5846710205078125,3.1118621826171875
2019-05-19,0,0,298.004150390625,294.5771789550781,1.198577880859375,0.6609344482421875,1293.75,91359.921875,268.2508239746094,284.3915710449219,295.8275451660156,0.0020024557597935,0.0079735033214092,0.0138104744255542,-5.809371948242188,-7.506591796875,2.5975799560546875,-2.41461181640625,-5.02813720703125,2.232574462890625
2019-05-19,6,1,304.39459228515625,293.66033935546875,0.91851806640625,0.684722900390625,1270.5,91469.703125,269.4843139648437,284.8126525878906,296.9783020019531,0.0012659570202231,0.0063769184052944,0.0140333361923694,-4.9710235595703125,-8.567977905273438,0.9863433837890624,-3.8924407958984375,-3.10992431640625,0.67144775390625
2019-05-19,12,2,305.240966796875,292.42486572265625,-0.2223663330078125,1.4472808837890625,818.0,91222.421875,267.7680358886719,284.96881103515625,298.7376403808594,0.0030179971363395,0.0091626979410648,0.01200757548213,-4.4646759033203125,-6.2050628662109375,-1.238739013671875,-4.8797607421875,-4.592208862304688,1.5841217041015625
2019-05-19,18,3,300.03143310546875,293.6753845214844,1.83056640625,0.05816650390625,573.75,91529.296875,267.93975830078125,284.06561279296875,297.77392578125,0.0024285037070512,0.0088106021285057,0.0118052922189235,-7.649444580078125,-6.74432373046875,0.0180511474609375,-7.3824462890625,-2.3488006591796875,1.809967041015625
2019-05-20,0,0,297.957763671875,294.9149169921875,1.162567138671875,1.0285186767578125,2116.5,91464.625,268.2006225585937,284.0147705078125,295.50555419921875,0.0013322231825441,0.0067128464579582,0.0145265758037567,-7.4141082763671875,-9.213333129882812,2.97430419921875,-4.310577392578125,-1.9490814208984373,0.953948974609375
2019-05-20,6,1,304.4790954589844,293.6585388183594,0.924652099609375,0.540618896484375,1200.625,91579.203125,269.361572265625,284.6011962890625,296.9306640625,0.0005203653126955,0.0061813816428184,0.0136682577431201,-8.921188354492188,-8.303924560546875,0.900054931640625,-2.280914306640625,-3.760986328125,0.6146087646484375
2019-05-20,12,2,305.4400634765625,291.9951171875,-0.99041748046875,0.7336578369140625,303.25,91252.453125,267.9029235839844,284.127197265625,298.7816162109375,0.0035172633361071,0.0102454796433448,0.0115838311612606,-5.57275390625,-5.5023345947265625,-2.5785369873046875,-4.2737579345703125,-2.984283447265625,0.9055938720703124
2019-05-20,18,3,299.0687561035156,294.3773193359375,0.8002777099609375,0.9599609375,148.875,91466.8125,268.8139953613281,284.2492980957031,297.54888916015625,0.0021779460366815,0.0087036117911338,0.011137519031763,-8.385818481445312,-6.302902221679688,-1.387115478515625,-4.963897705078125,-4.545913696289063,4.5816497802734375
2019-05-21,0,0,298.386474609375,294.0879821777344,1.2411041259765625,0.6255340576171875,1142.25,91396.28125,269.2904968261719,284.3827819824219,296.0684814453125,0.0006179383490234,0.0075097158551216,0.0119005292654037,-7.354385375976562,-8.190963745117188,0.7511444091796875,-3.6230621337890634,-5.594573974609375,3.761444091796875
2019-05-21,6,1,304.94610595703125,291.8333435058594,1.152313232421875,0.71697998046875,655.625,91557.25,269.2279052734375,284.4702453613281,296.8803100585937,0.0006119110621511,0.0059739463031291,0.0126503482460975,-6.6668548583984375,-7.415359497070312,1.2911529541015625,-1.837921142578125,-3.116485595703125,0.7349853515625
2019-05-21,12,2,305.2611999511719,292.0067749023437,0.26690673828125,0.640411376953125,55.0,91282.171875,267.2992553710937,284.08843994140625,298.53076171875,0.0029539966490119,0.0090068392455577,0.0106383711099624,-4.224822998046875,-3.616012573242188,-0.107391357421875,-3.966720581054688,-2.99810791015625,0.8718719482421875
2019-05-21,18,3,299.4070739746094,293.4990234375,1.63214111328125,-0.639434814453125,694.5,91520.515625,267.7450561523437,283.9727783203125,296.54998779296875,0.0019661630503833,0.0083993189036846,0.0118771009147167,-5.8571624755859375,-6.4618682861328125,2.33038330078125,-5.317916870117188,-2.8138427734375,-1.972869873046875
2019-05-22,0,0,297.89453125,294.7778015136719,1.114898681640625,-0.764862060546875,1227.875,91351.515625,268.84283447265625,284.3555908203125,295.79400634765625,0.0010556550696492,0.0077689625322818,0.0129515957087278,-5.084518432617188,-9.95306396484375,2.103912353515625,0.159393310546875,-3.072265625,-2.41729736328125
2019-05-22,6,1,304.6062927246094,293.6837158203125,0.4982452392578125,0.02691650390625,1190.375,91471.71875,268.951416015625,285.2374267578125,296.6026611328125,0.0004528858698904,0.0062660798430442,0.0141603574156761,-4.4056549072265625,-7.5792236328125,0.526519775390625,-2.701202392578125,-3.829620361328125,-0.3292694091796875
2019-05-22,12,2,302.1317749023437,294.162109375,0.3698883056640625,0.2836151123046875,958.5,91204.03125,268.78546142578125,284.6058349609375,297.9217224121094,0.0024507588241249,0.00947967171669,0.0127760805189609,-4.5755615234375,-4.3096466064453125,-2.777435302734375,-5.265045166015625,-2.869537353515625,1.1955108642578125
2019-05-22,18,3,298.35089111328125,295.1690979003906,1.063751220703125,-0.9209747314453124,699.25,91443.234375,269.35205078125,284.74462890625,297.14227294921875,0.0023837718181312,0.0087875165045261,0.0122962445020675,-4.507537841796875,-6.2084503173828125,-0.081817626953125,-7.235031127929687,-1.9489593505859373,0.20379638671875
2019-05-23,0,0,297.481201171875,294.3957824707031,0.8433990478515625,1.0496978759765625,897.375,91323.046875,269.0328674316406,284.4511413574219,295.356201171875,0.00148990098387,0.0077319331467151,0.0134832933545112,-4.4947509765625,-8.165435791015625,1.458953857421875,-4.2100830078125,-4.650650024414063,0.258575439453125
2019-05-23,6,1,303.8827819824219,293.6675720214844,1.7100982666015625,1.044189453125,1927.875,91462.0,268.9822998046875,284.5072021484375,296.4161071777344,0.0016098218038678,0.0073467828333377,0.0151716768741607,-6.603530883789063,-8.12091064453125,2.151351928710937,-2.747421264648437,-2.83404541015625,1.11224365234375
2019-05-23,12,2,302.751708984375,293.8074645996094,-0.9313812255859376,0.3728790283203125,2406.5,91213.515625,269.0585327148437,284.91925048828125,296.7605895996094,0.00247158925049,0.0098420120775699,0.0155143700540065,-8.67999267578125,-3.0764312744140625,-2.261215209960937,-4.3194427490234375,-0.557525634765625,0.792938232421875
2019-05-23,18,3,298.0081787109375,295.7587585449219,2.7649078369140625,-2.3954620361328125,1469.0,91582.75,268.2224426269531,283.8632202148437,294.5572204589844,0.002295043785125,0.0101828761398792,0.0152860209345817,-7.481857299804687,-5.7467193603515625,3.963180541992188,-4.7061920166015625,-0.3274383544921875,-2.807891845703125
2019-05-24,0,0,296.8551025390625,294.63134765625,1.0380401611328125,0.2045135498046875,1268.5,91378.84375,268.08648681640625,285.33135986328125,295.13836669921875,0.0012258389033377,0.0051457658410072,0.0142821222543716,-10.321578979492188,-9.601791381835938,0.9776458740234376,-2.1286773681640625,-2.633895874023437,-1.3795013427734375
2019-05-24,6,1,303.0185546875,294.7076416015625,1.152679443359375,-0.40362548828125,1524.5,91527.265625,269.0989990234375,284.9974670410156,294.95904541015625,0.0009720646776258,0.0071683302521705,0.0155445858836174,-10.91058349609375,-6.979278564453125,1.34722900390625,0.9773406982421876,-1.855194091796875,-0.7216796875
2019-05-24,12,2,304.1373291015625,295.08380126953125,-0.3369293212890625,-1.1011810302734375,1558.875,91254.9375,269.3389892578125,285.05621337890625,297.2262268066406,0.0018007599283009,0.0094673074781894,0.0146500691771507,-7.477325439453125,-6.699386596679688,-1.086578369140625,-1.556549072265625,-2.592132568359375,0.1239166259765625
2019-05-24,18,3,296.8724365234375,294.7839050292969,2.2605133056640625,-0.3587646484375,1130.0,91505.375,268.93707275390625,284.9062194824219,295.1483764648437,0.0023166213650256,0.009908951818943,0.0138809345662593,-7.54644775390625,-5.6646881103515625,1.1447906494140625,-3.3175201416015625,-3.687210083007813,-0.7816314697265625
2019-05-25,0,0,296.5431213378906,294.76190185546875,3.03009033203125,0.68170166015625,1031.125,91375.21875,267.4169006347656,285.527587890625,293.630859375,0.0011495740618556,0.007120955735445,0.0143177807331085,-8.4921875,-8.82537841796875,6.4107208251953125,-1.590087890625,-4.451812744140625,-0.92767333984375
2019-05-25,6,1,302.8348083496094,294.77099609375,1.363037109375,-2.376739501953125,2004.0,91433.640625,267.760986328125,285.464111328125,295.2339172363281,0.0013807576615363,0.0078931525349617,0.0158596970140934,-7.897186279296875,-7.601959228515625,1.7245635986328125,0.0171356201171875,-3.44451904296875,-3.71380615234375
2019-05-25,12,2,304.2291259765625,296.44146728515625,-1.614837646484375,-0.7279205322265625,2822.0,91165.71875,269.0530090332031,285.4906616210937,296.6831970214844,0.0022482289932668,0.010084293782711,0.0160166583955287,-7.686141967773437,-4.371627807617188,0.6344146728515625,-1.835540771484375,-4.2223968505859375,-1.8880767822265625
2019-05-25,18,3,296.6334228515625,295.181640625,2.0133209228515625,0.2801055908203125,1404.5,91374.390625,268.5596923828125,284.94195556640625,296.1697998046875,0.0022969774436205,0.010450005531311,0.0145012848079204,-8.331085205078125,-5.038818359375,2.8040008544921875,-0.2767486572265625,-4.0079193115234375,-1.4912872314453125
2019-05-26,0,0,297.326416015625,295.10528564453125,2.5942840576171875,0.6982879638671875,1306.625,91219.03125,268.9034423828125,286.20379638671875,295.821533203125,0.0010363340843468,0.006144069135189,0.0137064307928085,-8.310791015625,-10.013412475585938,3.0059356689453125,1.30438232421875,-1.6909942626953125,-0.1336669921875
2019-05-26,6,1,302.8287048339844,295.27197265625,2.575592041015625,-0.4699249267578125,2744.0,91331.796875,269.5113830566406,285.8681945800781,295.3863830566406,0.0008470485918223,0.0065958425402641,0.0165183171629905,-10.171157836914062,-7.961822509765625,3.40924072265625,2.294219970703125,-1.62689208984375,-1.1933135986328125
2019-05-26,12,2,305.4089660644531,296.28765869140625,-0.7207489013671875,0.138946533203125,3244.25,91040.75,269.38330078125,286.126708984375,298.8012390136719,0.0020467704162001,0.0084240697324275,0.0158260017633438,-7.2610321044921875,-4.30523681640625,1.056060791015625,1.5259857177734375,-3.196441650390625,-0.4775543212890625
2019-05-26,18,3,296.6580505371094,294.73291015625,1.1799468994140625,0.3657073974609375,1778.0,91420.25,268.61767578125,285.0277099609375,295.315185546875,0.0029864234384149,0.0104432143270969,0.01474130153656,-6.83758544921875,-5.587326049804688,1.768890380859375,-1.5785369873046875,-3.3973388671875,-4.6751708984375
2019-05-27,0,0,296.89093017578125,294.81109619140625,2.8929901123046875,-0.5144500732421875,894.5,91196.265625,268.39532470703125,285.628662109375,295.70751953125,0.0017818952910602,0.008264560252428,0.013488907366991,-6.5182037353515625,-9.82080078125,2.646759033203125,1.1246185302734375,-2.360092163085937,-2.5133514404296875
2019-05-27,6,1,302.59405517578125,295.630859375,1.779876708984375,-2.163436889648437,2320.0,91333.484375,269.0006408691406,286.13922119140625,295.38104248046875,0.0009695731569081,0.0060081370174884,0.0162872560322284,-6.656707763671875,-9.668045043945312,2.2324371337890625,2.44793701171875,-1.6895294189453125,-3.570587158203125
2019-05-27,12,2,302.8909912109375,296.3523254394531,-0.459716796875,0.44183349609375,1545.75,91097.109375,269.37469482421875,285.1803894042969,297.42877197265625,0.0015757181681692,0.0096824020147323,0.01471658796072,-4.875747680664063,-5.923751831054688,-0.2112274169921875,-2.835922241210937,-2.7270965576171875,-1.3363494873046875
2019-05-27,18,3,298.782958984375,296.00787353515625,2.4186553955078125,-0.89703369140625,548.0,91277.046875,268.6366577148437,284.5277099609375,298.21002197265625,0.0020997624378651,0.0103253573179245,0.0127029679715633,-7.810623168945312,-6.5811614990234375,-1.6140899658203125,-3.9603118896484375,-1.2426605224609375,-3.419830322265625
2019-05-28,0,0,297.56396484375,295.09527587890625,2.123077392578125,1.43524169921875,1736.25,91209.140625,269.12994384765625,285.37176513671875,296.11724853515625,0.0004737703129649,0.0087168030440807,0.0145165137946605,-6.52557373046875,-8.070938110351562,3.869903564453125,-0.383056640625,-3.148300170898437,0.415771484375
2019-05-28,6,1,302.49688720703125,295.8340759277344,2.4676513671875,-2.39501953125,2292.75,91374.796875,270.1097412109375,285.13018798828125,294.79278564453125,0.0006960900500416,0.0087633021175861,0.0165601540356874,-5.8079376220703125,-5.566314697265625,3.4980926513671875,-0.3367156982421875,-0.827545166015625,-3.653839111328125
2019-05-28,12,2,305.1745910644531,295.2064208984375,1.063262939453125,-1.736297607421875,1616.5,90985.171875,269.9682006835937,285.8289794921875,298.5908203125,0.0013556606136262,0.0083421096205711,0.0138861425220966,-4.6547698974609375,-2.191390991210937,4.004058837890625,-3.2288970947265625,-0.9037933349609376,-3.9127044677734375
2019-05-28,18,3,296.9472045898437,295.24786376953125,0.41357421875,2.171630859375,1633.75,91302.203125,269.0611877441406,284.8742370605469,295.96734619140625,0.0033536755945533,0.0105194188654422,0.0151697546243667,-5.623992919921875,-2.97845458984375,3.647506713867188,-3.025390625,-6.6293487548828125,1.855926513671875
2019-05-29,0,0,296.843505859375,294.17462158203125,2.1100311279296875,1.0380706787109375,1452.0,91146.296875,268.537109375,285.185546875,296.15252685546875,0.0022039278410375,0.0104481652379035,0.0130075439810752,-7.959686279296875,-5.89031982421875,3.3914794921875,-2.4183349609375,-4.353286743164063,-1.17950439453125
2019-05-29,6,1,301.9053039550781,294.3905029296875,1.724822998046875,-0.0034637451171875,1829.5,91273.75,267.97344970703125,285.0995788574219,295.80084228515625,0.0027716872282326,0.0106770284473896,0.0148365870118141,-5.3424835205078125,-6.7185821533203125,2.303466796875,-2.4984893798828125,-1.8014373779296875,-1.893157958984375
2019-05-29,12,2,304.836669921875,295.31427001953125,0.242706298828125,-1.1475067138671875,1340.25,90963.328125,268.87823486328125,285.9935302734375,298.3525390625,0.0027486861217767,0.0088356211781501,0.0145983956754207,-5.54583740234375,-4.564178466796875,2.0025787353515625,-4.302017211914063,-1.869140625,-2.2350616455078125
2019-05-29,18,3,298.0746154785156,295.2431030273437,1.507232666015625,1.8708038330078125,767.75,91324.6875,267.9248046875,285.1453857421875,295.052734375,0.0035490519367158,0.0100230574607849,0.0147286094725131,-4.87921142578125,-3.626754760742188,5.817352294921875,-6.133834838867188,-3.38568115234375,2.41461181640625
2019-05-30,0,0,297.0834350585937,295.5628356933594,3.3151092529296875,0.55255126953125,1369.25,91089.015625,269.4779357910156,286.2743835449219,294.8514404296875,0.0022325243335217,0.0078490376472473,0.0145039334893226,-1.793304443359375,-5.4136505126953125,5.979415893554688,1.9202117919921875,-3.5085601806640625,0.2498626708984375
2019-05-30,6,1,301.17547607421875,295.2093505859375,2.609344482421875,-0.3588409423828125,2987.5,91255.578125,269.870361328125,284.97686767578125,294.9425964355469,0.0018486632034182,0.008437592536211,0.0166133940219879,-1.0561065673828125,-2.9730987548828125,3.721466064453125,-2.5491180419921875,-3.1976470947265625,-1.2124786376953125
2019-05-30,12,2,304.9893798828125,295.68707275390625,-0.7053070068359375,-0.3558502197265625,2725.5,90882.078125,269.78448486328125,285.86102294921875,298.12841796875,0.0019389330409467,0.0087097026407718,0.0148614533245563,-2.929534912109375,-4.286300659179688,0.3545989990234375,-1.9755706787109373,-6.6984405517578125,-0.8223876953125
2019-05-30,18,3,297.03369140625,295.55352783203125,0.8498992919921875,1.8669281005859373,1636.0,91251.3125,268.9276428222656,284.7231140136719,295.13641357421875,0.0040047941729426,0.0104167573153972,0.0146685391664505,-4.76080322265625,-4.618804931640625,0.4776611328125,-4.9054718017578125,-3.8641510009765625,0.756134033203125
2019-05-31,0,0,296.6571044921875,294.6058044433594,1.8308868408203125,-0.198944091796875,519.25,91112.21875,269.2461242675781,284.87939453125,295.6537475585937,0.0032652046065777,0.0098493732511997,0.0128923580050468,-3.64630126953125,-3.269515991210937,3.985885620117188,-1.5229644775390625,-3.441268920898437,-1.431793212890625
2019-05-31,6,1,301.798828125,295.28436279296875,2.431259155273437,0.372711181640625,1313.0,91303.5,268.9726867675781,284.4378967285156,295.09063720703125,0.0038309763185679,0.01005669683218,0.015473011881113,-5.223648071289063,-2.2365875244140625,3.451995849609375,-2.674911499023437,-2.0146942138671875,0.1429290771484375
2019-05-31,12,2,301.97576904296875,294.40655517578125,2.6340484619140625,2.01220703125,1029.0,91004.0625,269.1477355957031,285.0904541015625,295.6675109863281,0.0032891312148422,0.0086405538022518,0.0150848757475614,-5.88336181640625,-2.6260223388671875,5.519195556640625,-4.83258056640625,-3.70281982421875,1.8191375732421875
2019-05-31,18,3,297.32196044921875,295.5511474609375,3.6311187744140634,1.8460845947265625,580.0,91320.890625,269.00634765625,284.90631103515625,293.4194030761719,0.0015693500172346,0.0095472149550914,0.0151645094156265,-6.7055511474609375,-5.928619384765625,9.945526123046877,-3.4690399169921875,-2.988388061523437,0.9959869384765624
2019-06-01,0,0,296.9088134765625,293.9435119628906,3.186492919921875,0.618194580078125,519.75,91290.046875,268.2089233398437,284.43072509765625,293.5476379394531,0.0010966004338115,0.0085640847682952,0.0137429349124431,-6.786773681640625,-6.861373901367188,7.490646362304687,-3.3421783447265625,-2.5308380126953125,-0.236083984375
2019-06-01,6,1,302.2685852050781,295.0662536621094,2.462738037109375,-1.8265380859375,1342.5,91383.6875,269.341064453125,285.19879150390625,294.712890625,0.000978298485279,0.0051185451447963,0.0156640000641345,-6.83673095703125,-4.2074127197265625,3.5879058837890625,-2.68560791015625,-1.5946502685546875,-2.9037628173828125
2019-06-01,12,2,304.71246337890625,295.615234375,1.47247314453125,-0.998321533203125,2160.0,91038.671875,268.949951171875,285.64697265625,298.1155090332031,0.0013843406923115,0.0070043019950389,0.0152099430561065,-4.46185302734375,-2.9268035888671875,2.21331787109375,-3.5922393798828125,-3.6002349853515625,-3.267074584960937
2019-06-01,18,3,298.10308837890625,296.25592041015625,1.7565765380859375,0.4912567138671875,927.5,91333.328125,268.55419921875,285.40692138671875,295.6319580078125,0.0031024848576635,0.0089689493179321,0.014476541429758,-4.96295166015625,-3.1580047607421875,3.628005981445313,-6.25054931640625,-5.247467041015625,-1.4247283935546875
2019-06-02,0,0,297.46368408203125,295.7613525390625,2.892669677734375,1.1341400146484375,1569.75,91184.828125,268.84326171875,285.58856201171875,294.98907470703125,0.0027283991221338,0.0078163854777812,0.0146848298609256,-4.697265625,-4.7021484375,5.9114990234375,-6.844635009765625,-5.1095123291015625,0.310638427734375
2019-06-02,6,1,301.3793334960937,296.22412109375,3.205841064453125,0.1369781494140625,2246.75,91378.5625,269.3350830078125,285.2145690917969,294.41510009765625,0.0024215502198785,0.0078498348593711,0.0165864937007427,-6.2672271728515625,-5.7723541259765625,4.690582275390625,-6.594390869140625,-3.4620819091796875,-0.2878265380859375
2019-06-02,12,2,304.45166015625,295.9222412109375,1.261474609375,1.0820465087890625,2997.75,90964.40625,269.421142578125,285.69122314453125,297.8393249511719,0.003376625245437,0.0092817395925521,0.016180507838726,-6.068389892578125,-0.089691162109375,4.1820220947265625,-6.48895263671875,-3.8222808837890634,1.7380828857421875
2019-06-02,18,3,295.6217041015625,294.6255798339844,3.45166015625,-0.5291595458984375,1051.25,91414.078125,268.7322998046875,285.4256591796875,293.4033203125,0.0048892982304096,0.0096348412334918,0.016134113073349,-8.469467163085938,-1.5659942626953125,9.22674560546875,-2.764389038085937,-4.770034790039063,-4.566329956054688
2019-06-03,0,0,295.7396850585937,294.1346435546875,3.057037353515625,0.3163604736328125,501.625,91162.171875,269.6024169921875,285.5645751953125,293.7023010253906,0.0020648601930588,0.008243840187788,0.0136087797582149,-8.6324462890625,-5.581802368164063,8.76263427734375,-5.465606689453125,-2.880645751953125,-1.40362548828125
2019-06-03,6,1,299.04376220703125,294.8632202148437,3.898605346679688,-1.389923095703125,805.75,91438.359375,268.9058837890625,284.3310241699219,292.96148681640625,0.0037155393511056,0.0094336792826652,0.0154451392590999,-9.07489013671875,-3.0294342041015625,6.5904693603515625,-3.1591339111328125,-1.41131591796875,-2.905914306640625
2019-06-03,12,2,300.1600952148437,295.6766662597656,1.935272216796875,-1.3232269287109375,517.0,91141.578125,268.9345092773437,285.3302001953125,294.5960693359375,0.0031075696460902,0.008250918239355,0.0145775042474269,-5.797515869140625,-1.4353790283203125,3.1770172119140625,-0.5630035400390625,-3.098236083984375,-4.1945648193359375
2019-06-03,18,3,297.1573181152344,295.5325927734375,1.9031524658203125,0.8480224609375,643.375,91381.21875,269.3368225097656,285.1344909667969,294.216552734375,0.0028160088695585,0.0085439570248126,0.0153573229908943,-4.921966552734375,-4.6434478759765625,3.6610107421875,-2.46734619140625,-2.707733154296875,-4.125244140625
2019-06-04,0,0,296.4300537109375,294.41619873046875,2.4615478515625,-0.089630126953125,137.25,91181.796875,269.69903564453125,285.3500671386719,293.72186279296875,0.0023259683512151,0.0069213770329952,0.0137863047420978,-7.26116943359375,-4.365203857421875,4.9268646240234375,-3.90618896484375,-2.544281005859375,-2.48455810546875
2019-06-04,6,1,301.395751953125,294.4486694335937,2.553375244140625,-0.1540374755859375,38.75,91341.53125,269.7013854980469,285.74267578125,293.5326538085937,0.0024889335036277,0.0072587206959724,0.0139277391135692,-7.49786376953125,-4.15869140625,3.716796875,-4.4859466552734375,-2.198883056640625,-0.664459228515625
2019-06-04,12,2,303.4002990722656,293.82196044921875,1.719482421875,-1.5139923095703125,869.25,91032.171875,270.4708251953125,285.0560913085937,296.2349548339844,0.0023909136652946,0.0091513320803642,0.0145626328885555,-7.087066650390625,-2.602752685546875,2.580184936523437,-1.9456329345703125,-4.6106719970703125,-3.6722259521484375
2019-06-04,18,3,298.4711303710937,295.10870361328125,1.2759552001953125,0.2825927734375,296.5,91290.4375,269.37237548828125,284.0495910644531,293.9907531738281,0.0041465163230896,0.0107536204159259,0.0146320275962352,-6.478286743164063,-3.980133056640625,5.71234130859375,-2.1672821044921875,-3.771408081054688,-3.568878173828125
2019-06-05,0,0,296.7035522460937,294.5854187011719,1.885223388671875,0.68475341796875,436.0,91190.90625,269.4205627441406,284.9659729003906,293.49578857421875,0.0036943193990737,0.0092310085892677,0.014569666236639,-6.3443603515625,-6.055923461914063,5.6983795166015625,1.2403106689453125,-1.8775482177734373,-1.7776031494140625
2019-06-05,6,1,301.8189392089844,295.30865478515625,1.593475341796875,-0.7916717529296875,1627.0,91284.265625,269.7626342773437,285.07427978515625,294.4351501464844,0.0038447899278253,0.0081504695117473,0.0160635188221931,-3.2848358154296875,-7.149337768554688,1.9724884033203125,1.210052490234375,-1.332427978515625,-1.48602294921875
2019-06-05,12,2,302.2118530273437,295.30450439453125,-1.0533447265625,0.6513671875,2109.75,90961.40625,270.119873046875,285.31463623046875,297.1606750488281,0.0033313538879156,0.0104184225201606,0.0155993588268756,-5.2202911376953125,-7.6487274169921875,0.086761474609375,-2.1976470947265625,-3.970916748046875,-1.2953948974609375
2019-06-05,18,3,295.8988342285156,295.15386962890625,1.0274505615234375,1.356781005859375,838.25,91193.171875,269.1195068359375,286.1618347167969,294.7973937988281,0.0040979944169521,0.0071685276925563,0.0155465640127658,-8.43841552734375,-7.012603759765625,3.10064697265625,-1.9219512939453125,-0.5848541259765625,0.9503173828125
2019-06-06,0,0,296.44696044921875,294.56060791015625,1.932769775390625,0.2469329833984375,1183.75,91151.765625,268.4062805175781,286.22198486328125,294.2528076171875,0.0028772635851055,0.0051378831267356,0.0150516107678413,-5.3988037109375,-11.631027221679688,0.6540374755859375,2.439422607421875,-0.1175537109375,0.6990509033203125
2019-06-06,6,1,302.0563049316406,295.1368103027344,1.0517730712890625,0.16412353515625,1829.75,91271.921875,268.4395751953125,287.1904602050781,295.2331848144531,0.0021944169420748,0.0052649080753326,0.0160796716809272,-6.2564697265625,-12.325454711914062,1.1915435791015625,-0.56756591796875,-0.212799072265625,0.14617919921875
2019-06-06,12,2,304.74127197265625,296.0811767578125,0.7545928955078125,0.2416229248046875,1743.5,91004.21875,269.3002319335937,286.1988830566406,297.4228515625,0.0021782019175589,0.0077659226953983,0.0160138867795467,-3.2555389404296875,-7.8657684326171875,1.0061798095703125,1.4833831787109375,-0.9269256591796876,-0.6779632568359375
2019-06-06,18,3,296.6204528808594,295.0279541015625,1.096343994140625,0.478851318359375,1521.625,91296.265625,269.35009765625,285.13592529296875,294.80633544921875,0.0026705563068389,0.0096725225448608,0.0156603455543518,-4.6485595703125,-6.433502197265625,1.198333740234375,-1.23553466796875,-2.75494384765625,1.020538330078125
2019-06-07,0,0,296.6173095703125,294.5331115722656,1.704498291015625,0.3202972412109375,817.375,91189.828125,268.676025390625,286.3843994140625,293.887451171875,0.0021771325264126,0.005287829786539,0.0150702260434627,-3.1012420654296875,-9.398513793945312,2.543563842773437,0.3939208984375,1.1574249267578125,-0.1324310302734375
2019-06-07,6,1,301.8182678222656,295.86199951171875,1.9470977783203125,-0.151641845703125,1707.75,91281.265625,269.00006103515625,286.1561584472656,295.1015625,0.0012115756981074,0.006668847054243,0.0161445438861846,-7.413055419921875,-6.38519287109375,2.561920166015625,-1.119659423828125,-1.4874114990234375,-0.3551483154296875
2019-06-07,12,2,302.7181701660156,294.8303527832031,0.3823089599609375,1.1188201904296875,2483.25,91053.3125,269.49566650390625,285.90606689453125,297.4635009765625,0.0021903731394559,0.0089594423770904,0.0155257359147071,-6.948974609375,-5.4102935791015625,1.043914794921875,-0.089141845703125,-0.57647705078125,0.7144775390625
2019-06-07,18,3,297.9781799316406,294.9732666015625,2.6331939697265625,0.8796234130859375,1310.75,91453.515625,267.959228515625,285.3575134277344,293.60418701171875,0.004299207124859,0.0075269974768161,0.0158808529376983,-6.793182373046875,-4.2196807861328125,6.0434112548828125,-0.76202392578125,-2.8988037109375,-0.5905303955078125
2019-06-08,0,0,296.77154541015625,294.5774230957031,2.9626007080078125,-0.1094970703125,669.75,91199.921875,267.6629638671875,286.65679931640625,294.5940856933594,0.0023822095245122,0.0079231970012187,0.0150859840214252,-8.91796875,-6.98681640625,5.765838623046875,1.64837646484375,1.643951416015625,-0.891387939453125
2019-06-08,6,1,301.3067321777344,294.0792236328125,2.27178955078125,-1.6678619384765625,1182.125,91327.75,270.3241577148437,284.9188232421875,292.93707275390625,0.0013391030952334,0.0093709230422973,0.0165546312928199,-8.6593017578125,-3.209075927734375,3.4031982421875,1.9963531494140625,1.0125732421875,-2.982177734375
2019-06-08,12,2,302.8646850585937,296.37652587890625,0.8126983642578125,0.5210418701171875,1245.5,91012.125,268.6060791015625,286.3035583496094,295.3742980957031,0.003932949155569,0.0070244036614894,0.0153233036398887,-4.0087738037109375,-2.9386138916015625,1.086334228515625,-0.1850433349609375,1.0051727294921875,0.097869873046875
2019-06-08,18,3,298.8060913085937,296.52886962890625,1.1342315673828125,1.141082763671875,962.0,91337.484375,268.93902587890625,285.55670166015625,294.64404296875,0.0031338590197265,0.0072814412415027,0.0152108147740364,-3.7458343505859375,-4.3311614990234375,3.2050933837890625,0.587982177734375,1.1682586669921875,3.400863647460937
2019-06-09,0,0,296.8323669433594,294.6835632324219,2.056732177734375,1.07855224609375,679.0,91163.453125,269.4672241210937,285.2325744628906,294.65789794921875,0.0023344857618212,0.0075506381690502,0.0154261216521263,-2.3392486572265625,-4.87261962890625,2.126953125,0.133575439453125,3.2808074951171875,5.019821166992188
2019-06-09,6,1,303.0792236328125,295.3045959472656,1.5063629150390625,2.673568725585937,1043.5,91239.65625,270.16656494140625,285.52655029296875,294.6771240234375,0.0021770545281469,0.0075867436826229,0.0156507864594459,-2.6092071533203125,-3.24957275390625,2.0116424560546875,0.4259490966796875,6.090835571289063,4.410659790039063
2019-06-09,12,2,302.19451904296875,295.142578125,2.057220458984375,3.6657562255859375,651.0,90925.015625,269.978515625,285.03729248046875,295.6248474121094,0.0030292796436697,0.009327970445156,0.0141854956746101,-5.5961456298828125,-0.152191162109375,6.0255126953125,0.34912109375,3.95355224609375,6.45220947265625
2019-06-09,18,3,296.7351379394531,293.9329833984375,3.178207397460937,1.52911376953125,0.75,91218.203125,269.7960510253906,285.499755859375,293.9193115234375,0.0018312358297407,0.0087341852486133,0.0135389380156993,-4.0665435791015625,-1.547149658203125,5.899429321289063,2.907211303710937,3.379730224609375,8.0997314453125
2019-06-10,0,0,296.2337951660156,293.316162109375,1.8777618408203125,0.41436767578125,0.0,91050.734375,270.32965087890625,285.0276794433594,293.548095703125,0.0031013712286949,0.0085766352713108,0.0130951441824436,-0.742279052734375,-0.8799896240234375,5.1661529541015625,6.1120147705078125,5.852203369140625,6.16705322265625
2019-06-10,6,1,300.59326171875,293.277587890625,3.7005767822265625,4.1519927978515625,32.0,91183.640625,270.1103820800781,285.391357421875,294.0619812011719,0.0042999498546123,0.0091436468064785,0.0142504461109638,-0.1571044921875,3.09381103515625,6.364898681640625,6.098480224609375,7.133102416992188,7.417266845703125
2019-06-10,12,2,301.3970947265625,293.7704772949219,3.8194580078125,2.3150634765625,104.25,91015.640625,269.4887390136719,284.98699951171875,294.2085876464844,0.0054951831698417,0.0095058903098106,0.0140356943011283,3.92071533203125,8.1669921875,8.459304809570312,7.2019805908203125,4.324508666992188,5.0220489501953125
2019-06-10,18,3,296.71728515625,293.578369140625,2.1733856201171875,2.0350341796875,0.0,91195.609375,269.46832275390625,286.9259033203125,293.49658203125,0.0054311240091919,0.0072479732334613,0.0133714377880096,6.83221435546875,12.796600341796877,5.7674407958984375,5.172393798828125,8.2000732421875,9.616531372070312
2019-06-11,0,0,295.95947265625,292.85546875,3.22955322265625,2.705230712890625,0.0,91049.6875,268.6145935058594,286.15753173828125,292.3309326171875,0.004738375544548,0.0085578598082065,0.0127153024077415,8.375518798828125,9.643524169921877,11.531524658203123,9.522369384765623,8.02557373046875,11.118896484375
2019-06-11,6,1,300.8423767089844,294.1709899902344,4.8985595703125,4.699951171875,232.25,91186.53125,268.8350830078125,287.6129150390625,293.84832763671875,0.0042620487511157,0.0084823034703731,0.0147137679159641,8.203018188476562,15.31732177734375,10.0579833984375,8.502792358398438,7.36602783203125,9.698287963867188
2019-06-11,12,2,301.49884033203125,294.68780517578125,4.6201019287109375,3.40411376953125,85.25,90989.015625,269.4815673828125,285.23846435546875,294.05499267578125,0.0045761466026306,0.0099422670900821,0.0150869227945804,3.032470703125,15.782241821289062,10.737472534179688,5.8741455078125,7.0237579345703125,7.4879150390625
2019-06-11,18,3,296.91241455078125,294.12432861328125,3.6568603515625,2.7897491455078125,40.5,91280.75,269.6737670898437,286.37017822265625,290.9941101074219,0.0045512542128562,0.0091513693332672,0.0149534307420253,4.329254150390625,16.31195068359375,14.328567504882812,6.119293212890625,4.845855712890625,7.273284912109375
2019-06-12,0,0,296.61865234375,293.74176025390625,3.904464721679688,2.826995849609375,10.75,91031.953125,269.24053955078125,288.1506042480469,291.0833435058594,0.0041950978338718,0.0083487369120121,0.0151498392224311,2.7884674072265625,16.618865966796875,13.483489990234377,3.844696044921875,6.2431182861328125,8.056777954101562
2019-06-12,6,1,300.1182556152344,294.512939453125,6.797653198242188,3.906463623046875,431.0,91244.25,268.1268920898437,286.6942749023437,293.5708312988281,0.004187524318695,0.0092074945569038,0.0153893586248159,2.060821533203125,16.458419799804688,11.938812255859377,1.228485107421875,7.292236328125,6.661590576171875
2019-06-12,12,2,299.91552734375,294.3355712890625,4.832199096679688,1.97552490234375,200.5,91154.640625,269.19927978515625,285.42041015625,292.9144897460937,0.0052124522626399,0.0098063088953495,0.0152841918170452,2.1907196044921875,16.83404541015625,11.55023193359375,1.403961181640625,3.003814697265625,4.404052734375
2019-06-12,18,3,296.71942138671875,293.5304260253906,5.003082275390625,2.092437744140625,77.75,91353.390625,268.74578857421875,287.3785400390625,291.0004272460937,0.005125306546688,0.0068648448213934,0.0149431098252534,2.353485107421875,14.743362426757812,16.118606567382812,2.020492553710937,2.504791259765625,4.29180908203125
2019-06-13,0,0,296.88067626953125,293.8990783691406,6.031829833984375,2.2345123291015625,1.25,91083.53125,269.12255859375,288.4169921875,290.8993530273437,0.004920981824398,0.006999272853136,0.0143009349703788,1.153717041015625,10.817703247070312,17.993362426757812,3.186126708984375,3.2707061767578125,5.77789306640625
2019-06-13,6,1,300.57177734375,294.30633544921875,6.717056274414063,2.46905517578125,121.25,91365.171875,269.0583801269531,287.4981689453125,292.89385986328125,0.0048640221357345,0.0074851438403129,0.0148233883082866,2.943710327148437,14.5819091796875,12.348419189453123,4.3229522705078125,3.470321655273437,4.4674224853515625
2019-06-13,12,2,300.0552978515625,294.59442138671875,3.482040405273437,1.439605712890625,302.25,91217.734375,269.31231689453125,284.39569091796875,293.11395263671875,0.0048761898651719,0.0094795003533363,0.0148215629160404,6.43084716796875,13.888214111328123,11.716049194335938,-0.780303955078125,1.8493804931640625,3.901123046875
2019-06-13,18,3,296.420166015625,294.088134765625,3.6973876953125,1.9324188232421875,21.5,91433.546875,269.42901611328125,285.912109375,290.59375,0.0048170424997806,0.0073637347668409,0.0147396866232156,2.515243530273437,15.313827514648438,13.112503051757812,0.2470245361328125,2.8321990966796875,3.8901214599609375
2019-06-14,0,0,296.51611328125,294.0804138183594,4.5571136474609375,0.9042816162109376,14.25,91217.0,268.7465209960937,286.11083984375,290.54931640625,0.0053823348134756,0.0073336698114871,0.0144514366984367,1.362396240234375,14.056396484375,15.68658447265625,1.6035919189453125,5.1653594970703125,2.508636474609375
2019-06-14,6,1,301.04058837890625,293.8353271484375,5.06219482421875,1.7629547119140625,155.875,91374.859375,268.47857666015625,285.5416259765625,293.6176452636719,0.0052464380860328,0.008643627166748,0.0141792632639408,2.11151123046875,12.386688232421877,11.444778442382812,3.8441314697265625,2.7883453369140625,2.825912475585937
2019-06-14,12,2,299.7218017578125,296.3403015136719,4.02484130859375,0.8033905029296875,425.875,91131.546875,269.4432983398437,285.0325927734375,294.0038452148437,0.003473860444501,0.0097192451357841,0.0144166983664035,3.717330932617188,10.4971923828125,10.669403076171877,2.4851226806640625,0.765411376953125,1.607666015625
2019-06-14,18,3,296.558837890625,294.17120361328125,3.5639801025390625,1.428375244140625,44.375,91453.6875,268.721923828125,285.0008544921875,291.9498291015625,0.0037711195182055,0.0074103102087974,0.013941541314125,1.340972900390625,7.568923950195312,11.465423583984377,4.2774810791015625,0.0122222900390625,1.7381134033203125
2019-06-15,0,0,296.3743896484375,293.9351806640625,3.472900390625,0.496307373046875,2.375,91269.203125,268.786376953125,285.7188720703125,291.30621337890625,0.0033699725754559,0.0060934126377105,0.0136034823954105,2.399169921875,7.4360198974609375,13.3599853515625,5.709991455078125,0.260986328125,-0.689666748046875
2019-06-15,6,1,301.5943298339844,293.2271728515625,5.7738800048828125,1.0310821533203125,14.375,91404.890625,270.39404296875,285.40679931640625,293.45379638671875,0.0032561172265559,0.0057756919413805,0.0135297998785972,1.8126220703125,6.113433837890625,10.98760986328125,3.674560546875,-1.0862884521484375,1.5269927978515625
2019-06-15,12,2,303.36407470703125,294.9437255859375,3.3030242919921875,-0.2765350341796875,458.625,91173.828125,269.30133056640625,285.23504638671875,295.868408203125,0.0022313948720693,0.0079300738871097,0.0138121582567691,5.810562133789063,6.789596557617188,7.548919677734375,2.8497772216796875,-1.5442962646484375,-0.9575042724609376
2019-06-15,18,3,297.82818603515625,294.1855773925781,3.84765625,0.84625244140625,135.25,91463.53125,268.7770080566406,285.14501953125,292.9785461425781,0.0028937293682247,0.0075356364250183,0.0133894905447959,3.40576171875,6.0069427490234375,10.624557495117188,1.5473175048828125,-2.14227294921875,-0.4753570556640625
2019-06-16,0,0,296.8194580078125,293.97296142578125,3.793746948242188,0.2113494873046875,35.875,91363.125,269.3748779296875,284.99383544921875,291.393310546875,0.0019155058544129,0.0069808512926101,0.0132764093577861,5.791656494140625,2.455322265625,11.681503295898438,1.6268463134765625,-0.1221771240234375,-1.55938720703125
2019-06-16,6,1,302.0258483886719,293.28253173828125,5.2592315673828125,0.178680419921875,6.25,91436.453125,270.8512878417969,285.19647216796875,293.8065185546875,0.0016932729631662,0.0065491124987602,0.0133247058838605,4.41363525390625,3.47393798828125,9.267547607421877,0.6191864013671875,1.518280029296875,-0.2513275146484375
2019-06-16,12,2,303.3412475585937,294.1460266113281,3.239959716796875,0.168853759765625,76.25,91179.09375,270.510009765625,284.642578125,295.5907592773437,0.0009744684211909,0.0082417838275432,0.0133045800030231,7.9677734375,6.311798095703125,7.0972747802734375,0.0529327392578125,-2.023681640625,-0.3646087646484375
2019-06-16,18,3,298.0802001953125,293.846435546875,3.95074462890625,0.7183074951171875,210.25,91505.921875,270.3377685546875,284.113525390625,292.9328308105469,0.0005029996391385,0.0076097026467323,0.0141698941588401,5.5564727783203125,6.657989501953125,10.474838256835938,-2.95233154296875,-2.359222412109375,-1.645660400390625
2019-06-17,0,0,296.4876708984375,293.8725280761719,3.077728271484375,0.5994873046875,25.375,91428.5,270.3214416503906,284.4980773925781,291.962646484375,0.0004710976500064,0.004204049706459,0.0125827640295028,7.5673370361328125,5.672393798828125,11.7449951171875,-2.2903594970703125,-2.7044830322265625,-1.1292572021484375
2019-06-17,6,1,301.28253173828125,292.4499206542969,5.49285888671875,-0.3472747802734375,11.25,91501.0625,270.54736328125,284.5385131835937,293.05145263671875,0.0004965586122125,0.00379652203992,0.0133692622184753,6.797134399414063,6.84100341796875,9.195648193359377,-3.3660888671875,-1.5748291015625,-0.729156494140625
2019-06-17,12,2,302.608154296875,293.95819091796875,3.13299560546875,0.0473175048828125,146.25,91257.796875,269.929931640625,284.7394104003906,295.2566833496094,0.0004938149359077,0.0060519315302371,0.0132791921496391,6.2816162109375,8.0067138671875,8.237838745117188,-4.5180511474609375,-2.6160430908203125,-0.6727447509765625
2019-06-17,18,3,298.0686950683594,293.67254638671875,3.192230224609375,0.887176513671875,8.25,91477.75,269.06689453125,285.1358337402344,292.9345703125,0.0011930509936064,0.0054510086774826,0.0127346776425838,6.804656982421875,5.3314361572265625,8.959823608398438,-2.3036041259765625,-2.1228790283203125,-0.69134521484375
2019-06-18,0,0,296.27166748046875,294.20172119140625,3.008331298828125,0.457794189453125,15.0,91268.375,269.48931884765625,284.1404113769531,292.31231689453125,0.0017123504076153,0.0067070983350276,0.0124101415276527,6.1990966796875,6.1624908447265625,10.600418090820312,-3.149658203125,-0.9827728271484376,-2.7009429931640625
2019-06-18,6,1,301.0326232910156,292.3948974609375,4.980560302734375,0.0007476806640625,5.75,91372.0625,270.5482177734375,284.4400634765625,293.09539794921875,0.0007973879110068,0.0054238922894001,0.0133824907243251,6.3136749267578125,6.2774810791015625,7.944961547851562,-3.4387359619140625,-1.4577789306640625,-0.2416534423828125
2019-06-18,12,2,301.835205078125,293.84429931640625,3.4141998291015625,0.8617095947265625,197.75,91130.890625,269.74676513671875,284.27227783203125,295.273193359375,0.0009872873779386,0.0075823068618774,0.0132415369153022,7.579742431640625,6.186309814453125,8.019668579101562,-1.329742431640625,-0.8870086669921875,1.7496490478515625
2019-06-18,18,3,297.2926025390625,293.0265197753906,3.4559478759765625,1.215667724609375,27.25,91379.921875,270.06707763671875,284.3387756347656,292.2115478515625,0.0013598382938653,0.0084491185843944,0.0133299529552459,3.2720489501953125,5.9710693359375,10.860458374023438,-1.49420166015625,-0.6573944091796875,0.663848876953125
2019-06-19,0,0,296.4300537109375,293.4784545898437,3.47406005859375,0.75830078125,7.125,91159.984375,270.303466796875,284.5040283203125,290.2622375488281,0.0024319668300449,0.0086132995784282,0.0137558132410049,1.8089599609375,5.097579956054688,11.167404174804688,-0.640594482421875,-0.40582275390625,-0.489593505859375
2019-06-19,6,1,301.5408020019531,293.49298095703125,4.955001831054688,-0.133087158203125,0.0,91230.75,270.3394775390625,284.5438232421875,293.15106201171875,0.0027711985167115,0.0081032253801822,0.0139177851378917,0.9621734619140624,6.5716552734375,8.502349853515625,-0.0662078857421875,-1.2794647216796875,-0.5446929931640625
2019-06-19,12,2,301.6409606933594,295.488525390625,3.648468017578125,0.445343017578125,204.75,91062.875,269.164794921875,284.5863037109375,295.1933898925781,0.0029265778139233,0.0085666514933109,0.0132692977786064,3.333847045898437,6.073165893554688,8.108123779296875,-1.8040618896484373,-1.957366943359375,0.7259063720703125
2019-06-19,18,3,297.7338256835937,293.9898681640625,3.7608642578125,0.7282867431640625,70.375,91298.78125,269.3057861328125,284.8897705078125,292.61151123046875,0.0029735069256275,0.0083916410803794,0.0139243304729461,4.1473388671875,4.8584747314453125,11.327499389648438,-2.3601531982421875,-2.30419921875,-1.5747528076171875
2019-06-20,0,0,296.6322021484375,293.83795166015625,4.000778198242188,0.6994476318359375,152.0,91189.078125,270.25543212890625,283.95233154296875,290.9051513671875,0.0033241824712604,0.0096006616950035,0.0147068947553634,1.018768310546875,5.4794769287109375,13.360733032226562,-0.771270751953125,-1.3773651123046875,0.555816650390625
2019-06-20,6,1,300.6337280273437,293.465087890625,5.25885009765625,0.204376220703125,419.75,91370.125,269.0936889648437,283.7521057128906,292.4970703125,0.003781588980928,0.0093963984400033,0.0148380994796752,2.639511108398437,6.068130493164063,8.7325439453125,1.6434783935546875,-0.8790130615234375,0.0815887451171875
2019-06-20,12,2,301.57568359375,295.24005126953125,4.038909912109375,0.2614593505859375,97.875,91025.3125,269.26904296875,284.19677734375,294.54248046875,0.0039806799031794,0.0093188360333442,0.0137244574725627,3.882003784179688,7.849685668945312,9.16748046875,1.759735107421875,-0.2934722900390625,0.4832000732421875
2019-06-20,18,3,297.3664245605469,293.8006896972656,3.9544830322265625,0.7438507080078125,3.75,91317.40625,270.17047119140625,284.4423217773437,291.87384033203125,0.0037542977370321,0.0082695316523313,0.0127537101507186,2.0509185791015625,6.8639984130859375,11.543380737304688,1.8116912841796875,-0.735076904296875,-1.66961669921875
2019-06-21,0,0,295.47540283203125,292.97930908203125,2.9195556640625,0.43609619140625,36.0,91143.203125,269.72491455078125,283.99578857421875,290.7991943359375,0.0045877024531364,0.0103936307132244,0.0138154961168766,5.1761627197265625,7.704971313476562,11.171554565429688,3.5059051513671875,0.042083740234375,-2.189727783203125
2019-06-21,6,1,300.0232238769531,293.54351806640625,4.4404144287109375,0.4023590087890625,94.75,91300.765625,269.2532653808594,284.142822265625,291.3432006835937,0.0050943754613399,0.0100089572370052,0.0146592706441879,5.573410034179688,7.196563720703125,7.364578247070312,-0.3928680419921875,-0.488006591796875,-0.736572265625
2019-06-21,12,2,300.3578491210937,294.5649108886719,2.844085693359375,1.9193878173828125,160.875,90998.203125,270.1847229003906,284.486083984375,293.6668701171875,0.0039952248334884,0.0089070610702037,0.0144760012626647,2.82379150390625,9.154144287109377,8.39630126953125,-0.898956298828125,-0.6657257080078125,2.2275848388671875
2019-06-21,18,3,296.25982666015625,294.4443359375,3.3794708251953125,1.7628021240234375,53.125,91233.109375,269.505615234375,284.1040954589844,292.1615600585937,0.0042274668812751,0.0098111629486083,0.0138095133006572,0.5893707275390625,11.817611694335938,11.40802001953125,1.661163330078125,0.943145751953125,2.6249237060546875
2019-06-22,0,0,295.896484375,293.62335205078125,3.775115966796875,1.7923126220703125,175.625,91140.484375,268.8319702148437,283.37457275390625,291.5754089355469,0.0048986636102199,0.009999681264162,0.0145359560847282,3.951705932617188,8.622650146484375,13.641143798828123,0.666961669921875,0.6575164794921875,3.19317626953125
2019-06-22,6,1,300.54107666015625,295.4957580566406,5.086151123046875,1.34307861328125,47.625,91200.796875,269.679443359375,283.9530334472656,291.94830322265625,0.0042535439133644,0.0084251575171947,0.0139578059315681,1.09716796875,10.702880859375,8.877670288085938,1.8771820068359373,0.17376708984375,1.4444427490234375
2019-06-22,12,2,299.0702514648437,294.78106689453125,4.271881103515625,2.025115966796875,187.25,90972.515625,269.2876892089844,283.4922790527344,293.4986877441406,0.0042989403009414,0.0094720609486103,0.0137831009924411,-1.3263702392578125,12.617050170898438,11.348556518554688,-2.6512603759765625,2.879791259765625,2.9982147216796875
2019-06-22,18,3,296.3539123535156,293.6568908691406,3.242767333984375,1.871246337890625,83.25,91213.078125,268.9912109375,284.3870849609375,290.80908203125,0.0039275027811527,0.0077068097889423,0.0145181342959404,-2.199462890625,13.569580078125,12.54974365234375,0.395782470703125,0.7199249267578125,2.906646728515625
2019-06-23,0,0,296.14373779296875,293.5548095703125,2.3363800048828125,1.8509368896484373,137.25,90989.203125,268.36767578125,284.5339050292969,291.150146484375,0.0044907666742801,0.0087878182530403,0.0143001824617385,0.8505096435546875,19.144302368164062,10.929931640625,2.1595458984375,0.22943115234375,2.8012237548828125
2019-06-23,6,1,300.4476318359375,295.089599609375,6.184722900390625,2.0342254638671875,67.5,91080.828125,268.933837890625,284.3915710449219,292.20574951171875,0.0042209923267364,0.009315650910139,0.0149198733270168,-0.6253204345703125,14.029067993164062,10.507644653320312,4.439453125,-2.185531616210937,3.334213256835937
2019-06-23,12,2,300.2203369140625,293.81890869140625,3.30596923828125,0.860443115234375,460.25,90922.890625,269.916015625,284.224853515625,292.9187316894531,0.0054903216660022,0.0106548182666301,0.0150196067988872,6.0569610595703125,11.4678955078125,10.358291625976562,2.328842163085937,-1.2744903564453125,2.207122802734375
2019-06-23,18,3,296.281494140625,293.63397216796875,3.089385986328125,1.4090728759765625,15.0,91167.375,269.49517822265625,284.2335205078125,291.0796203613281,0.0052178390324115,0.0088306926190853,0.0141120515763759,4.312057495117188,11.048446655273438,11.2242431640625,1.12359619140625,3.190338134765625,1.7413330078125
2019-06-24,0,0,296.29449462890625,293.6773681640625,2.84051513671875,1.14984130859375,5.25,91070.046875,269.6095886230469,284.55792236328125,291.07110595703125,0.0043196752667427,0.0091256126761436,0.013870358467102,3.187118530273437,10.899124145507812,10.725204467773438,0.279510498046875,3.6471099853515625,1.8146209716796875
2019-06-24,6,1,299.63458251953125,293.958251953125,4.8030853271484375,0.43267822265625,0.0,91227.640625,270.5696716308594,283.943603515625,292.7350769042969,0.0037999495398253,0.0098772682249546,0.0137564428150653,2.6663970947265625,10.110015869140623,7.6348876953125,3.6344146728515625,0.5351104736328125,0.5706329345703125
2019-06-24,12,2,299.1234436035156,295.12322998046875,2.7759552001953125,-0.0335235595703125,574.75,91025.6875,270.384521484375,284.2626342773437,293.57098388671875,0.0043561682105064,0.0109238736331462,0.0149058550596237,2.05499267578125,6.7354888916015625,7.601394653320312,0.414947509765625,0.55987548828125,0.3235321044921875
2019-06-24,18,3,297.03253173828125,294.1420288085937,3.1051177978515625,0.9846343994140624,45.25,91265.390625,269.9649658203125,284.353515625,292.4569091796875,0.003965662792325,0.0104538574814796,0.0139902308583259,-0.1174774169921875,5.772796630859375,9.052215576171877,1.208770751953125,0.356353759765625,-0.3860931396484375
2019-06-25,0,0,295.6632385253906,293.5633850097656,2.494369506835937,0.680938720703125,23.25,91215.3125,269.36492919921875,284.0981750488281,292.2587890625,0.0042045381851494,0.0101017542183399,0.0134917683899402,-0.5195465087890625,5.677261352539063,10.580902099609377,0.3813629150390625,-0.5414276123046875,-0.6434173583984375
2019-06-25,6,1,300.79364013671875,293.308837890625,4.1275482177734375,0.2046661376953125,32.625,91291.4375,269.5204162597656,284.115966796875,293.3353881835937,0.004072219133377,0.0099459066987037,0.0140329813584685,-0.652679443359375,5.606216430664063,6.536880493164063,0.1614837646484375,0.005828857421875,0.111175537109375
2019-06-25,12,2,301.7807312011719,295.1217041015625,3.07012939453125,0.421539306640625,69.75,91133.46875,269.6749572753906,284.16748046875,294.88580322265625,0.0043814294040203,0.0095681175589561,0.0135425478219985,-0.4138641357421875,6.403961181640625,6.507171630859375,-2.400131225585937,0.0403594970703125,1.570037841796875
2019-06-25,18,3,296.90545654296875,294.0104064941406,3.426910400390625,1.2364044189453125,109.25,91410.328125,268.4432373046875,283.8939208984375,292.09332275390625,0.0047599449753761,0.0094814728945493,0.0140231922268867,-0.933990478515625,6.14483642578125,10.5421142578125,-2.870330810546875,0.9019622802734376,1.127227783203125
2019-06-26,0,0,296.19610595703125,293.043212890625,3.56683349609375,0.7237548828125,101.125,91242.671875,268.4732666015625,283.91326904296875,291.0194091796875,0.0045597851276397,0.0099194347858428,0.0146655328571796,0.900390625,5.707931518554688,12.365692138671877,-1.2308502197265625,-0.4623260498046875,0.337310791015625
2019-06-26,6,1,300.44879150390625,294.28302001953125,4.083755493164063,1.0629730224609375,860.125,91383.375,268.1642761230469,283.56500244140625,291.6328125,0.0046191625297069,0.0101747587323188,0.0151983313262462,1.48297119140625,6.9452056884765625,8.191513061523438,-1.89324951171875,0.7298431396484375,1.232818603515625
2019-06-26,12,2,300.0755920410156,294.3480224609375,3.2107086181640625,0.0120849609375,374.0,91175.671875,268.6561279296875,283.7142333984375,293.8589172363281,0.004859484732151,0.0099660903215408,0.0136895179748535,2.2606201171875,8.814834594726562,9.95367431640625,-4.2536468505859375,-0.20916748046875,0.10235595703125
2019-06-26,18,3,296.6586303710937,293.6125183105469,3.324462890625,0.70709228515625,41.75,91409.265625,268.504150390625,283.6224975585937,291.4622497558594,0.0049279108643531,0.0098253656178712,0.0131491236388683,4.4948272705078125,9.057525634765623,11.99859619140625,-0.0516357421875,-1.0048980712890625,-0.0256805419921875
2019-06-27,0,0,295.3936767578125,293.1420593261719,3.5421295166015625,1.098480224609375,0.0,91220.703125,268.4458312988281,284.8717956542969,291.0949401855469,0.0039304932579398,0.0088647790253162,0.0135177820920944,8.623458862304688,9.06549072265625,13.715179443359377,0.89251708984375,-3.05902099609375,-0.29168701171875
2019-06-27,6,1,301.04547119140625,292.83642578125,6.1233673095703125,-0.44476318359375,54.75,91271.34375,269.97686767578125,284.5068359375,293.193115234375,0.0035216559190303,0.0091094709932804,0.0140041261911392,7.609573364257812,10.603057861328123,10.568313598632812,1.2310638427734375,-3.1116943359375,-0.87109375
2019-06-27,12,2,300.250732421875,293.86700439453125,4.9933013916015625,-0.6097564697265625,21.75,91112.21875,269.7618103027344,284.03204345703125,293.57427978515625,0.0041073178872466,0.0100223273038864,0.0137813985347747,5.045166015625,9.345230102539062,12.280197143554688,-0.50738525390625,-2.09124755859375,-1.2432098388671875
2019-06-27,18,3,296.594482421875,293.17828369140625,4.2188262939453125,0.2849273681640625,0.0,91404.40625,268.5987243652344,284.3026733398437,291.3680725097656,0.0052042864263057,0.0080108009278774,0.01123608648777,3.797439575195313,9.208709716796877,14.09686279296875,-1.970855712890625,-1.9143218994140625,-1.1076507568359375
2019-06-28,0,0,296.0362548828125,292.3626403808594,4.198989868164063,0.8758087158203125,0.0,91207.046875,268.9654846191406,285.3173828125,290.0528259277344,0.0050385482609272,0.0058083944022655,0.0131219923496246,5.013275146484375,9.943649291992188,14.770278930664062,-0.1103515625,-3.161346435546875,-0.2918853759765625
2019-06-28,6,1,300.77801513671875,292.336181640625,6.562530517578125,0.0659942626953125,7.0,91329.40625,269.6419982910156,285.650390625,293.43994140625,0.0043366067111492,0.0066393688321113,0.0129212066531181,5.4554443359375,10.452194213867188,12.444290161132812,1.2778778076171875,-4.3702239990234375,-0.1945037841796875
2019-06-28,12,2,301.72119140625,292.3674621582031,5.6807708740234375,-0.08013916015625,8.25,91102.765625,269.5010986328125,283.64849853515625,294.6640930175781,0.0036432954948395,0.009161178022623,0.0133096016943454,5.0949249267578125,11.112884521484377,13.07183837890625,-1.27978515625,-3.0387420654296875,-1.0329742431640625
2019-06-28,18,3,297.25616455078125,292.95635986328125,4.2328033447265625,0.1428985595703125,0.0,91383.75,268.83642578125,284.96978759765625,290.7210998535156,0.0039031710475683,0.0072427950799465,0.0142122879624366,5.776885986328125,11.211013793945312,13.221633911132812,-1.0397796630859375,-2.4017791748046875,-2.5814208984375
2019-06-29,0,0,296.55426025390625,293.2142944335937,4.3807220458984375,0.443817138671875,12.25,91196.171875,269.33660888671875,284.83905029296875,289.97955322265625,0.0038729095831513,0.0067257545888423,0.0139941349625587,6.6898040771484375,11.962371826171877,13.928970336914062,-0.8747711181640625,-2.3077850341796875,-1.248138427734375
2019-06-29,6,1,301.24591064453125,292.0731506347656,6.8975982666015625,-0.836456298828125,4.0,91285.1875,269.5912780761719,284.7784423828125,292.8463134765625,0.0009246105328202,0.0062837712466716,0.0132649280130863,10.484878540039062,14.211898803710938,11.876739501953123,0.957366943359375,-2.711654663085937,-1.4454803466796875
2019-06-29,12,2,301.5628967285156,292.5800170898437,4.7359771728515625,0.51141357421875,0.25,91079.96875,269.8433837890625,283.6283569335937,294.3062744140625,0.0008108927868306,0.0081061087548732,0.013050690293312,10.149063110351562,13.951828002929688,11.107131958007812,0.083343505859375,-1.2421722412109375,0.121063232421875
2019-06-29,18,3,297.32965087890625,292.66949462890625,3.730499267578125,0.837005615234375,1.0,91336.78125,269.537841796875,283.8859558105469,290.63818359375,0.0019471512641757,0.0076512172818183,0.0144494324922561,9.31365966796875,14.193603515625,11.84393310546875,-0.113861083984375,-2.1388702392578125,-1.0483856201171875
2019-06-30,0,0,295.9390563964844,293.2504272460937,4.3988800048828125,0.8934173583984375,15.75,91130.109375,269.5135498046875,283.57403564453125,290.206298828125,0.0034154977183789,0.0095830224454402,0.0143336001783609,11.591064453125,13.368438720703123,14.422332763671877,-2.7790985107421875,-2.4793853759765625,-0.3495330810546875
2019-06-30,6,1,300.2423095703125,292.85546875,7.153900146484375,0.6658477783203125,5.5,91263.28125,269.1642150878906,283.8039855957031,292.2214660644531,0.0035796656738966,0.0071030147373676,0.0134822502732276,8.100830078125,15.458389282226562,12.373733520507812,-0.249603271484375,-2.5780029296875,0.825042724609375
2019-06-30,12,2,299.3584289550781,292.84796142578125,5.556167602539063,0.057403564453125,8.25,91115.4375,269.08087158203125,283.3749084472656,292.6207275390625,0.002779277972877,0.0087192691862583,0.0140041224658489,8.8240966796875,16.001708984375,13.442916870117188,2.286529541015625,-0.796783447265625,-0.355224609375
2019-06-30,18,3,296.5087585449219,292.5593566894531,4.024688720703125,0.867523193359375,24.5,91303.90625,269.9118347167969,283.543701171875,290.8524780273437,0.001030605752021,0.0080282166600227,0.0143245495855808,10.246536254882812,14.372940063476562,13.137359619140623,6.889419555664063,-4.4766998291015625,-1.193511962890625
2019-07-01,0,0,295.3249816894531,293.5132751464844,4.202682495117188,1.0098724365234375,18.625,91072.578125,271.136474609375,284.49285888671875,290.9638671875,0.0006839705165475,0.008271750062704,0.0138300061225891,13.831771850585938,12.464935302734377,14.4759521484375,1.6009063720703125,-4.421234130859375,-0.91400146484375
2019-07-01,6,1,300.9793701171875,292.1607360839844,6.2771759033203125,-0.2900543212890625,98.25,91166.15625,270.60162353515625,284.5145874023437,293.3480529785156,0.0007246830500662,0.0075810551643371,0.0134317688643932,14.023544311523438,12.21099853515625,10.986557006835938,2.404693603515625,-2.979736328125,-0.9230194091796876
2019-07-01,12,2,301.5101013183594,293.25543212890625,4.1208038330078125,0.7174224853515625,58.75,90920.46875,270.7587890625,284.2635192871094,295.02764892578125,0.0005722551140934,0.0079879611730575,0.0132842324674129,15.447921752929688,11.001449584960938,9.396743774414062,1.5602569580078125,-1.7762298583984375,1.0042572021484375
2019-07-01,18,3,296.762451171875,293.36248779296875,4.337081909179688,0.848114013671875,12.25,91180.796875,270.55328369140625,284.5858764648437,291.21893310546875,0.0018058251589536,0.0070161297917366,0.0141356773674488,12.50323486328125,12.088912963867188,13.275848388671877,4.5880889892578125,-2.0533905029296875,0.4122161865234375
2019-07-02,0,0,296.29962158203125,293.292236328125,4.415740966796875,0.9831695556640624,41.25,91045.640625,270.3954467773437,284.19354248046875,290.4669189453125,0.0033815461210906,0.0093608163297176,0.0146738402545452,11.234878540039062,13.243820190429688,14.276351928710938,5.67315673828125,-0.8123931884765625,0.3619537353515625
2019-07-02,6,1,301.00762939453125,293.08477783203125,5.714447021484375,0.5438232421875,2.25,91178.359375,270.1487121582031,284.5792236328125,293.1995544433594,0.0033817531075328,0.0078225657343864,0.0137631595134735,11.753265380859377,12.846847534179688,9.955718994140623,6.5858306884765625,-1.492523193359375,0.6146392822265625
2019-07-02,12,2,302.21875,293.2613830566406,4.630645751953125,0.820526123046875,24.75,90985.328125,270.17041015625,284.02227783203125,294.28350830078125,0.0031750299967825,0.0100194625556468,0.0136460587382316,11.372604370117188,11.598770141601562,11.185760498046877,3.372711181640625,0.152099609375,1.9204559326171875
2019-07-02,18,3,297.27716064453125,293.5751342773437,4.185958862304688,1.4578704833984375,3.25,91278.1875,269.95709228515625,284.1745300292969,291.0443725585937,0.0030326035339385,0.0088591650128364,0.0146300010383129,9.056655883789062,13.187698364257812,13.644088745117188,0.8682098388671875,-1.0448150634765625,1.2611083984375
2019-07-03,0,0,296.44195556640625,293.44989013671875,3.834640502929688,1.4993743896484375,50.5,91176.71875,269.56427001953125,284.10272216796875,290.6318359375,0.0025424172636121,0.0088192038238048,0.0144131034612655,7.694244384765625,14.911270141601562,13.015869140625,1.4798736572265625,-0.369659423828125,1.729949951171875
2019-07-03,6,1,300.8348388671875,293.319580078125,6.7645111083984375,1.5160064697265625,43.875,91272.921875,269.779541015625,284.39013671875,292.461669921875,0.0023723042104393,0.0081817153841257,0.0143961980938911,8.652923583984375,16.343978881835938,11.813232421875,1.2733154296875,1.36529541015625,2.5023193359375
2019-07-03,12,2,301.2158203125,293.45318603515625,4.98114013671875,2.126922607421875,0.5,91094.921875,270.8072509765625,283.45660400390625,294.0935363769531,0.0022733309306204,0.0088397711515426,0.0134492665529251,8.895477294921875,16.074356079101562,11.731674194335938,1.0172271728515625,1.2484588623046875,3.9258880615234375
2019-07-03,18,3,296.9200439453125,293.57147216796875,3.366455078125,1.7462921142578125,37.125,91374.0,269.77313232421875,284.73614501953125,291.048828125,0.0027809531893581,0.0081667155027389,0.0150363035500049,6.490280151367188,16.450057983398438,12.901138305664062,-0.114044189453125,0.9728240966796876,2.3286285400390625
2019-07-04,0,0,296.63623046875,293.9917297363281,4.152267456054688,1.633392333984375,36.25,91155.96875,269.3099975585937,285.136962890625,290.47900390625,0.0038822500500828,0.0087320078164339,0.0145933246240019,7.6058349609375,17.732025146484375,14.4915771484375,1.6279296875,1.112091064453125,1.998138427734375
2019-07-04,6,1,301.0638427734375,292.9786071777344,6.5484619140625,1.4840240478515625,18.75,91246.53125,268.45068359375,283.9676818847656,292.700927734375,0.0042531937360763,0.0094887502491474,0.0144404228776693,7.625564575195312,17.10638427734375,11.722671508789062,1.836944580078125,1.1335906982421875,2.4335479736328125
2019-07-04,12,2,301.40240478515625,294.5638427734375,5.261871337890625,1.9145660400390625,190.25,91060.65625,269.84039306640625,284.7057189941406,292.91748046875,0.0034535313025116,0.0087473280727863,0.0152112618088722,8.85748291015625,17.300186157226562,13.797500610351562,-0.9937591552734376,-0.54681396484375,3.4681396484375
2019-07-04,18,3,296.4547424316406,293.88299560546875,4.5816192626953125,1.50469970703125,65.875,91308.328125,269.09820556640625,285.3316650390625,290.9909973144531,0.0033920223359018,0.007564328610897,0.01496047899127,6.960418701171875,15.757431030273438,15.017776489257812,-1.054412841796875,-0.1314239501953125,1.891571044921875
2019-07-05,0,0,296.457275390625,293.25103759765625,5.255767822265625,1.66412353515625,2.5,91061.046875,269.9976806640625,284.8889465332031,290.8368530273437,0.0025422673206776,0.0086404792964458,0.0143931172788143,6.992721557617188,18.510772705078125,16.42822265625,-0.5023193359375,1.117767333984375,2.832061767578125
2019-07-05,6,1,299.6090087890625,292.9122314453125,7.8073577880859375,1.6471405029296875,31.875,91198.0625,269.19854736328125,283.5888366699219,292.28155517578125,0.0029060384258627,0.0096768289804458,0.0141977220773696,8.10711669921875,15.943496704101562,14.063079833984377,3.2718048095703125,1.56842041015625,2.9666900634765625
2019-07-05,12,2,299.9765625,293.1376953125,5.4772491455078125,1.540771484375,0.75,90994.140625,270.2393798828125,283.952880859375,292.35546875,0.0018682579975575,0.0102173909544944,0.0141459144651889,9.742080688476562,15.2659912109375,15.307846069335938,2.9859161376953125,1.8119049072265625,3.13067626953125
2019-07-05,18,3,296.1488952636719,293.017822265625,4.9835205078125,1.80810546875,17.75,91261.390625,269.478759765625,283.78350830078125,290.20458984375,0.0031621067319065,0.0080542005598545,0.0141958389431238,11.495361328125,17.880889892578125,14.983749389648438,1.587066650390625,0.860992431640625,2.636444091796875
2019-07-06,0,0,296.1176452636719,293.0279541015625,4.8028564453125,2.0722808837890625,57.25,91092.171875,268.6723937988281,284.3531494140625,290.477294921875,0.0033515039831399,0.0080647058784961,0.0145512716844677,9.953842163085938,17.962173461914062,15.959869384765623,2.107574462890625,1.229522705078125,3.4771270751953125
2019-07-06,6,1,299.708984375,292.34722900390625,7.7812347412109375,2.208709716796875,35.0,91243.484375,269.0748596191406,283.2667236328125,292.25946044921875,0.0033269566483795,0.0086960382759571,0.0138475596904754,9.672271728515623,16.668167114257812,13.888656616210938,2.4149169921875,0.768402099609375,3.862136840820313
2019-07-06,12,2,300.62908935546875,292.86114501953125,6.3007354736328125,1.5852203369140625,33.75,91040.546875,269.3212890625,283.4983825683594,293.55303955078125,0.0028252936899662,0.0084156170487403,0.0135717652738094,11.68536376953125,17.58172607421875,14.1048583984375,1.8038177490234373,0.2069091796875,3.1339569091796875
2019-07-06,18,3,297.1169738769531,293.3973388671875,4.996109008789063,1.6646881103515625,21.0,91280.796875,268.5956115722656,284.36932373046875,290.1430358886719,0.0028432433027774,0.0067123770713806,0.0141759775578975,12.436248779296877,18.612777709960938,15.165313720703123,3.058563232421875,-0.50360107421875,2.13140869140625
2019-07-07,0,0,296.10272216796875,292.769775390625,5.02703857421875,2.1219024658203125,0.75,91137.75,268.46685791015625,284.873779296875,290.1762084960937,0.0019827499054372,0.0061667561531066,0.0134902372956275,13.244384765625,21.393035888671875,16.172576904296875,1.480316162109375,-0.8863677978515625,4.177658081054688
2019-07-07,6,1,300.13604736328125,292.0667724609375,7.958908081054687,2.0535125732421875,7.75,91337.71875,269.8680419921875,283.8157958984375,292.465576171875,0.0019395735580474,0.0074333883821964,0.013359285891056,9.492416381835938,19.1307373046875,14.18243408203125,3.8616790771484375,-0.618682861328125,3.4944305419921875
2019-07-07,12,2,301.4885559082031,292.4906005859375,6.5729827880859375,1.3105010986328125,10.0,91150.546875,270.281005859375,283.5892333984375,294.13946533203125,0.001601202879101,0.0077047832310199,0.0133667439222335,10.204498291015623,16.708847045898438,14.387588500976562,1.11822509765625,-1.9351654052734373,2.541000366210937
2019-07-07,18,3,296.4486694335937,291.999267578125,4.7028350830078125,1.15618896484375,0.0,91435.875,270.44635009765625,284.496337890625,290.4375,0.0009615109302103,0.007521741092205,0.0126308277249336,10.03253173828125,17.860733032226562,15.373977661132812,1.080780029296875,-4.851089477539063,0.5951690673828125
2019-07-08,0,0,295.7338256835937,292.45233154296875,4.8128509521484375,1.7988128662109375,4.25,91286.515625,269.5712280273437,285.8143920898437,289.7571716308594,0.0018912169616669,0.0074506103992462,0.0139144882559776,9.76849365234375,14.35772705078125,15.877609252929688,-0.2535247802734375,-2.485626220703125,2.9409332275390625
2019-07-08,6,1,299.8972473144531,292.51025390625,8.04278564453125,0.6656494140625,14.5,91435.65625,268.3729858398437,283.8993225097656,292.35699462890625,0.0031761261634528,0.0084045082330703,0.013565856963396,9.739578247070312,15.402069091796877,14.070709228515623,-0.7542572021484375,-1.5756683349609375,1.078338623046875
2019-07-08,12,2,301.24041748046875,292.4940490722656,6.423995971679688,0.8381805419921875,0.0,91202.171875,268.9114685058594,283.5361328125,294.112548828125,0.0044114887714385,0.0091987401247024,0.0131659246981143,7.31561279296875,13.753814697265623,13.433929443359377,-1.7198028564453125,-0.9738006591796876,1.2440185546875
2019-07-08,18,3,295.8664855957031,292.8828125,4.76983642578125,0.74993896484375,0.0,91438.828125,268.70513916015625,284.849365234375,290.81549072265625,0.0051768198609352,0.0077233053743839,0.013357039541006,3.680374145507813,13.172027587890623,15.782867431640623,0.3191680908203125,-3.72186279296875,-0.272216796875
2019-07-09,0,0,295.5700378417969,293.0409545898437,4.7779388427734375,1.4172210693359375,3.75,91224.625,269.3368225097656,285.1727905273437,290.08648681640625,0.0041329222731292,0.0085827969014644,0.0141118466854095,5.790435791015625,13.58782958984375,16.310409545898438,1.7641143798828125,-1.25299072265625,1.144500732421875
2019-07-09,6,1,300.846435546875,293.1165771484375,6.615737915039063,0.6602020263671875,16.25,91370.828125,268.97265625,283.97283935546875,292.582275390625,0.0033519654534757,0.008732121437788,0.0137008503079414,8.465133666992188,12.492843627929688,11.259567260742188,0.5011749267578125,-0.8762664794921875,1.040313720703125
2019-07-09,12,2,298.90771484375,294.30255126953125,4.46038818359375,1.290679931640625,152.0,91209.390625,269.41949462890625,282.9374389648437,292.7352294921875,0.004054557532072,0.0110328346490859,0.0140654928982257,6.507369995117188,11.599365234375,11.257598876953123,-1.2340087890625,-1.39422607421875,2.8332061767578125
2019-07-09,18,3,295.03204345703125,293.04010009765625,3.74139404296875,1.57806396484375,170.125,91436.09375,269.82574462890625,283.16864013671875,290.8617553710937,0.0043404698371887,0.0098600536584854,0.0149150714278221,2.441619873046875,17.80963134765625,13.44482421875,0.18865966796875,-4.0435638427734375,3.021697998046875
2019-07-10,0,0,295.6785888671875,292.53717041015625,4.0633697509765625,1.1082000732421875,4.0,91241.1875,268.0926513671875,284.6703186035156,290.33367919921875,0.004189153201878,0.0078938230872154,0.0140606872737407,5.247344970703125,11.391326904296877,15.32666015625,1.40301513671875,0.023712158203125,1.1420745849609375
2019-07-10,6,1,298.2268981933594,295.6610107421875,6.0493927001953125,1.8061370849609373,426.625,91389.875,268.50885009765625,283.19586181640625,291.60748291015625,0.0050198705866932,0.0095013454556465,0.0146780125796794,6.4230804443359375,12.20733642578125,12.04498291015625,-1.7179107666015625,1.59429931640625,2.620712280273437
2019-07-10,12,2,297.69024658203125,294.0771789550781,4.369964599609375,0.2452392578125,167.0,91247.734375,268.8530578613281,283.7348937988281,291.4631652832031,0.0053384415805339,0.0093654580414295,0.0142998062074184,4.586273193359375,11.356338500976562,13.642379760742188,-0.2347259521484375,1.2647247314453125,0.938201904296875
2019-07-10,18,3,294.26861572265625,292.67840576171875,4.560760498046875,0.488189697265625,86.0,91509.65625,268.52313232421875,283.15264892578125,290.5986328125,0.0053828135132789,0.0101708434522151,0.0138286240398883,2.4854888916015625,12.264205932617188,16.039642333984375,1.5660858154296875,-1.9803466796875,-1.6583251953125
2019-07-11,0,0,295.1576843261719,292.576904296875,4.732269287109375,1.5264892578125,0.0,91386.125,267.8556823730469,283.7071533203125,289.98748779296875,0.004960935562849,0.0087338238954544,0.0123419240117073,3.956695556640625,7.58502197265625,17.222824096679688,2.139877319335937,-0.04595947265625,0.4783477783203125
2019-07-11,6,1,299.7699584960937,293.11236572265625,5.516204833984375,-0.988372802734375,95.625,91526.625,267.4442443847656,283.3939208984375,292.25,0.0043852776288986,0.0081941597163677,0.0133505873382091,3.579696655273437,5.2402191162109375,12.066116333007812,5.458251953125,-1.34381103515625,-2.9589080810546875
2019-07-11,12,2,298.8590393066406,293.04425048828125,2.2636871337890625,-1.04180908203125,312.75,91349.4375,268.924560546875,282.20428466796875,293.2788391113281,0.0048292204737663,0.0091038271784782,0.0132895037531852,0.18994140625,7.4530792236328125,8.138259887695312,1.71710205078125,-1.7705230712890625,-2.5928192138671875
2019-07-11,18,3,295.6781616210937,292.463134765625,1.9850616455078125,0.0343780517578125,37.25,91605.03125,268.22821044921875,282.86083984375,291.17364501953125,0.0045001991093158,0.008120123296976,0.0135351568460464,-1.6926422119140625,8.28948974609375,10.033294677734377,5.540817260742188,-0.476318359375,-3.608062744140625
2019-07-12,0,0,294.971435546875,293.5228881835937,2.3221588134765625,1.6464080810546875,5.25,91447.046875,268.5226745605469,283.4212646484375,290.45416259765625,0.0041926000267267,0.0082223527133464,0.0135000385344028,1.0888214111328125,7.639678955078125,9.753219604492188,3.6936187744140634,-4.433761596679688,-2.1015777587890625
2019-07-12,6,1,300.1890869140625,293.12457275390625,3.585601806640625,0.0236968994140625,62.5,91581.828125,269.7869873046875,283.1962890625,291.4612121582031,0.00301747280173,0.006837997585535,0.0136881135404109,2.554779052734375,5.653335571289063,5.665924072265625,4.567642211914063,-4.20635986328125,-0.1913604736328125
2019-07-12,12,2,301.9951171875,294.02154541015625,2.744873046875,-0.56964111328125,359.0,91316.84375,269.61181640625,284.1220703125,294.74273681640625,0.0029430040158331,0.007568534463644,0.0135508403182029,2.1623687744140625,5.852325439453125,5.4734954833984375,2.2699737548828125,-1.7498779296875,-1.0494384765625
2019-07-12,18,3,296.0543518066406,293.61968994140625,1.9969482421875,0.5857086181640625,134.5,91692.453125,268.9071044921875,283.41278076171875,291.71649169921875,0.0029758131131529,0.0088808313012123,0.0138081610202789,0.4940948486328125,3.66021728515625,7.104522705078125,1.40338134765625,-0.8956451416015625,-1.65185546875
2019-07-13,0,0,294.85858154296875,293.56988525390625,2.465362548828125,0.5470428466796875,59.875,91482.171875,268.461181640625,283.38751220703125,292.10076904296875,0.0043344907462596,0.0094773434102535,0.013383749872446,0.44354248046875,3.1414031982421875,9.381668090820312,-0.9471893310546876,-0.645538330078125,-1.56317138671875
2019-07-13,6,1,299.1739501953125,293.38262939453125,3.254791259765625,0.357421875,360.75,91659.53125,268.63336181640625,283.1594543457031,291.2235717773437,0.0040316917002201,0.0092606246471405,0.0141890160739421,0.4722442626953125,3.168212890625,5.61810302734375,-1.325897216796875,-0.14422607421875,0.163970947265625
2019-07-13,12,2,301.2311096191406,294.51531982421875,3.44696044921875,0.7050018310546875,123.0,91297.265625,269.10906982421875,283.9778137207031,294.58819580078125,0.0037791938520967,0.0087592490017414,0.0133207291364669,-1.0490570068359375,5.358169555664063,6.4241485595703125,-1.1860809326171875,0.28338623046875,1.10748291015625
2019-07-13,18,3,296.5259094238281,294.82830810546875,2.4029998779296875,0.70831298828125,264.0,91639.734375,268.0577392578125,283.5644836425781,291.4022827148437,0.0037813717499375,0.0091068781912326,0.0140771325677633,-1.136138916015625,4.39813232421875,9.063873291015623,1.7985687255859375,-1.872802734375,-1.904876708984375
2019-07-14,0,0,295.3893737792969,293.8332214355469,3.558090209960937,0.4450836181640625,34.5,91484.015625,268.04461669921875,283.6614074707031,290.610107421875,0.0040884502232074,0.0091036595404148,0.0139092840254306,-0.1366119384765625,4.7637939453125,11.357894897460938,3.627655029296875,-0.871063232421875,-2.024444580078125
2019-07-14,6,1,300.4154663085937,294.52325439453125,4.000167846679688,0.0400238037109375,249.375,91535.5,269.341064453125,283.31719970703125,291.4703369140625,0.0029802708886563,0.0086205154657363,0.014341115951538,-1.000885009765625,5.662124633789063,6.916793823242188,2.7503662109375,-0.516754150390625,-0.239654541015625
2019-07-14,12,2,300.0648498535156,295.4501953125,3.17694091796875,0.25250244140625,709.0,91282.453125,268.68780517578125,283.4689636230469,293.50164794921875,0.0044584823772311,0.0096515119075775,0.0138700567185878,1.1085662841796875,5.4905548095703125,7.523513793945312,0.730072021484375,-2.190582275390625,-1.8518218994140625
2019-07-14,18,3,295.9124755859375,294.0999755859375,3.493621826171875,0.12591552734375,169.75,91541.796875,268.5777587890625,282.90545654296875,290.7810974121094,0.0043761916458606,0.0106512680649757,0.0142611488699913,1.69183349609375,3.850677490234375,10.12518310546875,0.1690216064453125,-2.0457916259765625,-2.888580322265625
2019-07-15,0,0,295.8351135253906,293.80322265625,3.1635284423828125,0.9541473388671876,85.0,91318.28125,268.7382202148437,282.9407653808594,290.0426940917969,0.0044446736574172,0.0102198533713817,0.0141682177782058,1.00732421875,6.408615112304688,11.155136108398438,0.5441131591796875,0.1741790771484375,-2.340606689453125
2019-07-15,6,1,300.67169189453125,293.24591064453125,4.095672607421875,-0.598175048828125,672.125,91415.5,268.7439880371094,283.2920837402344,290.9005126953125,0.0041356440633535,0.0091428235173225,0.0143074318766593,-0.188995361328125,5.80853271484375,8.747406005859375,2.75177001953125,0.266693115234375,-1.8456573486328125
2019-07-15,12,2,300.71014404296875,295.31646728515625,3.27056884765625,-0.1689300537109375,668.5,91167.421875,268.961181640625,283.3548889160156,293.4859619140625,0.003852809080854,0.0096358135342597,0.0143808275461196,1.061187744140625,5.355010986328125,8.195144653320312,2.0192108154296875,-0.8039703369140625,-0.967803955078125
2019-07-15,18,3,296.10113525390625,294.0927734375,2.3434295654296875,0.0447998046875,124.25,91441.84375,269.14776611328125,282.9021301269531,291.7828674316406,0.0039416514337062,0.0095850089564919,0.0134052596986293,1.7667083740234375,2.5985260009765625,8.043243408203125,2.078338623046875,-1.7115478515625,-5.3067626953125
2019-07-16,0,0,295.3333435058594,293.5150146484375,3.1479644775390625,-0.1189422607421875,1.75,91292.296875,269.2474060058594,282.81658935546875,290.6692810058594,0.0040841475129127,0.0096089467406272,0.0126399807631969,3.174774169921875,2.9462890625,9.695114135742188,-0.0997314453125,0.5082244873046875,-4.6795654296875
2019-07-16,6,1,299.615478515625,293.70782470703125,4.17645263671875,-0.456817626953125,29.375,91436.71875,268.9542236328125,282.79229736328125,291.98541259765625,0.004713587462902,0.0092228725552558,0.0135107077658176,2.2408599853515625,2.8436737060546875,6.7078399658203125,-0.777069091796875,-0.5149993896484375,-1.0860137939453125
2019-07-16,12,2,300.2103576660156,294.6757507324219,3.843429565429688,1.094085693359375,62.0,91190.578125,269.4027099609375,283.511962890625,293.62286376953125,0.0041010454297065,0.0093034282326698,0.0132626630365848,1.761932373046875,3.682327270507813,7.455780029296875,-2.320281982421875,-1.31591796875,0.4750518798828125
2019-07-16,18,3,296.2795104980469,294.276611328125,3.191375732421875,-0.410064697265625,54.5,91405.671875,268.8261108398437,283.9931640625,291.570556640625,0.0040365308523178,0.0090099908411502,0.0138693489134311,-0.2108612060546875,2.9748992919921875,9.137832641601562,-2.3778533935546875,-1.01080322265625,-4.53948974609375
2019-07-17,0,0,296.2276611328125,293.5496826171875,3.6190032958984375,-1.17559814453125,46.25,91241.5625,269.3875732421875,282.927978515625,289.9830322265625,0.0042600203305482,0.0096080731600523,0.0142398886382579,-0.279754638671875,1.9122772216796875,9.618621826171877,-3.5643310546875,0.312591552734375,-6.208404541015625
2019-07-17,6,1,299.59625244140625,294.3780517578125,3.0863189697265625,-2.73590087890625,26.0,91315.640625,268.3165588378906,283.7576599121094,291.9188232421875,0.0047176480293273,0.0093167219310998,0.0140626430511474,2.584808349609375,2.9931182861328125,4.777679443359375,-2.1498260498046875,-1.061553955078125,-4.8650665283203125
2019-07-17,12,2,301.1354675292969,293.7274169921875,2.80316162109375,-0.931854248046875,460.5,91027.0625,269.6357421875,283.5692749023437,293.9939270019531,0.0042461529374122,0.0098573751747608,0.0147606395184993,1.1619720458984375,2.42437744140625,4.265106201171875,-3.223297119140625,-1.369903564453125,-2.988555908203125
2019-07-17,18,3,296.66259765625,294.481201171875,2.5533905029296875,-0.358856201171875,73.0,91286.40625,269.3087463378906,283.31707763671875,291.8851928710937,0.0045359656214714,0.0101381428539752,0.0141688324511051,0.073272705078125,1.246490478515625,7.925628662109375,-2.62957763671875,-3.484893798828125,-4.9008636474609375
2019-07-18,0,0,296.3096923828125,293.68072509765625,2.8383026123046875,-1.5080413818359375,4.25,91100.46875,269.585205078125,283.22802734375,291.0597229003906,0.0048759430646896,0.010262906551361,0.0137048289179801,0.4535064697265625,-0.206268310546875,6.527023315429688,-1.4843292236328125,-2.93511962890625,-8.19891357421875
2019-07-18,6,1,299.921142578125,293.59637451171875,2.869979858398437,-2.824447631835937,114.5,91210.328125,269.2500305175781,283.127685546875,291.5006103515625,0.0051912404596805,0.0105243846774101,0.0145673006772995,1.2476043701171875,0.4759368896484375,4.2180023193359375,-1.0257720947265625,-1.891571044921875,-5.044967651367188
2019-07-18,12,2,300.9400329589844,295.0178527832031,1.348846435546875,-0.5614776611328125,650.75,90824.234375,269.77215576171875,284.0810852050781,294.2811279296875,0.0052237883210182,0.0094533935189247,0.0151479244232177,0.4732208251953125,1.80523681640625,2.61102294921875,-2.020660400390625,-2.0438690185546875,-1.9087982177734373
2019-07-18,18,3,295.88983154296875,294.6111145019531,2.7977447509765625,0.052520751953125,224.25,91102.8125,269.4157409667969,284.3724975585937,292.4261474609375,0.0053733978420495,0.0094141773879528,0.0145222656428813,0.231109619140625,1.123504638671875,8.330795288085938,0.2038116455078125,-3.094879150390625,-2.7428741455078125
2019-07-19,0,0,295.5452575683594,293.84930419921875,2.8577880859375,0.130462646484375,99.75,90972.484375,269.409912109375,283.28863525390625,290.6820678710937,0.005561675876379,0.0103679746389389,0.014351112768054,1.69500732421875,1.1392059326171875,7.96099853515625,-1.7283477783203125,-1.4452056884765625,-1.353607177734375
2019-07-19,6,1,298.46435546875,294.6240234375,2.7391815185546875,-0.760162353515625,450.75,91077.765625,269.5303955078125,283.1116943359375,291.19830322265625,0.0052755624055862,0.0105580855160951,0.0141339767724275,2.00238037109375,2.1610260009765625,8.041091918945312,0.625732421875,0.4278717041015625,-4.08221435546875
2019-07-19,12,2,297.846923828125,295.39532470703125,3.4548492431640625,2.334625244140625,170.25,90818.859375,269.34869384765625,284.5112609863281,292.2818603515625,0.0049705579876899,0.0090793035924434,0.0144071914255619,2.799667358398437,0.9337615966796876,9.193557739257812,-1.2030487060546875,2.0042877197265625,4.142990112304688
2019-07-19,18,3,296.0458374023437,293.536376953125,4.54620361328125,0.18316650390625,4.25,91124.375,269.2943115234375,283.22235107421875,290.0914306640625,0.0047823600471019,0.010059542953968,0.0141691975295543,-1.0825653076171875,7.996658325195312,14.621719360351562,1.204986572265625,-1.6987457275390625,-1.71142578125
2019-07-20,0,0,295.7763061523437,292.899169921875,3.3687286376953125,1.5075225830078125,4.0,90919.546875,269.575439453125,284.02349853515625,289.9966125488281,0.0053104273974895,0.0101787261664867,0.0141311399638652,1.79010009765625,3.734298706054688,11.5364990234375,3.1921844482421875,0.3508453369140625,1.1625213623046875
2019-07-20,6,1,299.587158203125,294.7655944824219,6.00433349609375,1.4342498779296875,9.25,91107.859375,269.8818664550781,283.62078857421875,291.7666015625,0.00464778393507,0.0095090176910161,0.0139768235385417,-3.3862457275390625,6.1801605224609375,10.672775268554688,4.3095703125,0.4710845947265625,2.2758331298828125
2019-07-20,12,2,300.2806396484375,293.7669982910156,5.0401458740234375,1.579925537109375,0.0,90869.078125,269.79608154296875,283.9142150878906,292.4057006835937,0.0047909431159496,0.0095815621316432,0.0143018756061792,0.9011077880859376,12.773147583007812,10.487899780273438,5.486358642578125,1.356658935546875,2.6947479248046875
2019-07-20,18,3,296.1982116699219,293.4151611328125,3.160400390625,2.4272003173828125,8.25,91130.78125,269.58612060546875,284.70330810546875,290.5386962890625,0.0045692510902881,0.0097459442913532,0.0147118084132671,1.0247039794921875,13.93896484375,14.8095703125,1.7536468505859375,2.5699920654296875,4.508544921875
2019-07-21,0,0,295.5928955078125,293.4833679199219,3.3867950439453125,2.7793121337890625,3.75,90945.671875,270.2232666015625,285.2366943359375,290.4339599609375,0.0040195365436375,0.009740337729454,0.0144926756620407,-4.0217132568359375,13.147689819335938,13.330780029296877,3.0972442626953125,0.322998046875,4.757492065429688
2019-07-21,6,1,300.026611328125,293.341064453125,6.911911010742188,0.979248046875,30.0,91100.0625,270.913818359375,284.37725830078125,291.96435546875,0.0029306958895176,0.0100076720118522,0.0147517248988151,-3.896408081054688,13.691940307617188,11.507736206054688,3.4258575439453125,1.381103515625,1.2054901123046875
2019-07-21,12,2,297.9245300292969,294.1654663085937,4.50958251953125,1.8600921630859373,187.0,90975.515625,269.6799621582031,283.76007080078125,292.2346496582031,0.0035827080719172,0.0107470415532588,0.0145834349095821,-1.5709686279296875,12.197921752929688,13.9881591796875,-0.2678375244140625,-1.187042236328125,2.4404754638671875
2019-07-21,18,3,295.8167724609375,293.4056396484375,4.005462646484375,1.158203125,100.25,91172.75,269.503662109375,283.2556457519531,290.9915771484375,0.0032298038713634,0.0108195059001445,0.0150253325700759,-4.130615234375,12.280364990234377,13.393402099609377,1.544342041015625,-2.86163330078125,0.5848846435546875
2019-07-22,0,0,295.3515625,292.1456604003906,3.633056640625,1.62249755859375,6.0,91008.578125,268.3681030273437,284.0491943359375,290.0033264160156,0.0045575387775897,0.009758248925209,0.0141079910099506,-2.870635986328125,9.5955810546875,12.818435668945312,-0.7469329833984375,-1.577392578125,0.94677734375
2019-07-22,6,1,297.7499389648437,293.36865234375,5.989181518554688,0.302276611328125,139.0,91123.90625,268.7676086425781,283.047119140625,291.47021484375,0.004700917750597,0.0105586759746074,0.0143513046205043,-1.4612884521484375,8.782791137695312,11.526565551757812,-1.481719970703125,-2.4209442138671875,-0.6093597412109375
2019-07-22,12,2,297.6539611816406,293.9339599609375,3.3430328369140625,1.536346435546875,152.25,90990.8125,268.8125305175781,283.25030517578125,290.90435791015625,0.0049220100045204,0.0106046348810195,0.0146702900528907,-0.0648956298828125,13.329269409179688,10.204696655273438,-3.664093017578125,-4.6216888427734375,1.70440673828125
2019-07-22,18,3,294.4349975585937,292.7221069335937,5.1432037353515625,1.4240570068359375,47.125,91194.359375,268.77490234375,283.53533935546875,289.5394287109375,0.0051413513720035,0.0100574977695941,0.013651143759489,0.4067840576171875,14.585235595703123,16.134185791015625,-1.383636474609375,-7.589492797851562,1.09423828125
2019-07-23,0,0,293.9969177246094,292.370361328125,4.0775299072265625,1.7042388916015625,21.0,91073.59375,268.5301208496094,283.5819091796875,289.2074279785156,0.0052342601120471,0.0086162760853767,0.0130300521850585,2.484832763671875,7.84490966796875,15.7835693359375,1.13555908203125,-4.1717376708984375,0.6454925537109375
2019-07-23,6,1,298.239990234375,294.54852294921875,5.44049072265625,0.8135833740234375,65.625,91173.8125,269.3986511230469,283.89654541015625,290.5179443359375,0.004794705659151,0.0090177729725837,0.014036763459444,2.4447174072265625,8.486984252929688,11.181411743164062,-0.1104278564453125,-0.2164154052734375,-0.5576324462890625
2019-07-23,12,2,298.30859375,293.2006530761719,2.764892578125,0.607421875,292.0,91052.21875,269.2011413574219,283.1993408203125,292.3358459472656,0.0049215219914913,0.0097423382103443,0.0136643834412097,0.740325927734375,8.192947387695312,10.646484375,-0.7752685546875,-3.888137817382813,0.83819580078125
2019-07-23,18,3,294.7947998046875,293.0513916015625,4.0546417236328125,0.9326324462890624,5.75,91292.953125,268.6297912597656,283.5531616210937,289.9498596191406,0.0049133896827697,0.0102845057845115,0.0135203935205936,1.9154815673828125,6.569869995117188,14.505615234375,-0.65313720703125,-1.9190826416015625,-0.4496612548828125
2019-07-24,0,0,295.1424865722656,293.0448913574219,3.313568115234375,1.5100555419921875,0.25,91209.015625,269.80419921875,283.89569091796875,290.39654541015625,0.0044511817395687,0.0099065490067005,0.0136568211019039,1.363861083984375,6.3685150146484375,13.585739135742188,-0.7113494873046875,-1.1137847900390625,-0.23406982421875
2019-07-24,6,1,298.7279663085937,293.9320373535156,4.87567138671875,0.8458099365234375,34.0,91303.65625,269.7723388671875,284.1923522949219,291.45904541015625,0.0043936092406511,0.009364228695631,0.0139797590672969,0.5300750732421875,5.820709228515625,9.392807006835938,2.242294311523437,-0.05609130859375,0.454986572265625
2019-07-24,12,2,299.0951843261719,294.97833251953125,2.912094116210937,1.185302734375,362.75,91135.0625,269.560302734375,283.5961303710937,292.7711181640625,0.0042691566050052,0.0101086795330047,0.0144606158137321,0.273773193359375,6.6406097412109375,7.78314208984375,3.60205078125,0.62921142578125,0.5496063232421875
2019-07-24,18,3,295.67535400390625,294.08154296875,3.1932525634765625,-0.0736083984375,8.5,91490.25,269.1607360839844,283.8458251953125,290.7067565917969,0.0039162044413387,0.010107759386301,0.0140772722661495,2.3230438232421875,4.8673095703125,10.70526123046875,2.9864501953125,-0.6946563720703125,-4.138229370117188
2019-07-25,0,0,295.1474304199219,293.760986328125,2.9622802734375,0.6259918212890625,17.25,91350.984375,269.1719970703125,283.3644104003906,290.579833984375,0.0043480759486556,0.0104893893003463,0.0139702595770359,2.401840209960937,6.198257446289063,10.53961181640625,2.6526641845703125,-0.7300872802734375,-3.195663452148437
2019-07-25,6,1,298.8178405761719,294.41851806640625,4.6797637939453125,-0.193145751953125,445.5,91491.765625,269.01434326171875,283.489501953125,291.96875,0.0044993571937084,0.0102502889931201,0.0135820060968399,3.3517608642578125,5.9608917236328125,9.646331787109377,2.4204254150390625,-3.2458038330078125,-2.216705322265625
2019-07-25,12,2,299.7298583984375,294.6702880859375,2.2606964111328125,1.2373809814453125,973.75,91241.6875,269.12176513671875,283.34039306640625,292.71435546875,0.0049420418217778,0.0108473412692546,0.0145693551748991,4.980316162109375,9.084487915039062,8.848556518554688,-1.2103271484375,-2.4222564697265625,-0.897247314453125
2019-07-25,18,3,295.2491149902344,294.00274658203125,3.5059356689453125,0.6762847900390625,71.25,91464.453125,269.0614318847656,283.6861267089844,290.813232421875,0.0047117844223976,0.0094077102839946,0.0141252763569355,4.461578369140625,9.66900634765625,12.167709350585938,0.153411865234375,-4.914474487304688,-2.4976043701171875
2019-07-26,0,0,295.11102294921875,293.6773986816406,3.6431732177734375,1.169769287109375,37.75,91317.75,268.2620849609375,283.3837280273437,289.9272766113281,0.0050410171970725,0.008801594376564,0.0137555859982967,6.5757904052734375,9.328445434570312,12.5467529296875,1.077178955078125,-0.4927520751953125,-0.6854248046875
2019-07-26,6,1,297.5089111328125,292.8847045898437,5.1734466552734375,0.3857574462890625,38.0,91495.34375,268.5780334472656,283.12310791015625,290.09393310546875,0.0049873311072587,0.0093804560601711,0.0133524313569068,7.16259765625,6.3719482421875,9.323623657226562,2.149765014648437,-2.419647216796875,-1.00830078125
2019-07-26,12,2,297.553955078125,294.6683959960937,3.4305877685546875,1.210540771484375,244.75,91187.65625,268.76092529296875,283.9681396484375,292.0458068847656,0.0047317054122686,0.0091063361614942,0.0127706490457057,8.0615234375,11.244033813476562,11.722640991210938,4.409942626953125,-0.858062744140625,0.1920318603515625
2019-07-26,18,3,294.94061279296875,293.19317626953125,3.805908203125,0.9030609130859376,19.75,91453.359375,268.0868530273437,283.3494873046875,289.9578857421875,0.0040500462055206,0.0080891773104667,0.0139931812882423,15.951324462890623,13.940887451171877,13.804931640625,5.3106231689453125,-3.211288452148437,-1.80291748046875
2019-07-27,0,0,295.2829895019531,293.31524658203125,4.009490966796875,0.99822998046875,25.0,91222.921875,267.7479858398437,283.8436889648437,290.02838134765625,0.0041784336790442,0.0071235336363315,0.0138617195188999,15.865829467773438,15.953811645507812,14.298736572265623,4.98883056640625,-4.897552490234375,-1.5648651123046875
2019-07-27,6,1,299.44091796875,293.5809936523437,6.6561126708984375,0.90972900390625,217.875,91364.4375,267.73211669921875,283.74468994140625,291.4581298828125,0.0040793744847178,0.0060363672673702,0.0140944197773933,14.546173095703123,15.79986572265625,12.585739135742188,2.819366455078125,-7.617218017578125,0.7239990234375
2019-07-27,12,2,299.48095703125,294.197998046875,3.93756103515625,-0.2059326171875,186.5,91213.1875,267.8309326171875,283.1124267578125,292.978759765625,0.0045299939811229,0.0069885849952697,0.0132404491305351,18.82221984863281,15.160003662109377,12.17254638671875,-0.8347930908203125,-8.800323486328125,-1.0132598876953125
2019-07-27,18,3,295.73883056640625,292.9843139648437,4.0187835693359375,1.264739990234375,0.5,91411.0625,268.549072265625,283.3615417480469,290.7432861328125,0.0045373998582363,0.0069234780967235,0.0129203274846076,11.8455810546875,14.725494384765623,14.503402709960938,-2.8684539794921875,-4.319244384765625,-1.2290496826171875
2019-07-28,0,0,295.384033203125,293.1080322265625,3.946334838867188,1.35504150390625,60.25,91275.421875,267.9042358398437,284.70965576171875,289.4476318359375,0.0045471489429473,0.0062210345640778,0.0137481316924095,11.387588500976562,12.171417236328123,14.25701904296875,-1.8822784423828125,-4.4423828125,1.23992919921875
2019-07-28,6,1,298.9669189453125,293.1190185546875,7.0395355224609375,0.0493316650390625,117.25,91320.78125,268.2109375,283.84625244140625,291.7086181640625,0.0048826038837432,0.0078721120953559,0.0138196423649787,10.366012573242188,13.61199951171875,12.199493408203123,-3.586761474609375,-3.0064239501953125,-0.0773468017578125
2019-07-28,12,2,299.5174255371094,293.6185302734375,3.2932281494140625,-0.016387939453125,201.75,91227.515625,268.4139709472656,282.4869384765625,291.5463256835937,0.0051937419921159,0.0087256245315074,0.0133127644658088,8.249359130859375,13.862960815429688,10.544448852539062,-3.3209991455078125,-2.57061767578125,-0.688018798828125
2019-07-28,18,3,296.00299072265625,292.806884765625,3.957229614257813,0.937530517578125,7.875,91391.96875,268.7995300292969,283.78729248046875,289.51568603515625,0.0048411637544631,0.0064684934914112,0.0136435218155384,10.341262817382812,13.1917724609375,12.876449584960938,-3.395172119140625,-4.9052276611328125,-1.09979248046875
2019-07-29,0,0,295.718017578125,293.25408935546875,4.6663665771484375,1.008636474609375,51.75,91219.578125,268.6722412109375,283.57330322265625,289.70086669921875,0.0047650784254074,0.0072343535721302,0.0137848816812038,8.014312744140625,12.267303466796877,14.805938720703123,-1.9713134765625,-2.9840240478515625,-0.2904510498046875
2019-07-29,6,1,299.17138671875,293.8403015136719,6.056060791015625,0.7638397216796875,62.75,91364.78125,268.0424194335937,283.83575439453125,290.8596496582031,0.00502235814929,0.0075953304767608,0.0137490518391132,6.324615478515625,12.59100341796875,11.266616821289062,-1.4000244140625,-0.855010986328125,0.619415283203125
2019-07-29,12,2,299.04693603515625,293.584228515625,5.2373046875,0.6202239990234375,19.5,91170.96875,268.80340576171875,283.5513610839844,291.7252197265625,0.004845418035984,0.0078485086560249,0.0133074149489402,7.29107666015625,13.06964111328125,12.879867553710938,-0.0891265869140625,-1.364898681640625,0.739990234375
2019-07-29,18,3,295.3373413085937,292.9527282714844,4.1020050048828125,1.0859222412109375,0.0,91519.125,268.39166259765625,282.8968200683594,289.69317626953125,0.0042215026915073,0.0084793232381343,0.0133421309292316,6.509811401367188,12.994781494140623,13.473846435546877,0.7021331787109375,-2.1734161376953125,-1.3263092041015625
2019-07-30,0,0,295.1853332519531,292.5552062988281,4.4053955078125,0.674407958984375,0.0,91343.328125,268.759033203125,282.984375,289.74078369140625,0.0042377784848213,0.008766796439886,0.0129332914948463,4.5534515380859375,15.308456420898438,15.052886962890623,3.537948608398437,-3.7207183837890634,-2.33367919921875
2019-07-30,6,1,298.9101867675781,292.2740478515625,6.6087188720703125,0.1746826171875,0.0,91506.15625,268.7606811523437,283.5738220214844,291.3130187988281,0.0030680140480399,0.0087501741945743,0.0124456509947776,5.1461181640625,13.3798828125,12.232223510742188,4.392105102539063,-3.5786285400390625,-0.1918792724609375
2019-07-30,12,2,299.59033203125,292.6903686523437,4.4498443603515625,0.0712738037109375,2.25,91275.109375,269.9539794921875,283.07147216796875,292.33819580078125,0.0022633790504187,0.0082062557339668,0.0127800405025482,6.986587524414063,14.611862182617188,12.309066772460938,4.9134674072265625,-3.148544311523437,-0.9892730712890624
2019-07-30,18,3,295.6664428710937,292.7044677734375,3.3954315185546875,0.677825927734375,0.0,91578.234375,268.93194580078125,283.498046875,290.3289794921875,0.0026286032516509,0.0071744136512279,0.0127669721841812,7.426895141601562,13.753005981445312,11.877365112304688,3.219345092773437,-6.1001739501953125,-2.1488189697265625
2019-07-31,0,0,294.99371337890625,292.8832092285156,3.8625335693359375,1.0770721435546875,3.5,91409.8125,269.7711181640625,283.8382568359375,289.3829345703125,0.0019175545312464,0.0060541182756423,0.0128672793507575,6.11737060546875,14.668243408203123,13.6405029296875,1.564971923828125,-4.355865478515625,-1.1620025634765625
2019-07-31,6,1,300.0999755859375,292.674072265625,6.219482421875,-0.6449127197265625,15.75,91561.015625,269.23126220703125,283.5233764648437,291.9027709960937,0.002295563230291,0.0072580464184284,0.0128740221261978,7.442276000976562,13.103225708007812,11.564193725585938,-0.3817901611328125,-5.291305541992188,-1.8359375
2019-07-31,12,2,301.51275634765625,293.22283935546875,3.878448486328125,0.062255859375,100.5,91247.84375,269.2396850585937,282.9921264648437,294.10333251953125,0.002968598389998,0.0083762221038341,0.0129158161580562,7.10400390625,11.922454833984377,10.590682983398438,-2.371856689453125,-5.060333251953125,-1.8020477294921875
2019-07-31,18,3,296.5989990234375,293.72900390625,4.0129241943359375,0.517425537109375,0.0,91556.46875,269.34185791015625,283.4400939941406,291.00225830078125,0.0020061081741005,0.0074197426438331,0.0130880437791347,6.320465087890625,11.526016235351562,12.81829833984375,-2.9445953369140625,-6.9439544677734375,-3.17205810546875
2019-08-01,0,0,295.32818603515625,293.2406005859375,3.923751831054688,1.30767822265625,2.75,91379.140625,268.9682922363281,284.05242919921875,289.44012451171875,0.0030769214499741,0.0067495480179786,0.0128536745905876,6.448272705078125,15.110198974609377,13.736526489257812,-2.6196746826171875,-7.571014404296875,-1.279296875
2019-08-01,6,1,300.052490234375,292.9874267578125,6.5814361572265625,-0.3753662109375,6.75,91521.375,268.127685546875,283.57891845703125,291.9894714355469,0.002545015187934,0.0073995664715766,0.0127566717565059,8.043899536132812,13.263427734375,12.307510375976562,0.271392822265625,-8.690704345703125,-1.3982696533203125
2019-08-01,12,2,300.65631103515625,293.0878601074219,4.7438507080078125,-0.0020751953125,27.0,91232.484375,268.9280090332031,283.02545166015625,293.3774719238281,0.0021398426033556,0.0082794986665248,0.0127553306519985,8.64434814453125,13.032440185546877,12.100860595703123,-3.4163360595703125,-3.3234100341796875,-0.17095947265625
2019-08-01,18,3,296.290283203125,292.3500366210937,4.52178955078125,0.941009521484375,0.0,91499.75,268.7992553710937,283.4683837890625,290.0902404785156,0.0017501765396445,0.0072488188743591,0.0125601701438426,8.942138671875,12.021133422851562,14.384597778320312,-0.406219482421875,-5.991256713867188,-0.635833740234375
2019-08-02,0,0,294.82769775390625,292.74627685546875,5.0352783203125,1.5231475830078125,0.0,91255.453125,267.7540588378906,284.4544372558594,289.62841796875,0.0026584535371512,0.0067511089146137,0.0130460150539875,11.50146484375,12.70947265625,16.324111938476562,0.596282958984375,-4.700286865234375,0.921173095703125
2019-08-02,6,1,299.5111389160156,292.1021423339844,7.9264984130859375,1.1231231689453125,1.5,91413.3125,267.3407287597656,283.6708984375,291.3312072753906,0.0028165783733129,0.0084337405860424,0.0127002522349357,10.84661865234375,13.274688720703123,14.170989990234377,0.952239990234375,-3.1635284423828125,1.9981689453125
2019-08-02,12,2,299.18359375,292.6840515136719,4.73931884765625,1.6562347412109375,49.0,91281.40625,266.7469787597656,283.02496337890625,292.01141357421875,0.0034091924317181,0.0081297680735588,0.0128058418631553,13.919937133789062,14.644439697265623,12.484603881835938,2.72412109375,-1.24505615234375,3.199188232421875
2019-08-02,18,3,296.0024719238281,292.60821533203125,4.303024291992188,1.5195770263671875,0.0,91517.90625,266.56756591796875,283.49493408203125,289.89532470703125,0.0030975686386227,0.0073203407227993,0.0127977952361106,15.1920166015625,14.005081176757812,14.744949340820312,4.87469482421875,-1.1519012451171875,2.406967163085937
2019-08-03,0,0,295.4357604980469,292.7601623535156,4.66241455078125,2.040267944335937,17.5,91288.953125,267.243896484375,284.62908935546875,289.8045654296875,0.0035502051468938,0.0074422657489776,0.0133455879986286,14.883468627929688,13.510528564453123,15.53509521484375,4.2674713134765625,-0.4871063232421875,3.4611358642578125
2019-08-03,6,1,299.38250732421875,292.49285888671875,7.5693206787109375,2.040130615234375,8.0,91418.234375,267.0285949707031,284.1454467773437,291.2166748046875,0.0030908884946256,0.0073529854416847,0.0131589584052562,16.9244384765625,15.25115966796875,13.34161376953125,5.325958251953125,-1.37579345703125,3.4289093017578125
2019-08-03,12,2,300.5510559082031,292.5624694824219,4.98626708984375,1.5551910400390625,65.75,91258.046875,266.92291259765625,283.37664794921875,292.7088928222656,0.0025589927099645,0.0079285651445388,0.0131049118936061,16.94091796875,15.7562255859375,11.898361206054688,6.383819580078125,0.82659912109375,3.1829986572265625
2019-08-03,18,3,295.87548828125,293.13385009765625,4.15057373046875,1.7903900146484375,0.25,91528.921875,268.42218017578125,283.7245788574219,289.5643310546875,0.0022381073795259,0.0074696168303489,0.0132397562265396,15.400375366210938,15.578109741210938,14.193649291992188,8.27362060546875,1.009063720703125,2.974273681640625
2019-08-04,0,0,295.8371276855469,292.9654846191406,4.803253173828125,2.20794677734375,15.75,91341.125,268.8566589355469,283.7528686523437,289.7477722167969,0.0026082177646458,0.0083186514675617,0.0139382816851139,15.943466186523438,18.00982666015625,16.218902587890625,4.002838134765625,-0.7353515625,3.4068145751953125
2019-08-04,6,1,299.6066589355469,292.3433532714844,7.9880828857421875,1.696441650390625,0.25,91352.90625,269.09228515625,284.6481018066406,292.6703186035156,0.003138808067888,0.0077081434428691,0.0130604580044746,16.616226196289062,18.1754150390625,15.123153686523438,4.609710693359375,-2.02777099609375,3.093490600585937
2019-08-04,12,2,300.0008850097656,293.1365051269531,5.7897796630859375,0.77960205078125,0.0,91156.96875,269.0850524902344,283.299072265625,293.3246459960937,0.003274792805314,0.0096029080450534,0.0131992734968662,18.46592712402344,17.099472045898438,13.7376708984375,2.4681396484375,-1.1201019287109375,2.281707763671875
2019-08-04,18,3,296.30157470703125,293.711669921875,5.020233154296875,1.95855712890625,24.0,91336.078125,269.3045654296875,284.4411926269531,290.1851806640625,0.0036022935528308,0.0079812556505203,0.0143584795296192,16.273544311523438,19.19648742675781,16.081771850585938,2.2653961181640625,-2.5185089111328125,2.8135986328125
2019-08-05,0,0,295.6555480957031,293.589599609375,4.6461181640625,2.2142333984375,195.5,91208.28125,269.2315673828125,282.645751953125,290.7010498046875,0.0050925314426422,0.0101452656090259,0.014697290956974,16.662445068359375,20.58460998535156,14.899459838867188,-1.5950775146484375,-2.0239715576171875,4.5733642578125
2019-08-05,6,1,298.1373291015625,293.5859680175781,6.68603515625,1.9534912109375,215.875,91285.765625,268.5805053710937,282.9362487792969,291.0716857910156,0.00502710044384,0.0097970403730869,0.013955183327198,18.05963134765625,20.659942626953125,18.188461303710938,-3.019256591796875,-1.444610595703125,3.2288055419921875
2019-08-05,12,2,297.3044738769531,293.20172119140625,5.537017822265625,0.9650421142578124,132.75,91135.734375,268.6121826171875,283.2809753417969,291.31365966796875,0.0049621500074863,0.0094840750098228,0.0136628523468971,16.765960693359375,18.941329956054688,16.873916625976562,-2.2208251953125,-3.38330078125,1.8887176513671875
2019-08-05,18,3,294.82745361328125,293.2735290527344,5.786956787109375,1.7978057861328125,10.5,91339.359375,268.8015441894531,282.733642578125,290.23614501953125,0.0048827975988388,0.0099525563418865,0.0127975717186927,14.57232666015625,17.488754272460938,19.34468078613281,-3.0899810791015625,-6.883544921875,2.5871734619140625
2019-08-06,0,0,294.6254272460937,292.69439697265625,5.007125854492188,1.418914794921875,1.75,91114.703125,268.8328552246094,283.8072509765625,290.0986633300781,0.005357664078474,0.0088552832603454,0.0135815478861331,16.053390502929688,19.468826293945312,17.45465087890625,-1.248260498046875,-5.40350341796875,2.380767822265625
2019-08-06,6,1,297.4108581542969,293.26318359375,6.501373291015625,1.748504638671875,352.25,91238.671875,269.193115234375,283.26885986328125,291.2322998046875,0.0051473602652549,0.0087839812040328,0.0133407339453697,15.344802856445312,18.19355773925781,20.703842163085938,0.9011688232421876,-5.228729248046875,2.85205078125
2019-08-06,12,2,297.047607421875,292.73614501953125,5.654266357421875,0.5567474365234375,96.0,91127.90625,268.9486083984375,282.5008544921875,291.1806640625,0.0052322559058666,0.0098075605928897,0.0140134170651435,19.476348876953125,21.89643859863281,16.954818725585938,-0.8154754638671875,-6.401657104492188,1.7100372314453125
2019-08-06,18,3,294.3807373046875,293.01971435546875,6.30035400390625,1.4575958251953125,156.125,91252.65625,269.539794921875,283.3668212890625,290.93701171875,0.0039042923599481,0.0090027749538421,0.0144621916115283,21.2242431640625,20.278228759765625,19.78974914550781,2.7043609619140625,-4.85528564453125,1.45379638671875
2019-08-07,0,0,295.3189697265625,293.1132202148437,6.0687408447265625,1.4693450927734375,0.25,91007.140625,269.6044311523437,284.17877197265625,290.6588134765625,0.003761340631172,0.0091641135513782,0.0143167115747928,20.727523803710938,20.22274780273437,19.37074279785156,3.153915405273437,-4.043548583984375,2.8823394775390625
2019-08-07,6,1,298.9107666015625,293.7923583984375,8.742843627929688,1.3342437744140625,75.375,91112.453125,270.1706237792969,283.1835327148437,292.56329345703125,0.0033944391179829,0.0098538845777511,0.0141660319641232,17.67718505859375,20.496261596679688,16.90155029296875,1.1919403076171875,-3.082000732421875,2.4946746826171875
2019-08-07,12,2,296.7417297363281,293.50128173828125,5.46063232421875,0.65411376953125,44.25,90995.796875,270.1348876953125,282.9716186523437,291.7816772460937,0.0037622298114001,0.010557372123003,0.0143243540078401,18.400802612304688,21.616378784179688,16.355010986328125,0.5389251708984375,-3.8448638916015625,0.63916015625
2019-08-07,18,3,295.1952819824219,293.70587158203125,6.327728271484375,2.2063446044921875,82.0,91105.53125,269.85186767578125,284.386474609375,291.0047607421875,0.0043090283870697,0.0086705610156059,0.0150252878665924,18.25634765625,22.989761352539062,19.779098510742188,-1.3409423828125,-5.3404083251953125,2.972152709960937
2019-08-08,0,0,295.7254638671875,292.93121337890625,5.998046875,1.3973236083984375,63.5,90920.6875,269.4195556640625,284.5814208984375,291.15777587890625,0.005302470177412,0.0100124515593051,0.0149607770144939,18.734298706054688,24.08638000488281,18.576141357421875,-1.6179351806640625,-4.91314697265625,0.8225555419921875
2019-08-08,6,1,298.3543701171875,293.83905029296875,5.615249633789063,2.1632537841796875,349.75,91087.203125,268.8740234375,283.563232421875,291.6322631835937,0.0042610578238964,0.0106755308806896,0.0155492573976516,14.986572265625,23.64605712890625,15.680206298828123,-3.5390167236328125,-5.295654296875,3.78900146484375
2019-08-08,12,2,295.6913452148437,293.8293762207031,5.09130859375,0.8617706298828125,123.0,90960.359375,269.59088134765625,283.75689697265625,291.2440185546875,0.0054569132626056,0.0094788111746311,0.0147260818630456,12.4058837890625,21.201583862304688,16.146133422851562,0.7268829345703125,-4.60333251953125,-0.9595184326171876
2019-08-08,18,3,295.065673828125,293.01885986328125,5.985275268554688,2.3274383544921875,141.5,91170.78125,268.668212890625,284.41046142578125,290.7894287109375,0.0043875463306903,0.0076273456215858,0.0148229449987411,12.15411376953125,19.628097534179688,19.29721069335937,-4.03240966796875,-2.6714324951171875,3.221054077148437
2019-08-09,0,0,295.199951171875,292.9715881347656,5.3162384033203125,2.796371459960937,58.25,91041.359375,269.16461181640625,284.89794921875,290.66607666015625,0.0052684806287288,0.0079862438142299,0.0145484544336795,10.343170166015623,15.578414916992188,18.205001831054688,-3.271697998046875,-3.47760009765625,4.9395904541015625
2019-08-09,6,1,299.1195373535156,293.2603454589844,6.7962799072265625,3.32574462890625,351.25,91252.59375,268.599853515625,284.16326904296875,291.8480529785156,0.0049934685230255,0.0082526914775371,0.0144613897427916,12.0404052734375,16.02362060546875,18.045211791992188,-3.737213134765625,0.399688720703125,5.649078369140625
2019-08-09,12,2,296.36962890625,293.36639404296875,4.717315673828125,2.17730712890625,77.75,91193.71875,269.21258544921875,282.968505859375,290.81964111328125,0.0057868063449859,0.0094778686761856,0.0142893567681312,8.263717651367188,16.228271484375,14.140350341796877,-2.73736572265625,-1.4253387451171875,4.692062377929688
2019-08-09,18,3,295.14361572265625,293.2822265625,5.08697509765625,1.514862060546875,148.25,91336.734375,269.2855834960937,283.6805725097656,291.130126953125,0.0053540747612714,0.0071293003857135,0.0150436982512474,4.777511596679688,15.933685302734377,17.3778076171875,-0.6816253662109375,-0.6959686279296875,3.098251342773437
2019-08-10,0,0,295.1424255371094,293.0152587890625,5.2192230224609375,1.7368316650390625,40.75,91171.328125,268.982666015625,284.4439392089844,290.7284545898437,0.0049863029271364,0.0081496536731719,0.0142367593944072,9.244613647460938,12.577102661132812,17.2034912109375,-1.39129638671875,-3.3701934814453125,2.405609130859375
2019-08-10,6,1,298.0581359863281,294.1865539550781,6.966583251953125,1.1220703125,242.75,91285.578125,269.343017578125,284.1619873046875,291.48834228515625,0.0051100850105285,0.0083720423281192,0.0145354382693767,5.6575469970703125,8.788375854492188,19.468902587890625,-2.463973999023437,-1.7568206787109375,0.065643310546875
2019-08-10,12,2,296.3760986328125,293.7647705078125,5.451171875,0.4685821533203125,47.0,91171.40625,269.6349182128906,283.435791015625,291.0705261230469,0.0050552710890769,0.0095331780612468,0.0141704082489013,6.85546875,13.657913208007812,15.450897216796877,-4.3300628662109375,-7.060760498046875,-2.080474853515625
2019-08-10,18,3,295.31494140625,293.795166015625,4.4311370849609375,0.2753143310546875,115.5,91455.046875,268.5252380371094,283.35797119140625,290.5223999023437,0.0051583498716354,0.0094283670186996,0.0142626240849494,1.7887115478515625,18.625030517578125,16.432464599609375,-5.9399261474609375,-5.482147216796875,-2.0120849609375
2019-08-11,0,0,295.18658447265625,292.2309875488281,4.677413940429688,-0.233154296875,6.25,91236.46875,267.8895874023437,284.8099365234375,289.5750427246094,0.0038863979279994,0.0072470530867576,0.0135967805981636,2.6671905517578125,13.93536376953125,15.34521484375,0.0826873779296875,-4.1309356689453125,-2.29827880859375
2019-08-11,6,1,299.140869140625,291.9945678710937,7.504776000976562,-1.5210723876953125,23.25,91296.3125,267.9515686035156,284.7746887207031,291.8519897460937,0.0038055102340877,0.0070729069411754,0.0133836008608341,3.489105224609375,12.954330444335938,14.308364868164062,-1.508758544921875,-5.179473876953125,-3.0127105712890625
2019-08-11,12,2,299.1527099609375,293.5575561523437,5.202545166015625,-0.7638397216796875,115.75,91090.1875,266.92681884765625,283.3824157714844,292.52264404296875,0.0043347794562578,0.0098177194595336,0.0137590989470481,1.3069000244140625,13.20654296875,13.565048217773438,-4.1318206787109375,-6.3896026611328125,-3.611114501953125
2019-08-11,18,3,295.5311279296875,292.0325927734375,4.524688720703125,-0.593414306640625,0.0,91460.4375,268.0045166015625,283.4325561523437,290.04840087890625,0.0038427216932177,0.0079589076340198,0.0132732242345809,-2.4338531494140625,11.526840209960938,14.179412841796877,-2.9466094970703125,-7.4581298828125,-4.1118011474609375
2019-08-12,0,0,295.4422607421875,292.75048828125,4.137786865234375,-1.01239013671875,2.75,91190.5,268.6865539550781,284.3834228515625,289.6175231933594,0.004317570477724,0.0090339928865432,0.0137073434889316,-1.5435943603515625,8.932357788085938,13.265106201171877,0.9332733154296876,-7.4526214599609375,-5.7718658447265625
2019-08-12,6,1,298.66363525390625,293.1920166015625,6.052734375,-2.5234832763671875,16.25,91326.703125,267.8563842773437,283.6373291015625,291.1420288085937,0.0043805614113807,0.0096173882484436,0.0138094164431095,1.255706787109375,10.3255615234375,11.209320068359377,0.5528564453125,-5.763092041015625,-4.585372924804688
2019-08-12,12,2,299.54083251953125,295.4002685546875,3.9376373291015625,-0.92401123046875,87.25,91115.703125,268.809326171875,283.9817810058594,292.3048095703125,0.0039441166445612,0.0095333606004714,0.0141121968626976,2.448638916015625,8.579605102539062,10.379165649414062,-1.5200958251953125,-6.7268829345703125,-3.0504608154296875
2019-08-12,18,3,296.0248413085937,293.9267883300781,4.0203704833984375,-0.7215728759765625,36.5,91350.375,269.0997619628906,283.61871337890625,290.67498779296875,0.0037102452479302,0.0095395408570766,0.0146300420165061,0.7391204833984375,7.1221923828125,11.87005615234375,-2.355316162109375,-6.053680419921875,-5.1421966552734375
2019-08-13,0,0,295.72265625,293.4610595703125,3.843215942382813,-0.7686614990234375,0.5,91121.8125,269.56658935546875,284.1465148925781,290.6044921875,0.0039916606619954,0.0095435976982116,0.0142033342272043,0.8088531494140625,4.655181884765625,12.773590087890623,-0.2459564208984375,-4.049072265625,-5.38916015625
2019-08-13,6,1,299.18670654296875,293.81512451171875,4.412078857421875,-0.440704345703125,380.25,91358.859375,269.0751342773437,283.37548828125,291.0391845703125,0.0040591116994619,0.0102488473057746,0.014266513288021,0.401702880859375,5.989547729492188,10.670013427734377,0.8355255126953125,-0.8515777587890625,-2.6733551025390625
2019-08-13,12,2,297.166015625,294.9076538085937,3.4299774169921875,1.1866607666015625,58.0,91159.25,269.5636291503906,283.7989196777344,291.84039306640625,0.0044638291001319,0.0099572949111461,0.0146585404872894,3.296630859375,7.370254516601562,9.068572998046877,1.8284759521484373,-3.9021148681640634,-0.8097076416015625
2019-08-13,18,3,295.44390869140625,293.14093017578125,3.0909881591796875,0.623931884765625,6.0,91432.8125,269.3348999023437,283.4213256835937,290.653076171875,0.004204649478197,0.0102907791733741,0.0142793543636798,1.3356781005859375,5.64593505859375,10.938583374023438,0.2011260986328125,-2.422225952148437,-2.6844482421875
2019-08-14,0,0,295.5,293.42120361328125,2.5558013916015625,1.4465484619140625,30.25,91297.53125,269.0409851074219,283.1178894042969,289.8194580078125,0.0039840154349803,0.0106606073677539,0.014034628868103,-0.23388671875,4.639816284179688,9.726531982421877,4.4598541259765625,0.6932373046875,-1.2216644287109375
2019-08-14,6,1,299.84967041015625,294.6929931640625,4.662399291992188,1.2880096435546875,74.75,91461.109375,269.07958984375,283.2052307128906,291.0574645996094,0.004227876663208,0.0100737921893596,0.0137810260057449,2.6653289794921875,4.546630859375,9.283294677734377,5.211944580078125,1.40704345703125,0.65948486328125
2019-08-14,12,2,297.1097412109375,294.0561828613281,4.8256378173828125,1.6632537841796875,29.5,91256.296875,269.7303466796875,283.1666259765625,291.05224609375,0.0054390206933021,0.0109235346317291,0.0138647966086864,5.14520263671875,9.194076538085938,12.977081298828123,1.275543212890625,0.7728271484375,2.422027587890625
2019-08-14,18,3,295.5098876953125,292.829833984375,3.726516723632813,1.0908966064453125,24.75,91585.875,269.87701416015625,282.812255859375,290.306884765625,0.0057721138000488,0.0104338079690933,0.0144844911992549,4.240966796875,13.862060546875,13.796188354492188,-0.6878814697265625,-5.109786987304688,-1.0916748046875
2019-08-15,0,0,295.54852294921875,293.5414123535156,3.775390625,0.2891082763671875,96.0,91464.375,269.1845703125,283.364990234375,290.09423828125,0.0051517039537429,0.0088835023343563,0.0140762142837047,1.39105224609375,12.07171630859375,13.474533081054688,-0.0016632080078125,-2.5330047607421875,-2.5783843994140625
2019-08-15,6,1,299.76141357421875,293.3865051269531,5.830810546875,-1.1843719482421875,29.5,91504.484375,269.3055419921875,284.1568298339844,292.23077392578125,0.0050336755812168,0.008555419743061,0.0134138409048318,0.8960418701171875,9.421463012695312,10.27069091796875,0.4132232666015625,-3.03338623046875,-2.46307373046875
2019-08-15,12,2,298.0111694335937,294.6551208496094,4.273696899414063,-1.094268798828125,75.5,91280.359375,269.2362060546875,283.5855712890625,292.3583374023437,0.0046566985547542,0.0092325024306774,0.0137841701507568,2.158920288085937,7.94842529296875,11.065826416015623,-1.76629638671875,-3.25830078125,-3.557846069335937
2019-08-15,18,3,295.4171447753906,293.7729187011719,3.30841064453125,-0.2899169921875,0.0,91571.859375,268.29229736328125,283.5246887207031,290.2275390625,0.004469234496355,0.0092026367783546,0.0140534248203039,0.7335968017578125,6.2853851318359375,10.850021362304688,-3.880157470703125,-5.3873291015625,-3.6379547119140634
2019-08-16,0,0,295.57818603515625,293.6591796875,3.3418426513671875,-0.4717254638671875,14.5,91416.234375,268.7864990234375,283.12579345703125,290.055908203125,0.0045356079936027,0.0099885016679763,0.0139991156756877,-1.704132080078125,6.931411743164063,11.1475830078125,-2.274887084960937,-4.93414306640625,-5.173095703125
2019-08-16,6,1,299.45135498046875,293.84033203125,4.86859130859375,-1.4643402099609375,206.25,91479.53125,268.81304931640625,283.1868591308594,291.4898681640625,0.0039218291640281,0.0100850164890289,0.014486126601696,-3.448471069335937,6.835617065429688,8.635940551757812,-0.3500823974609375,-6.677413940429688,-2.8490447998046875
2019-08-16,12,2,298.8241577148437,294.7010498046875,3.591827392578125,-0.10784912109375,658.5,91228.046875,269.2337951660156,283.7055053710937,292.41314697265625,0.0042376592755317,0.0103623867034912,0.0146548561751842,-3.3379669189453125,6.127044677734375,8.363311767578125,-0.0008087158203125,-7.56201171875,-3.500473022460937
2019-08-16,18,3,295.02978515625,293.93463134765625,3.47894287109375,-0.1280975341796875,11.5,91471.03125,268.63623046875,283.105712890625,290.7975158691406,0.0045776478946208,0.010156787931919,0.0137659050524234,-3.16864013671875,3.750274658203125,11.73583984375,-1.95855712890625,-8.256622314453125,-6.1635284423828125
2019-08-17,0,0,294.1675109863281,293.1470947265625,3.235321044921875,0.3632965087890625,39.75,91332.46875,267.8226928710937,282.3884582519531,289.0572509765625,0.004851846024394,0.0090667009353637,0.0136216655373573,-3.4909210205078125,4.6858978271484375,11.056869506835938,-7.050994873046875,-8.6923828125,-3.579193115234375
2019-08-17,6,1,296.06256103515625,292.595947265625,3.1525115966796875,0.2377777099609375,1123.5,91455.96875,268.0765380859375,282.4000244140625,290.7477722167969,0.0048732887953519,0.0090096704661846,0.0134312137961387,-6.02178955078125,5.130706787109375,8.497222900390625,-4.53582763671875,-8.104949951171875,-3.190399169921875
2019-08-17,12,2,297.1190490722656,294.6507568359375,2.49041748046875,-0.0695037841796875,244.75,91184.828125,268.5321655273437,283.7120361328125,292.29168701171875,0.0043056234717369,0.0079620815813541,0.0140910297632217,-6.478439331054688,3.070281982421875,6.957290649414063,-4.552337646484375,-7.8214111328125,-2.5873260498046875
2019-08-17,18,3,295.37109375,294.06451416015625,2.388671875,-0.2886962890625,285.0,91426.328125,268.15771484375,283.2159423828125,291.80596923828125,0.0049523562192916,0.0092185474932193,0.0138744264841079,-6.662445068359375,1.0771026611328125,7.342864990234375,-1.5302886962890625,-4.450942993164063,-3.2596893310546875
2019-08-18,0,0,294.82574462890625,293.5621337890625,2.942626953125,0.0277557373046875,54.0,91325.71875,267.89361572265625,282.6856994628906,291.296142578125,0.0048729795962572,0.0100363343954086,0.0130049139261245,-4.8820648193359375,-0.3538665771484375,9.5263671875,-1.7699737548828125,-6.7230224609375,-5.08245849609375
2019-08-18,6,1,296.0986328125,294.9312438964844,2.7673797607421875,-0.66400146484375,751.25,91532.328125,267.98162841796875,282.8216552734375,290.5897216796875,0.004617117345333,0.0103592947125434,0.0134545937180519,-5.0429534912109375,-1.4186248779296875,7.408966064453125,-3.003173828125,-5.6834259033203125,-5.39599609375
2019-08-18,12,2,296.8646850585937,294.478515625,3.0337677001953125,-0.3150177001953125,315.5,91322.34375,268.7197265625,283.20751953125,291.0298156738281,0.0046823136508464,0.0098607949912548,0.0145580247044563,-4.478317260742188,1.802520751953125,7.026458740234375,-5.40350341796875,-1.557159423828125,-1.8260345458984373
2019-08-18,18,3,294.9261474609375,293.60528564453125,1.2775115966796875,-0.5953369140625,124.25,91618.671875,268.35504150390625,282.58416748046875,290.76593017578125,0.0051420121453702,0.0101592242717742,0.0137420240789651,-4.7104339599609375,4.6033782958984375,6.803070068359375,-1.5243988037109375,-3.7462005615234375,-5.37445068359375
2019-08-19,0,0,294.806396484375,293.0106201171875,2.097763061523437,0.2652587890625,70.25,91449.734375,268.3746337890625,282.5358581542969,290.44403076171875,0.0048482529819011,0.0100705809891223,0.0135313905775547,-0.5429840087890625,1.2459564208984375,5.5845489501953125,-0.167205810546875,-4.6292572021484375,-4.538742065429688
2019-08-19,6,1,299.4180908203125,294.001708984375,3.080230712890625,-1.06475830078125,127.25,91522.375,268.52520751953125,283.7559814453125,290.9720458984375,0.0047033429145812,0.0089789815247058,0.0144646428525447,-0.563629150390625,-1.3686676025390625,4.163665771484375,-2.06964111328125,-2.7243194580078125,-2.230682373046875
2019-08-19,12,2,299.5544128417969,294.79205322265625,1.52899169921875,-0.1360626220703125,634.5,91272.6875,268.82080078125,283.7230834960937,293.5003662109375,0.0045292600989341,0.0096073877066373,0.0142195262014865,-0.8058929443359375,-0.241790771484375,5.057418823242188,-1.0239105224609375,-1.0251007080078125,-2.926864624023437
2019-08-19,18,3,295.0950927734375,293.85333251953125,1.5238800048828125,0.314971923828125,180.25,91588.53125,268.6422424316406,283.0999450683594,291.0383605957031,0.0049474369734525,0.0097064189612865,0.0146650075912475,-1.8627777099609373,2.3003692626953125,7.229827880859375,0.6945953369140625,-3.466156005859375,-4.73846435546875
2019-08-20,0,0,295.0163269042969,293.729736328125,2.173126220703125,0.2469940185546875,96.75,91457.0625,269.0453186035156,282.7203674316406,291.3232727050781,0.0051897279918193,0.0097777768969535,0.012905303388834,1.898406982421875,3.0753936767578125,7.168502807617188,2.1602935791015625,-2.7434234619140625,-5.67755126953125
2019-08-20,6,1,297.41510009765625,293.4600830078125,3.3210601806640625,-2.7455291748046875,82.25,91556.125,268.8801574707031,283.69293212890625,291.7508544921875,0.0046906806528568,0.0089779831469058,0.0136475786566734,3.649124145507813,3.1547088623046875,4.4887542724609375,3.7859954833984375,-2.080322265625,-5.372329711914063
2019-08-20,12,2,299.90411376953125,292.88165283203125,2.9994659423828125,-2.1002197265625,68.75,91231.921875,269.6312866210937,284.00018310546875,292.1006164550781,0.0042930990457534,0.0085733868181705,0.0145188756287097,5.51226806640625,2.353302001953125,6.1624603271484375,-1.0978240966796875,-0.821624755859375,-4.615280151367188
2019-08-20,18,3,295.5914001464844,293.9118957519531,2.6793670654296875,0.1655120849609375,117.5,91529.390625,269.0141296386719,283.11285400390625,291.2371826171875,0.0047147348523139,0.009058654308319,0.0136123709380626,3.7014312744140634,3.8597259521484375,8.196334838867188,-3.80926513671875,-3.05291748046875,-2.740219116210937
2019-08-21,0,0,294.51629638671875,293.411865234375,2.8291778564453125,0.1983795166015625,5.5,91346.046875,268.782470703125,282.9266967773437,291.1529541015625,0.0050365515053272,0.0099645778536796,0.0126773416996002,-0.733734130859375,4.0648193359375,9.763107299804688,-4.751953125,-2.362213134765625,-4.7074127197265625
2019-08-21,6,1,298.2585144042969,293.462158203125,4.6602325439453125,-1.457733154296875,117.75,91473.46875,269.4857482910156,283.3739013671875,290.713134765625,0.0051876865327358,0.0091176629066467,0.0136821046471595,-2.1761474609375,5.836090087890625,8.810409545898438,-0.604095458984375,-4.41912841796875,-3.2904510498046875
2019-08-21,12,2,298.4755859375,294.20379638671875,3.608474731445313,-0.62353515625,190.0,91249.4375,269.021728515625,283.0736389160156,291.7145080566406,0.0053611993789672,0.0099808499217033,0.0140077546238899,0.3504791259765625,7.626052856445312,9.589828491210938,-2.063934326171875,-4.67376708984375,-3.955612182617188
2019-08-21,18,3,294.7998046875,293.9002990722656,3.350799560546875,0.1511077880859375,34.0,91493.5625,268.2102966308594,282.7004089355469,290.5097045898437,0.0050872787833213,0.0095849968492984,0.0135643295943737,1.7718353271484375,8.207122802734375,11.628341674804688,-1.2000885009765625,-6.6514892578125,-4.5567626953125
2019-08-22,0,0,295.042724609375,292.896240234375,3.4510650634765625,-0.8188018798828125,20.0,91325.75,267.9503173828125,282.6855773925781,290.2653503417969,0.0048447269946336,0.0086167268455028,0.0131952129304409,3.479034423828125,8.27960205078125,11.518341064453123,0.4827880859375,-6.0545196533203125,-6.710861206054688
2019-08-22,6,1,299.2870483398437,293.40093994140625,5.431610107421875,-0.743743896484375,73.0,91403.8125,268.048095703125,283.54803466796875,291.314208984375,0.0046127922832965,0.0080368407070636,0.0137871615588665,4.1116943359375,4.776870727539063,8.919723510742188,-0.38818359375,-6.015411376953125,-2.14971923828125
2019-08-22,12,2,297.797119140625,293.9725036621094,3.325897216796875,0.5357818603515625,123.5,91242.46875,268.55670166015625,282.9218139648437,291.0206604003906,0.0051542893052101,0.0100186690688133,0.0143553130328655,2.989501953125,6.1592864990234375,10.051513671875,-4.91741943359375,-6.05731201171875,-0.86859130859375
2019-08-22,18,3,294.7159729003906,293.21832275390625,4.221221923828125,0.1829376220703125,74.75,91470.71875,268.6903686523437,282.775146484375,290.0438842773437,0.0052777398377656,0.0098959282040596,0.0139687359333038,2.1676483154296875,6.4410400390625,13.535293579101562,-2.576263427734375,-7.603790283203125,-2.598480224609375
2019-08-23,0,0,295.67352294921875,293.0667419433594,3.9037933349609375,-0.2895050048828125,31.25,91346.8125,268.4072570800781,282.4364624023437,289.4654541015625,0.0049639660865068,0.0092399232089519,0.0133492276072502,1.3940277099609375,8.0714111328125,13.365447998046877,-0.8828125,-6.106979370117188,-3.0463104248046875
2019-08-23,6,1,300.36431884765625,292.3587646484375,6.1632080078125,-1.3469696044921875,0.5,91433.5625,268.10675048828125,282.844482421875,291.44500732421875,0.0046619772911071,0.0081104449927806,0.0129482224583625,3.5362091064453125,10.398941040039062,10.767196655273438,1.010589599609375,-4.6302490234375,-2.5453643798828125
2019-08-23,12,2,298.9947814941406,293.7917785644531,3.292465209960937,0.034759521484375,118.0,91263.671875,268.0792541503906,282.72125244140625,292.2115173339844,0.0049999691545963,0.0097991824150085,0.0133144482970237,5.970474243164063,9.616378784179688,9.661376953125,-1.4210662841796875,-4.1493072509765625,-2.0694122314453125
2019-08-23,18,3,294.651123046875,293.00616455078125,4.006515502929688,0.440948486328125,1.75,91550.625,268.25372314453125,282.85089111328125,290.0843811035156,0.0048870146274566,0.0100531391799449,0.0136801116168499,3.3031005859375,9.335098266601562,13.541915893554688,-2.096649169921875,-4.034927368164063,-1.9674835205078125
2019-08-24,0,0,295.1710510253906,293.21075439453125,3.8067474365234375,0.749481201171875,29.5,91387.25,268.6019287109375,283.0155029296875,289.34503173828125,0.004570759832859,0.0089931562542915,0.013418860733509,1.75732421875,9.61920166015625,13.382766723632812,-2.923736572265625,-5.3087310791015625,-0.8643035888671875
2019-08-24,6,1,299.5179748535156,292.6435546875,5.572036743164063,-0.10888671875,4.5,91506.4375,268.4703369140625,283.0809936523437,290.71844482421875,0.0044463984668254,0.0081157349050045,0.0136629343032836,2.2393341064453125,9.908737182617188,9.244476318359377,-2.70068359375,-2.851181030273437,-0.6896820068359375
2019-08-24,12,2,298.23992919921875,293.46746826171875,3.0342559814453125,0.5201416015625,217.0,91235.046875,268.9901733398437,282.9799194335937,292.13006591796875,0.0046274848282337,0.0100657790899276,0.0133178755640983,2.1112823486328125,9.320037841796877,11.321319580078123,-2.5909881591796875,-3.54486083984375,-0.1188507080078125
2019-08-24,18,3,294.709228515625,292.6415405273437,4.12359619140625,1.0494384765625,0.0,91459.6875,268.26483154296875,283.3477783203125,290.9413452148437,0.0049206241965293,0.0097866132855415,0.0127234160900115,2.4219970703125,8.8900146484375,13.73052978515625,-1.7226104736328125,-2.725250244140625,0.25830078125
2019-08-25,0,0,294.763427734375,292.5131530761719,3.2129669189453125,1.5667877197265625,7.25,91331.28125,268.0375366210937,282.6366271972656,289.8324584960937,0.0044663175940513,0.0099713690578937,0.0137474946677684,2.878143310546875,10.618026733398438,13.628677368164062,0.8880462646484375,-2.836822509765625,1.0468292236328125
2019-08-25,6,1,299.82196044921875,292.7771301269531,5.8948822021484375,0.88897705078125,13.5,91388.140625,268.55108642578125,283.7816772460937,291.53057861328125,0.0038344985805451,0.0065771900117397,0.0129723399877548,6.237579345703125,11.414306640625,10.09295654296875,3.615646362304688,-2.5764923095703125,1.13427734375
2019-08-25,12,2,299.7875061035156,292.474609375,3.5999755859375,1.7046051025390625,62.75,91145.140625,269.7203674316406,282.8425598144531,292.5487670898437,0.0039518885314464,0.008977897465229,0.0133138261735439,4.7480010986328125,9.505340576171877,9.785888671875,1.650848388671875,-0.77349853515625,2.54986572265625
2019-08-25,18,3,295.0948791503906,293.20135498046875,3.32733154296875,1.7881317138671875,8.25,91445.125,269.43572998046875,282.98858642578125,290.62896728515625,0.0037570409476757,0.0090320333838462,0.013428259640932,3.825653076171875,9.410308837890623,12.591644287109377,0.5751800537109375,1.7135009765625,3.367904663085937
2019-08-26,0,0,295.475341796875,292.59210205078125,3.4776153564453125,1.62744140625,2.25,91250.90625,269.2890014648437,283.40496826171875,289.9485778808594,0.0041277967393398,0.0097947306931018,0.013259682804346,3.0110015869140625,10.270614624023438,12.76190185546875,0.653839111328125,2.3477935791015625,3.192962646484375
2019-08-26,6,1,298.8900146484375,292.33502197265625,5.4698333740234375,1.9590911865234373,3.0,91388.078125,269.3583374023437,283.63336181640625,290.8105773925781,0.0041065551340579,0.0092394622042775,0.0132895894348621,4.234542846679688,10.377487182617188,9.969650268554688,2.653793334960937,1.6163177490234375,2.4294586181640625
2019-08-26,12,2,300.0733642578125,292.36309814453125,3.405731201171875,2.2876434326171875,8.25,91165.5,269.06085205078125,283.061767578125,292.4642333984375,0.0046136081218719,0.0094427615404129,0.0134210120886564,6.8648223876953125,10.901214599609377,9.600479125976562,-1.4513702392578125,-1.3405914306640625,4.408111572265625
2019-08-26,18,3,295.4896850585937,293.2496337890625,3.0293426513671875,2.11444091796875,0.0,91420.375,268.25439453125,283.2840270996094,290.19921875,0.0044047348201274,0.0092509966343641,0.0131987296044826,8.48614501953125,9.434066772460938,11.747894287109377,1.7017059326171875,1.0369110107421875,4.6163330078125
2019-08-27,0,0,295.11737060546875,292.73406982421875,3.164215087890625,1.5401458740234375,0.0,91261.796875,268.824951171875,283.4708557128906,290.0732727050781,0.0047249123454093,0.0089002717286348,0.0129361599683761,5.8581085205078125,9.03204345703125,12.330535888671877,2.063873291015625,3.7896881103515625,5.517181396484375
2019-08-27,6,1,299.4760131835937,293.37176513671875,5.5615081787109375,2.7158203125,11.5,91285.25,269.636962890625,283.8633728027344,291.2458801269531,0.004780551418662,0.0089684575796127,0.0135645382106304,3.331207275390625,5.8073272705078125,9.989761352539062,2.7277069091796875,3.731689453125,4.664352416992188
2019-08-27,12,2,300.06854248046875,294.0174560546875,3.790069580078125,1.4296875,0.0,91073.390625,269.0868835449219,283.565673828125,292.27294921875,0.004741309210658,0.0088686905801296,0.0136987017467617,4.015426635742188,11.479690551757812,9.252975463867188,3.0124969482421875,-1.137542724609375,2.348388671875
2019-08-27,18,3,296.2642822265625,293.51715087890625,3.087753295898437,1.7129669189453125,0.0,91372.890625,268.74151611328125,284.2173767089844,290.4149780273437,0.0045407637953758,0.0067450888454914,0.0127771869301795,3.2622833251953125,9.829345703125,10.609512329101562,0.6710052490234375,-1.909912109375,2.242645263671875
2019-08-28,0,0,295.0902709960937,292.7574768066406,3.065155029296875,0.9674835205078124,3.5,91261.296875,268.05584716796875,283.38873291015625,290.0054931640625,0.0043281316757202,0.009323813021183,0.0137600600719451,4.340591430664063,10.591445922851562,12.926483154296877,2.595855712890625,1.01171875,3.7886962890625
2019-08-28,6,1,299.5764465332031,292.91510009765625,5.24566650390625,1.7689666748046875,38.75,91370.9375,268.5585327148437,284.49322509765625,292.33258056640625,0.003770594485104,0.0079375617206096,0.0133501254022121,4.7093505859375,9.8037109375,9.15936279296875,1.50439453125,1.2502288818359375,2.30865478515625
2019-08-28,12,2,300.2644958496094,292.9765014648437,3.2037353515625,1.687164306640625,115.0,91151.71875,268.7576904296875,283.6745910644531,293.3341369628906,0.0043431557714939,0.0094846859574317,0.0137116350233554,7.22161865234375,9.690536499023438,8.618560791015625,-0.4540863037109375,1.7722930908203125,3.514678955078125
2019-08-28,18,3,295.63543701171875,293.68170166015625,3.544906616210937,1.8799896240234373,1.75,91413.4375,269.4642333984375,283.951171875,291.1535949707031,0.0041415765881538,0.0088078007102012,0.013527650386095,3.1079559326171875,9.605072021484377,12.040283203125,-1.793975830078125,0.409027099609375,2.7209930419921875
2019-08-29,0,0,295.6677551269531,293.08770751953125,3.582489013671875,1.30987548828125,5.5,91333.609375,268.2417907714844,283.69384765625,289.69647216796875,0.0044430345296859,0.0085108056664466,0.0136400647461414,0.3873291015625,10.63958740234375,12.474212646484377,0.9013519287109376,-0.6462554931640625,0.97833251953125
2019-08-29,6,1,299.94268798828125,293.44830322265625,5.503692626953125,-0.19671630859375,74.75,91390.46875,268.6713256835937,284.480224609375,292.7737731933594,0.0041245818138122,0.0088424757122993,0.0133266486227512,0.964935302734375,9.866744995117188,10.23626708984375,2.388031005859375,-1.7916107177734375,-1.3651123046875
2019-08-29,12,2,300.01513671875,295.470458984375,2.7483062744140625,0.002532958984375,321.75,91119.84375,269.0859375,283.15679931640625,293.26190185546875,0.0038875751197338,0.0096583478152751,0.0139873549342155,4.432464599609375,8.1151123046875,9.038131713867188,1.6721954345703125,-2.70172119140625,0.2127838134765625
2019-08-29,18,3,295.496337890625,293.4752197265625,4.040054321289063,1.5933685302734375,1.75,91370.65625,268.515869140625,284.09912109375,290.4281616210937,0.0042409263551235,0.0089409239590168,0.0139383934438228,3.0692291259765625,6.9634552001953125,13.421188354492188,-2.956298828125,-2.157684326171875,1.0159454345703125
2019-08-30,0,0,295.60272216796875,293.338623046875,4.440765380859375,1.28790283203125,13.0,91201.171875,268.3636474609375,283.61590576171875,290.1389465332031,0.0039918981492519,0.0097048506140708,0.0142181180417537,-0.997283935546875,8.234375,15.23046875,-2.8018035888671875,-1.8212127685546875,2.2030487060546875
2019-08-30,6,1,300.39227294921875,293.189453125,7.0406036376953125,0.2627105712890625,20.25,91247.5625,268.5186462402344,284.480224609375,292.119873046875,0.0037882660981267,0.0087804086506366,0.0139119997620582,-0.58831787109375,9.335159301757812,11.852920532226562,-0.84844970703125,-2.11474609375,0.4694061279296875
2019-08-30,12,2,299.159423828125,294.1016845703125,4.351531982421875,-0.1366119384765625,136.25,91010.40625,269.0082092285156,283.400634765625,292.85992431640625,0.003948213532567,0.010235246270895,0.0136021301150321,0.6865997314453125,9.648101806640623,11.648574829101562,2.271347045898437,-2.000030517578125,-1.3856353759765625
2019-08-30,18,3,295.6410522460937,293.189453125,3.602279663085937,1.0557861328125,1.5,91263.671875,268.2718505859375,284.06744384765625,290.85418701171875,0.0041639246046543,0.0091842226684093,0.0133727341890335,4.935211181640625,8.844955444335938,10.777313232421877,1.0339508056640625,-2.6015625,-1.2616424560546875
2019-08-31,0,0,295.20806884765625,292.912841796875,3.797286987304688,0.3841552734375,3.5,91029.140625,268.2245483398437,283.7574462890625,289.79071044921875,0.00456378236413,0.0086091980338096,0.013209868222475,7.897659301757812,9.10894775390625,12.938018798828123,-1.7596893310546875,-2.6877593994140625,-1.5772552490234375
2019-08-31,6,1,298.66949462890625,293.09735107421875,5.7080078125,0.545684814453125,5.0,91153.921875,268.8269348144531,283.73834228515625,291.6744384765625,0.0036585815250873,0.0079775601625442,0.0135606825351715,7.530441284179687,9.66400146484375,9.87762451171875,-3.85797119140625,-2.45709228515625,0.7905426025390625
2019-08-31,12,2,298.4776611328125,293.7575988769531,3.3215484619140625,0.5737762451171875,215.5,90908.21875,268.4501342773437,283.95819091796875,292.15545654296875,0.0040550823323428,0.0096705965697765,0.0139438919723033,7.483718872070312,10.093368530273438,10.813568115234377,-2.725692749023437,-0.3914794921875,1.7076568603515625
2019-08-31,18,3,295.2593994140625,292.2095031738281,3.523284912109375,1.0991973876953125,10.5,91280.0,268.6270446777344,283.27105712890625,289.7571105957031,0.0045182816684246,0.0083152316510677,0.0138254892081022,5.99688720703125,11.718063354492188,11.516647338867188,0.1933135986328125,0.9074554443359376,0.3460693359375
2019-09-01,0,0,295.2680053710937,292.6698303222656,3.3864898681640625,1.7858123779296875,1.5,91074.828125,267.8990173339844,284.053955078125,289.8114624023437,0.0044293757528066,0.0085287727415561,0.0135854259133338,8.51507568359375,11.629898071289062,12.123016357421877,2.25390625,1.5296173095703125,2.122772216796875
2019-09-01,6,1,298.32794189453125,292.86279296875,5.65838623046875,1.5667724609375,97.75,91314.015625,267.7347717285156,283.36328125,291.2566833496094,0.0044732000678777,0.0086621195077896,0.0139549858868122,9.247283935546877,11.17437744140625,9.845428466796877,0.0484161376953125,1.895721435546875,2.4527587890625
2019-09-01,12,2,297.2142333984375,293.4296264648437,3.292327880859375,1.726898193359375,368.0,91125.71875,268.0106201171875,283.21630859375,291.93145751953125,0.0049546081572771,0.0090536139905452,0.0139380227774381,11.078933715820312,12.40545654296875,11.2445068359375,-1.10400390625,2.4613494873046875,4.431060791015625
2019-09-01,18,3,294.97906494140625,293.2230529785156,3.6022491455078125,1.4905548095703125,35.5,91408.296875,268.7496032714844,283.6969299316406,290.1641540527344,0.0047902129590511,0.008561972528696,0.013968389481306,9.006927490234375,12.367523193359377,14.297927856445312,-1.814971923828125,1.10369873046875,3.1632080078125
2019-09-02,0,0,295.25830078125,293.19989013671875,3.822265625,1.1641082763671875,5.5,91292.03125,267.8346862792969,282.78179931640625,289.8490295410156,0.0046232175081968,0.0100968144834041,0.0139793865382671,12.500503540039062,15.194137573242188,13.685546875,0.8115081787109375,-0.6081085205078125,1.1580963134765625
2019-09-02,6,1,298.150146484375,293.1405334472656,6.40997314453125,1.109527587890625,57.5,91412.34375,268.52227783203125,283.55291748046875,291.584228515625,0.0045567527413368,0.0089917294681072,0.0138811245560646,11.176528930664062,14.243072509765623,11.423812866210938,0.447021484375,-0.899566650390625,1.3194122314453125
2019-09-02,12,2,296.4279479980469,294.5449523925781,3.964263916015625,1.31768798828125,257.75,91220.421875,268.99267578125,283.69842529296875,291.4844055175781,0.0053468197584152,0.0090161226689815,0.0140053462237119,7.839523315429687,15.044601440429688,14.127685546875,1.07012939453125,-2.2069244384765625,1.045135498046875
2019-09-02,18,3,294.83953857421875,293.1761474609375,4.3370208740234375,1.106475830078125,71.75,91402.90625,268.7265014648437,284.2143859863281,290.596435546875,0.0052038058638572,0.0075225196778774,0.0142015069723129,10.983978271484377,14.644760131835938,14.967849731445312,1.76434326171875,-2.5970458984375,0.389984130859375
2019-09-03,0,0,294.953857421875,293.02752685546875,3.818771362304688,1.30438232421875,6.5,91246.796875,268.6602478027344,283.86383056640625,289.85382080078125,0.0050025545060634,0.0084056481719017,0.0139218028634786,7.864501953125,16.596237182617188,14.655364990234377,-1.0927734375,-3.1070098876953125,0.9760894775390624
2019-09-03,6,1,299.43658447265625,293.56280517578125,4.966796875,0.391632080078125,374.75,91404.203125,268.5834350585937,283.3593139648437,290.9188232421875,0.0048980936408042,0.0084268748760223,0.0139629561454057,9.776870727539062,14.9593505859375,15.0557861328125,0.8843994140625,-1.2701416015625,0.264678955078125
2019-09-03,12,2,296.6895446777344,292.8155517578125,4.130035400390625,0.12744140625,66.0,91144.609375,269.3822021484375,282.9131164550781,291.39501953125,0.0047187134623527,0.0096412859857082,0.0140543207526206,8.205108642578125,16.311019897460938,13.461380004882812,0.50115966796875,-2.157211303710937,-0.746917724609375
2019-09-03,18,3,294.83868408203125,293.461181640625,3.780914306640625,0.9735260009765624,15.5,91333.8125,268.5456237792969,284.4974365234375,290.2204284667969,0.0051531996577978,0.0072527639567852,0.0144149772822856,11.341583251953123,17.263763427734375,13.692245483398438,-1.0303192138671875,-1.6916351318359375,-1.386688232421875
2019-09-04,0,0,294.8353576660156,293.79864501953125,3.3743133544921875,1.8044586181640625,184.75,91130.90625,269.4887084960937,283.66461181640625,290.96209716796875,0.0037752797361463,0.0090639442205429,0.0150195807218551,13.16839599609375,16.332046508789062,12.916778564453123,0.457000732421875,-4.045425415039063,2.2913970947265625
2019-09-04,6,1,297.94207763671875,293.65460205078125,6.257568359375,1.3116607666015625,471.5,91255.59375,268.9261779785156,283.43365478515625,291.50408935546875,0.0039692986756563,0.0089898966252803,0.0144438780844211,12.068466186523438,15.09954833984375,12.953140258789062,0.4678802490234375,-2.3228912353515625,1.802001953125
2019-09-04,12,2,296.15008544921875,293.2525634765625,4.749679565429688,0.77423095703125,17.75,91068.640625,269.321533203125,283.41973876953125,291.1197509765625,0.0047176107764244,0.0095095727592706,0.0142249511554837,13.306442260742188,15.282699584960938,14.44134521484375,-0.66204833984375,-0.363433837890625,0.8653564453125
2019-09-04,18,3,294.7401733398437,292.6095886230469,4.479888916015625,1.0343017578125,3.0,91299.34375,268.76519775390625,284.1767883300781,290.2340087890625,0.004101525992155,0.0086994282901287,0.0144316889345645,11.886962890625,16.698974609375,15.654983520507812,0.0888671875,-1.8817138671875,0.4370880126953125
2019-09-05,0,0,294.94659423828125,292.9000244140625,4.373626708984375,1.0370025634765625,2.5,91155.515625,269.04693603515625,283.1513671875,290.2861328125,0.0043327948078513,0.0096111372113227,0.0143877975642681,12.991775512695312,19.46357727050781,14.941482543945312,0.20831298828125,-1.771942138671875,0.0877532958984375
2019-09-05,6,1,298.90155029296875,293.4164123535156,7.02032470703125,0.0858612060546875,38.0,91276.484375,269.1184387207031,283.80419921875,292.0682373046875,0.0042515099048614,0.0093789547681808,0.0140306316316127,14.215789794921877,16.590866088867188,14.7059326171875,-1.8727264404296875,-1.390228271484375,-0.947479248046875
2019-09-05,12,2,298.14801025390625,293.4172668457031,4.7603759765625,0.7573699951171875,109.0,91124.140625,269.2899169921875,283.188232421875,291.67010498046875,0.0049102902412414,0.0107928626239299,0.0143860392272472,13.189346313476562,16.934402465820312,14.226409912109377,-1.675750732421875,-2.3241729736328125,1.541595458984375
2019-09-05,18,3,295.017333984375,293.0924377441406,4.710220336914063,0.67138671875,9.25,91293.59375,269.2813720703125,284.168212890625,290.29022216796875,0.0046879462897777,0.0079922005534172,0.0142314508557319,12.051132202148438,18.858856201171875,15.648529052734377,-2.215072631835937,-1.794219970703125,-0.880950927734375
2019-09-06,0,0,295.4720458984375,293.2968444824219,5.558624267578125,1.5233612060546875,20.0,91092.46875,269.21710205078125,285.1762084960937,290.34063720703125,0.0041948147118091,0.0078372098505496,0.0144297406077384,8.260604858398438,19.759078979492188,17.43060302734375,-0.888092041015625,-2.5421600341796875,1.358245849609375
2019-09-06,6,1,299.20135498046875,293.3564453125,8.15338134765625,-0.4109344482421875,7.5,91289.734375,268.85986328125,284.22967529296875,292.146728515625,0.0046462044119834,0.0093027167022228,0.014052752405405,8.189682006835938,19.6492919921875,14.646087646484377,-1.20635986328125,-1.398895263671875,-0.9778289794921876
2019-09-06,12,2,298.2005920410156,293.61920166015625,5.742355346679688,-0.3770294189453125,22.0,91149.671875,269.0965576171875,283.3349609375,292.1023864746094,0.0043793953955173,0.0099138282239437,0.0141704492270946,7.797760009765625,17.317428588867188,16.301223754882812,0.3739776611328125,-2.5997772216796875,-1.2222747802734375
2019-09-06,18,3,295.0953369140625,292.69952392578125,5.018478393554688,1.02001953125,13.75,91331.734375,268.95587158203125,284.6085205078125,289.966796875,0.0036096654366701,0.0069040209054946,0.0139860957860946,8.472991943359375,18.642135620117188,15.34210205078125,-2.1715087890625,-2.0073394775390625,-0.22137451171875
2019-09-07,0,0,295.3887939453125,292.8594970703125,5.379165649414063,1.2716064453125,11.5,91138.78125,268.5245056152344,284.9084167480469,289.75152587890625,0.0039495192468166,0.0073088333010673,0.013931886292994,9.658065795898438,19.879135131835938,16.902206420898438,-1.0771331787109375,-2.2120361328125,1.019683837890625
2019-09-07,6,1,298.9906005859375,292.81842041015625,7.610992431640625,0.4637908935546875,0.0,91337.25,268.4927673339844,283.2234802246094,291.7207946777344,0.0042778402566909,0.0087730288505554,0.0137378014624118,8.287200927734375,19.595001220703125,13.628753662109377,0.2044677734375,-1.6498565673828125,0.763580322265625
2019-09-07,12,2,298.7972412109375,293.1116027832031,5.93597412109375,0.474578857421875,0.25,91215.625,268.86083984375,283.3006896972656,291.8182373046875,0.0044894888997077,0.0094209611415863,0.0137094352394342,7.305862426757812,16.277664184570312,15.453292846679688,-1.8535308837890625,-1.217193603515625,0.465667724609375
2019-09-07,18,3,295.19366455078125,292.7384033203125,4.730728149414063,1.646820068359375,2.25,91511.859375,268.7347106933594,283.5098876953125,289.5684814453125,0.0048276633024215,0.0091756172478199,0.0136342383921146,3.6201019287109375,19.437957763671875,15.52911376953125,-1.0349884033203125,-2.3146514892578125,1.2347412109375
2019-09-08,0,0,295.56640625,293.0053405761719,4.854827880859375,1.71978759765625,7.75,91345.546875,268.513671875,284.0111083984375,289.6147766113281,0.0046797953546047,0.0092431455850601,0.0136882439255714,4.1005706787109375,19.131744384765625,15.828125,0.4774627685546875,-2.3871612548828125,2.0294342041015625
2019-09-08,6,1,298.86846923828125,293.322998046875,7.44549560546875,-0.0160369873046875,13.5,91440.90625,268.6425170898437,284.6654663085937,292.5822448730469,0.0043606013059616,0.0084946565330028,0.0135751478374004,6.598724365234375,17.798507690429688,14.495529174804688,1.3394012451171875,-2.7736053466796875,-0.6099700927734375
2019-09-08,12,2,299.1278076171875,294.43359375,4.7403411865234375,0.2768096923828125,11.75,91261.8125,269.1430053710937,283.6571350097656,292.154052734375,0.0045490637421607,0.0097118150442838,0.0142830684781074,8.227401733398438,15.04766845703125,13.027603149414062,0.29266357421875,-4.0809173583984375,-1.1698150634765625
2019-09-08,18,3,295.6400451660156,293.4222412109375,4.1268157958984375,1.4243316650390625,8.75,91546.421875,268.92706298828125,283.86962890625,290.0522155761719,0.0043746940791606,0.0091617703437805,0.0141349621117115,5.5481719970703125,13.600509643554688,14.032623291015623,-2.270355224609375,-2.272918701171875,0.3449249267578125
2019-09-09,0,0,296.3025817871094,293.43719482421875,4.200592041015625,1.5171966552734375,6.25,91377.328125,268.433837890625,284.53228759765625,289.59130859375,0.0045539885759353,0.0095161385834217,0.0138394609093666,4.6066741943359375,12.954421997070312,14.417724609375,-0.922943115234375,-1.4984893798828125,1.10943603515625
2019-09-09,6,1,299.03515625,292.879150390625,6.0819244384765625,0.2042388916015625,18.25,91421.546875,269.1356506347656,284.7685546875,292.4716186523437,0.0043410323560237,0.0085395276546478,0.0137902498245239,3.299789428710937,12.839096069335938,12.647628784179688,-0.369049072265625,-0.8635101318359375,-0.3411712646484375
2019-09-09,12,2,299.5722045898437,294.659423828125,3.9417572021484375,0.55401611328125,126.0,91183.765625,270.01336669921875,283.86773681640625,292.8306579589844,0.0034636897034943,0.0096062198281288,0.0139724984765052,4.518646240234375,10.231002807617188,11.229324340820312,0.0955810546875,-1.28485107421875,-0.405792236328125
2019-09-09,18,3,296.34588623046875,293.775390625,3.73443603515625,0.7698974609375,0.0,91451.984375,269.40576171875,284.400390625,290.05645751953125,0.0033266986720263,0.008394505828619,0.013511523604393,4.167526245117188,9.568603515625,12.171371459960938,-1.0974273681640625,-1.885040283203125,-1.566558837890625
2019-09-10,0,0,295.81072998046875,293.392578125,3.230575561523437,1.1988067626953125,3.75,91287.265625,269.7099304199219,284.5793762207031,289.6324462890625,0.0022826781496405,0.0091755166649818,0.0137916691601276,6.4108734130859375,8.185638427734375,11.978195190429688,-4.944244384765625,2.2089080810546875,0.2050933837890625
2019-09-10,6,1,299.14501953125,293.182861328125,4.9187774658203125,1.230438232421875,240.75,91405.609375,269.7403564453125,284.7362670898437,291.936767578125,0.0011761537753045,0.0087802894413471,0.0144568905234336,5.8558197021484375,8.512954711914062,8.232345581054688,-3.351913452148437,3.43145751953125,1.7295379638671875
2019-09-10,12,2,299.54351806640625,295.3388061523437,3.764739990234375,0.8752899169921875,245.0,91137.0625,269.56463623046875,284.0585327148437,293.3006591796875,0.0020697698928415,0.0093772634863853,0.0143887363374233,5.084625244140625,9.336090087890623,9.735061645507812,-2.939117431640625,0.3169097900390625,1.4162445068359375
2019-09-10,18,3,295.9418334960937,293.55078125,3.204193115234375,0.935394287109375,82.5,91501.78125,269.3165588378906,284.23785400390625,291.09521484375,0.0016935463063418,0.0089219473302364,0.0140828527510166,3.681549072265625,6.46417236328125,10.297927856445312,-4.44842529296875,-0.292266845703125,-0.626983642578125
2019-09-11,0,0,295.4958190917969,293.8118896484375,3.2746734619140625,1.136810302734375,67.5,91350.828125,268.85809326171875,283.37945556640625,290.35797119140625,0.0021986167412251,0.0105356685817241,0.013866520486772,3.3056793212890625,7.9494476318359375,10.98797607421875,-6.07232666015625,2.1207733154296875,0.78070068359375
2019-09-11,6,1,298.6000061035156,293.6112060546875,4.8661041259765625,0.9755859375,97.25,91514.046875,268.403564453125,284.07098388671875,291.7716064453125,0.0020683156326413,0.0092769972980022,0.0142484251409769,2.709579467773437,7.311721801757812,8.116943359375,-4.218765258789063,0.2394866943359375,1.2807159423828125
2019-09-11,12,2,298.9652709960937,295.2734375,2.1831817626953125,0.0149078369140625,683.25,91320.796875,268.5302429199219,283.3862609863281,292.5742492675781,0.0036759327631443,0.0098935589194297,0.0144223123788833,3.4241485595703125,6.69012451171875,8.014007568359375,-4.8740234375,-1.75872802734375,-1.5450897216796875
2019-09-11,18,3,295.63287353515625,293.9339904785156,2.677474975585937,0.7615203857421875,122.5,91655.828125,267.91949462890625,282.7815856933594,290.9530944824219,0.0021985007915645,0.009828045964241,0.0142088532447814,2.0980224609375,6.56854248046875,9.099334716796877,-5.13177490234375,-1.2239227294921875,-0.797271728515625
2019-09-12,0,0,294.80615234375,293.3546142578125,1.9783782958984373,1.498748779296875,82.5,91545.609375,267.32672119140625,282.528564453125,290.0136413574219,0.0025994628667831,0.0088726915419101,0.0138130486011505,1.3826751708984375,8.939361572265625,9.710403442382812,-4.010467529296875,-0.492919921875,-0.868560791015625
2019-09-12,6,1,299.26123046875,293.4097900390625,4.6485595703125,0.3296356201171875,60.25,91640.640625,267.4293212890625,283.58367919921875,291.30328369140625,0.0028469869866967,0.0070289336144924,0.0138022489845752,0.23980712890625,9.213333129882812,7.611480712890625,-1.4519805908203125,-0.8022308349609375,0.2392425537109375
2019-09-12,12,2,298.73712158203125,293.95684814453125,3.5233917236328125,-0.4019622802734375,419.0,91411.8125,268.486083984375,282.728759765625,291.7379150390625,0.0042262151837348,0.008967887610197,0.0148286111652851,2.974334716796875,8.5872802734375,9.8331298828125,1.2017059326171875,-1.8921966552734373,-2.3667144775390625
2019-09-12,18,3,294.7547607421875,293.4857788085937,2.4343414306640625,0.7017669677734375,177.5,91706.21875,267.32568359375,283.5252685546875,290.47906494140625,0.0040486305952072,0.0078474376350641,0.0134414844214916,5.7733306884765625,9.148956298828123,9.971328735351562,-2.007476806640625,-1.2835693359375,-2.1545562744140625
2019-09-13,0,0,295.60552978515625,293.739013671875,2.7723846435546875,0.419464111328125,187.25,91589.9375,267.6243896484375,282.84326171875,289.87115478515625,0.0042547583580017,0.0082759577780961,0.0137526467442512,4.9285430908203125,8.446670532226562,10.957427978515623,0.8116455078125,-1.688812255859375,-2.240142822265625
2019-09-13,6,1,299.4819030761719,293.2543029785156,3.685134887695313,-0.75885009765625,217.5,91746.234375,267.9310607910156,283.27117919921875,291.49188232421875,0.0042020455002784,0.0075098499655723,0.0138240046799182,4.3229522705078125,6.472915649414063,5.959274291992188,1.443145751953125,-1.905059814453125,-1.439849853515625
2019-09-13,12,2,299.3550109863281,294.3231201171875,3.165634155273437,0.0533294677734375,643.375,91389.796875,268.5916748046875,283.5583801269531,293.242919921875,0.004435446113348,0.0088554918766021,0.0140920132398605,4.6737060546875,7.5,8.379989624023438,0.7530517578125,-4.45794677734375,-2.66058349609375
2019-09-13,18,3,296.0092163085937,293.8690185546875,2.4256134033203125,0.9240570068359376,277.75,91669.203125,268.2831115722656,283.9593505859375,291.0069580078125,0.0044510923326015,0.0065720453858375,0.014633422717452,4.012298583984375,5.989517211914063,8.483657836914062,-0.7078857421875,-4.223663330078125,-1.768157958984375
2019-09-14,0,0,296.3026733398437,293.2803955078125,2.0803375244140625,-0.94598388671875,54.25,91520.53125,268.0043334960937,283.36688232421875,290.1181640625,0.0046732742339372,0.0069488622248172,0.0140357203781604,4.2003936767578125,5.021697998046875,6.750030517578125,0.81671142578125,-3.696746826171875,-5.3694610595703125
2019-09-14,6,1,299.8309326171875,293.3138122558594,3.3603057861328125,-0.1692352294921875,30.75,91614.5625,269.0405578613281,283.3309936523437,291.9178771972656,0.0042722597718238,0.0072163119912147,0.0138876102864742,2.3878631591796875,5.274993896484375,5.212066650390625,-3.456893920898437,-1.6432342529296875,-0.7122802734375
2019-09-14,12,2,300.5419311523437,295.35479736328125,2.205902099609375,0.1189422607421875,706.25,91313.8125,269.368408203125,283.82183837890625,293.7455444335937,0.0042837932705879,0.008045770227909,0.0141617842018604,0.36822509765625,5.139175415039063,5.63275146484375,-3.279541015625,-2.6163330078125,-0.73651123046875
2019-09-14,18,3,295.9783630371094,293.9570007324219,1.73004150390625,0.7377166748046875,240.75,91664.109375,268.4449462890625,282.9341125488281,291.310302734375,0.0049335174262523,0.0086744725704193,0.0145022459328174,-0.543670654296875,4.547119140625,7.339004516601562,-0.7459716796875,-2.508819580078125,-1.7917022705078125
2019-09-15,0,0,294.90264892578125,293.8581237792969,2.6916046142578125,-0.6705169677734375,44.5,91483.390625,268.3137512207031,283.60028076171875,290.9366149902344,0.0049620857462286,0.0080474503338336,0.0131948702037334,1.666748046875,5.100387573242188,9.669052124023438,-2.62774658203125,-1.4893646240234375,-6.3952178955078125
2019-09-15,6,1,299.184814453125,293.29840087890625,3.7141265869140634,-2.0035400390625,69.25,91551.234375,268.7950439453125,284.3207092285156,292.16168212890625,0.0044236816465854,0.0067550279200077,0.013329729437828,1.5043792724609375,5.298599243164063,6.231170654296875,-3.246856689453125,-3.2584991455078125,-3.68603515625
2019-09-15,12,2,300.0359191894531,295.11529541015625,2.831771850585937,-0.1021270751953125,457.75,91301.484375,268.5263366699219,283.1967163085937,293.75537109375,0.0046933069825172,0.0093286223709583,0.0136492140591144,-0.29608154296875,5.011627197265625,6.1132659912109375,-6.029052734375,-3.564788818359375,-2.3953094482421875
2019-09-15,18,3,295.6026916503906,294.0611572265625,1.65850830078125,-0.2346954345703125,165.75,91588.40625,268.2372436523437,283.139892578125,290.6395568847656,0.0049176476895809,0.0100744664669036,0.0146691724658012,-2.3573455810546875,4.984832763671875,8.304229736328125,-3.569305419921875,-4.121383666992188,-4.0993194580078125
2019-09-16,0,0,295.10015869140625,293.43560791015625,3.1269989013671875,-0.9183502197265624,109.25,91417.890625,268.35968017578125,282.8148803710937,289.808349609375,0.004259418696165,0.0095113106071949,0.0139458626508712,-3.637054443359375,5.7035064697265625,10.760025024414062,-1.9386138916015625,-5.468170166015625,-5.4867706298828125
2019-09-16,6,1,297.7002258300781,293.325439453125,3.094451904296875,-1.0924072265625,607.25,91478.1875,268.76953125,283.638671875,290.8572998046875,0.0048746475949883,0.0093022584915161,0.0134755577892065,-2.4488677978515625,5.854583740234375,9.519424438476562,-3.1435089111328125,-6.8074951171875,-4.615158081054688
2019-09-16,12,2,298.13214111328125,295.25665283203125,3.008392333984375,-0.50152587890625,300.0,91166.015625,268.765625,283.3887939453125,291.4672546386719,0.0048543438315391,0.0096687078475952,0.0143691133707761,-3.048080444335937,5.488937377929688,8.96270751953125,-3.961181640625,-6.4077911376953125,-5.387908935546875
2019-09-16,18,3,294.8440856933594,293.43634033203125,3.46600341796875,-0.9990234375,106.75,91434.296875,268.3890380859375,282.71710205078125,290.23370361328125,0.0034973677247762,0.0103982537984848,0.0138329043984413,-2.3337554931640625,3.236724853515625,11.114425659179688,-2.0952911376953125,-7.82611083984375,-6.073013305664063
2019-09-17,0,0,294.4236755371094,293.4140625,3.301239013671875,0.0611572265625,39.25,91302.375,268.1990661621094,282.7982177734375,289.6259765625,0.0043232887983322,0.0103429928421974,0.0133993029594421,-0.4515533447265625,2.2838287353515625,10.733734130859377,-2.3816375732421875,-5.9202728271484375,-4.78564453125
2019-09-17,6,1,298.25537109375,294.28302001953125,4.2780303955078125,-2.1790771484375,61.0,91387.15625,268.33563232421875,282.96563720703125,291.25421142578125,0.0048386752605438,0.0104526244103908,0.0132745429873466,0.8447265625,4.486114501953125,7.8210906982421875,-1.12567138671875,-6.171646118164063,-5.831787109375
2019-09-17,12,2,298.58795166015625,294.85272216796875,1.711944580078125,-0.034423828125,388.0,91106.421875,269.4886169433594,283.120849609375,292.27099609375,0.0052995402365922,0.0102526023983955,0.0139445923268795,-0.709716796875,3.5477294921875,6.757369995117188,-7.274566650390625,-5.854660034179688,-2.3308258056640625
2019-09-17,18,3,295.3573608398437,294.137939453125,2.842880249023437,-0.0317840576171875,173.25,91291.375,269.058349609375,283.62554931640625,290.84625244140625,0.005684170871973,0.0097832903265953,0.014285460114479,-0.0594329833984375,6.2091217041015625,10.042678833007812,-3.302474975585937,-3.13299560546875,-2.99224853515625
2019-09-18,0,0,295.01788330078125,293.59014892578125,2.853424072265625,-1.0725555419921875,70.25,91232.15625,269.4805908203125,283.0823974609375,290.72723388671875,0.0054549053311347,0.010550819337368,0.0129671096801757,-0.52313232421875,4.652923583984375,9.860198974609377,-3.3125457763671875,-4.68475341796875,-7.81768798828125
2019-09-18,6,1,296.7464904785156,295.1340637207031,2.841552734375,-0.0061187744140625,385.0,91396.71875,269.15728759765625,283.2705383300781,292.02105712890625,0.0052696876227855,0.0091350078582763,0.0122973695397377,2.929412841796875,-1.6957244873046875,7.017135620117188,-5.670913696289063,-5.2545318603515625,-5.897247314453125
2019-09-18,12,2,300.21221923828125,294.5953369140625,1.408660888671875,0.250701904296875,272.5,91141.734375,268.9906616210937,284.22265625,292.844482421875,0.0048164799809455,0.0080475881695747,0.0142272524535655,3.61865234375,1.339263916015625,6.0953521728515625,-1.408447265625,-0.0793914794921875,-0.1941375732421875
2019-09-18,18,3,296.3542175292969,293.85675048828125,1.9010467529296875,0.298583984375,75.25,91376.421875,269.19842529296875,283.86212158203125,291.0390930175781,0.0045923925936222,0.0090378634631633,0.0149455703794956,2.4706268310546875,4.0130615234375,7.317977905273437,-0.03424072265625,0.8250579833984375,-1.69110107421875
2019-09-19,0,0,294.7713317871094,293.66802978515625,2.096664428710937,0.569549560546875,41.0,91297.78125,268.80401611328125,282.99462890625,290.8701171875,0.0050938688218593,0.0101599432528018,0.0137553140521049,2.6934814453125,3.98345947265625,8.257919311523438,4.9395599365234375,1.4573516845703125,-2.828887939453125
2019-09-19,6,1,297.7313232421875,293.7777099609375,2.9325103759765625,0.39373779296875,821.75,91449.125,268.8675537109375,283.2665710449219,291.1380310058594,0.0045289807021617,0.0092233419418334,0.0135957337915897,3.620285034179688,5.377944946289063,6.244171142578125,4.9698486328125,1.97344970703125,-1.1255035400390625
2019-09-19,12,2,297.8988952636719,294.78375244140625,1.9915618896484373,0.4105682373046875,281.5,91170.375,269.1920166015625,284.183837890625,293.1205444335937,0.0046749338507652,0.0093930698931217,0.0143270827829837,6.7404632568359375,5.52044677734375,5.796112060546875,2.445785522460937,1.1821136474609375,1.5061492919921875
2019-09-19,18,3,295.3724060058594,293.8495483398437,1.961639404296875,0.862396240234375,135.25,91528.046875,268.78143310546875,282.6927185058594,290.7731018066406,0.0048545598983764,0.0104331597685813,0.0145110599696636,5.423553466796875,6.567138671875,8.652801513671875,0.71563720703125,2.3665771484375,2.2463531494140625
2019-09-20,0,0,295.2167358398437,293.3623962402344,2.510482788085937,0.410430908203125,3.75,91327.953125,268.30377197265625,284.1465759277344,291.1159362792969,0.004725718870759,0.0087281949818134,0.0130064347758889,6.591522216796875,5.9113616943359375,10.816497802734377,3.199554443359375,2.051055908203125,-0.1096038818359375
2019-09-20,6,1,299.4580078125,293.0440673828125,3.5550079345703125,-0.24444580078125,9.0,91479.203125,269.11639404296875,283.5201416015625,292.094970703125,0.0042118243873119,0.0079936832189559,0.013022419065237,6.42437744140625,6.077178955078125,6.136978149414063,2.1461334228515625,1.356781005859375,-0.474945068359375
2019-09-20,12,2,300.4161682128906,293.41412353515625,1.23675537109375,0.25238037109375,87.375,91223.0625,269.750244140625,283.67144775390625,293.30224609375,0.0035528189036995,0.0090715773403644,0.013416014611721,8.023895263671875,5.392868041992188,4.0769805908203125,2.248748779296875,-0.4255828857421875,-0.2268829345703125
2019-09-20,18,3,296.0152587890625,293.55389404296875,1.659576416015625,0.5860595703125,21.25,91476.25,269.8280029296875,283.1511535644531,291.882568359375,0.002506407443434,0.0092783384025096,0.0141771417111158,5.7039794921875,3.111297607421875,5.0457305908203125,1.018402099609375,0.3138580322265625,-0.3566131591796875
2019-09-21,0,0,295.0384521484375,293.283203125,1.428131103515625,0.320587158203125,0.0,91348.265625,269.20001220703125,283.1700134277344,291.2162780761719,0.003089457983151,0.0086861737072467,0.012736402451992,4.028579711914063,1.4642181396484375,3.0079498291015625,-2.055572509765625,-0.3070526123046875,-0.4976806640625
2019-09-21,6,1,300.4449768066406,293.4481201171875,1.833282470703125,1.088958740234375,0.0,91390.96875,269.8900756835937,283.6290588378906,292.1982727050781,0.00297811627388,0.0083922259509563,0.0134841166436672,1.090301513671875,0.810211181640625,2.462127685546875,-4.103485107421875,0.914947509765625,1.388031005859375
2019-09-21,12,2,301.50634765625,293.7054443359375,0.86773681640625,0.2264404296875,4.25,91128.765625,269.3594970703125,283.75860595703125,294.44940185546875,0.0032714025583118,0.0082070417702198,0.0129000078886747,-1.526580810546875,2.7381134033203125,2.0004119873046875,-2.7598114013671875,0.6008148193359375,0.494873046875
2019-09-21,18,3,296.6414794921875,293.03277587890625,1.672393798828125,0.592041015625,11.375,91457.140625,268.66326904296875,282.906005859375,292.109619140625,0.0035289593506604,0.0090119466185569,0.013694804161787,-2.6740264892578125,1.589630126953125,4.816207885742188,-0.63916015625,0.1277618408203125,-1.313079833984375
2019-09-22,0,0,295.3548583984375,293.03643798828125,1.091461181640625,-0.5168609619140625,17.25,91323.0625,268.09820556640625,283.1529541015625,291.11138916015625,0.0044778287410736,0.0107414051890373,0.0137868337333202,-0.224456787109375,0.154449462890625,2.3882598876953125,0.5566253662109375,-1.312164306640625,-3.3632049560546875
2019-09-22,6,1,299.2821655273437,294.2083740234375,0.689544677734375,-0.7325592041015625,573.0,91499.59375,268.4626770019531,282.92236328125,291.24786376953125,0.0048153698444366,0.0108239874243736,0.0140269137918949,-1.8094329833984373,-1.3496246337890625,-0.5833587646484375,-0.816619873046875,-0.93359375,-2.115097045898437
2019-09-22,12,2,298.189453125,295.5014038085937,0.0666046142578125,-1.2870941162109375,413.75,91231.34375,268.9471130371094,283.40093994140625,292.7592468261719,0.0050126425921916,0.0099823661148548,0.0146276988089084,-1.0864715576171875,-0.1068267822265625,1.2466888427734375,-2.05804443359375,0.255645751953125,-3.116455078125
2019-09-22,18,3,296.4925231933594,295.01287841796875,-0.428863525390625,0.49169921875,513.5,91535.71875,268.54461669921875,282.7596435546875,292.53350830078125,0.0049826614558696,0.0104162245988845,0.0141406878829002,-4.144805908203125,-0.5943603515625,0.692138671875,-3.4546356201171875,-0.1911773681640625,-1.6265869140625
2019-09-23,0,0,295.6733703613281,293.9496459960937,1.0369415283203125,-0.305267333984375,126.25,91381.171875,268.9403991699219,283.333984375,290.94140625,0.004782348871231,0.0098310858011245,0.0141359195113182,-3.042221069335937,-2.1154022216796875,1.9357452392578125,-2.0857391357421875,-3.040191650390625,-3.097885131835937
2019-09-23,6,1,300.592041015625,294.9763488769531,1.036468505859375,-0.892486572265625,611.75,91498.046875,269.59429931640625,282.48260498046875,292.4716796875,0.0035839003976434,0.0099435225129127,0.0146197229623794,-3.797653198242188,-2.9163818359375,0.520904541015625,-2.49530029296875,-2.362579345703125,-2.397705078125
2019-09-23,12,2,299.47393798828125,294.5419616699219,0.052093505859375,-1.35198974609375,809.0,91161.921875,269.4603881835937,283.5067443847656,293.234130859375,0.0046868566423654,0.0103204064071178,0.0153177306056022,-3.1073455810546875,-0.923919677734375,0.9945068359375,-2.6510772705078125,-0.9782257080078124,-3.4647674560546875
2019-09-23,18,3,295.3025207519531,294.3077697753906,0.9933624267578124,-0.75146484375,459.25,91523.71875,268.9867553710937,282.9935302734375,290.9677124023437,0.0047134459018707,0.0100577995181083,0.0151344053447246,-5.1126708984375,-1.09613037109375,2.3176422119140625,-2.7057647705078125,-2.1339569091796875,-3.838714599609375
2019-09-24,0,0,295.17626953125,293.4539489746094,1.4973907470703125,-1.4058074951171875,35.0,91343.5,268.84771728515625,283.06707763671875,290.2091369628906,0.004348412156105,0.0094736963510513,0.014131586998701,-8.870407104492188,-1.9217529296875,3.284027099609375,-0.06658935546875,-2.100128173828125,-5.4579925537109375
2019-09-24,6,1,299.0004577636719,295.1402587890625,0.885162353515625,-1.7830657958984375,83.125,91419.453125,269.11993408203125,283.2694091796875,291.560791015625,0.0041243359446525,0.0091144107282161,0.0144440345466136,-5.32904052734375,-2.730941772460937,0.3386077880859375,3.58770751953125,-1.364044189453125,-2.77490234375
2019-09-24,12,2,298.9579162597656,294.99859619140625,-1.129302978515625,0.8898162841796875,402.0,91130.21875,269.27752685546875,283.7335510253906,292.456787109375,0.0051646865904331,0.0094286799430847,0.0147010870277881,-2.3229522705078125,-1.41448974609375,0.12359619140625,4.455856323242188,1.214324951171875,1.5518951416015625
2019-09-24,18,3,295.7562255859375,294.356201171875,-0.082794189453125,1.3432769775390625,106.25,91457.625,268.86083984375,283.1928405761719,290.9017333984375,0.0051112249493598,0.009593416005373,0.0146667025983333,-3.663726806640625,-0.7048492431640625,1.7950439453125,4.965545654296875,5.578170776367188,4.270751953125
2019-09-25,0,0,295.09820556640625,293.7162475585937,0.3692779541015625,0.516876220703125,119.75,91315.859375,269.16949462890625,282.6809387207031,290.7369689941406,0.0043469797819852,0.0087973549962043,0.0139792263507843,-4.136001586914063,-2.9019317626953125,2.11285400390625,7.519912719726562,4.2802276611328125,3.138214111328125
2019-09-25,6,1,299.9364929199219,295.08013916015625,-1.67108154296875,1.2017364501953125,160.75,91462.65625,268.9257507324219,283.3984069824219,291.5909423828125,0.0049944669008255,0.0098076835274696,0.0139063224196434,-3.7034912109375,-3.5023956298828125,-3.0807647705078125,6.8421478271484375,7.373428344726562,2.3262481689453125
2019-09-25,12,2,297.88134765625,294.7723999023437,-1.009765625,2.2738800048828125,201.75,91257.796875,269.84478759765625,283.5477294921875,291.8980407714844,0.0049471147358417,0.0101474560797214,0.0148844718933105,-4.26116943359375,-1.31219482421875,-2.5572662353515625,6.184616088867188,8.157928466796875,5.545913696289063
2019-09-25,18,3,294.5635986328125,293.5989074707031,-0.5695953369140625,2.13623046875,65.25,91609.875,269.0923156738281,282.997802734375,290.55059814453125,0.0054755620658397,0.0095253773033618,0.0136202946305274,-5.9427642822265625,2.25,2.4172821044921875,5.2082366943359375,6.631149291992188,7.227081298828125
2019-09-26,0,0,294.3570556640625,292.953857421875,-0.4663543701171875,2.046005249023437,0.375,91583.296875,268.72998046875,282.9891967773437,290.1082763671875,0.0044991672039031,0.0096687898039817,0.012422751635313,-3.859451293945313,3.9835205078125,1.92364501953125,11.362335205078123,5.657958984375,7.672470092773437
2019-09-26,6,1,298.9657897949219,293.1332397460937,0.96197509765625,3.5123748779296875,18.625,91776.703125,268.958740234375,282.6620483398437,290.60528564453125,0.0040220022201538,0.0095421597361564,0.0130147859454154,-5.320556640625,3.861297607421875,2.405868530273437,8.02606201171875,10.796035766601562,6.964752197265625
2019-09-26,12,2,300.0184936523437,292.8840026855469,0.6089630126953125,1.7506866455078125,112.0,91574.234375,269.3638916015625,282.96807861328125,292.1809387207031,0.0032177730463445,0.0076648145914077,0.0136323049664497,-6.7843170166015625,0.7430419921875,0.7227325439453125,4.7525482177734375,10.461456298828123,4.6769561767578125
2019-09-26,18,3,296.1468505859375,294.07049560546875,0.2508087158203125,1.3831024169921875,81.5,91919.453125,266.9457397460937,282.84716796875,291.2747497558594,0.0026664980687201,0.0077353790402412,0.0132544226944446,-6.396636962890625,-1.99725341796875,1.3075408935546875,7.515472412109375,10.2403564453125,4.358612060546875
2019-09-27,0,0,296.0098571777344,293.5534973144531,-0.41522216796875,0.69384765625,31.25,91861.59375,266.82537841796875,282.477783203125,290.5039367675781,0.00240807258524,0.008007925003767,0.0132282264530658,-7.75360107421875,-0.6457366943359375,-0.5990753173828125,7.00927734375,7.5191650390625,5.2424163818359375
2019-09-27,6,1,300.4824523925781,293.491943359375,-0.286376953125,1.330230712890625,906.5,92000.15625,268.0472412109375,282.0046081542969,291.19207763671875,0.0016870021354407,0.0084631741046905,0.013792797923088,-7.98333740234375,-2.22113037109375,-0.490814208984375,4.3303070068359375,4.9178619384765625,2.219818115234375
2019-09-27,12,2,299.88409423828125,294.4404296875,0.1081390380859375,0.9141845703125,276.5,91659.765625,268.16717529296875,282.4705810546875,292.8946533203125,0.0017156763933598,0.0078798569738864,0.0134381279349327,-6.632781982421875,-0.136749267578125,-0.4576263427734375,3.644805908203125,3.833831787109375,1.5777587890625
2019-09-27,18,3,295.22607421875,293.71441650390625,-0.6958160400390625,0.7515106201171875,152.25,91989.453125,267.8253173828125,282.01446533203125,290.5111389160156,0.0015296230558305,0.0081169046461582,0.0137686394155025,-7.139175415039063,-2.7087860107421875,-0.321533203125,1.6609039306640625,3.2307586669921875,3.793853759765625
2019-09-28,0,0,295.32781982421875,293.16015625,-0.2872467041015625,0.6194305419921875,0.25,91822.984375,267.33306884765625,282.1103820800781,290.3734741210937,0.0014105208683758,0.0066496096551418,0.0130091421306133,-7.153488159179688,-3.536041259765625,2.10791015625,1.04290771484375,3.981887817382813,0.6528167724609375
2019-09-28,6,1,300.4349365234375,293.6654052734375,-0.781494140625,1.8873443603515625,19.125,91823.34375,267.4374084472656,283.03057861328125,291.73895263671875,0.0017339512705802,0.0063917972147464,0.0132774412631988,-7.791610717773437,-4.220123291015625,-1.3724365234375,-0.2188568115234375,2.423583984375,2.532958984375
2019-09-28,12,2,301.0724182128906,293.3315734863281,-0.6603851318359375,1.0240936279296875,69.75,91514.15625,268.2200012207031,282.8319702148437,293.584228515625,0.0022951422724872,0.0070879459381103,0.0125143714249134,-7.913848876953125,-2.9165191650390625,-1.7465362548828125,-1.5572509765625,2.3468170166015625,2.357330322265625
2019-09-28,18,3,296.65673828125,293.812744140625,-1.5192718505859375,1.754608154296875,110.875,91907.09375,267.15008544921875,281.74395751953125,291.637451171875,0.0027642482891678,0.0071013309061527,0.0127981454133987,-9.705703735351562,-3.460174560546875,-2.6430816650390625,-2.602508544921875,3.1212615966796875,6.3667755126953125
2019-09-29,0,0,295.2169189453125,292.84332275390625,-0.4962615966796875,-0.41278076171875,74.5,91776.859375,267.4357604980469,281.89697265625,290.08331298828125,0.0023069498129189,0.0072130523622035,0.013650257140398,-9.650909423828123,-6.09918212890625,-0.5509033203125,-1.154541015625,2.7535858154296875,3.8918609619140634
2019-09-29,6,1,301.1460266113281,292.24078369140625,-2.236679077148437,2.282806396484375,0.5,91843.578125,268.0028686523437,283.4593200683594,291.7251892089844,0.0019125337712466,0.0051051937043666,0.0126842223107814,-9.688339233398438,-6.8859710693359375,-3.610763549804688,0.1565093994140625,3.535919189453125,3.3301239013671875
2019-09-29,12,2,300.8482666015625,293.3519897460937,-1.64520263671875,0.5269927978515625,2.75,91540.171875,268.4952087402344,283.654541015625,293.49005126953125,0.0030244989320635,0.0057382136583328,0.0124284736812114,-8.952606201171875,-4.601852416992188,-3.975051879882813,1.614959716796875,2.091461181640625,1.0531463623046875
2019-09-29,18,3,296.5999755859375,293.2445068359375,-2.453765869140625,0.9492034912109376,161.125,91854.9375,268.2298583984375,282.2824401855469,292.1375427246094,0.0027287765406072,0.0062501206994056,0.0125118158757686,-9.05218505859375,-4.1851959228515625,-3.510604858398437,2.09674072265625,1.136962890625,0.99993896484375
2019-09-30,0,0,296.1157531738281,294.039306640625,-2.32275390625,1.2308349609375,215.0,91708.65625,267.6770324707031,281.60968017578125,291.5010986328125,0.002846251707524,0.0072790589183568,0.0119231343269348,-7.47869873046875,-5.4161376953125,-5.4992218017578125,1.964111328125,1.563018798828125,2.1113739013671875
2019-09-30,6,1,300.2488708496094,292.1635131835937,-2.6410064697265625,2.6948699951171875,34.0,91873.15625,267.02520751953125,282.8302001953125,291.77618408203125,0.0029663646128028,0.0066216550767421,0.012605994939804,-5.204132080078125,-5.975341796875,-4.121612548828125,3.033660888671875,4.256591796875,4.0312347412109375
2019-09-30,12,2,300.6224060058594,294.3148193359375,-0.301116943359375,1.4482421875,494.5,91449.765625,267.9823608398437,283.3302001953125,293.38848876953125,0.0031349901109933,0.007209088653326,0.0135037004947662,-6.712326049804688,-0.84515380859375,-1.2295074462890625,3.11846923828125,3.400115966796875,3.68402099609375
2019-09-30,18,3,295.8367004394531,294.141845703125,-0.7836456298828125,1.125213623046875,368.0,91811.21875,267.28106689453125,282.096923828125,291.14080810546875,0.003425202332437,0.0082039721310138,0.0140210539102554,-4.802398681640625,0.798919677734375,0.0752716064453125,2.5059814453125,0.7694549560546875,3.7636566162109375
2019-10-01,0,0,295.37158203125,293.2213134765625,1.1581573486328125,1.035858154296875,17.25,91705.28125,267.25653076171875,281.67449951171875,290.84033203125,0.0031996022444218,0.008157230913639,0.0126506835222244,-5.1299896240234375,-0.78790283203125,3.24365234375,0.9466400146484376,0.0688934326171875,1.5115203857421875
2019-10-01,6,1,300.2158508300781,293.60906982421875,1.8208770751953125,0.1248931884765625,806.75,91810.84375,267.70709228515625,282.6968994140625,291.59490966796875,0.0024520626757293,0.007343478500843,0.013709831982851,-4.537261962890625,-2.5792694091796875,2.5868377685546875,1.077606201171875,-0.321380615234375,-0.1088714599609375
2019-10-01,12,2,299.9167785644531,294.0076904296875,0.5784912109375,-0.0456390380859375,1457.25,91486.515625,268.36279296875,282.9637451171875,292.532958984375,0.0019819396547973,0.0081382021307945,0.0149124041199684,-3.9335784912109375,-2.13916015625,0.7867279052734375,0.4815673828125,0.016815185546875,-1.3907318115234375
2019-10-01,18,3,295.5833740234375,293.948974609375,0.908447265625,-0.763824462890625,615.0,91887.3125,267.37945556640625,282.418701171875,290.75897216796875,0.0029042595997452,0.0090911574661731,0.0139839872717857,-3.7415924072265625,-2.694244384765625,-2.0652008056640625,-0.3969879150390625,-0.2083892822265625,-1.7840118408203125
2019-10-02,0,0,294.2872314453125,292.22998046875,1.2336578369140625,-0.76177978515625,152.0,91730.15625,266.8373107910156,282.590087890625,291.9237060546875,0.002660920843482,0.0077724941074848,0.0132573917508125,-3.4752655029296875,-1.0388336181640625,0.3614349365234375,0.540496826171875,-0.2639617919921875,-1.164581298828125
2019-10-02,6,1,301.171875,293.2808837890625,-0.7055206298828125,-0.758697509765625,800.0,91775.015625,267.46026611328125,283.8016662597656,292.40997314453125,0.0016248375177383,0.0069979503750801,0.0141490139067173,-3.0497589111328125,-2.007797241210937,-1.3991546630859375,-0.70611572265625,-0.8648681640625,-1.1210784912109375
2019-10-02,12,2,299.9879150390625,294.4872741699219,-0.2166748046875,-1.6580047607421875,792.75,91500.1875,268.054443359375,283.23394775390625,293.84600830078125,0.0013928806874901,0.0089719034731388,0.0134871006011962,-2.9886627197265625,-1.88873291015625,-1.86419677734375,-0.14208984375,0.187713623046875,-1.9609832763671875
2019-10-02,18,3,295.60321044921875,293.7047119140625,-0.600372314453125,-1.024322509765625,300.0,91781.78125,267.91632080078125,282.2923278808594,292.1504211425781,0.0021497423294931,0.0091562271118164,0.0136865153908729,-3.496612548828125,-3.606399536132813,-4.882415771484375,-0.8573455810546875,-0.5371551513671875,0.4834747314453125
2019-10-03,0,0,295.3365478515625,293.29742431640625,-0.3959503173828125,0.5043792724609375,750.25,91626.75,266.788330078125,282.576904296875,291.6223449707031,0.0021748021245002,0.0084321051836013,0.0144367590546607,-2.67828369140625,-3.6686859130859375,-1.9527130126953125,0.1469268798828125,-0.4084014892578125,2.8277740478515625
2019-10-03,6,1,300.61981201171875,294.0985412597656,0.688995361328125,1.1962432861328125,2055.75,91737.0,267.43182373046875,282.897216796875,291.97662353515625,0.0021198322065174,0.0075267329812049,0.0153671279549598,-5.451995849609375,-3.853317260742188,0.50189208984375,0.428466796875,-1.096282958984375,1.420196533203125
2019-10-03,12,2,299.1156005859375,294.8079833984375,-0.938629150390625,0.0255126953125,887.25,91473.078125,268.0424194335937,283.1399230957031,293.0236511230469,0.0028295591473579,0.007835429161787,0.0138845518231391,-1.1834564208984375,-1.915496826171875,-1.03277587890625,0.4151153564453125,-0.142333984375,1.41845703125
2019-10-03,18,3,295.49090576171875,293.8378601074219,0.1734161376953125,-0.9813690185546876,276.625,91815.6875,267.206787109375,282.0809936523437,291.32647705078125,0.0032962339464575,0.0081258825957775,0.0134933441877365,-1.6082763671875,-1.42266845703125,-0.7843780517578125,-1.242340087890625,-0.4687957763671875,3.161865234375
2019-10-04,0,0,294.4761962890625,292.7852478027344,-0.5563201904296875,0.8788604736328125,250.75,91643.40625,266.325927734375,281.9716491699219,291.09539794921875,0.0040909149684011,0.0082520954310894,0.0133646354079246,-0.26318359375,-1.5,-0.219451904296875,-0.65826416015625,-1.487884521484375,4.6964111328125
2019-10-04,6,1,300.04833984375,293.88250732421875,1.3378143310546875,1.301116943359375,1558.0,91718.453125,267.3375244140625,282.1201171875,291.7705383300781,0.0035045470576733,0.0085621736943721,0.0136114545166492,-3.143768310546875,-3.056015014648437,1.341796875,-2.0438232421875,-2.29864501953125,1.5459747314453125
2019-10-04,12,2,299.0306701660156,294.8183898925781,-0.2412261962890625,-0.5274200439453125,861.75,91416.28125,267.73760986328125,282.63543701171875,293.2890625,0.0028192256577312,0.0085783079266548,0.0138792321085929,-3.67889404296875,-1.0157012939453125,1.8065185546875,-0.785003662109375,1.303680419921875,-0.136932373046875
2019-10-04,18,3,294.9808959960937,293.223876953125,-1.0867156982421875,-0.6651153564453125,422.25,91714.53125,267.0672912597656,282.2625427246094,290.10723876953125,0.0041465163230896,0.0083233416080474,0.0118572190403938,-1.7046051025390625,-2.3800506591796875,0.0425872802734375,-0.3956451416015625,0.687408447265625,-1.7729034423828125
2019-10-05,0,0,294.784912109375,292.740234375,0.3485260009765625,-0.7543792724609375,425.75,91579.203125,266.94793701171875,282.183349609375,291.3865051269531,0.0046214237809181,0.0088393054902553,0.0135742425918579,0.0361175537109375,-2.7922821044921875,-2.5208282470703125,0.3498382568359375,0.781982421875,-3.7604827880859375
2019-10-05,6,1,300.4239501953125,294.5100402832031,-1.1826324462890625,0.9041595458984376,1107.75,91598.296875,267.5522155761719,282.9443664550781,291.6718444824219,0.0041879676282405,0.0075847208499908,0.0146042928099632,-1.5651092529296875,-2.17449951171875,-2.052978515625,0.42987060546875,-1.3571319580078125,0.905364990234375
2019-10-05,12,2,299.0762023925781,294.2204284667969,-0.016815185546875,0.4594573974609375,844.125,91352.40625,268.2025146484375,282.9339599609375,292.4704895019531,0.0039956802502274,0.0078935474157333,0.0141265839338302,-1.7704925537109375,-2.39276123046875,-0.82330322265625,-0.34881591796875,0.9286346435546876,2.617294311523437
2019-10-05,18,3,295.0155639648437,293.1877746582031,0.07659912109375,1.0482177734375,298.875,91668.71875,267.506103515625,282.5260009765625,289.94757080078125,0.0044374563731253,0.0080407187342643,0.0136602818965911,-1.26806640625,-3.759231567382813,-0.7441558837890625,-0.0947265625,1.4105987548828125,3.713333129882813
2019-10-06,0,0,295.5710754394531,293.741943359375,-0.2102813720703125,0.406402587890625,67.0,91556.140625,267.7699584960937,282.2509765625,290.8647766113281,0.0035414260346442,0.0080492682754993,0.0133671909570693,-2.9829559326171875,-2.7667999267578125,1.101593017578125,0.071563720703125,2.5504302978515625,3.407196044921875
2019-10-06,6,1,299.1675720214844,294.3957824707031,0.8851470947265625,0.7772979736328125,1322.875,91707.25,267.49755859375,281.64019775390625,291.61163330078125,0.0029839377384632,0.0083514712750911,0.0129861459136009,-3.337265014648437,-2.1285858154296875,0.170623779296875,2.4171295166015625,1.21923828125,1.693511962890625
2019-10-06,12,2,299.7234191894531,294.73260498046875,0.189483642578125,0.7006072998046875,461.0,91317.5,267.76190185546875,283.45440673828125,293.86444091796875,0.0028586746193468,0.0070540383458137,0.0136227272450923,-1.3273468017578125,-0.0413665771484375,0.1601104736328125,1.39990234375,1.3292083740234375,0.7655487060546875
2019-10-06,18,3,295.9993896484375,294.3074951171875,0.106353759765625,0.8103179931640625,451.0,91653.859375,267.50897216796875,282.6503295898437,291.31494140625,0.0026569738984107,0.0085854679346084,0.0138822719454765,-1.0862579345703125,-0.238861083984375,-0.9378814697265624,0.874176025390625,0.3392333984375,2.19354248046875
2019-10-07,0,0,295.5018920898437,293.3343811035156,0.87982177734375,-0.84613037109375,218.0,91648.015625,267.08935546875,281.85302734375,289.4264831542969,0.0033587666694074,0.0088987424969673,0.0136980712413787,-1.4008331298828125,-1.0045318603515625,0.953704833984375,-0.22381591796875,-0.0142059326171875,2.74847412109375
2019-10-07,6,1,299.4669189453125,294.7890625,0.6602325439453125,0.6066131591796875,920.25,91713.984375,267.92578125,282.23565673828125,290.5799865722656,0.0030757528729736,0.0085844956338405,0.0137809999287128,-2.8480987548828125,-2.4168853759765625,0.1156463623046875,-2.3553466796875,-1.9786529541015625,1.12542724609375
2019-10-07,12,2,298.5813903808594,294.59832763671875,0.2509002685546875,-0.577362060546875,1184.0,91376.296875,268.0577697753906,283.0245361328125,292.6570739746094,0.0037646309938281,0.0081887617707252,0.0146126188337802,-4.385955810546875,-3.07806396484375,1.7443695068359375,-4.825958251953125,-0.0679168701171875,-0.6737823486328125
2019-10-07,18,3,295.19061279296875,293.7059936523437,-1.01055908203125,-0.30133056640625,647.5,91680.21875,267.3559265136719,282.7422790527344,290.7520446777344,0.0033081027213484,0.0075682960450649,0.013924092054367,-3.3319854736328125,-0.78131103515625,-0.2237396240234375,-3.157943725585937,-1.9636993408203125,-2.3533172607421875
2019-10-08,0,0,294.82476806640625,292.7149353027344,0.4493560791015625,0.300140380859375,61.5,91566.203125,267.24468994140625,282.6646728515625,290.31842041015625,0.0034249490126967,0.0074256770312786,0.0133237577974796,-3.1168365478515625,-4.74285888671875,-0.765655517578125,-2.1090850830078125,-0.678497314453125,-1.57525634765625
2019-10-08,6,1,300.282470703125,293.7076110839844,-0.131072998046875,-0.95013427734375,296.5,91627.390625,267.5800170898437,282.6229858398437,291.6512451171875,0.0027652443386614,0.0079522877931594,0.0137187708169221,-4.906585693359375,-2.8770904541015625,-0.3190460205078125,0.729888916015625,-0.4647369384765625,-1.4773406982421875
2019-10-08,12,2,300.046875,294.5121459960937,0.1414794921875,0.276885986328125,1229.0,91387.90625,267.86346435546875,282.742919921875,292.57330322265625,0.0026386140380054,0.0086399838328361,0.0144093409180641,-3.003524780273437,-2.2923736572265625,0.447509765625,0.5521392822265625,0.28387451171875,1.0771942138671875
2019-10-08,18,3,294.88018798828125,293.68798828125,-0.599090576171875,-0.4344940185546875,420.25,91710.59375,267.4285888671875,282.5321655273437,290.90557861328125,0.0036539149004966,0.0092286132276058,0.0139234811067581,-1.250946044921875,-1.727203369140625,1.5537872314453125,1.265106201171875,-1.32952880859375,2.442901611328125
2019-10-09,0,0,294.67138671875,292.82061767578125,0.3748931884765625,-0.03668212890625,27.0,91473.265625,267.8989562988281,282.79901123046875,291.3179016113281,0.0029764326754957,0.0086143836379051,0.0132688581943511,-0.2621917724609375,-1.9869384765625,1.8707275390625,2.1463775634765625,-1.5058441162109375,1.457672119140625
2019-10-09,6,1,300.8726501464844,295.0552673339844,0.9720001220703124,1.747589111328125,999.25,91593.453125,268.3695373535156,282.80047607421875,291.4761657714844,0.0016003006603568,0.008443608880043,0.0143495611846446,0.2491912841796875,-2.5872955322265625,1.1793212890625,1.3199310302734375,0.3109893798828125,2.4574127197265625
2019-10-09,12,2,298.2760925292969,294.81500244140625,-0.1549072265625,-0.48394775390625,283.125,91314.984375,268.2118530273437,282.93170166015625,293.45721435546875,0.0035094602499157,0.0079398117959499,0.0137817971408367,-0.0020294189453125,-0.3973388671875,1.983734130859375,-0.86181640625,1.8083953857421875,0.6213836669921875
2019-10-09,18,3,295.4940185546875,293.97088623046875,-1.3239593505859375,0.5633087158203125,185.625,91655.46875,267.8010559082031,282.431396484375,290.8548278808594,0.0026596419047564,0.0088105089962482,0.0137970466166734,0.194671630859375,-0.7381744384765625,0.1409912109375,1.3419036865234375,1.07403564453125,1.321685791015625
2019-10-10,0,0,295.1455383300781,292.9564819335937,-0.668426513671875,1.3670196533203125,36.5,91460.5625,268.1976928710937,282.74444580078125,291.49774169921875,0.0020177999977022,0.0084269121289253,0.0136639401316642,0.207977294921875,-1.5132598876953125,0.5731964111328125,1.77105712890625,0.8126678466796875,2.659820556640625
2019-10-10,6,1,300.6173095703125,295.4944152832031,-0.2114105224609375,2.2929840087890625,875.5,91644.078125,268.356201171875,281.43475341796875,292.181640625,0.0016507054679095,0.008985448628664,0.0145237296819686,-0.9991607666015624,-2.0941314697265625,-0.5892333984375,2.038803100585937,-0.135498046875,3.18182373046875
2019-10-10,12,2,299.7090148925781,294.8114013671875,-0.6915435791015625,1.1989898681640625,258.75,91347.0,268.7767333984375,283.4444580078125,293.3309326171875,0.0018232301808893,0.0083277337253093,0.0133468471467494,-1.087249755859375,-2.4153594970703125,-1.2570343017578125,0.255279541015625,2.6611328125,3.617767333984375
2019-10-10,18,3,296.31842041015625,294.7491455078125,-0.104461669921875,-0.8362884521484375,246.25,91679.875,268.358154296875,282.80535888671875,290.88775634765625,0.0017142712604254,0.0082029588520526,0.0144219174981117,-2.731903076171875,-2.930023193359375,-0.5153045654296875,2.0889892578125,3.228912353515625,3.274322509765625
2019-10-11,0,0,295.8509826660156,294.074462890625,0.861602783203125,-0.237548828125,138.25,91562.453125,267.45318603515625,282.53082275390625,290.5134582519531,0.0032575973309576,0.0085401609539985,0.0141514763236045,-3.3485870361328125,-1.33734130859375,2.6152496337890625,4.3480987548828125,1.8499908447265625,2.3958892822265625
2019-10-11,6,1,300.62713623046875,294.19903564453125,0.06402587890625,0.06072998046875,495.75,91635.375,268.1937561035156,282.7283020019531,291.91033935546875,0.002732551889494,0.008450049906969,0.013478584587574,-3.5610504150390625,-2.105804443359375,-0.3138580322265625,2.906341552734375,0.8162689208984375,0.3499908447265625
2019-10-11,12,2,300.104736328125,295.1389465332031,-1.02435302734375,0.5774688720703125,787.0,91356.96875,268.75048828125,283.2049560546875,293.1951904296875,0.0023346634116023,0.0084996335208415,0.0139156095683574,-3.98785400390625,-2.760833740234375,-2.907440185546875,2.33660888671875,-0.706451416015625,0.315338134765625
2019-10-11,18,3,296.53204345703125,294.3746643066406,-0.5806732177734375,-0.7194366455078125,268.0,91615.859375,268.257080078125,282.2125244140625,291.6013488769531,0.0033481460995972,0.0093037486076354,0.0136570073664188,-5.3622589111328125,-4.4258575439453125,-3.4678955078125,2.545745849609375,0.3929901123046875,3.393905639648437
2019-10-12,0,0,295.44891357421875,293.3893737792969,-1.741302490234375,0.675872802734375,74.75,91490.234375,267.4377136230469,282.5467224121094,291.02606201171875,0.0036321098450571,0.0088144019246101,0.0137618631124496,-5.656402587890625,-4.638946533203125,-3.8703765869140634,2.59393310546875,0.6432037353515625,3.951019287109375
2019-10-12,6,1,300.71795654296875,293.92291259765625,-1.6535186767578125,0.655914306640625,315.75,91658.484375,268.0023193359375,282.7269287109375,292.3050231933594,0.0039303824305534,0.0085449032485485,0.0138223133981227,-7.21990966796875,-5.897994995117188,-2.639984130859375,3.734786987304688,1.422332763671875,0.7276153564453125
2019-10-12,12,2,300.354736328125,294.5813293457031,-1.579986572265625,0.0803680419921875,66.25,91320.359375,268.4117736816406,283.7777709960937,294.2403564453125,0.0039386926218867,0.0077999047935009,0.0129605010151863,-6.7189788818359375,-4.849822998046875,-4.22711181640625,2.9741973876953125,0.404693603515625,-0.170257568359375
2019-10-12,18,3,296.4871826171875,294.24969482421875,-1.53314208984375,1.3217010498046875,440.0,91719.421875,267.96142578125,282.3144836425781,291.315185546875,0.0036648905370384,0.0087004378437995,0.0145074762403965,-5.65997314453125,-6.3556060791015625,-5.9459991455078125,2.038192749023437,0.1248626708984375,3.49481201171875
2019-10-13,0,0,296.65704345703125,293.95770263671875,-1.5954437255859375,1.0665435791015625,53.75,91548.484375,268.34100341796875,283.037353515625,290.81329345703125,0.0028942336793988,0.0079549551010131,0.013721827417612,-7.0353851318359375,-7.1921234130859375,-7.1131744384765625,1.8213958740234373,0.148223876953125,1.1459808349609375
2019-10-13,6,1,301.1326599121094,293.88653564453125,-2.378524780273437,1.230743408203125,178.75,91682.859375,268.3276062011719,283.5833435058594,292.3648376464844,0.0016286699101328,0.0075582321733236,0.0136153288185596,-9.544662475585938,-8.22479248046875,-3.7183837890625,-0.2947540283203125,0.8242645263671875,1.497711181640625
2019-10-13,12,2,300.1671447753906,294.8648376464844,-1.0298004150390625,-0.3292083740234375,359.25,91413.484375,268.2178955078125,283.0528259277344,293.62799072265625,0.0022773637901991,0.008579209446907,0.0137612149119377,-9.667205810546877,-6.172042846679688,-3.4822998046875,0.5740814208984375,0.5481719970703125,-0.094970703125
2019-10-13,18,3,296.2884521484375,294.1430969238281,-1.589874267578125,0.6015625,269.5,91790.84375,267.4379272460937,282.8463134765625,291.53155517578125,0.0027957169804722,0.0084959417581558,0.0142162814736366,-8.663925170898438,-5.189300537109375,-4.0470123291015625,-0.005584716796875,-2.5752410888671875,1.624237060546875
2019-10-14,0,0,295.9472045898437,293.7628479003906,-0.239837646484375,1.0097198486328125,89.5,91673.09375,267.76910400390625,283.0089111328125,291.0032958984375,0.0022004775237292,0.0074459128081798,0.0140031576156616,-8.46026611328125,-6.0465087890625,-3.215240478515625,-0.3617095947265625,-2.727203369140625,1.3592987060546875
2019-10-14,6,1,301.61407470703125,293.69073486328125,-3.14404296875,-1.09600830078125,318.75,91719.375,267.90240478515625,284.5567626953125,292.9306030273437,0.0018687637057155,0.0056926142424345,0.0136157535016536,-8.499343872070312,-7.88201904296875,-4.9632415771484375,0.0458221435546875,-2.091949462890625,-1.8980865478515625
2019-10-14,12,2,301.2056884765625,293.589111328125,-2.135238647460937,-0.7872314453125,391.0,91397.9375,269.1312255859375,283.8240051269531,294.3707275390625,0.0020524298306554,0.0083502382040023,0.0131940729916095,-9.167495727539062,-6.4975128173828125,-6.726593017578125,-0.4606475830078125,-2.718841552734375,-2.632598876953125
2019-10-14,18,3,297.26141357421875,293.84423828125,-2.6125030517578125,0.4228668212890625,303.5,91660.5,268.3747253417969,283.481201171875,291.5587158203125,0.0030693479347974,0.0088348388671875,0.0147778131067752,-11.539886474609377,-6.052703857421875,-6.95050048828125,-0.0775146484375,-4.029205322265625,-0.783203125
2019-10-15,0,0,296.05108642578125,294.0743408203125,-1.4277801513671875,-0.5750579833984375,141.75,91577.5,267.579345703125,282.47857666015625,291.1070556640625,0.0034017888829112,0.0092302449047565,0.0133371762931346,-11.392898559570312,-7.630126953125,-8.026596069335938,-1.0900726318359375,-3.284149169921875,-1.80908203125
2019-10-15,6,1,300.42236328125,294.71148681640625,-2.907943725585937,-0.462158203125,620.5,91681.171875,268.02618408203125,283.02459716796875,291.85699462890625,0.0033234925940632,0.0090303048491477,0.0145266652107238,-12.297439575195312,-8.69256591796875,-5.46820068359375,0.116363525390625,-1.281463623046875,-0.840362548828125
2019-10-15,12,2,299.1069641113281,295.0453491210937,-1.7239227294921875,-1.7710418701171875,649.25,91400.265625,268.5397644042969,283.18414306640625,292.4241943359375,0.0029705085325986,0.0096227973699569,0.0146347731351852,-11.226547241210938,-6.9156341552734375,-5.801422119140625,-0.729888916015625,-1.9719085693359373,-2.71905517578125
2019-10-15,18,3,295.3790588378906,293.71563720703125,-1.83599853515625,-0.4571533203125,85.0,91706.515625,267.80291748046875,283.0689697265625,291.1366882324219,0.0032024872489273,0.0087156146764755,0.0140900984406471,-10.33056640625,-5.868209838867188,-6.1724700927734375,-1.9630584716796875,-2.796875,-2.8069000244140625
2019-10-16,0,0,295.8070983886719,293.57470703125,-1.13525390625,-1.6226043701171875,1.75,91522.4375,268.030029296875,283.8680114746094,290.97882080078125,0.0040401685982942,0.0081555321812629,0.0132935065776109,-8.25616455078125,-7.095184326171875,-6.315399169921875,-1.3139801025390625,-1.710540771484375,-2.95989990234375
2019-10-16,6,1,299.0615234375,294.6307983398437,-3.16265869140625,-1.63507080078125,467.0,91652.21875,267.879150390625,282.60205078125,291.40252685546875,0.0044273668900132,0.008856676518917,0.0143476575613021,-5.698577880859375,-8.66650390625,-6.346527099609375,-2.4088134765625,-1.1046600341796875,-2.5465240478515625
2019-10-16,12,2,298.6239318847656,293.9928283691406,-2.5194244384765625,-1.015045166015625,147.375,91383.890625,268.4202880859375,284.1077880859375,290.77606201171875,0.0047312192618846,0.008016612380743,0.0145390965044498,-5.4010009765625,-8.60894775390625,-6.444122314453125,-3.2141571044921875,-0.2082366943359375,-1.527435302734375
2019-10-16,18,3,295.32598876953125,293.776611328125,-2.298736572265625,-0.15875244140625,149.0,91678.453125,268.41998291015625,282.84967041015625,290.80572509765625,0.0046921037137508,0.008614107966423,0.0137049593031406,-6.85406494140625,-7.3247528076171875,-8.310943603515625,-0.9705657958984376,0.174224853515625,0.8997650146484375
2019-10-17,0,0,295.4349975585937,293.81689453125,-2.209945678710937,-0.29449462890625,38.625,91563.453125,268.1497802734375,282.54766845703125,290.16021728515625,0.0049454607069492,0.0093539841473102,0.0131342150270938,-7.458526611328125,-6.69744873046875,-8.075897216796875,2.2420806884765625,2.380859375,1.1649017333984375
2019-10-17,6,1,297.5071105957031,294.089111328125,-2.71063232421875,0.2579345703125,321.875,91694.890625,268.409423828125,282.2786865234375,290.4447021484375,0.0050948010757565,0.0093758478760719,0.0141047462821006,-8.384597778320312,-7.826583862304687,-4.734649658203125,4.3350677490234375,3.1478424072265625,0.6743316650390625
2019-10-17,12,2,297.33154296875,294.22216796875,-2.2865447998046875,0.6330718994140625,147.25,91388.15625,268.91552734375,283.161865234375,291.419189453125,0.0049514146521687,0.0100447461009025,0.0134399533271789,-6.6847686767578125,-5.132568359375,-6.871871948242188,6.1744232177734375,3.6537933349609375,2.0350799560546875
2019-10-17,18,3,294.47528076171875,293.32891845703125,-2.205535888671875,1.0074462890625,119.25,91670.78125,268.62811279296875,282.0721740722656,290.6436767578125,0.0044250935316085,0.0097924768924713,0.0134217143058776,-6.604507446289063,-2.743438720703125,-5.202545166015625,5.565963745117188,3.448837280273437,4.42974853515625
2019-10-18,0,0,294.815673828125,293.11065673828125,-2.0840606689453125,0.7300262451171875,0.875,91530.59375,268.1093139648437,282.69879150390625,290.0409545898437,0.0044704228639602,0.0088783800601959,0.0134875699877738,-4.3743743896484375,-2.16583251953125,-3.9100341796875,5.60809326171875,4.74786376953125,5.026412963867188
2019-10-18,6,1,299.427001953125,293.6406555175781,-2.8629302978515625,1.89739990234375,56.125,91660.609375,268.0973205566406,282.7318115234375,291.3084716796875,0.0045171193778514,0.0088026709854602,0.0135955996811389,-5.155197143554688,-3.917556762695313,-4.461883544921875,6.05609130859375,5.4448089599609375,2.6999969482421875
2019-10-18,12,2,298.5484619140625,294.6649169921875,-1.1678009033203125,0.6689453125,108.0,91344.8125,268.4736328125,283.2518920898437,291.87310791015625,0.0043397508561611,0.0088277012109756,0.0132919885218143,-2.974822998046875,-4.0869140625,-3.958099365234375,6.890670776367188,4.587326049804688,3.936676025390625
2019-10-18,18,3,295.03466796875,293.6302490234375,-2.0074005126953125,0.7161712646484375,46.125,91668.625,268.1583251953125,282.2983703613281,290.7469482421875,0.0039319097995758,0.0092497915029525,0.0133352763950824,-1.7827301025390625,-5.572067260742188,-4.9268951416015625,4.98626708984375,4.0613555908203125,3.954025268554688
2019-10-19,0,0,294.5137939453125,293.0869140625,-1.0927734375,0.65521240234375,0.625,91618.875,267.72027587890625,282.9781799316406,290.0914611816406,0.0036715527530759,0.008407387882471,0.0134783089160919,-4.5570831298828125,-4.190231323242188,-2.7245330810546875,5.535430908203125,4.397232055664063,4.294158935546875
2019-10-19,6,1,299.82769775390625,293.0985107421875,-3.6331787109375,1.258392333984375,0.0,91726.671875,268.384521484375,283.029541015625,291.4500732421875,0.0028748766053467,0.0089166471734642,0.0131681114435195,-3.2937469482421875,-5.2630767822265625,-5.8978424072265625,3.620925903320313,4.083511352539063,1.828521728515625
2019-10-19,12,2,298.46112060546875,293.57501220703125,-2.419464111328125,0.10137939453125,146.5,91487.234375,268.0311889648437,283.23614501953125,292.1400146484375,0.0040493067353963,0.0089891590178012,0.0132429786026477,-5.7624053955078125,-4.7565765380859375,-5.710128784179688,2.8658447265625,2.6125640869140625,2.4415435791015625
2019-10-19,18,3,295.2197265625,293.5710754394531,-1.76580810546875,0.3999481201171875,14.625,91693.8125,268.7188415527344,282.7123413085937,291.0374755859375,0.0038066455163061,0.0084659233689308,0.0131342038512229,-6.56903076171875,-4.752532958984375,-3.79461669921875,4.76129150390625,1.98028564453125,1.8400115966796875
2019-10-20,0,0,295.3328857421875,293.4887390136719,-2.0122528076171875,0.284942626953125,5.0,91526.40625,268.14117431640625,283.3602905273437,291.6590881347656,0.004000712186098,0.0082671381533145,0.0125325880944728,-5.6530303955078125,-5.136993408203125,-5.128707885742188,1.76055908203125,2.170166015625,4.1319580078125
2019-10-20,6,1,299.2387084960937,293.2004089355469,-2.0190887451171875,0.893463134765625,24.25,91694.625,268.923828125,282.699462890625,291.194580078125,0.003562253434211,0.0092792585492134,0.0134978927671909,-5.6351165771484375,-6.735443115234375,-3.3050994873046875,2.142852783203125,2.49627685546875,1.203582763671875
2019-10-20,12,2,297.5707092285156,294.7171325683594,-1.7549285888671875,-0.1909942626953125,336.25,91416.75,268.9117431640625,282.7552490234375,291.6925964355469,0.0048945136368274,0.0094396527856588,0.0145660452544689,-6.43182373046875,-4.264404296875,-4.128387451171875,2.759994506835937,1.0243377685546875,0.0394134521484375
2019-10-20,18,3,295.1476135253906,294.27557373046875,-1.6136016845703125,0.5395050048828125,114.0,91631.28125,269.2476806640625,282.5483093261719,290.87176513671875,0.0050456002354621,0.0094404518604278,0.013761106878519,-6.0572052001953125,-5.020431518554688,-5.305679321289063,4.9443206787109375,-0.1511383056640625,1.4719390869140625
2019-10-21,0,0,294.9270324707031,293.75067138671875,-0.969207763671875,-0.43499755859375,167.0,91511.921875,268.671630859375,282.0677490234375,290.558837890625,0.0047963559627532,0.009762093424797,0.0137103050947189,-3.1658172607421875,-5.0821685791015625,-3.108261108398437,5.01275634765625,-0.621429443359375,1.26971435546875
2019-10-21,6,1,297.845458984375,294.0878295898437,-0.751678466796875,-0.934539794921875,341.125,91614.203125,268.69580078125,282.1494140625,291.31414794921875,0.0051036141812801,0.010031808167696,0.0139575153589248,-1.7732086181640625,-5.80963134765625,-2.7986297607421875,3.155853271484375,0.309661865234375,-1.7786712646484375
2019-10-21,12,2,296.9769897460937,294.27740478515625,-0.680084228515625,-0.2193145751953125,276.125,91343.015625,269.4056091308594,283.18658447265625,290.8609619140625,0.0054779052734375,0.0094833225011825,0.0146313030272722,-1.8560638427734373,-3.664306640625,-1.6508941650390625,-2.3203277587890625,-2.345077514648437,-2.7547149658203125
2019-10-21,18,3,294.45281982421875,293.5771789550781,0.314697265625,0.2691192626953125,205.5,91503.390625,268.7065734863281,282.5153503417969,290.4796142578125,0.0052170343697071,0.0099529474973678,0.0141595788300037,-4.7181396484375,-0.4129791259765625,-2.2769012451171875,-4.51953125,-0.372467041015625,-1.350067138671875
2019-10-22,0,0,294.6756591796875,293.2645874023437,1.69482421875,-0.402587890625,74.375,91391.03125,268.7714233398437,282.42779541015625,290.02496337890625,0.0047191251069307,0.009564246982336,0.0139481499791145,-1.616851806640625,3.4480743408203125,2.7070770263671875,-4.1041412353515625,-1.203216552734375,-0.2913818359375
2019-10-22,6,1,296.7364501953125,294.72918701171875,1.99859619140625,-1.34490966796875,210.375,91552.390625,268.20440673828125,282.05438232421875,290.74560546875,0.0046611838042736,0.0093133924528956,0.0136789046227931,1.40899658203125,6.101974487304688,4.334014892578125,-6.052032470703125,-5.087066650390625,-3.2703399658203125
2019-10-22,12,2,296.2352600097656,293.6736755371094,2.5848388671875,-0.110748291015625,258.25,91309.546875,268.77899169921875,282.26776123046875,290.8836975097656,0.005179863423109,0.0093598514795303,0.0140794552862644,6.7510833740234375,6.121307373046875,6.57623291015625,-6.2430572509765625,-4.9736328125,-1.321624755859375
2019-10-22,18,3,294.1261901855469,293.11505126953125,1.7260284423828125,-0.199981689453125,73.625,91504.640625,269.11895751953125,282.79058837890625,290.35906982421875,0.0051657147705554,0.0086449533700943,0.0138295190408825,5.641571044921875,7.347244262695312,7.631484985351562,-4.01727294921875,-7.629592895507812,-2.4394073486328125
2019-10-23,0,0,294.5501708984375,293.1849975585937,2.6727294921875,0.3098907470703125,30.75,91341.25,269.1873779296875,282.45660400390625,290.73419189453125,0.0053013004362583,0.0078901816159486,0.0130559988319873,5.4122314453125,6.888580322265625,10.330902099609377,-3.6774749755859375,-6.5446624755859375,-0.0660247802734375
2019-10-23,6,1,297.6856689453125,294.42254638671875,4.2464752197265625,0.85943603515625,186.625,91424.03125,268.7318725585937,283.5054931640625,291.669677734375,0.005543079227209,0.0080101042985916,0.0124904997646808,3.69732666015625,7.3969879150390625,9.145416259765623,-4.204071044921875,0.3050994873046875,-0.1628875732421875
2019-10-23,12,2,297.7099609375,294.00946044921875,2.262420654296875,0.0623931884765625,200.5,91200.96875,269.0514221191406,282.5370483398437,291.9842529296875,0.0053280051797628,0.0097148306667804,0.0128691904246807,4.250579833984375,6.6392974853515625,9.722320556640623,-4.3495025634765625,-0.2632293701171875,-1.0166015625
2019-10-23,18,3,294.49822998046875,292.7373962402344,1.197174072265625,0.4024200439453125,38.5,91479.03125,268.4115600585937,282.80255126953125,290.75750732421875,0.0049485526978969,0.0102430321276187,0.0128107294440269,4.0569610595703125,5.826324462890625,8.275192260742188,-2.141815185546875,-1.1962890625,-1.824615478515625
2019-10-24,0,0,294.6260986328125,293.2147827148437,3.518035888671875,2.44012451171875,74.625,91396.5625,268.3017578125,282.51043701171875,289.71356201171875,0.0048928819596767,0.0093917921185493,0.0135312937200069,3.82159423828125,12.781021118164062,14.590682983398438,-0.4521026611328125,3.206268310546875,7.823150634765625
2019-10-24,6,1,298.10272216796875,293.91729736328125,3.806915283203125,3.3128204345703125,2.5,91556.25,268.41510009765625,283.1588439941406,289.7754821777344,0.004942599684,0.0082414224743843,0.0133759342133998,3.1790008544921875,11.72491455078125,6.809661865234375,2.1362457275390625,5.7088623046875,4.8574066162109375
2019-10-24,12,2,298.62158203125,292.80206298828125,1.909271240234375,1.747467041015625,101.5,91341.234375,268.4241943359375,282.187255859375,291.9051513671875,0.0045792832970619,0.0094372779130935,0.0132302902638912,5.541595458984375,11.836044311523438,6.551315307617188,-0.522247314453125,4.428390502929688,5.804214477539063
2019-10-24,18,3,294.5679931640625,292.1922607421875,2.3138427734375,1.7385711669921875,0.0,91589.84375,268.58758544921875,282.95831298828125,290.655029296875,0.0042350329458713,0.0089499950408935,0.0119698643684387,0.7468109130859375,10.415740966796877,9.50531005859375,2.719970703125,5.40191650390625,8.396392822265625
2019-10-25,0,0,294.55828857421875,292.24346923828125,2.6760711669921875,3.434814453125,0.125,91369.375,268.48162841796875,283.33856201171875,289.0755920410156,0.004193864762783,0.0082190446555614,0.0126453191041946,-3.4093780517578125,12.193817138671877,12.431640625,4.8124847412109375,9.396926879882812,12.093338012695312
2019-10-25,6,1,299.109375,292.41217041015625,3.1104736328125,4.273406982421875,32.625,91518.0625,268.0712280273437,283.4356689453125,290.991455078125,0.0041200257837772,0.0076595973223447,0.0126094222068786,-0.1338653564453125,9.292510986328123,9.54986572265625,6.038589477539063,7.650741577148437,9.048202514648438
2019-10-25,12,2,296.497314453125,291.7911682128906,1.82666015625,2.68304443359375,9.5,91346.53125,268.548828125,282.45770263671875,290.978515625,0.0043919086456298,0.0088736414909362,0.0118260718882083,2.60443115234375,8.9210205078125,7.190948486328125,7.5626220703125,7.306320190429687,9.699417114257812
2019-10-25,18,3,293.6114501953125,292.2677001953125,0.9423370361328124,1.5944976806640625,4.25,91557.3125,267.9456481933594,282.9974670410156,290.9453125,0.0050430744886398,0.0091923959553241,0.0117990262806415,0.4615631103515625,7.598281860351562,4.719024658203125,6.535903930664063,8.713165283203125,8.52734375
2019-10-26,0,0,293.72296142578125,292.5972595214844,0.6363677978515625,1.8481292724609373,8.25,91409.859375,268.19683837890625,283.0878295898437,290.48565673828125,0.0047462517395615,0.0090714767575263,0.0121576376259326,-0.23907470703125,6.763442993164063,7.841690063476562,6.100128173828125,8.540878295898438,9.753646850585938
2019-10-26,6,1,298.0595703125,292.9525146484375,1.0335693359375,3.225570678710937,13.75,91707.84375,267.7139892578125,282.243896484375,290.502197265625,0.0044242404401302,0.0087858811020851,0.0123245082795619,1.9457550048828125,3.481903076171875,4.0557403564453125,5.10107421875,8.434417724609375,6.5186309814453125
2019-10-26,12,2,297.5223693847656,293.8095092773437,2.08782958984375,1.6100616455078125,290.25,91449.90625,268.1620483398437,281.9581298828125,290.93463134765625,0.0045140087604522,0.0096186213195323,0.0133949927985668,1.96197509765625,4.3891448974609375,4.281707763671875,4.9168701171875,5.3083038330078125,4.33258056640625
2019-10-26,18,3,294.1110534667969,293.25604248046875,2.040557861328125,1.1486663818359375,7.625,91662.984375,267.8959350585937,282.43048095703125,290.74041748046875,0.004533439874649,0.0094157643616199,0.0109740905463695,0.225250244140625,-1.6146087646484375,8.072158813476562,2.380340576171875,4.584503173828125,6.476898193359375
2019-10-27,0,0,293.8677978515625,291.3468017578125,0.70843505859375,0.74884033203125,0.0,91549.125,267.4935913085937,281.503173828125,291.3857421875,0.0045107547193765,0.0092994011938571,0.0113114342093467,-3.6266021728515625,-2.973983764648437,5.9290313720703125,6.00347900390625,3.4260406494140625,3.984664916992188
2019-10-27,6,1,299.6816711425781,293.18231201171875,1.299560546875,0.8199615478515625,116.375,91728.15625,268.1029663085937,281.3267822265625,291.5974426269531,0.0038768427912145,0.0089191459119319,0.0114975459873676,-2.112518310546875,-2.6459197998046875,3.13970947265625,7.37005615234375,2.745819091796875,2.217559814453125
2019-10-27,12,2,298.8232421875,293.14190673828125,-0.010589599609375,0.5306396484375,400.25,91473.0,267.472412109375,282.0687866210937,292.080810546875,0.0038155682850629,0.008937332779169,0.0131947323679924,-6.0709381103515625,-2.6742095947265625,1.900909423828125,4.280792236328125,2.41339111328125,1.6069183349609375
2019-10-27,18,3,294.60845947265625,293.19891357421875,-0.2133941650390625,-0.815155029296875,160.375,91729.3125,267.3681640625,282.1366577148437,290.58819580078125,0.0035504607949405,0.0088353268802165,0.0138778835535049,-7.905242919921875,-4.33978271484375,2.1507720947265625,2.67620849609375,2.27093505859375,-1.1431732177734375
2019-10-28,0,0,294.8917541503906,292.91314697265625,-1.781524658203125,-0.2113189697265625,147.5,91623.75,266.59674072265625,281.6771240234375,291.25274658203125,0.0034448667429387,0.0091057047247886,0.0133708417415618,-11.151077270507812,-5.24310302734375,-3.968963623046875,2.7430419921875,-0.8856201171875,-0.9137725830078124
2019-10-28,6,1,299.6107788085937,294.0780639648437,-3.352890014648437,-0.111968994140625,1300.125,91676.15625,267.6806640625,282.402099609375,291.3930053710937,0.0028432705439627,0.0080500617623329,0.0145285241305828,-11.62384033203125,-9.91656494140625,-6.599868774414063,2.326446533203125,-0.78466796875,-0.46746826171875
2019-10-28,12,2,299.2425537109375,293.3136291503906,-1.766357421875,1.853729248046875,161.0,91455.671875,267.95660400390625,282.86163330078125,291.7820739746094,0.0031370120123028,0.0059594362974166,0.0135983861982822,-12.434967041015623,-9.364654541015623,-6.4537353515625,-0.6154327392578125,-1.3651885986328125,2.103424072265625
2019-10-28,18,3,295.5081787109375,293.896728515625,-1.742279052734375,-0.7406005859375,0.0,91662.171875,268.08544921875,282.4522399902344,291.5066833496094,0.0016174691263586,0.0067075453698635,0.0116570740938186,-13.364517211914062,-12.154144287109377,-7.226104736328125,2.442413330078125,0.147003173828125,-2.683441162109375
2019-10-29,0,0,294.56365966796875,292.92803955078125,-1.66412353515625,-1.1283416748046875,0.0,91551.859375,267.6302490234375,282.52734375,290.946044921875,0.0022612465545535,0.0078542083501815,0.0119375176727771,-10.826675415039062,-10.931076049804688,-9.082733154296877,1.3874969482421875,-1.221771240234375,-2.4683074951171875
2019-10-29,6,1,298.192626953125,293.226806640625,-4.06390380859375,-1.1558837890625,24.375,91729.5,268.00146484375,281.96466064453125,289.87744140625,0.0039680325426161,0.008799772709608,0.0134209096431732,-10.150527954101562,-13.801864624023438,-10.429763793945312,1.3614959716796875,-0.5281829833984375,-1.9724273681640625
2019-10-29,12,2,297.0169677734375,293.16998291015625,-3.6063079833984375,-0.6262664794921875,23.75,91388.65625,268.6852722167969,283.264404296875,290.3895874023437,0.0049101524055004,0.0079504922032356,0.0131196305155754,-10.459671020507812,-12.542221069335938,-9.78826904296875,-2.8291778564453125,1.089263916015625,-1.004119873046875
2019-10-29,18,3,293.64697265625,292.4240417480469,-3.321563720703125,-0.1007080078125,6.25,91669.40625,268.7694702148437,282.16845703125,289.5854797363281,0.0048199295997619,0.0088439099490642,0.0126774199306964,-10.792236328125,-10.700347900390623,-11.114654541015623,-0.8386383056640625,3.03936767578125,1.4700775146484375
2019-10-30,0,0,294.52764892578125,292.3048095703125,-2.56195068359375,-0.94293212890625,5.125,91501.953125,267.59820556640625,282.80255126953125,289.2518920898437,0.004844844341278,0.0092453770339488,0.0132046565413475,-11.946151733398438,-9.513778686523438,-9.794677734375,5.241256713867188,8.142288208007812,2.027816772460937
2019-10-30,6,1,296.8731384277344,295.6878967285156,-4.361053466796875,-0.5863189697265625,381.0,91617.296875,268.45965576171875,282.432373046875,289.8862609863281,0.0046152397990226,0.008781399577856,0.0138265118002891,-5.7139434814453125,-8.032760620117188,-11.957473754882812,9.4844970703125,10.650100708007812,5.1509857177734375
2019-10-30,12,2,295.5941467285156,293.484130859375,-4.36456298828125,1.205535888671875,93.25,91358.9375,268.5360107421875,283.0187683105469,290.29119873046875,0.0050436854362487,0.0101798214018344,0.0142670907080173,-4.9486846923828125,-7.140380859375,-12.040542602539062,8.487289428710938,9.989715576171877,5.6017608642578125
2019-10-30,18,3,293.9437255859375,293.116455078125,-4.4010009765625,1.386993408203125,67.875,91575.75,268.0980529785156,282.7319641113281,290.39190673828125,0.0047843176871538,0.0093901231884956,0.0137742422521114,-1.6366119384765625,-4.3099212646484375,-8.330856323242188,6.835052490234375,13.255416870117188,8.051010131835938
2019-10-31,0,0,294.3770751953125,292.985107421875,-4.218231201171875,2.6007080078125,14.75,91406.234375,267.75396728515625,283.49774169921875,289.64080810546875,0.0044391574338078,0.0088271722197532,0.0134062059223651,-2.057479858398437,-2.50115966796875,-8.620559692382812,7.774566650390625,13.09375,10.786590576171877
2019-10-31,6,1,298.34552001953125,293.1806030273437,-2.58587646484375,4.435317993164063,91.5,91582.84375,267.81170654296875,282.8026123046875,290.67236328125,0.0042708599939942,0.0092794187366962,0.0137386210262775,-2.4394073486328125,-1.292144775390625,-3.742401123046875,9.112655639648438,11.59234619140625,8.770599365234375
2019-10-31,12,2,297.251953125,293.9342041015625,-0.8319244384765625,2.20721435546875,180.25,91382.453125,268.5438232421875,282.5457763671875,291.092529296875,0.004837330430746,0.0093549489974975,0.0130256675183773,-1.60723876953125,0.62127685546875,0.447296142578125,6.968597412109375,11.891830444335938,7.3564910888671875
2019-10-31,18,3,293.8117370605469,292.6332397460937,1.1163482666015625,1.6198883056640625,7.75,91683.34375,268.010498046875,283.00537109375,289.5481872558594,0.0048113353550434,0.0083871893584728,0.0106938742101192,-4.481735229492188,0.0243682861328125,8.32208251953125,5.81256103515625,10.865707397460938,7.967605590820312
2019-11-01,0,0,293.34039306640625,291.1923828125,-0.911407470703125,-0.09405517578125,3.0,91503.25,267.67547607421875,283.2960205078125,291.5316772460937,0.0041551403701305,0.0093734767287969,0.0084611289203166,-2.18597412109375,-1.191741943359375,3.408111572265625,8.124176025390625,10.627700805664062,5.737319946289063
2019-11-01,6,1,300.9902648925781,290.5986022949219,-0.8284912109375,1.5113525390625,0.0,91649.140625,268.3910522460937,282.2528076171875,292.01422119140625,0.0034046717919409,0.0090016014873981,0.0116407163441181,-3.4673614501953125,1.6231842041015625,-1.6025390625,4.642852783203125,6.306121826171875,2.096527099609375
2019-11-01,12,2,299.1259460449219,292.9205322265625,-0.98333740234375,0.6615753173828125,166.375,91444.765625,268.7698974609375,282.32183837890625,292.08935546875,0.002124136313796,0.0082128420472145,0.0121373124420642,-5.34521484375,1.0049896240234375,0.6855316162109375,2.37957763671875,3.086517333984375,0.9893035888671876
2019-11-01,18,3,294.971435546875,293.2781677246094,-2.1104736328125,0.7002410888671875,0.0,91647.09375,267.768798828125,282.3656005859375,291.5836181640625,0.0022626738063991,0.0086682997643947,0.0120916366577148,-5.3722991943359375,-2.9769744873046875,-0.7817230224609375,1.86517333984375,2.287704467773437,1.624053955078125
2019-11-02,0,0,295.1348571777344,293.1102905273437,-1.525543212890625,0.6942596435546875,0.0,91624.40625,267.42645263671875,282.6734619140625,290.9838562011719,0.0029096936341375,0.0083334520459175,0.0122662633657455,-5.57391357421875,-4.3359222412109375,-1.526123046875,1.2532196044921875,3.726882934570313,1.4172515869140625
2019-11-02,6,1,300.10565185546875,293.2524108886719,-1.874359130859375,1.5557861328125,64.375,91713.4375,267.07537841796875,282.2225646972656,291.28570556640625,0.0025266711600124,0.0076982267200946,0.0134071819484233,-6.37518310546875,-5.032485961914063,-2.878936767578125,0.6980743408203125,3.1362457275390625,2.1907501220703125
2019-11-02,12,2,299.96905517578125,293.130126953125,-1.0207672119140625,0.7154693603515625,178.75,91497.53125,268.14044189453125,283.27471923828125,292.9410400390625,0.001531935064122,0.0065375491976737,0.0131877064704895,-7.0684356689453125,-3.0023193359375,-2.4768524169921875,0.236114501953125,0.422821044921875,0.4703521728515625
2019-11-02,18,3,295.6396484375,293.3658447265625,-1.12554931640625,-0.5707244873046875,112.5,91809.15625,267.67901611328125,282.26434326171875,291.552490234375,0.0010247703175991,0.0068425759673118,0.0134313404560089,-8.60223388671875,-3.832839965820313,-3.9256591796875,2.0453033447265625,-0.9386749267578124,0.6602020263671875
2019-11-03,0,0,295.3720092773437,293.4759521484375,-1.4322357177734375,0.0688018798828125,55.375,91744.4375,267.888916015625,282.50323486328125,290.8098449707031,0.0014807695988565,0.0051374845206737,0.0133388973772525,-7.66546630859375,-5.014190673828125,-4.2960052490234375,-0.6707000732421875,-2.1864471435546875,-0.5369110107421875
2019-11-03,6,1,300.47052001953125,292.15338134765625,-2.815948486328125,-0.8066864013671875,0.0,91808.609375,267.884521484375,283.12677001953125,291.4237976074219,0.0014793605078011,0.0045850351452827,0.0126917287707328,-8.338760375976562,-7.573394775390625,-4.40728759765625,-2.0556182861328125,-0.295562744140625,-1.3502197265625
2019-11-03,12,2,300.2935485839844,292.31787109375,-1.1044158935546875,-1.0807952880859375,3.625,91589.84375,268.56610107421875,282.97662353515625,293.3917236328125,0.00154390768148,0.0050443038344383,0.0115052983164787,-9.589279174804688,-4.7525787353515625,-3.7501220703125,-0.234375,-1.15167236328125,-2.556747436523437
2019-11-03,18,3,294.3041687011719,291.9441833496094,-1.797088623046875,-0.2609100341796875,6.25,91909.671875,267.5426025390625,282.4571533203125,291.32086181640625,0.0014839319046586,0.0045079514384269,0.0125246718525886,-9.8529052734375,-5.0276641845703125,-3.728179931640625,-0.74627685546875,-2.531982421875,-0.1425323486328125
2019-11-04,0,0,293.388916015625,291.4791259765625,-1.2272796630859375,-0.870941162109375,38.25,91853.265625,267.1514892578125,281.906982421875,291.7091064453125,0.0014540427364408,0.006435465067625,0.0106373392045497,-9.397872924804688,-6.10748291015625,-0.9464111328125,2.2066192626953125,-3.052001953125,-4.3515472412109375
2019-11-04,6,1,301.0380249023437,290.41534423828125,-2.447250366210937,-1.0471343994140625,0.0,91869.40625,267.83282470703125,282.71319580078125,292.3271484375,0.0011405206751078,0.007828090339899,0.0106158331036567,-7.296234130859375,-6.860763549804688,-3.9549713134765625,1.50115966796875,-3.99322509765625,-1.7508087158203125
2019-11-04,12,2,300.52801513671875,292.7388916015625,-1.092987060546875,-0.7954559326171875,16.625,91606.921875,268.46905517578125,282.6144714355469,294.170654296875,0.001038963207975,0.0082310959696769,0.0106686167418956,-6.18310546875,-5.1764984130859375,-3.00799560546875,-0.49908447265625,-4.8228607177734375,-1.467376708984375
2019-11-04,18,3,295.2803955078125,291.21600341796875,-1.575439453125,-0.3629302978515625,0.0,91825.359375,267.50799560546875,282.129150390625,291.97930908203125,0.0011268737725913,0.007319800555706,0.0118483938276767,-6.3736419677734375,-7.171798706054688,-3.80560302734375,-0.6485595703125,-4.0276947021484375,0.925537109375
2019-11-05,0,0,293.55743408203125,290.7735595703125,-0.9244232177734376,-1.336212158203125,0.0,91664.5,267.7591552734375,282.21612548828125,291.7576904296875,0.0010267137549817,0.0067740865051746,0.0112710073590278,-6.577392578125,-6.19769287109375,-0.1705322265625,0.257476806640625,-4.947189331054688,-3.96051025390625
2019-11-05,6,1,300.99542236328125,292.2669677734375,-1.5651702880859375,-2.606185913085937,59.25,91687.28125,267.48297119140625,283.6520690917969,292.4000244140625,0.0010391979012638,0.0060338899493217,0.0128226391971111,-4.78118896484375,-5.597564697265625,-2.66705322265625,0.518280029296875,-3.294662475585937,-3.867355346679688
2019-11-05,12,2,299.88116455078125,293.30096435546875,-0.954742431640625,-0.94793701171875,267.625,91437.5625,267.8799743652344,283.32916259765625,293.52618408203125,0.00107814790681,0.0070613361895084,0.0130731463432312,-4.4619903564453125,-2.242279052734375,-3.5440826416015625,-0.7278900146484375,-3.163558959960937,-2.882431030273437
2019-11-05,18,3,295.4731750488281,292.614501953125,-1.2534027099609375,-0.6450042724609375,127.125,91672.296875,267.3712158203125,282.8306579589844,292.2896423339844,0.0010767634958028,0.0066476725041866,0.0131866559386253,-2.539337158203125,-1.8678436279296875,-3.7846832275390634,-0.7510528564453125,-3.618499755859375,0.5916748046875
2019-11-06,0,0,294.015380859375,291.5813293457031,-1.494049072265625,-0.2405853271484375,9.125,91485.5625,267.385986328125,282.8343505859375,291.5079345703125,0.0009636422619223,0.0067361332476139,0.0127184875309467,-0.9079742431640624,-2.308837890625,0.3383026123046875,-0.4609375,-5.538116455078125,-0.5688018798828125
2019-11-06,6,1,300.4732666015625,292.02252197265625,0.232879638671875,-1.4218902587890625,21.625,91533.46875,267.5341186523437,282.91229248046875,292.26708984375,0.0009914082475006,0.007864523679018,0.0129838548600673,-1.71759033203125,-1.3043975830078125,0.299285888671875,-2.1441802978515625,-4.043701171875,-2.1907196044921875
2019-11-06,12,2,300.4193725585937,294.481201171875,-0.3969268798828125,-1.4732513427734375,85.875,91296.921875,267.60040283203125,282.8173828125,293.8764038085937,0.0009177813772112,0.0076673403382301,0.012306772172451,0.6935272216796875,0.707763671875,-0.652679443359375,-3.26171875,-3.4777984619140625,-2.42938232421875
2019-11-06,18,3,295.7960205078125,293.4685974121094,-0.4185943603515625,0.497467041015625,102.125,91603.9375,267.2953491210937,281.84014892578125,291.140625,0.0008583571761846,0.0081716030836105,0.0130208544433116,0.8360595703125,-1.2205810546875,-2.8923492431640625,-2.4522857666015625,-3.5649566650390625,1.4742584228515625
2019-11-07,0,0,294.93780517578125,292.38336181640625,0.4619140625,-1.18292236328125,35.375,91432.296875,268.27557373046875,282.249755859375,290.7126159667969,0.0006135033909231,0.0082257650792598,0.013081019744277,1.0630340576171875,0.997100830078125,1.4986572265625,-0.0837249755859375,-4.98406982421875,-0.677001953125
2019-11-07,6,1,300.515869140625,293.377197265625,0.59515380859375,-1.3415374755859375,81.0,91524.328125,267.89605712890625,282.9703369140625,291.904052734375,0.0005922762211412,0.0077398940920829,0.0135102719068527,-0.1735992431640625,2.296630859375,0.6626739501953125,-1.825408935546875,-5.40264892578125,-1.9373931884765625
2019-11-07,12,2,299.60467529296875,293.1522827148437,0.80078125,-0.881988525390625,409.0,91324.90625,267.95318603515625,282.832275390625,293.3011169433594,0.0015394787769764,0.0082922764122486,0.0128757581114768,0.7423095703125,2.1607208251953125,2.1333465576171875,-2.65185546875,-6.0775146484375,-3.9013824462890634
2019-11-07,18,3,295.57330322265625,293.3587646484375,0.9165496826171876,-0.3431243896484375,121.75,91574.78125,267.5496826171875,282.16131591796875,290.9779357910156,0.0032975629437714,0.0084479860961437,0.0131967924535274,2.280120849609375,-0.0252838134765625,-0.7595672607421875,-2.2549591064453125,-6.50225830078125,-4.2528228759765625
2019-11-08,0,0,295.0243225097656,293.26300048828125,1.68267822265625,-0.7682342529296875,67.875,91543.578125,267.54119873046875,281.8893737792969,290.582275390625,0.0046122968196868,0.0088034532964229,0.0131639130413532,2.532440185546875,-0.889068603515625,-0.073516845703125,-3.51470947265625,-3.454818725585937,-2.599639892578125
2019-11-08,6,1,299.65753173828125,293.67779541015625,0.740631103515625,-1.4903564453125,403.375,91621.890625,268.35528564453125,282.80108642578125,290.9166259765625,0.0040433481335639,0.0076599456369876,0.0138771049678325,2.3508453369140625,-1.2480316162109375,0.7146759033203125,-0.6279144287109375,-2.916976928710937,-2.13104248046875
2019-11-08,12,2,299.35894775390625,294.3002319335937,0.5084075927734375,-0.886444091796875,578.875,91376.953125,268.536376953125,283.23077392578125,293.3171081542969,0.0039724968373775,0.0076706539839506,0.0136583633720874,2.13177490234375,-0.5079498291015625,0.665283203125,-2.322494506835937,-3.8067779541015625,-3.407333374023437
2019-11-08,18,3,295.62042236328125,293.4134826660156,0.800628662109375,0.3664398193359375,281.5,91673.234375,268.0247802734375,282.5196533203125,291.06280517578125,0.0025888294912874,0.0076460465788841,0.0139860734343528,-0.96588134765625,-0.76092529296875,-0.1955413818359375,-2.779998779296875,-3.5735626220703125,-3.0350341796875
2019-11-09,0,0,294.743408203125,292.946533203125,0.2158203125,-0.8125,111.375,91584.625,268.3573608398437,281.8145751953125,290.3175048828125,0.0013285360764712,0.0086202397942543,0.013585727661848,-1.7163543701171875,0.94818115234375,-0.45489501953125,-1.7664947509765625,-2.987884521484375,-4.3353271484375
2019-11-09,6,1,300.3334350585937,293.04156494140625,-0.8022003173828125,-2.6975860595703125,1.25,91618.796875,268.9999389648437,282.7225341796875,291.86968994140625,0.0006050823722034,0.0083596184849739,0.0133123323321342,-2.7556610107421875,-0.16363525390625,-1.4557952880859375,0.457244873046875,-1.4908599853515625,-4.131195068359375
2019-11-09,12,2,300.105224609375,293.9368591308594,-0.6274871826171875,-1.089599609375,112.5,91403.265625,269.046875,282.8441772460937,293.1396179199219,0.0008212870452553,0.0084232613444328,0.0127947814762592,-2.53955078125,-0.270172119140625,-1.9388427734375,-1.1040802001953125,-2.79522705078125,-3.070526123046875
2019-11-09,18,3,295.6781005859375,293.5421447753906,-0.63287353515625,0.7923736572265625,28.0,91715.796875,268.4785461425781,282.0552978515625,291.310791015625,0.0006119548343122,0.0085746832191944,0.0132313296198844,-4.5666351318359375,-1.437896728515625,-2.332000732421875,-1.7918243408203125,-2.328582763671875,-1.4125823974609375
2019-11-10,0,0,295.2239074707031,293.4566955566406,-0.6474761962890625,0.5829010009765625,12.75,91566.765625,268.6575622558594,282.4906616210937,291.0614318847656,0.0006009778007864,0.0083681568503379,0.0134619064629077,-6.9757232666015625,-0.2028045654296875,-3.280914306640625,0.02752685546875,-0.6771240234375,-3.0906219482421875
2019-11-10,6,1,300.0210876464844,292.230224609375,-1.8155059814453125,-1.5155487060546875,0.0,91631.0625,268.8642272949219,283.5502319335937,292.1581726074219,0.0006932460237294,0.0054842978715896,0.0131542198359966,-7.64654541015625,-0.155517578125,-2.86767578125,1.2138214111328125,-2.569488525390625,-2.2580108642578125
2019-11-10,12,2,300.3461608886719,292.38104248046875,-0.7259521484375,-0.911041259765625,13.25,91404.921875,268.50445556640625,282.4914855957031,293.6650695800781,0.0006652215961366,0.0067493468523025,0.0123246125876903,-5.7467803955078125,-1.40118408203125,-2.4053955078125,2.49835205078125,-2.93560791015625,-1.9264373779296875
2019-11-10,18,3,294.92535400390625,292.6123962402344,-1.0803985595703125,-0.5680694580078125,38.5,91666.78125,268.8438415527344,282.1861572265625,290.884033203125,0.0006187469698488,0.007090289145708,0.0131140910089015,-6.518844604492188,-2.07427978515625,-3.0075836181640625,3.5825347900390625,-2.3596954345703125,-1.368194580078125
2019-11-11,0,0,294.7410888671875,292.56378173828125,-1.6082611083984375,-0.3167572021484375,0.0,91527.265625,268.5648498535156,282.106689453125,290.3651733398437,0.0007590523455291,0.0062723308801651,0.0131717808544635,-5.00067138671875,-1.5910797119140625,-4.059616088867188,4.55548095703125,0.6682281494140625,-1.57147216796875
2019-11-11,6,1,299.5021667480469,292.3299255371094,-2.617431640625,-1.2071533203125,23.25,91666.921875,268.49609375,281.963134765625,291.3555908203125,0.0009880918078124,0.0068349465727806,0.0129124335944652,-4.6167755126953125,-1.189422607421875,-3.958221435546875,5.248931884765625,-0.312713623046875,-1.941436767578125
2019-11-11,12,2,299.5201416015625,293.068359375,-1.3697357177734375,-0.5668792724609375,0.375,91405.65625,267.9848022460937,282.529052734375,293.3201904296875,0.0011559824924916,0.006424780935049,0.0111716613173484,-2.381500244140625,0.185455322265625,-4.7761077880859375,4.7670745849609375,-0.5863494873046875,-1.875152587890625
2019-11-11,18,3,295.28289794921875,291.18316650390625,-2.5631103515625,0.4431304931640625,0.0,91679.546875,268.29949951171875,282.8783569335937,291.2432861328125,0.0008796995971351,0.004583737347275,0.0108700692653656,-3.1475982666015625,-1.6952972412109375,-5.294281005859375,5.971481323242188,-2.408309936523437,1.0366668701171875
2019-11-12,0,0,293.1165771484375,291.2784423828125,-2.5164031982421875,0.220550537109375,0.125,91594.390625,268.4106750488281,282.38153076171875,290.7369384765625,0.0013199462555348,0.0039569605141878,0.0109946317970752,-4.0746917724609375,-1.3059234619140625,-5.147964477539063,6.9427032470703125,-1.9446258544921875,-2.613525390625
2019-11-12,6,1,299.79217529296875,290.4146728515625,-3.668167114257813,-0.1497802734375,0.0,91764.234375,268.5945739746094,282.48211669921875,290.851806640625,0.0019618587102741,0.0028688884340226,0.011548064649105,-4.1980743408203125,-2.923858642578125,-5.781097412109375,6.158706665039063,-1.5919189453125,-0.4487152099609375
2019-11-12,12,2,298.800048828125,290.517578125,-1.8993377685546875,-0.0778045654296875,14.75,91475.796875,268.4359130859375,283.80682373046875,292.9775695800781,0.0020035009365528,0.0019859909079968,0.0105302184820175,-2.2588653564453125,-2.9148712158203125,-6.27081298828125,6.454803466796875,-2.710693359375,-0.2740020751953125
2019-11-12,18,3,294.20965576171875,291.0298767089844,-3.061264038085937,0.0171356201171875,0.0,91753.15625,268.2292785644531,282.4985656738281,290.51287841796875,0.0026448119897395,0.0031494402792304,0.0119142066687345,-3.762939453125,-4.752197265625,-7.226165771484375,5.71148681640625,-1.439117431640625,-0.0972747802734375
2019-11-13,0,0,293.9439697265625,291.2586975097656,-2.0575714111328125,-0.4297943115234375,0.0,91675.265625,267.889892578125,282.81671142578125,290.86248779296875,0.0025771094951778,0.0040584858506917,0.0094591975212097,-4.887466430664063,-2.3984375,-5.615982055664063,4.9169769287109375,-0.28997802734375,-2.7819366455078125
2019-11-13,6,1,300.0753173828125,290.3560791015625,-3.741134643554688,-0.8948974609375,0.0,91796.578125,268.6499328613281,282.4935607910156,290.9813842773437,0.0017811513971537,0.0048014894127845,0.0109202712774276,-4.8136138916015625,-2.703887939453125,-5.91510009765625,5.35272216796875,-1.52880859375,-1.5076446533203125
2019-11-13,12,2,298.673095703125,290.5836181640625,-2.3495025634765625,-0.368499755859375,35.0,91524.78125,269.21685791015625,282.0897827148437,292.2176513671875,0.0013657459057867,0.0043213116005063,0.0115868747234344,-2.885467529296875,-3.3992919921875,-7.500885009765625,3.9422760009765625,-1.76849365234375,-0.5641326904296875
2019-11-13,18,3,294.02886962890625,292.02264404296875,-3.1401824951171875,-0.474273681640625,0.0,91803.046875,268.8123779296875,283.1326599121094,290.3219909667969,0.0009139121975749,0.0029445472173392,0.0118086449801921,-4.175018310546875,-5.34344482421875,-8.13763427734375,2.659759521484375,1.77685546875,-1.4030914306640625
2019-11-14,0,0,293.44549560546875,291.16162109375,-2.69384765625,-0.341339111328125,1.0,91629.4375,269.2180480957031,283.2415771484375,289.63330078125,0.0007275885436683,0.0059883706271648,0.0099487267434597,-3.413177490234375,-5.61138916015625,-10.750778198242188,0.6757965087890625,6.09002685546875,0.3922119140625
2019-11-14,6,1,297.829833984375,292.6062316894531,-3.6501312255859375,-0.6509552001953125,2.0,91767.140625,269.628662109375,282.402099609375,290.4923095703125,0.000515145715326,0.0086108595132827,0.0128766968846321,-5.142593383789063,-7.114913940429688,-6.383544921875,0.183502197265625,4.4849853515625,-0.8678131103515625
2019-11-14,12,2,297.2503662109375,292.91571044921875,-1.65673828125,-1.0889739990234375,101.125,91532.203125,268.84039306640625,282.9877014160156,291.0230712890625,0.0006783546414226,0.0088496021926403,0.013944573700428,-5.6907958984375,-4.532241821289063,-5.8089447021484375,1.0564727783203125,3.1588287353515625,-0.781829833984375
2019-11-14,18,3,293.8733215332031,292.6978454589844,-1.7815093994140625,-0.8447265625,6.625,91764.34375,268.8280029296875,282.29217529296875,290.2250061035156,0.0016531439032405,0.0093113631010055,0.0137229254469275,-6.0165557861328125,-3.811965942382813,-6.142593383789063,1.613128662109375,3.3511962890625,0.2994842529296875
2019-11-15,0,0,294.26385498046875,292.5355834960937,-1.4800262451171875,-0.3049163818359375,0.0,91637.90625,267.16015625,282.240234375,289.9843139648437,0.0036251889541745,0.0095288641750812,0.0132050774991512,-6.7290802001953125,-3.759674072265625,-4.2813262939453125,3.798980712890625,2.5697174072265625,1.5042877197265625
2019-11-15,6,1,298.6161499023437,293.3304443359375,-2.4933013916015625,0.0420684814453125,375.625,91811.71875,267.4472045898437,282.5502014160156,290.27264404296875,0.0024720679502934,0.0094334036111831,0.0131635377183556,-6.69281005859375,-4.076568603515625,-4.514984130859375,2.344696044921875,1.9247283935546875,0.41253662109375
2019-11-15,12,2,297.8409729003906,293.07574462890625,-1.2699737548828125,-1.04962158203125,65.5,91492.9375,268.114013671875,283.1206359863281,291.4848022460937,0.0019578184001147,0.0085515156388282,0.0133109390735626,-5.776779174804688,-3.3039703369140625,-4.27862548828125,2.4268798828125,1.177032470703125,-0.574188232421875
2019-11-15,18,3,294.9186706542969,293.1625366210937,-2.222442626953125,-0.032806396484375,65.0,91746.15625,267.69989013671875,281.68524169921875,290.45928955078125,0.0030249785631895,0.0092564113438129,0.0134583823382854,-4.431686401367188,-3.1847076416015625,-4.576934814453125,2.5496978759765625,0.14178466796875,0.1165008544921875
2019-11-16,0,0,295.21142578125,293.0404052734375,-1.97711181640625,-0.3656158447265625,21.625,91610.71875,267.3778686523437,281.8530578613281,291.13055419921875,0.0033639767207205,0.0087137967348098,0.0127145536243915,-5.634323120117188,-4.5851593017578125,-4.579360961914063,1.7477874755859375,0.3436279296875,-0.9141387939453124
2019-11-16,6,1,299.36627197265625,293.09423828125,-3.1677398681640625,-0.02197265625,5.625,91769.015625,267.71099853515625,282.3569030761719,291.0104675292969,0.0028467772062867,0.0092422030866146,0.0132234804332256,-4.539566040039063,-4.7690277099609375,-5.17425537109375,-2.0601043701171875,0.1597747802734375,-0.1280670166015625
2019-11-16,12,2,299.3261108398437,292.4501647949219,-1.763885498046875,0.32830810546875,53.25,91532.375,267.56597900390625,283.23797607421875,293.2452392578125,0.0020464621484279,0.0066161975264549,0.0123286508023738,-2.9287109375,-6.5463409423828125,-5.9273681640625,-3.7001800537109375,-4.0097198486328125,-0.205810546875
2019-11-16,18,3,294.6102294921875,292.39617919921875,-1.8945465087890625,-0.544830322265625,0.0,91774.9375,267.71630859375,283.806884765625,290.19873046875,0.0015142438933253,0.0040766661986708,0.0129012875258922,-5.2800140380859375,-8.224456787109375,-5.473892211914063,-6.8321685791015625,-3.176971435546875,-0.2705078125
2019-11-17,0,0,293.730712890625,291.9154663085937,-2.246337890625,-0.44268798828125,0.875,91680.234375,268.4174194335937,283.1070861816406,290.9117431640625,0.0007848036475479,0.0041722296737134,0.010560180991888,-6.259780883789063,-5.715347290039063,-6.264907836914063,-7.225448608398437,-2.2607421875,-2.6460113525390625
2019-11-17,6,1,300.4112548828125,289.3089294433594,-2.3742218017578125,-1.6027679443359375,0.0,91815.90625,268.8094177246094,283.311279296875,291.34283447265625,0.0015682422090321,0.0030119307339191,0.011157177388668,-7.157882690429688,-5.7870941162109375,-3.8612213134765625,-7.251052856445312,-0.6106414794921875,-2.3053741455078125
2019-11-17,12,2,299.30963134765625,290.0446472167969,-1.12982177734375,-1.4321441650390625,0.0,91552.625,268.8851013183594,283.66766357421875,293.5738525390625,0.0025381294544786,0.0034298931714147,0.0106163136661052,-7.950515747070312,-4.53729248046875,-4.3290863037109375,-6.124542236328125,-0.8901519775390625,-3.727462768554688
2019-11-17,18,3,294.9224853515625,291.5435791015625,-2.15081787109375,-0.78411865234375,20.875,91755.015625,268.580078125,282.56524658203125,292.3155212402344,0.0033041925635188,0.0092196390032768,0.0117024779319763,-9.634429931640623,-5.5111236572265625,-5.28546142578125,-2.843719482421875,-2.6440582275390625,-4.9258575439453125
2019-11-18,0,0,294.4203186035156,292.064697265625,-2.2870330810546875,-1.343658447265625,1.25,91663.515625,268.5442199707031,282.6212463378906,290.81072998046875,0.0011411127634346,0.008853755891323,0.0126127414405345,-9.298568725585938,-5.812423706054688,-9.5113525390625,1.089141845703125,1.0078887939453125,-5.53466796875
2019-11-18,6,1,299.49725341796875,292.8359680175781,-4.336105346679688,-0.8834991455078125,0.0,91775.96875,267.6208801269531,283.3650207519531,291.5463562011719,0.001295599155128,0.0069163739681243,0.0133054368197917,-6.779342651367188,-6.003875732421875,-7.875457763671875,2.25543212890625,1.698822021484375,-1.444366455078125
2019-11-18,12,2,299.04937744140625,293.23248291015625,-2.03594970703125,-0.720550537109375,281.75,91560.8125,267.6696472167969,283.5020751953125,292.6773986816406,0.001982731744647,0.0085914097726345,0.0134970881044864,-5.9963226318359375,-5.619140625,-6.84619140625,0.1800994873046875,-0.5462799072265625,-0.3299560546875
2019-11-18,18,3,295.2843322753906,293.63739013671875,-2.6694793701171875,0.290924072265625,53.25,91720.984375,268.3407592773437,283.8648376464844,291.2025756835937,0.0013255262747406,0.0068751238286495,0.0133080147206783,-5.4176177978515625,-6.498504638671875,-7.445968627929687,0.81732177734375,-1.1625213623046875,0.8347930908203125
2019-11-19,0,0,295.6866149902344,292.9593200683594,-1.5948944091796875,0.292327880859375,4.375,91622.234375,268.7823486328125,283.11920166015625,290.95703125,0.0011605783365666,0.0066484436392784,0.0114188268780708,-7.047454833984375,-6.13214111328125,-5.596359252929688,2.3961181640625,0.7525482177734375,1.8108367919921875
2019-11-19,6,1,300.2807006835937,292.2074279785156,-2.4075469970703125,-0.179901123046875,0.0,91779.609375,269.18505859375,282.71356201171875,291.4271850585937,0.0008475289214402,0.006476953625679,0.0124854072928428,-7.473114013671875,-5.889404296875,-3.6998443603515625,3.630584716796875,0.50518798828125,-0.2392120361328125
2019-11-19,12,2,300.00341796875,291.90679931640625,-2.110580444335937,-1.3060150146484375,8.0,91500.984375,268.4344482421875,283.0789794921875,293.33160400390625,0.0007061567157506,0.0065270662307739,0.0121483840048313,-7.1209869384765625,-3.4285888671875,-4.874725341796875,1.1531829833984375,0.129913330078125,-1.7485198974609375
2019-11-19,18,3,295.2197570800781,292.9958801269531,-2.376495361328125,-0.7137603759765625,58.0,91711.15625,267.7991027832031,282.9775085449219,291.8807373046875,0.0034371628426015,0.0077619738876819,0.0125272795557975,-6.615280151367188,-4.298263549804688,-4.730133056640625,-1.131317138671875,-1.1123046875,-0.7529296875
2019-11-20,0,0,295.2113037109375,292.7490539550781,-3.0652618408203125,-0.1173095703125,5.75,91577.46875,267.4444580078125,282.5435485839844,291.1857604980469,0.0035789527464658,0.009051639586687,0.0126422084867954,-5.21160888671875,-6.679458618164063,-8.406692504882812,-3.0013427734375,-0.7974090576171875,-1.0968475341796875
2019-11-20,6,1,299.07293701171875,292.41729736328125,-4.611175537109375,-0.3954620361328125,24.25,91647.984375,267.8436279296875,282.9459228515625,291.48651123046875,0.0039748325943946,0.0093450769782066,0.013491615653038,-4.827789306640625,-8.4522705078125,-7.9441070556640625,-3.455902099609375,-0.7216796875,-0.7541656494140625
2019-11-20,12,2,296.96014404296875,293.40997314453125,-2.2976531982421875,-0.7071075439453125,123.625,91479.421875,268.3111877441406,283.0820617675781,291.04052734375,0.0040145991370081,0.0091974176466465,0.0139812156558036,-9.121124267578123,-7.5658721923828125,-6.3957366943359375,-1.6107635498046875,0.194580078125,-1.30718994140625
2019-11-20,18,3,294.5253601074219,292.8313293457031,-3.12176513671875,-0.3948974609375,0.875,91694.4375,269.3632507324219,282.76422119140625,290.853271484375,0.0018769828602671,0.0086462013423442,0.0130659081041812,-9.217803955078123,-7.872726440429687,-9.58502197265625,-0.7155609130859375,-0.5913848876953125,0.5695648193359375
2019-11-21,0,0,294.6166381835937,292.69317626953125,-3.5193328857421875,-0.9393157958984376,25.625,91635.09375,269.30206298828125,282.00439453125,289.73590087890625,0.0013473730068653,0.0090978369116783,0.0129628516733646,-12.5096435546875,-8.279876708984375,-9.672317504882812,-1.0626983642578125,-0.13104248046875,-0.6123199462890625
2019-11-21,6,1,299.0310363769531,292.622802734375,-4.58331298828125,-0.2226104736328125,12.25,91777.3125,269.22705078125,282.54547119140625,290.858154296875,0.0004380666650831,0.0088215358555316,0.0132386079058051,-13.822509765625,-9.0281982421875,-7.87091064453125,1.539337158203125,-0.585662841796875,-0.4745941162109375
2019-11-21,12,2,297.791015625,292.8768310546875,-2.852752685546875,-0.6871490478515625,43.75,91597.75,268.7381591796875,283.3114624023437,291.04864501953125,0.0010617594234645,0.0077158287167549,0.0135173983871936,-10.773529052734377,-6.667938232421875,-8.136276245117188,3.5596160888671875,-1.03082275390625,-2.0846405029296875
2019-11-21,18,3,294.9197998046875,292.8243408203125,-3.113876342773437,-0.75750732421875,0.0,91847.234375,268.149169921875,282.80340576171875,289.6180419921875,0.0015202220529317,0.0076803974807262,0.0127230063080787,-12.501373291015623,-6.942062377929688,-7.682296752929687,2.7479248046875,0.3667755126953125,-1.2140045166015625
2019-11-22,0,0,293.1898498535156,291.442138671875,-2.378082275390625,-1.82794189453125,0.0,91709.28125,268.6407470703125,282.83868408203125,290.2344970703125,0.0019437910523265,0.0093331933021545,0.0123690403997898,-13.158523559570312,-6.225112915039063,-8.146484375,4.2994232177734375,1.72210693359375,-0.5228424072265625
2019-11-22,6,1,298.1005249023437,292.2787475585937,-3.992950439453125,-1.022796630859375,1.125,91890.953125,268.12847900390625,283.4922180175781,289.45977783203125,0.0017090637702494,0.0075814835727214,0.0124067589640617,-13.60919189453125,-7.604278564453125,-6.5286407470703125,3.784423828125,0.147064208984375,-1.438232421875
2019-11-22,12,2,297.9420166015625,291.8603820800781,-2.9043426513671875,-0.3721160888671875,6.75,91657.109375,268.1313171386719,283.61181640625,290.9056396484375,0.0013923030346632,0.0070546530187129,0.0126825347542762,-12.551177978515623,-6.3455963134765625,-6.914215087890625,3.6877593994140634,-1.1890411376953125,-1.8658599853515625
2019-11-22,18,3,294.7110290527344,290.7429504394531,-2.4246368408203125,-1.1415252685546875,0.0,91917.765625,268.5914306640625,282.11407470703125,290.5473022460937,0.0005797822959721,0.0054687559604644,0.0104664899408817,-18.555160522460938,-5.890426635742188,-5.54620361328125,5.618011474609375,-0.740478515625,-2.099517822265625
2019-11-23,0,0,293.396728515625,288.9949645996094,-2.491073608398437,-2.2703399658203125,0.0,91738.296875,268.5558166503906,282.5738220214844,291.00958251953125,0.0005931237246841,0.0040148980915546,0.0086584612727165,-17.83343505859375,-6.43682861328125,-6.165924072265625,9.94415283203125,-0.1538543701171875,-3.54083251953125
2019-11-23,6,1,298.45770263671875,289.7976989746094,-4.0897216796875,-1.127838134765625,0.0,91897.578125,268.4027709960937,283.11395263671875,290.3073425292969,0.0004244311712682,0.0054874382913112,0.0101830437779426,-12.3583984375,-6.743453979492188,-7.3583526611328125,8.858978271484375,0.6361083984375,-1.571929931640625
2019-11-23,12,2,298.5022888183594,290.9477233886719,-3.227081298828125,-0.005645751953125,15.625,91597.359375,268.79254150390625,283.81402587890625,291.6849365234375,0.0003546567168086,0.004327367991209,0.012243315577507,-11.028976440429688,-6.82171630859375,-7.937393188476562,7.5484619140625,1.0362091064453125,0.187164306640625
2019-11-23,18,3,293.5498046875,291.3339233398437,-3.018051147460937,-0.1873626708984375,0.0,91808.25,269.0724182128906,283.962158203125,290.255126953125,0.000353907700628,0.0047273794189095,0.0119114834815263,-7.964935302734375,-7.871261596679687,-5.92877197265625,7.2324371337890625,-0.6842193603515625,-0.179595947265625
2019-11-24,0,0,293.1054077148437,290.5224609375,-2.2037506103515625,-0.5155792236328125,0.0,91694.109375,268.0452575683594,285.034912109375,289.8981628417969,0.0010038414038717,0.0011833098251372,0.0115887932479381,-2.465301513671875,-8.404754638671875,-7.808441162109375,5.4095306396484375,1.9881439208984373,2.4901275634765625
2019-11-24,6,1,299.00421142578125,290.7357177734375,-3.645553588867188,0.7815704345703125,0.0,91788.6875,268.44464111328125,284.853759765625,290.776123046875,0.0014036470092833,0.0011896130163222,0.0117855183780193,-3.67095947265625,-7.02923583984375,-6.125335693359375,2.2953643798828125,3.587738037109375,1.266571044921875
2019-11-24,12,2,297.8403625488281,290.3783569335937,-1.8507843017578125,-0.1749267578125,0.0,91536.671875,268.7156982421875,285.7685546875,292.69366455078125,0.0013502682559192,0.0005885830614715,0.0104718059301376,-3.721847534179688,-6.4308624267578125,-5.829620361328125,2.77630615234375,1.6819610595703125,-0.567596435546875
2019-11-24,18,3,293.28094482421875,290.4479675292969,-2.919647216796875,-0.696044921875,0.0,91806.578125,268.94097900390625,284.8995361328125,290.3740234375,0.0011406491976231,0.0009930052328854,0.0108216032385826,-4.2987060546875,-7.81768798828125,-5.2627716064453125,1.7571258544921875,1.913055419921875,-0.932373046875
2019-11-25,0,0,292.85614013671875,289.514892578125,-2.22906494140625,-1.684295654296875,0.0,91648.34375,268.1021728515625,282.6942138671875,290.8549499511719,0.0010342658497393,0.0054678358137607,0.0115099847316741,-3.824188232421875,-7.884735107421875,-3.995086669921875,2.946395874023437,5.006072998046875,0.3354034423828125
2019-11-25,6,1,299.2177124023437,289.57379150390625,-4.348876953125,-1.0601654052734375,0.25,91788.984375,268.7352905273437,282.92926025390625,290.3213806152344,0.0017002562526613,0.006454549729824,0.0107338801026344,-4.8125,-7.911834716796875,-8.451568603515625,2.158065795898437,3.871902465820313,-1.389678955078125
2019-11-25,12,2,298.0528869628906,291.32940673828125,-3.0222625732421875,0.1910858154296875,0.0,91472.578125,269.64508056640625,283.89215087890625,291.58465576171875,0.0018509314395487,0.0047717168927192,0.0127225443720817,-4.504547119140625,-3.5328521728515625,-8.170578002929688,2.449447631835937,3.727264404296875,-0.2125244140625
2019-11-25,18,3,293.80133056640625,292.1740417480469,-2.27166748046875,-0.2691650390625,0.0,91790.0625,269.95318603515625,282.4840087890625,290.22802734375,0.0005061198025941,0.0061405226588249,0.0109115578234195,-5.559967041015625,-3.02239990234375,-8.191787719726562,2.5841217041015625,1.4114837646484375,1.05731201171875
2019-11-26,0,0,291.5237731933594,289.54156494140625,-3.1310577392578125,-1.33367919921875,0.375,91611.078125,269.70660400390625,283.4454345703125,291.3307800292969,0.0002628236543387,0.0043350011110305,0.0044950172305107,-3.3739776611328125,-5.0632171630859375,-10.619613647460938,0.95062255859375,1.0884246826171875,1.315582275390625
2019-11-26,6,1,298.6553039550781,288.8861083984375,-4.0883636474609375,-0.3256378173828125,0.0,91693.90625,269.36187744140625,284.48199462890625,289.8839111328125,0.0002804396208375,0.0028862252365797,0.0094466917216777,-3.73687744140625,-6.5169677734375,-7.5185394287109375,-0.3909759521484375,0.9434051513671876,-0.11102294921875
2019-11-26,12,2,298.3824462890625,288.9882202148437,-3.3643035888671875,-0.2409820556640625,0.0,91365.234375,269.890869140625,285.8945007324219,292.38311767578125,0.0002469358732923,0.0008319863118231,0.0102270990610122,-4.5437774658203125,-6.652740478515625,-9.501907348632812,-1.4604949951171875,0.841339111328125,-0.1226806640625
2019-11-26,18,3,294.4127502441406,292.258544921875,-2.617950439453125,-0.1597747802734375,32.25,91653.671875,269.7984924316406,284.25439453125,289.37896728515625,0.0001796802534954,0.0048529803752899,0.0132676102221012,-5.336196899414063,-10.10845947265625,-7.924407958984375,-1.26556396484375,5.06103515625,1.09368896484375
2019-11-27,0,0,294.94610595703125,292.2421264648437,-3.008270263671875,-1.3201751708984375,31.75,91531.0625,269.4745178222656,282.54083251953125,289.6862487792969,0.0002350401191506,0.0091898813843727,0.0138577558100223,-4.13604736328125,-9.864212036132812,-9.436111450195312,-2.0644073486328125,7.372100830078125,-0.2015228271484375
2019-11-27,6,1,297.54742431640625,293.2694702148437,-4.9019927978515625,-0.4481353759765625,0.0,91718.15625,270.0354309082031,282.63201904296875,290.65380859375,0.0002482552081346,0.007805123925209,0.0131070055067539,-6.71905517578125,-7.862518310546875,-9.091827392578123,-1.3951873779296875,4.1216888427734375,0.901153564453125
2019-11-27,12,2,298.0203552246094,292.08941650390625,-2.955841064453125,-0.60101318359375,1.375,91428.5,270.0751342773437,282.7663879394531,291.5436706542969,0.0001736314443405,0.0071865990757942,0.013327021151781,-4.7078857421875,-5.0813751220703125,-8.777008056640625,2.551300048828125,2.2529296875,-1.00726318359375
2019-11-27,18,3,294.2861633300781,292.7904052734375,-3.2189483642578125,-0.5554046630859375,2.75,91709.765625,269.365234375,282.55291748046875,289.95416259765625,0.0005577213596552,0.0077063404023647,0.012370616197586,-3.2783966064453125,-5.7615509033203125,-10.14532470703125,5.9398040771484375,4.472259521484375,0.09283447265625
2019-11-28,0,0,293.9278869628906,291.99688720703125,-3.279022216796875,-0.4676513671875,1.875,91627.921875,267.50323486328125,282.33258056640625,289.7376708984375,0.0042519010603427,0.0093487501144409,0.0130628272891044,-3.09259033203125,-7.490890502929687,-10.369186401367188,7.510635375976562,2.48101806640625,0.651153564453125
2019-11-28,6,1,297.9163818359375,292.2049560546875,-4.6349945068359375,0.8213958740234375,41.125,91785.984375,268.0316772460937,283.5541381835937,290.2378234863281,0.0047559216618537,0.0080866552889347,0.0136830955743789,-4.318572998046875,-8.945449829101562,-8.363296508789062,1.81707763671875,1.601715087890625,1.1817474365234375
2019-11-28,12,2,298.3962707519531,292.36822509765625,-3.1547393798828125,-0.3475494384765625,4.5,91502.875,267.9453430175781,283.854248046875,291.3927001953125,0.0047202482819557,0.0074589774012565,0.0133043453097343,-5.3437042236328125,-7.3383941650390625,-7.695999145507812,-2.0470123291015625,0.022796630859375,-1.0421905517578125
2019-11-28,18,3,294.2940673828125,292.8218994140625,-3.0352020263671875,-0.95037841796875,0.0,91730.609375,268.02685546875,283.3792724609375,290.73834228515625,0.0043611861765384,0.0050766319036483,0.011537667363882,-6.0234222412109375,-6.24578857421875,-10.84344482421875,2.1206207275390625,-0.283416748046875,-0.1721038818359375
2019-11-29,0,0,294.15057373046875,292.2045288085937,-3.439300537109375,-1.352294921875,6.0,91649.71875,268.6169128417969,282.22442626953125,289.5033874511719,0.0028298248071223,0.0089946426451206,0.0128514021635055,-4.0164794921875,-4.25537109375,-9.087661743164062,1.892913818359375,4.4910736083984375,-1.208038330078125
2019-11-29,6,1,298.6703491210937,292.5478515625,-4.899932861328125,-0.9542388916015624,3.5,91781.40625,269.014892578125,282.8694152832031,290.7991027832031,0.0030197221785783,0.0084976926445961,0.0134801603853702,-4.983428955078125,-5.0823516845703125,-8.421142578125,1.0367584228515625,2.128662109375,-1.35113525390625
2019-11-29,12,2,298.640625,292.3172302246094,-3.024139404296875,-1.4208221435546875,0.0,91491.765625,269.5580139160156,283.0528259277344,291.562744140625,0.0034930841065943,0.0081816986203193,0.0133342742919921,-2.4283447265625,-6.2166900634765625,-8.688262939453125,1.5071563720703125,-0.4102783203125,-2.5152587890625
2019-11-29,18,3,294.2510070800781,292.35284423828125,-3.0356597900390625,-0.961395263671875,0.625,91759.390625,268.77838134765625,283.025390625,290.3104553222656,0.0037443980108946,0.0068768970668315,0.0117667578160762,-4.863784790039063,-6.526168823242188,-9.8834228515625,2.5985565185546875,-1.6519317626953125,-1.967803955078125
2019-11-30,0,0,293.0433959960937,291.1474609375,-3.134796142578125,-1.157470703125,2.125,91643.265625,267.9608764648437,283.5476989746094,290.1024780273437,0.0032592411153018,0.005489595234394,0.0113212279975414,-2.7744903564453125,-5.4146728515625,-12.900436401367188,2.110336303710937,-2.66070556640625,-1.201141357421875
2019-11-30,6,1,297.7074279785156,292.55194091796875,-5.7479095458984375,-0.3191986083984375,1.875,91743.921875,268.4647827148437,283.5378723144531,291.0082397460937,0.0028931789565831,0.0077736303210258,0.013625331223011,-4.901885986328125,-8.570480346679688,-10.46807861328125,0.7501373291015625,-0.8244781494140625,-0.4015655517578125
2019-11-30,12,2,296.4110412597656,292.80517578125,-3.9150238037109375,0.3774566650390625,35.25,91518.703125,268.47430419921875,283.560302734375,290.9659423828125,0.0040854029357433,0.0086173377931118,0.013665072619915,-3.6796722412109375,-7.855361938476562,-9.725051879882812,-1.9412689208984373,1.9251708984375,0.42626953125
2019-11-30,18,3,294.0113525390625,293.6551818847656,-3.730194091796875,-0.572235107421875,96.75,91753.203125,268.3898010253906,283.11090087890625,289.8784484863281,0.0051396526396274,0.007638968527317,0.0132294595241546,-6.773590087890625,-7.103179931640625,-11.81756591796875,5.259185791015625,-1.3232879638671875,2.5393218994140625
2019-12-01,0,0,294.2059326171875,293.2379150390625,-3.029510498046875,-1.0259857177734375,167.25,91584.625,268.60260009765625,282.6410522460937,290.03485107421875,0.0051253512501716,0.0082352273166179,0.014078551903367,-3.93023681640625,-10.623458862304688,-11.637115478515623,2.6929168701171875,5.0316925048828125,0.7949066162109375
2019-12-01,6,1,295.59210205078125,295.45928955078125,-3.924407958984375,-0.5005950927734375,487.875,91768.09375,268.7481689453125,282.5174560546875,290.075439453125,0.0051866248250007,0.0080564729869365,0.0137710347771644,-2.8983917236328125,-12.516281127929688,-13.05157470703125,6.783859252929688,6.863037109375,2.209869384765625
2019-12-01,12,2,295.4715576171875,294.1131896972656,-4.4974365234375,-1.11529541015625,228.75,91525.078125,268.9544372558594,282.6625366210937,290.5277099609375,0.0054224068298935,0.0097510907799005,0.0145385041832923,-1.8133087158203125,-6.89385986328125,-12.357635498046877,7.83221435546875,7.295578002929687,-0.2444915771484375
2019-12-01,18,3,294.2765197753906,293.5875549316406,-4.92620849609375,1.0469207763671875,40.75,91743.046875,268.61883544921875,282.463134765625,290.17822265625,0.0051320157945156,0.0089034214615821,0.0129104405641555,1.23095703125,-2.47149658203125,-10.430908203125,8.2271728515625,9.050537109375,5.8910675048828125
2019-12-02,0,0,294.0621643066406,292.85821533203125,-4.8319244384765625,1.908935546875,67.75,91625.0,267.8590393066406,282.2733459472656,289.82159423828125,0.0047597996890544,0.0096774920821189,0.0133460201323032,8.037689208984375,1.997772216796875,-9.411834716796877,3.139678955078125,5.785812377929688,5.460723876953125
2019-12-02,6,1,296.5653686523437,292.14263916015625,-3.429046630859375,1.556671142578125,10.5,91818.84375,268.2979736328125,282.05303955078125,289.4334716796875,0.0049942508339881,0.0096228010952472,0.0128641910851001,5.304718017578125,1.1864013671875,-7.8684539794921875,2.667999267578125,2.248321533203125,3.978118896484375
2019-12-02,12,2,296.0298767089844,292.1658020019531,-2.803619384765625,0.14508056640625,0.0,91525.765625,268.2651672363281,282.8459777832031,289.783447265625,0.0049746297299861,0.0091107785701751,0.0125372931361198,5.550460815429688,-1.107452392578125,-8.828598022460938,3.235626220703125,1.8074951171875,2.29376220703125
2019-12-02,18,3,293.9937744140625,292.6932373046875,-3.616256713867188,-0.0651702880859375,9.25,91728.796875,268.3692626953125,282.630126953125,289.78857421875,0.004332922399044,0.0089985355734825,0.0105528123676776,3.3845672607421875,-2.03289794921875,-11.984619140625,3.151840209960937,1.140380859375,2.1445465087890625
2019-12-03,0,0,293.3044738769531,291.0832824707031,-3.055648803710937,-0.2234039306640625,0.375,91644.125,267.70556640625,282.2231140136719,288.8955993652344,0.004655797034502,0.0093610230833292,0.0095005668699741,0.5592803955078125,-3.63165283203125,-11.71429443359375,1.5928192138671875,2.0480194091796875,1.4828033447265625
2019-12-03,6,1,295.56719970703125,292.43658447265625,-5.307708740234375,-0.1784820556640625,11.625,91837.625,268.14324951171875,282.9996643066406,288.7035827636719,0.0047967955470085,0.0093439742922782,0.0121846422553062,0.058685302734375,-5.1378326416015625,-12.0084228515625,1.400421142578125,4.4059906005859375,0.411346435546875
2019-12-03,12,2,296.4751892089844,291.83660888671875,-3.0741729736328125,-0.141754150390625,0.0,91598.5,267.9901123046875,282.5647277832031,289.7634582519531,0.0048880437389016,0.0092415120452642,0.0108584575355052,-2.8865509033203125,-6.6844329833984375,-10.011825561523438,0.2763824462890625,4.4586029052734375,0.2834320068359375
2019-12-03,18,3,293.3108825683594,290.4217224121094,-3.0056915283203125,-0.797454833984375,0.0,91835.625,267.66387939453125,282.76092529296875,290.2890014648437,0.0047752521932125,0.0086637176573276,0.0089667253196239,-3.4701385498046875,-4.75994873046875,-11.6346435546875,1.708953857421875,1.344207763671875,0.6348419189453125
2019-12-04,0,0,292.6337890625,290.758544921875,-3.51800537109375,-0.8597259521484375,0.0,91670.34375,267.63134765625,283.7647705078125,290.2529602050781,0.0039199814200401,0.0066319927573204,0.0075213611125946,-0.933746337890625,-4.441741943359375,-13.271270751953123,-0.206756591796875,0.8674468994140625,1.783111572265625
2019-12-04,6,1,297.9706420898437,290.4058837890625,-5.67376708984375,0.081207275390625,16.125,91848.125,267.51708984375,284.276123046875,290.976806640625,0.0038455186877399,0.0016966285184025,0.0115717090666294,-3.4788055419921875,-4.244659423828125,-11.693069458007812,-2.463592529296875,2.9574737548828125,0.2097015380859375
2019-12-04,12,2,297.1980285644531,291.9573059082031,-3.999267578125,-0.56536865234375,0.5,91659.125,268.38262939453125,282.0546875,289.95526123046875,0.0037354812957346,0.0058900713920593,0.0129234790802001,-5.7470703125,-3.755645751953125,-10.115402221679688,0.3172454833984375,2.544662475585937,-1.3123321533203125
2019-12-04,18,3,292.0396728515625,290.2381591796875,-3.648513793945313,-0.8285064697265625,0.0,91982.0,268.1488647460937,283.7484130859375,289.97222900390625,0.0032173977233469,0.0040794312953948,0.007305983453989,-4.7622833251953125,-4.8832855224609375,-12.527740478515623,-0.1653594970703125,3.606536865234375,0.2698822021484375
2019-12-05,0,0,292.348876953125,289.96533203125,-3.4505157470703125,-0.234527587890625,5.5,91874.875,267.8349914550781,283.6580810546875,288.48455810546875,0.0028853984549641,0.0042292773723602,0.0080382414162158,-6.334762573242188,-5.802520751953125,-12.11724853515625,-3.126327514648437,2.403793334960937,0.3663177490234375
2019-12-05,6,1,297.5938720703125,289.01953125,-4.499557495117188,-1.624176025390625,9.75,92030.234375,268.7461853027344,283.15936279296875,289.2708740234375,0.0020726120565086,0.0044622011482715,0.0106986761093139,-8.167404174804688,-7.625946044921875,-8.473037719726562,-5.404998779296875,1.0287322998046875,-2.18475341796875
2019-12-05,12,2,296.74871826171875,290.619384765625,-1.989593505859375,-0.7949371337890625,16.625,91763.15625,268.9434814453125,283.35028076171875,290.06524658203125,0.00123319379054,0.0049573890864849,0.0122053995728492,-9.163116455078123,-7.323348999023437,-5.791305541992188,-3.1286773681640625,-1.17138671875,-2.106842041015625
2019-12-05,18,3,292.5989074707031,291.2572631835937,-2.8963623046875,-1.007080078125,3.25,91980.359375,268.59197998046875,283.06707763671875,288.8460998535156,0.001010101288557,0.0059666745364665,0.0122783742845058,-7.863388061523437,-8.1029052734375,-7.20452880859375,-2.197616577148437,-0.852569580078125,-2.3603668212890625
2019-12-06,0,0,292.8399963378906,290.21502685546875,-3.1172332763671875,-0.0315093994140625,8.75,91863.703125,267.0580444335937,282.806640625,287.110107421875,0.0013219870161265,0.0055675841867923,0.0115669090300798,-7.087890625,-4.605560302734375,-8.053878784179688,-2.6724090576171875,-0.8970184326171875,-1.7620849609375
2019-12-06,6,1,297.1944580078125,289.4545288085937,-4.07086181640625,-0.7682037353515625,0.5,91955.4375,267.4213256835937,284.1288452148437,289.3994140625,0.0010035648010671,0.0046860910952091,0.0110524408519268,-9.903717041015623,-3.860137939453125,-6.3023681640625,-0.36627197265625,-3.33367919921875,-1.1427154541015625
2019-12-06,12,2,296.4139709472656,290.6390075683594,-3.651947021484375,-0.0498046875,3.625,91673.484375,268.7918395996094,284.2800598144531,289.58837890625,0.0006101420149207,0.0040468438528478,0.0113266967236995,-6.842681884765625,-4.8056640625,-7.975341796875,2.2711181640625,-3.14471435546875,-0.8152008056640625
2019-12-06,18,3,291.3719482421875,289.80145263671875,-3.3240966796875,-1.4537811279296875,0.0,91855.53125,268.5307006835937,283.685546875,289.5430908203125,0.0012276845518499,0.0031316014938056,0.0085516944527626,-5.68603515625,-4.0316314697265625,-7.3134918212890625,3.94818115234375,-2.3887481689453125,-0.8456268310546875
2019-12-07,0,0,290.0316467285156,288.0274658203125,-2.298919677734375,-0.5731048583984375,0.0,91752.46875,268.13604736328125,283.35498046875,288.813232421875,0.0030366415157914,0.002996593248099,0.0109526626765728,-3.95538330078125,-2.0003662109375,-8.548736572265625,4.70513916015625,-1.7635040283203125,3.874420166015625
2019-12-07,6,1,297.8211975097656,291.6969299316406,-4.966217041015625,0.23651123046875,6.375,91845.671875,268.09869384765625,283.2044677734375,289.7340393066406,0.0027038666885346,0.002967300126329,0.0131128653883934,-3.90338134765625,-0.8287200927734375,-8.931304931640625,1.56817626953125,0.147491455078125,1.58184814453125
2019-12-07,12,2,295.8563842773437,292.5575561523437,-3.1240386962890625,-0.4929046630859375,20.375,91661.65625,268.40655517578125,281.8127136230469,290.0023193359375,0.0020085726864635,0.0066321603953838,0.0131564103066921,-2.6354522705078125,-1.5781097412109375,-7.4217529296875,-2.0440216064453125,0.7818756103515625,-0.035003662109375
2019-12-07,18,3,293.2481689453125,292.2462158203125,-2.2942657470703125,-0.809051513671875,10.375,91887.046875,268.5672912597656,281.762939453125,288.8537292480469,0.0017403233796358,0.0054719038307666,0.0130473375320434,-2.6972808837890625,-2.28363037109375,-8.544601440429688,-2.787933349609375,0.51971435546875,1.5907440185546875
2019-12-08,0,0,293.02423095703125,290.9854431152344,-2.434478759765625,-0.3210296630859375,32.875,91765.25,268.1920166015625,282.3857421875,288.41925048828125,0.0018098263535648,0.0069257952272892,0.0124590191990137,-1.7983856201171875,-4.555419921875,-7.239501953125,-1.0896453857421875,-0.7025909423828125,1.5640716552734375
2019-12-08,6,1,297.0043029785156,291.371826171875,-4.077484130859375,0.6388397216796875,18.625,91919.15625,268.58209228515625,283.44439697265625,289.17340087890625,0.0015968785155564,0.0050105936825275,0.0126759521663188,-2.29766845703125,-5.481231689453125,-6.3451995849609375,-1.3010711669921875,-2.6468658447265625,0.6758270263671875
2019-12-08,12,2,296.4366149902344,291.9439697265625,-2.74578857421875,-0.0824127197265625,10.125,91712.609375,269.55889892578125,280.9955139160156,289.69097900390625,0.001453690463677,0.0067683234810829,0.0126227922737598,-3.4197998046875,-3.3076934814453125,-6.6485137939453125,-1.258880615234375,-1.7087249755859375,0.12225341796875
2019-12-08,18,3,291.9444580078125,290.4290466308594,-2.603790283203125,0.140838623046875,0.0,91929.5625,269.62335205078125,282.87860107421875,289.2382202148437,0.0011919024400413,0.0035220040008425,0.0099037587642669,-4.21923828125,-3.2388916015625,-9.659957885742188,0.47454833984375,-2.113128662109375,0.4706268310546875
2019-12-09,0,0,292.0959167480469,289.99371337890625,-3.4445953369140625,-0.2134246826171875,1.875,91780.6875,268.760986328125,284.87060546875,290.266845703125,0.0010946879629045,0.0012944615446031,0.0093289315700531,-1.3702392578125,-3.0228424072265625,-9.79620361328125,-1.204193115234375,0.0919189453125,-1.0181121826171875
2019-12-09,6,1,298.1664428710937,289.6352844238281,-4.9588165283203125,-0.3039398193359375,0.875,91916.265625,268.688720703125,285.1507568359375,289.4179077148437,0.0008771347347646,0.0015295303892344,0.0106564089655876,-3.295684814453125,-2.585174560546875,-7.8704833984375,-1.3727874755859375,-1.668304443359375,-0.9101715087890624
2019-12-09,12,2,297.44122314453125,289.5604248046875,-2.779449462890625,-0.2997283935546875,19.375,91673.265625,269.2118530273437,284.90460205078125,290.42010498046875,0.0006552280392497,0.0024585251230746,0.0109605118632316,-3.441741943359375,-2.284576416015625,-7.243240356445312,-2.10400390625,-1.3859405517578125,-0.6269073486328125
2019-12-09,18,3,292.3630065917969,290.80084228515625,-3.2313690185546875,0.041748046875,3.0,91862.4375,269.63751220703125,285.2694702148437,289.1839599609375,0.0003899794537574,0.0026321655604988,0.0105544999241828,-7.529144287109375,-0.2314910888671875,-6.731689453125,0.4059600830078125,-1.8817291259765625,0.0015411376953125
2019-12-10,0,0,291.90740966796875,289.681640625,-2.27801513671875,-0.113922119140625,2.625,91736.03125,269.3619079589844,283.62188720703125,288.6632080078125,0.0006576874293386,0.0058873519301414,0.0096788108348846,-5.95404052734375,0.1206207275390625,-7.505615234375,-0.2150421142578125,-3.007171630859375,0.22882080078125
2019-12-10,6,1,297.90283203125,288.9794921875,-3.974395751953125,0.0734405517578125,8.5,91812.984375,268.68817138671875,284.5979919433594,289.88330078125,0.0010022453498095,0.005206175148487,0.0103754438459873,-6.109375,-0.9461822509765624,-6.680343627929688,-0.8954010009765625,-2.401702880859375,-0.3135528564453125
2019-12-10,12,2,297.6138610839844,289.88427734375,-1.861114501953125,-0.25360107421875,23.875,91486.640625,269.08612060546875,284.13446044921875,290.7291259765625,0.0008557946421205,0.0050309300422668,0.0110985450446605,-4.2592620849609375,-0.0823516845703125,-5.300079345703125,-0.0189361572265625,-1.9410552978515625,-0.83001708984375
2019-12-10,18,3,292.9387512207031,291.27838134765625,-3.04827880859375,0.1483306884765625,10.375,91727.0,268.8697509765625,284.848876953125,288.5419311523437,0.0007823405321687,0.0042814426124095,0.0117532797157764,-3.12841796875,-0.7286224365234375,-6.3306427001953125,-0.7342529296875,0.2635040283203125,1.03338623046875
2019-12-11,0,0,291.86981201171875,289.9007873535156,-1.5645751953125,0.3380279541015625,0.0,91584.109375,268.86053466796875,284.031982421875,288.96929931640625,0.0006376695819199,0.0044798254966735,0.0101427547633647,-3.7816162109375,3.441146850585937,-3.378448486328125,0.24725341796875,0.018951416015625,0.2176666259765625
2019-12-11,6,1,298.256591796875,289.42840576171875,-2.7640838623046875,-0.0919952392578125,0.0,91735.328125,267.6483154296875,283.1219482421875,289.433349609375,0.0007794513367116,0.0046311216428875,0.0104479119181633,-3.887786865234375,4.2044677734375,-4.109283447265625,1.3034820556640625,-1.9317474365234373,-0.453460693359375
2019-12-11,12,2,298.4403076171875,289.0512390136719,-1.5394134521484375,-1.094329833984375,16.75,91417.453125,268.55584716796875,283.4361877441406,292.2589111328125,0.0004499997012317,0.0041153766214847,0.0099083632230758,-0.152191162109375,3.193939208984375,-4.4684906005859375,2.3238983154296875,0.7159271240234375,-1.7509918212890625
2019-12-11,18,3,293.1204528808594,289.2742919921875,-3.2008819580078125,0.1996917724609375,9.5,91687.421875,268.65887451171875,284.349853515625,288.753662109375,0.0003551838453859,0.0034027707297354,0.0109483860433101,0.417877197265625,0.4931640625,-6.164886474609375,1.4395599365234375,1.2917938232421875,0.2605438232421875
2019-12-12,0,0,290.99444580078125,289.02252197265625,-2.3440704345703125,0.069671630859375,0.0,91578.125,267.88287353515625,282.8265686035156,289.9788513183594,0.0003085678908973,0.0043934062123298,0.010237380862236,0.563568115234375,2.7109832763671875,-1.9006195068359373,0.7576904296875,2.64703369140625,0.3516693115234375
2019-12-12,6,1,298.5189208984375,288.4101867675781,-2.4660797119140625,0.3891448974609375,0.0,91720.96875,268.2200622558594,283.2359313964844,290.247314453125,0.0002639000595081,0.0034885196946561,0.0102681815624237,1.0838165283203125,4.899703979492188,-3.50518798828125,1.51422119140625,-0.0745391845703125,0.220458984375
2019-12-12,12,2,298.6829833984375,290.06671142578125,-1.583526611328125,-0.1085662841796875,37.125,91457.9375,269.0035705566406,282.23370361328125,292.7147827148437,0.0001978453074116,0.0043885353952646,0.0100681446492671,1.1080780029296875,4.35260009765625,-3.751922607421875,3.049041748046875,-2.0087890625,-0.169830322265625
2019-12-12,18,3,292.0031433105469,290.55255126953125,-3.489242553710937,0.74462890625,0.0,91691.4375,269.16241455078125,284.63604736328125,289.832275390625,0.0003078418667428,0.0019254181534051,0.0111861377954483,3.0034332275390625,-2.141082763671875,-3.867034912109375,-0.3481903076171875,2.2326812744140625,3.726959228515625
2019-12-13,0,0,291.98486328125,289.935791015625,-2.617218017578125,0.6175994873046875,4.75,91599.234375,268.6952819824219,283.9411315917969,290.3173828125,0.0005630631931126,0.0024802568368613,0.0107785984873771,2.764266967773437,0.8808441162109375,-2.5201873779296875,-3.6493988037109375,4.083648681640625,1.3150482177734375
2019-12-13,6,1,298.8401794433594,290.1796569824219,-2.138900756835937,0.3427734375,0.0,91825.21875,268.251220703125,283.82501220703125,290.16265869140625,0.0005237215664237,0.003682087175548,0.0114703513681888,-0.0746917724609375,-0.1532745361328125,-3.552032470703125,-2.027069091796875,2.999618530273437,0.1717529296875
2019-12-13,12,2,299.315185546875,289.4736633300781,-2.410629272460937,0.3499603271484375,13.75,91602.734375,268.7172241210937,283.1904296875,292.3074035644531,0.0004110683221369,0.0054212026298046,0.0111519210040569,-0.0764617919921875,-2.095184326171875,-5.649429321289063,-3.5643463134765625,3.014556884765625,0.0276641845703125
2019-12-13,18,3,293.83221435546875,292.47772216796875,-3.2661590576171875,0.7308502197265625,20.625,91865.34375,268.95782470703125,282.19580078125,290.5177917480469,0.0003142834175378,0.0074530318379402,0.0122748911380767,-1.0142974853515625,-4.118087768554688,-7.642303466796875,-3.95751953125,3.888473510742188,0.51300048828125
2019-12-14,0,0,293.7901611328125,291.8118896484375,-2.45703125,-0.1084442138671875,10.25,91751.140625,268.41094970703125,282.0115966796875,289.9228515625,0.0003498422447592,0.0094824992120265,0.013274822384119,-2.634002685546875,-4.971221923828125,-7.7507781982421875,-2.283203125,3.202667236328125,1.8279876708984373
2019-12-14,6,1,295.007080078125,293.6801147460937,-3.12652587890625,-0.710845947265625,230.5,91991.65625,268.8937683105469,282.4003295898437,289.6046447753906,0.0001955387706402,0.0082652382552623,0.0132368505001068,-4.701583862304688,-2.96832275390625,-9.292938232421877,-0.2797393798828125,1.628204345703125,-0.7956695556640625
2019-12-14,12,2,295.69024658203125,292.5726928710937,-2.3697052001953125,-0.028167724609375,42.875,91705.421875,269.1185302734375,282.156494140625,290.2078857421875,0.0002433161571389,0.0091455094516277,0.0124753415584564,-2.139022827148437,-4.62371826171875,-8.367904663085938,0.5595245361328125,-0.220184326171875,-0.220703125
2019-12-14,18,3,292.8480529785156,291.57763671875,-3.249908447265625,0.713958740234375,28.125,91956.5,269.5359802246094,281.1282653808594,289.1430053710937,0.0002579649444669,0.0095699839293956,0.0120846666395664,-2.28192138671875,-3.6988372802734375,-10.673980712890623,-0.5805511474609375,0.360260009765625,1.291717529296875
2019-12-15,0,0,291.946044921875,289.86688232421875,-2.823394775390625,-0.800811767578125,2.875,91785.34375,269.6579284667969,280.8778991699219,289.17987060546875,0.0004069048445671,0.0092318058013916,0.0105797052383422,-2.63165283203125,-4.3880462646484375,-10.382064819335938,3.7942047119140634,-1.4495391845703125,0.251678466796875
2019-12-15,6,1,298.007568359375,289.50311279296875,-4.692535400390625,0.3375396728515625,0.0,91895.734375,269.6053466796875,281.8621520996094,289.4490661621094,0.0006809630431234,0.0084531158208847,0.0110037289559841,-2.835418701171875,-3.9485931396484375,-7.5303955078125,3.104965209960937,-2.144317626953125,0.307220458984375
2019-12-15,12,2,298.03472900390625,289.5611572265625,-3.07672119140625,-0.66168212890625,2.125,91600.828125,269.6090087890625,283.0907592773437,291.0990600585937,0.0004727113991975,0.0070579126477241,0.0106929875910282,-2.8011627197265625,-2.924774169921875,-7.405975341796875,1.16473388671875,-2.198883056640625,-1.7647857666015625
2019-12-15,18,3,292.45135498046875,290.5933837890625,-2.858749389648437,-0.085693359375,0.0,91824.21875,269.21466064453125,281.7574462890625,289.41143798828125,0.0004087979905307,0.0065468773245811,0.0106938406825065,-2.076644897460937,-4.0526123046875,-5.2594146728515625,1.4170379638671875,-2.927734375,-2.1707305908203125
2019-12-16,0,0,292.00567626953125,290.15679931640625,-2.1748199462890625,-0.524078369140625,9.125,91677.234375,268.4622802734375,281.61651611328125,288.718994140625,0.0003658989444375,0.0051728263497352,0.0082976631820201,-2.937774658203125,-2.9496612548828125,-7.7998504638671875,1.7449951171875,-1.368621826171875,1.197296142578125
2019-12-16,6,1,298.3323059082031,289.7392578125,-3.958084106445313,0.7226104736328125,0.125,91846.15625,268.9091491699219,281.9208068847656,289.65167236328125,0.0003291936591267,0.0041725998744368,0.0108622312545776,-3.354232788085937,-5.141281127929688,-6.5035552978515625,-0.447113037109375,0.1283721923828125,1.098297119140625
2019-12-16,12,2,298.2796630859375,290.75128173828125,-2.065414428710937,-0.21588134765625,10.375,91599.671875,268.8487854003906,281.4259033203125,291.450927734375,0.0003146160161122,0.0045862360857427,0.0118241757154464,-3.519622802734375,-6.0721588134765625,-5.07672119140625,0.0603179931640625,0.010650634765625,0.434478759765625
2019-12-16,18,3,293.3662414550781,292.000732421875,-3.195663452148437,-0.325653076171875,1.875,91866.375,268.5133361816406,282.73681640625,289.404052734375,0.0003191931173205,0.0028532883152365,0.0122939720749855,-4.449920654296875,-4.193878173828125,-6.5943603515625,-1.2050933837890625,2.308990478515625,-0.044281005859375
2019-12-17,0,0,292.47235107421875,290.6125793457031,-2.87408447265625,-0.626434326171875,12.125,91765.09375,268.6239013671875,282.46746826171875,288.79473876953125,0.0003018309362232,0.0047374628484249,0.0116929858922958,-5.311767578125,-4.547286987304688,-8.076263427734375,-0.467498779296875,3.6937255859375,0.2363433837890625
2019-12-17,6,1,297.61785888671875,289.5101318359375,-4.09149169921875,-1.934600830078125,1.0,91906.359375,269.551025390625,282.82305908203125,289.36871337890625,0.0002355221804464,0.0063225720077753,0.0115199089050292,-6.908050537109375,-5.169403076171875,-6.8286895751953125,-3.606658935546875,2.3315887451171875,-3.059188842773437
2019-12-17,12,2,297.80914306640625,289.3515319824219,-3.3991851806640625,-0.907928466796875,0.0,91640.953125,270.4281616210937,283.942626953125,290.8905639648437,0.0002187811187468,0.0049184896051883,0.0107892155647277,-8.50738525390625,-5.743087768554688,-8.198165893554688,-3.05615234375,-0.2881317138671875,-2.0391387939453125
2019-12-17,18,3,292.2852783203125,290.5749816894531,-3.26007080078125,-0.9766845703125,0.0,91902.515625,270.56231689453125,283.5616455078125,288.8004150390625,0.0001913726446218,0.0047564357519149,0.0074528604745864,-7.344024658203125,-6.7249908447265625,-8.288253784179688,-4.2217559814453125,2.5278472900390625,-3.1379852294921875
2019-12-18,0,0,290.473388671875,288.841064453125,-2.340423583984375,-1.0298004150390625,0.0,91827.25,269.59503173828125,282.7297058105469,288.6012268066406,0.0001556320057716,0.0060190837830305,0.0085536912083625,-8.038360595703125,-5.63232421875,-11.242202758789062,-3.288604736328125,3.3606109619140625,0.14605712890625
2019-12-18,6,1,297.467529296875,290.0064392089844,-4.792724609375,0.4887237548828125,0.0,91956.375,268.8524780273437,283.6083984375,289.99041748046875,0.0002866594004444,0.0037132669240236,0.0109234629198908,-9.703842163085938,-6.773223876953125,-7.551849365234375,-2.856201171875,1.7177276611328125,0.7938995361328125
2019-12-18,12,2,298.0643920898437,290.92926025390625,-3.0889434814453125,-0.420745849609375,10.125,91704.171875,269.10760498046875,283.70526123046875,290.80426025390625,0.0004383602645248,0.0032293400727212,0.011888675391674,-10.707427978515623,-5.2776641845703125,-7.666885375976562,-1.556427001953125,2.191009521484375,-0.8815460205078125
2019-12-18,18,3,293.3760070800781,292.3475341796875,-3.2744140625,-1.335357666015625,11.875,91923.15625,269.36444091796875,284.2400207519531,288.8477783203125,0.000396145042032,0.0026117525994777,0.0120300278067588,-11.114913940429688,-5.894287109375,-8.842422485351562,-0.333770751953125,1.231109619140625,-2.006088256835937
2019-12-19,0,0,292.174072265625,290.24481201171875,-2.909774780273437,-0.8614501953125,8.5,91751.921875,269.37652587890625,283.6307678222656,288.2314453125,0.0002767217811197,0.003905365942046,0.0110513307154178,-10.047714233398438,-5.0569915771484375,-10.150833129882812,-1.092193603515625,0.91070556640625,0.1995391845703125
2019-12-19,6,1,297.7105712890625,289.8410949707031,-4.798797607421875,-0.0333404541015625,3.0,91896.484375,268.7669677734375,284.11090087890625,290.0342102050781,0.0003498159348964,0.0043683666735887,0.0111767817288637,-10.066390991210938,-5.694244384765625,-7.50958251953125,-0.6599578857421875,3.013900756835937,0.17327880859375
2019-12-19,12,2,297.8272705078125,289.2557678222656,-2.454818725585937,0.0645751953125,0.0,91603.84375,268.1234741210937,284.16375732421875,291.03961181640625,0.0003814797382801,0.0043558636680245,0.0106442756950855,-10.580551147460938,-4.512863159179688,-6.043014526367188,1.3983001708984375,0.4466705322265625,-0.6158294677734375
2019-12-19,18,3,291.9927673339844,290.3463134765625,-2.804061889648437,0.0553741455078125,0.0,91815.28125,268.031982421875,283.4085998535156,289.97918701171875,0.0004023003857582,0.0043072141706943,0.0094933062791824,-11.121734619140623,-4.303268432617188,-4.3839111328125,3.85498046875,0.3569183349609375,-0.0237274169921875
2019-12-20,0,0,291.57049560546875,289.755615234375,-3.2294464111328125,-0.8561553955078125,3.75,91582.390625,268.27178955078125,283.8197937011719,289.91375732421875,0.0003905998310074,0.0046634301543235,0.0075534544885158,-8.322769165039062,-2.7879638671875,-7.329971313476562,2.767364501953125,1.5725860595703125,0.545623779296875
2019-12-20,6,1,297.2806396484375,289.42242431640625,-3.639205932617188,-1.6023101806640625,0.0,91807.515625,268.5396423339844,283.800537109375,288.88104248046875,0.0003755594952963,0.0045050904154777,0.0105424858629703,-7.766876220703125,-2.45477294921875,-6.2092132568359375,5.0245208740234375,0.835052490234375,-2.003143310546875
2019-12-20,12,2,297.7698669433594,289.4161376953125,-1.74969482421875,1.2985992431640625,0.625,91591.859375,268.00885009765625,284.117919921875,291.4828186035156,0.0003451521042734,0.0038827031385153,0.0104607976973056,-5.7425079345703125,-2.93896484375,-4.4187774658203125,4.9600372314453125,-1.0272979736328125,3.024169921875
2019-12-20,18,3,292.3173828125,290.76025390625,-2.4120025634765625,0.6116485595703125,0.0,91858.125,268.09332275390625,282.8470458984375,290.60504150390625,0.0003448536153882,0.003774631768465,0.0100661292672157,-4.498992919921875,-4.47174072265625,-3.396881103515625,5.945556640625,0.432586669921875,0.491119384765625
2019-12-21,0,0,292.50048828125,290.94873046875,-2.451278686523437,0.427764892578125,1.125,91680.34375,267.6280517578125,282.7518310546875,291.031982421875,0.000508289784193,0.0029217535629868,0.0091551542282104,-0.6215972900390625,-2.696929931640625,-2.8251495361328125,3.599472045898437,2.3123931884765625,-0.1751708984375
2019-12-21,6,1,298.0367736816406,290.9105224609375,-3.644699096679688,0.2265167236328125,0.0,91798.1875,268.77471923828125,283.94061279296875,289.50787353515625,0.0014544778969138,0.002803937299177,0.0115381069481372,-1.0492401123046875,0.54718017578125,-5.7803802490234375,5.3574981689453125,3.196319580078125,0.200469970703125
2019-12-21,12,2,298.215087890625,290.0316162109375,-2.3039093017578125,0.5865478515625,0.0,91500.484375,268.6244506835937,284.2628173828125,291.19647216796875,0.0024182561319321,0.0031209904700517,0.0112558975815773,0.279052734375,-1.0517730712890625,-5.0549163818359375,4.277267456054688,2.5020294189453125,0.7214813232421875
2019-12-21,18,3,292.8611755371094,291.0444030761719,-2.3343048095703125,0.99237060546875,0.125,91792.21875,268.27886962890625,283.8230285644531,288.8902587890625,0.0038061416707932,0.0031045009382069,0.0112739019095897,1.5931396484375,-2.0882720947265625,-5.99920654296875,2.933868408203125,1.52105712890625,3.550262451171875
2019-12-22,0,0,292.9298095703125,290.38934326171875,-2.7350311279296875,1.15380859375,5.375,91698.71875,268.84100341796875,283.1187744140625,288.0341186523437,0.0038181825075298,0.0038907108828425,0.0095700696110725,0.64312744140625,-1.1542205810546875,-6.005416870117188,0.3211669921875,1.4064178466796875,4.205856323242188
2019-12-22,6,1,297.96075439453125,288.92999267578125,-3.2270660400390625,-0.198974609375,0.0,91836.609375,268.5932312011719,283.41729736328125,289.3765869140625,0.0038855546154081,0.003564263228327,0.0105744451284408,-0.103240966796875,-1.4963531494140625,-5.3515472412109375,1.1893768310546875,2.189727783203125,-0.0155792236328125
2019-12-22,12,2,298.5649108886719,289.8593139648437,-2.0575103759765625,0.3890380859375,0.0,91507.265625,268.44708251953125,283.9905090332031,291.825927734375,0.0039928462356328,0.0038261073641479,0.0105850398540496,-0.6941680908203125,-0.2855682373046875,-4.76507568359375,4.302749633789063,1.5908355712890625,0.733978271484375
2019-12-22,18,3,293.1445617675781,290.000244140625,-2.932220458984375,0.2170562744140625,0.0,91790.40625,267.9740600585937,283.7289428710937,290.0238647460937,0.0032067797146737,0.0059494376182556,0.0109493099153041,0.5014190673828125,0.3447418212890625,-1.8552398681640625,7.624176025390625,1.9700927734375,1.208038330078125
2019-12-23,0,0,292.5740661621094,290.9554443359375,-3.309417724609375,0.9163360595703124,4.125,91651.71875,268.1680908203125,282.8627014160156,289.7797241210937,0.0032698372378945,0.0086358562111854,0.0112419612705707,0.00714111328125,2.72186279296875,-1.4884490966796875,8.1873779296875,1.38873291015625,1.05865478515625
2019-12-23,6,1,296.55908203125,289.7186279296875,-3.1426239013671875,0.1128082275390625,0.25,91919.3125,269.3834533691406,282.05859375,289.2299499511719,0.002764974720776,0.008522130548954,0.0113239586353302,2.686920166015625,0.4027862548828125,-4.402267456054688,4.7667083740234375,0.357513427734375,-0.17852783203125
2019-12-23,12,2,298.06121826171875,290.5936584472656,-1.4193267822265625,-0.2084503173828125,0.0,91521.421875,269.65447998046875,283.44500732421875,291.82452392578125,0.0030600614845752,0.0076431185007095,0.0108797587454319,2.6215362548828125,-0.838592529296875,-3.8467864990234375,7.919921875,-0.867034912109375,-0.2175445556640625
2019-12-23,18,3,292.7937927246094,290.1347351074219,-2.707626342773437,1.151580810546875,0.0,91769.109375,268.6492919921875,284.32537841796875,290.09783935546875,0.0035559982061386,0.0070373006165027,0.0107816606760025,1.767578125,-3.898956298828125,-4.996002197265625,7.6544189453125,2.466552734375,3.4671173095703125
2019-12-24,0,0,292.6351318359375,290.73126220703125,-2.835968017578125,0.792999267578125,0.125,91710.59375,268.0853881835937,283.0804138183594,289.929443359375,0.0039413087069988,0.0078058913350105,0.0122749246656894,0.134185791015625,-1.6893768310546875,-2.2987213134765625,5.826568603515625,3.4769439697265625,6.646270751953125
2019-12-24,6,1,299.388671875,290.9818420410156,-2.4631500244140625,2.23077392578125,1.125,91926.921875,268.2558898925781,283.09649658203125,291.07879638671875,0.003239854471758,0.0060500688850879,0.0118593759834766,2.6647491455078125,-2.223846435546875,-3.59661865234375,1.9501190185546875,2.756134033203125,3.36944580078125
2019-12-24,12,2,298.5895080566406,293.05059814453125,-2.553573608398437,1.4472198486328125,15.75,91667.890625,268.060791015625,283.0767517089844,291.3061828613281,0.0029543989803642,0.0076105035841465,0.0133509077131748,0.3799591064453125,-3.866485595703125,-3.1796417236328125,1.7616119384765625,3.774688720703125,1.8755645751953125
2019-12-24,18,3,294.11376953125,292.6136169433594,-2.74066162109375,0.53857421875,0.625,91874.203125,268.7018127441406,282.73907470703125,291.3699951171875,0.0024450623895972,0.0084500238299369,0.0128198973834514,0.3202667236328125,-2.0529937744140625,-2.988021850585937,0.78955078125,6.067672729492188,1.4287109375
2019-12-25,0,0,294.0888061523437,291.3505859375,-3.1461334228515625,0.6555328369140625,0.75,91712.59375,268.6513061523437,282.44415283203125,290.811279296875,0.0024102183524519,0.0090766055509448,0.0130894295871257,-0.468292236328125,-2.224334716796875,-3.2391357421875,2.430160522460937,3.7331695556640634,1.6384735107421875
2019-12-25,6,1,296.9697265625,292.2593994140625,-3.4652862548828125,0.920867919921875,3.25,91918.546875,268.80126953125,282.59521484375,289.4320678710937,0.0019129738211631,0.0080748237669467,0.0136939696967601,1.126373291015625,-0.296234130859375,-4.23455810546875,2.5420074462890625,1.9559326171875,0.4247283935546875
2019-12-25,12,2,297.9965515136719,292.507080078125,-1.64599609375,0.6143341064453125,6.125,91616.984375,268.38623046875,283.6894226074219,291.6859436035156,0.001729778246954,0.0078042820096015,0.0134969688951969,0.510009765625,0.7044830322265625,-3.8820648193359375,0.836669921875,-0.20068359375,0.4422760009765625
2019-12-25,18,3,293.8363647460937,292.3491516113281,-1.9927520751953125,1.0259857177734375,8.25,91889.421875,267.10760498046875,283.1873779296875,290.3959350585937,0.0020121794659644,0.0078581050038337,0.0133266970515251,-0.3190155029296875,-0.1905975341796875,-2.035995483398437,0.0183868408203125,-2.26153564453125,0.94256591796875
2019-12-26,0,0,293.81768798828125,291.5,-1.8375091552734373,0.0461273193359375,12.125,91680.75,267.26593017578125,283.04296875,291.318603515625,0.0025225027929991,0.0080844350159168,0.0130249969661235,2.405120849609375,1.470916748046875,-1.81671142578125,-0.9682464599609376,-1.4061279296875,0.359161376953125
2019-12-26,6,1,297.2209167480469,291.4585266113281,-1.167022705078125,-0.393096923828125,3.5,91852.265625,267.9442138671875,283.1171264648437,291.6769104003906,0.0021425771992653,0.0077933520078659,0.0127802938222885,3.4547119140625,0.62652587890625,-1.7271728515625,-0.350372314453125,-2.594589233398437,-2.0022430419921875
2019-12-26,12,2,300.1343994140625,292.2563171386719,-1.1329803466796875,0.395721435546875,11.25,91554.0,267.04656982421875,283.8336486816406,293.2431335449219,0.0020525974687188,0.0072952583432197,0.0126935057342052,4.064620971679688,0.5881805419921875,-2.3184051513671875,-2.1673126220703125,-4.727310180664063,0.1420440673828125
2019-12-26,18,3,294.3922424316406,291.6357421875,-2.420501708984375,1.16436767578125,0.25,91771.21875,267.5830078125,283.5284423828125,290.85406494140625,0.0022551380097866,0.0072184782475233,0.0129751302301883,3.543701171875,-0.12200927734375,-1.345916748046875,-2.5922393798828125,-2.626815795898437,1.3627471923828125
2019-12-27,0,0,292.160888671875,290.48248291015625,-1.3917083740234375,0.3747406005859375,14.5,91622.4375,266.6034545898437,282.91436767578125,290.61376953125,0.0026926004793494,0.0074705891311168,0.0133067891001701,5.07196044921875,-1.45660400390625,2.6942138671875,-4.8163909912109375,-3.0499267578125,-0.5978240966796875
2019-12-27,6,1,299.58380126953125,291.27740478515625,-0.7065887451171875,-1.6714630126953125,27.0,91722.9375,267.7510070800781,283.2137451171875,291.8081359863281,0.00156841869466,0.0076073482632637,0.0131571143865585,5.208160400390625,-0.1168365478515625,-1.3100128173828125,-6.86962890625,-3.0423736572265625,-2.6020660400390625
2019-12-27,12,2,299.5156555175781,292.80767822265625,-1.7518310546875,-0.9648590087890624,43.0,91392.265625,267.6545104980469,283.0399475097656,293.33563232421875,0.0016159897204488,0.0091818757355213,0.0129718370735645,4.768569946289063,1.4920501708984375,-4.922760009765625,-6.2650299072265625,-2.7222900390625,-1.92608642578125
2019-12-27,18,3,294.28131103515625,291.53375244140625,-2.9694976806640625,0.7053070068359375,13.125,91669.5625,268.9188537597656,284.4488220214844,290.6704406738281,0.0007897943723946,0.006579153239727,0.0128769241273403,6.0843048095703125,-0.541748046875,-5.1873626708984375,-6.837936401367188,-4.4197540283203125,-1.26446533203125
2019-12-28,0,0,291.6444091796875,289.99932861328125,-2.3719024658203125,0.91400146484375,21.25,91593.578125,269.2420959472656,283.2576904296875,291.2338256835937,0.0002964835148304,0.006103478372097,0.0115374252200126,5.1314544677734375,0.1920318603515625,-4.4734649658203125,-7.546554565429687,-4.616119384765625,-1.977294921875
2019-12-28,6,1,298.79266357421875,289.859130859375,-3.3106689453125,-0.521942138671875,5.5,91769.609375,270.255126953125,284.177001953125,290.00445556640625,0.0002003258850891,0.0045440159738063,0.0120142735540866,4.3121185302734375,1.7450103759765625,-5.1122894287109375,-9.686676025390623,-7.6429443359375,-0.94976806640625
2019-12-28,12,2,298.86639404296875,290.1666259765625,-3.4440155029296875,-0.733978271484375,1.75,91517.09375,270.8965148925781,284.29412841796875,291.7794494628906,0.0001525109983049,0.0043542943894863,0.0117446109652519,4.770187377929688,2.52508544921875,-6.965850830078125,-9.940017700195312,-8.7515869140625,-0.75335693359375
2019-12-28,18,3,293.1152038574219,290.7235107421875,-2.7862548828125,1.1324005126953125,1.125,91799.796875,271.2152709960937,283.56036376953125,289.8461303710937,0.000118424577522,0.0046613216400146,0.0112929604947566,1.163116455078125,1.0342559814453125,-6.371551513671875,-9.245315551757812,-6.8659515380859375,-0.211456298828125
2019-12-29,0,0,292.2758178710937,290.05096435546875,-3.1584930419921875,1.0139617919921875,13.375,91652.1875,271.3172607421875,282.90838623046875,289.6937255859375,0.0001458275073673,0.0053529925644397,0.0103446245193481,1.00164794921875,3.2371063232421875,-6.430709838867188,-7.638595581054687,-9.210800170898438,0.533599853515625
2019-12-29,6,1,298.3394775390625,289.0038452148437,-2.9802703857421875,0.4502105712890625,0.0,91823.0625,271.0570068359375,282.0232849121094,289.4474792480469,0.0001467134570702,0.0052755735814571,0.011119294911623,1.10308837890625,1.1415557861328125,-4.747085571289063,-1.54180908203125,-9.6739501953125,0.2970733642578125
2019-12-29,12,2,299.3221435546875,288.48553466796875,-2.464462280273437,0.26861572265625,18.875,91522.859375,271.96630859375,279.12115478515625,292.2560729980469,0.0002099647244904,0.0075934492051601,0.0102137029170989,3.868820190429688,1.848114013671875,-4.732177734375,0.67431640625,-5.6698150634765625,0.176788330078125
2019-12-29,18,3,292.5384521484375,289.436767578125,-3.015472412109375,0.69549560546875,0.0,91801.765625,270.52569580078125,280.8213195800781,289.86138916015625,0.0001924675452755,0.0050859488546848,0.010166548192501,7.0562591552734375,2.3895263671875,-6.45147705078125,-1.0303192138671875,-8.302658081054688,1.4200439453125
2019-12-30,0,0,291.5074157714844,289.41607666015625,-2.1062164306640625,0.92822265625,3.5,91654.03125,269.5659484863281,280.0463562011719,290.2518920898437,0.0002977093681693,0.0052195265889167,0.0096532329916954,8.199920654296875,1.079925537109375,-3.307861328125,-5.797531127929688,-5.2397003173828125,2.66961669921875
2019-12-30,6,1,297.73980712890625,288.890380859375,-3.331283569335937,1.210662841796875,0.0,91828.609375,268.1317749023437,280.2273864746094,289.7030029296875,0.0019917855970561,0.0051464140415191,0.0109560526907444,5.627716064453125,3.046005249023437,-5.0330352783203125,-8.776351928710938,-4.505874633789063,1.6065216064453125
2019-12-30,12,2,299.40313720703125,288.94287109375,-1.555023193359375,0.91583251953125,0.75,91507.4375,268.2880554199219,279.91650390625,292.6676025390625,0.0023550284095108,0.0058604627847671,0.0100075416266918,7.7846832275390625,3.153427124023437,-2.486541748046875,-5.95330810546875,-5.7173919677734375,1.461578369140625
2019-12-30,18,3,293.6287841796875,292.02789306640625,-3.3692169189453125,1.7164154052734375,7.125,91816.828125,267.398193359375,281.1377258300781,290.4278564453125,0.0017141748685389,0.006652969866991,0.0109827704727649,7.667373657226562,1.55596923828125,-2.443954467773437,0.5958709716796875,-8.088180541992188,4.9853057861328125
2019-12-31,0,0,292.2835693359375,290.1360778808594,-2.5904541015625,1.464202880859375,4.25,91695.25,267.7821655273437,280.6015625,289.54180908203125,0.0009031393565237,0.0073856431990861,0.0110617205500602,10.241302490234377,1.466705322265625,-1.29986572265625,4.133468627929688,-4.586639404296875,5.153228759765625
2019-12-31,6,1,298.10888671875,289.687744140625,-1.4642486572265625,1.1762847900390625,0.125,91882.6875,267.87506103515625,280.88623046875,290.3469543457031,0.0006556608714163,0.0072611942887306,0.0114315934479236,10.57257080078125,0.7169952392578125,-2.024154663085937,3.317718505859375,-1.6417083740234375,1.291748046875
2019-12-31,12,2,299.0516967773437,290.1302490234375,-1.8593597412109373,0.3697357177734375,49.625,91627.96875,267.9132080078125,281.0257873535156,291.55352783203125,0.0002883770503103,0.0071361400187015,0.0115487463772296,11.937057495117188,2.3289031982421875,-4.337661743164063,3.8150482177734375,-1.6037445068359375,1.251495361328125
2019-12-31,18,3,293.9210205078125,291.92218017578125,-3.2066802978515625,1.3209228515625,1.125,91830.078125,268.02392578125,281.79461669921875,289.9159545898437,0.0002030454052146,0.005794458091259,0.011732880026102,11.794647216796877,-0.0220947265625,-4.771728515625,3.3628692626953125,-1.3343658447265625,3.4810333251953125
2020-01-01,0,0,292.81549072265625,291.0102233886719,-2.7384033203125,0.8008270263671875,14.125,91717.421875,268.2274475097656,280.64990234375,289.4400329589844,0.0001476127508794,0.0066393241286277,0.0113253220915794,10.799560546875,-1.5361480712890625,-6.262359619140625,1.1962738037109375,1.581146240234375,3.87274169921875
2020-01-01,6,1,298.7396240234375,290.7704467773437,-3.392929077148437,1.7896881103515625,0.0,91988.203125,268.49969482421875,281.12109375,289.8656005859375,0.0001710999640636,0.0064091719686985,0.0118925683200359,6.8155670166015625,-1.2649078369140625,-5.4542999267578125,-2.3204345703125,3.4525299072265625,2.6826629638671875
2020-01-01,12,2,298.6421203613281,292.2631225585937,-1.7549896240234375,1.030364990234375,238.25,91695.484375,268.5895690917969,281.778076171875,291.46075439453125,0.000291145639494,0.0065528936684131,0.0129041410982608,5.5545654296875,0.96905517578125,-4.467544555664063,-0.6820220947265625,2.2149810791015625,2.29010009765625
2020-01-01,18,3,293.6842041015625,291.9855651855469,-2.7397003173828125,0.772308349609375,24.875,91991.859375,268.83251953125,281.7525634765625,290.63482666015625,0.0003384661395102,0.0060436092317104,0.0121445469558238,3.975753784179688,0.5115814208984375,-5.147674560546875,-0.9434967041015624,1.5436553955078125,3.5321807861328125
2020-01-02,0,0,293.5350036621094,291.43963623046875,-2.48486328125,1.127349853515625,8.75,91838.859375,268.2423095703125,281.9041748046875,289.319091796875,0.0003141344059258,0.0065071135759353,0.0122490413486957,2.5228729248046875,0.58807373046875,-3.1201934814453125,-1.10528564453125,4.0560150146484375,4.919235229492188
2020-01-02,6,1,298.6326599121094,290.82452392578125,-1.6545257568359375,2.4190216064453125,0.0,92076.890625,268.7090148925781,281.6273193359375,290.3106689453125,0.0003237905912101,0.006719522178173,0.0121449641883373,1.6376800537109375,0.10784912109375,-2.4486541748046875,1.6599273681640625,3.542999267578125,4.015182495117188
2020-01-02,12,2,299.87908935546875,292.047119140625,-0.90716552734375,1.3205108642578125,247.25,91775.25,268.95660400390625,282.3041381835937,291.99224853515625,0.0003385834861546,0.0060880258679389,0.0128835812211036,3.1700439453125,2.9820709228515625,-1.6029815673828125,1.0168914794921875,3.2930450439453125,3.779632568359375
2020-01-02,18,3,294.7158203125,293.0299072265625,-2.520858764648437,1.539794921875,175.25,92000.375,268.9808959960937,282.0037536621094,290.7049560546875,0.0004026261158287,0.0054750218987464,0.0131812281906604,6.303375244140625,2.836578369140625,-2.2298126220703125,0.414825439453125,1.544219970703125,5.012863159179688
2020-01-03,0,0,293.83203125,292.27349853515625,-2.3253326416015625,1.745208740234375,31.375,91799.5625,268.9727783203125,281.0128173828125,290.5887451171875,0.0005244008498266,0.0051661431789398,0.0121893696486949,8.437423706054688,3.2680206298828125,-0.748779296875,-1.96826171875,2.0315399169921875,4.475006103515625
2020-01-03,6,1,299.83380126953125,291.1622314453125,-0.3701934814453125,2.186126708984375,118.25,91973.5,268.6124267578125,282.6686706542969,291.1389465332031,0.0006733199115842,0.0024634236469864,0.0123288184404373,4.997726440429688,2.11773681640625,-0.4721832275390625,-6.24822998046875,2.9556884765625,3.20989990234375
2020-01-03,12,2,300.9475402832031,292.2704162597656,0.176116943359375,1.15179443359375,21.625,91599.0,268.4598999023437,281.82586669921875,294.17266845703125,0.0007768312934786,0.0031081249471753,0.0109292417764663,1.3531494140625,3.6576080322265625,0.634246826171875,-7.321136474609375,2.499496459960937,2.0429840087890625
2020-01-03,18,3,295.10614013671875,291.4174194335937,-1.705352783203125,0.882110595703125,115.875,91782.8125,268.3522033691406,282.2700500488281,292.1632995605469,0.0006133904680609,0.0020835497416555,0.0122510604560375,0.0306396484375,4.480377197265625,-0.3630218505859375,-5.96844482421875,1.44378662109375,3.287826538085937
2020-01-04,0,0,294.3350830078125,292.0793151855469,-0.8610382080078125,1.73626708984375,303.75,91663.234375,267.9248046875,283.2994689941406,291.046630859375,0.0004424671642482,0.0022139034699648,0.0125632993876934,3.150909423828125,5.0666351318359375,3.66339111328125,-5.468597412109375,-0.134918212890625,3.2207794189453125
2020-01-04,6,1,300.2115783691406,290.3040466308594,0.7620697021484375,1.3505401611328125,14.6875,91767.84375,267.96124267578125,283.6963195800781,291.9859619140625,0.0003793574869632,0.0014134705998003,0.0112816430628299,2.447662353515625,3.348114013671875,1.2308197021484375,-4.749603271484375,-0.6462249755859375,1.5526123046875
2020-01-04,12,2,301.576171875,289.5717468261719,1.0074615478515625,-0.339935302734375,0.0,91453.796875,268.46209716796875,284.6627502441406,294.47613525390625,0.0002670006360858,0.0010010867845267,0.0099340006709098,3.985595703125,2.6092529296875,2.4435272216796875,-3.68353271484375,0.442230224609375,-0.9778900146484376
2020-01-04,18,3,295.107421875,289.48358154296875,-1.2430572509765625,-1.0315093994140625,4.625,91663.46875,268.8437805175781,281.4698486328125,293.6019287109375,0.0002505331649444,0.0038907064590603,0.0101105794310569,3.05194091796875,0.99749755859375,0.201995849609375,-2.740142822265625,0.084991455078125,-3.3929595947265625
2020-01-05,0,0,293.99371337890625,292.41754150390625,-1.1822662353515625,1.558258056640625,507.75,91542.71875,268.743408203125,285.635986328125,290.68243408203125,0.0002458468079566,0.000459172995761,0.012085422873497,3.8719482421875,6.2310791015625,0.5280303955078125,-5.2300872802734375,-2.106536865234375,3.0558624267578125
2020-01-05,6,1,300.2254638671875,291.7665710449219,-0.80902099609375,1.0748138427734375,87.0,91759.171875,269.223876953125,282.8456420898437,291.6967163085937,0.0002595449332147,0.0015280088409781,0.0120747685432434,2.801986694335937,-0.23956298828125,-1.105743408203125,-6.5977935791015625,-1.7436370849609375,1.1356658935546875
2020-01-05,12,2,301.42974853515625,289.02606201171875,-0.490325927734375,0.7341156005859375,0.0,91490.75,268.8131103515625,282.2295227050781,294.452880859375,0.0002411005843896,0.0037629432044923,0.0098702386021614,-0.2666015625,-4.100601196289063,-1.284515380859375,-6.8017578125,-1.287445068359375,0.90325927734375
2020-01-05,18,3,295.5177001953125,292.1661376953125,-3.838897705078125,0.656585693359375,34.75,91790.03125,268.7502136230469,282.0440673828125,290.2305908203125,0.0002486059674993,0.0053841769695281,0.0131553597748279,-1.538604736328125,-5.926544189453125,-7.0257568359375,-4.6024322509765625,3.604293823242188,2.8734893798828125
2020-01-06,0,0,294.30291748046875,291.66412353515625,-3.3857421875,0.8445892333984375,15.25,91770.0625,268.00439453125,281.278076171875,289.2861022949219,0.000288711162284,0.0075883567333221,0.0131854638457298,-2.20709228515625,-6.706298828125,-6.63238525390625,-1.019439697265625,0.045166015625,2.2722625732421875
2020-01-06,6,1,298.272216796875,291.05108642578125,-4.351730346679688,0.8349456787109375,9.5,91965.25,268.0644836425781,283.0130310058594,290.9746398925781,0.0002779434435069,0.0055491961538791,0.0126357749104499,-2.756072998046875,-7.37481689453125,-6.994720458984375,-0.412841796875,-0.1637725830078125,1.3832855224609375
2020-01-06,12,2,299.05328369140625,291.69024658203125,-3.465362548828125,1.0767974853515625,3.125,91709.6875,267.84423828125,282.1246643066406,291.736083984375,0.0002620914019644,0.006933070719242,0.0128740556538105,-0.4676513671875,-4.86175537109375,-6.598724365234375,-2.2709197998046875,-1.2295684814453125,1.969970703125
2020-01-06,18,3,293.9736022949219,292.198486328125,-3.1629791259765625,1.0760498046875,0.5,91904.953125,267.3267517089844,283.26007080078125,289.7066650390625,0.0002468702441547,0.0036423525307327,0.0122127160429954,-0.1612396240234375,-5.696533203125,-7.779510498046875,-4.427154541015625,-2.8115386962890625,3.70770263671875
2020-01-07,0,0,293.62091064453125,291.0653991699219,-2.6892547607421875,0.3390655517578125,17.125,91794.9375,267.08740234375,283.2391967773437,289.1246337890625,0.000250760174822,0.0028914432041347,0.0098992213606834,-0.151214599609375,-8.2239990234375,-8.556442260742188,-3.736328125,-0.53936767578125,3.32818603515625
2020-01-07,6,1,299.25408935546875,289.5653076171875,-4.4405670166015625,1.1416168212890625,1.5,91919.671875,267.1678466796875,284.2559814453125,290.39178466796875,0.0002266664087073,0.0013156200293451,0.0109718330204486,-0.985321044921875,-8.214492797851562,-6.87713623046875,-3.22198486328125,-0.5199127197265625,1.4869384765625
2020-01-07,12,2,299.5793762207031,290.0399780273437,-2.920074462890625,1.42730712890625,0.0,91620.1875,267.1668395996094,284.57000732421875,292.38232421875,0.0002013965859077,0.001008924562484,0.0108024291694164,1.9002838134765625,-6.005142211914063,-5.673492431640625,-4.5767669677734375,-0.534271240234375,3.185302734375
2020-01-07,18,3,293.4309997558594,291.91632080078125,-3.282012939453125,1.58905029296875,0.0,91847.109375,267.81884765625,285.8809814453125,290.3605651855469,0.0002355516480747,0.000605524983257,0.0103581175208091,4.081939697265625,-5.862213134765625,-4.635986328125,-4.378219604492188,2.2523651123046875,3.5818634033203125
2020-01-08,0,0,293.2311096191406,290.6263122558594,-2.380111694335937,1.3797607421875,5.625,91696.15625,266.66680908203125,285.37890625,290.1058959960937,0.0002769799903035,0.0008194032125174,0.0089604370296001,2.8939666748046875,-5.003875732421875,-1.519683837890625,-2.1478424072265625,3.4795379638671875,2.689453125
2020-01-08,6,1,299.4771728515625,286.96600341796875,-1.2191925048828125,1.1416168212890625,0.0,91874.078125,266.2152404785156,284.4978332519531,290.515380859375,0.000275072059594,0.0008272777777165,0.0095602348446846,1.3137664794921875,-3.4448394775390625,-1.7769622802734375,-1.723419189453125,4.1099853515625,1.1501617431640625
2020-01-08,12,2,300.2811889648437,288.68536376953125,-0.686370849609375,0.72735595703125,0.0,91560.765625,266.39453125,284.287353515625,293.6029663085937,0.0002601725282147,0.0008724166546016,0.0083822011947631,6.428070068359375,1.071868896484375,-1.377716064453125,-1.9267425537109373,1.653289794921875,1.26904296875
2020-01-08,18,3,294.00933837890625,289.83575439453125,-3.34088134765625,0.813507080078125,0.0,91786.6875,266.5409240722656,286.21295166015625,289.41143798828125,0.0002604001201689,0.0009229199495166,0.0109312534332275,6.9135589599609375,-1.513946533203125,-4.1188812255859375,-1.877960205078125,1.127532958984375,4.987091064453125
2020-01-09,0,0,292.18670654296875,290.5028381347656,-2.5765380859375,1.4479522705078125,1.5,91714.875,265.54608154296875,285.30865478515625,290.3206787109375,0.0002863791305571,0.0010619922541081,0.009711816906929,7.019210815429688,-2.0920867919921875,0.3089599609375,-0.281646728515625,1.6170806884765625,2.923812866210937
2020-01-09,6,1,299.4495849609375,288.76861572265625,-1.0025634765625,0.5693511962890625,0.0,91879.96875,265.9555969238281,284.92926025390625,290.6807556152344,0.0003060305025428,0.0010777802672237,0.0108718425035476,6.8145751953125,-1.48297119140625,-1.444183349609375,0.154541015625,1.5684051513671875,-0.0127410888671875
2020-01-09,12,2,301.0194702148437,290.439208984375,-0.821014404296875,-0.2261199951171875,0.0,91508.875,266.2313232421875,284.4301147460937,294.2625732421875,0.0002886538859456,0.0012155084405094,0.010255079716444,7.03326416015625,1.2090606689453125,-1.4003448486328125,-1.5801239013671875,-0.9691925048828124,-0.689453125
2020-01-09,18,3,295.0115966796875,289.4908447265625,-3.6434173583984375,0.31488037109375,0.0,91728.21875,266.7775573730469,285.8138122558594,290.750244140625,0.0003029920626431,0.001177248544991,0.0116861313581466,6.6524200439453125,-2.2900848388671875,-5.189254760742188,-2.39910888671875,-3.6995697021484375,-0.00054931640625
2020-01-10,0,0,292.33251953125,289.9493103027344,-3.0487823486328125,0.264862060546875,0.0,91613.890625,267.5003662109375,285.1932373046875,290.9333801269531,0.0002559248823672,0.0013777220156043,0.0104382745921611,4.3096466064453125,-2.489852905273437,-6.982666015625,-4.3953704833984375,-0.7644805908203125,-2.706451416015625
2020-01-10,6,1,299.74267578125,287.3966979980469,-4.175994873046875,-0.2582244873046875,0.0,91803.09375,268.50390625,284.64263916015625,291.334716796875,0.0003233670722693,0.0013438710011541,0.009965680539608,0.110382080078125,-1.6131439208984375,-6.580902099609375,-3.930816650390625,-0.7390289306640625,-0.860443115234375
2020-01-10,12,2,299.9451599121094,287.6258544921875,-2.980224609375,0.424346923828125,0.0,91625.59375,269.38690185546875,283.97607421875,292.6759948730469,0.0003488869406282,0.001174199162051,0.0097272880375385,-2.631927490234375,-2.0035858154296875,-5.275482177734375,-4.898773193359375,1.0303192138671875,0.1418304443359375
2020-01-10,18,3,292.427001953125,288.61187744140625,-3.5524444580078125,0.651275634765625,0.0,91871.4375,270.18963623046875,284.0675048828125,289.6439819335937,0.0003262332757003,0.0011044219136238,0.0102016478776931,-3.603591918945313,-4.2197113037109375,-5.4461517333984375,-4.7626495361328125,-0.1253662109375,-0.1478271484375
2020-01-11,0,0,291.1436767578125,288.33111572265625,-3.31878662109375,-0.11376953125,4.75,91753.171875,269.3515319824219,283.36187744140625,290.44586181640625,0.0002884264104068,0.0012053209356963,0.0060305343940854,-5.2233734130859375,-2.46826171875,-6.103805541992188,-3.026840209960937,-0.643035888671875,-2.681915283203125
2020-01-11,6,1,298.4491577148437,286.2647705078125,-3.715850830078125,-0.424468994140625,0.0,91996.484375,268.8836669921875,283.32049560546875,289.17901611328125,0.0002948518085759,0.0011192625388503,0.0085694827139377,-6.491973876953125,-2.829071044921875,-5.986663818359375,-3.5550689697265625,-1.1476287841796875,-1.1343231201171875
2020-01-11,12,2,299.5463562011719,286.6937561035156,-3.206207275390625,0.0099639892578125,0.0,91660.296875,269.334228515625,283.50262451171875,292.04840087890625,0.0003213076852262,0.0009777301456779,0.0088156014680862,-8.684585571289062,-0.8479766845703125,-5.8480224609375,-3.132171630859375,-3.3623046875,-0.3907470703125
2020-01-11,18,3,292.3035583496094,287.798828125,-3.4658966064453125,-0.1617584228515625,0.0,91875.28125,270.5018005371094,284.26239013671875,289.4891662597656,0.0002588944043964,0.0007655029185116,0.0091039910912513,-9.17864990234375,-2.740234375,-5.739898681640625,0.07904052734375,-2.431549072265625,-2.0741729736328125
2020-01-12,0,0,290.8917236328125,288.99237060546875,-3.19073486328125,-1.0121002197265625,0.125,91716.59375,270.0561828613281,285.2708435058594,288.2476806640625,0.0002391549351159,0.0006768144667148,0.0081783160567283,-5.881988525390625,-2.292724609375,-9.154495239257812,-0.7797698974609375,-1.635711669921875,-3.4629669189453125
2020-01-12,6,1,297.9010009765625,287.2722473144531,-3.9351806640625,-0.319305419921875,0.0,91910.0625,269.92645263671875,284.85797119140625,289.0350646972656,0.0002552120713517,0.0006577724125236,0.0099169928580522,-7.4965667724609375,-4.0560150146484375,-6.172042846679688,-1.3181915283203125,-1.9540252685546875,-0.6529998779296875
2020-01-12,12,2,299.7042236328125,286.730224609375,-2.3169097900390625,-0.1924896240234375,0.0,91550.53125,271.2426452636719,285.00274658203125,292.48077392578125,0.0002357512130402,0.0005778784397989,0.0089425221085548,-8.790069580078125,-1.5273590087890625,-4.35711669921875,0.33233642578125,-0.0942230224609375,-0.2936859130859375
2020-01-12,18,3,293.1994934082031,288.77447509765625,-2.6010284423828125,0.38970947265625,9.375,91763.90625,270.6495361328125,285.0699462890625,288.7636108398437,0.0002625111956149,0.0005193638498894,0.0118543338030576,-9.962066650390623,-2.861297607421875,-4.245285034179688,0.9231109619140624,-1.3674468994140625,1.0182952880859375
2020-01-13,0,0,291.49285888671875,289.984619140625,-1.719085693359375,0.1078033447265625,0.0,91604.75,269.5051574707031,284.4908447265625,289.30517578125,0.0002404814440524,0.0005559411365538,0.0103479623794555,-5.805938720703125,-0.126861572265625,1.390106201171875,4.054840087890625,0.15478515625,-0.36224365234375
2020-01-13,6,1,298.6773986816406,287.39129638671875,-0.5450592041015625,-1.17779541015625,0.0,91746.609375,270.26226806640625,284.4970092773437,290.281494140625,0.0001568806474097,0.0005269690882414,0.0104701966047286,-4.59539794921875,1.896728515625,-0.7991485595703125,5.701446533203125,-0.7207489013671875,-1.987091064453125
2020-01-13,12,2,300.3475952148437,290.4721069335937,-0.6309967041015625,-0.0980224609375,0.0,91407.703125,271.4914245605469,283.744384765625,293.9237670898437,0.0001824252540245,0.0005204279441386,0.008687175810337,0.1997833251953125,2.745208740234375,-1.066986083984375,1.9130706787109373,-1.1018218994140625,-0.1399993896484375
2020-01-13,18,3,294.7254943847656,287.7880249023437,-3.2959136962890625,0.783447265625,0.0,91734.765625,271.4050598144531,284.65435791015625,289.8969116210937,0.0002801993396133,0.0005833415780216,0.0102330707013607,0.3707122802734375,-0.8516387939453125,-4.35479736328125,3.393951416015625,0.0807037353515625,3.2305450439453125
2020-01-14,0,0,290.789794921875,289.0626525878906,-1.80950927734375,1.1664276123046875,0.0,91591.28125,270.8016967773437,284.4950866699219,289.7247619628906,0.0003078589215874,0.0006439783610403,0.0103483274579048,1.0076446533203125,-2.032012939453125,0.394287109375,4.9923248291015625,-2.77752685546875,2.2388916015625
2020-01-14,6,1,299.0682067871094,287.0978088378906,-0.70037841796875,-0.263824462890625,0.0,91724.4375,271.70782470703125,284.14630126953125,290.4576416015625,0.0002133022207999,0.0005188754294067,0.0104279816150665,-0.41949462890625,-1.43170166015625,-0.9781494140625,7.9506683349609375,-2.887313842773437,-0.868988037109375
2020-01-14,12,2,300.564208984375,286.485595703125,-1.3812103271484375,-0.285186767578125,0.0,91397.203125,270.9885559082031,284.26568603515625,294.02227783203125,0.0002701666671782,0.0004814940039068,0.0083850063383579,2.349838256835937,-1.9833221435546875,-2.6049346923828125,1.9808807373046875,-0.1520843505859375,-0.5243377685546875
2020-01-14,18,3,292.57452392578125,283.59344482421875,-3.686569213867188,1.0886383056640625,0.0,91735.015625,270.5284423828125,284.7634582519531,290.26275634765625,0.0002809115685522,0.0004332060925662,0.008024163544178,1.38916015625,-5.270309448242188,-5.018722534179688,0.528045654296875,1.6160125732421875,2.4058837890625
2020-01-15,0,0,289.9442138671875,287.81842041015625,-2.778228759765625,0.2398834228515625,0.0,91580.09375,270.2474975585937,284.73895263671875,290.5604858398437,0.0002934373915195,0.0004783044569194,0.0081614255905151,2.145858764648437,-4.1177978515625,-2.1482696533203125,0.4527435302734375,4.6826934814453125,-1.1168670654296875
2020-01-15,6,1,298.45391845703125,283.322021484375,-2.143951416015625,0.736419677734375,0.0,91765.296875,270.7391357421875,284.7831726074219,290.10992431640625,0.000267770839855,0.0005736933089792,0.0070492587983608,0.326812744140625,-1.425140380859375,-3.3277740478515625,2.468734741210937,3.816482543945313,0.1009979248046875
2020-01-15,12,2,299.95819091796875,284.3475952148437,-1.242950439453125,0.4438629150390625,0.0,91483.359375,270.4642944335937,284.29705810546875,293.6705322265625,0.000262867193669,0.0006826317403465,0.0056883320212364,-0.818695068359375,0.635040283203125,-2.4777984619140625,2.334808349609375,3.306137084960937,0.6061859130859375
2020-01-15,18,3,291.6032409667969,287.09820556640625,-3.60394287109375,1.148895263671875,0.0,91700.609375,270.2665100097656,284.9287109375,290.3761291503906,0.0002316756290383,0.0008418594952672,0.0079631991684436,0.2381591796875,-1.1013031005859375,-3.7059326171875,-0.1505126953125,4.5793304443359375,2.7870635986328125
2020-01-16,0,0,290.2015991210937,288.2777404785156,-2.87982177734375,1.6503448486328125,0.0,91615.859375,270.35504150390625,284.32623291015625,289.94403076171875,0.0001578076189616,0.0011019103694707,0.0079862140119075,1.3059539794921875,-0.556793212890625,0.43560791015625,1.039154052734375,6.062515258789063,3.04541015625
2020-01-16,6,1,297.82647705078125,287.181640625,-0.55938720703125,1.1808929443359375,0.0,91774.828125,270.88824462890625,284.1539611816406,288.8548889160156,0.000149797037011,0.0012514016125351,0.0097697600722312,0.1780853271484375,-1.6731719970703125,-0.336456298828125,0.462799072265625,6.2554779052734375,1.214599609375
2020-01-16,12,2,300.46044921875,288.1825256347656,-0.4666900634765625,0.3057861328125,0.0,91458.96875,271.0140380859375,284.3509826660156,293.22705078125,0.0001504273386672,0.0013345733750611,0.0083865895867347,1.3685302734375,0.21588134765625,-0.910552978515625,-1.893463134765625,5.5359649658203125,0.404144287109375
2020-01-16,18,3,293.3258361816406,285.4271545410156,-2.9877471923828125,1.6644744873046875,0.0,91699.59375,270.9203491210937,285.8029479980469,290.3613586425781,0.0001514350733486,0.001379762077704,0.0083210952579975,0.5897979736328125,-1.412017822265625,-2.815338134765625,-0.745513916015625,6.4284515380859375,5.8775634765625
2020-01-17,0,0,290.748291015625,288.5728759765625,-2.54583740234375,1.353302001953125,0.0,91621.328125,270.6649169921875,284.570556640625,289.93865966796875,0.000160615396453,0.0014609105419367,0.0085751377046108,1.9568328857421875,-0.0199127197265625,-0.309814453125,-0.45098876953125,5.77081298828125,3.71502685546875
2020-01-17,6,1,298.9715881347656,285.9442749023437,-1.4585113525390625,1.760986328125,0.0,91830.75,270.67205810546875,284.2018737792969,290.54498291015625,0.0001642028364585,0.0015283522661775,0.0092118680477142,-0.817779541015625,-0.4133453369140625,-2.22711181640625,-0.8244781494140625,6.548370361328125,2.1520233154296875
2020-01-17,12,2,301.04351806640625,284.8987121582031,-1.2082977294921875,0.8812103271484375,0.0,91543.828125,270.193115234375,282.8375549316406,294.03179931640625,0.0001760005543474,0.0016337679699063,0.0068737752735614,-0.67681884765625,0.435089111328125,-2.57171630859375,-1.480621337890625,3.455078125,1.87884521484375
2020-01-17,18,3,293.5201721191406,289.0871887207031,-3.5547332763671875,1.5158233642578125,0.0,91713.796875,269.6718139648437,285.57861328125,291.5875244140625,0.0002074668445857,0.0012016131076961,0.0095791406929492,-0.8735198974609375,-1.687164306640625,-4.005462646484375,-3.7351226806640634,3.9709625244140634,6.470123291015625
2020-01-18,0,0,291.9877319335937,290.3764953613281,-3.139129638671875,1.412567138671875,0.875,91617.734375,269.2202453613281,284.36834716796875,290.3607177734375,0.0002384682884439,0.0019253878854215,0.0092559419572353,-2.02471923828125,-0.8697052001953125,-3.819549560546875,-3.127548217773437,5.368453979492188,3.357177734375
2020-01-18,6,1,299.28857421875,289.2650756835937,-2.8092803955078125,2.1769256591796875,8.375,91823.0,268.75543212890625,283.92987060546875,291.5897827148437,0.0002466962323524,0.0015479489229619,0.0110290981829166,-2.125640869140625,-1.3899078369140625,-4.274459838867188,-2.23516845703125,5.7049407958984375,3.2967071533203125
2020-01-18,12,2,299.10711669921875,290.4007568359375,-2.774688720703125,1.9224853515625,17.0,91551.328125,267.80487060546875,285.42742919921875,292.6161804199219,0.0002422906836727,0.0016611334867775,0.0120969377458095,2.1082000732421875,0.1932830810546875,-4.418121337890625,-5.117767333984375,5.260101318359375,3.0014801025390625
2020-01-18,18,3,294.43536376953125,292.3510131835937,-3.479721069335937,1.5665740966796875,0.875,91740.078125,268.56036376953125,286.3211669921875,290.3752136230469,0.0002751739230006,0.0018317906651645,0.0126188360154628,2.2199859619140625,2.7190093994140625,-5.888519287109375,-6.4726409912109375,2.5013427734375,3.629928588867188
2020-01-19,0,0,293.8066101074219,290.7382202148437,-2.89825439453125,1.61181640625,59.5,91655.5,268.65167236328125,282.31671142578125,290.2771911621094,0.0001787570799933,0.0046997629106044,0.0127526484429836,2.689361572265625,0.6194915771484375,-5.001876831054688,-9.45751953125,2.3958282470703125,4.584686279296875
2020-01-19,6,1,299.6484375,289.3974914550781,-2.52099609375,1.81427001953125,12.75,91924.84375,268.211669921875,283.5069885253906,291.10107421875,0.0002944853622466,0.0026639839634299,0.011112991720438,-0.2336273193359375,0.454681396484375,-3.88006591796875,-7.294021606445312,1.5712738037109375,2.6915740966796875
2020-01-19,12,2,301.39825439453125,288.7198486328125,-2.140777587890625,0.8021697998046875,1.25,91563.09375,268.3085327148437,280.634521484375,294.36767578125,0.0002241645706817,0.0052518211305141,0.0096645019948482,-0.9019317626953124,0.751007080078125,-3.47802734375,-3.2647857666015625,-0.3524017333984375,1.493194580078125
2020-01-19,18,3,294.82867431640625,289.9626770019531,-3.427703857421875,1.28961181640625,0.0,91858.34375,268.2305908203125,286.14599609375,289.8902587890625,0.0002056899102171,0.0006696498021483,0.0116028813645243,1.4213104248046875,-1.1252593994140625,-7.1950531005859375,-2.952133178710937,-0.7384033203125,2.354843139648437
2020-01-20,0,0,292.835205078125,290.095947265625,-2.4247589111328125,1.2441864013671875,25.375,91736.734375,267.5139465332031,283.5560302734375,290.9198608398437,0.0002034029312198,0.0017590199131518,0.0108847208321094,2.4069976806640625,-0.246429443359375,-5.580093383789063,-4.988739013671875,2.064804077148437,1.308990478515625
2020-01-20,6,1,300.3294372558594,288.135986328125,-2.403671264648437,-0.1696014404296875,0.0,91982.3125,267.49053955078125,283.592041015625,291.6663513183594,0.000134739850182,0.0014980533160269,0.009976103901863,1.298126220703125,0.0457305908203125,-3.59613037109375,-6.03302001953125,1.9515228271484373,-1.212188720703125
2020-01-20,12,2,302.0110778808594,287.173583984375,-2.0755767822265625,-0.133087158203125,0.0,91614.953125,267.6630249023437,279.8592529296875,295.0990600585937,0.0002499091206118,0.0066782608628273,0.0084705986082553,1.5024871826171875,-1.017242431640625,-3.8857269287109375,-6.475921630859375,-0.0084228515625,-0.3337554931640625
2020-01-20,18,3,294.9297180175781,288.8283386230469,-3.803802490234375,0.9268341064453124,0.0,91933.25,267.6727905273437,285.1424865722656,290.63934326171875,0.0002610594965517,0.0009581861086189,0.0102435052394866,0.8583221435546875,-2.047348022460937,-8.503799438476562,-3.847900390625,-0.700836181640625,0.407867431640625
2020-01-21,0,0,291.4241027832031,288.4222717285156,-2.8745574951171875,0.6278228759765625,0.0,91810.046875,267.4703369140625,284.25958251953125,290.6777038574219,0.0002564154565334,0.0012988268863409,0.0072964020073413,1.6571044921875,-1.5785675048828125,-8.772308349609375,-3.0867919921875,3.616729736328125,-1.202789306640625
2020-01-21,6,1,300.4978942871094,283.1865234375,-4.088058471679688,-0.429107666015625,0.0,92023.34375,267.8685913085937,283.0502319335937,291.24951171875,0.0002685994841158,0.0028674763161689,0.0073195323348045,1.21807861328125,-1.7883453369140625,-6.3173370361328125,-3.8841552734375,6.738006591796875,-1.1526336669921875
2020-01-21,12,2,301.1015319824219,284.1156616210937,-3.4635162353515625,-0.068389892578125,0.0,91702.125,267.68975830078125,282.6791076660156,293.50634765625,0.000276091042906,0.0038273376412689,0.0067845545709133,-0.138275146484375,-0.38671875,-6.2566986083984375,-3.02398681640625,4.4510650634765625,-0.13433837890625
2020-01-21,18,3,293.097900390625,288.54742431640625,-4.0538177490234375,0.483673095703125,0.0,92089.765625,267.30975341796875,281.9291381835937,291.1061096191406,0.0002798580098897,0.0040058344602584,0.0062518008053302,-1.3335723876953125,-2.0647735595703125,-7.250152587890625,0.1832733154296875,3.514389038085937,-0.0121002197265625
2020-01-22,0,0,290.8858642578125,287.41815185546875,-3.18988037109375,-0.0930328369140625,0.0,91888.203125,267.1752014160156,282.4169311523437,291.834228515625,0.0002926911693066,0.0036943138111382,0.0078076049685478,-0.0646514892578125,0.099456787109375,-6.952682495117188,1.131103515625,3.221771240234375,2.8755340576171875
2020-01-22,6,1,299.5932922363281,287.0283203125,-4.4029693603515625,1.1237030029296875,0.0,92087.140625,268.004638671875,282.98907470703125,290.5115661621094,0.0002714798320084,0.0028851118404418,0.0096377469599246,2.6604156494140625,-0.0172271728515625,-7.64208984375,-0.3170318603515625,2.472564697265625,2.019195556640625
2020-01-22,12,2,300.697509765625,288.6639404296875,-3.751678466796875,0.8182373046875,0.0,91701.515625,267.6444091796875,283.1807861328125,293.4161376953125,0.0003107022494077,0.0026895019691437,0.0101869888603687,1.1166839599609375,2.17352294921875,-6.48248291015625,-3.014144897460937,1.2412567138671875,1.4438323974609375
2020-01-22,18,3,293.646728515625,290.7271423339844,-3.5237274169921875,0.6773681640625,0.0,92017.21875,267.2104187011719,283.08868408203125,291.2438049316406,0.0003115592407993,0.0020706809591501,0.0093285851180553,-0.1283721923828125,-0.6226348876953125,-4.4043731689453125,-2.848785400390625,2.081161499023437,2.0722808837890625
2020-01-23,0,0,292.8849182128906,290.0698547363281,-3.280029296875,0.0414886474609375,8.5,91832.296875,267.2803955078125,283.34136962890625,290.05712890625,0.0003129976103082,0.0022059828042984,0.0082882419228553,1.9348297119140625,-1.383331298828125,-7.896270751953125,-2.2376708984375,2.201812744140625,2.0384521484375
2020-01-23,6,1,299.25067138671875,288.304443359375,-3.824417114257813,1.027740478515625,0.0,92017.03125,267.3028259277344,284.4647521972656,289.994873046875,0.0002964100567623,0.0017391813453286,0.0103054158389568,3.06182861328125,-0.305328369140625,-6.5089111328125,-3.1968994140625,1.4986572265625,1.27899169921875
2020-01-23,12,2,300.65838623046875,288.5677490234375,-3.067230224609375,1.4637908935546875,0.0,91664.765625,266.67901611328125,284.91619873046875,293.14703369140625,0.0002719580661505,0.0009370839688926,0.0096963755786418,1.8502960205078125,1.0113525390625,-5.194259643554688,-3.223495483398437,-0.903076171875,2.49383544921875
2020-01-23,18,3,294.2127685546875,289.49072265625,-3.41900634765625,0.2412872314453125,0.0,91949.875,267.0993347167969,285.5761108398437,290.374755859375,0.0003002800513058,0.0004401600454002,0.0102249383926391,1.1894989013671875,-0.126983642578125,-4.4708404541015625,-3.2866973876953125,1.5673980712890625,0.7852020263671875
2020-01-24,0,0,291.32501220703125,289.2075500488281,-2.273178100585937,-0.4334716796875,0.0,91748.015625,267.8084411621094,285.8241271972656,291.585693359375,0.0003323936834931,0.0004254225641489,0.0049358792603015,4.259765625,-2.169189453125,-6.087982177734375,-3.157211303710937,-3.563339233398437,-1.6046295166015625
2020-01-24,6,1,300.1262512207031,281.6746826171875,-3.6385345458984375,-1.0969696044921875,0.0,91969.515625,267.8202514648437,286.6288452148437,291.53448486328125,0.0003702363464981,0.0002620725426822,0.0058988742530345,3.54705810546875,-4.83197021484375,-5.63671875,-3.552886962890625,-3.4361572265625,-1.8852386474609373
2020-01-24,12,2,301.427001953125,283.12188720703125,-2.11810302734375,0.0806427001953125,0.0,91611.75,268.319091796875,285.77691650390625,294.38336181640625,0.0003807910252362,0.0002548282500356,0.0055085271596908,2.7167205810546875,-3.954193115234375,-4.40887451171875,-4.2049560546875,-3.981491088867188,0.0122528076171875
2020-01-24,18,3,292.9090576171875,281.99005126953125,-2.96258544921875,0.4093017578125,0.0,91888.265625,268.5531616210937,285.8514709472656,291.87603759765625,0.0004337036516517,0.0002361031220061,0.0059197507798671,1.0016021728515625,-6.4196624755859375,-2.871566772460937,-3.9458160400390634,-5.034820556640625,-0.2754669189453125
2020-01-25,0,0,289.77667236328125,285.54833984375,-1.75933837890625,-0.2147674560546875,0.0,91767.4375,267.6529541015625,285.7110595703125,290.86102294921875,0.0008306964300572,0.0003297899384051,0.0065475776791572,1.3399658203125,-6.1901397705078125,-2.265777587890625,-4.015060424804688,-3.5538482666015625,-3.519622802734375
2020-01-25,6,1,299.6993713378906,276.82000732421875,-2.9114532470703125,-0.9436798095703124,0.0,91965.0625,267.32354736328125,286.16455078125,291.6074523925781,0.0010419366881251,0.0003635175526142,0.0035809716209769,2.139892578125,-4.973297119140625,-4.4396514892578125,-3.7315673828125,-3.693939208984375,-1.6977996826171875
2020-01-25,12,2,301.01171875,279.56365966796875,-1.68341064453125,0.1004486083984375,0.0,91577.828125,267.473388671875,285.28192138671875,294.74285888671875,0.0007346391212195,0.000492543913424,0.0033471570350229,3.8761138916015625,-2.323089599609375,-4.13482666015625,-4.5431060791015625,-2.8546295166015625,0.25030517578125
2020-01-25,18,3,292.51141357421875,277.90142822265625,-3.2464752197265625,0.34954833984375,0.0,91945.5625,267.2380676269531,285.084228515625,291.28125,0.0007306574843823,0.0006000383291393,0.0047121979296207,3.68792724609375,-4.272491455078125,-5.562545776367188,-3.96783447265625,-2.7115631103515625,0.1077117919921875
2020-01-26,0,0,289.019775390625,286.32232666015625,-1.766510009765625,0.600830078125,0.0,91692.1875,265.924560546875,284.9477233886719,291.9468994140625,0.0010241428390145,0.0007640982512384,0.0054070763289928,4.3052978515625,-3.201904296875,-1.4727935791015625,-4.735137939453125,-4.9855499267578125,-0.450225830078125
2020-01-26,6,1,300.73028564453125,283.3780517578125,-2.435638427734375,-1.3507843017578125,0.0,91844.375,266.649169921875,285.72332763671875,292.30523681640625,0.0010917435865849,0.0009812905918806,0.0072842873632907,3.875289916992188,-1.8400421142578125,-3.855377197265625,-3.952804565429688,-1.2003173828125,-2.351898193359375
2020-01-26,12,2,302.56610107421875,285.45184326171875,-1.503265380859375,-0.2695465087890625,0.0,91454.25,268.1959228515625,283.66558837890625,295.98223876953125,0.0007384230848401,0.0014583962038159,0.0067853331565856,3.9735107421875,-1.0045166015625,-3.174652099609375,-4.923004150390625,-4.3991241455078125,-1.0611572265625
2020-01-26,18,3,294.0158996582031,283.9434814453125,-2.896942138671875,0.990081787109375,0.0,91773.5,267.91876220703125,284.44091796875,292.42022705078125,0.0006076374556869,0.001895081019029,0.0079262591898441,4.630294799804688,-5.446212768554688,-5.474365234375,-2.403549194335937,-3.94818115234375,-0.493133544921875
2020-01-27,0,0,290.5191650390625,286.5321655273437,-1.778228759765625,0.8467559814453125,0.0,91654.453125,267.5093994140625,283.89141845703125,292.0958557128906,0.0005677475128322,0.0031517243478447,0.007830686867237,4.836029052734375,-2.3604278564453125,-3.908538818359375,-1.9703216552734373,-0.918670654296875,0.054840087890625
2020-01-27,6,1,300.66033935546875,285.64117431640625,-1.9205474853515625,1.4127960205078125,0.0,91795.40625,267.83233642578125,284.68389892578125,292.51171875,0.0004855489823967,0.0026515694335103,0.0084574744105339,5.4229888916015625,-0.3637542724609375,-3.29510498046875,-2.4418487548828125,0.16851806640625,1.4715576171875
2020-01-27,12,2,302.5838317871094,285.3944091796875,-0.8763427734375,1.905914306640625,0.0,91446.25,268.241455078125,282.309814453125,295.3459167480469,0.000392144313082,0.0048356102779507,0.0082485973834991,5.1323089599609375,-0.7757720947265625,-1.5478668212890625,0.0542755126953125,-1.6523590087890625,2.930282592773437
2020-01-27,18,3,295.161376953125,286.60821533203125,-2.289306640625,2.2739715576171875,0.0,91695.109375,269.0585327148437,282.8313903808594,292.88720703125,0.0004098891513422,0.003028382314369,0.0087864343076944,6.5595245361328125,0.43731689453125,-1.016265869140625,0.7401275634765625,3.7585601806640634,6.56591796875
2020-01-28,0,0,290.91143798828125,286.9695739746094,1.17083740234375,1.3631744384765625,0.0,91601.578125,269.1827392578125,283.5623779296875,289.2396545410156,0.0004679125268012,0.0028031647671014,0.0105565227568149,7.9127197265625,0.3326873779296875,4.1386566162109375,3.62823486328125,2.7482452392578125,6.3038482666015625
2020-01-28,6,1,299.025634765625,289.4296264648437,1.5836181640625,1.53363037109375,0.0,91836.75,270.0619812011719,282.78790283203125,290.90411376953125,0.0005096816457808,0.0025266679003834,0.0107134208083152,8.400650024414062,1.97027587890625,2.0016021728515625,2.43695068359375,6.818649291992188,2.4387969970703125
2020-01-28,12,2,301.8498229980469,287.2597045898437,0.20989990234375,1.93792724609375,0.0,91558.8125,269.445556640625,282.60565185546875,294.927734375,0.000508063705638,0.0021897894330322,0.0083600021898746,9.223052978515623,3.032073974609375,0.2749481201171875,1.941375732421875,6.701416015625,3.4345855712890625
2020-01-28,18,3,295.18817138671875,287.0604248046875,-1.68804931640625,2.2172088623046875,0.0,91858.671875,268.9600830078125,283.28106689453125,292.913330078125,0.0006312639452517,0.0026696647983044,0.0082731842994689,8.675186157226562,3.497589111328125,-1.5311126708984375,1.63006591796875,4.69671630859375,7.3975830078125
2020-01-29,0,0,292.2178649902344,288.5144958496094,-0.6198272705078125,1.9158782958984373,0.0,91782.140625,268.6098022460937,282.8129272460937,291.6439819335937,0.0005775773897767,0.002991258399561,0.0094648823142051,10.55023193359375,4.621917724609375,1.9920196533203125,1.3107147216796875,5.286346435546875,4.49066162109375
2020-01-29,6,1,300.4833984375,289.1660461425781,0.22430419921875,1.540374755859375,0.0,91930.9375,269.60400390625,283.0145874023437,291.9682006835937,0.0004138050135225,0.0026432634331285,0.01092129945755,10.353713989257812,4.7096710205078125,-0.1131134033203125,3.5928192138671875,2.885650634765625,1.799530029296875
2020-01-29,12,2,303.18115234375,287.26690673828125,-0.18310546875,1.1044158935546875,0.0,91553.296875,269.81768798828125,281.2515869140625,295.5853881835937,0.0003961818292737,0.0051245763897895,0.0087582729756832,12.352005004882812,0.984161376953125,-0.5867767333984375,1.202789306640625,0.4738922119140625,1.66986083984375
2020-01-29,18,3,295.67340087890625,284.9705505371094,-1.7859954833984375,1.2503814697265625,0.0,91855.71875,270.2304077148437,282.6571655273437,293.4545288085937,0.0003816152457147,0.0029157444369047,0.0075553506612777,10.665451049804688,3.3634033203125,-0.67425537109375,0.5276947021484375,-0.2861480712890625,6.527435302734375
2020-01-30,0,0,292.9538879394531,287.74365234375,-0.6586151123046875,0.4233551025390625,0.0,91740.40625,269.903076171875,282.2740173339844,292.94293212890625,0.0003160485066473,0.0022901622578501,0.0078015327453613,9.902297973632812,4.31658935546875,2.2575836181640625,2.188018798828125,1.3044586181640625,2.2138824462890625
2020-01-30,6,1,300.87078857421875,287.2564697265625,0.3815460205078125,1.7556915283203125,0.0,91876.0625,268.2994689941406,283.4183349609375,292.8978271484375,0.0002414204063825,0.0013246901798993,0.0092400796711444,9.64007568359375,6.22906494140625,0.2696380615234375,-2.8509674072265625,-1.9908599853515625,2.2256011962890625
2020-01-30,12,2,303.3568725585937,287.9747619628906,0.72186279296875,0.43359375,0.0,91455.375,269.1893310546875,281.7734680175781,296.1626281738281,0.0002448207233101,0.004335387609899,0.007631093263626,11.47967529296875,2.217758178710937,1.1896820068359375,-2.8797760009765625,-2.8281707763671875,0.50653076171875
2020-01-30,18,3,295.2655639648437,285.47198486328125,-1.723341941833496,0.64459228515625,0.0,91649.734375,269.0934143066406,280.19970703125,294.5269470214844,0.0003168554976582,0.0067027993500232,0.0077619776129722,9.747177124023438,0.9952545166015624,0.7664642333984375,-0.9797210693359376,-5.933029174804688,0.2082366943359375
2020-01-31,0,0,293.01141357421875,286.520263671875,-1.0623321533203125,1.5607452392578125,0.0,91620.078125,267.94854736328125,281.7266540527344,291.8138427734375,0.0002229523524874,0.0022590837907046,0.0082445070147514,8.863540649414062,6.742706298828125,3.89508056640625,-1.992584228515625,-3.317474365234375,4.0557861328125
2020-01-31,6,1,300.92236328125,287.94677734375,0.0204925537109375,2.203521728515625,0.0,91745.328125,269.5108337402344,282.741943359375,292.6766967773437,0.0001942140370374,0.0012067996431142,0.0094207376241683,9.810531616210938,5.8610687255859375,-0.2471466064453125,-2.236236572265625,-5.2405853271484375,2.82769775390625
2020-01-31,12,2,303.21661376953125,288.72705078125,0.0314178466796875,0.2295684814453125,0.0,91350.515625,271.427734375,280.3965759277344,296.3178100585937,0.0001588531740708,0.0073608346283435,0.0079567059874534,11.615737915039062,-1.276092529296875,-0.211456298828125,-1.0878143310546875,-1.6035919189453125,0.059478759765625
2020-01-31,18,3,295.8992004394531,287.6717224121094,-2.828857421875,1.7447509765625,0.0,91635.578125,270.78350830078125,280.8964233398437,292.5663146972656,0.0001789659581845,0.0058182664215564,0.0088173113763332,6.9341888427734375,1.8059234619140625,-2.310577392578125,-0.751434326171875,-4.5359649658203125,8.426132202148438
2020-02-01,0,0,292.9676818847656,290.6376342773437,-2.129379272460937,2.0688629150390625,2.875,91578.78125,271.42236328125,280.8780517578125,290.605224609375,0.0002505817101337,0.0047285184264183,0.0104950666427612,5.595993041992188,-2.1261749267578125,-0.9188995361328124,-3.0601959228515625,0.5240631103515625,8.804595947265625
2020-02-01,6,1,299.4668884277344,287.31573486328125,-1.252960205078125,3.865631103515625,0.0,91810.03125,271.986572265625,283.35626220703125,291.1156005859375,0.0003482201136648,0.001073993043974,0.0093526020646095,3.9952545166015625,0.6702423095703125,-1.5810394287109375,-5.1464385986328125,0.7098541259765625,5.6933441162109375
2020-02-01,12,2,301.3292541503906,287.8601989746094,-1.130126953125,1.0357818603515625,0.0,91491.984375,271.7788391113281,279.527587890625,294.69677734375,0.0003298487281426,0.0062610320746898,0.0085401311516761,3.599716186523437,-1.8153533935546875,-1.942901611328125,-3.2129669189453125,-0.8920745849609375,1.344268798828125
2020-02-01,18,3,295.1087341308594,290.4389953613281,-3.777023315429688,1.70550537109375,5.5,91811.15625,270.43084716796875,284.2891845703125,291.23828125,0.0003895028494298,0.0014874371699988,0.0107076726853847,3.6407318115234375,-1.4665679931640625,-5.6485443115234375,-3.459335327148437,-1.974212646484375,6.206878662109375
2020-02-02,0,0,292.34423828125,289.9521484375,-3.211273193359375,1.865875244140625,18.125,91729.515625,270.9640808105469,282.0179443359375,290.62408447265625,0.0003159786574542,0.0021495486143976,0.0092653185129165,1.4765777587890625,-2.8658599853515625,-8.081619262695312,-5.800949096679688,-1.22430419921875,4.717788696289063
2020-02-02,6,1,298.298095703125,287.61016845703125,-2.796875,2.5573272705078125,0.0,92006.796875,270.6282043457031,281.5917358398437,289.98614501953125,0.0003781686536967,0.0015381490811705,0.0094119645655155,-1.63421630859375,-4.907730102539063,-4.724456787109375,-3.7977294921875,0.2605438232421875,3.686477661132813
2020-02-02,12,2,300.32147216796875,287.3886413574219,-2.9922027587890625,0.6985931396484375,0.0,91656.703125,269.99560546875,278.84259033203125,293.27716064453125,0.0004417097661644,0.0058111436665058,0.0083016790449619,-1.3145751953125,-1.5479736328125,-4.8156280517578125,-4.1527252197265625,-0.252288818359375,0.956756591796875
2020-02-02,18,3,294.6695251464844,287.5545349121094,-3.5526123046875,1.285675048828125,0.25,91991.859375,269.7680053710937,282.88671875,290.4413146972656,0.0004342090687714,0.0012479892466217,0.0096063390374183,-0.8634033203125,-0.9326324462890624,-7.1671295166015625,-0.9292449951171876,-2.543319702148437,1.8093414306640625
2020-02-03,0,0,292.1234130859375,289.9128112792969,-2.980941772460937,1.3067779541015625,1.5,91842.953125,269.8246459960937,282.7284545898437,291.1141357421875,0.0003344842698425,0.0010184955317527,0.0060804449021816,0.59405517578125,-1.674774169921875,-7.1247100830078125,-0.8533782958984375,-1.76568603515625,0.4759368896484375
2020-02-03,6,1,299.6947631835937,282.7040710449219,-2.9820709228515625,0.800506591796875,0.0,92004.9375,269.10479736328125,283.5390014648437,290.83026123046875,0.0003588541876524,0.0006021382287144,0.006516970694065,-1.5205230712890625,-3.274383544921875,-4.65093994140625,0.2403564453125,1.0942535400390625,0.492279052734375
2020-02-03,12,2,301.3144836425781,283.3448486328125,-2.71881103515625,0.1313629150390625,0.0,91589.0625,269.9598693847656,280.642822265625,294.268798828125,0.0003490601666271,0.0023282705806195,0.005919475108385,0.0484619140625,-1.586334228515625,-4.7567291259765625,1.9523468017578125,-2.2197418212890625,-0.052734375
2020-02-03,18,3,293.9971008300781,286.4794616699219,-3.77191162109375,1.6871185302734375,0.0,91879.5625,269.90838623046875,282.54168701171875,290.9702453613281,0.0003223710227757,0.0007699774578213,0.0077071264386177,1.61956787109375,-4.470382690429688,-6.0672607421875,2.432037353515625,-2.1923980712890625,2.466659545898437
2020-02-04,0,0,291.27569580078125,289.6947021484375,-3.352874755859375,1.1852264404296875,1.75,91685.5,270.3304443359375,284.34332275390625,290.8143005371094,0.0003347827587276,0.0005512835923582,0.0047215074300765,3.8706207275390634,-1.7308502197265625,-5.021636962890625,-0.8546600341796875,1.67626953125,1.8615570068359373
2020-02-04,6,1,299.1697082519531,283.28228759765625,-2.585433959960937,2.046600341796875,0.0,91890.671875,270.6783142089844,285.4595947265625,290.3809814453125,0.0003427460324019,0.0005289749242365,0.0061683431267738,3.070281982421875,-0.05322265625,-4.0509796142578125,-0.8971099853515625,1.484039306640625,2.85113525390625
2020-02-04,12,2,300.9997863769531,284.21978759765625,-1.551849365234375,1.0911712646484375,0.0,91499.859375,271.3266906738281,283.9574584960937,294.0543518066406,0.0003268818836659,0.0006440512370318,0.0067185722291469,3.074798583984375,1.5841522216796875,-2.73297119140625,-4.168975830078125,-0.3137969970703125,1.7664947509765625
2020-02-04,18,3,294.32098388671875,289.633544921875,-3.4978790283203125,1.6710968017578125,2.5,91753.84375,271.7027893066406,286.75225830078125,290.5621337890625,0.0002849863376468,0.000553548336029,0.0106886141002178,1.700042724609375,-1.0624542236328125,-4.468658447265625,-7.4639892578125,-0.341888427734375,5.1356964111328125
2020-02-05,0,0,293.4339599609375,290.9628295898437,-2.624496459960937,1.3974456787109375,32.875,91706.40625,270.3292236328125,282.4593505859375,289.40802001953125,0.000284094363451,0.0015101816970854,0.0107092186808586,0.954925537109375,-2.7907257080078125,-3.449203491210937,-8.878433227539062,-0.03460693359375,4.6248931884765625
2020-02-05,6,1,299.3885498046875,289.75738525390625,-2.0298614501953125,-0.1512451171875,3.125,91867.6875,269.86627197265625,284.24188232421875,290.55242919921875,0.0002787263947539,0.0008682319894433,0.010630389675498,-2.31475830078125,-0.1830291748046875,-2.8579864501953125,-5.58221435546875,1.3581390380859375,-0.6748809814453125
2020-02-05,12,2,301.4466552734375,288.002197265625,-0.784942626953125,0.578399658203125,0.0,91521.078125,270.3614501953125,281.16668701171875,294.0900573730469,0.0002610783558338,0.0036080267746001,0.0088136754930019,-3.3828887939453125,0.56463623046875,-1.12176513671875,-4.81982421875,-1.4325408935546875,0.5900726318359375
2020-02-05,18,3,295.1199951171875,286.73272705078125,-2.930267333984375,1.869659423828125,0.0,91831.1875,269.96636962890625,286.4855651855469,291.00927734375,0.0002589894575066,0.0006132612470537,0.0100327432155609,-2.492660522460937,-2.334442138671875,-3.661209106445313,-2.830963134765625,-0.84796142578125,6.789947509765625
2020-02-06,0,0,292.22833251953125,289.47857666015625,-1.0880279541015625,1.494232177734375,0.0,91692.625,270.3085327148437,283.178955078125,290.31695556640625,0.000247525749728,0.0011890472378581,0.0101770311594009,-3.9587554931640634,-0.0765380859375,2.3364410400390625,-0.8159027099609375,1.5707550048828125,4.867584228515625
2020-02-06,6,1,300.2139587402344,289.4135131835937,0.4932861328125,0.6310272216796875,4.5,91905.09375,271.1025390625,283.62335205078125,291.3294372558594,0.0002713655121624,0.0009493278339505,0.0107589773833751,-4.12445068359375,1.7912139892578125,0.5896453857421875,0.54095458984375,2.951278686523437,0.490264892578125
2020-02-06,12,2,302.2558288574219,288.38970947265625,-0.0463714599609375,1.0270538330078125,0.0,91488.734375,271.11993408203125,282.4342346191406,294.7964172363281,0.0002701734192669,0.002878779079765,0.0091792978346347,-1.2244110107421875,2.610336303710937,-0.30810546875,3.234710693359375,-0.417327880859375,1.461090087890625
2020-02-06,18,3,295.3495178222656,287.1034240722656,-3.2095184326171875,2.4804229736328125,0.0,91787.828125,269.04522705078125,284.9539794921875,291.69696044921875,0.0002684257924556,0.0009666809346526,0.0096246674656867,0.1662445068359375,3.3175201416015625,-1.067047119140625,2.7054443359375,-0.2646636962890625,7.647796630859375
2020-02-07,0,0,292.2630615234375,289.1526184082031,-1.8757781982421875,1.9319305419921875,8.25,91742.875,269.56103515625,282.67706298828125,290.5637512207031,0.0002526928437873,0.002185477875173,0.0106472996994853,4.028106689453125,4.3981781005859375,2.17010498046875,0.992523193359375,1.546051025390625,7.43817138671875
2020-02-07,6,1,299.504150390625,290.259033203125,-0.38031005859375,2.7215118408203125,0.0,91896.4375,269.7792053222656,284.7822265625,290.8296203613281,0.0002532367943786,0.0007897592149674,0.0113586075603961,2.9542236328125,7.815765380859375,-0.231597900390625,0.0378570556640625,2.0028839111328125,3.71661376953125
2020-02-07,12,2,301.5487670898437,289.2596435546875,1.392669677734375,1.2548980712890625,10.5,91569.6875,270.0888671875,279.63641357421875,294.5262451171875,0.0002594178076833,0.0077358968555927,0.0096748769283294,3.678955078125,1.850921630859375,2.320297241210937,1.075439453125,-0.15411376953125,1.7767486572265625
2020-02-07,18,3,295.76708984375,288.9691162109375,-1.348785400390625,2.51031494140625,19.625,91860.6875,269.8931884765625,279.44757080078125,292.0128173828125,0.000276600709185,0.0068762190639972,0.0106203705072402,1.4471435546875,5.077682495117188,1.1697235107421875,5.47198486328125,-6.611831665039063,7.987899780273437
2020-02-08,0,0,293.226318359375,289.19708251953125,-0.8889923095703125,1.65167236328125,2.125,91734.375,268.1010131835937,283.8658447265625,289.6705017089844,0.0002552493242546,0.0009734900668263,0.0115318074822425,4.66705322265625,11.47882080078125,3.5714111328125,4.806640625,0.618988037109375,3.2789306640625
2020-02-08,6,1,299.8925170898437,290.3173217773437,1.48394775390625,2.2397003173828125,0.0,91952.390625,268.72821044921875,283.0267944335937,291.0921630859375,0.0002556077670305,0.001139732543379,0.0106629710644483,7.22430419921875,9.422866821289062,2.12774658203125,5.4900970458984375,1.7572174072265625,2.917465209960937
2020-02-08,12,2,301.5855712890625,288.61932373046875,1.706573486328125,0.934722900390625,0.0,91565.296875,268.62548828125,280.4960632324219,294.5755310058594,0.0002826862037181,0.004308633506298,0.0088028609752655,10.872406005859377,5.613861083984375,2.5157623291015625,5.0084381103515625,1.8071441650390625,1.6817474365234375
2020-02-08,18,3,294.97320556640625,287.6333923339844,-0.7355194091796875,1.920684814453125,5.125,91834.421875,269.53399658203125,278.56500244140625,292.9369812011719,0.0002831569872796,0.0060037150979042,0.0086759105324745,11.890899658203123,1.450927734375,1.001800537109375,6.63665771484375,-0.137054443359375,3.23492431640625
2020-02-09,0,0,293.1222839355469,290.44268798828125,-2.402587890625,1.4789581298828125,101.125,91770.71875,269.6199951171875,278.3582458496094,289.68768310546875,0.0003042491152882,0.0048898942768573,0.0109673999249935,13.016082763671877,4.672164916992188,0.605010986328125,5.219772338867188,3.17266845703125,4.41357421875
2020-02-09,6,1,299.9585266113281,290.4966735839844,-1.37335205078125,2.505584716796875,41.875,91920.796875,269.1418151855469,281.7200927734375,290.8116455078125,0.0002160361764254,0.0017094246577471,0.011125661432743,12.849502563476562,4.3515625,-1.9000701904296875,3.443206787109375,2.4273834228515625,3.338836669921875
2020-02-09,12,2,301.3984375,288.3075561523437,-1.9402313232421875,1.4591522216796875,18.375,91574.5,268.8603210449219,279.1028137207031,293.4017333984375,0.0001021888165269,0.0070954449474811,0.0096707418560981,11.272491455078123,-0.349639892578125,-2.94122314453125,2.890106201171875,-1.5977783203125,2.06048583984375
2020-02-09,18,3,295.3244323730469,290.15740966796875,-4.703399658203125,1.8311920166015625,0.0,91859.515625,270.3561706542969,280.17022705078125,289.5492858886719,2.778576163109392e-05,0.0051926402375102,0.0110464803874492,0.18701171875,0.63531494140625,-8.245193481445312,-5.23406982421875,-1.677642822265625,6.1937408447265625
2020-02-10,0,0,292.8670349121094,290.77789306640625,-3.24481201171875,1.55908203125,33.75,91765.765625,270.7286376953125,279.2677001953125,287.8080444335937,4.889041883870959e-05,0.0053001716732978,0.0114390961825847,-3.6000213623046875,-0.1492462158203125,-7.731307983398437,-8.816314697265625,-0.535125732421875,5.7534942626953125
2020-02-10,6,1,299.3681640625,289.18731689453125,-3.078125,1.3388671875,0.0,91961.1875,270.57867431640625,282.1644287109375,290.038330078125,0.0002131625515175,0.001431681914255,0.0103976391255855,-10.007247924804688,1.9811859130859373,-4.690673828125,-9.827972412109377,3.4342041015625,2.030975341796875
2020-02-10,12,2,301.56597900390625,286.9623413085937,-2.85675048828125,0.3412933349609375,0.0,91572.265625,271.02764892578125,280.66827392578125,293.90899658203125,0.0003974947612732,0.003602668410167,0.0087374597787857,-12.094741821289062,2.2941436767578125,-4.551422119140625,-6.283004760742188,0.0445098876953125,0.443206787109375
2020-02-10,18,3,294.41015625,289.8063049316406,-4.766647338867188,1.0059814453125,0.0,91858.203125,271.3365478515625,282.96405029296875,289.72686767578125,0.0004491116851568,0.0013685671146959,0.0106100887060165,-12.98931884765625,4.394577026367188,-9.303054809570312,-3.060150146484375,1.2989501953125,1.4871826171875
2020-02-11,0,0,291.4135131835937,288.3060302734375,-3.6933441162109375,1.1874237060546875,0.0,91754.5,271.3705139160156,281.65789794921875,289.9405517578125,0.0003485950874164,0.0017164561431854,0.0080064553767442,-12.12677001953125,1.0855255126953125,-10.071990966796877,-2.2176513671875,2.1766815185546875,1.3726959228515625
2020-02-11,6,1,298.99957275390625,288.297119140625,-4.221649169921875,0.85595703125,0.0,92000.984375,271.0419006347656,282.67828369140625,289.94708251953125,0.0003142626956105,0.0016581790987402,0.0090780444443225,-12.929519653320312,-0.337158203125,-6.716064453125,-1.3067779541015625,3.597763061523437,1.0664215087890625
2020-02-11,12,2,301.07867431640625,287.0594482421875,-3.54473876953125,0.30523681640625,0.0,91634.828125,270.66278076171875,282.99737548828125,293.7702941894531,0.0003507726360112,0.0019596840720623,0.0082629397511482,-12.643203735351562,0.567413330078125,-5.9375762939453125,0.678924560546875,1.5778961181640625,0.3531036376953125
2020-02-11,18,3,294.1345520019531,290.87420654296875,-4.817428588867188,0.7534027099609375,0.0,91962.125,270.41278076171875,284.96685791015625,289.08807373046875,0.0003157523460686,0.0009155657608062,0.0107600465416908,-12.354385375976562,-2.2025909423828125,-10.16455078125,3.1698150634765625,5.411468505859375,0.370880126953125
2020-02-12,0,0,292.7552185058594,289.19439697265625,-3.293182373046875,1.10565185546875,1.0,91887.34375,269.9173583984375,284.83172607421875,289.68902587890625,0.0003246495034545,0.0009563318453729,0.0072023198008537,-12.265396118164062,-0.8329620361328125,-8.676239013671875,4.206466674804688,3.944732666015625,1.3766021728515625
2020-02-12,6,1,299.7976379394531,287.7694091796875,-3.774810791015625,1.6875762939453125,0.0,92119.265625,268.8638916015625,284.734619140625,290.3739013671875,0.0003435999096836,0.0010346001945436,0.0086727663874626,-12.971847534179688,-0.3985595703125,-6.04400634765625,2.9440460205078125,2.92578125,2.77532958984375
2020-02-12,12,2,301.74542236328125,288.011474609375,-2.248504638671875,0.4811859130859375,0.0,91764.1875,268.710205078125,282.470703125,293.767578125,0.0003357033710926,0.0018692521844059,0.0088086910545825,-13.37554931640625,1.0854644775390625,-3.4912567138671875,2.277435302734375,0.1428070068359375,0.771942138671875
2020-02-12,18,3,294.8971862792969,289.4794311523437,-3.949676513671875,0.24896240234375,0.0,92035.453125,268.7672119140625,285.6609802246094,289.4618225097656,0.00024583627237,0.0012212337460368,0.0113074257969856,-13.723724365234377,-0.4097442626953125,-9.092605590820312,2.1658935546875,3.784591674804688,0.445892333984375
2020-02-13,0,0,292.59332275390625,290.62506103515625,-2.291748046875,0.2411041259765625,0.25,91900.375,268.155029296875,284.83087158203125,289.9354858398437,0.0002495252992957,0.0014847067650407,0.009968314319849,-14.36431884765625,1.507110595703125,-5.0785064697265625,2.841461181640625,0.952362060546875,-3.000885009765625
2020-02-13,6,1,300.4431457519531,283.1524353027344,-3.412384033203125,-2.2177734375,0.0,92061.96875,268.494873046875,284.95343017578125,291.29132080078125,0.0002159257564926,0.0013402788899838,0.006059031933546,-14.5548095703125,1.073516845703125,-5.3179473876953125,3.4151611328125,-2.0789031982421875,-3.76983642578125
2020-02-13,12,2,302.2535400390625,285.70526123046875,-2.3238677978515625,-0.6317596435546875,0.0,91643.484375,268.49566650390625,285.207763671875,295.215576171875,0.0002299696207046,0.0008120213169604,0.0061894729733467,-11.19427490234375,0.57550048828125,-4.3842620849609375,2.7633514404296875,-3.8436279296875,-1.1774444580078125
2020-02-13,18,3,294.9164733886719,285.5314636230469,-2.9476470947265625,1.3274993896484375,0.0,91940.84375,268.25750732421875,286.3258361816406,290.9418334960937,0.0002099657576764,0.000473222695291,0.0088983923196792,-11.025070190429688,-3.2183990478515625,-4.95831298828125,3.749969482421875,-5.843902587890625,2.6934814453125
2020-02-14,0,0,291.8593139648437,289.3847045898437,-1.4694061279296875,0.53326416015625,0.0,91693.984375,268.82373046875,286.3096923828125,290.5180969238281,0.0001912240259116,0.0005276759620755,0.0097138695418834,-9.9254150390625,-4.931198120117188,-0.1156768798828125,4.395904541015625,-1.381988525390625,0.5229339599609375
2020-02-14,6,1,300.2252197265625,288.165771484375,-0.4117584228515625,-1.5519561767578125,0.0,91891.546875,268.801025390625,285.5492553710937,291.59747314453125,0.0001875754242064,0.0004903830122202,0.0099618714302778,-10.379623413085938,-1.0370025634765625,-0.542999267578125,4.138198852539063,-0.2173919677734375,-2.2544097900390625
2020-02-14,12,2,302.6314392089844,288.1761474609375,-0.4096221923828125,-1.5803070068359375,0.0,91508.578125,269.306884765625,281.8259582519531,295.48406982421875,0.0002056224329862,0.003634347114712,0.0086713917553424,-7.51025390625,0.411712646484375,-0.6983642578125,4.358917236328125,-0.4488372802734375,-2.29473876953125
2020-02-14,18,3,295.3017578125,284.7204284667969,-2.8556365966796875,0.0231781005859375,0.0,91810.203125,269.3087158203125,286.00311279296875,293.10693359375,0.0002232687547802,0.0005215483251959,0.0077840983867645,-6.839447021484375,2.3126373291015625,-5.301773071289063,5.3997802734375,-2.944931030273437,-1.509857177734375
2020-02-15,0,0,292.273681640625,286.92266845703125,-1.724456787109375,-0.0194244384765625,0.0,91626.328125,267.542236328125,286.747802734375,292.3905639648437,0.0002225498174084,0.0004056761972606,0.0081202052533626,-4.012374877929688,-2.9517974853515625,-1.2178955078125,6.353805541992188,-2.7339630126953125,-2.5557098388671875
2020-02-15,6,1,301.0389709472656,285.694580078125,-1.3289337158203125,-0.8104248046875,0.0,91880.453125,268.156494140625,286.5292358398437,292.69219970703125,0.0001988825097214,0.0003821433056145,0.0084537677466869,-5.0758209228515625,-3.47271728515625,-1.748931884765625,4.8152923583984375,0.4928741455078125,-1.4259033203125
2020-02-15,12,2,303.8158874511719,286.58251953125,-0.99615478515625,-0.6216583251953125,0.0,91498.5,268.44091796875,284.66558837890625,296.5008239746094,0.0002374946925556,0.0012415961828082,0.0069680027663707,-3.9168853759765625,-1.683502197265625,-1.7763824462890625,2.812240600585937,-0.13165283203125,-1.2111968994140625
2020-02-15,18,3,295.63629150390625,282.27032470703125,-3.658172607421875,0.8165283203125,0.0,91803.96875,269.1467590332031,287.7812194824219,293.3192443847656,0.0002937688259407,0.0003292232286185,0.0065411925315856,-3.2607879638671875,-5.477996826171875,-4.77154541015625,0.0872802734375,-0.710418701171875,2.5641632080078125
2020-02-16,0,0,292.7168884277344,281.34918212890625,-2.883331298828125,0.6739349365234375,0.0,91718.140625,268.4935607910156,286.4873352050781,292.4985046386719,0.0002872146724257,0.0003741870168596,0.0068596974015235,-2.1612091064453125,-3.971359252929688,-4.4288482666015625,-1.1259307861328125,0.494720458984375,0.5767974853515625
2020-02-16,6,1,301.2144470214844,282.2997131347656,-3.079010009765625,-0.602264404296875,0.0,91958.609375,268.1964111328125,286.1747741699219,292.489501953125,0.0003188299015164,0.0003933839034289,0.0059165246784687,-3.2880401611328125,-4.481201171875,-4.585723876953125,-2.5395660400390625,3.107574462890625,-1.5205230712890625
2020-02-16,12,2,303.1195678710937,282.4200439453125,-1.91387939453125,-0.4550323486328125,0.0,91628.953125,269.03692626953125,285.7510986328125,296.066162109375,0.0002500479458831,0.0003655450418591,0.0048866122961044,-3.996612548828125,-0.6588134765625,-3.61480712890625,1.438232421875,-1.5302734375,-1.22845458984375
2020-02-16,18,3,294.7635192871094,281.9078674316406,-3.8528900146484375,0.351104736328125,0.0,91905.109375,268.81402587890625,286.54522705078125,293.00152587890625,0.0002489883918315,0.0003402938600629,0.0048807114362716,-2.3249053955078125,-6.701324462890625,-5.423263549804688,1.741485595703125,0.3090057373046875,-0.9506683349609376
2020-02-17,0,0,290.60479736328125,286.1307678222656,-2.4786529541015625,-0.177398681640625,0.0,91794.078125,268.4739990234375,286.10382080078125,291.97686767578125,0.0002867656294256,0.0003697802312672,0.004482754971832,-1.7006378173828125,-4.7440948486328125,-4.3621673583984375,1.98199462890625,-0.94549560546875,-4.341156005859375
2020-02-17,6,1,300.1386413574219,277.3603515625,-2.9912567138671875,-0.4591827392578125,0.0,92086.96875,268.5262451171875,285.98388671875,291.8060302734375,0.0002885081339627,0.0003586071543395,0.0035619852133095,-2.218124389648437,-5.7574462890625,-4.617401123046875,1.0097808837890625,-0.2581634521484375,-1.1365203857421875
2020-02-17,12,2,302.5106811523437,282.2846984863281,-1.90179443359375,-0.600555419921875,0.0,91684.15625,267.9271240234375,286.8988647460937,295.4080810546875,0.0002296364109497,0.0002980066929012,0.003442226909101,-1.91357421875,-3.240341186523437,-4.0058441162109375,0.110382080078125,-0.772216796875,-1.5327911376953125
2020-02-17,18,3,293.6671142578125,282.3567810058594,-3.547607421875,-0.2541046142578125,0.0,91940.328125,268.7841796875,286.5042724609375,292.5850830078125,0.0003102142363786,0.0002938514808192,0.0047915801405906,-0.5997772216796875,-5.4566497802734375,-4.6291351318359375,-0.5411529541015625,-0.526641845703125,-3.379257202148437
2020-02-18,0,0,291.5418701171875,285.852783203125,-2.2910919189453125,0.5500030517578125,0.0,91797.875,268.41229248046875,285.907470703125,290.31365966796875,0.0003965818323194,0.0003781511913985,0.0070882625877857,1.2132110595703125,-3.83612060546875,-7.559646606445312,-3.705123901367188,-2.154525756835937,-4.6778717041015625
2020-02-18,6,1,300.0948791503906,282.3026733398437,-3.985992431640625,-0.99267578125,0.0,92004.359375,268.1580810546875,285.8222961425781,291.39923095703125,0.0005094350781291,0.0003370614722371,0.0065274760127067,1.094818115234375,-4.155120849609375,-6.452850341796875,-3.977264404296875,-1.0011444091796875,-1.9462432861328125
2020-02-18,12,2,302.6262512207031,284.421142578125,-2.4810028076171875,0.2567138671875,0.0,91632.296875,267.7763977050781,285.92205810546875,295.2930908203125,0.0004160702228546,0.0002810989972203,0.0059769973158836,1.183563232421875,-2.3785400390625,-4.6094512939453125,-5.545333862304688,-3.771560668945313,0.0146942138671875
2020-02-18,18,3,294.79248046875,285.8203125,-3.2964324951171875,1.1520538330078125,0.0,91925.8125,268.193115234375,285.8194580078125,292.1531982421875,0.0002085615851683,0.0004763095639646,0.0074112676084041,-2.9124755859375,-5.636886596679688,-4.67474365234375,-5.003707885742188,-3.256805419921875,1.3242645263671875
2020-02-19,0,0,292.0533752441406,289.48297119140625,-2.1296539306640625,0.517120361328125,0.0,91750.609375,268.05078125,284.930908203125,291.67852783203125,0.0002715361770242,0.0007592376787215,0.0075274296104907,-3.95196533203125,-4.998550415039063,-2.4200897216796875,-4.467987060546875,-2.321441650390625,-1.7478790283203125
2020-02-19,6,1,300.45269775390625,286.0142822265625,-2.9443359375,-0.4302215576171875,0.0,91956.140625,268.2403259277344,284.80810546875,291.71319580078125,0.0002845203271135,0.0010694502852857,0.0082106776535511,-6.036956787109375,-4.995849609375,-4.31396484375,-1.9020233154296875,-1.94488525390625,-1.310760498046875
2020-02-19,12,2,302.59735107421875,285.75396728515625,-2.4030914306640625,-0.093231201171875,0.0,91564.875,268.2105712890625,282.6313781738281,295.58111572265625,0.0002784351818263,0.0021017475519329,0.0066133886575698,-4.9711456298828125,-2.1645965576171875,-3.85052490234375,1.6384124755859375,-1.9763641357421875,-0.5446014404296875
2020-02-19,18,3,294.32684326171875,286.5707702636719,-4.220062255859375,0.870361328125,0.0,91819.078125,268.73785400390625,284.6835327148437,291.986572265625,0.0002749422565102,0.0010311850346624,0.0078382343053817,-2.04473876953125,-4.6217193603515625,-6.0736083984375,2.672348022460937,-0.7510223388671875,1.164276123046875
2020-02-20,0,0,291.4661560058594,288.8028564453125,-2.6343231201171875,0.332305908203125,0.0,91698.828125,268.2387390136719,283.9871520996094,291.9213256835937,0.0002420352684566,0.0012273676693439,0.0053127561695873,0.376983642578125,-3.888626098632813,-5.5107269287109375,-0.4296112060546875,1.9056243896484373,-1.2759857177734375
2020-02-20,6,1,300.38287353515625,280.12921142578125,-3.46087646484375,-0.263763427734375,0.0,91936.671875,268.85223388671875,283.8822631835937,291.367919921875,0.000174442116986,0.001009063096717,0.0054139420390129,1.0407867431640625,-3.739654541015625,-5.42266845703125,1.77484130859375,2.5413055419921875,-1.274566650390625
2020-02-20,12,2,302.7911682128906,281.172607421875,-2.23297119140625,0.5393524169921875,0.0,91543.359375,269.0581359863281,284.2446594238281,295.5509338378906,0.000145235855598,0.0008300158660858,0.0047789998352527,3.765579223632813,-2.2510986328125,-4.2431182861328125,0.88885498046875,2.4221343994140625,0.798095703125
2020-02-20,18,3,294.5028686523437,286.6332092285156,-4.0023040771484375,1.5150299072265625,0.0,91911.828125,268.8110656738281,284.5028686523437,290.86981201171875,0.0001442868378944,0.0005951724015176,0.0082409642636775,3.7260589599609375,-3.29632568359375,-6.121505737304688,1.2440338134765625,2.589996337890625,3.556732177734375
2020-02-21,0,0,291.90167236328125,290.2099609375,-2.7287750244140625,0.6018218994140625,1.75,91752.3125,269.1651611328125,284.08917236328125,291.77642822265625,0.0001221091806655,0.0004351558163762,0.0055474750697612,4.1578369140625,-2.36944580078125,-4.25372314453125,-1.1151885986328125,2.1246795654296875,0.7959442138671875
2020-02-21,6,1,300.49237060546875,282.65093994140625,-2.421234130859375,0.738983154296875,0.0,92042.84375,268.8609619140625,283.7148742675781,291.4809875488281,0.0001213900686707,0.0004715356044471,0.0054597929120063,1.6781005859375,-4.372589111328125,-3.6972808837890634,-0.08355712890625,3.828399658203125,0.5138092041015625
2020-02-21,12,2,302.82049560546875,281.8837585449219,-2.3314971923828125,0.6711883544921875,0.0,91732.953125,268.53973388671875,282.5425720214844,295.67755126953125,0.0001237611868418,0.0010790459346026,0.0043661184608936,0.4194488525390625,-2.7730255126953125,-4.632614135742188,0.545654296875,-0.1174163818359375,1.0082855224609375
2020-02-21,18,3,294.8603210449219,287.89697265625,-3.8494720458984375,1.1116180419921875,0.0,92079.09375,268.9685974121094,283.4561462402344,291.67999267578125,0.000125311766169,0.0014737087767571,0.0088836997747421,0.23065185546875,-5.0273284912109375,-5.967315673828125,-0.5966033935546875,2.3605499267578125,2.9000396728515625
2020-02-22,0,0,292.7929077148437,290.71295166015625,-3.2918243408203125,0.315643310546875,3.375,91939.578125,267.9682922363281,283.3912353515625,292.7381591796875,0.0001346147619187,0.0018038759008049,0.0049159377813339,0.835296630859375,-3.458465576171875,-4.044097900390625,-0.6085968017578125,0.8825836181640625,-1.3772430419921875
2020-02-22,6,1,300.23992919921875,286.6814270019531,-3.047576904296875,0.118194580078125,0.0,92132.78125,268.7679443359375,283.647705078125,291.1387939453125,0.000144314210047,0.0020727980881929,0.0083069652318954,-0.2500457763671875,-3.416351318359375,-4.587203979492188,-4.260055541992188,0.3439483642578125,-0.3384246826171875
2020-02-22,12,2,302.5313415527344,286.05841064453125,-3.0402612686157227,0.1471099853515625,0.0,91743.109375,269.6578369140625,281.92364501953125,295.1401672363281,0.000301843509078,0.0027777773793786,0.0072414390742778,0.426177978515625,-1.239593505859375,-4.94903564453125,-6.442794799804688,-1.62603759765625,0.0517425537109375
2020-02-22,18,3,295.0042724609375,290.73321533203125,-4.2039642333984375,1.2242279052734375,0.0,92077.03125,269.84332275390625,284.5621337890625,290.86456298828125,0.000348224886693,0.0006812161300331,0.0100203901529312,0.457427978515625,-2.5942840576171875,-6.89990234375,-3.8004302978515625,-0.2217864990234375,1.6880035400390625
2020-02-23,0,0,292.478759765625,290.7040710449219,-2.826400756835937,1.020355224609375,6.375,91897.734375,269.7138061523437,283.0302734375,290.70025634765625,0.0003204795066267,0.0013549961149692,0.0083271637558937,0.863494873046875,-2.665435791015625,-5.361846923828125,-1.9862518310546875,-1.5800933837890625,0.605926513671875
2020-02-23,6,1,299.9896240234375,285.7065734863281,-3.1089019775390625,-0.0013885498046875,0.0,92108.75,269.49688720703125,283.26812744140625,291.274169921875,0.0003106880467385,0.0010918693151324,0.0076321102678775,0.2578277587890625,-2.6756744384765625,-4.679977416992188,-0.404693603515625,-1.350006103515625,-0.34375
2020-02-23,12,2,302.0081481933594,286.0189208984375,-2.87347412109375,0.44305419921875,0.0,91681.65625,270.0244140625,281.8291015625,294.79034423828125,0.0002516934182494,0.0017031833995133,0.0076303035020828,3.5101470947265625,-2.9716033935546875,-4.7427825927734375,-3.2949676513671875,-4.293243408203125,0.4953155517578125
2020-02-23,18,3,295.2640380859375,291.109130859375,-3.9312591552734375,1.941253662109375,0.0,91916.234375,270.3980712890625,283.9889221191406,290.5814514160156,0.0002255804865853,0.0010763662867248,0.0106774158775806,3.254608154296875,-8.492111206054688,-6.4520416259765625,-3.149520874023437,-5.0869903564453125,2.878402709960937
2020-02-24,0,0,293.1780090332031,290.6545715332031,-2.6069488525390625,1.007171630859375,4.5,91671.453125,269.6561889648437,283.4535827636719,291.2624206542969,0.0002783453091979,0.0014071224723011,0.0088979452848434,4.82196044921875,-6.302154541015625,-4.135406494140625,-5.2341156005859375,-7.0673370361328125,-0.665496826171875
2020-02-24,6,1,299.50946044921875,286.0037841796875,-2.61505126953125,0.77215576171875,0.0,91888.3125,270.0894775390625,283.46905517578125,291.6387939453125,0.0003315133508294,0.0019920831546187,0.0082284398376941,5.569183349609375,-6.47454833984375,-3.9552154541015625,-2.655364990234375,-6.858673095703125,0.7884368896484375
2020-02-24,12,2,301.9556884765625,284.9268798828125,-2.046173095703125,0.7261505126953125,0.0,91492.734375,269.9608154296875,282.710693359375,295.3951110839844,0.0003264106344431,0.0030070526991039,0.0071408487856388,6.6882171630859375,-4.919357299804688,-3.18511962890625,-4.93597412109375,-4.907745361328125,0.810150146484375
2020-02-24,18,3,295.3082580566406,288.17974853515625,-2.88787841796875,1.779571533203125,0.0,91720.46875,270.2701416015625,283.27410888671875,292.411865234375,0.0002218052395619,0.0021155152935534,0.0096371881663799,5.376220703125,-3.4169464111328125,-3.968429565429688,-5.5141448974609375,-4.528564453125,3.0142364501953125
2020-02-25,0,0,293.312255859375,291.3972473144531,-2.2898101806640625,1.7616119384765625,0.0,91571.84375,270.380615234375,281.2610168457031,291.38287353515625,0.0002541956491768,0.0029927950818091,0.0101146958768367,9.192916870117188,-4.607208251953125,-0.8760986328125,-8.671249389648438,-5.384933471679688,3.712112426757813
2020-02-25,6,1,300.6654663085937,289.0028076171875,-0.5410308837890625,1.52099609375,0.0,91735.75,270.3968811035156,281.90313720703125,292.2352905273437,0.0003240478690713,0.0024279337376356,0.0103671662509441,7.982666015625,-4.4527587890625,-0.9291534423828124,-7.9383544921875,-3.98406982421875,1.5956878662109375
2020-02-25,12,2,303.6221618652344,286.62042236328125,-1.29803466796875,-0.1209259033203125,0.0,91366.078125,270.043701171875,280.5101623535156,296.5294189453125,0.0003252302412874,0.0073372684419155,0.0075349994003772,5.262710571289063,-2.532211303710937,-1.930816650390625,-9.212677001953123,-2.3427886962890625,-0.6506195068359375
2020-02-25,18,3,297.142578125,288.016357421875,-3.640457153320313,1.3005828857421875,0.125,91630.984375,269.6246337890625,280.6937255859375,292.56689453125,0.0004123435355722,0.006684023886919,0.0101216360926628,3.528533935546875,2.763031005859375,-6.256393432617188,-7.976394653320312,-4.766891479492188,6.803924560546875
2020-02-26,0,0,293.3788146972656,291.04315185546875,-1.8910980224609373,1.174560546875,21.625,91562.703125,269.16778564453125,280.09381103515625,292.41607666015625,0.0003859931603074,0.007340669631958,0.0100773535668849,0.685546875,-0.4296417236328125,-0.6590728759765625,-9.338302612304688,-6.0240631103515625,3.770477294921875
2020-02-26,6,1,301.2938842773437,289.774658203125,-2.581787109375,0.9496002197265624,20.375,91734.125,269.2508850097656,280.5230407714844,292.7176818847656,8.310895645990968e-05,0.0058368556201457,0.0111586861312389,-7.762313842773437,-2.71820068359375,-3.837203979492188,-5.25628662109375,-0.7762603759765625,0.9710845947265624
2020-02-26,12,2,303.09747314453125,288.1579895019531,-1.50946044921875,-0.0774688720703125,26.75,91436.09375,268.9394226074219,280.43756103515625,296.1142578125,0.0001372295664623,0.0081700459122657,0.009057268500328,-4.7610931396484375,-2.2291717529296875,-2.517303466796875,0.3325347900390625,-1.582855224609375,-0.4740142822265625
2020-02-26,18,3,297.8158569335937,289.047119140625,-3.738937377929688,1.021026611328125,3.25,91712.0,269.0087280273437,281.3107604980469,291.55328369140625,0.0001307985512539,0.0065890401601791,0.0114281848073005,-0.7571258544921875,3.0638580322265625,-8.572982788085938,-0.0604095458984375,-3.673309326171875,3.6529541015625
2020-02-27,0,0,294.5633544921875,291.3971862792969,-2.45404052734375,1.2384033203125,82.0,91628.921875,268.5173645019531,279.63055419921875,291.9992370605469,0.0002227437507826,0.0057299584150314,0.0107210166752338,2.1373748779296875,0.324462890625,-5.3441314697265625,-4.300262451171875,-4.9869232177734375,2.8788604736328125
2020-02-27,6,1,300.7632751464844,287.6990051269531,-2.6966094970703125,0.6017608642578125,2.25,91816.484375,268.244140625,280.6488037109375,292.02545166015625,0.0005901427939534,0.0030978312715888,0.0099051631987094,0.03155517578125,-2.442977905273437,-4.144332885742188,-5.345001220703125,-3.5989990234375,0.8535919189453125
2020-02-27,12,2,303.10552978515625,287.1898803710937,-2.0727081298828125,-0.9604644775390624,4.375,91422.25,269.0900573730469,280.10162353515625,296.1022033691406,0.0004979707300662,0.0079468302428722,0.0081568509340286,2.2141265869140625,-4.0025482177734375,-3.592681884765625,-5.876953125,-2.58758544921875,-1.911285400390625
2020-02-27,18,3,296.5397644042969,289.9049987792969,-4.5838165283203125,1.599853515625,12.375,91681.484375,269.939697265625,280.3372802734375,290.46063232421875,0.0001845665246946,0.0062486343085765,0.0115411132574081,1.530548095703125,4.206512451171875,-10.046585083007812,-4.946746826171875,-2.552719116210937,2.525482177734375
2020-02-28,0,0,293.64752197265625,291.3306884765625,-2.5600128173828125,1.57794189453125,14.5,91587.515625,269.2977294921875,280.2811279296875,290.5077209472656,0.0001579623058205,0.0045461822301149,0.0095102749764919,1.2300567626953125,0.3542022705078125,-7.3502197265625,-5.0086822509765625,-5.935470581054688,1.60394287109375
2020-02-28,6,1,300.7613525390625,288.6424560546875,-3.289825439453125,1.0081939697265625,0.0,91751.546875,269.07574462890625,281.9114990234375,291.5072631835937,0.0001686401083134,0.0033572760876268,0.0102084204554557,0.6947479248046875,-3.859375,-5.0545501708984375,-4.136138916015625,-4.8352813720703125,0.9752349853515624
2020-02-28,12,2,302.9210205078125,287.2135009765625,-2.025177001953125,-0.7075347900390625,0.625,91316.46875,269.2200927734375,280.2647705078125,295.95855712890625,0.0001810889807529,0.0076075717806816,0.00817705783993,2.417266845703125,-2.515228271484375,-3.067291259765625,-2.1807861328125,-3.441558837890625,-1.5211639404296875
2020-02-28,18,3,296.2738342285156,290.9013671875,-4.442779541015625,1.539764404296875,43.25,91622.484375,268.5435791015625,279.8368530273437,290.3907470703125,0.0001753994147293,0.007279023528099,0.0116222016513347,2.280120849609375,4.0938720703125,-9.790634155273438,3.8123931884765625,-3.12030029296875,2.0609283447265625
2020-02-29,0,0,294.1163330078125,290.92852783203125,-2.4646148681640625,2.6555633544921875,114.25,91558.59375,269.0663452148437,278.2674560546875,289.2886962890625,0.000178058820893,0.0073389001190662,0.0110569968819618,5.671905517578125,0.218231201171875,-5.36688232421875,0.932891845703125,-2.38726806640625,5.804946899414063
2020-02-29,6,1,300.95294189453125,287.83624267578125,-2.4372711181640625,-0.00079345703125,0.0,91659.328125,269.27056884765625,283.2612609863281,292.43878173828125,0.0002146032347809,0.0013028210960328,0.009484514594078,6.13299560546875,1.1441802978515625,-3.4546356201171875,2.579559326171875,-1.24261474609375,-0.5714111328125
2020-02-29,12,2,303.76123046875,286.6618957519531,-0.85107421875,-1.1371917724609375,0.0,91286.96875,268.56610107421875,280.58013916015625,296.3941650390625,0.0010943324305117,0.0077225938439369,0.007861353456974,10.11676025390625,-1.4149322509765625,-1.1506805419921875,2.848663330078125,-1.4586181640625,-1.7251129150390625
2020-02-29,18,3,296.5622863769531,290.99493408203125,-5.2340240478515625,1.5611572265625,57.5,91659.171875,269.66778564453125,279.9681396484375,290.5870361328125,0.0002612313255667,0.0076571851968765,0.0115547217428684,7.5185699462890625,4.79345703125,-8.982315063476562,2.76531982421875,-2.161849975585937,5.013473510742188
2020-03-01,0,0,293.35357666015625,291.4619140625,-2.573089599609375,1.78369140625,0.875,91572.21875,267.5181884765625,281.8175964355469,291.108154296875,0.00015808151511,0.0048493519425392,0.010757815092802,9.259414672851562,4.1585540771484375,-5.009429931640625,0.8561859130859375,-5.913864135742188,2.462615966796875
2020-03-01,6,1,300.263671875,289.59295654296875,-2.399017333984375,0.525909423828125,0.0,91692.234375,267.8911437988281,283.568115234375,291.7789306640625,0.0011152301449328,0.0023253061808645,0.010574921965599,10.257659912109377,0.5759429931640625,-3.70831298828125,2.5830535888671875,-4.053482055664063,0.22998046875
2020-03-01,12,2,303.91796875,287.2694091796875,-1.877288818359375,-0.5113525390625,0.0,91313.578125,268.49810791015625,280.31182861328125,296.2734375,0.0004623616114258,0.008039154112339,0.0085998438298702,13.936798095703123,-2.60174560546875,-2.7832794189453125,2.052841186523437,-1.8180389404296875,-1.009490966796875
2020-03-01,18,3,297.38525390625,289.302490234375,-3.7162017822265625,2.0371551513671875,0.0,91692.375,268.96807861328125,281.0540771484375,290.9291687011719,0.0002233148843515,0.0072107166051864,0.011146318167448,12.43048095703125,5.5699462890625,-6.42462158203125,4.26202392578125,-3.968063354492188,6.807373046875
2020-03-02,0,0,294.3043518066406,291.600830078125,-1.8542938232421875,1.6558685302734375,0.0,91542.390625,267.1156005859375,282.3287658691406,290.49810791015625,0.002587113995105,0.0065529458224773,0.0122639946639537,14.826736450195312,4.271240234375,0.34393310546875,3.094345092773437,-3.9730224609375,6.445526123046875
2020-03-02,6,1,300.04888916015625,290.0251159667969,0.3682708740234375,1.9182281494140625,34.625,91811.140625,267.2518920898437,281.81671142578125,291.11083984375,0.0037787230685353,0.0066649988293647,0.0122538469731807,12.997833251953123,3.5332489013671875,0.3551177978515625,2.2638397216796875,-0.9548187255859376,2.550933837890625
2020-03-02,12,2,301.48358154296875,290.1603088378906,-0.79010009765625,-0.39312744140625,89.25,91447.109375,267.91705322265625,282.2206420898437,293.710205078125,0.0028239609673619,0.0067009776830673,0.012137871235609,16.162216186523438,3.33013916015625,-1.2848968505859375,3.01373291015625,-2.4086151123046875,-0.4769287109375
2020-03-02,18,3,296.9576416015625,291.16119384765625,-0.1766357421875,1.799072265625,33.625,91700.828125,271.2283935546875,281.29315185546875,292.0732421875,0.0001862309436546,0.008047929033637,0.0120189003646373,15.632614135742188,3.2899932861328125,-1.0688934326171875,1.072052001953125,-2.335311889648437,1.9598541259765625
2020-03-03,0,0,294.5601806640625,290.25244140625,-1.581634521484375,0.8586883544921875,2.125,91604.390625,269.48858642578125,281.6552124023437,291.5183410644531,0.0002963817678391,0.0062584653496742,0.0119300372898578,16.639892578125,1.170745849609375,0.6263275146484375,-1.410003662109375,-3.3343658447265625,2.54339599609375
2020-03-03,6,1,301.20703125,290.86572265625,-0.2099609375,0.8305206298828125,0.875,91787.625,268.30670166015625,282.599609375,292.4776916503906,0.0006118090823292,0.0045565590262413,0.0117882937192916,13.925704956054688,4.165924072265625,-0.459197998046875,-3.674636840820313,-2.56475830078125,0.863128662109375
2020-03-03,12,2,303.32537841796875,289.4202880859375,0.178497314453125,-0.2187042236328125,0.0,91411.578125,268.0925598144531,283.093994140625,295.8419189453125,0.0004698438569903,0.0051892548799514,0.0102009251713752,15.327682495117188,4.9557037353515625,0.0806732177734375,-7.403427124023437,-2.8992156982421875,-0.495452880859375
2020-03-03,18,3,298.3121337890625,289.1373291015625,-0.0732269287109375,0.84063720703125,30.875,91649.34375,269.5806579589844,280.6258544921875,295.36492919921875,0.0005029537715017,0.0088085196912288,0.010207924991846,16.0772705078125,0.9558563232421876,0.778900146484375,-5.1221466064453125,-2.32513427734375,1.968780517578125
2020-03-04,0,0,295.72039794921875,291.7648010253906,0.6239471435546875,1.337860107421875,128.875,91568.53125,269.3370666503906,281.52838134765625,290.6259155273437,0.0002918606624007,0.0081879012286663,0.0131078362464904,16.794921875,1.8293304443359373,4.206787109375,-6.0032958984375,-1.254425048828125,-4.0334014892578125
2020-03-04,6,1,300.6815795898437,291.37890625,1.8446502685546875,-2.079864501953125,58.375,91800.859375,268.51983642578125,282.35791015625,292.3529663085937,0.0003934616688638,0.0066930390894412,0.0123175717890262,14.421966552734377,1.30450439453125,2.6071319580078125,-10.521377563476562,0.8760223388671875,-3.240814208984375
2020-03-04,12,2,303.2856140136719,289.6928100585937,1.1869964599609375,-2.1587677001953125,0.0,91322.953125,268.6122436523437,282.8524169921875,296.0277099609375,0.0004349993541836,0.0056901387870311,0.0101433284580707,15.923141479492188,1.68182373046875,1.8109588623046875,-7.439834594726562,-0.071258544921875,-3.3913726806640625
2020-03-04,18,3,297.1536865234375,289.00177001953125,-1.33184814453125,-0.7040863037109375,5.0,91579.953125,269.7423095703125,280.007568359375,295.0150756835937,0.0003733995836228,0.0086778178811073,0.0093982815742492,19.79986572265625,-0.6698455810546875,-0.420196533203125,-3.958541870117188,0.152130126953125,-2.844512939453125
2020-03-05,0,0,296.2702941894531,290.7388610839844,-0.6479949951171875,0.5934906005859375,17.125,91420.28125,269.24713134765625,282.7827453613281,291.7702331542969,0.0002909696195274,0.0038743296172469,0.0120433457195758,17.218185424804688,3.844635009765625,1.6725311279296875,-3.126068115234375,3.74200439453125,2.776947021484375
2020-03-05,6,1,301.7780456542969,290.78912353515625,0.35711669921875,1.9473876953125,0.75,91646.078125,268.93231201171875,283.8102111816406,293.0985717773437,0.0003226231783628,0.0037288502790033,0.011476993560791,17.196044921875,3.193878173828125,0.3738861083984375,-3.2185211181640625,4.6513214111328125,2.5769195556640625
2020-03-05,12,2,302.6988525390625,290.5751342773437,0.232574462890625,2.305908203125,0.375,91285.078125,268.9886474609375,283.0467529296875,295.9055480957031,0.0002670290414243,0.0046927854418754,0.0102814994752407,20.27252197265625,4.466827392578125,1.0072174072265625,-4.353973388671875,1.5090789794921875,3.4262237548828125
2020-03-05,18,3,296.9649963378906,292.2242431640625,-0.7229156494140625,3.4488525390625,4.625,91568.203125,268.86346435546875,282.255859375,293.5699462890625,0.0002677890006452,0.0062172077596187,0.0116474442183971,17.550201416015625,2.578826904296875,0.06280517578125,-0.9608306884765624,1.357574462890625,9.369583129882812
2020-03-06,0,0,295.504638671875,291.23553466796875,1.1429290771484375,0.6266021728515625,59.875,91418.640625,269.310791015625,281.5848999023437,291.2201843261719,0.0002223305491497,0.0064622350037097,0.0125940293073654,13.36798095703125,1.558258056640625,3.887115478515625,0.8867340087890625,4.804931640625,3.871978759765625
2020-03-06,6,1,300.8906555175781,291.880859375,1.3636474609375,3.0393829345703125,17.125,91702.765625,270.1819763183594,282.46240234375,292.2308959960937,0.0001973298058146,0.0052443370223045,0.0119586884975433,10.1697998046875,0.9323883056640624,2.140655517578125,3.2457733154296875,5.638946533203125,4.3550567626953125
2020-03-06,12,2,303.34844970703125,291.40191650390625,0.5474700927734375,2.078369140625,58.5,91350.375,271.20458984375,282.9197998046875,294.9452514648437,0.0001932838495122,0.0057358331978321,0.0114198066294193,10.97589111328125,3.301544189453125,1.0113067626953125,4.6320343017578125,4.17205810546875,3.13623046875
2020-03-06,18,3,296.61785888671875,292.4560546875,-2.582122802734375,2.672103881835937,56.0,91642.375,271.5542907714844,282.0594482421875,292.694580078125,0.0002001735265366,0.0077781155705451,0.0123117230832576,9.40289306640625,2.908935546875,-2.70208740234375,3.406951904296875,3.59844970703125,8.629531860351562
2020-03-07,0,0,296.43878173828125,293.1322631835937,-1.0041046142578125,2.390716552734375,47.375,91560.765625,269.73358154296875,282.2796630859375,290.398193359375,0.0002567912451922,0.0070623271167278,0.0132597498595714,8.802627563476562,0.3339691162109375,1.60888671875,2.2901763916015625,6.19122314453125,7.4033660888671875
2020-03-07,6,1,300.9176940917969,292.70758056640625,0.2624664306640625,3.0638885498046875,81.625,91821.546875,269.412109375,282.7799377441406,291.65838623046875,0.0002556223189458,0.006166074424982,0.013308385387063,8.39886474609375,0.5731201171875,0.600067138671875,2.6378326416015625,5.81787109375,4.505279541015625
2020-03-07,12,2,303.18182373046875,292.2986755371094,-0.00897216796875,2.3610076904296875,61.875,91497.78125,270.0438842773437,283.11639404296875,294.80718994140625,0.0003142557106912,0.0062770657241344,0.0120720826089382,9.552780151367188,3.0006866455078125,0.034820556640625,1.9163360595703125,3.063751220703125,3.61688232421875
2020-03-07,18,3,297.38385009765625,292.28375244140625,-3.095443725585937,0.6769866943359375,1.0,91719.21875,270.516357421875,282.7705078125,292.89306640625,0.0003371767234057,0.0072484165430068,0.0123989358544349,8.3839111328125,1.8177032470703125,-2.879608154296875,3.1388397216796875,3.008651733398437,4.97821044921875
2020-03-08,0,0,295.8768920898437,293.9468688964844,-1.66339111328125,1.647796630859375,24.375,91581.328125,269.08740234375,283.1408996582031,291.0333251953125,0.0004107244312763,0.006181601434946,0.0129576288163661,9.728759765625,-0.2903594970703125,0.388214111328125,3.15948486328125,5.68817138671875,5.785797119140625
2020-03-08,6,1,302.215576171875,291.8290100097656,-1.1956939697265625,2.045806884765625,2.125,91821.40625,269.52313232421875,282.28790283203125,292.6429748535156,0.0003495661076158,0.0075619630515575,0.0128507018089294,8.61962890625,0.0617828369140625,-1.7242431640625,2.9540252685546875,4.9752197265625,2.818359375
2020-03-08,12,2,303.447998046875,290.4761657714844,-0.60052490234375,2.2004852294921875,4.5,91429.421875,269.41162109375,283.01922607421875,295.7578125,0.0003023911267518,0.0058347918093204,0.0110366232693195,9.827133178710938,1.418548583984375,-0.610198974609375,-1.7457275390625,1.6533660888671875,3.3206939697265625
2020-03-08,18,3,298.8531494140625,292.19708251953125,-2.800277709960937,1.6409454345703125,0.0,91661.75,269.41326904296875,284.382080078125,293.5001220703125,0.000514900078997,0.0044590439647436,0.0121082514524459,6.0261993408203125,1.6240081787109375,-1.41790771484375,-2.830780029296875,1.6840362548828125,5.721450805664063
2020-03-09,0,0,294.90740966796875,293.71783447265625,-0.7569580078125,1.7558135986328125,0.125,91489.078125,268.42431640625,283.90386962890625,291.4237060546875,0.0005535106174647,0.0052297450602054,0.0134521685540676,5.860992431640625,-2.07293701171875,2.41455078125,-1.1399383544921875,0.9215087890625,6.058135986328125
2020-03-09,6,1,300.9653015136719,292.0318603515625,-0.539306640625,1.8045501708984373,1.75,91680.34375,269.0462341308594,282.8017578125,292.6997985839844,0.0004548532888293,0.0069268643856048,0.0132208615541458,4.565353393554688,-1.2802886962890625,-0.9226226806640624,-0.4804840087890625,1.4134674072265625,2.502182006835937
2020-03-09,12,2,303.29791259765625,291.46026611328125,-1.52508544921875,1.1638641357421875,8.375,91287.484375,269.978515625,283.1988525390625,295.9725952148437,0.0003554858267307,0.0071707516908645,0.0111931562423706,3.373199462890625,0.9954376220703124,-1.915618896484375,-2.893661499023437,-0.6923065185546875,1.83599853515625
2020-03-09,18,3,298.292724609375,290.7117919921875,-3.112640380859375,1.3544158935546875,0.0,91639.390625,269.90020751953125,282.4102783203125,293.4084777832031,0.0003306998405605,0.0076862275600433,0.012086059898138,1.7520751953125,3.302474975585937,-4.0938262939453125,-1.4306793212890625,-1.7986602783203125,4.42352294921875
2020-03-10,0,0,295.7288513183594,291.6370849609375,-1.129302978515625,1.804656982421875,11.125,91527.359375,268.9662475585937,281.6282958984375,291.7396240234375,0.0003714626654982,0.0082862451672554,0.0122868195176124,2.0333404541015625,-2.97381591796875,3.438446044921875,-1.3506011962890625,1.100494384765625,6.626266479492188
2020-03-10,6,1,302.30419921875,291.26611328125,-0.567901611328125,1.695343017578125,0.0,91689.71875,268.9100952148437,284.1199951171875,293.6669311523437,0.0003160831984132,0.0049415752291679,0.0121047310531139,0.1605072021484375,0.0343017578125,-0.8197479248046875,-0.3496856689453125,0.8345184326171875,2.324981689453125
2020-03-10,12,2,304.0645446777344,290.66070556640625,-0.731903076171875,0.156005859375,0.0,91324.484375,269.0401611328125,283.4938659667969,296.8305053710937,0.0003061306197196,0.0055080689489841,0.0107967033982276,1.6135406494140625,2.291534423828125,-0.845306396484375,0.703460693359375,0.7185821533203125,0.8708648681640625
2020-03-10,18,3,298.6112670898437,287.34063720703125,-2.4889373779296875,1.9733428955078125,0.0,91595.109375,268.5139465332031,282.3865966796875,294.7020263671875,0.0003111998084932,0.0075341127812862,0.0092413201928138,2.201934814453125,4.4849853515625,-2.3369903564453125,0.4590301513671875,-0.7823944091796875,7.895660400390625
2020-03-11,0,0,295.8031921386719,290.4512023925781,-0.417388916015625,1.54656982421875,0.0,91530.59375,269.49237060546875,282.0599975585937,292.20819091796875,0.0002432291366858,0.0078376829624176,0.0108181089162826,2.7928924560546875,-4.192657470703125,4.0514068603515625,0.747467041015625,1.855743408203125,5.5052337646484375
2020-03-11,6,1,302.705078125,289.619384765625,0.33233642578125,2.07391357421875,0.0,91757.921875,268.4210205078125,282.71942138671875,293.7847900390625,0.0002938720863312,0.0062030293047428,0.0109098069369792,2.24090576171875,-1.5750274658203125,0.1991729736328125,1.0192718505859375,3.739089965820313,2.979965209960937
2020-03-11,12,2,304.5100402832031,286.6573486328125,-1.098297119140625,2.541351318359375,0.0,91399.4375,269.3143920898437,281.9035339355469,297.348876953125,0.0002306673268321,0.0070510990917682,0.0078296475112438,4.077896118164063,0.91192626953125,-1.383544921875,0.5241546630859375,0.9645538330078124,3.7595062255859375
2020-03-11,18,3,297.72772216796875,285.5464172363281,-1.8840789794921875,2.514022827148437,0.0,91680.40625,269.649169921875,281.4287109375,295.2942810058594,0.0002091757778543,0.0075328797101974,0.0073304213583469,2.499008178710937,3.2235107421875,-1.826873779296875,0.62744140625,-2.550155639648437,8.278915405273438
2020-03-12,0,0,295.323974609375,288.4187316894531,0.066162109375,1.5467987060546875,25.5,91628.21875,269.69403076171875,281.2562255859375,291.8616638183594,0.0002269846154376,0.0075908862054347,0.0116724222898483,1.1885833740234375,-4.2005767822265625,3.6172943115234375,1.1944122314453125,-0.295135498046875,4.2388916015625
2020-03-12,6,1,302.2572631835937,288.98321533203125,0.0133056640625,1.4219207763671875,0.0,91863.234375,269.63916015625,282.4990234375,293.62078857421875,0.0002189975784858,0.0055270753800868,0.0113080702722072,-0.0121612548828125,-2.449676513671875,-0.3038330078125,3.347076416015625,1.617584228515625,1.9091796875
2020-03-12,12,2,304.79595947265625,286.7625427246094,-1.349761962890625,1.9383544921875,0.0,91515.34375,269.9232177734375,281.5685119628906,297.3046264648437,0.0002290603297296,0.0075128749012947,0.0082586295902729,2.694793701171875,-2.6619873046875,-2.1191864013671875,2.2213287353515625,0.9527130126953124,2.8137359619140625
2020-03-12,18,3,297.51080322265625,287.65728759765625,-2.8939208984375,2.451812744140625,0.0,91772.21875,270.6620483398437,284.0213928222656,294.958740234375,0.0003601517528295,0.003242848906666,0.0084391497075557,1.879241943359375,-2.1002349853515625,-3.259552001953125,5.4730377197265625,-1.3526153564453125,8.878982543945312
2020-03-13,0,0,294.9595947265625,289.4996032714844,0.1929473876953125,0.759368896484375,0.0,91659.40625,270.045654296875,280.8079528808594,292.8818054199219,0.0005852305330336,0.0070784501731395,0.0078960433602333,3.025375366210937,-5.918243408203125,-0.509368896484375,4.15130615234375,-2.113800048828125,6.166748046875
2020-03-13,6,1,303.0756225585937,286.42205810546875,-1.544281005859375,1.9462738037109373,0.0,91875.9375,269.60888671875,281.9344482421875,294.112060546875,0.000949872424826,0.0035901153460144,0.0082495771348476,2.125946044921875,-7.320556640625,-2.555419921875,5.0833282470703125,1.1707916259765625,2.712127685546875
2020-03-13,12,2,304.4644470214844,284.6849670410156,-2.669540405273437,1.5915069580078125,0.0,91508.8125,268.988525390625,281.4832763671875,297.48748779296875,0.0012787808664143,0.0067674480378627,0.0068652927875518,2.803619384765625,-3.4100341796875,-4.0718841552734375,6.0072174072265625,1.0329437255859375,2.3212890625
2020-03-13,18,3,297.37255859375,289.7451477050781,-3.3414764404296875,2.09332275390625,0.0,91762.9375,268.3365783691406,284.5559387207031,294.7494201660156,0.0014114573132246,0.0025263908319175,0.0084976404905319,3.162704467773437,-2.7906494140625,-5.110382080078125,5.585617065429688,-0.3192596435546875,5.5600433349609375
2020-03-14,0,0,294.75408935546875,291.19256591796875,-1.25732421875,1.089263916015625,0.0,91585.640625,268.39996337890625,281.8727111816406,294.03875732421875,0.0009652525186538,0.0054487520828843,0.0059824250638484,3.392913818359375,-2.283721923828125,-4.470306396484375,5.400054931640625,-4.82269287109375,5.74737548828125
2020-03-14,6,1,302.80596923828125,284.8187866210937,-1.7488250732421875,1.4434814453125,0.0,91757.828125,269.0674133300781,284.57037353515625,294.1658935546875,0.0006286934949457,0.0023023856338113,0.0080360658466815,4.7909088134765625,-5.50811767578125,-2.716522216796875,3.200714111328125,-0.578125,1.8514251708984373
2020-03-14,12,2,305.01220703125,285.0755920410156,-2.034942626953125,0.4127044677734375,0.0,91343.90625,269.041748046875,282.0474548339844,298.055908203125,0.0005609076470136,0.0064564682543277,0.0065672006458044,5.591339111328125,-3.323577880859375,-3.0284423828125,1.89190673828125,-0.8742218017578125,0.3827972412109375
2020-03-14,18,3,297.3284606933594,290.2602233886719,-3.696868896484375,1.8105010986328125,0.0,91651.140625,267.5025939941406,286.13385009765625,294.4760437011719,0.0008831368759274,0.0020523793064057,0.0094614401459693,3.927001953125,-1.600555419921875,-4.788818359375,1.361114501953125,-1.1343536376953125,5.116943359375
2020-03-15,0,0,294.39306640625,292.394287109375,-2.191635131835937,1.193634033203125,0.75,91526.296875,268.92388916015625,282.8036193847656,293.124267578125,0.0003403034061193,0.0040649399161338,0.0102916955947875,4.94171142578125,-2.678741455078125,-3.0114288330078125,-2.1282958984375,-0.6814422607421875,2.2975616455078125
2020-03-15,6,1,303.22052001953125,287.350341796875,-1.8179931640625,0.2906951904296875,0.0,91696.0625,268.5731811523437,284.4167175292969,294.44287109375,0.0003030786756426,0.0022372612729668,0.0089875124394893,0.5602874755859375,-4.30889892578125,-2.788925170898437,-0.6807861328125,2.230865478515625,-0.065673828125
2020-03-15,12,2,305.1805725097656,287.1432800292969,-3.23468017578125,0.2984466552734375,0.0,91349.078125,267.73443603515625,282.1532897949219,298.0980529785156,0.0004036989994347,0.007470604032278,0.0075534507632255,1.128265380859375,-2.9489288330078125,-4.7810821533203125,-1.1046142578125,-1.1700897216796875,0.145355224609375
2020-03-15,18,3,297.044677734375,289.73486328125,-4.0994720458984375,1.51458740234375,0.0,91696.90625,267.9162902832031,284.79351806640625,293.47808837890625,0.0003437269479036,0.0045601315796375,0.0099263042211532,0.96728515625,-0.3813018798828125,-7.685211181640625,-0.183013916015625,1.9216766357421875,3.30535888671875
2020-03-16,0,0,294.40887451171875,292.0643310546875,-2.085113525390625,1.8486480712890625,3.125,91672.453125,267.0487060546875,282.4569702148437,293.2947998046875,0.0003972197882831,0.0053472891449928,0.0086581520736217,1.1826629638671875,-3.696487426757813,-3.2949981689453125,-2.3787994384765625,1.302978515625,4.641815185546875
2020-03-16,6,1,302.2718200683594,288.4748840332031,-0.894500732421875,1.38165283203125,0.0,91866.296875,267.4722900390625,283.2904357910156,293.2898864746094,0.0005051165353506,0.0038447377737611,0.0098390765488147,-1.0944061279296875,-4.4905853271484375,-1.162506103515625,-1.504974365234375,1.0893402099609375,1.7586669921875
2020-03-16,12,2,305.1199951171875,287.3539733886719,-2.5798492431640625,1.0060882568359375,0.0,91471.84375,266.701904296875,281.72479248046875,297.71075439453125,0.0004508648999035,0.0078479461371898,0.0084737539291381,-3.845123291015625,-3.797637939453125,-3.781051635742188,-0.5733642578125,-0.43231201171875,1.2217864990234375
2020-03-16,18,3,298.3250732421875,291.6757202148437,-3.79150390625,1.909149169921875,3.25,91808.09375,267.1718139648437,283.02423095703125,294.4633483886719,0.000887406989932,0.0047304555773735,0.0106631256639957,-3.61920166015625,-4.9601898193359375,-6.7026214599609375,-0.613128662109375,1.1988067626953125,4.13555908203125
2020-03-17,0,0,294.2431030273437,292.41229248046875,-2.9212188720703125,1.0835723876953125,3.75,91713.015625,266.7969055175781,282.60211181640625,295.4335021972656,0.0008826672565191,0.0040881466120481,0.0054254718124866,-1.2551727294921875,-5.9384765625,-6.3208770751953125,1.4102325439453125,1.1267852783203125,2.9880523681640625
2020-03-17,6,1,303.114501953125,285.88409423828125,-3.4040679931640625,3.385009765625,0.0,91935.609375,267.42010498046875,282.85418701171875,294.19122314453125,0.0005724641960114,0.0027941546868532,0.0082305260002613,-1.7191925048828125,-7.604705810546875,-5.3651885986328125,1.803924560546875,-0.1998138427734375,4.931198120117188
2020-03-17,12,2,304.47613525390625,285.49822998046875,-3.292022705078125,2.6910858154296875,0.0,91620.34375,268.01336669921875,281.49102783203125,296.5343017578125,0.000604520086199,0.0053313290700316,0.0077074728906154,-0.655670166015625,-4.772003173828125,-5.4144287109375,-1.41522216796875,1.01434326171875,4.352828979492188
2020-03-17,18,3,297.4984436035156,288.6708068847656,-3.3308868408203125,2.1646270751953125,0.0,91910.078125,267.9892883300781,283.2762451171875,294.0426330566406,0.0007063248194754,0.0021151532419025,0.0077169202268123,-0.534423828125,-6.136810302734375,-4.601974487304688,-0.7099609375,-0.3363800048828125,5.466400146484375
2020-03-18,0,0,294.4349060058594,288.8259582519531,-2.2214508056640625,1.2383270263671875,0.0,91743.609375,267.3426208496094,282.90509033203125,293.89312744140625,0.0006635289173573,0.0024368583690375,0.0063023529946804,2.3143768310546875,-5.4851837158203125,-6.617919921875,1.9902191162109373,-3.624053955078125,7.117218017578125
2020-03-18,6,1,304.1640625,284.3255310058594,-3.0417938232421875,2.673446655273437,0.0,91921.171875,267.60174560546875,282.86968994140625,295.2996826171875,0.0005652045365422,0.0021338707301765,0.0068069025874137,2.7296295166015625,-7.7418212890625,-4.856246948242188,1.6963348388671875,-2.048080444335937,3.707611083984375
2020-03-18,12,2,305.6155090332031,284.72760009765625,-2.3928680419921875,1.6763916015625,0.0,91518.28125,267.70367431640625,282.349365234375,298.3846435546875,0.0004526481498032,0.005960926413536,0.0061505995690822,5.2364654541015625,-3.6921234130859375,-3.9519195556640634,-0.8515472412109375,0.4123077392578125,2.52130126953125
2020-03-18,18,3,298.17901611328125,287.45660400390625,-2.7450714111328125,2.273590087890625,0.0,91772.453125,267.2650146484375,283.59442138671875,295.255126953125,0.0004302549641579,0.0033326377160847,0.0086593441665172,5.5850982666015625,-2.048446655273437,-2.622283935546875,-1.734771728515625,-1.81573486328125,7.813156127929687
2020-03-19,0,0,295.7289428710937,290.51397705078125,1.6163330078125,0.040130615234375,0.625,91709.984375,267.0687866210937,281.73077392578125,292.7252502441406,0.0004276235122233,0.0059943534433841,0.0095891319215297,9.20184326171875,-3.2198486328125,1.5696868896484375,-1.2781219482421875,-3.410064697265625,6.9265899658203125
2020-03-19,6,1,303.5937194824219,287.9831848144531,0.2106170654296875,1.7675018310546875,0.0,91815.390625,268.4288635253906,281.6152038574219,294.9154663085937,0.000330617185682,0.0053319074213504,0.0090547762811183,11.925445556640623,-5.484878540039063,0.21307373046875,-3.322128295898437,-1.625244140625,2.2275390625
2020-03-19,12,2,305.7904663085937,285.9460144042969,-0.803680419921875,1.0690460205078125,0.0,91370.3125,267.6632995605469,282.2786560058594,298.3347473144531,0.0005679377354681,0.0068956352770328,0.0070426538586616,13.149368286132812,-1.668548583984375,-1.2116241455078125,-4.0971527099609375,0.395233154296875,1.344573974609375
2020-03-19,18,3,298.8648986816406,284.7694091796875,-1.8858489990234373,2.670379638671875,0.0,91726.6875,268.8124084472656,282.1602783203125,295.4872436523437,0.0002563251182436,0.0068400166928768,0.0085832402110099,12.503311157226562,4.5138702392578125,-2.6010284423828125,-4.274948120117188,-2.8010711669921875,11.333816528320312
2020-03-20,0,0,297.3289489746094,289.785888671875,0.3905181884765625,2.426132202148437,967.5,91633.921875,266.14910888671875,281.8192138671875,292.5604248046875,0.0009482391178607,0.0072631761431694,0.0127054564654827,9.62677001953125,2.6068267822265625,4.6676025390625,-0.6500091552734375,-1.2936859130859375,2.5391998291015625
2020-03-20,6,1,302.74658203125,292.755126953125,1.8496551513671875,0.8711700439453125,621.75,91803.859375,267.5731201171875,281.95513916015625,294.12310791015625,0.0004895005840808,0.0071838572621345,0.0126156285405159,10.974655151367188,-0.6689300537109375,2.4807586669921875,-1.288970947265625,-0.6736907958984375,0.942108154296875
2020-03-20,12,2,300.758544921875,291.9541931152344,-1.996124267578125,0.2870941162109375,230.5,91431.1875,266.7218322753906,282.01202392578125,295.7338256835937,0.0014916914515197,0.0094899423420429,0.0111150667071342,10.7862548828125,2.4468231201171875,-0.1485595703125,-6.310760498046875,0.6348114013671875,-0.160064697265625
2020-03-20,18,3,296.7685546875,290.5146484375,-0.2325439453125,2.8241119384765625,20.5,91760.6875,267.351318359375,281.2764892578125,294.49383544921875,0.0007999124936759,0.0084589906036853,0.0104680657386779,9.25732421875,4.378173828125,0.472686767578125,-5.1840362548828125,-5.9261474609375,6.544158935546875
2020-03-21,0,0,295.8671569824219,292.12451171875,1.04949951171875,0.756103515625,285.25,91591.6875,267.8641967773437,280.8370361328125,292.277099609375,0.0009935379493981,0.0077912919223308,0.0110374987125396,9.665618896484377,-0.0252838134765625,4.3751373291015625,-5.450942993164063,-3.2122039794921875,2.3021392822265625
2020-03-21,6,1,303.25103759765625,286.8992919921875,1.3928375244140625,-2.021881103515625,0.0,91761.6875,268.7906494140625,281.8460388183594,294.95928955078125,0.0003694670740514,0.0067154020071029,0.0082194656133651,9.11444091796875,-0.9573822021484376,1.8660125732421875,-4.279312133789063,0.4290313720703125,-2.9373016357421875
2020-03-21,12,2,306.0156555175781,287.3258361816406,0.0997772216796875,-1.09967041015625,0.0,91301.859375,268.4557189941406,282.7004089355469,298.9412841796875,0.0003990305121988,0.0074466168880462,0.007557213306427,7.13946533203125,0.0112152099609375,0.302490234375,-7.1739349365234375,-2.2890625,-1.9970855712890625
2020-03-21,18,3,297.8309326171875,292.0213317871094,-1.6953887939453125,2.273666381835937,331.5,91716.203125,268.9866638183594,282.1039123535156,294.0471496582031,0.0005329716950654,0.0058182552456855,0.0123465992510318,2.437606811523437,1.818023681640625,-1.1179962158203125,-7.669921875,-5.257232666015625,8.762557983398438
2020-03-22,0,0,296.36541748046875,292.1483764648437,-0.881988525390625,1.9997100830078125,46.375,91591.21875,267.9422302246094,281.2099609375,292.5387268066406,0.000601947074756,0.0060279630124568,0.0115876756608486,3.5383453369140625,-2.3306427001953125,1.9007720947265625,-7.2287445068359375,-2.3140869140625,7.248672485351562
2020-03-22,6,1,302.68389892578125,291.2755126953125,-0.1970672607421875,1.99212646484375,24.375,91773.9375,269.2098999023437,282.2613525390625,293.6546630859375,0.0005681687034666,0.0063896253705024,0.0112714692950248,5.2034912109375,-1.314208984375,-0.1590423583984375,-7.6511688232421875,-0.7587890625,2.58062744140625
2020-03-22,12,2,304.05145263671875,289.83380126953125,-0.5206298828125,1.2215118408203125,14.0,91458.15625,268.5331726074219,282.7666015625,296.6006164550781,0.0005529089830815,0.0070877783000469,0.0099429264664649,6.502166748046875,1.90521240234375,-0.8599090576171875,-8.49420166015625,-4.8620452880859375,1.46234130859375
2020-03-22,18,3,298.0802001953125,289.6685791015625,-0.652313232421875,1.92877197265625,81.625,91664.359375,269.82391357421875,282.48590087890625,295.7598876953125,0.0005591306835412,0.0073810555040836,0.0099925780668854,5.524017333984375,4.4190216064453125,-2.055038452148437,-6.61578369140625,-5.2779693603515625,6.506027221679688
2020-03-23,0,0,297.4908447265625,290.69921875,-1.100250244140625,1.954345703125,120.0,91546.40625,268.3951416015625,281.6141357421875,292.3510437011719,0.0006285130511969,0.0075085051357746,0.0120531395077705,4.48553466796875,0.8401336669921875,1.623077392578125,-6.6552734375,-4.6392822265625,3.4502716064453125
2020-03-23,6,1,301.9564208984375,292.5996398925781,-0.7860565185546875,1.8746185302734373,421.875,91706.046875,269.2904052734375,282.9214172363281,293.93572998046875,0.0004442040808498,0.0064141862094402,0.0126934237778186,5.6996612548828125,-0.061431884765625,-1.17816162109375,-5.123321533203125,-2.546249389648437,2.5295562744140625
2020-03-23,12,2,299.32928466796875,293.83856201171875,-3.05487060546875,-0.5852813720703125,1204.25,91451.5,268.11334228515625,282.8829040527344,294.6721496582031,0.001306070247665,0.0073769129812717,0.0128769539296627,6.650390625,1.2501220703125,-2.9831695556640625,-5.7779693603515625,-2.591156005859375,-0.70184326171875
2020-03-23,18,3,296.3729858398437,292.81719970703125,-0.090545654296875,1.2935943603515625,52.625,91656.1875,267.5362854003906,282.08551025390625,294.42315673828125,0.0008553576190024,0.0079566687345504,0.0106458999216556,3.62603759765625,2.2389373779296875,-3.0326385498046875,-4.88922119140625,-6.528839111328125,7.103179931640625
2020-03-24,0,0,294.984619140625,291.9742736816406,-0.8583831787109375,0.7108306884765625,74.75,91497.421875,268.7791748046875,281.1615295410156,292.59991455078125,0.0006151634734123,0.0086213089525699,0.0119314603507518,7.682220458984375,-4.792495727539063,0.190277099609375,-3.65289306640625,-6.934600830078125,5.64569091796875
2020-03-24,6,1,303.6656188964844,290.0461730957031,-2.0529327392578125,0.9288482666015624,0.0,91599.46875,268.23046875,282.8753662109375,295.1643371582031,0.0004461165517568,0.005551528185606,0.0102586820721626,4.6817169189453125,-5.885910034179688,-3.201080322265625,-6.00994873046875,-5.30755615234375,1.0345458984375
2020-03-24,12,2,305.29571533203125,288.0933837890625,-1.9911041259765625,0.035308837890625,0.0,91170.421875,267.49395751953125,282.4955444335937,298.7027587890625,0.0005369605496525,0.0080053731799125,0.0081292912364006,3.78662109375,-4.712646484375,-4.3266143798828125,-8.2435302734375,-1.8255157470703125,-0.4347686767578125
2020-03-24,18,3,298.5302734375,290.2504272460937,-3.402008056640625,1.6580352783203125,0.0,91457.671875,267.92694091796875,282.3638610839844,294.9897766113281,0.0006516077555716,0.0075509771704673,0.0097996890544891,0.8138580322265625,1.94512939453125,-5.344268798828125,-5.341949462890625,-3.9370269775390634,5.5008697509765625
2020-03-25,0,0,295.2156982421875,291.8641357421875,-0.947906494140625,1.0112457275390625,41.5,91384.328125,268.50689697265625,281.3881225585937,292.7991943359375,0.0008335853926837,0.0070473067462444,0.0103577077388763,1.91119384765625,-4.923370361328125,-3.462265014648437,-3.23272705078125,-5.89593505859375,4.594329833984375
2020-03-25,6,1,302.9229736328125,287.96533203125,-1.72540283203125,1.7638702392578125,0.0,91655.8125,267.1929016113281,281.8519287109375,294.21099853515625,0.0009813848882913,0.0043696090579032,0.0083925724029541,-1.3554229736328125,-7.587005615234375,-2.6070556640625,-1.741943359375,-6.874359130859375,2.307403564453125
2020-03-25,12,2,304.13604736328125,286.1755676269531,-2.638397216796875,1.326080322265625,0.0,91278.90625,267.62860107421875,281.3138427734375,297.35260009765625,0.0006898909341543,0.0071294978260993,0.0071902722120285,-1.049163818359375,-5.2436370849609375,-4.91796875,-1.566619873046875,1.1999664306640625,2.188262939453125
2020-03-25,18,3,298.0807189941406,288.85986328125,-3.135528564453125,1.858642578125,0.0,91575.59375,268.4254455566406,282.2462158203125,294.46417236328125,0.0006824983283877,0.0051231384277343,0.0092135481536388,-1.2021942138671875,-6.8931884765625,-4.814865112304688,-1.9071807861328125,-3.65118408203125,6.541030883789063
2020-03-26,0,0,294.9372253417969,290.9087829589844,-1.2986602783203125,0.758941650390625,0.0,91442.25,268.16241455078125,282.20965576171875,293.330810546875,0.0006752479821443,0.0043756514787673,0.0091944336891174,-1.16815185546875,-9.728546142578123,-2.521453857421875,2.809555053710937,-4.14739990234375,3.4073944091796875
2020-03-26,6,1,303.1668701171875,289.0177307128906,-2.2685089111328125,0.036773681640625,0.0,91640.703125,268.8458251953125,282.4618835449219,294.42706298828125,0.0007194750942289,0.0041206218302249,0.0098251402378082,-4.6133880615234375,-14.078521728515623,-3.5225982666015625,6.6804046630859375,-1.192474365234375,-0.2366180419921875
2020-03-26,12,2,305.1111145019531,285.74908447265625,-3.4420623779296875,0.6616973876953125,0.0,91345.53125,269.9388732910156,281.872314453125,297.9118957519531,0.0006997808814048,0.0069874003529548,0.0073032230138778,-3.3050689697265625,-5.308883666992188,-6.180206298828125,4.209747314453125,-0.6451873779296875,1.026123046875
2020-03-26,18,3,297.862060546875,289.25909423828125,-3.6772308349609375,1.6286468505859375,0.0,91695.03125,270.8717041015625,284.0364990234375,293.31182861328125,0.0005327826365828,0.0029446426779031,0.0106434300541877,-3.0358123779296875,-8.60565185546875,-7.565017700195312,5.732208251953125,-0.99322509765625,2.655502319335937
2020-03-27,0,0,294.1661376953125,291.5758056640625,-2.095947265625,1.1552276611328125,0.0,91646.90625,269.7650756835937,283.85137939453125,292.9246826171875,0.0005875988863408,0.0019955222960561,0.0068328827619552,0.66705322265625,-7.09954833984375,-5.636199951171875,4.2459716796875,-0.5031280517578125,3.2984619140625
2020-03-27,6,1,302.616455078125,285.69500732421875,-2.5057525634765625,1.271759033203125,0.0,91845.109375,269.29278564453125,283.74566650390625,294.083984375,0.0005381547380238,0.0019676119554787,0.0072453580796718,-2.885345458984375,-9.23638916015625,-3.707107543945313,3.9165191650390634,-1.9383697509765625,1.6274261474609375
2020-03-27,12,2,304.90692138671875,284.0853881835937,-2.5176544189453125,0.457489013671875,0.0,91484.328125,269.6123352050781,281.6820678710937,297.3683776855469,0.0003812853246927,0.005255252122879,0.0059785172343254,-4.46112060546875,-4.1991729736328125,-4.3746185302734375,5.040924072265625,-1.8153533935546875,0.5601348876953125
2020-03-27,18,3,297.5398864746094,287.3674621582031,-3.05633544921875,1.2379302978515625,0.0,91763.4375,269.74468994140625,284.5342712402344,294.5074157714844,0.0003524359781295,0.0017734901048243,0.0079100839793682,-5.31866455078125,-8.891754150390625,-5.128219604492188,6.20794677734375,-4.5689849853515625,2.27252197265625
2020-03-28,0,0,293.7235107421875,289.3672180175781,-1.635650634765625,0.6234588623046875,0.0,91648.53125,269.4862670898437,283.72882080078125,293.2542419433594,0.0002981832949444,0.0015499405562877,0.0077428668737411,-3.006942749023437,-9.201202392578123,-3.22271728515625,8.04876708984375,-3.844024658203125,-0.0449981689453125
2020-03-28,6,1,302.94451904296875,284.05841064453125,-2.38177490234375,-0.1004486083984375,0.0,91766.84375,268.80810546875,283.9173278808594,294.5956726074219,0.0003274222835898,0.0015858858823776,0.0065429657697677,-3.9431304931640634,-10.796401977539062,-3.614501953125,7.25946044921875,0.0183563232421875,-0.4199066162109375
2020-03-28,12,2,305.24725341796875,281.3087158203125,-2.8889312744140625,0.471649169921875,0.0,91334.453125,268.28765869140625,282.4266357421875,298.4061279296875,0.0003543642815202,0.0043815299868583,0.0046309195458889,-2.8169097900390625,-5.4604339599609375,-5.681854248046875,4.1668243408203125,-0.07354736328125,0.861572265625
2020-03-28,18,3,297.0932922363281,282.8228759765625,-2.9470367431640625,0.4671173095703125,0.0,91637.796875,268.3114013671875,283.7339782714844,296.20623779296875,0.0003564929938875,0.001741194166243,0.0041518262587487,-4.38006591796875,-3.75836181640625,-7.81182861328125,7.717803955078125,-1.7462310791015625,-0.2987518310546875
2020-03-29,0,0,293.7364501953125,286.0938720703125,-2.0318756103515625,0.5750579833984375,0.0,91450.34375,267.914794921875,282.61163330078125,295.0169677734375,0.0005356883630156,0.0021473474334925,0.0047416840679943,0.599090576171875,-5.360870361328125,-7.340728759765625,6.01251220703125,-1.9508514404296875,3.449310302734375
2020-03-29,6,1,304.4652709960937,286.3470153808594,-2.6554412841796875,0.6862335205078125,0.0,91710.375,268.08251953125,282.99627685546875,295.41650390625,0.0006724863778799,0.0020659933798015,0.006916869431734,-1.5489959716796875,-10.35491943359375,-4.246597290039063,4.3782501220703125,-0.24761962890625,0.62628173828125
2020-03-29,12,2,306.21435546875,284.334716796875,-2.6927490234375,0.7711334228515625,0.0,91278.828125,267.9106750488281,282.8546447753906,298.940673828125,0.0008241184987127,0.0058082500472664,0.0059078345075249,-2.527450561523437,-4.1719512939453125,-5.0100860595703125,3.203231811523437,-0.5277252197265625,1.1065521240234375
2020-03-29,18,3,298.7664489746094,284.3218994140625,-3.249618530273437,1.20855712890625,0.0,91638.0625,267.578125,283.0240173339844,295.7823181152344,0.0007156389765441,0.0054198205471038,0.0070382095873355,-5.0091552734375,0.321319580078125,-7.0952911376953125,8.159561157226562,-4.6701507568359375,3.8447113037109375
2020-03-30,0,0,294.7123718261719,287.5354919433594,-0.7333526611328125,1.86785888671875,0.0,91541.65625,266.65594482421875,282.535888671875,293.85076904296875,0.0011114424560219,0.0048931585624814,0.0070520304143428,-0.974273681640625,-4.56805419921875,-3.0802459716796875,11.233489990234377,-7.2340087890625,4.462890625
2020-03-30,6,1,304.24444580078125,287.1941223144531,-2.56463623046875,-0.746612548828125,0.0,91727.09375,267.4092712402344,283.3671875,295.3583068847656,0.00152088701725,0.0014998235274106,0.0078032314777374,0.771728515625,-8.8409423828125,-4.023590087890625,12.734283447265623,-3.265243530273437,-1.23577880859375
2020-03-30,12,2,306.4450988769531,283.1853332519531,-3.3711700439453125,0.4803314208984375,0.0,91364.328125,268.24200439453125,282.7613220214844,298.7574462890625,0.0017383196391165,0.005262091755867,0.0053842738270759,3.4747314453125,-4.485198974609375,-6.1551055908203125,5.49658203125,-0.436614990234375,0.6965179443359375
2020-03-30,18,3,298.04132080078125,286.65234375,-3.336517333984375,1.5402069091796875,0.0,91654.453125,268.0282592773437,283.669677734375,296.0516357421875,0.0017107091844081,0.0022820539306849,0.0066889934241771,4.031341552734375,-5.03369140625,-7.391311645507812,1.0048980712890625,-0.795989990234375,1.36541748046875
2020-03-31,0,0,295.42559814453125,288.3213806152344,-2.01171875,0.340850830078125,0.0,91596.828125,266.80291748046875,282.6917419433594,295.1934814453125,0.0018000807613134,0.0025795979890972,0.0048687234520912,2.80059814453125,-3.1288299560546875,-6.794479370117188,2.902435302734375,-2.039703369140625,2.1304168701171875
2020-03-31,6,1,304.3943786621094,284.2734375,-3.5613250732421875,0.998138427734375,0.0,91805.0,266.9627685546875,283.25146484375,296.1109924316406,0.0017136631067842,0.0018717357888817,0.0057690031826496,1.7682037353515625,-7.1966552734375,-5.4532623291015625,2.0846405029296875,-2.801483154296875,1.262115478515625
2020-03-31,12,2,305.880615234375,282.92987060546875,-3.3238067626953125,0.8544769287109375,0.0,91425.515625,267.13262939453125,282.5402526855469,298.593994140625,0.0014380842912942,0.0052611902356147,0.0053986795246601,1.9226531982421875,-4.313888549804688,-5.7023773193359375,-1.3451080322265625,-0.4183807373046875,1.26983642578125
2020-03-31,18,3,298.6669006347656,287.6971435546875,-3.1365509033203125,1.67950439453125,0.0,91702.109375,267.35369873046875,283.02740478515625,296.177490234375,0.0008340256754308,0.0040609347634017,0.0057707391679286,1.3074951171875,-3.4148406982421875,-8.396484375,-1.9855499267578125,-3.6544036865234375,2.3834228515625
2020-04-01,0,0,295.65997314453125,288.5542297363281,-2.413116455078125,0.355010986328125,0.0,91555.609375,267.1614990234375,282.985107421875,295.5097961425781,0.0005347826518118,0.0019187598954886,0.0049610137939453,3.344879150390625,-3.195831298828125,-8.114608764648438,-1.5088348388671875,-4.039276123046875,3.454208374023437
2020-04-01,6,1,305.7498779296875,284.6806640625,-3.947067260742188,0.9886474609375,0.0,91763.078125,267.8328857421875,282.7991943359375,296.8006286621094,0.0004780611488968,0.0018465316388756,0.005705002695322,2.939178466796875,-7.0445556640625,-5.975372314453125,2.5543365478515625,-4.945770263671875,1.00213623046875
2020-04-01,12,2,306.9188232421875,283.07427978515625,-2.895355224609375,0.6495819091796875,0.0,91349.328125,267.896484375,283.2597961425781,299.4481201171875,0.0004974701441824,0.0054030641913414,0.0054961778223514,4.4499359130859375,-4.9747467041015625,-5.1272735595703125,-3.281234741210937,-1.6253814697265625,0.604339599609375
2020-04-01,18,3,299.85888671875,286.0596618652344,-2.479721069335937,1.9590606689453125,0.0,91604.203125,268.2343139648437,283.1512451171875,296.01904296875,0.0004998543299734,0.0052456706762313,0.007780198007822,-1.16961669921875,-0.862457275390625,-5.5492706298828125,-4.7273712158203125,-5.264984130859375,6.725631713867188
2020-04-02,0,0,295.9962158203125,289.378173828125,-0.947296142578125,1.599700927734375,0.0,91455.125,269.57550048828125,282.14605712890625,294.99127197265625,0.0002730693668127,0.0055854022502899,0.0064559020102024,-1.005859375,-3.3266754150390625,-4.6180419921875,-2.34490966796875,-5.966567993164063,5.3360137939453125
2020-04-02,6,1,304.9554443359375,287.87750244140625,-1.447967529296875,1.735015869140625,0.0,91631.828125,270.57666015625,282.81866455078125,296.04345703125,0.0001230617344845,0.0039834752678871,0.0082840695977211,-3.42633056640625,-6.733413696289063,-2.485595703125,-3.3117828369140625,-6.165252685546875,2.1186981201171875
2020-04-02,12,2,307.0848083496094,286.4149475097656,-2.558197021484375,1.2516937255859375,0.0,91229.078125,270.5135498046875,283.6131591796875,299.69708251953125,0.000206382930628,0.0072057545185089,0.0072551928460597,-5.007339477539063,-4.457534790039063,-4.661376953125,-5.51287841796875,-1.0496063232421875,1.5193328857421875
2020-04-02,18,3,299.7046203613281,287.7080993652344,-3.1051483154296875,1.6834716796875,1.75,91566.859375,270.6243896484375,283.67840576171875,296.283935546875,0.0003071436658501,0.0066193453967571,0.0085788704454898,-6.8820343017578125,-2.1493377685546875,-5.713302612304688,-4.625534057617188,-5.389373779296875,7.254776000976562
2020-04-03,0,0,297.0575561523437,290.2167053222656,-0.6511383056640625,1.787811279296875,44.0,91490.578125,271.951904296875,282.90289306640625,293.7012023925781,0.0002519129193387,0.0046364329755306,0.0092820674180984,-5.455596923828125,-7.953750610351562,-0.45648193359375,-1.1539459228515625,-4.468673706054688,7.0325775146484375
2020-04-03,6,1,304.3289794921875,288.6175537109375,-0.7754364013671875,2.25982666015625,0.0,91690.171875,270.7409362792969,282.8231811523437,295.42950439453125,0.000244520837441,0.0047943964600563,0.0092508569359779,-3.5210418701171875,-9.452789306640623,-1.2921142578125,-0.6728973388671875,-4.7279815673828125,2.979766845703125
2020-04-03,12,2,307.13592529296875,284.97076416015625,-3.15228271484375,0.81756591796875,0.0,91302.765625,269.13897705078125,283.28436279296875,299.37091064453125,0.0002204803022323,0.0069407261908054,0.0070086605846881,-4.0916290283203125,-5.247482299804688,-5.225616455078125,-1.7368621826171875,-0.8235015869140625,0.84527587890625
2020-04-03,18,3,299.5282897949219,288.7867431640625,-2.99102783203125,1.691864013671875,0.0,91602.59375,269.5063171386719,283.40008544921875,296.370361328125,0.0002374749019509,0.0046250163577497,0.0084041692316532,-5.566192626953125,-4.83331298828125,-5.5445709228515625,-3.1294403076171875,-3.8018646240234375,4.2368927001953125
2020-04-04,0,0,296.12762451171875,292.59674072265625,-0.62353515625,1.75897216796875,11.0,91530.390625,270.1596374511719,283.0470886230469,293.93975830078125,0.0002448659215588,0.0043289954774081,0.0087037682533264,-3.785888671875,-5.2626800537109375,-0.8094329833984375,1.252349853515625,-5.177215576171875,6.0918731689453125
2020-04-04,6,1,304.162109375,287.9661560058594,-0.43609619140625,1.9303436279296875,0.0,91775.296875,268.4767761230469,283.6466064453125,295.384521484375,0.0002644166816025,0.0036953315138816,0.0085244514048099,-2.499725341796875,-7.750244140625,-0.7994537353515625,3.454437255859375,-3.16815185546875,2.552352905273437
2020-04-04,12,2,306.94989013671875,284.5544128417969,-1.8038330078125,0.5634765625,0.0,91387.078125,269.0214233398437,283.5501708984375,299.67852783203125,0.0002446281141601,0.0057991109788417,0.0058753229677677,-1.3810272216796875,-2.929656982421875,-2.807846069335937,-0.62738037109375,-1.1992340087890625,0.4199981689453125
2020-04-04,18,3,299.92340087890625,288.7601928710937,-3.7517242431640634,2.31378173828125,0.0,91659.09375,268.75323486328125,284.875732421875,295.5628662109375,0.0002513259241823,0.003164347494021,0.0089012049138545,-0.3130035400390625,-0.70343017578125,-5.1226348876953125,-1.99945068359375,-2.310577392578125,9.9423828125
2020-04-05,0,0,296.4493408203125,292.3270263671875,-0.495361328125,1.72509765625,0.0,91625.0,268.5406494140625,283.74822998046875,291.6876525878906,0.0002323491789866,0.0037914162967354,0.0127478875219821,1.9674835205078125,-5.601043701171875,2.4553680419921875,0.2943267822265625,-4.257080078125,7.408233642578125
2020-04-05,6,1,303.9838256835937,291.38360595703125,0.1486053466796875,1.665435791015625,5.875,91829.59375,268.49542236328125,284.0955810546875,295.077880859375,0.0001992141042137,0.0039535886608064,0.011567860841751,1.0655364990234375,-5.5757598876953125,-0.028350830078125,-0.99755859375,-1.53253173828125,2.0642547607421875
2020-04-05,12,2,307.3715209960937,287.2933959960937,-1.1929168701171875,-0.3261260986328125,0.0,91412.90625,268.2526550292969,283.0010681152344,299.27313232421875,0.0013288853224366,0.00827581807971,0.0084761567413806,2.014404296875,-3.7999114990234375,-2.0508575439453125,-4.465850830078125,-0.6525421142578125,-0.57855224609375
2020-04-05,18,3,300.1264038085937,289.4061279296875,-1.967010498046875,3.511581420898437,310.5,91821.203125,267.3828125,282.90838623046875,295.5767822265625,0.0010263072326779,0.0081656500697135,0.011521678417921,-5.8343048095703125,2.68096923828125,-1.294464111328125,-5.251754760742188,-2.928085327148437,12.656478881835938
2020-04-06,0,0,298.0975036621094,292.48126220703125,0.6611175537109375,2.091171264648437,401.0,91687.53125,267.5599060058594,283.5689392089844,291.5697021484375,0.0007026579696685,0.0066285841166973,0.0142923817038536,-0.596923828125,-4.22509765625,2.70050048828125,-2.1532745361328125,-3.0477752685546875,-0.53253173828125
2020-04-06,6,1,303.8275756835937,293.441650390625,1.00531005859375,-1.0134735107421875,1213.125,91816.375,268.6591186523437,284.060302734375,294.6403503417969,0.0006387787871062,0.0049505718052387,0.0142150782048702,-2.4878387451171875,-5.5845489501953125,1.2127685546875,-1.098907470703125,-1.2986907958984375,-1.570159912109375
2020-04-06,12,2,305.2608337402344,291.6295471191406,-1.677947998046875,-0.7787628173828125,325.5,91371.96875,269.2012939453125,283.65997314453125,298.38525390625,0.0014545635785907,0.0093358792364597,0.0118734426796436,1.946197509765625,-2.2877197265625,-2.264190673828125,-2.7877960205078125,-2.238800048828125,-1.2588348388671875
2020-04-06,18,3,296.7808837890625,293.4078369140625,1.8269805908203125,1.2136993408203125,704.125,91747.421875,267.5907287597656,283.26727294921875,294.4671630859375,0.0034914335701614,0.0093472711741924,0.0127513594925403,2.4834747314453125,-5.5926513671875,-2.2411346435546875,-1.7974700927734375,-2.85418701171875,5.12066650390625
2020-04-07,0,0,297.1248779296875,293.11944580078125,1.33526611328125,0.8578338623046875,328.5,91577.15625,268.28985595703125,283.66766357421875,292.14520263671875,0.0023794458247721,0.0066548623144626,0.0137688368558883,4.544281005859375,-6.540084838867188,2.4265594482421875,-0.713958740234375,-0.0646514892578125,3.62957763671875
2020-04-07,6,1,301.2338562011719,292.8453369140625,0.994232177734375,0.7311859130859375,606.875,91754.203125,268.35791015625,283.2969970703125,293.3270568847656,0.0024206973612308,0.0056940764188766,0.0139651745557785,5.6380767822265625,-5.47576904296875,1.0720977783203125,-0.97344970703125,-0.0262603759765625,0.6788787841796875
2020-04-07,12,2,298.8741149902344,294.47589111328125,1.599945068359375,-0.603546142578125,712.125,91425.46875,268.51690673828125,282.7724609375,294.4132995605469,0.0032751956023275,0.0087033994495868,0.0132110081613063,3.860321044921875,-3.156982421875,2.093612670898437,-1.609588623046875,1.0977935791015625,1.3416595458984375
2020-04-07,18,3,295.7994384765625,293.74041748046875,0.350738525390625,-1.1318511962890625,743.0,91716.71875,266.8663024902344,283.5121154785156,293.98980712890625,0.0041454173624515,0.0070669203996658,0.0124642737209796,2.629547119140625,-1.63800048828125,1.7812042236328125,-0.585357666015625,2.536972045898437,-1.574798583984375
2020-04-08,0,0,295.16278076171875,292.77264404296875,-0.092498779296875,-1.126678466796875,710.25,91582.609375,265.1813659667969,283.56060791015625,294.2489929199219,0.0037443747278302,0.0050992965698242,0.0117741450667381,4.887115478515625,-1.1003875732421875,0.3471221923828125,-1.9177093505859373,2.3096466064453125,-0.718963623046875
2020-04-08,6,1,301.8350830078125,293.53131103515625,0.7370452880859375,0.205810546875,853.5,91814.609375,267.40643310546875,283.29443359375,294.28173828125,0.0007779877632856,0.0051278173923492,0.0134809948503971,6.36578369140625,-1.4698333740234375,0.964752197265625,-2.510833740234375,0.5428924560546875,0.2254791259765625
2020-04-08,12,2,302.0011291503906,294.0406494140625,-1.2701568603515625,-0.103271484375,1030.125,91466.015625,267.2644348144531,283.0521240234375,295.0964050292969,0.0021669606212526,0.0075251534581184,0.0129572488367557,4.898117065429688,-0.2417449951171875,-3.153839111328125,-0.9547882080078124,-0.710479736328125,-0.5543365478515625
2020-04-08,18,3,296.20343017578125,294.0487365722656,0.6641082763671875,-0.5888671875,747.875,91774.203125,266.35260009765625,282.9845275878906,294.352783203125,0.0032058828510344,0.0072880983352661,0.0119434632360935,4.1760101318359375,0.1175994873046875,-1.614166259765625,-0.0094757080078125,-2.85382080078125,2.63128662109375
2020-04-09,0,0,295.95947265625,293.3656005859375,1.10260009765625,0.5741424560546875,935.0,91611.28125,265.7637939453125,282.4886474609375,294.120361328125,0.0014174121897667,0.0069909356534481,0.0107904970645904,7.289260864257812,-3.4987335205078125,2.241943359375,-0.049041748046875,-3.6456146240234375,0.868133544921875
2020-04-09,6,1,302.7426452636719,293.62518310546875,0.474395751953125,-0.5125732421875,757.75,91755.609375,267.2454833984375,282.16729736328125,294.2333374023437,0.0002447499427944,0.0074856169521808,0.0131589211523532,8.827133178710938,-3.4016876220703125,0.53765869140625,-1.2659149169921875,-0.3686981201171875,-1.0408782958984375
2020-04-09,12,2,300.65966796875,291.7637634277344,-3.0652618408203125,0.27728271484375,40.625,91403.4375,266.8344116210937,282.7020874023437,294.63433837890625,0.0014448529109358,0.0082025602459907,0.011565938591957,9.26611328125,0.786346435546875,-4.8548583984375,0.458953857421875,-0.62188720703125,-0.297882080078125
2020-04-09,18,3,293.8818054199219,290.45025634765625,-2.310165405273437,1.4389801025390625,511.875,91764.390625,266.4737548828125,281.9532775878906,293.6248779296875,0.001196204451844,0.0085742063820362,0.0124987252056598,6.50189208984375,-1.5728912353515625,-3.823410034179688,2.3970947265625,-1.541717529296875,4.058563232421875
2020-04-10,0,0,294.3883972167969,291.905517578125,-1.014373779296875,2.1806182861328125,1007.625,91599.84375,266.07647705078125,282.2640380859375,293.3168640136719,0.0020726944785565,0.0062023550271987,0.0122755691409111,5.042877197265625,-4.3832855224609375,-2.3397369384765625,7.161148071289063,-5.69647216796875,4.74932861328125
2020-04-10,6,1,301.172607421875,292.5498962402344,-0.775146484375,1.7151336669921875,766.625,91782.609375,265.5384216308594,282.5800476074219,293.1961669921875,0.0005943379364907,0.0050383508205413,0.0129866227507591,7.202682495117188,-6.0637054443359375,-1.191986083984375,3.078704833984375,-3.8359222412109375,2.207794189453125
2020-04-10,12,2,303.3685302734375,290.7650451660156,-1.575531005859375,0.4822235107421875,27.0,91450.296875,265.67803955078125,283.1630859375,296.3758544921875,0.0015341530088335,0.00563620403409,0.0100179761648178,5.085418701171875,-5.852752685546875,-3.650665283203125,0.5932769775390625,-0.4893951416015625,1.17498779296875
2020-04-10,18,3,297.4825439453125,288.8854064941406,-2.3824005126953125,1.374420166015625,0.0,91746.6875,265.5186767578125,283.59375,294.04986572265625,0.0012934594415128,0.0055968761444091,0.0101367961615324,1.2554779052734375,-5.49847412109375,-4.794357299804688,2.1034393310546875,-0.4781494140625,5.161346435546875
2020-04-11,0,0,295.7352905273437,292.2690734863281,-1.50714111328125,0.841583251953125,477.75,91745.3125,264.915771484375,282.0148620605469,293.7802429199219,0.0016166095156222,0.0059322826564311,0.009121611714363,0.858612060546875,-6.535614013671875,-3.0653076171875,3.944854736328125,-2.371063232421875,2.422210693359375
2020-04-11,6,1,302.63604736328125,289.305908203125,-1.9532318115234373,0.912506103515625,106.625,91909.015625,265.4461364746094,282.3500366210937,294.0572814941406,0.0007524022366851,0.0051677264273166,0.010789044201374,2.559310913085937,-8.687301635742188,-3.0249786376953125,3.26629638671875,-0.9161529541015624,1.0374908447265625
2020-04-11,12,2,304.2433166503906,289.7568054199219,-1.3540802001953125,0.7769317626953125,0.0,91550.015625,265.6244506835937,281.03009033203125,296.8827514648437,0.0011909902095794,0.007775206118822,0.0080694332718849,3.6264495849609375,-5.6689300537109375,-3.729248046875,1.319427490234375,-0.6765899658203125,1.4299163818359375
2020-04-11,18,3,297.95025634765625,289.1126403808594,-1.965728759765625,1.35650634765625,225.0,91822.078125,264.3466186523437,283.2746887207031,294.1137084960937,0.0014084156136959,0.0034847215283662,0.0099398083984851,-0.460662841796875,-8.42034912109375,-3.837158203125,0.614654541015625,-3.409393310546875,3.8039703369140634
2020-04-12,0,0,295.2152709960937,291.71441650390625,-1.813720703125,0.4165191650390625,807.0,91681.359375,265.43316650390625,282.15252685546875,294.1537475585937,0.0008168495260179,0.0042726472020149,0.0089369118213653,-0.344757080078125,-6.4910888671875,-1.95263671875,3.21099853515625,-2.01776123046875,0.5749053955078125
2020-04-12,6,1,303.6117553710937,289.4210510253906,-2.325057983398437,-0.09039306640625,64.875,91819.859375,265.6059265136719,282.30047607421875,295.2588195800781,0.0003809221088886,0.0044895075261592,0.0091428756713867,3.2480010986328125,-8.32220458984375,-3.6739349365234375,5.5169830322265625,-2.583160400390625,-0.5153961181640625
2020-04-12,12,2,304.80096435546875,287.68231201171875,-2.403656005859375,0.6587066650390625,0.0,91456.140625,266.33709716796875,282.0291442871094,297.97198486328125,0.0012487876228988,0.0069269984960556,0.0071415863931179,6.45526123046875,-6.288543701171875,-6.317474365234375,2.6090850830078125,-2.0006103515625,0.8801116943359375
2020-04-12,18,3,298.2408447265625,287.02667236328125,-2.2470855712890625,0.7616119384765625,0.0,91712.90625,265.42462158203125,282.8055725097656,295.7553100585937,0.0020483001135289,0.00421345513314,0.007437590509653,4.3155670166015625,-5.032928466796875,-6.670333862304688,-0.2980194091796875,-4.936248779296875,0.6861724853515625
2020-04-13,0,0,294.9573974609375,289.2869567871094,-2.052886962890625,-0.4416656494140625,0.0,91558.65625,265.375,282.3406982421875,295.85516357421875,0.0005114607047289,0.0048238858580589,0.0055974908173084,-0.627227783203125,-5.22607421875,-5.7813720703125,-3.8937835693359375,-5.6744537353515625,0.9732208251953124
2020-04-13,6,1,304.29302978515625,286.9576416015625,-2.689422607421875,0.4099273681640625,0.0,91698.90625,266.39141845703125,282.4783935546875,296.5228881835937,0.0003938102163374,0.0035092257894575,0.0071061216294765,-5.70672607421875,-8.74212646484375,-4.150054931640625,-3.0150146484375,-4.675445556640625,0.25079345703125
2020-04-13,12,2,305.94610595703125,286.2247314453125,-2.291778564453125,-0.1514739990234375,0.0,91327.4375,266.3470458984375,283.24041748046875,299.34088134765625,0.0003587508108466,0.0055071413516998,0.0056226998567581,-4.275482177734375,-5.3150634765625,-5.96990966796875,-0.1114959716796875,-1.7468109130859375,-0.7191314697265625
2020-04-13,18,3,298.64520263671875,285.6397399902344,-2.6195526123046875,0.71978759765625,0.0,91604.59375,267.353759765625,282.913818359375,295.99139404296875,0.0002493087667971,0.0039879931136965,0.0069704428315162,-2.310821533203125,-2.657943725585937,-8.400726318359375,-1.4137115478515625,-6.143585205078125,0.1455230712890625
2020-04-14,0,0,293.874755859375,287.3587951660156,-2.1062774658203125,-0.2451324462890625,0.0,91499.71875,266.92266845703125,283.3388977050781,296.78924560546875,0.000268254923867,0.0022980789653956,0.0025019068270921,-3.5829010009765625,-5.582977294921875,-7.63055419921875,-3.648406982421875,-7.3049774169921875,0.0587615966796875
2020-04-14,6,1,305.54718017578125,282.02166748046875,-4.367965698242188,0.43780517578125,0.0,91646.765625,267.0196533203125,283.75848388671875,297.0602722167969,0.0004055777098983,0.0012883506715297,0.0049800053238868,-1.8982391357421875,-8.67156982421875,-6.952117919921875,-0.2906494140625,-4.314666748046875,0.37158203125
2020-04-14,12,2,305.78759765625,282.0654296875,-3.01446533203125,0.377716064453125,0.0,91380.03125,267.1277160644531,282.9988098144531,299.01983642578125,0.0004406322259455,0.0040064491331577,0.0042080134153366,-0.1105194091796875,-5.9370880126953125,-7.0945892333984375,-3.1692352294921875,-1.131378173828125,0.7074432373046875
2020-04-14,18,3,297.9841613769531,284.9105224609375,-2.798202514648437,0.8612823486328125,0.0,91774.265625,266.81561279296875,283.27471923828125,295.9373779296875,0.0004898607730865,0.0024183420464396,0.0056467652320861,-1.0245208740234375,-4.2855377197265625,-6.96514892578125,-6.3581085205078125,-5.553192138671875,2.3995361328125
2020-04-15,0,0,294.1357116699219,289.86627197265625,-1.711822509765625,0.8724822998046875,0.375,91694.125,267.33502197265625,283.2651672363281,295.01531982421875,0.0005229078233242,0.0014583452139049,0.0048597138375043,-0.9199371337890624,-5.5812530517578125,-2.6302032470703125,-1.90557861328125,-5.382415771484375,3.3928985595703125
2020-04-15,6,1,304.1978759765625,286.5853271484375,-0.877655029296875,0.952178955078125,0.0,91755.484375,266.8291015625,283.60406494140625,295.2992553710937,0.0005431699100881,0.002115614246577,0.0076575651764869,1.5538330078125,-8.929595947265625,-1.5756072998046875,-2.0625152587890625,-6.184585571289063,1.019927978515625
2020-04-15,12,2,306.48388671875,286.29107666015625,-1.5404205322265625,0.493896484375,0.0,91376.109375,266.729736328125,283.32476806640625,299.493408203125,0.0005704686045646,0.0051586702466011,0.0052841231226921,1.500457763671875,-4.677978515625,-3.9093170166015625,-3.8616790771484375,-1.399688720703125,0.541412353515625
2020-04-15,18,3,298.69635009765625,286.5689697265625,-2.8003692626953125,1.10589599609375,22.25,91714.53125,266.3858642578125,282.8172607421875,296.17486572265625,0.0005963381845504,0.0049647241830825,0.0083119235932827,-1.9784088134765625,-1.8418731689453125,-4.1980743408203125,-4.877288818359375,-5.038589477539063,4.20843505859375
2020-04-16,0,0,296.16180419921875,290.3722839355469,-0.031646728515625,1.8777618408203125,226.0,91595.90625,267.2899169921875,282.74127197265625,292.478271484375,0.0010605375282466,0.0055769979953765,0.0121676176786422,-3.0885467529296875,-7.870025634765625,1.7445831298828125,-4.80792236328125,-10.078292846679688,5.658462524414063
2020-04-16,6,1,304.0435791015625,290.1217041015625,-0.8431549072265625,0.6554412841796875,0.0,91662.0,267.23492431640625,283.19439697265625,295.5335693359375,0.0010806913487613,0.0054587498307228,0.0099109970033168,-2.4298553466796875,-10.546798706054688,-1.65771484375,-2.48760986328125,-7.4565582275390625,0.5548095703125
2020-04-16,12,2,306.90582275390625,286.4989013671875,-1.2482757568359375,-0.6105804443359375,0.0,91292.5,266.6533203125,283.34478759765625,299.62713623046875,0.0016048708930611,0.0072117745876312,0.0074027106165885,-1.5679779052734375,-5.0418548583984375,-2.829925537109375,-3.721237182617188,-3.1400299072265625,-1.471099853515625
2020-04-16,18,3,299.70703125,285.9824523925781,-2.80072021484375,1.72833251953125,0.0,91602.375,266.6621398925781,283.2313842773437,296.5660705566406,0.0010936935432255,0.0067822597920894,0.0082179084420204,-5.53631591796875,-0.39642333984375,-5.0960235595703125,-5.59100341796875,-4.081268310546875,6.5633392333984375
2020-04-17,0,0,297.28668212890625,288.61676025390625,-0.6227874755859375,1.9578399658203125,42.625,91523.859375,267.3330383300781,282.98565673828125,293.4095458984375,0.0011478110682219,0.0064002647995948,0.0117972306907176,-1.9693450927734373,-6.483413696289063,2.501937866210937,-5.14794921875,-5.8608245849609375,6.0419464111328125
2020-04-17,6,1,304.0380859375,290.79156494140625,-1.853668212890625,0.467620849609375,0.0,91607.4375,267.4833984375,283.9451599121094,296.02801513671875,0.0008720625191926,0.0056616999208927,0.0101498290896415,-2.167694091796875,-8.93048095703125,-3.01263427734375,-4.109710693359375,-5.8958892822265625,0.2660369873046875
2020-04-17,12,2,306.99249267578125,288.3211669921875,-2.20245361328125,-0.0475006103515625,0.0,91190.96875,267.8796081542969,284.1444091796875,300.50714111328125,0.0003916921559721,0.007615253329277,0.0077083446085453,-4.3311614990234375,-5.199264526367188,-4.625885009765625,-4.887954711914063,-2.7635040283203125,-0.7044830322265625
2020-04-17,18,3,299.93121337890625,290.1444396972656,-2.27752685546875,1.4317169189453125,4.75,91590.171875,268.742431640625,284.12908935546875,296.50115966796875,0.0002581668086349,0.005953099578619,0.0108504109084606,-4.9852142333984375,-3.0525665283203125,-4.6782073974609375,-2.9265289306640625,-5.951324462890625,6.318878173828125
2020-04-18,0,0,297.292724609375,292.3826904296875,-0.9017791748046876,2.1421661376953125,337.0,91532.609375,270.0447692871094,283.15643310546875,293.6463928222656,0.0001850522967288,0.005145214498043,0.0127742066979408,-0.521240234375,-9.41162109375,-0.0108795166015625,-1.025054931640625,-4.40606689453125,5.95489501953125
2020-04-18,6,1,304.171875,291.0585327148437,-1.27362060546875,0.428558349609375,55.875,91720.890625,268.888671875,283.57489013671875,295.7329406738281,0.0001718322309898,0.0051213987171649,0.0114731229841709,-0.3268890380859375,-10.045822143554688,-2.107147216796875,-2.1443023681640625,-2.384033203125,0.3642120361328125
2020-04-18,12,2,306.4795227050781,288.95068359375,-1.547576904296875,0.0693511962890625,0.0,91291.828125,268.57159423828125,283.2527160644531,299.4067687988281,0.0010376928839832,0.0079044960439205,0.0080960784107446,-2.97222900390625,-5.005538940429688,-3.260238647460937,-3.9378662109375,-2.062118530273437,-0.2746429443359375
2020-04-18,18,3,299.89019775390625,287.3171691894531,-1.936004638671875,1.186614990234375,0.0,91566.28125,268.6640014648437,284.00738525390625,297.1092529296875,0.001214224146679,0.0054175406694412,0.0093719214200973,-5.447311401367188,-3.894805908203125,-3.12274169921875,-4.90338134765625,-5.472198486328125,4.0914306640625
2020-04-19,0,0,297.1264038085937,290.39959716796875,-1.415802001953125,0.3940887451171875,39.875,91526.8125,269.5361633300781,283.27734375,293.02362060546875,0.0009933854453265,0.0053307861089706,0.0115558095276355,-1.518646240234375,-8.835723876953125,-0.4002227783203125,-0.235443115234375,-5.488311767578125,2.4076080322265625
2020-04-19,6,1,304.0644226074219,291.0922241210937,-1.943084716796875,0.9279327392578124,77.375,91662.046875,267.3665771484375,283.71563720703125,295.4049377441406,0.0012385658919811,0.0047791460528969,0.0118258148431777,-5.479248046875,-9.815658569335938,-2.9164276123046875,-1.47833251953125,-1.125396728515625,1.131683349609375
2020-04-19,12,2,305.993896484375,287.6326599121094,-2.621932983398437,0.46929931640625,0.0,91245.5,267.8640441894531,283.0337829589844,299.1375732421875,0.0012052494566887,0.0084853582084178,0.0085491389036178,-2.7804107666015625,-5.175582885742188,-5.0140533447265625,-0.1778564453125,-1.58038330078125,0.3632659912109375
2020-04-19,18,3,299.1859130859375,290.7265014648437,-2.5418701171875,1.7564849853515625,115.75,91590.09375,268.04656982421875,284.4541015625,295.0182800292969,0.0013499553315341,0.0042677638120949,0.0117396190762519,-3.424346923828125,-5.0357208251953125,-5.235687255859375,-3.35015869140625,-5.1910400390625,5.2557373046875
2020-04-20,0,0,296.90545654296875,293.7615051269531,-1.6122894287109375,1.1868743896484375,738.875,91526.46875,267.69146728515625,283.8907165527344,293.4302062988281,0.0016456940211355,0.003100898116827,0.0122661441564559,-3.313995361328125,-6.72918701171875,-0.74786376953125,2.63616943359375,-4.959991455078125,4.0211181640625
2020-04-20,6,1,304.5045166015625,290.2828674316406,-2.3984527587890625,1.349639892578125,0.625,91656.25,268.11431884765625,283.35205078125,295.5386962890625,0.0007014409638941,0.003954894375056,0.0107562988996505,-1.539947509765625,-10.094100952148438,-3.52532958984375,3.6590576171875,-3.542343139648437,1.5452117919921875
2020-04-20,12,2,306.2539367675781,285.99530029296875,-3.2710113525390625,1.2378387451171875,0.0,91246.734375,268.80487060546875,282.6854553222656,298.6335144042969,0.0010548143181949,0.0068337582051754,0.007207728922367,0.096405029296875,-4.879180908203125,-5.587570190429688,1.13818359375,-0.3411102294921875,1.80279541015625
2020-04-20,18,3,299.1085205078125,289.4403686523437,-2.425048828125,1.356292724609375,0.0,91590.453125,268.4174499511719,284.1794128417969,296.3155212402344,0.0008181720040738,0.0034948415122926,0.0084137618541717,-0.95843505859375,-9.2227783203125,-2.422760009765625,0.3835601806640625,-1.816192626953125,3.2476959228515625
2020-04-21,0,0,296.1630249023437,291.2533264160156,-0.6986846923828125,1.7753448486328125,0.0,91485.15625,268.2171630859375,283.6552734375,294.35748291015625,0.0008547403849661,0.0035669726785272,0.0091974139213562,-0.7783355712890625,-7.9140777587890625,-0.2866973876953125,0.0913543701171875,-2.5743408203125,2.378570556640625
2020-04-21,6,1,303.88336181640625,289.55126953125,-0.018341064453125,0.5248870849609375,0.0,91683.546875,268.246826171875,283.90496826171875,295.3748779296875,0.0009411671198904,0.0034917795564979,0.0103498399257659,-0.21502685546875,-7.849456787109375,-0.2657623291015625,1.0650787353515625,-3.51824951171875,0.374725341796875
2020-04-21,12,2,306.748291015625,287.1654052734375,-1.3314361572265625,-0.4525146484375,0.0,91269.796875,268.51519775390625,283.4186706542969,299.7025146484375,0.0009213993325829,0.0075113363564014,0.0076408870518207,-1.562713623046875,-3.43389892578125,-2.115707397460937,-1.0944671630859375,-3.7806396484375,-1.4117431640625
2020-04-21,18,3,299.7524719238281,285.520751953125,-2.5225982666015625,1.70648193359375,0.0,91610.546875,269.09893798828125,283.89813232421875,296.9999389648437,0.0010489718988537,0.0064749531447887,0.0081635154783725,-3.753005981445313,1.9766998291015625,-3.832229614257813,-1.6487579345703125,-5.5152587890625,8.35015869140625
2020-04-22,0,0,297.6156616210937,289.47186279296875,-0.0995025634765625,2.365386962890625,0.0,91514.609375,268.7562561035156,283.29595947265625,293.489501953125,0.0009186959359794,0.0057390630245208,0.0110897980630397,-1.598968505859375,-5.597671508789063,3.3208770751953125,-0.92230224609375,-5.488616943359375,6.37542724609375
2020-04-22,6,1,304.7915344238281,291.2332458496094,0.4105072021484375,0.607696533203125,1.375,91613.140625,268.3736877441406,284.1246032714844,296.0171813964844,0.0007336740382015,0.004835270345211,0.0111278928816318,-2.519744873046875,-5.59130859375,0.3432769775390625,1.4496002197265625,-3.4931640625,0.62359619140625
2020-04-22,12,2,307.4209289550781,288.551513671875,-1.9123077392578125,0.6788177490234375,0.0,91191.96875,268.4005126953125,283.4154052734375,299.565185546875,0.0020757997408509,0.0089458562433719,0.0091318190097808,-2.3491973876953125,-4.2620391845703125,-3.2054443359375,-1.1531219482421875,0.6887054443359375,0.9339752197265624
2020-04-22,18,3,301.2379150390625,287.948486328125,-0.718170166015625,1.7206878662109375,0.0,91615.03125,269.759765625,283.04217529296875,295.7689208984375,0.0012708669528365,0.0088033154606819,0.010478489100933,-2.4553680419921875,0.6380462646484375,-2.3031463623046875,0.1122894287109375,1.18096923828125,9.388778686523438
2020-04-23,0,0,297.8817443847656,290.8365783691406,1.2155303955078125,1.185638427734375,219.0,91467.046875,268.75421142578125,284.20562744140625,294.66082763671875,0.0011747672688215,0.0055429795756936,0.0118979103863239,-0.4561004638671875,-5.551727294921875,4.644439697265625,-0.769683837890625,-2.2263336181640625,2.1692047119140625
2020-04-23,6,1,305.53277587890625,292.11639404296875,-0.0685882568359375,-0.9622955322265624,24.125,91615.734375,268.0191345214844,284.5205078125,296.9885559082031,0.0015273760072886,0.005354318767786,0.0116594061255455,-1.9662628173828125,-4.101364135742188,-0.4998016357421875,-4.427947998046875,-1.3206634521484375,-1.5294342041015625
2020-04-23,12,2,307.62237548828125,289.801025390625,-0.9745330810546876,-0.7267608642578125,0.0,91176.5625,268.98101806640625,283.76348876953125,299.905029296875,0.002785172779113,0.0095193572342395,0.0096523165702819,-3.4683380126953125,-4.0289306640625,-2.0206298828125,-4.8763275146484375,-1.1147613525390625,-1.2659454345703125
2020-04-23,18,3,301.560791015625,289.9822998046875,-2.1209259033203125,1.22613525390625,2.5,91526.09375,269.0215759277344,282.80621337890625,296.92047119140625,0.0020186167676001,0.0096060559153556,0.0109736621379852,-6.19415283203125,-0.475555419921875,-4.0812530517578125,-4.496185302734375,1.8209228515625,6.852828979492188
2020-04-24,0,0,298.8407592773437,291.994140625,-0.6005096435546875,2.324325561523437,485.125,91499.0,268.20098876953125,283.05828857421875,293.2139892578125,0.0040349401533603,0.0104320719838142,0.0137314312160015,-3.259063720703125,-4.270477294921875,1.22271728515625,-4.6297454833984375,-5.36981201171875,6.9899444580078125
2020-04-24,6,1,303.0589599609375,291.7869567871094,1.554229736328125,0.2901153564453125,799.75,91637.9375,268.7645263671875,283.5889892578125,294.56304931640625,0.0020884303376078,0.0094964504241943,0.0144867226481437,-1.4412689208984375,-8.326507568359375,1.79510498046875,-3.953643798828125,-1.513580322265625,-0.0266571044921875
2020-04-24,12,2,300.45867919921875,296.0433044433594,-1.57257080078125,-0.9433135986328124,989.625,91286.109375,268.595458984375,284.2870483398437,296.1806640625,0.0027088311035186,0.0104980692267417,0.0133927091956138,-4.113204956054688,-1.2760467529296875,-1.9067840576171875,-6.19287109375,-1.654388427734375,0.38543701171875
2020-04-24,18,3,298.27703857421875,295.2672119140625,1.483856201171875,0.07427978515625,1181.0,91520.890625,268.1294250488281,283.99755859375,295.8628845214844,0.0023643940221518,0.0101989321410655,0.012895256280899,-3.0522613525390625,-2.5411834716796875,2.19775390625,-5.706695556640625,-1.3673553466796875,4.339279174804688
2020-04-25,0,0,297.91925048828125,294.012451171875,2.1236114501953125,0.6739044189453125,864.75,91432.28125,268.729248046875,283.75811767578125,293.87554931640625,0.0014743481297045,0.0095245018601417,0.0136789008975029,-5.6580352783203125,-4.5601959228515625,4.7622833251953125,-3.32965087890625,-1.528350830078125,1.2656097412109375
2020-04-25,6,1,302.5192565917969,294.4669189453125,2.1057586669921875,-0.79742431640625,1554.5,91612.421875,269.6549377441406,283.6654663085937,294.32586669921875,0.0016923681832849,0.0084025673568248,0.0154314637184143,-4.219741821289063,-4.4428253173828125,2.90185546875,-1.54644775390625,-0.6953582763671875,-1.2042694091796875
2020-04-25,12,2,300.4790954589844,295.8359375,0.62762451171875,-0.8093719482421875,921.75,91326.390625,268.9945678710937,284.3553466796875,295.4478759765625,0.0026742862537503,0.0093938782811164,0.0143707133829593,-1.970306396484375,-1.6399993896484375,2.21197509765625,-1.7646331787109375,-3.06109619140625,-3.95550537109375
2020-04-25,18,3,297.6474304199219,295.7542724609375,-0.3761138916015625,2.337188720703125,1157.625,91585.4375,268.670654296875,283.39794921875,295.31524658203125,0.0023121300619095,0.0101328119635581,0.0141093954443931,0.206939697265625,-3.3685455322265625,-0.797210693359375,-1.9827728271484373,-4.8683013916015625,1.237274169921875
2020-04-26,0,0,297.02392578125,294.1185302734375,-0.0969085693359375,0.2187042236328125,375.875,91481.5625,269.1575012207031,283.7313232421875,294.1580810546875,0.0009055635891854,0.0096062049269676,0.012895755469799,0.4474334716796875,-3.60748291015625,-0.624481201171875,-2.7359161376953125,-6.5714263916015625,2.41510009765625
2020-04-26,6,1,302.27838134765625,292.9469909667969,-0.8168182373046875,1.2836761474609375,285.875,91656.140625,268.6966552734375,284.28533935546875,294.2271423339844,0.0007545186672359,0.0093992874026298,0.0138520635664463,-0.878448486328125,-3.044647216796875,-1.184539794921875,-7.5048828125,-2.2657623291015625,1.5190582275390625
2020-04-26,12,2,302.7573547363281,293.546630859375,-0.2296142578125,0.504119873046875,417.75,91346.03125,269.6962890625,284.69781494140625,295.9369506835937,0.0014634791295975,0.0103242471814155,0.0134972035884857,-1.9468536376953125,1.1881256103515625,-0.1833953857421875,-6.424896240234375,-2.22808837890625,0.4308624267578125
2020-04-26,18,3,296.9302978515625,294.01617431640625,2.0088043212890625,1.3354949951171875,271.75,91627.328125,269.8372802734375,283.7891540527344,294.4546203613281,0.0012461398728191,0.0100069716572761,0.0130091272294521,-2.0115966796875,-0.5277862548828125,3.0045318603515625,-4.703170776367188,-4.810821533203125,4.926483154296875
2020-04-27,0,0,296.8157958984375,294.18731689453125,1.2141265869140625,0.7862091064453125,847.625,91562.15625,269.20220947265625,284.0074768066406,294.1734619140625,0.0013164863921701,0.0056661516427993,0.0128798969089984,0.2922515869140625,-1.306549072265625,3.964202880859375,-3.2656707763671875,-5.6895599365234375,2.34954833984375
2020-04-27,6,1,302.47607421875,294.7703552246094,1.816741943359375,-1.118011474609375,1407.625,91777.109375,269.4349975585937,283.7407531738281,295.12432861328125,0.0010033505968749,0.0057063102722167,0.0146915428340435,2.3598175048828125,-1.088836669921875,2.571502685546875,-1.9961090087890625,-4.835479736328125,-1.7682952880859375
2020-04-27,12,2,304.9579467773437,292.6831359863281,0.3005828857421875,-0.4714813232421875,0.25,91409.421875,268.9737548828125,283.91046142578125,298.31707763671875,0.0010997662320733,0.0075797289609909,0.0100718662142753,3.5282745361328125,0.851348876953125,0.3562164306640625,-5.977752685546875,-5.8877716064453125,-2.6040802001953125
2020-04-27,18,3,298.5462951660156,293.8727111816406,0.612335205078125,2.2906951904296875,447.375,91691.90625,268.9881591796875,283.2709350585937,295.5634765625,0.0008453596383333,0.0077123567461967,0.01265824213624,2.5614013671875,-1.4409027099609375,2.2519683837890625,-5.83978271484375,-7.1585235595703125,3.576934814453125
2020-04-28,0,0,297.0077514648437,294.1935729980469,0.156524658203125,1.4859466552734375,652.625,91539.140625,267.53662109375,284.2518615722656,294.16680908203125,0.0010124205145984,0.0052900128066539,0.0126511268317699,4.0051116943359375,-0.655792236328125,1.3408203125,-8.390472412109375,-4.342010498046875,3.21343994140625
2020-04-28,6,1,303.8848571777344,292.7796630859375,-1.1089324951171875,0.58544921875,107.125,91641.046875,267.38836669921875,284.2606811523437,295.4507141113281,0.0008379644714295,0.0047744624316692,0.012561097741127,4.1786956787109375,-0.4381103515625,-1.4849395751953125,-12.331100463867188,-4.078582763671875,0.4582366943359375
2020-04-28,12,2,303.29815673828125,291.17578125,-0.5507049560546875,0.82073974609375,92.75,91245.578125,267.3651123046875,284.1607971191406,298.2922058105469,0.0016885795630514,0.0086408369243144,0.0118776783347129,6.7457275390625,1.009063720703125,-0.31134033203125,-10.64776611328125,-5.0419921875,0.5071868896484375
2020-04-28,18,3,298.1862487792969,293.5727844238281,-0.7840728759765625,3.5196533203125,259.625,91604.390625,267.2781066894531,283.1073303222656,293.8647155761719,0.0015908777713775,0.0087268948554992,0.0136997364461421,3.2050323486328125,0.2695770263671875,0.191131591796875,-3.813796997070313,-7.108413696289063,8.448959350585938
2020-04-29,0,0,294.6356811523437,291.9322509765625,-0.317626953125,1.23858642578125,464.75,91608.171875,268.38836669921875,282.5634765625,290.6744079589844,0.002916291821748,0.0109131932258605,0.0139338821172714,0.355712890625,2.548126220703125,4.009063720703125,-1.3018798828125,-5.1236572265625,4.662521362304688
2020-04-29,6,1,298.30975341796875,291.76385498046875,0.3754119873046875,0.716339111328125,626.25,91761.5625,267.178466796875,282.97674560546875,291.25390625,0.0043097250163555,0.0087893530726432,0.0144807025790214,1.331878662109375,-2.2337188720703125,3.2540283203125,0.8924102783203125,-6.9704132080078125,-0.5463409423828125
2020-04-29,12,2,300.63433837890625,294.01519775390625,1.0213470458984375,-0.64599609375,344.25,91386.09375,268.4193725585937,283.9833679199219,293.8753662109375,0.0035821928177028,0.007240641862154,0.0146025642752647,3.2819366455078125,-2.698822021484375,1.7278594970703125,0.8791961669921875,-6.303466796875,-1.8124237060546875
2020-04-29,18,3,297.14892578125,294.1509094238281,-1.2232666015625,0.955047607421875,257.5,91593.71875,267.9073181152344,283.95977783203125,295.24346923828125,0.002651744056493,0.0061682201921939,0.0122802928090095,1.830291748046875,-3.5101470947265625,1.284393310546875,1.97296142578125,-3.8134613037109375,-3.913543701171875
2020-04-30,0,0,295.8504333496094,293.2221984863281,0.585968017578125,0.9945068359375,205.0,91567.703125,267.47027587890625,283.38751220703125,293.5543212890625,0.0035598415415734,0.0051284730434417,0.0128696039319038,1.1399383544921875,-6.979705810546875,-0.1563568115234375,1.2915496826171875,-4.70361328125,-1.3109130859375
2020-04-30,6,1,303.14471435546875,292.77001953125,-1.7590484619140625,-1.2658233642578125,357.125,91704.1875,267.7093505859375,283.1173400878906,294.76385498046875,0.0039200843311846,0.0055916458368301,0.013047594577074,2.1414794921875,-5.5235137939453125,-2.573760986328125,2.69903564453125,-4.7233428955078125,-2.13470458984375
2020-04-30,12,2,304.890869140625,290.5152893066406,-1.3056182861328125,0.1073150634765625,0.0,91379.578125,269.0068054199219,283.8095092773437,297.439453125,0.0026349504478275,0.0069025680422782,0.0096102990210056,3.5759735107421875,-3.842376708984375,-2.907196044921875,-1.5388946533203125,-5.43109130859375,-0.6334075927734375
2020-04-30,18,3,297.9903564453125,291.6088562011719,-1.7422637939453125,1.24676513671875,0.0,91638.40625,268.2332763671875,283.640625,296.509765625,0.002198104513809,0.0059002228081226,0.0094960480928421,-1.3333740234375,-6.011871337890625,-1.681732177734375,-5.008697509765625,-4.728439331054688,3.76629638671875
2020-05-01,0,0,296.830810546875,291.26776123046875,1.60980224609375,1.105865478515625,45.375,91646.875,267.93218994140625,283.2308044433594,293.8893737792969,0.0008985048625618,0.0044680908322334,0.0107006020843982,-0.5548858642578125,-8.386123657226562,3.8583984375,-5.0733642578125,-3.8830413818359375,1.3972320556640625
2020-05-01,6,1,304.11346435546875,291.6531677246094,1.262237548828125,-1.55572509765625,40.0,91635.609375,268.68719482421875,283.59539794921875,296.19635009765625,0.0009922243189066,0.0070917941629886,0.0114192627370357,-5.16754150390625,-7.6145172119140625,1.5274658203125,-1.1269989013671875,-5.7855987548828125,-2.4155426025390625
2020-05-01,12,2,304.6097412109375,291.5604248046875,-0.541290283203125,-1.6801605224609375,1.5,91329.0,269.21942138671875,282.9657592773437,297.5202331542969,0.0019658121746033,0.0096785947680473,0.0108026452362537,0.1304779052734375,-3.987380981445313,-2.475982666015625,-1.376953125,-3.890350341796875,-3.024383544921875
2020-05-01,18,3,299.6697692871094,291.3503723144531,-0.0651702880859375,-1.4266510009765625,15.875,91530.5625,267.9302978515625,282.864990234375,296.7292785644531,0.0040743947029113,0.0090723298490047,0.0110298804938793,-0.7151641845703125,-4.454315185546875,-1.8910675048828125,-7.277175903320312,-0.56512451171875,-1.989532470703125
2020-05-02,0,0,297.06805419921875,292.5110168457031,-0.3905487060546875,-0.8401336669921875,41.75,91395.53125,267.67352294921875,283.54705810546875,294.85906982421875,0.0034923204220831,0.0080837644636631,0.0116507709026336,-3.456146240234375,-6.22833251953125,-0.2037811279296875,-6.0137786865234375,-2.217025756835937,0.8907470703125
2020-05-02,6,1,303.7992553710937,292.10211181640625,-0.20428466796875,-1.110809326171875,259.375,91542.078125,268.41217041015625,283.9857177734375,296.4901733398437,0.0035187655594199,0.0071939006447792,0.0124075040221214,-2.47711181640625,-6.12005615234375,-0.5408477783203125,-2.61285400390625,-3.053695678710937,-1.5858612060546875
2020-05-02,12,2,304.3763427734375,292.4074401855469,-1.359893798828125,-0.030029296875,9.625,91176.609375,269.17315673828125,284.1672668457031,297.3982849121094,0.0037462103646248,0.0081845894455909,0.0113314054906368,1.46929931640625,-3.3311004638671875,-3.0451202392578125,-4.7499847412109375,-4.4093017578125,-0.5992279052734375
2020-05-02,18,3,299.28570556640625,292.20068359375,1.9941253662109373,-0.5991668701171875,256.375,91533.578125,268.9696655273437,283.31884765625,295.58074951171875,0.0011338489130139,0.0087621547281742,0.0120622590184211,-0.9303131103515624,-6.84716796875,1.21026611328125,-5.414474487304688,-3.32733154296875,-0.2213897705078125
2020-05-03,0,0,296.97662353515625,293.5831298828125,-0.0437774658203125,-1.044189453125,476.375,91383.015625,268.009033203125,283.9618835449219,295.247314453125,0.0010893784929066,0.0041115507483482,0.0120829902589321,-0.1876068115234375,-11.081207275390623,0.9251251220703124,-6.4749908447265625,-1.7019500732421875,1.5960235595703125
2020-05-03,6,1,304.3274230957031,292.1951904296875,-1.4170379638671875,-0.161285400390625,39.0,91525.40625,269.531005859375,284.0384521484375,296.9220275878906,0.0004908236442133,0.0053080841898918,0.011706106364727,-5.897491455078125,-8.653945922851562,-2.293304443359375,-2.4895782470703125,-4.877532958984375,-0.4415740966796875
2020-05-03,12,2,304.38262939453125,292.0439758300781,-2.0349884033203125,0.0938568115234375,1.5,91193.890625,269.5907592773437,284.2522888183594,298.54840087890625,0.0009574242867529,0.0087679028511047,0.0106605812907218,-2.8044891357421875,-6.569015502929688,-4.556427001953125,-1.9523162841796875,-3.926727294921875,-0.321014404296875
2020-05-03,18,3,298.7450561523437,290.3577880859375,-1.769378662109375,1.548309326171875,0.75,91509.0625,268.7199401855469,284.154052734375,297.0863647460937,0.0007980475202202,0.0071022547781467,0.0107010379433631,-3.769363403320313,-6.88677978515625,-2.578521728515625,-3.387786865234375,-3.722244262695313,4.638107299804688
2020-05-04,0,0,298.31036376953125,291.1916198730469,-1.10223388671875,0.7758941650390625,119.625,91477.0625,268.3486328125,283.7305908203125,294.9443664550781,0.0009841229766607,0.0052798502147197,0.0122722275555133,-4.2093658447265625,-9.79608154296875,0.8319244384765625,-4.515670776367188,-1.2844085693359375,4.24847412109375
2020-05-04,6,1,304.219482421875,292.0597229003906,0.091461181640625,0.868682861328125,101.0,91661.8125,269.3939208984375,283.7979736328125,296.6387939453125,0.0004451831337064,0.0050023160874843,0.011582788079977,-4.278121948242188,-8.244155883789062,-0.1009674072265625,1.2671051025390625,-2.748870849609375,0.97576904296875
2020-05-04,12,2,305.7054138183594,292.686767578125,-0.875396728515625,-0.1772003173828125,0.0,91291.234375,268.89892578125,283.4296569824219,299.3719482421875,0.000319771002978,0.0082609243690967,0.0087669715285301,-3.212158203125,-5.606903076171875,-2.1341094970703125,-2.430572509765625,-3.0334625244140625,-0.888275146484375
2020-05-04,18,3,300.0462951660156,291.6618347167969,-1.92803955078125,0.48260498046875,0.0,91561.625,268.2298583984375,283.7378234863281,297.85870361328125,0.0008539382833987,0.0078026689589023,0.0089843310415744,-6.8585357666015625,-4.444366455078125,-2.2722625732421875,-3.2565460205078125,-2.82073974609375,5.156051635742188
2020-05-05,0,0,297.64862060546875,291.3357849121094,-1.7734375,1.06976318359375,3.0,91488.703125,268.4514465332031,283.4759521484375,296.0308837890625,0.0004283611197024,0.0075427293777465,0.009366288781166,-5.394546508789063,-6.658493041992188,-0.093505859375,-0.058258056640625,-3.880035400390625,3.199935913085937
2020-05-05,6,1,304.60565185546875,291.29644775390625,-0.0653533935546875,0.07763671875,0.0,91550.09375,270.525390625,284.57373046875,296.78472900390625,0.0003841342404484,0.0058451667428016,0.0105467922985553,-4.7864990234375,-8.26812744140625,-0.186279296875,1.2538909912109375,-4.1823272705078125,-0.0057220458984375
2020-05-05,12,2,305.6495666503906,292.59051513671875,-0.7057647705078125,-0.3889923095703125,0.0,91261.9375,269.2286376953125,283.08203125,298.6076965332031,0.0018865875899791,0.0096638612449169,0.010290827602148,-3.7120361328125,-4.324737548828125,-1.5518646240234375,-3.49359130859375,-2.287384033203125,-0.826141357421875
2020-05-05,18,3,298.96405029296875,291.1165466308594,-1.5321502685546875,0.8672332763671875,1.0,91566.796875,267.1447448730469,284.0468444824219,297.2452392578125,0.0017751278355717,0.0077121593058109,0.0105372462421655,-4.3524932861328125,-6.04833984375,-0.698272705078125,-7.095703125,-2.1910858154296875,4.714019775390625
2020-05-06,0,0,298.13885498046875,290.1185913085937,-0.399993896484375,2.053741455078125,53.375,91369.875,270.6050109863281,284.9271240234375,294.9144897460937,0.0003045285120606,0.0047196466475725,0.0117574483156204,-8.053131103515625,-8.30975341796875,2.993316650390625,-1.98394775390625,-2.659637451171875,5.450363159179688
2020-05-06,6,1,303.7515869140625,293.2126159667969,0.27716064453125,0.0167083740234375,262.75,91486.78125,271.036376953125,284.88922119140625,296.82733154296875,0.0003799721598625,0.0053093917667865,0.012985773384571,-7.785232543945312,-7.0557861328125,0.17120361328125,0.627349853515625,-2.8784942626953125,-0.10577392578125
2020-05-06,12,2,304.6207275390625,291.15484619140625,-1.343505859375,-0.134552001953125,0.75,91212.65625,269.98736572265625,283.80487060546875,298.4672546386719,0.0015230057761073,0.0085063688457012,0.0102847963571548,-5.493667602539063,-5.076171875,-3.15283203125,-2.089508056640625,-1.9198760986328125,-0.303375244140625
2020-05-06,18,3,299.6300964355469,291.029052734375,-1.4356536865234375,0.7002105712890625,0.0,91532.640625,269.3651123046875,283.8299560546875,297.10516357421875,0.0011251219548285,0.0077811256051063,0.0101954005658626,-4.483306884765625,-5.29931640625,-1.213623046875,-4.489791870117188,-1.3355865478515625,6.1089630126953125
2020-05-07,0,0,297.88555908203125,291.06646728515625,-0.1985321044921875,1.6085205078125,17.625,91417.890625,269.420166015625,285.571533203125,295.24273681640625,0.0009017821867018,0.0054880697280168,0.0115938112139701,-5.252456665039063,-7.72894287109375,3.929534912109375,-0.3482513427734375,0.3283233642578125,4.473297119140625
2020-05-07,6,1,303.65826416015625,292.0878601074219,0.2858734130859375,-1.0663604736328125,276.375,91545.484375,271.10040283203125,284.30242919921875,296.0580444335937,0.000410858541727,0.0066215209662914,0.0134331360459327,-6.22796630859375,-6.41766357421875,0.4741973876953125,0.1733856201171875,-0.476959228515625,-1.64117431640625
2020-05-07,12,2,303.6658020019531,291.902587890625,-0.8159942626953125,-1.0263519287109375,135.5,91225.265625,270.0862731933594,284.6596374511719,297.6018981933594,0.0019545282702893,0.0097731426358222,0.0119143426418304,-2.1612091064453125,-3.247909545898437,-4.053390502929688,-3.81329345703125,-1.94647216796875,-0.0828704833984375
2020-05-07,18,3,297.7680358886719,294.9393920898437,-0.310302734375,-1.3002777099609375,678.0,91584.125,268.98126220703125,284.743408203125,295.42840576171875,0.003806552151218,0.0066657699644565,0.0124731548130512,-3.338165283203125,-7.07763671875,-4.4523468017578125,-6.442657470703125,1.240020751953125,3.6352691650390634
2020-05-08,0,0,297.32763671875,293.2089233398437,-0.6618194580078125,1.9948577880859373,244.875,91405.359375,268.796142578125,285.3795471191406,293.014404296875,0.0039906688034534,0.005346730351448,0.013900764286518,-3.4192352294921875,-8.388504028320312,0.1926727294921875,-3.3595733642578125,-2.3125152587890625,5.956298828125
2020-05-08,6,1,302.85906982421875,293.397705078125,-0.016632080078125,0.4296417236328125,224.5,91586.390625,268.59869384765625,285.071533203125,295.28326416015625,0.0038141789846122,0.0058278851211071,0.0135474875569343,-5.0792236328125,-9.013031005859377,-0.3619537353515625,-3.1889801025390625,-1.830352783203125,0.3430023193359375
2020-05-08,12,2,305.19586181640625,292.8386535644531,-1.0907135009765625,0.1827239990234375,0.0,91206.375,269.9724426269531,284.42340087890625,298.0984191894531,0.0017392009031027,0.0080634430050849,0.0116469264030456,-3.3639678955078125,-5.552413940429688,-1.9494476318359373,-4.951446533203125,-0.85302734375,0.2415618896484375
2020-05-08,18,3,299.9435119628906,292.8473815917969,-1.4182586669921875,-0.19384765625,61.375,91549.546875,269.68798828125,284.2371520996094,296.551513671875,0.0012521119788289,0.0071571730077266,0.0124536380171775,-5.7079010009765625,-5.830780029296875,-3.550765991210937,-3.8345794677734375,-0.1312255859375,3.38385009765625
2020-05-09,0,0,298.212646484375,294.1106872558594,-1.449737548828125,1.0475006103515625,536.875,91443.96875,269.950439453125,285.2621765136719,294.50836181640625,0.0011232178658246,0.0047111622989177,0.0133169963955879,-2.95318603515625,-8.823760986328125,-1.3546600341796875,-0.072418212890625,-0.88226318359375,4.13275146484375
2020-05-09,6,1,304.34283447265625,293.1887512207031,-2.324691772460937,-0.4193878173828125,45.375,91566.25,270.6106262207031,285.0172119140625,296.6294250488281,0.000749833183363,0.0050926059484481,0.0122340768575668,-4.049774169921875,-7.871185302734375,-3.674728393554688,-2.2011260986328125,-1.5806427001953125,-0.9503936767578124
2020-05-09,12,2,306.5191955566406,292.1168212890625,-1.939483642578125,0.4581451416015625,0.0,91180.296875,270.345458984375,283.6964416503906,299.5830383300781,0.001399693544954,0.0091987028717994,0.0096275471150875,-2.554046630859375,-4.801803588867188,-4.3436126708984375,-4.041763305664063,-3.115020751953125,0.2984161376953125
2020-05-09,18,3,300.5730285644531,291.5072021484375,-2.5677947998046875,1.9518280029296875,24.375,91509.265625,268.975830078125,284.84149169921875,296.2308959960937,0.0017990195192396,0.0070194602012634,0.011749729514122,-3.16217041015625,-4.417251586914063,-4.5897064208984375,-4.645599365234375,-5.3563079833984375,6.6988525390625
2020-05-10,0,0,298.1357116699219,293.8572998046875,-0.14544677734375,1.5287322998046875,563.875,91460.046875,270.22216796875,284.00689697265625,294.7540588378906,0.0015302060637623,0.0060172453522682,0.0111639574170112,-0.3302001953125,-7.162033081054688,-2.094635009765625,-4.8875274658203125,-2.157257080078125,4.789108276367188
2020-05-10,6,1,304.9324951171875,291.8656005859375,-1.4625091552734375,0.0209197998046875,1.625,91546.984375,268.90264892578125,284.66571044921875,296.4276123046875,0.0024151161778718,0.0053269043564796,0.0114208757877349,-1.23876953125,-9.980316162109377,-2.36053466796875,-4.186981201171875,0.464874267578125,-0.223968505859375
2020-05-10,12,2,305.8300476074219,289.9317321777344,-2.1216278076171875,0.957061767578125,0.0,91187.640625,268.8953857421875,283.5929260253906,299.7765808105469,0.0019656587392091,0.0082235410809516,0.0085021704435348,-0.8173675537109375,-4.6856689453125,-4.6248626708984375,-2.9231719970703125,-1.412689208984375,1.5485992431640625
2020-05-10,18,3,300.04498291015625,288.71807861328125,-2.933578491210937,1.5352325439453125,6.625,91467.5625,268.4072570800781,284.5240173339844,296.807861328125,0.0019164194818586,0.0069157071411609,0.0104654170572757,-1.1764373779296875,-1.3582763671875,-5.851959228515625,-1.7472076416015625,-4.431060791015625,4.7414093017578125
2020-05-11,0,0,297.0344543457031,291.5443115234375,-1.5860137939453125,0.2813262939453125,277.25,91466.78125,268.4070739746094,283.0751342773437,293.487548828125,0.0018851009663194,0.0069054812192916,0.012888915836811,1.4305267333984375,-7.6424560546875,1.1939544677734375,-1.4000701904296875,-6.1598052978515625,5.584075927734375
2020-05-11,6,1,304.48779296875,291.18817138671875,-2.439804077148437,-0.0778045654296875,81.875,91584.5625,267.7753295898437,283.3441772460937,295.8666381835937,0.0024900659918785,0.0063062757253646,0.011997528374195,0.93701171875,-8.735275268554688,-3.55224609375,-1.0320281982421875,-5.0416259765625,-0.3923187255859375
2020-05-11,12,2,305.3326416015625,289.7821350097656,-1.9664764404296875,0.42840576171875,0.0,91247.6875,268.36572265625,282.6605834960937,298.5627746582031,0.0027291006408631,0.0087887980043888,0.0092353671789169,1.6631011962890625,-5.167160034179688,-5.017486572265625,-1.002105712890625,-2.6248321533203125,0.1836700439453125
2020-05-11,18,3,299.4174194335937,290.43682861328125,-2.233551025390625,0.850341796875,7.75,91494.5,267.6444396972656,284.13934326171875,295.6854248046875,0.0026731805410236,0.0065609738230705,0.010824229568243,-1.551727294921875,-3.4136505126953125,-4.677978515625,0.0291595458984375,-4.2060089111328125,3.597686767578125
2020-05-12,0,0,296.410888671875,293.56427001953125,-1.339599609375,0.22625732421875,486.125,91410.59375,267.7001037597656,283.96063232421875,295.3157958984375,0.0021627284586429,0.0060813017189502,0.0106347985565662,0.7496795654296875,-4.75396728515625,-1.6631011962890625,4.908111572265625,-6.07379150390625,-0.7237091064453125
2020-05-12,6,1,304.0185852050781,290.7101745605469,-2.448577880859375,-1.0797119140625,0.0,91489.609375,268.820556640625,283.75616455078125,296.125732421875,0.0018621310591697,0.0053318925201892,0.0109310485422611,1.2815399169921875,-8.10791015625,-3.620437622070313,1.9503326416015625,-4.933853149414063,-1.9038238525390625
2020-05-12,12,2,305.8862609863281,287.8616638183594,-2.8558349609375,0.522430419921875,0.0,91202.65625,268.81719970703125,283.0725402832031,298.5897827148437,0.0017587360925972,0.0076000206172466,0.0087834037840366,2.348876953125,-2.7594757080078125,-5.3135986328125,1.543243408203125,-4.3131866455078125,0.4535369873046875
2020-05-12,18,3,297.9600830078125,293.8638610839844,-2.5455474853515625,1.840545654296875,425.125,91479.125,268.4956359863281,284.26025390625,295.68408203125,0.0018443390727043,0.0060586407780647,0.0105920061469078,0.2967376708984375,-4.698516845703125,-4.978118896484375,-1.31439208984375,-1.7761077880859375,3.6533203125
2020-05-13,0,0,296.5736694335937,294.0455322265625,-0.079315185546875,1.550567626953125,185.125,91373.109375,268.7111511230469,283.6703796386719,293.37139892578125,0.0012405591551214,0.0061077214777469,0.0123940110206604,0.1860198974609375,-3.72174072265625,-1.054351806640625,-0.2082366943359375,-3.0418853759765625,6.1965179443359375
2020-05-13,6,1,304.4345092773437,290.31939697265625,-0.993896484375,0.464569091796875,0.0,91483.015625,268.5896911621094,284.3266906738281,295.4458923339844,0.0011563864536583,0.0054547190666198,0.0120016150176525,-1.2096405029296875,-4.626617431640625,-1.4178924560546875,1.210540771484375,-2.4563751220703125,0.3129119873046875
2020-05-13,12,2,306.46063232421875,290.0606689453125,-1.8756866455078125,1.0459442138671875,0.0,91116.765625,269.593017578125,283.553466796875,298.65887451171875,0.0009144679643213,0.0084985978901386,0.0100159719586372,0.570404052734375,-2.10675048828125,-2.850814819335937,-3.40869140625,-5.1082305908203125,0.8247222900390625
2020-05-13,18,3,299.5606384277344,291.7826843261719,-1.64825439453125,1.632843017578125,5.375,91341.984375,270.1596069335937,284.47662353515625,295.8193359375,0.0009569404646754,0.0073513276875019,0.0122853890061378,-1.1578369140625,0.2751617431640625,-1.8806304931640625,-4.222412109375,-5.612319946289063,6.2420654296875
2020-05-14,0,0,297.9749755859375,292.1383056640625,-1.152069091796875,0.772369384765625,0.5,91275.109375,269.1694030761719,284.66064453125,294.0067749023437,0.0011260933242738,0.0041106510907411,0.012919008731842,1.659149169921875,-7.8181610107421875,2.60498046875,-1.38140869140625,-5.401763916015625,1.282379150390625
2020-05-14,6,1,304.9989013671875,291.8134460449219,-2.17437744140625,-0.4397735595703125,0.0,91374.6875,270.379638671875,284.61505126953125,296.7948608398437,0.0012461303267627,0.0047554410994052,0.0117270983755588,4.1980743408203125,-7.73455810546875,-3.2665557861328125,-4.647262573242188,-3.9074859619140634,-0.8289031982421875
2020-05-14,12,2,306.36297607421875,291.4373779296875,-1.98406982421875,0.058807373046875,0.0,91075.75,269.0958557128906,283.53253173828125,299.3700561523437,0.0022029012907296,0.0095520094037055,0.0099063664674758,0.49383544921875,-4.8961334228515625,-4.0909423828125,-7.5458984375,-4.0972900390625,-0.6638031005859375
2020-05-14,18,3,299.9319152832031,291.7332458496094,-3.185943603515625,1.5488433837890625,220.375,91361.390625,267.6627502441406,284.9239196777344,296.2872619628906,0.00252689095214,0.0064237974584102,0.0116268210113048,-3.077621459960937,-4.029754638671875,-4.5064239501953125,-8.824539184570312,-3.332305908203125,4.4014892578125
2020-05-15,0,0,297.0865783691406,294.2089233398437,-0.3820648193359375,-0.4862060546875,360.75,91193.546875,270.69415283203125,284.021240234375,294.1817626953125,0.0012217981275171,0.0062324628233909,0.0133000835776329,0.09979248046875,-7.1655120849609375,0.3199310302734375,-6.310455322265625,-6.188690185546875,2.731307983398437
2020-05-15,6,1,304.39508056640625,292.1091003417969,-0.711883544921875,-1.6427373886108398,0.0,91253.03125,269.93048095703125,285.4068603515625,296.4185791015625,0.0012778143864125,0.0039350362494587,0.0123511105775833,-1.9011077880859373,-8.695755004882812,-1.25030517578125,-3.637893676757813,-4.8558502197265625,-2.4647369384765625
2020-05-15,12,2,306.9429931640625,288.8298645019531,-1.732391357421875,-1.054168701171875,0.0,90928.5,268.839111328125,284.0694580078125,300.3242492675781,0.0010801656171679,0.0086044333875179,0.0087279267609119,-2.0931549072265625,-5.460128784179688,-4.0368194580078125,-2.81695556640625,-3.742141723632813,-2.585556030273437
2020-05-15,18,3,300.8325500488281,291.4298095703125,-1.7781982421875,1.48260498046875,190.0,91297.890625,266.9006042480469,284.0430603027344,296.262939453125,0.0013866988010704,0.0073670223355293,0.0121259242296218,-5.502975463867188,-0.1347198486328125,-5.4933013916015625,-5.342193603515625,-3.532073974609375,2.560028076171875
2020-05-16,0,0,298.61785888671875,292.8465881347656,1.146575927734375,-0.3990478515625,210.0,91167.0,270.2435913085937,283.1570129394531,293.2518920898437,0.0004122459795325,0.00604784861207,0.0141256004571914,-2.7077178955078125,-5.9202423095703125,2.350830078125,0.8725738525390625,-8.698883056640625,-0.178924560546875
2020-05-16,6,1,303.9707946777344,291.11346435546875,0.4311370849609375,-2.1053619384765625,7.25,91298.515625,268.2514038085937,284.4267272949219,296.0149230957031,0.0004956133197993,0.0050712972879409,0.0121948607265949,-4.363449096679688,-4.9425811767578125,-0.1689910888671875,-0.8441162109375,-4.64727783203125,-3.2351531982421875
2020-05-16,12,2,305.6654052734375,291.5232849121094,-1.1266021728515625,-2.0730438232421875,8.25,90939.125,267.7248840332031,284.2802124023437,298.1278686523437,0.0017231018282473,0.008464615792036,0.0110846795141696,-1.2165069580078125,-4.4726104736328125,-2.2656402587890625,-1.849884033203125,-4.581390380859375,-3.526611328125
2020-05-16,18,3,299.2205810546875,292.98583984375,1.5068511962890625,-1.971710205078125,220.375,91269.9375,270.18505859375,282.98260498046875,295.915283203125,0.0011350139975547,0.0098436474800109,0.0120381116867065,-4.418975830078125,-2.9937744140625,0.7954254150390625,-2.984222412109375,-5.738937377929688,-5.5140380859375
2020-05-17,0,0,298.6706237792969,294.07977294921875,1.188751220703125,-1.8355560302734373,292.5,91098.59375,268.6653137207031,284.3634948730469,294.637451171875,0.0022765470203012,0.0071485079824924,0.0117135718464851,-5.2128753662109375,-2.86529541015625,0.3576507568359375,-7.546524047851562,-5.9168243408203125,-3.4526824951171875
2020-05-17,6,1,304.3036193847656,293.5060119628906,1.242431640625,-3.2567901611328125,141.125,91218.125,269.38037109375,284.5741577148437,296.6531066894531,0.0022770571522414,0.0079456679522991,0.0131908915936946,-5.159698486328125,-1.905548095703125,1.747161865234375,-6.365493774414063,-6.63568115234375,-4.889663696289063
2020-05-17,12,2,302.9698486328125,295.3241577148437,0.920257568359375,-1.8288726806640625,2043.875,90905.859375,269.943115234375,285.3642272949219,295.44873046875,0.0037260488606989,0.0116014219820499,0.0158776491880416,-2.14752197265625,-1.0953216552734375,2.1584625244140625,-3.845016479492188,-6.588775634765625,-5.7389068603515625
2020-05-17,18,3,295.5747985839844,293.89703369140625,1.3752899169921875,-0.8021697998046875,995.875,91142.53125,269.4001770019531,285.3324584960937,294.8427124023437,0.0048894174396991,0.0095302425324916,0.0154576785862445,0.14300537109375,-2.0544586181640625,3.6563873291015625,-7.49298095703125,-6.734527587890625,-6.438888549804688
2020-05-18,0,0,295.36981201171875,293.893310546875,3.9791412353515625,-0.698577880859375,482.75,90991.1875,269.1010437011719,285.076904296875,292.4892578125,0.0045838877558708,0.0082012861967086,0.0154491998255252,0.188446044921875,-2.4157257080078125,8.146316528320312,-7.603271484375,-9.103546142578123,-6.367706298828125
2020-05-18,6,1,300.6673278808594,295.4326171875,4.4170989990234375,-3.74169921875,693.5,91129.0625,268.3228759765625,284.89227294921875,294.6449279785156,0.0042553357779979,0.0080857835710048,0.0149617604911327,1.8730621337890625,-3.860305786132813,6.5783233642578125,-5.9022369384765625,-8.585464477539062,-6.26007080078125
2020-05-18,12,2,302.00799560546875,293.8503112792969,3.353790283203125,-1.87060546875,174.0,90817.921875,268.97955322265625,285.4178771972656,295.4175720214844,0.0051080174744129,0.0082463957369327,0.0137894265353679,2.4473419189453125,-2.8837890625,8.262222290039062,-8.981109619140625,-9.770431518554688,-6.2153167724609375
2020-05-18,18,3,297.4501953125,294.0941162109375,4.303024291992188,0.3594970703125,314.625,91064.78125,268.4991455078125,285.0555419921875,293.92694091796875,0.002387584419921,0.008229948580265,0.0147743932902812,5.71484375,-0.5777435302734375,10.542816162109377,-8.28271484375,-12.0789794921875,-3.775238037109375
2020-05-19,0,0,296.7406005859375,294.75360107421875,4.81982421875,-0.4491119384765625,576.125,90960.75,268.15625,284.183837890625,291.9130554199219,0.0012150502298027,0.0078580901026725,0.015100460499525,6.633270263671875,2.1418914794921875,9.814208984375,-10.37628173828125,-12.5902099609375,-3.832962036132813
2020-05-19,6,1,302.1153259277344,293.703369140625,5.207611083984375,-2.6832733154296875,559.875,91109.5625,269.502197265625,284.1610717773437,294.9248046875,0.0002866226714104,0.0069330260157585,0.0143403708934783,7.90032958984375,3.705490112304688,8.282638549804688,-8.240081787109375,-12.341522216796877,-4.832275390625
2020-05-19,12,2,302.47320556640625,293.7094116210937,4.693389892578125,-0.223297119140625,143.625,90863.71875,268.465576171875,284.9743957519531,296.631103515625,0.0032258534338325,0.0063054673373699,0.0127987340092659,9.5269775390625,3.014801025390625,9.088470458984377,-7.347991943359375,-11.4783935546875,-2.4287261962890625
2020-05-19,18,3,297.6282958984375,294.58612060546875,4.768157958984375,-0.0085906982421875,438.5,91062.671875,268.85186767578125,284.50115966796875,293.48663330078125,0.0021670348942279,0.0076072178781032,0.0147099830210208,8.057083129882812,4.6281280517578125,12.961898803710938,-3.937179565429688,-9.729598999023438,-4.418670654296875
2020-05-20,0,0,296.562744140625,293.77978515625,3.7293701171875,1.0446014404296875,429.75,91025.390625,267.9536437988281,284.5191955566406,293.98321533203125,0.0019324298482388,0.0071345940232276,0.0117341168224811,8.698822021484375,-0.510406494140625,12.471206665039062,-1.39654541015625,-9.219772338867188,-2.023666381835937
2020-05-20,6,1,302.72857666015625,292.3778991699219,4.857833862304688,-1.3226318359375,295.25,91156.484375,268.21551513671875,284.30340576171875,294.9614562988281,0.0014224464539438,0.0070491805672645,0.0128579474985599,5.57562255859375,1.8708953857421875,7.564300537109375,-3.570053100585937,-5.236297607421875,-2.7132720947265625
2020-05-20,12,2,304.4349060058594,292.5118408203125,2.0745391845703125,-1.664276123046875,2.125,90928.671875,268.2796936035156,284.1705627441406,297.4960632324219,0.0015774010680615,0.0066480562090873,0.0099919475615024,3.0308837890625,0.8615570068359375,4.29254150390625,-4.754119873046875,-3.01995849609375,-4.1415863037109375
2020-05-20,18,3,298.93463134765625,293.1744689941406,3.304901123046875,0.749603271484375,222.875,91244.75,267.66412353515625,285.0060729980469,294.5570678710937,0.0004849829711019,0.0057272985577583,0.0121995396912097,-1.4980926513671875,-0.4344635009765625,8.357269287109375,-5.3002471923828125,-2.01190185546875,-0.7632904052734375
2020-05-21,0,0,297.44219970703125,295.5208740234375,2.9871826171875,1.0695953369140625,442.75,91144.765625,268.6112670898437,285.07861328125,295.1734619140625,0.0003605347592383,0.0047806277871131,0.0107886455953121,-0.5629425048828125,-0.7288970947265625,7.27252197265625,-0.775543212890625,-3.5503387451171875,1.3483734130859375
2020-05-21,6,1,302.7633056640625,293.4229431152344,3.4864959716796875,-1.078399658203125,311.875,91316.09375,269.2764892578125,284.4793701171875,294.618408203125,0.0003336046356707,0.0060583539307117,0.013497095555067,1.9388885498046875,-3.95916748046875,5.0096435546875,-1.0156402587890625,-1.353240966796875,-1.7644805908203125
2020-05-21,12,2,305.07080078125,291.5480041503906,0.9479522705078124,-0.266510009765625,0.0,91010.734375,269.00128173828125,284.33038330078125,298.6759033203125,0.0008067153394222,0.0073473639786243,0.0105972476303577,0.154388427734375,-0.5626373291015625,1.6634521484375,-3.119415283203125,-0.770538330078125,-1.0402374267578125
2020-05-21,18,3,299.182861328125,293.044677734375,3.669097900390625,0.9935302734375,430.25,91342.1875,268.2955322265625,283.8154296875,294.8049011230469,0.0010018779430538,0.0079786665737628,0.0141303651034832,-2.2178955078125,-3.886871337890625,9.548385620117188,-1.1492462158203125,-2.5113525390625,-1.9978485107421875
2020-05-22,0,0,296.72998046875,294.9408874511719,3.0513458251953125,-0.033905029296875,557.75,91198.609375,269.95977783203125,285.0043640136719,295.0778503417969,0.0010935652535408,0.005238302052021,0.0124292522668838,-1.421539306640625,-8.236038208007812,6.4457855224609375,3.407073974609375,-4.5911712646484375,-1.4149017333984375
2020-05-22,6,1,303.3701171875,293.8489990234375,2.9010162353515625,-2.0989227294921875,495.5,91361.953125,270.6473999023437,284.58648681640625,295.2239990234375,0.0029192329384386,0.0054644420742988,0.0142638944089412,-0.3936004638671875,-7.1471710205078125,4.06231689453125,4.8129425048828125,-1.369903564453125,-3.224365234375
2020-05-22,12,2,305.92999267578125,292.3458251953125,0.1276092529296875,-0.5692901611328125,63.625,91061.359375,269.44305419921875,284.655517578125,299.31597900390625,0.0051624439656734,0.0072307661175727,0.0107472017407417,2.5817413330078125,-4.1300201416015625,-0.0003814697265625,3.5369873046875,-4.3302764892578125,-2.261260986328125
2020-05-22,18,3,299.5640563964844,293.071533203125,3.3288116455078125,0.470611572265625,564.5,91404.734375,269.3353271484375,284.3783569335937,296.0970458984375,0.0052351746708154,0.0082428380846977,0.012145273387432,2.1442108154296875,-9.2635498046875,8.443313598632812,2.8753814697265625,-6.4400482177734375,-0.63970947265625
2020-05-23,0,0,297.1089782714844,294.3514404296875,1.82073974609375,-0.0195465087890625,671.25,91227.796875,270.02349853515625,284.72509765625,296.1002197265625,0.0035367351956665,0.0057882880792021,0.0123104825615882,3.1803741455078125,-5.919937133789063,4.9167022705078125,-4.291900634765625,-5.14898681640625,-1.1318359375
2020-05-23,6,1,304.9197692871094,292.7694091796875,2.110321044921875,-2.3763580322265625,199.0,91334.390625,271.31671142578125,284.6937255859375,297.1502380371094,0.0030788816511631,0.0050341710448265,0.0128572583198547,0.9347076416015624,-8.023910522460938,2.72021484375,-2.09771728515625,-3.738800048828125,-3.5864410400390625
2020-05-23,12,2,305.9012145996094,294.85113525390625,0.5981292724609375,0.0321044921875,8.75,91061.5625,271.02947998046875,284.533203125,300.3549499511719,0.0028862128965556,0.0088061168789863,0.0094155818223953,0.729156494140625,-5.9541015625,-0.4247283935546875,-4.2174224853515625,-2.8065338134765625,-0.9250640869140624
2020-05-23,18,3,300.129638671875,293.54510498046875,2.841537475585937,0.44122314453125,268.0,91400.515625,271.1430969238281,284.30889892578125,296.6053161621094,0.0013216000515967,0.0082975663244724,0.0125057697296142,-0.477294921875,-5.4512481689453125,6.63836669921875,-2.3083953857421875,-1.47943115234375,-1.5855865478515625
2020-05-24,0,0,297.8697509765625,294.71856689453125,2.3614044189453125,-0.1885986328125,384.5,91336.765625,269.9415283203125,284.8123474121094,296.21905517578125,0.0005308734253048,0.0061387196183204,0.0114324241876602,-5.4573516845703125,-5.9063262939453125,6.3803558349609375,-1.617156982421875,-4.3150177001953125,-2.481430053710937
2020-05-24,6,1,304.11346435546875,294.75164794921875,2.657577514648437,-1.542510986328125,634.25,91471.03125,269.400390625,285.0987548828125,295.853515625,0.0002520417328923,0.0053257718682289,0.0143956653773784,-4.751220703125,-6.374038696289063,3.70916748046875,0.2705230712890625,-4.467926025390625,-2.446075439453125
2020-05-24,12,2,305.3195495605469,293.501220703125,-0.600799560546875,-1.3571624755859375,200.25,91149.625,270.2798156738281,284.6868896484375,298.8743591308594,0.0011113204527646,0.0091540738940238,0.0126231126487255,-1.1920166015625,-4.24542236328125,-1.4764404296875,0.411712646484375,-4.189239501953125,-2.8353729248046875
2020-05-24,18,3,298.9687194824219,292.56207275390625,3.3305816650390625,1.30853271484375,438.75,91456.953125,271.51715087890625,283.87530517578125,295.9704895019531,0.0005757021717727,0.0098018310964107,0.0133700631558895,-4.001998901367188,-7.496017456054687,5.15789794921875,-0.080780029296875,-4.348434448242188,0.788360595703125
2020-05-25,0,0,297.88067626953125,294.8918151855469,1.2519683837890625,0.933624267578125,880.75,91411.21875,270.7675170898437,284.1128845214844,295.6668395996094,0.0010136789642274,0.0068905316293239,0.0133552141487598,-5.6078948974609375,-6.094451904296875,4.3970947265625,-2.480087280273437,-4.11956787109375,-0.29107666015625
2020-05-25,6,1,304.3324584960937,295.121337890625,2.5842742919921875,-1.435760498046875,649.25,91477.8125,271.4432983398437,285.2518005371094,295.9111328125,0.0023254486732184,0.0042244791984558,0.0146795995533466,-6.792388916015625,-8.297897338867188,3.5911865234375,2.728851318359375,-3.8944244384765625,-2.198715209960937
2020-05-25,12,2,304.64410400390625,292.9531555175781,-1.0006256103515625,-0.3354034423828125,44.5,91270.546875,271.1410522460937,284.5970458984375,298.2935791015625,0.0032689876388758,0.0087803900241851,0.0116218775510787,-5.3433837890625,-6.4831085205078125,-1.73590087890625,0.2584381103515625,-2.903045654296875,-1.2127532958984375
2020-05-25,18,3,300.0522766113281,291.7904663085937,2.111724853515625,-0.025390625,0.0,91464.046875,269.9986572265625,283.8429870605469,298.1964111328125,0.0025884688366204,0.0089353546500206,0.0114835277199745,-6.9388275146484375,-5.46307373046875,2.0748748779296875,-2.039703369140625,-3.720626831054688,-0.716064453125
2020-05-26,0,0,297.9389038085937,294.5288391113281,1.6059417724609375,0.98004150390625,966.5,91397.171875,269.7542724609375,285.00311279296875,295.3427734375,0.0021353408228605,0.0049115791916847,0.0137206315994262,-8.174026489257812,-8.39849853515625,3.609298706054688,-0.911956787109375,-3.849288940429688,-2.410675048828125
2020-05-26,6,1,303.42706298828125,294.7318115234375,1.579345703125,-1.025482177734375,1098.75,91531.609375,269.9468994140625,285.216552734375,295.42352294921875,0.0023091428447514,0.0063652098178863,0.0153468027710914,-6.972671508789063,-8.518646240234375,2.006927490234375,0.0678863525390625,-2.064727783203125,-1.613525390625
2020-05-26,12,2,305.4476318359375,295.2997436523437,-0.8119659423828125,-0.9320526123046876,1525.25,91244.84375,270.4134521484375,285.766357421875,297.3573608398437,0.002909627277404,0.0090192891657352,0.015587031841278,-5.880859375,-6.7244415283203125,-1.242156982421875,-2.330291748046875,-3.6929931640625,-2.058334350585937
2020-05-26,18,3,297.03179931640625,294.33868408203125,2.974945068359375,-0.9471588134765624,844.25,91523.484375,269.0849609375,284.6932373046875,295.57427978515625,0.0025502929929643,0.0097283869981765,0.0146167799830436,-7.1762237548828125,-6.706832885742188,4.295440673828125,-0.4304046630859375,-3.557723999023437,-3.916351318359375
2020-05-27,0,0,296.7206420898437,294.9046325683594,1.5465240478515625,0.298492431640625,365.25,91400.5625,269.34649658203125,286.0937805175781,294.960205078125,0.0024964206386357,0.0035877197515219,0.0143947452306747,-5.5545806884765625,-7.7303466796875,2.2561492919921875,-2.284881591796875,-5.9972686767578125,-2.083114624023437
2020-05-27,6,1,302.813720703125,295.8943786621094,1.8815765380859373,-0.6621856689453125,840.25,91470.171875,269.71630859375,285.5838623046875,295.43048095703125,0.0017408588901162,0.0055160596966743,0.0151186063885688,-6.134201049804688,-6.958953857421875,2.4248809814453125,-0.2129364013671875,-3.976028442382813,-1.1110076904296875
2020-05-27,12,2,304.2913818359375,294.0328063964844,1.176513671875,-1.6025543212890625,611.75,91205.75,269.61309814453125,285.08795166015625,297.6101989746094,0.0016669824253767,0.0096190758049488,0.0143985450267791,-5.692062377929688,-3.80029296875,1.6452484130859375,-4.062896728515625,-3.0139617919921875,-2.5598602294921875
2020-05-27,18,3,297.0974426269531,294.6672668457031,2.4752197265625,1.1756134033203125,751.125,91388.6875,269.8897705078125,284.64727783203125,295.2724304199219,0.0010956856422126,0.009790226817131,0.0148307867348194,-6.7184906005859375,-5.6012115478515625,5.88287353515625,-0.9034423828125,-3.37060546875,-0.7226409912109375
2020-05-28,0,0,297.2781677246094,295.1872253417969,3.2917022705078125,-0.5593414306640625,1161.625,91271.375,269.36065673828125,285.4862060546875,294.63201904296875,0.0013707017060369,0.0094244591891765,0.0141726210713386,-8.173980712890625,-5.979400634765625,6.8725128173828125,-0.40283203125,-7.15557861328125,-2.2796630859375
2020-05-28,6,1,303.6664733886719,294.380615234375,3.204681396484375,-1.30804443359375,1036.375,91399.5,268.96490478515625,285.247802734375,295.90924072265625,0.0014243032783269,0.0087463408708572,0.0150545611977577,-8.330825805664062,-5.7269439697265625,4.4451446533203125,-2.6231689453125,-3.3666229248046875,-2.3404998779296875
2020-05-28,12,2,306.349609375,293.4265441894531,1.1623382568359375,-2.1661529541015625,546.625,91050.453125,268.55987548828125,285.594970703125,298.10888671875,0.0035195439122617,0.009355392307043,0.0139853507280349,-7.376785278320312,-3.9686431884765625,2.3527984619140625,-3.256439208984375,-6.036666870117188,-4.2218017578125
2020-05-28,18,3,295.3360595703125,293.98175048828125,1.9138946533203125,2.489044189453125,982.5,91421.53125,268.4427490234375,285.5915222167969,294.8208312988281,0.003570256056264,0.0089743547141551,0.01466815918684,-7.463775634765625,-5.6288909912109375,8.09674072265625,-3.153305053710937,-4.7804107666015625,1.3391571044921875
2020-05-29,0,0,297.1240234375,294.3245849609375,3.303085327148437,0.09857177734375,1125.25,91276.25,267.99237060546875,285.6083984375,294.95672607421875,0.0038664683233946,0.007987979799509,0.0132534839212894,-10.97314453125,-6.2348480224609375,7.763992309570312,1.44232177734375,-2.2000885009765625,-0.5471954345703125
2020-05-29,6,1,303.65924072265625,293.6985778808594,2.3573150634765625,-1.2472991943359375,878.625,91370.125,269.1228942871094,284.57733154296875,295.873779296875,0.0038956829812377,0.0088027603924274,0.0146181844174861,-5.4642181396484375,-5.4637451171875,3.2648468017578125,3.6600494384765625,-0.9758453369140624,-1.99725341796875
2020-05-29,12,2,304.0550537109375,292.0995178222656,0.8435516357421875,-0.1449127197265625,740.5,91193.609375,268.9491271972656,284.599853515625,295.53472900390625,0.0048973895609378,0.0110462680459022,0.014466643333435,-3.4389190673828125,-1.79327392578125,1.3252410888671875,0.3101043701171875,-0.455047607421875,-2.09088134765625
2020-05-29,18,3,296.0379638671875,295.2598876953125,1.320343017578125,1.25994873046875,1029.5,91447.3125,268.5741577148437,284.3898010253906,294.4407958984375,0.005346342921257,0.0095350742340087,0.0133676454424858,-7.601211547851562,-6.434326171875,0.307373046875,2.544906616210937,-0.011993408203125,-0.426788330078125
2020-05-30,0,0,296.2000732421875,294.6548767089844,1.2286834716796875,0.6023101806640625,1104.0,91267.40625,268.9134826660156,284.76141357421875,295.9721374511719,0.0048573426902294,0.006019826978445,0.0120875798165798,-4.981735229492188,-10.116714477539062,-2.2532196044921875,6.68170166015625,2.90576171875,-0.3151092529296875
2020-05-30,6,1,299.6680908203125,294.0639038085937,0.4331817626953125,-1.6158447265625,934.875,91490.859375,268.79345703125,284.057373046875,293.84967041015625,0.0048227626830339,0.008193552494049,0.0150521658360958,-5.062042236328125,-9.267501831054688,-0.412841796875,7.65924072265625,3.943801879882813,-2.842071533203125
2020-05-30,12,2,301.929931640625,297.1532592773437,-2.87872314453125,0.1292724609375,1455.75,91240.265625,269.939697265625,284.7105712890625,295.0629272460937,0.0042983666062355,0.0099965818226337,0.014975618571043,1.271636962890625,-3.457275390625,-4.8520355224609375,9.163467407226562,1.8318328857421875,-0.434783935546875
2020-05-30,18,3,296.6326599121094,295.09716796875,0.9017486572265624,1.2153778076171875,831.5,91478.546875,268.85797119140625,285.073486328125,294.8637084960937,0.0043137557804584,0.0085961259901523,0.0153307132422924,-1.806732177734375,-4.65155029296875,-2.225677490234375,5.846099853515625,2.067413330078125,5.8799591064453125
2020-05-31,0,0,296.6562805175781,295.00408935546875,1.38055419921875,1.54449462890625,261.25,91408.1875,269.3460388183594,285.3360290527344,293.241455078125,0.0033538769930601,0.0080570802092552,0.0141489654779434,-2.6480865478515625,-5.77490234375,-0.6070404052734375,5.688446044921875,4.5978546142578125,6.721923828125
2020-05-31,6,1,302.53521728515625,295.1353759765625,-0.3770599365234375,2.9241485595703125,625.25,91513.78125,268.6454467773437,285.6906433105469,294.3208923339844,0.0033202471677213,0.0073671862483024,0.0147829130291938,-4.123138427734375,-7.334259033203125,-1.0072479248046875,8.008880615234375,5.608612060546875,4.1773834228515625
2020-05-31,12,2,302.9944152832031,295.8256225585937,-1.1084136962890625,2.760467529296875,1281.5,91244.234375,269.4346923828125,285.1244506835937,295.3184814453125,0.003527958644554,0.0098946541547775,0.0154491961002349,-3.996505737304688,-3.9425048828125,-1.3291473388671875,6.0924224853515625,4.9881744384765625,4.89801025390625
2020-05-31,18,3,297.119140625,295.37701416015625,2.191070556640625,0.1370849609375,430.0,91524.15625,269.1036071777344,285.3001403808594,293.06939697265625,0.0030981742311269,0.0086518377065658,0.0153159499168396,-3.6139984130859375,-2.9000244140625,3.404876708984375,8.1790771484375,6.1973876953125,3.5314483642578125
2020-06-01,0,0,296.4095458984375,294.2630310058594,1.3615570068359375,0.19366455078125,98.0,91443.109375,268.92413330078125,284.6677551269531,293.0443725585937,0.0033374347258359,0.0087460577487945,0.0140747390687465,-0.3045196533203125,-1.9875946044921875,2.251220703125,7.902664184570312,6.0081634521484375,3.903594970703125
2020-06-01,6,1,301.5277099609375,294.828125,1.7554779052734375,1.8925933837890625,364.75,91561.53125,269.5430908203125,284.6259460449219,293.2642517089844,0.0032003293745219,0.0102002508938312,0.0150139816105365,-1.6675262451171875,-0.2486572265625,2.343414306640625,7.434982299804687,6.257781982421875,2.59088134765625
2020-06-01,12,2,300.0302124023437,295.7240295410156,-0.3973388671875,2.219635009765625,435.75,91280.796875,270.3717041015625,285.03692626953125,293.9769287109375,0.0035750130191445,0.0096582025289535,0.0154111608862876,0.1157684326171875,-1.7142181396484375,-1.2977752685546875,6.43975830078125,6.561813354492188,3.840087890625
2020-06-01,18,3,296.1490478515625,294.47705078125,1.63671875,1.5029754638671875,132.75,91553.6875,269.0922241210937,284.66217041015625,292.91949462890625,0.004360438324511,0.0089618861675262,0.0141126997768878,-0.7905731201171875,4.2828369140625,4.866622924804688,7.2309417724609375,6.765350341796875,5.1961517333984375
2020-06-02,0,0,295.9673156738281,293.96112060546875,1.7226104736328125,1.378662109375,44.25,91368.828125,268.642822265625,284.3560791015625,292.7723999023437,0.0044625550508499,0.0093376897275447,0.012872714549303,-0.7751922607421875,1.8828125,4.9105224609375,8.623870849609375,5.9854278564453125,7.834823608398437
2020-06-02,6,1,300.7703857421875,293.562255859375,3.25,3.90142822265625,66.75,91541.9375,269.4891052246094,284.3231201171875,292.28204345703125,0.0040585556998848,0.0094701424241065,0.014102816581726,-0.4868927001953125,0.170074462890625,5.3157806396484375,9.693984985351562,8.069793701171875,6.395309448242188
2020-06-02,12,2,300.2995300292969,293.1988220214844,3.4154052734375,3.456390380859375,30.0,91190.53125,269.0782470703125,285.0438232421875,293.1531677246094,0.0044295378029346,0.0079983957111835,0.0135560445487499,1.5415496826171875,11.503448486328123,7.96417236328125,9.358963012695312,9.724929809570312,8.278305053710938
2020-06-02,18,3,296.16119384765625,293.1610107421875,3.68988037109375,2.88043212890625,0.0,91490.25,269.1326904296875,285.754638671875,290.76837158203125,0.0053308196365833,0.0073197856545448,0.0133036263287067,6.7193603515625,11.54901123046875,12.5643310546875,7.499786376953125,10.779754638671877,10.385772705078123
2020-06-03,0,0,296.5360717773437,293.5019226074219,2.402252197265625,2.85693359375,35.5,91303.90625,268.4169616699219,285.29742431640625,290.8827209472656,0.0050851441919803,0.0073615461587905,0.0145029053092002,1.9908294677734373,8.92730712890625,11.913482666015623,5.913482666015625,11.998260498046877,9.877120971679688
2020-06-03,6,1,300.9027404785156,293.28338623046875,4.9066925048828125,3.827438354492188,126.25,91467.8125,268.13555908203125,285.6427001953125,293.213134765625,0.0037469284143298,0.0080014616250991,0.0136423129588365,-1.47900390625,10.32525634765625,8.6519775390625,9.156448364257812,9.143692016601562,6.536956787109375
2020-06-03,12,2,302.294189453125,293.80224609375,3.9210205078125,2.6621551513671875,90.625,91157.640625,269.3797607421875,284.52349853515625,294.87939453125,0.0024504165630787,0.0086748003959655,0.0137419663369655,0.62261962890625,10.646713256835938,9.286636352539062,7.709686279296875,6.9634552001953125,6.174957275390625
2020-06-03,18,3,296.6068115234375,293.63153076171875,3.759796142578125,2.16558837890625,0.0,91515.1875,268.87945556640625,284.1312255859375,291.55865478515625,0.0029241680167615,0.0084687396883964,0.0136018693447113,2.00433349609375,9.886642456054688,12.472702026367188,6.7857818603515625,5.6094970703125,7.4438934326171875
2020-06-04,0,0,296.95068359375,294.497802734375,3.07659912109375,2.365875244140625,66.25,91341.34375,268.3889465332031,284.6922607421875,290.5527038574219,0.0034294938668608,0.0075910165905952,0.0144531093537807,5.9527435302734375,10.0235595703125,11.938018798828123,5.595306396484375,6.0961456298828125,7.211288452148437
2020-06-04,6,1,301.0678100585937,294.01104736328125,5.2169189453125,2.6042633056640625,242.875,91466.5625,268.5310363769531,284.8314819335937,292.7779541015625,0.0034114588052034,0.008887805044651,0.0147875994443893,5.008697509765625,11.288742065429688,8.6495361328125,8.69976806640625,3.57977294921875,4.230194091796875
2020-06-04,12,2,300.9613037109375,296.10467529296875,3.546844482421875,0.82843017578125,677.75,91195.75,269.4267578125,284.681640625,294.1849670410156,0.0036963808815926,0.0093797631561756,0.0144886448979377,9.118743896484377,10.324249267578123,10.2923583984375,6.7219085693359375,4.41986083984375,3.973800659179688
2020-06-04,18,3,296.88104248046875,294.2974853515625,2.871673583984375,1.39105224609375,100.0,91514.296875,269.8526611328125,284.1717529296875,292.43780517578125,0.0035076767671853,0.0090782046318054,0.0136728100478649,9.578445434570312,8.280532836914062,10.015457153320312,4.197265625,2.6588897705078125,3.57080078125
2020-06-05,0,0,296.36578369140625,294.07049560546875,2.512664794921875,0.78802490234375,26.75,91365.5625,269.578857421875,284.0966186523437,292.15118408203125,0.0031405128538608,0.0076891630887985,0.0130096711218357,8.674270629882812,8.09552001953125,10.632705688476562,4.492919921875,2.9805908203125,2.121307373046875
2020-06-05,6,1,301.5545654296875,293.66015625,4.59429931640625,0.9135284423828124,5.25,91470.703125,269.7549133300781,284.0334777832031,292.5800170898437,0.003548705484718,0.0092359818518161,0.0140819139778614,8.354598999023438,7.7190399169921875,7.3762359619140625,3.9897613525390634,2.2772979736328125,1.2889404296875
2020-06-05,12,2,302.90985107421875,294.97174072265625,4.48004150390625,0.5745849609375,115.0,91198.28125,269.3917236328125,284.32940673828125,294.482666015625,0.0040660751983523,0.0099749080836772,0.0141765400767326,7.438552856445312,7.0054931640625,7.92657470703125,1.09716796875,0.93121337890625,0.9864044189453124
2020-06-05,18,3,296.99072265625,293.95819091796875,3.16552734375,1.0764312744140625,72.0,91448.328125,269.04132080078125,284.3989562988281,292.5604248046875,0.0041660838760435,0.0094178542494773,0.0139885246753692,4.2344512939453125,5.6453399658203125,9.559097290039062,1.7159881591796875,0.5715179443359375,1.132720947265625
2020-06-06,0,0,297.02276611328125,293.90289306640625,2.911163330078125,0.0646820068359375,17.0,91343.578125,269.9735717773437,283.2153625488281,290.4276428222656,0.0032973997294902,0.0091972351074218,0.0142111629247665,3.436248779296875,4.281585693359375,10.65234375,1.0827178955078125,0.551055908203125,-2.68603515625
2020-06-06,6,1,301.9387512207031,295.21783447265625,3.6906890869140634,-0.5639801025390625,226.0,91396.859375,270.3804931640625,283.7354736328125,292.5495300292969,0.003114138264209,0.009790439158678,0.0145472437143325,1.96075439453125,5.4615325927734375,5.654556274414063,1.010284423828125,1.1307830810546875,-1.1666107177734375
2020-06-06,12,2,300.5738525390625,295.8036499023437,2.3907470703125,1.183319091796875,862.25,91142.03125,269.71685791015625,283.48046875,294.0477905273437,0.0049640163779258,0.0108351744711399,0.0137509554624557,0.7098846435546875,4.8994903564453125,6.902877807617188,-0.6339111328125,-2.190292358398437,-0.0243988037109375
2020-06-06,18,3,295.54083251953125,294.48846435546875,3.68865966796875,0.4820098876953125,252.5,91469.671875,268.43798828125,283.4715576171875,291.86083984375,0.0046957097947597,0.0098094791173934,0.0140027329325675,0.206146240234375,6.0904693603515625,12.553741455078123,1.7707366943359375,-3.033233642578125,-2.929718017578125
2020-06-07,0,0,296.61248779296875,294.0404663085937,2.96295166015625,0.1373291015625,130.0,91331.53125,268.25994873046875,283.1376953125,291.65533447265625,0.0047661326825618,0.0080065205693244,0.0126399584114551,1.584930419921875,5.4146881103515625,10.320083618164062,1.140899658203125,-3.2611846923828125,-2.2775115966796875
2020-06-07,6,1,300.4816589355469,292.72705078125,4.3258056640625,-0.281585693359375,612.25,91414.671875,269.7059020996094,282.7649841308594,291.92022705078125,0.0041009495034813,0.008305799216032,0.0149325244128704,0.310333251953125,6.088638305664063,7.221511840820312,3.36956787109375,-1.4960784912109375,-1.0859375
2020-06-07,12,2,300.2408752441406,295.3959655761719,2.6015167236328125,2.0221710205078125,227.75,91144.21875,269.12774658203125,283.27667236328125,293.91357421875,0.0048809386789798,0.0091552250087261,0.0133583005517721,0.8708648681640625,6.0611572265625,7.3427581787109375,3.913909912109375,-4.4951019287109375,-0.2330780029296875
2020-06-07,18,3,296.1971740722656,293.2545166015625,3.746337890625,1.0910491943359375,83.5,91403.078125,267.2827453613281,283.46612548828125,292.23199462890625,0.0043917056173086,0.0082922801375389,0.0129024013876914,0.208953857421875,3.987106323242188,11.127532958984377,2.1788787841796875,-3.419296264648437,-1.802154541015625
2020-06-08,0,0,296.4118347167969,293.1588134765625,3.6267242431640634,0.5777435302734375,12.25,91294.265625,267.92730712890625,282.68572998046875,291.37451171875,0.0035514803603291,0.008165830746293,0.0127752423286437,1.190643310546875,4.9818267822265625,12.974700927734377,2.4575958251953125,-1.46136474609375,-0.1292572021484375
2020-06-08,6,1,301.6430969238281,292.8324279785156,3.7787933349609375,-1.9963531494140625,192.25,91324.65625,268.1239624023437,283.5333251953125,293.28057861328125,0.0037507307715713,0.007767416536808,0.0135578848421573,0.11456298828125,6.9036865234375,6.245635986328125,4.011032104492188,-1.477386474609375,-3.646560668945313
2020-06-08,12,2,303.8486022949219,292.7833251953125,2.863067626953125,-0.42303466796875,1.25,91068.546875,268.85009765625,283.1322631835937,296.75689697265625,0.0031919765751808,0.0088287107646465,0.0112109929323196,1.279632568359375,7.04779052734375,7.2575531005859375,2.7145233154296875,-3.7847900390625,-3.14794921875
2020-06-08,18,3,297.91180419921875,292.48638916015625,3.1971893310546875,-0.5233154296875,50.5,91354.0625,268.6793212890625,284.17303466796875,293.0089416503906,0.0033353839535266,0.0071888044476509,0.0130925774574279,0.034149169921875,5.8458404541015625,8.36322021484375,2.945953369140625,-5.413009643554688,-5.4061126708984375
2020-06-09,0,0,296.58807373046875,293.9632568359375,3.1473846435546875,0.1157073974609375,4.0,91240.953125,269.46832275390625,284.19586181640625,291.4541015625,0.0034174392931163,0.0063607953488826,0.0125570707023143,-0.0837554931640625,4.378814697265625,9.62225341796875,1.7084503173828125,-3.915283203125,-5.084396362304688
2020-06-09,6,1,301.21014404296875,292.673583984375,4.156753540039063,-2.373519897460937,13.5,91345.375,269.30084228515625,284.280029296875,293.09588623046875,0.0035143527202308,0.0064895488321781,0.0131421312689781,2.204071044921875,6.486297607421875,6.8973236083984375,-0.1433868408203125,-5.6256256103515625,-4.592742919921875
2020-06-09,12,2,301.50115966796875,295.17254638671875,3.648025512695313,0.1067962646484375,290.5,91104.546875,269.0980834960937,284.3277282714844,294.49188232421875,0.003390280297026,0.0089534223079681,0.0137810818850994,1.718597412109375,5.590606689453125,8.856826782226562,-5.528900146484375,-5.2290802001953125,-1.5359344482421875
2020-06-09,18,3,297.318115234375,295.1120910644531,3.307113647460937,-0.2273406982421875,146.25,91316.984375,268.4141845703125,284.732666015625,292.42755126953125,0.0030738413333892,0.0088191404938697,0.0142712406814098,2.948028564453125,4.907928466796875,9.550704956054688,-6.508514404296875,-5.1873626708984375,-4.2919921875
2020-06-10,0,0,296.8775634765625,293.6932373046875,3.5539093017578125,-0.24700927734375,72.5,91149.453125,268.42022705078125,284.3210754394531,291.1231689453125,0.0028471099212765,0.0083157606422901,0.0145040079951286,3.761795043945313,4.118316650390625,10.95587158203125,-9.033172607421877,-3.228744506835937,-4.45245361328125
2020-06-10,6,1,299.7301025390625,293.3755798339844,4.222213745117188,-2.4310760498046875,224.5,91242.1875,267.735107421875,284.1630554199219,292.76422119140625,0.0036362698301672,0.0082042440772056,0.0145042613148689,6.3699798583984375,7.079757690429688,7.25213623046875,-7.1463623046875,-4.2525177001953125,-4.49151611328125
2020-06-10,12,2,299.9017944335937,295.5233154296875,3.5972137451171875,1.91705322265625,314.0,91004.46875,268.30731201171875,284.05731201171875,294.1556701660156,0.0035198184195905,0.0088456459343433,0.013930071145296,7.07843017578125,6.960464477539063,9.224502563476562,-10.522781372070312,-4.221237182617188,0.7781219482421875
2020-06-10,18,3,295.85662841796875,293.58697509765625,5.144805908203125,0.65411376953125,166.5,91198.59375,268.3424072265625,283.75079345703125,291.06500244140625,0.0045128352940082,0.0094240270555019,0.0148789994418621,4.231048583984375,10.187103271484377,14.392379760742188,-5.975128173828125,-4.484375,-1.772796630859375
2020-06-11,0,0,295.77752685546875,293.1498413085937,4.404815673828125,-1.7782745361328125,124.5,91039.734375,268.302490234375,283.54296875,290.9096069335937,0.0045767314732074,0.0084861405193805,0.0141504518687725,7.295028686523437,13.766647338867188,13.743301391601562,-3.73675537109375,-5.975601196289063,-7.495986938476562
2020-06-11,6,1,298.2801818847656,292.4085998535156,5.2777252197265625,-1.1860198974609375,365.75,91154.46875,268.537109375,283.09552001953125,291.7353820800781,0.0052414312958717,0.0084771811962127,0.0139668025076389,7.6518096923828125,13.40576171875,12.271041870117188,-5.7826080322265625,-5.2828521728515625,-4.26031494140625
2020-06-11,12,2,297.99713134765625,294.6011962890625,3.594467163085937,0.186492919921875,137.25,90938.953125,269.2824401855469,282.9798583984375,292.8002319335937,0.0054719913750886,0.0093218050897121,0.0132000371813774,11.303726196289062,13.234725952148438,12.7752685546875,-5.0587310791015625,-4.2922210693359375,-1.5219268798828125
2020-06-11,18,3,294.20953369140625,292.6170959472656,4.475509643554688,1.591339111328125,129.0,91162.296875,269.1604309082031,283.0795288085937,291.1737670898437,0.0054114237427711,0.0091505423188209,0.0127879083156585,5.4319915771484375,15.052947998046877,15.410476684570312,-5.515182495117188,-4.7887115478515625,1.0243072509765625
2020-06-12,0,0,294.77398681640625,292.57733154296875,4.9740753173828125,1.2086334228515625,27.5,90955.453125,270.0291748046875,283.2311706542969,290.1318359375,0.0054227598011493,0.0084097348153591,0.0138816349208354,1.47918701171875,15.441848754882812,16.6685791015625,-1.7420501708984375,-2.710693359375,2.098876953125
2020-06-12,6,1,298.3553771972656,292.7055358886719,7.2197418212890625,1.0379638671875,28.25,91099.59375,269.67681884765625,283.2501525878906,291.1610717773437,0.0053953230381011,0.0083470121026039,0.0139130186289548,0.9137115478515624,16.646560668945312,13.408050537109377,-0.1460113525390625,-2.2943115234375,1.3284149169921875
2020-06-12,12,2,300.4066772460937,291.9634704589844,5.159088134765625,1.2055816650390625,0.0,90864.8125,269.61724853515625,283.322021484375,293.3900756835937,0.0051010996103286,0.0087676011025905,0.0122042335569858,4.374420166015625,14.075775146484377,11.4530029296875,0.5379791259765625,1.7791900634765625,2.0211944580078125
2020-06-12,18,3,295.08856201171875,291.9755859375,4.287521362304688,1.5961761474609375,1.25,91102.28125,269.5152587890625,284.47412109375,290.27117919921875,0.0051959007978439,0.0082500725984573,0.0144210197031497,3.921661376953125,17.36700439453125,14.949905395507812,4.667526245117188,2.016998291015625,2.87994384765625
2020-06-13,0,0,295.2547607421875,292.683349609375,3.250595092773437,2.3892822265625,0.75,90998.25,269.89361572265625,285.594482421875,290.29107666015625,0.0050829797983169,0.0065291970968246,0.0131498016417026,7.871658325195312,19.29550170898437,13.371261596679688,3.551788330078125,-0.5799407958984375,2.7910308837890625
2020-06-13,6,1,299.9269104003906,292.9389953613281,5.7071685791015625,2.2928009033203125,9.5,91089.203125,270.46893310546875,284.8158569335937,292.975341796875,0.0036423543933779,0.0097504891455173,0.0137258395552635,8.62615966796875,16.060928344726562,11.36126708984375,6.757736206054688,0.18743896484375,4.139892578125
2020-06-13,12,2,298.687255859375,294.8756103515625,5.212005615234375,2.6735076904296875,34.75,90957.421875,270.7637939453125,284.3558959960937,291.9830017089844,0.0057494826614856,0.0104543529450893,0.0147887989878654,8.015472412109375,13.993896484375,12.029891967773438,2.605743408203125,1.2299346923828125,4.555877685546875
2020-06-13,18,3,295.8348388671875,294.1727294921875,3.6983642578125,2.115753173828125,20.75,91185.671875,269.925537109375,286.0193786621094,291.12078857421875,0.0056835636496543,0.0083996430039405,0.0151543840765953,6.71014404296875,13.103973388671877,15.053985595703123,0.648895263671875,-0.4272918701171875,2.5960235595703125
2020-06-14,0,0,295.8832702636719,293.6825256347656,4.558135986328125,1.9163665771484373,15.25,91095.640625,270.0066223144531,285.5961303710937,290.86383056640625,0.0050356574356555,0.0089723020792007,0.0149207338690757,2.661865234375,12.64361572265625,15.725341796875,2.380096435546875,-0.1373748779296875,3.0902557373046875
2020-06-14,6,1,299.86444091796875,294.0453491210937,7.334121704101562,1.381134033203125,26.875,91262.546875,269.72491455078125,284.5727233886719,292.34912109375,0.0049035847187042,0.0099179446697235,0.0150261279195547,4.1922607421875,14.167144775390623,12.89044189453125,1.234893798828125,-1.527679443359375,1.9359283447265625
2020-06-14,12,2,300.877685546875,294.11846923828125,5.5233154296875,1.400726318359375,42.75,91051.765625,270.3012084960937,284.9142761230469,294.0585327148437,0.0050011314451694,0.0101494267582893,0.01475640386343,2.93341064453125,14.30322265625,12.845489501953123,-2.5041046142578125,-1.2295074462890625,2.3320465087890625
2020-06-14,18,3,296.0414733886719,293.50421142578125,4.647232055664063,1.287506103515625,37.75,91297.671875,268.74334716796875,285.05975341796875,291.37432861328125,0.0048243105411529,0.0088298358023166,0.0151715353131294,-0.0284271240234375,13.183349609375,15.257156372070312,-0.7767333984375,-1.53936767578125,0.8117218017578125
2020-06-15,0,0,296.6034545898437,293.83721923828125,4.6961517333984375,1.54534912109375,9.5,91188.203125,268.9218444824219,285.1424255371094,290.69219970703125,0.0048810131847858,0.0091878063976764,0.0145683661103248,0.6844024658203125,11.754959106445312,15.91546630859375,0.5879364013671875,-1.3056793212890625,1.547393798828125
2020-06-15,6,1,300.86090087890625,292.84130859375,7.0401611328125,1.5522918701171875,93.25,91268.828125,269.8588256835937,285.75830078125,292.9504089355469,0.0042226649820804,0.0087481923401355,0.0144824124872684,1.476531982421875,11.485244750976562,13.238983154296877,1.821197509765625,0.9023895263671876,2.595932006835937
2020-06-15,12,2,301.6419677734375,293.6593017578125,4.533203125,1.1621246337890625,16.5,90966.546875,270.8062744140625,285.14813232421875,294.9501342773437,0.003439157968387,0.0096155330538749,0.0138983726501464,0.434356689453125,12.673385620117188,10.851516723632812,2.3462066650390625,0.0295867919921875,2.2275543212890625
2020-06-15,18,3,296.53277587890625,294.11590576171875,2.926864624023437,1.8471221923828125,62.75,91271.921875,269.8176574707031,284.8564453125,291.72235107421875,0.0034099423792213,0.0090538747608661,0.0145721435546875,2.1745758056640625,11.142257690429688,10.996658325195312,3.770599365234375,0.0366668701171875,2.3001251220703125
2020-06-16,0,0,296.5160522460937,294.1490478515625,3.454574584960937,2.6544647216796875,103.5,91076.78125,269.540771484375,284.9330444335937,291.1912841796875,0.0053775645792484,0.0105087272822856,0.0151155292987823,6.4476165771484375,8.891189575195312,12.871871948242188,0.6280975341796875,0.908935546875,4.37286376953125
2020-06-16,6,1,300.2091979980469,294.3602905273437,6.60382080078125,2.08599853515625,88.5,91171.3125,271.0162353515625,285.0310363769531,292.30126953125,0.004610895179212,0.0095697566866874,0.0147006958723068,5.294448852539063,9.427520751953123,11.184585571289062,1.3588104248046875,1.533416748046875,3.202484130859375
2020-06-16,12,2,301.53204345703125,294.41571044921875,4.265472412109375,1.614044189453125,52.0,90974.140625,270.09326171875,284.8573608398437,293.599365234375,0.005764927715063,0.010353323072195,0.014520738273859,6.566940307617188,9.880142211914062,10.17401123046875,2.4030303955078125,3.4318084716796875,3.5513916015625
2020-06-16,18,3,295.8930053710937,293.263916015625,3.676300048828125,2.1363525390625,117.0,91236.671875,269.8902587890625,284.42742919921875,290.9310913085937,0.0047991760075092,0.0098797008395195,0.0149417035281658,3.260955810546875,10.965850830078123,11.949295043945312,2.422836303710937,1.8918304443359373,3.622894287109375
2020-06-17,0,0,296.02166748046875,293.89971923828125,3.694259643554688,2.2054901123046875,48.75,91090.734375,269.229248046875,284.8948974609375,290.9456787109375,0.0049386993050575,0.0095049068331718,0.014347780495882,6.2037200927734375,10.83123779296875,14.434829711914062,5.5235137939453125,2.6578521728515625,2.6571197509765625
2020-06-17,6,1,299.15338134765625,293.25048828125,7.1942291259765625,2.156829833984375,79.0,91171.515625,269.64898681640625,285.6318359375,292.6212158203125,0.0051047950983047,0.00829753652215,0.0143353603780269,5.57275390625,12.505081176757812,12.66009521484375,3.994064331054688,4.1688385009765625,3.550323486328125
2020-06-17,12,2,299.7718505859375,293.1712951660156,4.97113037109375,1.569488525390625,34.0,91105.53125,269.40069580078125,284.08416748046875,293.7440795898437,0.0048764534294605,0.0106027983129024,0.0143609857186675,9.240386962890623,13.42340087890625,12.477951049804688,4.45245361328125,2.080596923828125,3.075958251953125
2020-06-17,18,3,296.00689697265625,293.6658630371094,3.869827270507813,1.391510009765625,86.0,91374.375,268.8919372558594,284.42584228515625,291.0209045410156,0.0052287280559539,0.0094601586461067,0.0148638077080249,8.495697021484375,13.741912841796877,13.764663696289062,3.2832794189453125,1.0658111572265625,1.2637786865234375
2020-06-18,0,0,295.9560546875,293.60211181640625,4.4139404296875,1.6656341552734375,66.25,91222.28125,268.5780639648437,285.20220947265625,290.209228515625,0.0055600591003894,0.0085777156054973,0.0142739005386829,8.092498779296875,10.797943115234377,15.161056518554688,2.166778564453125,2.34100341796875,2.174407958984375
2020-06-18,6,1,299.6799011230469,293.0777587890625,6.507568359375,1.124664306640625,150.0,91364.6875,268.43951416015625,285.41290283203125,291.5479431152344,0.0043887943029403,0.0088376067578792,0.0147152170538902,11.178604125976562,11.55670166015625,11.605453491210938,5.3126220703125,1.4774322509765625,1.2140350341796875
2020-06-18,12,2,299.9447631835937,294.17108154296875,4.358978271484375,1.2327117919921875,63.5,91211.015625,269.31805419921875,284.46014404296875,293.31475830078125,0.0048272907733917,0.0097675509750843,0.0142950639128685,8.248245239257812,11.480575561523438,13.187576293945312,0.5628204345703125,-1.35760498046875,1.8686676025390625
2020-06-18,18,3,296.0343017578125,293.38232421875,3.8708648681640634,0.6196746826171875,7.75,91482.21875,269.201904296875,284.574951171875,290.6923217773437,0.0051365606486797,0.0091356020420789,0.0145656690001487,7.7810516357421875,10.209213256835938,13.054901123046877,-0.47412109375,-1.022216796875,-1.7440948486328125
2020-06-19,0,0,296.0052490234375,293.326416015625,3.84356689453125,-0.544677734375,2.75,91254.53125,269.3433837890625,284.94482421875,290.2752380371094,0.005320705473423,0.0089477449655532,0.0136894769966602,6.1847076416015625,9.623947143554688,12.767807006835938,-0.72637939453125,-0.7949066162109375,-4.9901123046875
2020-06-19,6,1,300.63482666015625,292.95379638671875,4.42156982421875,-0.3501129150390625,316.875,91456.546875,269.48095703125,284.89532470703125,291.6962280273437,0.0052659958600997,0.008416011929512,0.0146015249192714,5.7203521728515625,8.852035522460938,10.834457397460938,-0.574005126953125,-3.2153472900390625,-2.55615234375
2020-06-19,12,2,301.4426574707031,295.25860595703125,4.1920318603515625,-0.171417236328125,68.75,91165.109375,269.7462158203125,284.6097717285156,295.11602783203125,0.0042741484940052,0.0095961391925811,0.0137881599366664,3.715087890625,7.811981201171875,9.434005737304688,-3.672393798828125,-3.3538970947265625,-1.716339111328125
2020-06-19,18,3,296.2315673828125,293.34228515625,3.8740386962890634,0.53204345703125,41.75,91471.71875,269.58563232421875,284.2723999023437,291.34967041015625,0.0040102563798427,0.0095470938831567,0.0146384537220001,0.484039306640625,7.4072418212890625,11.106338500976562,-3.83642578125,-3.526092529296875,-2.3640594482421875
2020-06-20,0,0,296.1493835449219,293.2062683105469,4.331268310546875,0.0746002197265625,8.0,91264.765625,269.65057373046875,284.62164306640625,290.22393798828125,0.0042474716901779,0.0082316473126411,0.0136977322399616,-0.1292266845703125,7.620773315429687,12.3043212890625,-3.804977416992188,-3.257110595703125,-2.584716796875
2020-06-20,6,1,300.6438293457031,293.01922607421875,5.461456298828125,-1.0402069091796875,4.75,91395.65625,269.25653076171875,284.5755920410156,293.6412353515625,0.0043547507375478,0.0073068533092737,0.0131691917777061,1.999114990234375,7.360244750976562,9.80499267578125,-1.555511474609375,-3.803024291992188,-2.157196044921875
2020-06-20,12,2,301.85467529296875,293.2730712890625,3.854324340820313,-0.464813232421875,8.75,91175.75,269.5477600097656,284.087890625,295.208740234375,0.0042553357779979,0.0093358531594276,0.0128964185714721,4.2183990478515625,6.768768310546875,9.002182006835938,-2.67059326171875,-3.736297607421875,-1.5651092529296875
2020-06-20,18,3,296.7066650390625,292.8280639648437,3.782058715820313,0.578277587890625,2.5,91452.515625,269.4421081542969,284.3939208984375,292.5545654296875,0.0037489796523004,0.0077933557331562,0.0134891234338283,3.316650390625,4.941909790039063,9.831619262695312,-3.302093505859375,-4.826324462890625,-2.292465209960937
2020-06-21,0,0,295.2738647460937,293.3149719238281,3.776702880859375,0.4446868896484375,0.5,91235.28125,269.313232421875,284.2809753417969,291.12579345703125,0.0039772698655724,0.0069587752223014,0.0131205953657627,5.162033081054688,5.3579864501953125,12.904220581054688,-3.0968475341796875,-3.9761962890625,-1.9100341796875
2020-06-21,6,1,299.4184875488281,292.432861328125,5.155441284179688,-0.5590362548828125,9.75,91308.359375,268.9093017578125,284.50860595703125,293.1882629394531,0.0037110187113285,0.0069209896028041,0.0135682597756385,4.898223876953125,5.5731964111328125,9.424057006835938,-3.993240356445313,-2.39141845703125,-1.9917755126953125
2020-06-21,12,2,299.30865478515625,295.2205810546875,4.155059814453125,-0.547454833984375,104.25,91115.96875,269.4919738769531,283.42706298828125,292.5879211425781,0.0040569654665887,0.0104775130748748,0.0141343064606189,4.026031494140625,6.255340576171875,9.136810302734377,-2.6473846435546875,-3.7387847900390634,-2.15289306640625
2020-06-21,18,3,295.5567626953125,293.3205261230469,4.092544555664063,0.72589111328125,9.125,91285.65625,269.2918701171875,283.80487060546875,291.2622985839844,0.0037322498392313,0.0092415362596511,0.0137751400470733,2.894195556640625,5.622573852539063,11.789215087890623,-3.266937255859375,-3.293426513671875,-2.641571044921875
2020-06-22,0,0,295.74249267578125,292.9654541015625,3.8702545166015625,-0.1354217529296875,8.25,91094.703125,268.79559326171875,283.76666259765625,290.0531005859375,0.0035562014672905,0.0083675533533096,0.0140437446534633,2.7333526611328125,8.16241455078125,12.684844970703123,-0.8315887451171875,-3.345809936523437,-3.8378753662109375
2020-06-22,6,1,299.7805480957031,292.976806640625,5.44281005859375,-0.7530517578125,29.625,91191.953125,268.9415283203125,283.7011108398437,292.82086181640625,0.0034535250160843,0.0093125961720943,0.0137975588440895,1.426177978515625,7.54522705078125,9.89508056640625,-0.78125,-3.617706298828125,-2.02520751953125
2020-06-22,12,2,297.6298522949219,294.0592346191406,3.545394897460937,0.2222137451171875,243.0,90994.109375,268.693603515625,283.3082580566406,292.5784606933594,0.0046516023576259,0.0097438655793666,0.0142082795500755,1.5149688720703125,6.458160400390625,10.417816162109377,-0.5241851806640625,-5.757568359375,-2.105804443359375
2020-06-22,18,3,294.9306640625,293.2018737792969,3.7263031005859375,1.144134521484375,117.375,91307.25,268.4812316894531,283.674560546875,290.74530029296875,0.0048812925815582,0.0092374105006456,0.0140031613409519,-0.0355224609375,4.187347412109375,13.348800659179688,0.6974334716796875,-5.666595458984375,-0.5074005126953125
2020-06-23,0,0,295.7408447265625,293.580810546875,3.6885986328125,0.4922637939453125,95.375,91172.234375,268.9138488769531,283.11541748046875,291.0953063964844,0.0045644342899322,0.008620373904705,0.012585375458002,0.561798095703125,5.2956085205078125,13.88623046875,3.76531982421875,-3.7310638427734375,-0.6279449462890625
2020-06-23,6,1,301.0179443359375,292.93212890625,4.74200439453125,-0.819732666015625,146.5,91303.203125,269.3919372558594,283.4153747558594,292.90496826171875,0.0041196644306182,0.0080555640161037,0.0136472713202238,0.5791015625,3.4359283447265625,7.2236785888671875,3.73236083984375,-2.8484344482421875,-1.60791015625
2020-06-23,12,2,301.6685485839844,294.960205078125,2.385345458984375,-0.101287841796875,91.5,91085.875,269.2117919921875,283.4416198730469,294.321533203125,0.0046263169497251,0.0093667581677436,0.0131978876888751,-1.0076904296875,4.198211669921875,7.0329437255859375,-1.155120849609375,-3.717453002929688,-0.5936126708984375
2020-06-23,18,3,296.2769470214844,293.4295654296875,2.4796295166015625,0.907073974609375,95.875,91364.6875,268.9630432128906,283.1561279296875,292.7425537109375,0.0045533515512943,0.0093540139496326,0.0135330967605113,-3.844146728515625,3.90863037109375,7.012420654296875,-1.4694061279296875,-2.1539306640625,-2.683013916015625
2020-06-24,0,0,296.2218933105469,293.1480712890625,1.188232421875,0.6061553955078125,41.625,91261.21875,268.82684326171875,282.6937561035156,292.0961608886719,0.0045023299753665,0.0089884176850318,0.0121149849146604,-4.4017181396484375,2.5904998779296875,6.518218994140625,0.2554779052734375,-1.8263702392578125,-2.170028686523437
2020-06-24,6,1,301.5330810546875,292.9151611328125,2.890121459960937,0.36871337890625,31.375,91300.84375,268.88214111328125,284.0375366210937,293.0711669921875,0.0045441649854183,0.008375771343708,0.0130668580532073,-4.0091094970703125,0.31121826171875,4.21044921875,0.09320068359375,-0.4902191162109375,0.142608642578125
2020-06-24,12,2,302.20343017578125,291.66534423828125,1.52313232421875,1.2590484619140625,124.875,90967.015625,269.4838256835937,283.6910400390625,295.35693359375,0.0042199231684207,0.0099563039839267,0.0134379528462886,-8.252670288085938,-1.19281005859375,2.1509552001953125,-0.3912200927734375,-1.5791015625,0.85015869140625
2020-06-24,18,3,295.2947998046875,294.2873229980469,1.45855712890625,1.341827392578125,251.125,91360.546875,269.1611328125,284.40875244140625,291.06915283203125,0.0052855312824249,0.0094543807208538,0.0150747541338205,-7.270721435546875,-4.0835723876953125,5.19329833984375,0.173919677734375,-0.7069854736328125,0.8040924072265625
2020-06-25,0,0,295.8533630371094,293.76763916015625,0.887847900390625,-0.8013153076171875,52.5,91192.4375,269.4117431640625,282.8140563964844,291.6065673828125,0.0041399300098419,0.0097937807440757,0.0131341144442558,-8.3775634765625,-3.749603271484375,4.8380889892578125,-6.4065704345703125,2.733993530273437,-2.421234130859375
2020-06-25,6,1,300.8876037597656,294.6340026855469,1.634674072265625,-0.438262939453125,75.125,91111.796875,269.83087158203125,284.205322265625,293.1213684082031,0.00415014103055,0.009448405355215,0.0141855590045452,-9.634674072265623,-4.77313232421875,2.142684936523437,0.8794403076171875,-0.1296844482421875,-0.7319488525390625
2020-06-25,12,2,299.35791015625,294.9867553710937,1.1036376953125,0.747894287109375,109.25,90870.796875,270.49139404296875,284.2260437011719,294.4188842773437,0.004622858017683,0.0103608407080173,0.0141970440745353,-8.610931396484375,-1.5605010986328125,2.767120361328125,1.19781494140625,2.43359375,0.6390533447265625
2020-06-25,18,3,295.2935791015625,294.0560913085937,-0.7174224853515625,1.591094970703125,123.125,91229.15625,269.34014892578125,283.4974365234375,291.3616638183594,0.0054598692804574,0.0103570036590099,0.0150191560387611,-7.1842041015625,-3.806976318359375,3.3976287841796875,0.9222259521484376,0.5821380615234375,1.917510986328125
2020-06-26,0,0,295.50177001953125,293.73944091796875,0.9381561279296876,-0.4036865234375,158.625,91084.078125,269.01043701171875,283.1823425292969,291.7918395996094,0.0049243420362472,0.0106605403125286,0.0146333500742912,-10.219161987304688,-1.640228271484375,5.2980804443359375,0.25457763671875,1.8701629638671875,0.141357421875
2020-06-26,6,1,299.243408203125,295.41925048828125,1.777923583984375,1.34014892578125,399.625,91160.203125,270.4559020996094,283.8609313964844,292.0422668457031,0.0025062893982976,0.0096089243888854,0.0152898505330085,-10.354019165039062,1.7624969482421875,2.42559814453125,5.478363037109375,2.70416259765625,1.839263916015625
2020-06-26,12,2,302.3916015625,294.2833251953125,1.4302825927734375,1.7661895751953125,66.0,90896.703125,270.2899169921875,284.35711669921875,295.0167236328125,0.001523042563349,0.0088256560266017,0.0139123238623142,-9.417861938476562,1.936981201171875,2.404296875,2.315902709960937,2.509857177734375,2.9989776611328125
2020-06-26,18,3,296.56414794921875,294.7130126953125,1.7271728515625,1.07537841796875,75.0,91194.90625,269.1961669921875,283.9253845214844,292.584228515625,0.0017074591014534,0.0092104598879814,0.0138835050165653,-8.700225830078125,-0.5875244140625,5.644683837890625,3.5767059326171875,0.8971710205078125,1.1792144775390625
2020-06-27,0,0,295.35943603515625,293.43603515625,1.33880615234375,0.5137939453125,4.5,91066.796875,269.378173828125,284.5101928710937,292.5736083984375,0.0028576168697327,0.0091376453638076,0.0130710415542125,-5.8307037353515625,-1.807281494140625,6.05133056640625,2.135040283203125,1.2432708740234375,0.5768280029296875
2020-06-27,6,1,299.9020080566406,293.8247375488281,3.940353393554688,1.818389892578125,74.375,91292.734375,269.4688720703125,283.9164123535156,291.6919860839844,0.0032791187986731,0.0091921463608741,0.0146074146032333,-6.351821899414063,-0.941314697265625,6.0751800537109375,-0.7429656982421875,2.426300048828125,2.74139404296875
2020-06-27,12,2,301.21514892578125,295.2176818847656,2.2818756103515625,1.724945068359375,48.625,90970.53125,270.0144958496094,284.95904541015625,294.8298645019531,0.0043404214084148,0.0082565695047378,0.0141729526221752,-5.112960815429688,-0.1422576904296875,3.9090423583984375,-0.3574066162109375,1.0857086181640625,2.689483642578125
2020-06-27,18,3,296.8004150390625,293.86383056640625,2.531829833984375,0.870758056640625,58.125,91283.28125,268.9553527832031,283.876220703125,292.47528076171875,0.0043439976871013,0.0087100453674793,0.0139728114008903,-4.381393432617188,-0.106231689453125,7.7988739013671875,1.8743743896484373,0.7318267822265625,0.709564208984375
2020-06-28,0,0,296.40875244140625,293.85009765625,2.309295654296875,1.0658721923828125,18.25,91135.4375,269.3075561523437,283.51593017578125,290.8472900390625,0.0034802160225808,0.0100414492189884,0.0145967826247215,1.2135772705078125,1.53924560546875,6.091217041015625,5.526702880859375,1.9759979248046875,0.04638671875
2020-06-28,6,1,299.9876403808594,294.8299560546875,1.540618896484375,-1.191131591796875,199.75,91206.46875,269.3948669433594,284.81121826171875,293.1103515625,0.0033588851802051,0.0094095319509506,0.014540608972311,2.937835693359375,3.5839996337890625,2.0378875732421875,3.5909881591796875,0.6162872314453125,-2.0523681640625
2020-06-28,12,2,297.921875,295.3046264648437,2.3272705078125,1.5089111328125,853.75,90976.4375,270.0884704589844,284.501953125,293.5191650390625,0.0043919198215007,0.0104168020188808,0.0143421739339828,1.0528717041015625,2.7663116455078125,5.99066162109375,-0.6434326171875,-1.101806640625,2.098419189453125
2020-06-28,18,3,296.233154296875,294.25994873046875,2.617050170898437,0.60223388671875,300.0,91220.859375,270.036865234375,284.027587890625,292.1434326171875,0.0041599674150347,0.0101915299892425,0.0147096030414104,-0.9883880615234376,2.8943023681640625,7.848541259765625,0.300628662109375,-1.22332763671875,-2.424713134765625
2020-06-29,0,0,295.7928161621094,294.1415405273437,1.877838134765625,0.4249725341796875,3.0,91089.578125,269.598388671875,284.66705322265625,290.634033203125,0.0040037417784333,0.010046187788248,0.0141743123531341,-0.98516845703125,2.3585662841796875,6.012603759765625,0.33966064453125,0.0144805908203125,-3.987594604492188
2020-06-29,6,1,300.53204345703125,293.93316650390625,2.8950958251953125,-0.15875244140625,11.25,91152.4375,270.5282592773437,284.1529541015625,292.1585998535156,0.0037155535537749,0.010231252759695,0.0146671310067176,-1.26959228515625,2.1983642578125,4.2708282470703125,0.9958038330078124,0.7713623046875,-0.6243438720703125
2020-06-29,12,2,300.1771545410156,294.4862060546875,2.1756591796875,0.64349365234375,177.5,90858.734375,270.0782470703125,284.50537109375,294.2924499511719,0.0046940185129642,0.0106413699686527,0.0148466266691684,-0.74542236328125,1.9360198974609373,4.343963623046875,-0.36566162109375,1.3138885498046875,1.087005615234375
2020-06-29,18,3,296.5204467773437,294.2255249023437,2.568588256835937,1.357666015625,159.5,91205.625,269.78729248046875,283.9387512207031,291.7998046875,0.0045797154307365,0.0107002146542072,0.0148917324841022,1.244476318359375,0.852935791015625,8.639724731445312,-0.285125732421875,0.736297607421875,1.040802001953125
2020-06-30,0,0,295.49127197265625,293.71484375,2.843994140625,0.7535552978515625,8.25,91053.671875,269.2530212402344,283.42828369140625,291.495849609375,0.005015343427658,0.0106252543628215,0.0122568570077419,-3.150115966796875,2.5633697509765625,10.817825317382812,2.549041748046875,3.868606567382813,-2.5277557373046875
2020-06-30,6,1,299.4945678710937,292.8416748046875,4.8521728515625,-0.1614837646484375,1.875,91131.5625,270.91241455078125,284.6591796875,292.8397521972656,0.0035180083941668,0.0096439309418201,0.0130605120211839,-3.0102996826171875,5.3802032470703125,8.193511962890625,6.2094573974609375,1.7347869873046875,-0.5583038330078125
2020-06-30,12,2,301.314208984375,294.6637268066406,3.2066192626953125,0.6866302490234375,289.0,90948.9375,269.488037109375,283.6503295898437,293.7143859863281,0.0041059199720621,0.0100644454360008,0.01401923969388,2.34149169921875,6.4376373291015625,7.248245239257812,5.239959716796875,0.1598358154296875,0.3329925537109375
2020-06-30,18,3,296.4652099609375,293.18719482421875,2.82281494140625,0.8283233642578125,12.75,91205.46875,269.6270751953125,283.63897705078125,292.08184814453125,0.0038620745763182,0.0097785927355289,0.0135566927492618,1.837158203125,4.895034790039063,8.913711547851562,5.903976440429688,-0.2833251953125,-0.570587158203125
2020-07-01,0,0,295.02459716796875,293.139892578125,2.7243194580078125,0.807769775390625,0.0,91102.265625,269.24774169921875,283.5900573730469,291.6714782714844,0.003922838717699,0.0102430880069732,0.0125347189605236,5.242706298828125,6.421188354492188,10.347000122070312,5.6836700439453125,-0.974456787109375,-0.6835479736328125
2020-07-01,6,1,300.3897705078125,293.99810791015625,4.079986572265625,1.1014404296875,138.875,91249.421875,268.9873046875,283.40673828125,292.013427734375,0.0049105174839496,0.0094122607260942,0.0143529810011386,8.0069580078125,6.395111083984375,6.456634521484375,0.4909210205078125,-0.35247802734375,1.52923583984375
2020-07-01,12,2,299.86376953125,295.45245361328125,2.7576141357421875,0.657928466796875,245.75,91008.84375,269.3194580078125,284.6015319824219,293.6715087890625,0.0052569434046745,0.008651066571474,0.0137801170349121,6.8932952880859375,11.132858276367188,7.974945068359375,-1.7686614990234375,-1.5744781494140625,0.6439971923828125
2020-07-01,18,3,296.00506591796875,294.61016845703125,3.8774566650390634,0.373382568359375,55.5,91262.21875,269.1874389648437,284.2968139648437,291.7164306640625,0.0053077116608619,0.0088445581495761,0.013487197458744,3.0313873291015625,10.1365966796875,12.54766845703125,-2.209075927734375,-2.671615600585937,-2.167465209960937
2020-07-02,0,0,295.2685852050781,293.8910827636719,3.474945068359375,0.482818603515625,7.625,91063.0625,269.0897827148437,284.6500244140625,290.24578857421875,0.005232136696577,0.0081757046282291,0.0137898065149784,0.0858306884765625,13.43060302734375,12.117828369140623,-2.208969116210937,1.866943359375,-2.3520660400390625
2020-07-02,6,1,298.8392944335937,294.3717346191406,3.7800445556640634,0.9685821533203124,217.5,91234.421875,269.37188720703125,283.66778564453125,291.5123291015625,0.0050502149388194,0.0095786415040493,0.0146064534783363,3.2622833251953125,12.33392333984375,9.759933471679688,0.0597381591796875,-0.377227783203125,-1.11639404296875
2020-07-02,12,2,297.05975341796875,294.5217590332031,4.439910888671875,0.80792236328125,131.0,91012.515625,269.87677001953125,284.40191650390625,291.64337158203125,0.0055642537772655,0.0103850290179252,0.0150449201464653,4.131256103515625,10.098953247070312,11.747482299804688,-3.862152099609375,-4.833831787109375,0.0514373779296875
2020-07-02,18,3,294.69366455078125,293.61871337890625,3.482528686523437,0.8983001708984375,105.625,91257.234375,269.6514892578125,284.09893798828125,291.041015625,0.0055068060755729,0.0097937583923339,0.0150016024708747,0.546539306640625,12.277862548828123,14.403427124023438,-2.07757568359375,-3.846725463867188,-1.4943695068359375
2020-07-03,0,0,295.1932067871094,293.12115478515625,4.5687255859375,1.3084716796875,9.625,91104.4375,268.84893798828125,283.4191589355469,289.80621337890625,0.0053011737763881,0.0084842480719089,0.0138418525457382,-0.316802978515625,10.786651611328123,15.245162963867188,-3.604171752929688,-2.160003662109375,0.2527618408203125
2020-07-03,6,1,298.8500366210937,294.1752319335937,6.24896240234375,-0.2216339111328125,13.0,91158.03125,269.71978759765625,284.15997314453125,292.12896728515625,0.0049870461225509,0.0091306120157241,0.0141150169074535,1.1377716064453125,18.57435607910156,13.231735229492188,-2.003280639648437,-2.12371826171875,-1.7567901611328125
2020-07-03,12,2,296.2216186523437,294.06280517578125,3.968536376953125,0.0906524658203125,422.125,90986.015625,269.80157470703125,283.52703857421875,291.5462646484375,0.0056992433965206,0.0112481005489826,0.015200737863779,6.694137573242188,12.103469848632812,11.161453247070312,-1.29693603515625,-3.20947265625,-0.8123779296875
2020-07-03,18,3,294.2428894042969,293.1129150390625,4.473403930664063,-0.326629638671875,155.625,91252.546875,269.6844787597656,282.9075622558594,290.9630126953125,0.005812395364046,0.0096836574375629,0.0143568590283393,6.90972900390625,16.694305419921875,13.666229248046877,0.1402130126953125,-4.5531158447265625,-2.458526611328125
2020-07-04,0,0,294.96630859375,293.4014892578125,3.4153594970703125,1.3583526611328125,4.75,91011.484375,269.4833679199219,283.8570556640625,290.5748291015625,0.0053412057459354,0.0085216723382473,0.0138167068362236,5.287933349609375,16.294769287109375,13.550277709960938,-1.0163726806640625,-1.5529327392578125,1.1562042236328125
2020-07-04,6,1,298.500732421875,293.84698486328125,5.70355224609375,1.5012359619140625,186.0,91157.578125,269.1831970214844,283.80047607421875,291.6156005859375,0.0056295841932296,0.0090643912553787,0.015029564499855,5.699798583984375,14.357635498046877,14.756805419921877,1.1507720947265625,-0.6612091064453125,1.346893310546875
2020-07-04,12,2,298.32183837890625,295.2762451171875,3.632568359375,2.118270874023437,128.5,90936.875,269.5702514648437,284.21368408203125,291.7894897460937,0.005146749317646,0.0091532170772552,0.0142467245459556,9.647476196289062,12.1307373046875,12.331192016601562,4.87384033203125,-0.2856597900390625,3.0056304931640625
2020-07-04,18,3,295.394287109375,293.7601318359375,3.962066650390625,1.4005279541015625,40.0,91199.96875,269.4240417480469,284.4577331542969,290.6527709960937,0.0047352612018585,0.0078267380595207,0.0145342499017715,9.2164306640625,15.642791748046877,14.483795166015623,6.140396118164063,-2.790863037109375,1.5045166015625
2020-07-05,0,0,295.37237548828125,293.9166259765625,3.5691070556640625,2.0609893798828125,18.0,91026.96875,269.3153686523437,284.3959350585937,290.44146728515625,0.0030115041881799,0.0089373253285884,0.0144974440336227,12.333358764648438,13.038162231445312,13.070770263671877,5.94354248046875,1.4703521728515625,3.5409698486328125
2020-07-05,6,1,298.8070373535156,293.3967590332031,5.7160491943359375,2.1365203857421875,23.0,91140.390625,269.0458068847656,284.21539306640625,291.7586364746094,0.003598720068112,0.0092825926840305,0.0147255212068557,14.930801391601562,12.522689819335938,10.24859619140625,5.9291839599609375,-1.0987701416015625,3.07550048828125
2020-07-05,12,2,298.42803955078125,294.9566650390625,3.475448608398437,0.7749481201171875,88.25,90974.34375,268.67919921875,284.62176513671875,292.279541015625,0.0033121502492576,0.0090784132480621,0.0142825245857238,15.08258056640625,11.583953857421877,11.2314453125,1.487640380859375,-0.3233184814453125,1.8579559326171875
2020-07-05,18,3,295.83404541015625,293.48052978515625,3.751678466796875,1.593719482421875,6.75,91161.03125,269.73876953125,284.282470703125,290.2006225585937,0.0024717231281101,0.0077609047293663,0.0142620988190174,12.878128051757812,11.810760498046877,12.59039306640625,0.6204376220703125,-0.7286376953125,1.5513153076171875
2020-07-06,0,0,295.82818603515625,293.5172424316406,3.442977905273437,1.4329681396484375,5.0,90965.34375,270.3197631835937,284.6839294433594,290.25933837890625,0.0025061436463147,0.0083356238901615,0.0143108926713466,11.08184814453125,12.142654418945312,12.238250732421877,2.2116851806640625,-0.68212890625,0.4352264404296875
2020-07-06,6,1,299.16192626953125,293.474853515625,5.50555419921875,0.7607574462890625,60.625,91156.71875,269.5180053710937,284.16796875,292.00567626953125,0.0027898931875824,0.0090320073068141,0.0148550309240818,10.154312133789062,11.8922119140625,9.682281494140623,0.75830078125,-0.1670684814453125,0.669921875
2020-07-06,12,2,299.2340393066406,294.40484619140625,3.721359252929688,0.6095428466796875,63.5,90991.546875,269.3407897949219,283.8282470703125,293.079345703125,0.0037618642672896,0.0096712633967399,0.0139025263488292,8.238494873046875,11.581161499023438,10.705093383789062,-0.59710693359375,-1.0441741943359375,0.1147003173828125
2020-07-06,18,3,295.595458984375,292.87506103515625,3.105209350585937,1.3398895263671875,0.0,91262.953125,268.811767578125,284.56939697265625,290.46197509765625,0.0035625142045319,0.0076126456260681,0.0137085504829883,6.0800628662109375,10.3192138671875,11.50531005859375,0.3784637451171875,-0.33123779296875,0.8761138916015625
2020-07-07,0,0,295.887939453125,293.3558654785156,2.89459228515625,2.24481201171875,11.25,91114.515625,269.18359375,285.1668395996094,290.3243103027344,0.0037014971021562,0.0072645172476768,0.0143041647970676,4.965850830078125,9.22357177734375,12.186660766601562,-1.3583831787109375,1.4263916015625,2.745574951171875
2020-07-07,6,1,299.6832275390625,293.6039428710937,4.269073486328125,2.6300201416015625,216.5,91317.15625,268.6494140625,283.6019287109375,291.47412109375,0.0049727521836757,0.0097350142896175,0.0148398578166961,3.412078857421875,9.819671630859377,9.748626708984377,-1.3329620361328125,1.180755615234375,5.72686767578125
2020-07-07,12,2,299.4053039550781,294.5940856933594,3.784912109375,0.622894287109375,185.25,91183.984375,269.60504150390625,284.0994567871094,292.2655639648437,0.0050707496702671,0.0090295635163784,0.0146280080080032,0.2302093505859375,8.407684326171875,11.659957885742188,0.96685791015625,-0.0345306396484375,0.1102294921875
2020-07-07,18,3,295.1925048828125,292.87066650390625,3.33966064453125,1.0212860107421875,2.75,91437.046875,269.03546142578125,284.30224609375,290.8221130371094,0.0045235678553581,0.0090879760682582,0.013808362185955,-1.1540985107421875,5.987228393554688,12.314041137695312,1.6984405517578125,0.457977294921875,-1.1008758544921875
2020-07-08,0,0,294.98956298828125,293.1107788085937,2.668701171875,1.04302978515625,31.25,91253.9375,269.924072265625,284.5041809082031,291.26171875,0.0037737602833658,0.0087604448199272,0.0137084648013114,-0.059600830078125,3.78240966796875,11.395553588867188,0.92474365234375,0.919342041015625,-3.017684936523437
2020-07-08,6,1,299.13287353515625,294.2910461425781,4.2925567626953125,0.9603271484375,419.25,91409.1875,268.655517578125,284.1636962890625,291.8888854980469,0.0043649971485137,0.0090786665678024,0.0147698875516653,-1.7259979248046875,2.4141998291015625,7.3093414306640625,-0.4580230712890625,-0.149932861328125,0.3448028564453125
2020-07-08,12,2,298.5873413085937,294.97857666015625,3.135772705078125,0.283447265625,137.75,91200.953125,269.47076416015625,284.67559814453125,291.3600769042969,0.0049641672521829,0.0102468766272068,0.0145123973488807,-0.12261962890625,1.439178466796875,8.468002319335938,-2.32476806640625,0.61358642578125,-1.4244842529296875
2020-07-08,18,3,294.9857788085937,293.6703796386719,2.501983642578125,0.7342987060546875,109.75,91475.875,268.35357666015625,283.5450744628906,290.6219482421875,0.0052221305668354,0.0088625960052013,0.0139642655849456,-0.2274017333984375,8.611831665039062,9.079910278320312,-2.034881591796875,-1.8159637451171875,-3.589584350585937
2020-07-09,0,0,294.96417236328125,293.5004272460937,2.87298583984375,0.5723419189453125,25.5,91185.671875,268.6565246582031,284.31256103515625,290.7248229980469,0.0051427446305751,0.0083811357617378,0.0135650821030139,-2.985092163085937,5.176788330078125,11.227096557617188,-0.984954833984375,-2.5643463134765625,-1.977294921875
2020-07-09,6,1,298.2216186523437,294.19732666015625,3.010711669921875,0.0328826904296875,353.75,91343.484375,268.9744873046875,283.31207275390625,291.2043762207031,0.0043340288102626,0.0087454132735729,0.014686182141304,-4.2292327880859375,3.0818634033203125,5.737564086914063,2.848602294921875,-0.206939697265625,-0.828125
2020-07-09,12,2,298.0928955078125,294.87451171875,2.9037322998046875,0.2645721435546875,251.0,91070.890625,269.2429504394531,283.6542663574219,292.5626220703125,0.0051830001175403,0.0094339698553085,0.0146595947444438,-1.4286346435546875,3.7018890380859375,6.345993041992188,-1.230438232421875,1.6408538818359375,-0.000732421875
2020-07-09,18,3,294.9711608886719,293.60968017578125,2.6886444091796875,-0.18756103515625,11.5,91348.484375,268.97564697265625,282.8771667480469,290.58935546875,0.0051460824906826,0.0100556425750255,0.0136346649378538,-1.223419189453125,5.9093780517578125,10.0179443359375,-1.58770751953125,1.07562255859375,-3.7329254150390634
2020-07-10,0,0,294.29931640625,293.4346618652344,1.80078125,1.9999847412109373,35.375,91286.34375,268.5584716796875,282.4433898925781,289.9587707519531,0.0053426660597324,0.0089984647929668,0.0135137550532817,0.7296600341796875,7.9697113037109375,8.785507202148438,-0.9277801513671876,-3.9696044921875,-1.0294189453125
2020-07-10,6,1,296.5229797363281,294.0081481933594,3.7567138671875,1.36737060546875,109.0,91421.78125,268.5718078613281,283.24688720703125,291.2654113769531,0.0050881393253803,0.008059274405241,0.0133208408951759,0.8311004638671875,4.183258056640625,7.588729858398437,2.13604736328125,1.9777069091796875,1.1219329833984375
2020-07-10,12,2,300.14019775390625,295.1825256347656,3.9019622802734375,-0.60321044921875,120.75,91112.90625,269.1201171875,283.6561279296875,292.2759704589844,0.0046655982732772,0.0081095546483993,0.014604240655899,4.581085205078125,2.725860595703125,7.7985992431640625,3.3701629638671875,0.8010406494140625,-0.8365325927734375
2020-07-10,18,3,295.7094116210937,293.59674072265625,2.4156646728515625,1.091827392578125,84.25,91363.828125,269.6365661621094,283.1849365234375,291.0649719238281,0.0043180137872695,0.008581981062889,0.013460885733366,1.2209014892578125,3.952682495117188,8.402969360351562,2.870468139648437,-0.4137115478515625,0.61956787109375
2020-07-11,0,0,294.9243469238281,292.98712158203125,2.7609405517578125,0.9412841796875,69.5,91251.078125,269.3072204589844,282.5875244140625,289.48516845703125,0.0051056053489446,0.0092276707291603,0.0135307675227522,0.3976593017578125,4.281707763671875,10.764328002929688,2.2945098876953125,-1.357452392578125,-0.6574249267578125
2020-07-11,6,1,298.89111328125,293.8751525878906,3.8225250244140634,0.4525909423828125,144.75,91330.84375,269.75311279296875,283.1624450683594,291.64190673828125,0.0047839451581239,0.0087897032499313,0.0141339935362339,-1.21484375,2.896820068359375,6.2378692626953125,3.5217437744140625,-0.0404510498046875,0.25146484375
2020-07-11,12,2,299.0339050292969,295.1170654296875,3.06793212890625,-0.6598663330078125,73.75,91108.484375,269.52862548828125,283.59014892578125,291.64453125,0.0047565288841724,0.0093935951590538,0.0147178024053573,0.453369140625,3.4678497314453125,6.564849853515625,-0.3447418212890625,1.469482421875,-0.888946533203125
2020-07-11,18,3,295.8236694335937,294.6683349609375,2.1122589111328125,1.3248443603515625,75.0,91344.53125,269.552734375,283.317138671875,291.28814697265625,0.0041139777749776,0.0094465762376785,0.0148112177848815,0.2321014404296875,3.81170654296875,6.81646728515625,0.3467559814453125,-1.7029266357421875,0.3240814208984375
2020-07-12,0,0,294.839111328125,293.55712890625,2.468780517578125,1.1534271240234375,5.25,91246.359375,269.52667236328125,283.4179382324219,291.1358642578125,0.003478551050648,0.0092998873442411,0.0130622796714305,-2.34912109375,2.7565460205078125,7.261367797851562,1.0416259765625,-0.5936279296875,-1.573516845703125
2020-07-12,6,1,300.1795349121094,293.17633056640625,4.044158935546875,0.967987060546875,14.0,91297.015625,269.4312744140625,283.55279541015625,292.23565673828125,0.0034482758492231,0.009235642850399,0.0136251971125602,-4.14398193359375,3.7562255859375,6.686767578125,0.582550048828125,1.450958251953125,1.3444061279296875
2020-07-12,12,2,300.5305480957031,294.9593811035156,3.453964233398437,0.5595703125,214.75,91018.28125,269.385498046875,283.6062316894531,292.7400207519531,0.0031467622611671,0.0092581566423177,0.0146746151149272,-3.3963623046875,5.110443115234375,6.5268096923828125,0.397705078125,5.1358795166015625,1.6024322509765625
2020-07-12,18,3,296.1304931640625,293.8080444335937,2.179656982421875,0.1750030517578125,6.25,91310.3125,268.8746643066406,284.12164306640625,291.50567626953125,0.0028940711636096,0.0095091871917247,0.0128494501113891,-1.225860595703125,5.865203857421875,8.890945434570312,2.14093017578125,-2.6035919189453125,-5.060348510742188
2020-07-13,0,0,294.68798828125,293.0695495605469,2.541900634765625,-0.0539703369140625,4.25,91166.015625,268.8807373046875,283.3137512207031,290.6842346191406,0.0033511372748762,0.0101815462112426,0.0129778534173965,1.8658599853515625,2.38079833984375,8.068405151367188,0.0290374755859375,0.0159912109375,-4.6886138916015625
2020-07-13,6,1,299.0583190917969,293.5889892578125,3.820510864257813,-0.502197265625,0.25,91227.203125,269.2322692871094,283.29638671875,291.6153564453125,0.0031297840178012,0.0097582833841443,0.0134667046368122,0.7740478515625,2.64459228515625,6.2021026611328125,-1.3951263427734375,-0.825592041015625,-1.2456207275390625
2020-07-13,12,2,299.7353210449219,294.96044921875,2.6522979736328125,0.86541748046875,5.25,90985.25,269.8101806640625,283.8654479980469,292.1618347167969,0.0029890635050833,0.0102053321897983,0.0143120847642421,0.717193603515625,4.135421752929688,5.746856689453125,-5.81915283203125,1.1889495849609375,-0.0240020751953125
2020-07-13,18,3,295.93585205078125,293.83477783203125,3.7179107666015625,0.2262420654296875,8.25,91214.65625,269.327880859375,283.8338623046875,290.73992919921875,0.0036840755492448,0.0105180256068706,0.014247428625822,-2.633697509765625,6.1290283203125,11.563919067382812,-3.494415283203125,-2.608856201171875,-2.746917724609375
2020-07-14,0,0,295.2950134277344,293.95587158203125,2.650375366210937,0.8125762939453125,51.25,91138.890625,268.7005615234375,282.7989501953125,290.6132202148437,0.0042390124872326,0.0106208398938179,0.0145863220095634,-0.5707244873046875,11.176498413085938,10.217147827148438,0.049896240234375,-0.4052886962890625,-1.923309326171875
2020-07-14,6,1,298.8983764648437,293.8724975585937,4.6956329345703125,-0.7330474853515625,66.5,91231.984375,268.7544250488281,283.5081481933594,290.9337463378906,0.0044856518507003,0.0101276971399784,0.0139313973486423,2.256866455078125,12.479171752929688,8.808197021484375,-0.5071258544921875,-2.21917724609375,-2.604644775390625
2020-07-14,12,2,298.2707824707031,295.4654846191406,2.4185791015625,-0.015289306640625,259.0,90990.78125,269.078857421875,284.43115234375,292.90411376953125,0.0044188722968101,0.0088114626705646,0.014469351619482,5.7603912353515625,12.895339965820312,7.28173828125,0.33563232421875,-0.3632354736328125,-0.41558837890625
2020-07-14,18,3,295.56787109375,293.82568359375,2.4963836669921875,0.931671142578125,145.25,91217.671875,268.8650207519531,283.97271728515625,290.6795349121094,0.0054238177835941,0.0090541280806064,0.0148172713816165,6.2154083251953125,11.835906982421877,9.52362060546875,-1.9998626708984373,-1.125152587890625,-1.9201202392578125
2020-07-15,0,0,295.3681030273437,293.79345703125,2.877304077148437,1.1190338134765625,122.875,91036.015625,269.7096862792969,283.9627990722656,290.367919921875,0.0055218562483787,0.0092749819159507,0.0143401408568024,5.9112396240234375,11.26751708984375,10.439697265625,3.333160400390625,-1.9954986572265625,-3.0824737548828125
2020-07-15,6,1,298.6939697265625,294.4042663574219,5.1744384765625,0.94775390625,111.375,91143.78125,269.5696105957031,283.4774475097656,291.6661071777344,0.0050430838018655,0.0102316103875637,0.0140442252159118,11.502731323242188,12.358154296875,8.997161865234375,5.111663818359375,-1.135711669921875,0.6470184326171875
2020-07-15,12,2,295.712646484375,294.18310546875,4.2637939453125,1.5990753173828125,109.25,91002.953125,269.84912109375,283.8438720703125,291.3032531738281,0.0058513190597295,0.0106932260096073,0.0147308968007564,7.618408203125,15.462509155273438,13.152206420898438,-0.0681304931640625,1.3458099365234375,3.354644775390625
2020-07-15,18,3,294.033935546875,293.3093566894531,4.327880859375,2.053741455078125,116.875,91177.109375,270.0530090332031,283.58575439453125,290.94293212890625,0.0058229342103004,0.0097232796251773,0.0149202495813369,12.344497680664062,14.898544311523438,14.966217041015623,-5.6942138671875,2.728515625,2.4268798828125
2020-07-16,0,0,294.96337890625,293.81622314453125,3.107528686523437,1.346710205078125,6.75,90970.25,269.18609619140625,283.5213317871094,290.463134765625,0.0045320317149162,0.008768506348133,0.0144416503608226,15.874649047851562,15.344573974609377,12.171310424804688,4.7431182861328125,-0.87646484375,0.7178802490234375
2020-07-16,6,1,297.2626953125,295.2113037109375,4.708953857421875,2.423248291015625,279.625,91108.515625,269.1107788085937,283.4001770019531,291.5966186523437,0.004841960966587,0.0100404433906078,0.0137620046734809,12.982528686523438,15.017547607421877,12.1224365234375,2.387069702148437,-0.4547119140625,1.92889404296875
2020-07-16,12,2,295.8744201660156,294.03094482421875,4.3104400634765625,1.21240234375,123.0,90900.296875,269.6049194335937,283.89410400390625,291.08203125,0.0052926950156688,0.0097179748117923,0.0145567692816257,12.095062255859377,14.940277099609377,13.566787719726562,0.0264892578125,-1.8712921142578125,1.1879119873046875
2020-07-16,18,3,294.72174072265625,293.33123779296875,3.413726806640625,1.78662109375,19.5,91115.8125,269.4649658203125,284.36920166015625,290.9950256347656,0.0054064728319644,0.0095049105584621,0.0145303942263126,11.144317626953123,15.147811889648438,14.092498779296877,0.817718505859375,-2.855224609375,0.244384765625
2020-07-17,0,0,295.0517578125,293.47735595703125,3.6494293212890634,2.06744384765625,17.75,90993.390625,269.5497436523437,284.95269775390625,290.4056396484375,0.0056947153061628,0.0096765235066413,0.0141010247170925,4.9876251220703125,10.689483642578123,14.351348876953123,0.1868896484375,-1.9315643310546875,2.38531494140625
2020-07-17,6,1,298.1361083984375,294.2865905761719,6.697845458984375,1.8833465576171875,99.25,91159.484375,268.7132568359375,284.13092041015625,291.3319091796875,0.0045626834034919,0.0101504400372505,0.0143097192049026,6.885650634765625,9.725372314453123,13.370941162109377,-3.7553558349609375,1.1378326416015625,1.2293853759765625
2020-07-17,12,2,297.2417297363281,294.672119140625,3.875930786132813,1.8048248291015625,64.75,90987.40625,269.3842163085937,284.8573913574219,291.21514892578125,0.0055137500166893,0.0095257498323917,0.013974018394947,2.59515380859375,14.52008056640625,13.317184448242188,1.63787841796875,-0.569580078125,2.9470672607421875
2020-07-17,18,3,294.86346435546875,293.5198974609375,3.8265228271484375,1.3900146484375,71.25,91196.5625,268.903564453125,284.9953308105469,290.91094970703125,0.0054653249680995,0.0079179033637046,0.0146170705556869,0.318695068359375,10.002975463867188,15.624984741210938,4.864105224609375,1.8629150390625,1.01788330078125
2020-07-18,0,0,295.2308959960937,293.2944641113281,1.7882232666015625,1.342193603515625,1.25,91066.09375,269.0478210449219,285.17022705078125,290.2313232421875,0.0053089074790477,0.0077461823821067,0.0138357281684875,2.386627197265625,5.29425048828125,11.348129272460938,6.824478149414063,-0.686981201171875,0.0350189208984375
2020-07-18,6,1,299.17822265625,293.6325988769531,3.8082427978515625,0.5414276123046875,62.25,91291.984375,269.338134765625,283.61431884765625,291.8368530273437,0.0047517158091068,0.0089419782161712,0.0140214301645755,4.4522247314453125,1.487396240234375,7.237274169921875,3.71246337890625,0.523040771484375,-0.2456207275390625
2020-07-18,12,2,298.15338134765625,294.987548828125,2.4753570556640625,0.94232177734375,35.0,91104.890625,269.7130126953125,284.1830444335937,292.017822265625,0.0047649070620536,0.0098182596266269,0.0143830627202987,1.1019287109375,0.8799896240234375,5.58551025390625,0.4307098388671875,0.6527252197265625,1.649749755859375
2020-07-18,18,3,295.04376220703125,294.02593994140625,2.253082275390625,0.3302459716796875,23.0,91365.71875,269.343994140625,283.645751953125,290.75543212890625,0.0045793876051902,0.0099227242171764,0.0145249180495738,0.032623291015625,-0.615142822265625,7.105636596679688,0.8873291015625,0.3893585205078125,-2.72369384765625
2020-07-19,0,0,295.51593017578125,293.9213256835937,2.1256256103515625,-0.07171630859375,47.5,91247.125,269.28582763671875,283.8914489746094,291.0288391113281,0.0041558649390935,0.0094163175672292,0.0143853276968002,-3.801345825195313,-0.960174560546875,6.976852416992188,0.5782012939453125,1.736846923828125,-3.7540130615234375
2020-07-19,6,1,300.4847412109375,295.3870849609375,1.84039306640625,0.2084808349609375,898.75,91346.40625,269.51531982421875,283.24530029296875,291.1806335449219,0.0038811112754046,0.0099428817629814,0.014806855469942,-3.2127838134765625,-1.9399566650390625,3.256500244140625,0.891815185546875,1.84228515625,-1.452972412109375
2020-07-19,12,2,300.060546875,294.590576171875,1.099700927734375,0.689910888671875,469.25,90995.671875,270.203857421875,284.0821533203125,293.31671142578125,0.0045472830533981,0.0103364521637558,0.0151061750948429,-3.778076171875,1.3369140625,1.9181060791015625,-0.4856719970703125,4.660446166992188,1.0702056884765625
2020-07-19,18,3,296.18328857421875,294.8602905273437,0.595794677734375,0.28680419921875,324.5,91322.703125,269.349365234375,283.71337890625,291.366943359375,0.005176592618227,0.0104287900030612,0.0149865187704563,-3.3625030517578125,0.3294830322265625,1.9731597900390625,2.229583740234375,3.1380615234375,1.364654541015625
2020-07-20,0,0,295.6487121582031,294.1852111816406,0.08367919921875,1.0121917724609375,53.0,91158.9375,268.98309326171875,283.77740478515625,290.9315185546875,0.004837043583393,0.0091800317168235,0.0149021400138735,-4.753692626953125,0.196685791015625,0.778564453125,0.5625762939453125,3.81524658203125,3.7493743896484375
2020-07-20,6,1,300.4821472167969,294.747314453125,0.102264404296875,3.189437866210937,83.75,91213.625,268.56915283203125,284.4310913085937,292.5105895996094,0.004473727196455,0.0089920973405241,0.0143425874412059,-3.30181884765625,-0.9298095703125,-0.2138519287109375,2.09075927734375,5.569259643554688,4.9575042724609375
2020-07-20,12,2,299.2025756835937,294.578125,-0.021453857421875,2.2418670654296875,403.5,90928.25,269.6864624023437,284.1800842285156,292.8592834472656,0.0048616379499435,0.009358424693346,0.0156883411109447,-4.7427825927734375,0.4725189208984375,0.5695953369140625,2.6394500732421875,5.860626220703125,4.123321533203125
2020-07-20,18,3,294.88739013671875,293.81005859375,0.98968505859375,1.1345672607421875,177.25,91327.15625,268.2160949707031,284.2361145019531,291.4883728027344,0.0047869784757494,0.0091936793178319,0.0139134600758552,-4.3383331298828125,0.5440521240234375,6.0941925048828125,4.823577880859375,4.276947021484375,3.387603759765625
2020-07-21,0,0,294.726318359375,293.1175842285156,0.16436767578125,0.779632568359375,148.25,91146.25,268.642333984375,283.0145263671875,292.80780029296875,0.0046199914067983,0.0089389728382229,0.0142213031649589,-6.5428314208984375,-0.1388092041015625,2.4791412353515625,7.893142700195312,8.138992309570312,4.7271728515625
2020-07-21,6,1,300.32977294921875,293.7794189453125,3.4051666259765625,1.965301513671875,38.875,91308.28125,269.25750732421875,284.1388854980469,292.0497436523437,0.0037751519121229,0.0080722495913505,0.013888593763113,-5.237319946289063,2.317840576171875,5.373321533203125,6.843719482421875,8.340301513671875,2.633453369140625
2020-07-21,12,2,302.8965759277344,294.3981628417969,1.66845703125,1.6430816650390625,11.0,91030.1875,269.263427734375,284.6305847167969,294.55157470703125,0.0031323691364377,0.0074531808495521,0.0134792700409889,-4.704742431640625,0.989837646484375,3.1383056640625,3.047882080078125,3.763458251953125,2.5632781982421875
2020-07-21,18,3,296.6910400390625,294.2488708496094,-0.8942413330078125,1.60888671875,61.75,91334.453125,268.90679931640625,284.0015869140625,293.89727783203125,0.0021555705461651,0.0084624290466308,0.0135194920003414,-6.7282257080078125,-1.0600128173828125,-1.0647735595703125,3.28216552734375,2.38629150390625,3.3418731689453125
2020-07-22,0,0,296.16455078125,294.0693359375,-0.5267791748046875,1.4469146728515625,108.75,91238.5625,269.27001953125,283.7860717773437,291.43731689453125,0.0017780163325369,0.0085894726216793,0.01462859287858,-5.760833740234375,-6.4664154052734375,-1.1711578369140625,1.5164337158203125,4.742645263671875,6.3140411376953125
2020-07-22,6,1,301.9183654785156,294.7508544921875,-1.2570037841796875,1.9051055908203125,145.25,91339.984375,268.61016845703125,285.33599853515625,293.8009033203125,0.0019929506815969,0.0070610269904136,0.0140400119125843,-7.832626342773437,-6.811569213867188,-2.0618896484375,1.4114990234375,5.340835571289063,2.5877685546875
2020-07-22,12,2,302.63751220703125,295.0321044921875,-1.1006011962890625,2.15386962890625,160.75,91005.203125,269.51953125,284.6831970214844,295.0680847167969,0.0025053597055375,0.0077749453485012,0.0139988884329795,-6.60369873046875,-3.218841552734375,-2.530990600585937,0.3950653076171875,4.1463623046875,4.513473510742188
2020-07-22,18,3,297.5055236816406,294.95318603515625,1.8833465576171875,-0.44219970703125,70.0,91313.796875,269.0789794921875,284.77862548828125,292.200927734375,0.0026395614258944,0.006700050085783,0.0147269554436206,-7.29840087890625,-4.7601470947265625,3.4987030029296875,1.20941162109375,4.7589263916015625,2.9223785400390625
2020-07-23,0,0,296.24462890625,294.51904296875,1.093353271484375,0.0136871337890625,126.0,91178.40625,268.7265014648437,283.72344970703125,291.2837219238281,0.0025010672397911,0.0077296532690525,0.0147630497813224,-4.7122802734375,-3.544052124023437,3.048858642578125,4.616058349609375,4.10052490234375,0.076019287109375
2020-07-23,6,1,301.1907958984375,294.5389404296875,1.005950927734375,0.645263671875,140.25,91274.5625,268.06024169921875,284.4208374023437,292.83868408203125,0.0026851526927202,0.0072481893002986,0.0139881074428558,-2.9251861572265625,-0.1468353271484375,1.011474609375,4.14019775390625,3.872726440429688,0.621124267578125
2020-07-23,12,2,301.21160888671875,295.2996826171875,-0.1418609619140625,-1.0854034423828125,282.25,90991.546875,270.08966064453125,283.80328369140625,293.71490478515625,0.0033504995517432,0.0099062137305736,0.0146786831319332,-0.55902099609375,0.3696136474609375,-0.1028289794921875,2.2030792236328125,1.0459136962890625,-1.23016357421875
2020-07-23,18,3,295.486328125,294.1855773925781,1.2602691650390625,1.0823211669921875,401.5,91350.703125,268.2171630859375,284.375,291.3337707519531,0.0048808082938194,0.0091148391366004,0.014993380755186,-0.6448211669921875,3.109115600585937,2.847991943359375,3.1112823486328125,3.09332275390625,2.4461669921875
2020-07-24,0,0,295.5280456542969,293.59197998046875,2.2698974609375,1.869140625,138.0,91296.84375,268.900390625,283.1192626953125,290.6799011230469,0.0054369419813156,0.0094718895852565,0.0140435583889484,2.8774871826171875,1.0727691650390625,7.718780517578125,-1.4756622314453125,5.2119903564453125,5.022964477539063
2020-07-24,6,1,296.8916015625,295.02911376953125,3.6191253662109375,2.65496826171875,157.5,91371.46875,269.11444091796875,283.2455139160156,291.17095947265625,0.004633679986,0.0078209117054939,0.0137959271669387,-2.586517333984375,2.7023468017578125,6.771987915039063,4.4420013427734375,1.46240234375,4.0799713134765625
2020-07-24,12,2,299.7211303710937,293.1929931640625,1.901702880859375,2.32818603515625,54.75,91089.84375,269.89617919921875,284.06842041015625,292.5816650390625,0.0030872370116412,0.0084422752261161,0.0142836831510066,-0.8713836669921875,2.642486572265625,3.688873291015625,3.791107177734375,2.743927001953125,4.9603271484375
2020-07-24,18,3,296.359130859375,293.1593017578125,2.4019927978515625,1.659912109375,24.75,91412.609375,268.88726806640625,283.30712890625,290.9555053710937,0.0036907696630805,0.0085547044873237,0.0138107426464557,-2.1089630126953125,2.52691650390625,7.31378173828125,4.6945648193359375,3.241180419921875,4.401412963867188
2020-07-25,0,0,294.8658142089844,292.6478881835937,2.5335845947265625,0.860107421875,0.0,91324.21875,268.0125732421875,283.58404541015625,290.83892822265625,0.0035973701160401,0.0088651422411203,0.0127283632755279,-3.2743377685546875,3.673583984375,11.208526611328123,3.7919921875,5.2076416015625,6.115814208984375
2020-07-25,6,1,299.760009765625,293.3904724121094,4.12860107421875,1.4897613525390625,150.375,91479.046875,267.97418212890625,282.91571044921875,291.35113525390625,0.0038235960528254,0.0088503435254096,0.0135331526398658,-5.7479248046875,4.765426635742188,7.20172119140625,6.191177368164063,5.321929931640625,2.3474578857421875
2020-07-25,12,2,299.15740966796875,294.33233642578125,3.1632537841796875,1.659454345703125,487.5,91245.5625,268.8734741210937,283.0777282714844,292.5540771484375,0.0041785687208175,0.009414616972208,0.0145595744252204,-1.606689453125,6.195098876953125,6.102752685546875,4.205780029296875,2.7476806640625,2.7224884033203125
2020-07-25,18,3,294.7645874023437,292.93048095703125,2.592529296875,1.311370849609375,352.0,91628.625,267.72198486328125,282.42120361328125,290.7623291015625,0.004833847284317,0.0095431096851825,0.0132296495139598,-0.08111572265625,5.432220458984375,9.339889526367188,2.234954833984375,-0.2788238525390625,1.922698974609375
2020-07-26,0,0,294.7981872558594,293.1616516113281,2.97332763671875,1.1171417236328125,22.25,91422.28125,268.1016540527344,283.6035461425781,291.0791015625,0.0045724101364612,0.0086673870682716,0.0117292143404483,-0.9935760498046876,4.649139404296875,11.444259643554688,2.5060577392578125,-0.4440155029296875,2.7800445556640625
2020-07-26,6,1,299.1568603515625,292.95343017578125,4.568634033203125,0.3002471923828125,137.625,91595.15625,267.89923095703125,283.55584716796875,291.7972412109375,0.0044608600437641,0.007966186851263,0.0132025675848126,1.6679229736328125,6.5963897705078125,7.5383453369140625,4.641281127929688,-4.1053619384765625,-0.0145416259765625
2020-07-26,12,2,299.8951110839844,294.006103515625,2.97174072265625,0.0166778564453125,146.5,91341.265625,268.69061279296875,283.35565185546875,292.77325439453125,0.0040230527520179,0.0082968398928642,0.0133765153586864,1.572998046875,7.783111572265625,6.3025970458984375,0.355133056640625,-4.650115966796875,-0.8756561279296875
2020-07-26,18,3,295.7991943359375,293.55615234375,2.509735107421875,0.738037109375,9.25,91588.265625,268.36376953125,283.28961181640625,291.50262451171875,0.0040057450532913,0.0083614811301231,0.0130728147923946,-0.000762939453125,7.429122924804687,7.839691162109375,-2.504486083984375,-4.7009124755859375,-0.350189208984375
2020-07-27,0,0,294.52020263671875,292.89892578125,2.8329010009765625,-0.1964569091796875,0.0,91464.6875,267.7298583984375,283.10906982421875,291.140380859375,0.0042743124067783,0.0079259499907493,0.0122853815555572,-2.13800048828125,6.2677001953125,11.17578125,-3.8757476806640634,-3.718780517578125,-2.20086669921875
2020-07-27,6,1,299.87994384765625,293.5853271484375,4.42376708984375,-1.1010284423828125,22.75,91514.90625,268.5614013671875,283.063232421875,291.6317749023437,0.003677872242406,0.0077490471303462,0.0129027403891086,-5.1868438720703125,5.815597534179688,7.587921142578125,-4.580657958984375,-4.74066162109375,-2.8807830810546875
2020-07-27,12,2,299.03533935546875,294.6320495605469,4.016372680664063,-1.6298370361328125,86.0,91219.875,268.9067687988281,283.0909423828125,292.05841064453125,0.0033929871860891,0.009236205369234,0.0137058682739734,-4.516281127929688,5.505340576171875,8.657562255859375,-3.53070068359375,-5.5397796630859375,-4.30096435546875
2020-07-27,18,3,295.1163330078125,294.06854248046875,2.649627685546875,-0.356201171875,49.0,91456.84375,267.7731018066406,283.51226806640625,291.06854248046875,0.0033375259954482,0.0088243335485458,0.0134400911629199,-3.36138916015625,2.5071258544921875,9.298431396484377,-2.6780548095703125,-6.684417724609375,-3.8803558349609375
2020-07-28,0,0,294.9295654296875,293.21728515625,3.1043243408203125,-1.2825775146484375,1.75,91272.703125,268.3450927734375,282.8069763183594,290.3685913085937,0.0028199185617268,0.0096858516335487,0.0130953304469585,-4.5503692626953125,1.0321197509765625,9.956161499023438,-3.800491333007813,-4.908050537109375,-6.8719482421875
2020-07-28,6,1,299.254150390625,293.72967529296875,3.0709381103515625,-2.479248046875,53.75,91324.59375,268.32928466796875,283.15704345703125,291.7025146484375,0.002673169830814,0.009734384715557,0.0137059614062309,-4.744354248046875,-0.571502685546875,4.7970733642578125,-2.4319000244140625,-3.6551361083984375,-4.460128784179688
2020-07-28,12,2,300.20391845703125,294.6845092773437,2.334320068359375,-1.3509979248046875,215.75,91007.125,268.8744506835937,283.74420166015625,293.1644287109375,0.0028658357914537,0.0088222660124301,0.0144153125584125,-4.7071533203125,1.0657958984375,4.399932861328125,-2.313949584960937,-2.620849609375,-4.15093994140625
2020-07-28,18,3,296.5491943359375,294.51678466796875,2.708343505859375,-0.557586669921875,69.5,91243.421875,268.6014404296875,283.30029296875,290.7645263671875,0.003566542873159,0.0095757059752941,0.014363769441843,-4.5643157958984375,0.7128753662109375,5.928268432617188,-3.375228881835937,-3.814453125,-3.8383941650390634
2020-07-29,0,0,295.29864501953125,294.0400390625,2.30413818359375,-0.5797576904296875,47.0,91090.59375,268.7750244140625,282.97576904296875,291.47900390625,0.0043243989348411,0.010545190423727,0.0140818171203136,-6.8014984130859375,0.03253173828125,5.4016876220703125,-2.1893310546875,-3.693893432617188,-4.863937377929688
2020-07-29,6,1,297.09423828125,295.3674011230469,2.70184326171875,0.490203857421875,25.0,91187.25,269.0545654296875,283.37548828125,290.7493896484375,0.0047515034675598,0.0106923170387744,0.0144537724554538,-8.837478637695312,-0.69219970703125,5.094406127929688,-1.6272430419921875,-2.010971069335937,-1.627410888671875
2020-07-29,12,2,296.873046875,294.46502685546875,2.0823516845703125,0.839508056640625,121.5,91015.5,269.5263671875,283.7218933105469,292.4485168457031,0.0049675293266773,0.0106483995914459,0.0139371417462825,-5.099380493164063,0.37127685546875,5.242828369140625,1.876953125,1.6038818359375,0.931976318359375
2020-07-29,18,3,295.0252685546875,293.8920593261719,2.2281036376953125,1.371337890625,143.0,91255.21875,269.27978515625,283.4786376953125,290.50347900390625,0.0055059678852558,0.0105183459818363,0.014360761269927,0.0615386962890625,1.5841827392578125,7.28546142578125,-0.54638671875,4.733612060546875,-1.37725830078125
2020-07-30,0,0,294.9344177246094,293.55908203125,2.3835906982421875,1.640625,8.5,91142.921875,269.2410583496094,283.6859130859375,290.1972045898437,0.0051907636225223,0.0090463906526565,0.0142291411757469,0.5354461669921875,2.6329345703125,6.9442291259765625,0.252655029296875,6.44036865234375,2.19024658203125
2020-07-30,6,1,297.0380859375,293.97216796875,5.1772308349609375,0.107879638671875,10.75,91187.4375,270.0216064453125,284.3713684082031,291.642333984375,0.0045292824506759,0.0088820345699787,0.0139832738786935,-1.783966064453125,7.958404541015625,8.545013427734375,1.3260345458984375,3.025741577148437,-0.8426513671875
2020-07-30,12,2,300.85723876953125,294.2293701171875,3.120956420898437,-0.19879150390625,14.5,90967.703125,269.5750732421875,284.43878173828125,292.91876220703125,0.0048621259629726,0.0089995674788951,0.0142188165336847,-1.029876708984375,5.82763671875,6.2304229736328125,1.441619873046875,1.64306640625,-0.9208984375
2020-07-30,18,3,296.1095275878906,293.6317138671875,2.5912628173828125,0.8299102783203125,4.5,91242.96875,270.040283203125,283.31842041015625,291.596435546875,0.0044572912156581,0.0104929395020008,0.014098634943366,0.9461212158203124,3.0359039306640625,5.841033935546875,4.7557373046875,0.8957366943359375,0.5069122314453125
2020-07-31,0,0,295.585693359375,293.77203369140625,2.155731201171875,1.2382354736328125,0.5,91098.4375,270.75030517578125,283.5809326171875,291.3329162597656,0.0046111643314361,0.0103854276239871,0.0139217898249626,-2.282958984375,2.139755249023437,5.821075439453125,0.61895751953125,2.2518463134765625,1.462493896484375
2020-07-31,6,1,300.27130126953125,293.98736572265625,3.849090576171875,1.75665283203125,15.75,91206.25,270.37255859375,283.90252685546875,291.63543701171875,0.0045027993619441,0.0102883987128734,0.0144297182559967,-2.9196014404296875,3.073883056640625,5.704925537109375,2.082977294921875,2.5131072998046875,2.182098388671875
2020-07-31,12,2,299.1078796386719,295.2421569824219,2.678009033203125,1.148834228515625,217.0,90960.5625,269.4483337402344,284.423095703125,292.4368896484375,0.0048580430448055,0.0104292947798967,0.0153442546725273,-0.6616973876953125,4.6105804443359375,6.9141845703125,2.50634765625,2.520172119140625,1.8677978515625
2020-07-31,18,3,295.0672302246094,293.9530639648437,2.8743896484375,-0.0113525390625,51.25,91249.421875,269.90069580078125,284.4432373046875,291.1190185546875,0.0042868442833423,0.0099664032459259,0.0139525011181831,-0.7862091064453125,6.69354248046875,9.566497802734377,1.9797210693359373,-1.085845947265625,-2.7799835205078125
2020-08-01,0,0,294.78179931640625,293.4561767578125,3.116790771484375,0.7366485595703125,22.75,91164.15625,269.34625244140625,283.4762878417969,290.0889892578125,0.0048729516565799,0.0104390196502208,0.0133546069264411,1.6865081787109375,6.16033935546875,10.587997436523438,0.020233154296875,2.692718505859375,-1.299346923828125
2020-08-01,6,1,298.60943603515625,293.2589416503906,4.674713134765625,1.409881591796875,13.5,91265.90625,269.19927978515625,283.7379455566406,291.80548095703125,0.0048573277890682,0.0098413899540901,0.0138595160096883,-0.6797027587890625,9.919281005859377,7.203948974609375,1.6312103271484375,2.929962158203125,1.917999267578125
2020-08-01,12,2,298.9372863769531,294.38531494140625,3.72088623046875,1.7717437744140625,60.5,91038.8125,269.5205078125,284.19970703125,292.2330322265625,0.0053177326917648,0.0084031336009502,0.0142228659242391,0.9345703125,6.3662872314453125,8.946258544921875,2.3240203857421875,3.13604736328125,2.772933959960937
2020-08-01,18,3,295.12548828125,293.36309814453125,3.254364013671875,1.6710205078125,15.0,91336.046875,269.963134765625,283.7152099609375,290.21441650390625,0.0050313733518123,0.0095722042024135,0.0140562653541564,0.3329620361328125,10.631149291992188,11.047012329101562,1.907379150390625,-0.4599609375,1.71630859375
2020-08-02,0,0,294.89453125,293.4073486328125,3.401351928710937,2.555450439453125,101.75,91211.671875,269.4410400390625,283.2560119628906,290.7222900390625,0.0046719908714294,0.0096005909144878,0.0145654119551181,3.7114410400390634,14.913436889648438,12.371780395507812,-1.1962890625,0.671142578125,4.69677734375
2020-08-02,6,1,300.1536865234375,294.9400634765625,6.555023193359375,2.2094879150390625,30.5,91254.625,269.7621459960937,284.4990539550781,290.81561279296875,0.0046847239136695,0.0089009888470172,0.0142240487039089,3.661651611328125,14.110595703125,11.422332763671877,-1.27642822265625,-0.618133544921875,2.5701904296875
2020-08-02,12,2,298.1430053710937,294.195556640625,5.430572509765625,2.08349609375,70.5,91036.65625,269.7086181640625,283.74285888671875,291.28973388671875,0.0055877156555652,0.0106759034097194,0.0145955979824066,6.515350341796875,15.398391723632812,16.218826293945312,-0.45068359375,3.935516357421875,4.146331787109375
2020-08-02,18,3,294.16864013671875,293.4315795898437,4.896209716796875,1.7090911865234375,110.75,91246.453125,268.82391357421875,284.3258361816406,290.6651916503906,0.0053607784211635,0.0078881867229938,0.0145531333982944,14.976547241210938,22.026657104492188,17.392059326171875,-3.781494140625,1.35498046875,2.149871826171875
2020-08-03,0,0,295.19647216796875,293.52862548828125,4.4147491455078125,1.82666015625,37.75,91055.609375,269.57232666015625,284.98602294921875,290.44744873046875,0.0048297978937625,0.0070949830114841,0.014434166252613,13.1097412109375,21.71673583984375,15.256515502929688,-2.3465728759765625,-1.9512481689453125,2.3219146728515625
2020-08-03,6,1,298.1112060546875,294.9798583984375,7.9575347900390625,1.0601654052734375,261.75,91158.015625,268.59051513671875,284.66064453125,291.5228881835937,0.0047471486032009,0.0077316798269748,0.014723002910614,14.101089477539062,21.979156494140625,17.283554077148438,-0.99224853515625,1.024169921875,0.549896240234375
2020-08-03,12,2,297.5696716308594,295.06524658203125,5.346847534179688,1.5726776123046875,132.25,90897.28125,269.63824462890625,284.0556030273437,291.49053955078125,0.0051944106817245,0.0095065832138061,0.0147340185940265,13.481948852539062,19.555404663085938,15.359619140625,-1.3543701171875,-0.7471466064453125,1.968414306640625
2020-08-03,18,3,294.66119384765625,293.8910827636719,5.2749786376953125,1.2427520751953125,161.75,91154.640625,269.18524169921875,282.96209716796875,290.4962158203125,0.0055169081315398,0.0089102014899253,0.0145792067050933,16.801361083984375,18.77818298339844,17.1474609375,-1.0031585693359375,-1.173675537109375,0.803009033203125
2020-08-04,0,0,295.08453369140625,293.32861328125,5.707199096679688,1.4230499267578125,76.25,90926.421875,269.5743408203125,283.1407470703125,290.55230712890625,0.005082007497549,0.0086885020136833,0.0140159782022237,12.996719360351562,23.176498413085938,18.585174560546875,-2.866912841796875,-0.2309417724609375,1.8406982421875
2020-08-04,6,1,298.608642578125,293.6826477050781,8.78619384765625,1.2476043701171875,64.75,91000.734375,269.3226928710937,283.06109619140625,291.3666381835937,0.0053177140653133,0.0094600804150104,0.0139017328619956,15.380966186523438,23.57173156738281,21.04925537109375,-3.105560302734375,-0.240081787109375,1.5815582275390625
2020-08-04,12,2,296.7833251953125,293.1058349609375,6.4693145751953125,1.6341094970703125,35.5,90787.46875,269.57891845703125,283.015625,291.0129699707031,0.0052440501749515,0.0090200118720531,0.0136357471346855,15.807235717773438,24.991958618164062,18.134490966796875,-3.8386077880859375,-2.206573486328125,2.6286773681640625
2020-08-04,18,3,294.6590576171875,292.6737670898437,5.608566284179688,2.2330474853515625,2.0,90932.46875,270.12994384765625,283.38067626953125,289.8178405761719,0.0053761005401611,0.0095102041959762,0.0137399770319461,19.544021606445312,25.019989013671875,18.76177978515625,-3.843414306640625,-1.0330810546875,4.0619049072265625
2020-08-05,0,0,294.8410949707031,292.87469482421875,6.376373291015625,2.83221435546875,18.75,90714.859375,269.3465576171875,283.1920166015625,290.1504211425781,0.0054874699562788,0.0102474950253963,0.014227345585823,19.815841674804688,27.07089233398437,19.76239013671875,-2.622528076171875,-0.128387451171875,6.1533203125
2020-08-05,6,1,297.8621826171875,293.39373779296875,8.12628173828125,2.5921630859375,12.25,90835.09375,270.8587951660156,283.6376342773437,290.6639404296875,0.005189199000597,0.0101142218336462,0.013484451919794,15.951126098632812,24.522186279296875,21.64471435546875,-2.127227783203125,-0.7227783203125,4.23272705078125
2020-08-05,12,2,297.2514038085937,294.2281799316406,6.737319946289063,2.2970733642578125,6.0,90649.453125,270.8209228515625,283.8126220703125,291.6688232421875,0.0057058446109294,0.0102401040494441,0.0142610799521207,13.644561767578123,25.876373291015625,18.953292846679688,2.4336395263671875,-0.5689849853515625,5.2840576171875
2020-08-05,18,3,295.2553100585937,293.5196838378906,7.038787841796875,1.785003662109375,4.75,90875.46875,271.0690002441406,284.25653076171875,290.92193603515625,0.004949115216732,0.0089488290250301,0.014572137966752,9.6837158203125,22.08876037597656,21.12715148925781,1.91387939453125,-2.730621337890625,3.12188720703125
2020-08-06,0,0,296.37896728515625,292.92950439453125,6.48260498046875,2.0247802734375,1.0,90715.015625,271.783203125,284.1014404296875,290.6300048828125,0.0036465122830122,0.0092125609517097,0.0144007597118616,5.7642669677734375,21.200225830078125,19.14703369140625,2.492767333984375,-0.33984375,3.591278076171875
2020-08-06,6,1,299.62994384765625,293.6783447265625,7.98651123046875,1.3340911865234375,2.75,90987.1875,270.0321350097656,283.893310546875,292.00048828125,0.0045699030160903,0.0096861533820629,0.0147271864116191,2.8367919921875,19.705596923828125,15.796463012695312,4.156509399414063,-1.4107208251953125,1.8952178955078125
2020-08-06,12,2,298.9217529296875,295.39697265625,4.313934326171875,1.428863525390625,44.25,90866.15625,269.8471984863281,284.13214111328125,292.2581787109375,0.0050428472459316,0.0094816125929355,0.0150230564177036,5.7221527099609375,17.947311401367188,12.161666870117188,1.90875244140625,-2.1626739501953125,2.2837066650390625
2020-08-06,18,3,295.5955810546875,294.0865478515625,4.595718383789063,2.4465789794921875,11.0,91141.859375,269.338134765625,284.15020751953125,291.0306396484375,0.0048454012721776,0.0091321431100368,0.0150938257575035,1.873321533203125,16.180419921875,16.456298828125,-0.5831298828125,-0.67010498046875,4.8060455322265625
2020-08-07,0,0,296.11199951171875,293.4344482421875,5.0676116943359375,1.432098388671875,6.0,91083.1875,269.339599609375,284.70367431640625,290.6444091796875,0.0052381008863449,0.0085155516862869,0.014626957476139,1.6572418212890625,13.291610717773438,16.120651245117188,0.4599456787109375,2.013824462890625,2.28765869140625
2020-08-07,6,1,298.93975830078125,294.56817626953125,6.8562774658203125,1.2384490966796875,93.0,91278.96875,269.4466857910156,284.74365234375,291.8193054199219,0.0054655484855175,0.0091063678264617,0.0150970704853534,2.196746826171875,12.075576782226562,12.566360473632812,1.583404541015625,0.57000732421875,1.1538848876953125
2020-08-07,12,2,299.5308532714844,294.5157165527344,5.0090179443359375,-0.1649169921875,256.25,91127.640625,269.4609375,284.9146728515625,292.444091796875,0.0055907256901264,0.0087138749659061,0.0154657587409019,2.709442138671875,9.881317138671877,11.79095458984375,-0.134490966796875,0.393829345703125,-1.386322021484375
2020-08-07,18,3,296.26287841796875,293.87353515625,3.744964599609375,0.8579559326171875,65.25,91391.09375,269.8975830078125,284.3968505859375,291.2803955078125,0.0042961128056049,0.0092272907495498,0.0151896253228187,2.147613525390625,9.461105346679688,13.78802490234375,2.1035308837890625,-0.47198486328125,-0.5341949462890625
2020-08-08,0,0,296.0109558105469,293.3638916015625,3.5948486328125,0.11932373046875,30.375,91253.125,268.4826354980469,284.0315856933594,290.0950622558594,0.0048771202564239,0.009743858128786,0.014275062829256,-1.9297943115234373,7.687347412109375,12.976638793945312,2.7517242431640625,-1.0273895263671875,-1.96795654296875
2020-08-08,6,1,299.09283447265625,294.23077392578125,5.32098388671875,0.1744384765625,168.25,91331.71875,269.0042419433594,283.773681640625,291.4320983886719,0.004850935190916,0.0096632819622755,0.0148359462618827,1.8391876220703125,11.358673095703123,11.933685302734377,2.622177124023437,-1.100860595703125,-1.9559173583984373
2020-08-08,12,2,298.0108337402344,294.8332824707031,3.9268798828125,-0.5017242431640625,117.0,91161.390625,269.3201904296875,283.50634765625,290.9280700683594,0.0055778436362743,0.0114658903330564,0.0147647708654403,1.615631103515625,11.931259155273438,11.841949462890623,-0.8898162841796875,-8.570098876953125,-4.93310546875
2020-08-08,18,3,294.37646484375,293.4060363769531,2.6831512451171875,0.60968017578125,60.25,91385.078125,269.24371337890625,283.28155517578125,290.231201171875,0.0056439088657498,0.010301150381565,0.014353847131133,9.638778686523438,11.289108276367188,9.794464111328123,-3.143295288085937,-8.219146728515625,-4.4705810546875
2020-08-09,0,0,294.5927124023437,293.33544921875,3.7596435546875,0.363861083984375,36.375,91191.953125,268.67535400390625,283.6376953125,289.9991455078125,0.0051066987216472,0.0094944350421428,0.0138247348368167,2.2621002197265625,7.9520263671875,13.126007080078123,-5.087127685546875,-5.4066925048828125,-3.0761871337890625
2020-08-09,6,1,297.1662292480469,294.05535888671875,4.163787841796875,0.2223052978515625,194.75,91266.625,268.5360717773437,283.1002502441406,290.4776306152344,0.0050404593348503,0.0095077976584434,0.0145021639764308,-1.23541259765625,9.603408813476562,10.462020874023438,-3.776412963867188,-5.189453125,-2.5411529541015625
2020-08-09,12,2,298.1204528808594,293.9709777832031,4.2385101318359375,0.0034637451171875,194.125,91082.90625,268.46600341796875,283.120849609375,291.4125366210937,0.0053332168608903,0.0109062269330024,0.0146317183971405,2.741790771484375,11.488143920898438,9.651443481445312,-3.9913482666015625,-5.0269775390625,-1.856597900390625
2020-08-09,18,3,294.44403076171875,293.2565612792969,3.6262054443359375,0.6105804443359375,46.5,91311.984375,268.6766357421875,282.74237060546875,290.2657165527344,0.0052676647901535,0.0101003758609294,0.0141455270349979,4.768585205078125,14.459152221679688,13.300735473632812,-2.207870483398437,-3.1778106689453125,-2.8391876220703125
2020-08-10,0,0,294.58758544921875,292.85546875,3.60107421875,1.0947265625,18.875,91189.578125,268.1215515136719,283.02740478515625,290.24755859375,0.0049245730042457,0.0089758113026618,0.013801384717226,9.046432495117188,13.833023071289062,14.243560791015623,-3.204345703125,-2.09515380859375,-0.9773712158203124
2020-08-10,6,1,297.8458251953125,293.7374572753906,5.250259399414063,0.8695068359375,34.25,91298.8125,269.45562744140625,283.50390625,289.9218139648437,0.0046405056491494,0.008314199745655,0.0141187980771064,4.534469604492188,11.664443969726562,8.421356201171875,4.7108001708984375,-1.7902374267578125,0.2951507568359375
2020-08-10,12,2,298.50885009765625,294.08380126953125,4.4622955322265625,1.2271270751953125,154.0,91161.15625,269.2244873046875,283.15533447265625,291.7164306640625,0.0055058524012565,0.0086126402020454,0.0135355778038501,11.934127807617188,13.7208251953125,13.607650756835938,-4.411407470703125,2.6845855712890625,4.0167083740234375
2020-08-10,18,3,294.7841796875,293.56256103515625,4.0693206787109375,0.3090362548828125,29.0,91336.359375,269.3638916015625,283.81451416015625,290.6210632324219,0.0050979554653167,0.0081987455487251,0.013542354106903,7.353164672851562,13.27642822265625,14.266204833984377,-1.4687347412109375,0.433685302734375,-2.10894775390625
2020-08-11,0,0,295.44488525390625,293.4481201171875,3.069732666015625,0.797027587890625,5.0,91263.046875,269.18389892578125,284.35595703125,289.851318359375,0.0047887749969959,0.0081806667149066,0.0138668827712535,9.334030151367188,14.99481201171875,13.032424926757812,5.60028076171875,-2.056869506835937,0.1310577392578125
2020-08-11,6,1,299.408447265625,294.0033874511719,5.6932373046875,-0.6956329345703125,56.25,91370.515625,269.8450622558594,283.7516784667969,291.4291381835937,0.0054229013621807,0.0082865692675113,0.0142123885452747,8.423629760742188,14.429550170898438,10.45819091796875,1.9576416015625,-2.562347412109375,-1.1480560302734375
2020-08-11,12,2,298.5321044921875,294.36541748046875,4.0451507568359375,0.99456787109375,90.75,91257.75,269.29071044921875,283.7621459960937,291.4474792480469,0.0053225755691528,0.0088867470622062,0.0146595574915409,7.456695556640625,11.651931762695312,11.51934814453125,-0.27667236328125,-0.6560211181640625,0.9963226318359376
2020-08-11,18,3,295.11090087890625,293.88604736328125,3.85736083984375,1.1679840087890625,44.75,91539.375,268.75421142578125,283.4144287109375,290.4271240234375,0.0038385747466236,0.0088621973991394,0.0142842978239059,7.834854125976562,10.962356567382812,14.142608642578123,-0.276275634765625,-2.3238067626953125,0.4677734375
2020-08-12,0,0,295.0394287109375,293.62225341796875,4.27178955078125,0.9087371826171876,5.25,91404.875,268.5354309082031,283.4739990234375,289.83599853515625,0.003492142772302,0.0090420097112655,0.0134825445711612,5.97705078125,10.690582275390623,14.703292846679688,1.2013702392578125,-0.7752838134765625,-0.04791259765625
2020-08-12,6,1,299.0975341796875,293.28448486328125,6.6915283203125,0.6025238037109375,89.25,91493.3125,268.07427978515625,283.8768310546875,291.5307006835937,0.0034598519559949,0.0087456777691841,0.0139307342469692,4.2730712890625,10.756149291992188,11.988800048828123,1.0297393798828125,-1.6983489990234375,0.6923675537109375
2020-08-12,12,2,299.0574951171875,294.73858642578125,4.62408447265625,0.387298583984375,108.75,91293.1875,269.0947265625,284.1412353515625,292.0694274902344,0.003936587832868,0.0083786137402057,0.0140891149640083,6.741668701171875,12.515960693359377,12.336471557617188,-1.4571380615234375,-3.7110443115234375,-1.0570068359375
2020-08-12,18,3,295.630859375,293.24139404296875,4.2311553955078125,0.1382904052734375,5.75,91527.640625,268.6156311035156,284.1099853515625,289.9765625,0.0043549798429012,0.0075475461781024,0.0137567929923534,4.9982757568359375,11.20086669921875,12.906768798828123,-1.3640594482421875,-3.8397064208984375,-2.944061279296875
2020-08-13,0,0,295.5828552246094,293.148193359375,4.077072143554688,0.3464813232421875,11.5,91306.3125,268.0685119628906,283.93023681640625,289.8296203613281,0.0043779909610748,0.0078569836914539,0.0133782550692558,6.579345703125,11.635421752929688,13.063217163085938,2.361557006835937,-3.930389404296875,-2.040390014648437
2020-08-13,6,1,298.8721923828125,293.0878295898437,6.2935333251953125,-0.575408935546875,82.125,91354.875,268.1644592285156,284.3149719238281,292.363525390625,0.0027852326165884,0.0068985000252723,0.0130602214485406,8.06903076171875,12.55169677734375,12.264862060546877,3.301239013671875,-3.9727935791015625,-1.7837982177734375
2020-08-13,12,2,299.6640014648437,293.9246826171875,3.861251831054688,-0.3914031982421875,146.5,91050.9375,269.1427001953125,284.03228759765625,292.8145751953125,0.0022573727183043,0.0067768432199954,0.0136339925229549,8.422012329101562,13.540267944335938,10.993484497070312,-0.3449249267578125,-3.93572998046875,-1.8782806396484373
2020-08-13,18,3,295.47320556640625,292.92437744140625,3.438934326171875,0.619415283203125,7.0,91326.40625,268.5211181640625,283.6656494140625,290.3005065917969,0.003296214621514,0.0061025246977806,0.0135778710246086,9.303314208984377,12.384475708007812,11.461090087890623,-0.8462066650390625,-3.82733154296875,-0.9666595458984376
2020-08-14,0,0,294.9967041015625,292.6434020996094,3.956451416015625,1.0750732421875,7.0,91100.125,269.81866455078125,284.4964904785156,289.65020751953125,0.002502133604139,0.0060584880411624,0.0133777782320976,8.3641357421875,13.717819213867188,13.320022583007812,-0.5419769287109375,-1.3351287841796875,0.796356201171875
2020-08-14,6,1,298.401123046875,292.5926513671875,6.237091064453125,0.76666259765625,44.625,91237.640625,267.51025390625,284.11602783203125,291.74285888671875,0.004011339507997,0.0079011134803295,0.0136837363243103,8.3082275390625,13.740463256835938,11.078155517578123,1.5050201416015625,-1.1722869873046875,1.1309967041015625
2020-08-14,12,2,298.93670654296875,293.53741455078125,4.667999267578125,0.745635986328125,37.0,91014.078125,268.02008056640625,283.89080810546875,292.3598937988281,0.0041965502314269,0.0068027004599571,0.0138176083564758,7.615570068359375,14.084747314453123,12.154159545898438,-1.333526611328125,-0.31658935546875,0.838653564453125
2020-08-14,18,3,295.26220703125,292.8652648925781,3.955596923828125,1.65484619140625,0.0,91229.984375,269.6571350097656,283.9725952148437,290.0586242675781,0.003292714478448,0.0060120970010757,0.0132985711097717,9.150848388671877,14.0289306640625,13.995162963867188,0.5522308349609375,-1.1374664306640625,2.669906616210937
2020-08-15,0,0,294.87713623046875,292.824951171875,4.075607299804688,1.691375732421875,3.25,91085.96875,268.746826171875,284.10797119140625,289.3824462890625,0.0038833182770758,0.0068336687982082,0.0135474242269992,8.45281982421875,14.377700805664062,14.599273681640623,1.021331787109375,-0.2057037353515625,3.1302490234375
2020-08-15,6,1,297.8062744140625,292.4857788085937,6.9091796875,1.5655975341796875,3.25,91257.046875,268.511962890625,284.37176513671875,290.9403686523437,0.0036660595797002,0.0055748596787452,0.0134006459265947,7.05816650390625,14.091903686523438,12.055831909179688,-0.0510406494140625,-0.4518890380859375,2.587860107421875
2020-08-15,12,2,298.0797119140625,292.7738647460937,4.038360595703125,1.1194915771484375,7.75,91155.25,268.9513244628906,284.1416015625,291.4756774902344,0.0032338774763047,0.0062366276979446,0.0130014214664697,10.466201782226562,15.08990478515625,11.482070922851562,-1.064727783203125,-0.1351470947265625,2.71728515625
2020-08-15,18,3,294.9739685058594,292.39276123046875,4.147064208984375,0.7409210205078125,0.5,91357.875,269.1317749023437,284.422119140625,289.5185546875,0.0030874523799866,0.0054764077067375,0.0134590566158294,10.205841064453123,14.785186767578123,14.218597412109377,0.180633544921875,-1.473480224609375,0.7474822998046875
2020-08-16,0,0,295.1605834960937,292.7172241210937,3.800125122070313,1.501678466796875,9.75,91186.1875,268.6445007324219,284.32989501953125,289.350341796875,0.0035857642069458,0.0067036636173725,0.013505470007658,10.453964233398438,15.952651977539062,13.617080688476562,-0.8057861328125,-1.31646728515625,1.125335693359375
2020-08-16,6,1,297.361572265625,292.4217529296875,6.6602630615234375,0.93280029296875,7.5,91310.0625,268.28961181640625,283.8824462890625,290.5054016113281,0.0037146110553294,0.0091925933957099,0.0136117376387119,11.791244506835938,16.835311889648438,11.590682983398438,0.996856689453125,-1.7116546630859375,0.743499755859375
2020-08-16,12,2,297.4781494140625,293.2935791015625,4.7840728759765625,0.4953155517578125,51.75,91168.203125,269.0654296875,283.83154296875,291.1107788085937,0.0039311992004513,0.0088004581630229,0.0138674695044755,16.017913818359375,15.271286010742188,14.002838134765623,-2.8546295166015625,-2.514633178710937,-0.4059295654296875
2020-08-16,18,3,294.9942626953125,292.899169921875,4.091354370117188,1.1900482177734375,6.5,91354.375,268.4340515136719,283.560546875,290.3869934082031,0.0039154449477791,0.0091469548642635,0.0142371542751789,16.229736328125,14.330169677734377,15.021499633789062,-3.213348388671875,-3.5465545654296875,-0.74261474609375
2020-08-17,0,0,295.216796875,293.0516052246094,4.161468505859375,1.5837860107421875,12.75,91143.25,269.8861694335937,283.70263671875,289.7012939453125,0.0028465213254094,0.0097893178462982,0.0137590430676937,11.257553100585938,13.69970703125,14.290771484375,-0.45294189453125,-4.0957794189453125,0.81341552734375
2020-08-17,6,1,298.5167236328125,293.2880859375,6.387847900390625,0.73834228515625,13.75,91284.28125,269.1441955566406,283.7267761230469,291.48394775390625,0.0033579177688807,0.009467713534832,0.0136382281780242,12.382980346679688,13.294097900390623,11.7867431640625,-2.304473876953125,-1.135498046875,0.713287353515625
2020-08-17,12,2,297.17254638671875,294.5379638671875,4.006683349609375,0.596954345703125,18.75,91062.9375,270.283935546875,283.3626708984375,291.7215576171875,0.0035458044148981,0.0104404538869857,0.0141109898686409,10.860336303710938,12.168975830078123,11.839279174804688,-3.229476928710937,-0.3839263916015625,-0.022705078125
2020-08-17,18,3,294.8582763671875,293.704345703125,3.8390960693359375,1.0624847412109375,0.0,91329.609375,269.443115234375,283.9259033203125,289.783203125,0.0033341951202601,0.0088851302862167,0.0133255869150161,7.4156494140625,12.013595581054688,13.014083862304688,-4.957763671875,-0.4633636474609375,-0.2109832763671875
2020-08-18,0,0,295.2381591796875,293.34747314453125,3.5738677978515625,1.278228759765625,4.25,91202.875,268.46173095703125,284.2592468261719,289.98260498046875,0.0032599228434264,0.0096311122179031,0.0133879780769348,7.0774688720703125,9.696121215820312,12.429397583007812,-2.4765625,-1.4681396484375,0.2677154541015625
2020-08-18,6,1,298.72149658203125,293.50250244140625,5.756683349609375,0.2525482177734375,9.75,91353.46875,269.0117492675781,284.25323486328125,291.355224609375,0.0032661261502653,0.0091235265135765,0.0137116163969039,7.418365478515625,9.551361083984377,10.126571655273438,-4.617477416992188,-0.9246826171875,-0.1021728515625
2020-08-18,12,2,298.9260559082031,294.75152587890625,3.594955444335937,-0.2899017333984375,72.0,91108.265625,269.8238525390625,283.4432678222656,292.1145324707031,0.0038517406210303,0.0101037546992301,0.0139304026961326,6.146652221679688,10.612762451171877,11.098724365234377,-2.690948486328125,-0.99835205078125,-0.7500457763671875
2020-08-18,18,3,295.0580139160156,293.1220092773437,3.611968994140625,0.1208648681640625,0.0,91369.9375,269.3583068847656,284.01519775390625,290.28961181640625,0.0035182400606572,0.0093410443514585,0.0134952738881111,4.5203704833984375,9.040435791015623,12.027694702148438,-1.876922607421875,-2.9198760986328125,-3.0012969970703125
2020-08-19,0,0,295.15478515625,293.1824951171875,3.579559326171875,0.1182403564453125,5.25,91173.46875,269.28204345703125,284.2089233398437,289.5863647460937,0.0034300447441637,0.009589847177267,0.0137185305356979,4.5615081787109375,9.124313354492188,11.937637329101562,-0.1294097900390625,-2.4518280029296875,-4.094985961914063
2020-08-19,6,1,298.4685363769531,293.27703857421875,4.80712890625,-0.5518035888671875,29.0,91235.078125,269.85302734375,284.59039306640625,291.14385986328125,0.003466340014711,0.0082976222038269,0.0137442462146282,6.451995849609375,7.60723876953125,9.307022094726562,0.425994873046875,-4.019210815429688,-1.690185546875
2020-08-19,12,2,299.4864501953125,294.56903076171875,2.9435577392578125,-0.322265625,65.75,91029.875,270.0384826660156,284.60626220703125,292.9322204589844,0.0020000238437205,0.0084084160625934,0.0140169374644756,9.397811889648438,8.60760498046875,8.90313720703125,-2.470672607421875,-2.7865142822265625,-2.168670654296875
2020-08-19,18,3,295.5785522460937,293.4335327148437,3.27264404296875,0.23883056640625,0.0,91250.28125,269.8224182128906,284.9118957519531,291.0790405273437,0.0019018272869288,0.0078496299684047,0.0134416222572326,6.8689727783203125,6.962448120117188,10.734970092773438,-2.68365478515625,-3.07647705078125,-2.3185577392578125
2020-08-20,0,0,294.79083251953125,293.0457763671875,3.441162109375,0.239654541015625,0.75,91079.40625,269.2474670410156,284.0780639648437,289.5227966308594,0.0015898630954325,0.0071901120245456,0.0133524537086486,7.22833251953125,8.712982177734375,12.3262939453125,-1.9265899658203125,-1.7594757080078125,-3.3258056640625
2020-08-20,6,1,298.9334716796875,293.4423828125,4.592819213867188,0.190338134765625,33.75,91240.75,268.5302124023437,283.74102783203125,291.3038330078125,0.0018837684765458,0.0081475302577018,0.0135374553501605,8.09649658203125,8.459365844726562,9.258193969726562,0.8845367431640625,-2.413192749023437,-1.4605255126953125
2020-08-20,12,2,297.76531982421875,294.34844970703125,3.64306640625,0.44488525390625,51.75,91085.65625,268.8924560546875,284.0924987792969,291.43658447265625,0.0038104155100882,0.009199783205986,0.0147910360246896,6.6510162353515625,9.548294067382812,9.605697631835938,-0.7305145263671875,-0.467926025390625,0.3681488037109375
2020-08-20,18,3,295.1764831542969,293.39520263671875,2.781967163085937,0.945068359375,17.0,91381.65625,268.8630676269531,283.69952392578125,290.2648010253906,0.0041331211104989,0.0089718699455261,0.013978898525238,6.008468627929688,10.468780517578123,10.517990112304688,1.307403564453125,-0.003204345703125,-1.8055572509765625
2020-08-21,0,0,295.431640625,293.64715576171875,2.839111328125,1.1241302490234375,12.0,91310.28125,268.5948791503906,283.7443542480469,289.7596740722656,0.0031573714222759,0.008359145373106,0.0136467553675174,7.913742065429687,10.344940185546877,11.836624145507812,2.082611083984375,0.6426239013671875,-1.441253662109375
2020-08-21,6,1,299.2247314453125,293.82769775390625,5.1036224365234375,1.3186492919921875,30.25,91414.84375,269.4443359375,284.040771484375,291.9140930175781,0.0038548232987523,0.008026648312807,0.0138347595930099,6.326202392578125,9.036285400390623,8.619140625,1.0272979736328125,-0.353668212890625,1.6177215576171875
2020-08-21,12,2,300.42266845703125,294.5884704589844,3.2021484375,0.8715057373046875,53.25,91204.296875,269.36541748046875,283.7479553222656,293.23736572265625,0.0040383990854024,0.0087539404630661,0.0137918107211589,4.7867431640625,9.07647705078125,8.998184204101562,2.53759765625,-0.8047332763671875,1.82354736328125
2020-08-21,18,3,295.614501953125,293.7679443359375,2.27996826171875,0.707794189453125,3.25,91539.28125,268.8807373046875,284.2421875,291.80596923828125,0.0037220024969428,0.0087983012199401,0.012879554182291,4.4940032958984375,6.5965728759765625,9.190521240234377,1.2403411865234375,0.5801849365234375,-0.9627838134765624
2020-08-22,0,0,295.286376953125,293.74530029296875,2.4220733642578125,0.8193817138671875,5.0,91421.8125,269.6327514648437,283.9215087890625,290.3683166503906,0.0028377131093293,0.0079920068383216,0.0133061967790126,2.5198974609375,6.0645751953125,9.0845947265625,1.537078857421875,3.0496368408203125,-1.3912506103515625
2020-08-22,6,1,299.1419677734375,294.2113952636719,3.5579376220703125,0.416961669921875,8.5,91562.765625,269.6114501953125,284.0684814453125,292.05340576171875,0.0026929597370326,0.0082678906619548,0.0134490840137004,1.7265625,7.41461181640625,6.3447265625,1.9708099365234373,0.7101593017578125,0.24859619140625
2020-08-22,12,2,300.2373352050781,295.7431030273437,2.568954467773437,-0.5890350341796875,471.0,91269.546875,269.74090576171875,284.13330078125,293.25689697265625,0.0028088190592825,0.0097894761711359,0.0145525094121694,1.0421295166015625,5.44708251953125,7.17236328125,1.5554351806640625,0.1070709228515625,-0.01190185546875
2020-08-22,18,3,295.9274597167969,294.4377136230469,1.54168701171875,0.3222503662109375,31.5,91529.265625,270.33709716796875,283.24383544921875,291.59588623046875,0.0028250264003872,0.0104629807174205,0.0143192373216152,2.5032196044921875,3.7092132568359375,7.029815673828125,-0.807037353515625,0.54791259765625,-1.446441650390625
2020-08-23,0,0,295.008056640625,293.8985900878906,1.876739501953125,0.403594970703125,14.5,91383.90625,269.95269775390625,283.4770812988281,290.2068176269531,0.0028989412821829,0.0100068170577287,0.0138570424169301,0.0634613037109375,5.551483154296875,8.206497192382812,-0.8875885009765625,2.2103424072265625,-3.1315155029296875
2020-08-23,6,1,298.75946044921875,294.12322998046875,4.05255126953125,0.2353668212890625,20.25,91474.484375,270.86346435546875,283.4714660644531,291.5367126464844,0.0027916717808693,0.0095199532806873,0.014261145144701,-0.694091796875,6.815887451171875,6.2364501953125,0.940032958984375,0.3980560302734375,-0.0977325439453125
2020-08-23,12,2,300.0860595703125,294.6807861328125,2.7678375244140625,0.8618927001953125,157.5,91235.78125,269.99273681640625,283.7206115722656,293.39825439453125,0.0038141121622174,0.009703554213047,0.0140298567712306,-1.49200439453125,4.3849945068359375,6.988327026367188,-1.3199462890625,0.5559539794921875,0.5523529052734375
2020-08-23,18,3,296.1260986328125,293.7562561035156,1.7086181640625,1.0013885498046875,135.25,91563.09375,268.6767578125,283.5550842285156,291.7074584960937,0.0040446668863296,0.0092484205961227,0.014188177883625,-1.2967681884765625,2.9686737060546875,6.157501220703125,1.6246185302734375,-0.7176666259765625,-1.2336578369140625
2020-08-24,0,0,294.54852294921875,293.0352783203125,2.159271240234375,0.5001068115234375,0.5,91405.0,268.9141845703125,283.7630310058594,290.7702331542969,0.0046607740223407,0.0072636157274246,0.0131097137928009,-2.0262451171875,4.3519287109375,8.76910400390625,1.5163421630859375,1.4870147705078125,-0.8052215576171875
2020-08-24,6,1,299.09881591796875,293.989990234375,2.960662841796875,1.159881591796875,7.0,91463.625,268.740234375,284.5263061523437,292.0773010253906,0.0048277582973241,0.0068268850445747,0.0134330689907073,0.260589599609375,2.471176147460937,4.321060180664063,2.115463256835937,1.4702911376953125,1.06219482421875
2020-08-24,12,2,300.1835327148437,294.8914489746094,1.2720489501953125,0.537933349609375,271.0,91306.65625,268.5994873046875,283.7381591796875,293.596923828125,0.004491776227951,0.0081441812217235,0.0134719721972942,2.756805419921875,3.693405151367188,4.589279174804688,-1.4587554931640625,0.970916748046875,0.8577117919921875
2020-08-24,18,3,296.0009155273437,293.82476806640625,1.7071380615234375,0.16278076171875,14.0,91508.9375,269.388427734375,284.0521240234375,291.69488525390625,0.004282247275114,0.0081299133598804,0.0144891440868377,1.234649658203125,2.6175689697265625,4.771652221679688,-2.9390411376953125,0.39984130859375,-0.872528076171875
2020-08-25,0,0,294.57421875,293.0281982421875,1.504119873046875,0.0470123291015625,0.75,91486.3125,269.389892578125,283.3421630859375,291.5947265625,0.0041515082120895,0.0083540901541709,0.0124559625983238,-1.333740234375,3.873291015625,5.5693359375,-2.26483154296875,0.630157470703125,-0.5261688232421875
2020-08-25,6,1,300.3909912109375,292.36181640625,2.612701416015625,-0.782623291015625,9.0,91585.421875,269.5260925292969,283.2520751953125,292.0680847167969,0.0036908234469592,0.0080128572881221,0.0125915221869945,-0.4167938232421875,2.1103973388671875,3.957366943359375,-1.90252685546875,0.014312744140625,-1.3954620361328125
2020-08-25,12,2,301.5548400878906,293.0072937011719,1.467559814453125,-0.933197021484375,0.0,91350.25,269.3730773925781,284.0876159667969,294.5159912109375,0.0026333639398217,0.0067333318293094,0.011930551379919,-0.097137451171875,3.4623565673828125,3.609405517578125,-3.019744873046875,-0.4270477294921875,-2.7014923095703125
2020-08-25,18,3,296.8402709960937,292.49432373046875,1.2672882080078125,-1.1100616455078125,0.0,91558.15625,268.671875,284.03271484375,293.2323608398437,0.0028216568753123,0.0058938115835189,0.0128006227314472,-0.5581512451171875,2.019989013671875,3.706100463867188,-4.291183471679688,-1.0316619873046875,-2.694686889648437
2020-08-26,0,0,295.7528381347656,293.7636413574219,1.5254669189453125,-1.321563720703125,11.5,91530.765625,268.38104248046875,283.2407531738281,291.66021728515625,0.0036968367639929,0.0064066275954246,0.0136758163571357,-1.284423828125,1.5046234130859375,3.7072601318359375,-4.2422943115234375,-2.56024169921875,-3.03485107421875
2020-08-26,6,1,300.6525573730469,293.1602478027344,2.1709442138671875,-1.468841552734375,0.25,91576.203125,268.3442687988281,283.9965209960937,291.8401794433594,0.0040991008281707,0.0060736238956451,0.0130806043744087,-3.322723388671875,1.385162353515625,3.3596343994140625,0.6989288330078125,-1.353790283203125,-2.4067840576171875
2020-08-26,12,2,301.25213623046875,293.71173095703125,1.64300537109375,-1.311431884765625,1.75,91283.734375,269.11724853515625,284.197509765625,294.34619140625,0.0036257018800824,0.0056255050003528,0.0125512368977069,-0.2504730224609375,2.38702392578125,4.0167083740234375,-2.12396240234375,0.5768890380859375,-2.9477996826171875
2020-08-26,18,3,295.736328125,292.8249816894531,0.3275909423828125,-0.962646484375,3.75,91546.609375,269.021484375,283.5400390625,293.397705078125,0.002920193830505,0.0045790858566761,0.0124070160090923,-0.1797332763671875,3.0821533203125,2.6049346923828125,-3.249984741210937,0.2074127197265625,-1.6009521484375
2020-08-27,0,0,295.85064697265625,293.23876953125,1.8263397216796875,-0.7546539306640625,0.75,91362.703125,268.9959716796875,283.7489318847656,290.86871337890625,0.002646513050422,0.004212275147438,0.0136605203151702,0.40625,3.978469848632813,3.4167633056640625,-0.01055908203125,-0.04217529296875,-2.515365600585937
2020-08-27,6,1,298.5330810546875,293.0497131347656,3.4013214111328125,-0.3573760986328125,17.5,91494.34375,269.6199951171875,283.9701538085937,291.3187255859375,0.0029327867086976,0.004307709634304,0.0129502341151237,-0.695709228515625,5.0221099853515625,4.861419677734375,3.035629272460937,-0.6266632080078125,-0.282928466796875
2020-08-27,12,2,300.4644470214844,292.5287780761719,2.4885711669921875,-0.8981781005859375,0.0,91200.578125,269.3893127441406,283.9862060546875,293.61529541015625,0.0032658621203154,0.0057955011725425,0.0117559321224689,-0.9404296875,5.448577880859375,5.98406982421875,2.352142333984375,-2.291366577148437,-2.29718017578125
2020-08-27,18,3,294.76544189453125,291.17974853515625,1.787628173828125,-0.47967529296875,7.75,91440.078125,269.42010498046875,283.4722900390625,291.6959228515625,0.0033842741977423,0.0064698681235313,0.0131449811160564,-0.1009521484375,3.2107696533203125,6.116058349609375,2.510238647460937,-2.6232147216796875,-1.8500823974609373
2020-08-28,0,0,295.015869140625,292.9144897460937,2.02679443359375,-0.028839111328125,2.25,91310.46875,268.6011657714844,283.6880798339844,290.5424194335937,0.0027413715142756,0.0056932084262371,0.0124631337821483,0.18255615234375,2.102264404296875,6.16259765625,4.233673095703125,-0.6391143798828125,-1.745849609375
2020-08-28,6,1,300.13397216796875,291.97100830078125,3.16033935546875,0.0705108642578125,0.0,91393.84375,269.4339294433594,284.68017578125,291.2615966796875,0.0021766857244074,0.004603374749422,0.0126902125775814,0.001068115234375,2.867828369140625,4.7335357666015625,2.4768218994140625,0.46124267578125,-0.0647735595703125
2020-08-28,12,2,301.6026611328125,293.3336181640625,1.5996246337890625,-0.2641143798828125,0.25,91115.734375,269.46875,284.81707763671875,294.7552185058594,0.0022645907010883,0.0042890259064733,0.0112137012183666,-0.200714111328125,4.227630615234375,4.01788330078125,1.8757476806640625,0.933441162109375,-0.8730926513671875
2020-08-28,18,3,296.4932861328125,292.0526733398437,2.3761444091796875,0.144012451171875,8.5,91394.984375,269.384033203125,284.048828125,292.6796264648437,0.0022562984377145,0.005006831139326,0.0127059556543827,-1.709259033203125,2.9674530029296875,6.47503662109375,1.241729736328125,0.7908172607421875,-0.950897216796875
2020-08-29,0,0,294.636962890625,292.7525329589844,2.06707763671875,0.008819580078125,0.0,91319.578125,268.052978515625,283.4161376953125,291.6770935058594,0.0027287453413009,0.0047888904809951,0.0111680775880813,-1.202545166015625,3.8542327880859375,7.35009765625,3.222259521484375,1.861236572265625,-1.910369873046875
2020-08-29,6,1,299.94500732421875,292.49139404296875,3.577972412109375,1.072967529296875,1.75,91410.140625,268.68511962890625,284.5577392578125,292.395263671875,0.0024781732354313,0.0045030415058135,0.0123140104115009,-1.5763702392578125,4.17047119140625,5.53302001953125,2.3402099609375,1.4301300048828125,1.243499755859375
2020-08-29,12,2,302.1400756835937,293.38360595703125,2.5088348388671875,0.3929290771484375,7.75,91129.875,268.79864501953125,283.4483642578125,294.381103515625,0.002172696404159,0.0090917274355888,0.0127543546259403,-1.642303466796875,3.962615966796875,5.247329711914063,1.2604217529296875,-0.95062255859375,1.126556396484375
2020-08-29,18,3,296.690185546875,293.5497436523437,2.29571533203125,-0.5751953125,90.25,91444.3125,268.7506103515625,282.6064453125,291.70867919921875,0.0016081824433058,0.0096050389111042,0.0135495252907276,-2.659774780273437,1.1444854736328125,6.432647705078125,2.425537109375,0.19573974609375,-1.2305755615234375
2020-08-30,0,0,295.5057373046875,293.6683349609375,2.7708892822265625,-0.2699127197265625,13.75,91346.4375,267.7867431640625,282.35760498046875,290.8643493652344,0.0017410663422197,0.0094646103680133,0.0127390548586845,-3.1220245361328125,3.312744140625,8.1053466796875,1.1612091064453125,1.8532257080078125,-1.0330352783203125
2020-08-30,6,1,300.5614624023437,293.2445068359375,3.954391479492188,-0.0803680419921875,37.75,91452.0,268.13507080078125,283.7296142578125,292.000244140625,0.0012358948588371,0.0075782425701618,0.0133036077022552,-4.6131439208984375,2.825958251953125,5.997100830078125,1.3759613037109375,1.481292724609375,-0.287841796875
2020-08-30,12,2,302.6249389648437,294.4642028808594,2.26568603515625,-0.3345947265625,569.25,91138.203125,268.32080078125,284.01983642578125,294.72540283203125,0.0019319385755807,0.0080100782215595,0.0140246599912643,-4.6497344970703125,2.6390838623046875,4.285308837890625,1.2505950927734375,0.839569091796875,-0.1641693115234375
2020-08-30,18,3,295.95977783203125,293.5686950683594,1.46636962890625,0.260528564453125,360.0,91525.046875,267.7229309082031,282.79412841796875,291.5016784667969,0.0029158908873796,0.0093805156648159,0.013977438211441,-5.45001220703125,1.3857879638671875,4.6756439208984375,1.7331695556640625,-1.4370574951171875,-1.9701385498046875
2020-08-31,0,0,294.6368103027344,293.0407409667969,1.4143829345703125,-1.3098907470703125,109.75,91447.65625,266.7625732421875,282.76971435546875,290.9658203125,0.0036629729438573,0.0091196186840534,0.0129370428621768,-5.570892333984375,1.7185821533203125,4.943161010742188,0.193206787109375,-1.3744964599609375,-5.44903564453125
2020-08-31,6,1,299.51629638671875,293.605712890625,1.963226318359375,-1.3870391845703125,99.0,91546.90625,266.90753173828125,283.88629150390625,292.47021484375,0.0022083818912506,0.0087575986981391,0.013122908771038,-6.5181732177734375,-0.68084716796875,2.433929443359375,-1.27166748046875,-1.8277587890625,-2.216888427734375
2020-08-31,12,2,302.00323486328125,293.14031982421875,1.4598236083984375,-1.678314208984375,77.0,91168.15625,268.7626342773437,283.11749267578125,294.3787841796875,0.0026560330297797,0.0089588277041912,0.0130275711417198,-7.1525726318359375,1.5363616943359375,2.61865234375,-1.817535400390625,-2.7103424072265625,-3.8858795166015625
2020-08-31,18,3,295.58709716796875,293.8883056640625,1.5710906982421875,-1.70501708984375,113.25,91519.21875,267.6003112792969,283.11767578125,292.6825561523437,0.0026423172093927,0.0081782415509223,0.0136318337172269,-8.345748901367188,-1.015045166015625,2.04669189453125,-1.6080780029296875,-4.27557373046875,-6.3953704833984375
2020-09-01,0,0,295.18243408203125,293.6097412109375,2.4598541259765625,-1.2781219482421875,104.5,91413.671875,267.4875183105469,282.45928955078125,291.3265380859375,0.0033737034536898,0.0089513063430786,0.013568952679634,-8.839065551757812,-3.6229400634765625,5.212249755859375,-2.7457733154296875,-4.8028411865234375,-5.7603759765625
2020-09-01,6,1,299.2216186523437,294.01776123046875,1.64630126953125,-3.5160369873046875,341.75,91515.84375,268.76171875,282.15631103515625,291.7381591796875,0.0025275985244661,0.0097430907189846,0.0140829347074031,-10.046356201171877,-3.108184814453125,2.186248779296875,-1.379364013671875,-5.0848541259765625,-6.106475830078125
2020-09-01,12,2,299.1934814453125,294.518310546875,1.118896484375,-2.1431884765625,516.25,91204.34375,268.78857421875,283.08349609375,292.73931884765625,0.0027494090609252,0.0097819603979587,0.0141845941543579,-7.753570556640625,-2.1463165283203125,1.0750274658203125,-2.589828491210937,-2.9414215087890625,-6.547698974609375
2020-09-01,18,3,294.84002685546875,293.99285888671875,0.2373504638671875,-1.2470550537109375,352.0,91537.9375,267.833984375,283.0268249511719,292.09942626953125,0.0048974994570016,0.009184930473566,0.0142370015382766,-8.865798950195312,-2.214813232421875,-0.2929534912109375,-2.6129608154296875,-3.89129638671875,-8.631271362304688
2020-09-02,0,0,294.7843933105469,293.4743347167969,1.4953460693359375,-1.597564697265625,21.75,91293.890625,269.0679931640625,282.3089599609375,291.461181640625,0.0038491778541356,0.0089904312044382,0.013441888615489,-10.023101806640623,-3.798049926757813,1.0327301025390625,0.5658416748046875,-4.0385589599609375,-7.984283447265625
2020-09-02,6,1,298.9458312988281,294.54498291015625,-0.0679168701171875,-3.3907623291015625,653.5,91452.984375,268.31573486328125,282.3093566894531,291.2287902832031,0.0045629013329744,0.0098149552941322,0.0143754817545413,-9.936614990234377,-5.359893798828125,-1.423187255859375,0.02386474609375,-4.4472503662109375,-7.774658203125
2020-09-02,12,2,297.90380859375,294.58380126953125,-1.5929107666015625,-1.0129852294921875,347.25,91061.71875,269.7275390625,283.5306701660156,292.839599609375,0.0053477399051189,0.0100050121545791,0.014930535107851,-10.250518798828123,-5.7545928955078125,-3.641845703125,1.823699951171875,-0.799346923828125,-2.7564849853515625
2020-09-02,18,3,294.521240234375,293.7100830078125,-1.93536376953125,0.09576416015625,199.75,91380.5625,269.16357421875,283.33758544921875,291.566650390625,0.0054068341851234,0.0093900971114635,0.0145912431180477,-7.7172698974609375,-6.220428466796875,-6.38067626953125,3.1845855712890625,0.167022705078125,-0.17901611328125
2020-09-03,0,0,294.894775390625,293.4065246582031,-0.025177001953125,0.85528564453125,8.25,91257.4375,269.3353576660156,283.5618591308594,290.6444702148437,0.0042824894189834,0.0087134987115859,0.0139456614851951,-9.043655395507812,-7.8881988525390625,-3.1056365966796875,3.819610595703125,1.8263092041015625,2.158920288085937
2020-09-03,6,1,300.6234130859375,294.1249389648437,-1.8023834228515625,0.916473388671875,55.0,91333.390625,269.6436767578125,283.76910400390625,292.12164306640625,0.0042733959853649,0.0092038586735725,0.0138192512094974,-10.261001586914062,-7.023971557617188,-3.009429931640625,5.775543212890625,4.9344635009765625,1.27093505859375
2020-09-03,12,2,298.04150390625,295.4159545898437,-1.0655975341796875,0.9329833984375,108.5,91120.671875,269.7415771484375,283.8978271484375,291.94586181640625,0.004656184464693,0.0099027194082736,0.0146849527955055,-6.2936553955078125,-3.95440673828125,-2.5375518798828125,5.7425537109375,3.5516357421875,2.226409912109375
2020-09-03,18,3,295.67498779296875,294.54180908203125,-1.103240966796875,0.877197265625,49.5,91407.109375,269.1991577148437,283.5004272460937,291.7808837890625,0.0040801474824547,0.0100526958703994,0.0143497064709663,-9.18365478515625,-2.088607788085937,-1.065155029296875,3.704254150390625,3.69317626953125,4.097198486328125
2020-09-04,0,0,294.90594482421875,293.2977905273437,-1.115020751953125,-0.0523681640625,0.0,91269.15625,269.16326904296875,283.7425842285156,291.12774658203125,0.0043314285576343,0.0089900400489568,0.0139049142599105,-10.093063354492188,-0.45703125,-0.4207611083984375,4.844879150390625,1.30035400390625,1.061737060546875
2020-09-04,6,1,300.233642578125,294.4176025390625,-1.3648223876953125,1.8388824462890625,425.5,91341.40625,269.1264343261719,283.8699951171875,292.552734375,0.004061747342348,0.0096703991293907,0.0141213610768318,-9.014007568359377,-5.101333618164063,-2.328155517578125,3.791702270507813,-0.811737060546875,2.451934814453125
2020-09-04,12,2,299.6080627441406,295.6044921875,-0.631683349609375,0.579254150390625,349.75,91066.703125,269.78338623046875,284.8580322265625,293.31719970703125,0.0037167456466704,0.0094875320792198,0.014755941927433,-8.42498779296875,-6.333511352539063,-2.758636474609375,0.6255950927734375,0.220947265625,2.025741577148437
2020-09-04,18,3,296.3525390625,294.8304748535156,-1.624908447265625,1.39276123046875,10.25,91351.234375,269.6042175292969,283.8326416015625,292.06463623046875,0.0030062461737543,0.0097135119140148,0.0147860795259475,-11.256072998046877,-5.907257080078125,-1.3737640380859375,-0.487701416015625,1.209686279296875,3.147430419921875
2020-09-05,0,0,296.14373779296875,294.4903564453125,0.5323486328125,1.02294921875,0.0,91216.140625,269.40936279296875,284.22808837890625,291.5751953125,0.0028853728435933,0.0091102011501789,0.0141487773507833,-11.271041870117188,-6.096221923828125,0.5146942138671875,-1.1468048095703125,1.732421875,1.233062744140625
2020-09-05,6,1,300.3510131835937,294.9314880371094,-0.255279541015625,-0.177734375,612.5,91364.4375,269.22979736328125,283.3699035644531,292.6446838378906,0.0035527038853615,0.0098029673099517,0.0145659111440181,-9.699874877929688,-6.442535400390625,-0.96099853515625,2.442367553710937,-0.2050323486328125,-0.8709564208984375
2020-09-05,12,2,299.33502197265625,295.43817138671875,-1.9228515625,-0.0731201171875,530.5,91033.3125,270.284423828125,285.0487670898437,293.0476379394531,0.0039244098588824,0.0091740041971206,0.015012577176094,-7.3359222412109375,-5.8120880126953125,-4.5491943359375,0.7150726318359375,1.055755615234375,-0.38104248046875
2020-09-05,18,3,296.1752319335937,294.9722900390625,-1.2195892333984375,1.4878082275390625,282.75,91246.375,269.7998046875,284.94244384765625,292.800048828125,0.003896984970197,0.0083271339535713,0.0140140168368816,-8.802536010742188,-4.639251708984375,-3.610748291015625,-0.325103759765625,-0.5404052734375,2.99334716796875
2020-09-06,0,0,296.0071716308594,294.36993408203125,-1.069122314453125,0.75421142578125,64.0,91192.375,270.51141357421875,283.91119384765625,291.64324951171875,0.0030923581216484,0.0089292638003826,0.013522483408451,-8.702392578125,-7.195037841796875,-1.2425079345703125,0.03936767578125,1.8558197021484373,2.724578857421875
2020-09-06,6,1,301.1967163085937,293.80535888671875,-1.2551422119140625,0.8577117919921875,43.5,91279.578125,270.13507080078125,283.63348388671875,293.069091796875,0.003140011569485,0.009663350880146,0.0139079391956329,-10.34002685546875,-5.092010498046875,-2.10430908203125,0.0388031005859375,4.0936279296875,0.9479827880859376
2020-09-06,12,2,300.2315673828125,295.4891052246094,-1.8510894775390625,1.23431396484375,371.5,90978.96875,269.9461975097656,284.6082458496094,294.3787841796875,0.004107616841793,0.0094029493629932,0.0134525895118713,-6.9439697265625,-2.4631500244140625,-4.93670654296875,0.845306396484375,3.688262939453125,1.5184173583984375
2020-09-06,18,3,296.3843994140625,294.7440795898437,-0.5101165771484375,1.6617584228515625,233.5,91328.03125,269.1730651855469,284.1527709960937,291.458740234375,0.0037626675330102,0.0092920958995819,0.0153044126927852,-7.9791259765625,-1.19140625,-1.1858673095703125,4.434234619140625,1.199554443359375,5.1454010009765625
2020-09-07,0,0,295.8978271484375,294.1971435546875,2.004852294921875,0.7649993896484375,116.75,91262.53125,268.828125,283.1722412109375,291.1845092773437,0.0031884019263088,0.0096808075904846,0.013698436319828,-10.442520141601562,0.9845733642578124,9.683670043945312,3.28167724609375,5.625885009765625,8.128555297851562
2020-09-07,6,1,300.33062744140625,293.0677490234375,4.9953155517578125,2.23370361328125,8.75,91393.90625,269.5660400390625,284.6484375,292.22607421875,0.0027075225953012,0.0076825246214866,0.0133746489882469,-9.086227416992188,5.927261352539063,8.281387329101562,3.7395172119140634,1.4631500244140625,3.1154327392578125
2020-09-07,12,2,299.53778076171875,293.2904663085937,2.30120849609375,2.00726318359375,51.5,91187.4375,269.6688537597656,283.80450439453125,292.93170166015625,0.0037747861351817,0.0086702927947044,0.0133359171450138,-5.8648834228515625,4.150558471679688,5.398529052734375,0.4446258544921875,2.6916656494140625,3.9733734130859375
2020-09-07,18,3,295.14276123046875,292.7431945800781,2.107086181640625,0.9920501708984376,36.0,91434.078125,267.6771850585937,284.1304931640625,291.85406494140625,0.0049412250518798,0.0083810798823833,0.0132719315588474,-2.1412353515625,0.524688720703125,6.62274169921875,0.090911865234375,1.61968994140625,3.4635772705078125
2020-09-08,0,0,295.40972900390625,293.36553955078125,1.8712158203125,0.8493194580078125,0.0,91293.53125,268.453857421875,283.7894897460937,291.7868347167969,0.0046508722007274,0.0083098821341991,0.0126071572303771,-0.3465576171875,-2.4178466796875,5.7770538330078125,3.173431396484375,1.0416412353515625,0.4911041259765625
2020-09-08,6,1,300.248779296875,294.072509765625,2.1611785888671875,0.7300567626953125,378.0,91409.75,269.0746459960937,283.4418640136719,292.13189697265625,0.0040859617292881,0.0087535642087459,0.0144522823393344,3.115234375,-2.088836669921875,3.046295166015625,0.8088226318359375,3.3560333251953125,1.032073974609375
2020-09-08,12,2,301.102783203125,295.23193359375,0.394622802734375,1.94134521484375,209.25,91128.0625,269.3884582519531,283.6180419921875,293.2118225097656,0.0045130848884582,0.0097693614661693,0.0141617991030216,-2.742523193359375,-0.2934112548828125,1.168243408203125,-1.9093780517578125,2.4647674560546875,3.48077392578125
2020-09-08,18,3,295.795166015625,294.6529846191406,-0.095062255859375,0.734405517578125,204.75,91442.859375,268.9662475585937,283.01824951171875,291.09002685546875,0.0045973621308803,0.0101167522370815,0.0149432532489299,-5.4361724853515625,-1.5535888671875,2.015853881835937,0.116455078125,2.25787353515625,1.6481781005859375
2020-09-09,0,0,295.7054748535156,293.8871765136719,0.566497802734375,0.003387451171875,49.5,91254.1875,268.9639892578125,283.1522216796875,291.1831970214844,0.0038596573285758,0.0091052949428558,0.0140947066247463,-5.67462158203125,-1.2391815185546875,3.2606201171875,0.5573272705078125,1.151519775390625,0.9440765380859376
2020-09-09,6,1,300.4969787597656,295.52716064453125,2.1123809814453125,0.7949981689453125,736.25,91331.234375,269.51031494140625,283.4192810058594,291.31884765625,0.0038874561432749,0.0087068155407905,0.0149629786610603,-6.0750732421875,-1.9065093994140625,3.3446502685546875,0.32305908203125,1.1884765625,1.0080413818359375
2020-09-09,12,2,298.2777709960937,294.47271728515625,1.853759765625,1.8116455078125,279.0,91010.21875,269.1343994140625,283.68463134765625,293.3228759765625,0.0047357603907585,0.0097835250198841,0.0144443213939666,-6.447967529296875,2.0127410888671875,4.0467376708984375,0.0252532958984375,0.7223968505859375,3.1509246826171875
2020-09-09,18,3,294.3551025390625,293.2868957519531,2.6994781494140625,1.996612548828125,159.25,91320.546875,268.70172119140625,283.1420288085937,290.76983642578125,0.0055018980056047,0.0100178532302379,0.0134212449193,-1.3074951171875,0.844390869140625,9.482345581054688,0.160919189453125,0.2627410888671875,3.600433349609375
2020-09-10,0,0,294.860107421875,293.44268798828125,3.1123046875,1.3138885498046875,66.25,91078.8125,269.18389892578125,283.1871337890625,291.45172119140625,0.0051681138575077,0.0095459669828414,0.0124600604176521,-0.661407470703125,1.2617034912109375,12.208480834960938,-0.3733673095703125,2.17303466796875,4.3242034912109375
2020-09-10,6,1,298.0894775390625,294.2469482421875,5.33770751953125,1.8475494384765625,33.25,91221.78125,268.9759826660156,283.3548583984375,291.2846069335937,0.0050528682768344,0.0090382397174835,0.0139359440654516,1.0275115966796875,3.840423583984375,9.01513671875,2.044662475585937,2.3526153564453125,2.667343139648437
2020-09-10,12,2,297.18212890625,294.41070556640625,2.1874237060546875,2.4991912841796875,207.75,90971.25,268.914306640625,283.495361328125,292.3050231933594,0.005188163369894,0.0090773738920688,0.0134713687002658,3.274398803710937,2.236434936523437,8.178619384765625,0.8874969482421875,1.03082275390625,5.8340911865234375
2020-09-10,18,3,294.334716796875,292.775390625,3.3922271728515625,2.29058837890625,0.5,91230.65625,269.14404296875,283.80780029296875,290.35870361328125,0.0046993717551231,0.0092756375670433,0.0130675472319126,1.7738494873046875,3.727096557617188,12.994598388671877,2.366180419921875,1.216064453125,6.673736572265625
2020-09-11,0,0,294.9039306640625,293.0302124023437,3.953765869140625,2.2683868408203125,1.0,91069.25,269.2371826171875,283.27838134765625,289.74249267578125,0.0046713575720787,0.0099312588572502,0.0138640962541103,2.2100982666015625,4.838546752929688,14.2462158203125,0.9310760498046876,0.534942626953125,6.6629791259765625
2020-09-11,6,1,297.98052978515625,293.2738342285156,5.861572265625,2.95782470703125,91.0,91210.171875,269.5011291503906,283.94024658203125,291.628662109375,0.0046561118215322,0.0096061006188392,0.0142886713147163,5.267837524414063,6.66033935546875,10.183609008789062,0.2795562744140625,1.3990631103515625,4.6475677490234375
2020-09-11,12,2,295.9853515625,294.29229736328125,3.6218414306640634,2.392425537109375,90.25,91093.140625,269.3195495605469,283.7244873046875,291.15185546875,0.0052840635180473,0.0089482963085174,0.0137676373124122,5.6432647705078125,9.846908569335938,11.477447509765623,1.4049224853515625,2.267807006835937,4.8043060302734375
2020-09-11,18,3,294.5302124023437,293.4361572265625,3.4304962158203125,2.08062744140625,55.5,91362.03125,268.7943420410156,284.4627685546875,289.53619384765625,0.0052842907607555,0.0079598538577556,0.0136720910668373,5.1138458251953125,11.74139404296875,13.312637329101562,6.51141357421875,2.725921630859375,5.4864501953125
2020-09-12,0,0,295.064208984375,293.3295288085937,3.59124755859375,1.751983642578125,23.5,91236.15625,268.5502319335937,283.8896789550781,289.7342834472656,0.0044988766312599,0.0088658295571804,0.0135352164506912,11.276214599609377,10.97967529296875,13.8604736328125,-0.51605224609375,1.77093505859375,5.243438720703125
2020-09-12,6,1,297.6761169433594,293.54180908203125,5.6373138427734375,2.426361083984375,162.0,91429.671875,268.81903076171875,283.825439453125,290.87750244140625,0.0049416013062,0.009508267045021,0.0145225599408149,10.102828979492188,10.56317138671875,10.809844970703123,-1.2979278564453125,-0.06268310546875,3.885787963867188
2020-09-12,12,2,296.4453125,294.00958251953125,4.157318115234375,1.4297027587890625,131.25,91285.75,268.6946716308594,283.5076599121094,290.51171875,0.0051345825195312,0.0087278150022029,0.0138076432049274,2.827865600585937,10.906021118164062,13.873214721679688,-6.14129638671875,-1.4625701904296875,1.66790771484375
2020-09-12,18,3,293.89129638671875,292.54022216796875,3.92791748046875,0.569488525390625,10.5,91445.46875,268.2623291015625,283.71405029296875,289.8861694335937,0.0048032104969024,0.0087832808494567,0.0129918083548545,-1.16009521484375,11.14031982421875,14.742095947265623,-3.890823364257813,-1.9931793212890625,-0.08416748046875
2020-09-13,0,0,294.0250244140625,292.98291015625,2.7565155029296875,0.0212554931640625,21.25,91325.296875,268.20703125,283.04986572265625,289.5238037109375,0.0048779696226119,0.0093832369893789,0.0137019418179988,3.127166748046875,11.682952880859377,11.6002197265625,-0.6116485595703125,-3.457733154296875,-2.560028076171875
2020-09-13,6,1,296.9555969238281,294.4562683105469,3.67236328125,0.1271209716796875,574.25,91513.84375,268.3963623046875,282.48797607421875,290.81561279296875,0.0051466953009366,0.0101707056164741,0.0135862082242965,3.392807006835937,12.53515625,11.817306518554688,-2.7332000732421875,-3.63116455078125,-2.247299194335937
2020-09-13,12,2,295.21905517578125,293.5891418457031,4.2688751220703125,1.039093017578125,149.75,91251.390625,268.70074462890625,282.3001708984375,290.3684997558594,0.0052082762122154,0.0083311758935451,0.0138022378087043,1.498779296875,16.956954956054688,12.635086059570312,-10.65997314453125,-4.1066436767578125,0.2422637939453125
2020-09-13,18,3,293.79449462890625,293.092041015625,4.2068634033203125,0.3547515869140625,131.5,91469.0,268.7865600585937,282.02642822265625,289.46685791015625,0.0053556393831968,0.0077975951135158,0.0136766582727432,-9.023895263671877,16.296127319335938,14.6488037109375,-4.78619384765625,-4.468963623046875,-1.6400604248046875
2020-09-14,0,0,294.3300476074219,293.2330627441406,4.053726196289063,-0.0870208740234375,77.5,91243.546875,268.85211181640625,282.87091064453125,289.24273681640625,0.0051845759153366,0.008352443575859,0.0134509485214948,-4.10467529296875,13.479782104492188,13.821502685546877,-0.2249755859375,-5.189605712890625,-2.372802734375
2020-09-14,6,1,298.3456420898437,292.258544921875,5.323333740234375,-0.725189208984375,94.0,91426.953125,269.15069580078125,282.53125,290.8091125488281,0.0049982741475105,0.007224678993225,0.0129214860498905,-0.7916412353515625,15.605224609375,11.171157836914062,2.065170288085937,-3.993820190429688,-2.7301483154296875
2020-09-14,12,2,298.19122314453125,293.531005859375,4.4503936767578125,-0.1961822509765625,62.5,91086.84375,268.750732421875,282.7967529296875,291.34112548828125,0.0046643950045108,0.0080026388168334,0.0139381121844053,4.33001708984375,13.427932739257812,11.062942504882812,1.263824462890625,-7.605377197265625,-1.640899658203125
2020-09-14,18,3,294.4793395996094,292.6695251464844,3.2765655517578125,0.6282196044921875,0.0,91374.53125,268.99005126953125,282.60791015625,290.1256408691406,0.004844807088375,0.008398912847042,0.0131465941667556,1.346435546875,11.6585693359375,12.029220581054688,-3.1844024658203125,-5.9008636474609375,-1.1426239013671875
2020-09-15,0,0,294.9999389648437,292.98223876953125,3.43658447265625,0.7060699462890625,3.25,91192.28125,268.778564453125,282.7432556152344,289.48492431640625,0.0050451271235942,0.0096933022141456,0.0135772861540317,-0.4299774169921875,9.566909790039062,12.3690185546875,-3.0775604248046875,-4.98431396484375,-1.1135406494140625
2020-09-15,6,1,298.77496337890625,293.45538330078125,6.104751586914063,-0.6951904296875,5.75,91354.15625,269.01202392578125,283.70831298828125,291.2093505859375,0.0052194148302078,0.0093436315655708,0.0137913972139358,-0.43914794921875,10.3685302734375,11.048324584960938,-3.263427734375,-3.86724853515625,-2.095077514648437
2020-09-15,12,2,298.58514404296875,294.9645690917969,3.053817749023437,1.10504150390625,398.75,91086.109375,269.1111755371094,283.33563232421875,292.301025390625,0.0047961249947547,0.0093007162213325,0.0139665305614471,2.542327880859375,9.743621826171877,10.351303100585938,-1.4945220947265625,-3.2438201904296875,0.7496795654296875
2020-09-15,18,3,294.5033569335937,293.3905639648437,3.37164306640625,0.7804412841796875,0.25,91372.90625,268.4734802246094,283.0201416015625,290.21270751953125,0.0045724594965577,0.0087467357516288,0.0131487920880317,1.304931640625,9.454071044921877,12.360000610351562,0.2560272216796875,-3.416473388671875,-0.835357666015625
2020-09-16,0,0,295.06817626953125,293.169189453125,3.883865356445313,0.7736358642578125,4.5,91211.375,268.7840576171875,282.82745361328125,289.5006408691406,0.0043201502412557,0.0094918608665466,0.0136657766997814,3.558212280273437,11.0242919921875,13.075408935546877,1.957427978515625,-3.71649169921875,-0.88970947265625
2020-09-16,6,1,299.0057373046875,293.889404296875,5.449737548828125,-0.472808837890625,0.0,91409.359375,268.9521484375,283.3392333984375,291.47381591796875,0.0044829957187175,0.0095623973757028,0.0132905505597591,5.795333862304688,9.84271240234375,10.91802978515625,0.8477020263671875,-3.599884033203125,-2.4748687744140625
2020-09-16,12,2,298.4693298339844,294.5711975097656,2.5647430419921875,1.0792694091796875,132.5,91132.703125,269.4099426269531,283.7753295898437,292.1106872558594,0.0046256855130195,0.0093082524836063,0.0137402415275573,5.3209228515625,10.731796264648438,10.178253173828123,-1.109375,-4.01202392578125,0.3428192138671875
2020-09-16,18,3,295.35467529296875,293.3754272460937,3.264007568359375,0.848236083984375,0.0,91409.609375,269.1391296386719,283.3710327148437,291.03643798828125,0.0041932053864002,0.009546048939228,0.0134303197264671,5.7046966552734375,9.239334106445312,10.70257568359375,2.051620483398437,-3.949859619140625,-1.710784912109375
2020-09-17,0,0,295.5798034667969,293.5250244140625,3.372161865234375,0.3333740234375,7.5,91275.15625,269.01641845703125,283.56060791015625,290.15887451171875,0.0042691519483923,0.0091531984508037,0.0131147354841232,7.064743041992188,7.120758056640625,11.595993041992188,0.7568817138671875,-2.49420166015625,-2.640853881835937
2020-09-17,6,1,298.8978881835937,293.1552124023437,4.856597900390625,-0.191558837890625,3.5,91444.28125,269.07574462890625,283.5109558105469,291.6849365234375,0.004033172968775,0.0075058415532112,0.0127961002290248,8.072113037109375,8.638519287109375,8.905807495117188,-0.8567352294921875,-1.7166290283203125,-1.3944854736328125
2020-09-17,12,2,298.53912353515625,294.62890625,3.670486450195313,1.538421630859375,147.0,91161.78125,269.0431823730469,283.8868713378906,292.41259765625,0.0035727445501834,0.0098391212522983,0.0135715752840042,8.451675415039062,8.582122802734375,9.320083618164062,-3.3982086181640625,-0.94403076171875,2.044784545898437
2020-09-17,18,3,294.811767578125,293.8207397460937,3.676116943359375,1.1291961669921875,17.25,91407.484375,268.5653076171875,283.59442138671875,290.6651611328125,0.0044267531484365,0.0098033510148525,0.0142989344894886,4.535171508789063,9.28125,12.98187255859375,-4.0186767578125,-3.119873046875,-0.4226226806640625
2020-09-18,0,0,295.5189208984375,293.76983642578125,4.1627349853515625,0.4577484130859375,18.75,91229.265625,268.0067138671875,283.6430358886719,289.367431640625,0.0046545974910259,0.0092504322528839,0.013578861951828,0.2099609375,8.173477172851562,13.270767211914062,-3.3837432861328125,-4.8994903564453125,-1.1668701171875
2020-09-18,6,1,299.5054626464844,295.2615966796875,5.916748046875,-1.21710205078125,22.75,91312.140625,268.9840087890625,283.35601806640625,291.62432861328125,0.0044983169063925,0.0090533718466758,0.0136104673147201,-0.789703369140625,9.312271118164062,11.481170654296877,-2.2152099609375,-4.4228515625,-2.757476806640625
2020-09-18,12,2,298.6160583496094,294.766845703125,4.1446533203125,0.055328369140625,97.5,90974.375,269.334228515625,283.5565185546875,292.0839538574219,0.0043425671756267,0.0099617466330528,0.0140062198042869,-0.6471710205078125,11.434539794921877,11.57562255859375,-2.756698608398437,-3.5543212890625,-1.582000732421875
2020-09-18,18,3,295.28955078125,292.8856506347656,4.120849609375,-0.1463623046875,0.0,91249.390625,268.7416381835937,283.4453125,290.0673828125,0.0040197558701038,0.0092609785497188,0.013781864196062,1.2781524658203125,13.885498046875,13.229461669921877,-0.7089996337890625,-5.645553588867188,-3.39361572265625
2020-09-19,0,0,294.53173828125,292.8785705566406,4.341400146484375,0.192169189453125,0.0,91046.71875,268.74761962890625,283.0918273925781,290.06427001953125,0.0043911812826991,0.0098132118582725,0.0134200192987918,6.229995727539063,12.905502319335938,15.137451171875,-2.3578033447265625,-5.460784912109375,-1.7675933837890625
2020-09-19,6,1,298.417724609375,294.3598022460937,4.85107421875,0.4828948974609375,32.5,91120.109375,268.77587890625,283.090576171875,291.3939208984375,0.004693154245615,0.0099827572703361,0.0137957707047462,7.88397216796875,10.142929077148438,9.712509155273438,-4.90972900390625,-2.599212646484375,-0.164581298828125
2020-09-19,12,2,296.549560546875,294.2448425292969,4.36309814453125,2.150421142578125,118.0,90866.203125,268.6762084960937,282.9034423828125,291.0303649902344,0.0050874501466751,0.010554514825344,0.0140375047922134,7.266952514648437,9.66839599609375,13.817596435546877,-8.387893676757812,-1.5347747802734375,4.18768310546875
2020-09-19,18,3,294.66522216796875,292.74432373046875,5.1458892822265625,0.9222869873046876,24.5,91035.9375,269.2126159667969,283.1831970214844,289.933349609375,0.0055180005729198,0.009836871176958,0.0139717496931552,7.01263427734375,16.465255737304688,17.322463989257812,-5.6248321533203125,-3.155975341796875,0.8891143798828125
2020-09-20,0,0,294.912353515625,293.3182983398437,4.977310180664063,1.65057373046875,31.0,90875.078125,269.3519287109375,283.35223388671875,289.81298828125,0.0057720635086297,0.0106678642332553,0.0139355547726154,8.900650024414062,15.444992065429688,16.2720947265625,-7.997833251953125,-6.959716796875,1.8275909423828125
2020-09-20,6,1,297.33721923828125,294.02703857421875,4.575103759765625,1.4931182861328125,258.875,91136.953125,268.93310546875,282.462890625,290.5152893066406,0.0054951831698417,0.009797990322113,0.0142392627894878,4.652587890625,19.507110595703125,14.933547973632812,-8.555816650390625,-3.807647705078125,0.0868072509765625
2020-09-20,12,2,294.84893798828125,293.04107666015625,5.5160980224609375,2.2717437744140625,3.5,90960.171875,269.763916015625,282.61962890625,289.8875732421875,0.0053230077028274,0.0096140168607234,0.0138483494520187,4.645843505859375,19.17391967773437,17.369293212890625,-5.5447540283203125,-0.667633056640625,4.1703643798828125
2020-09-20,18,3,294.04522705078125,292.3066101074219,6.5420989990234375,1.724822998046875,20.25,91096.890625,269.5465393066406,283.52880859375,289.8007202148437,0.0056090801954269,0.0082985833287239,0.0139599405229091,2.068222045898437,21.956222534179688,20.298309326171875,-3.66619873046875,2.1372528076171875,3.684371948242188
2020-09-21,0,0,294.2576904296875,292.54119873046875,5.6495361328125,1.4388885498046875,5.5,90927.265625,268.93408203125,283.9249572753906,290.0216369628906,0.0051957555115222,0.0082089006900787,0.0140268430113792,4.8642120361328125,19.0701904296875,17.803009033203125,-1.149810791015625,1.3671875,3.3451690673828125
2020-09-21,6,1,299.0189208984375,293.98736572265625,7.956710815429687,2.853012084960937,15.5,91064.4375,269.1663818359375,283.3252258300781,291.77081298828125,0.0054720155894756,0.007698830217123,0.0140944831073284,7.7618408203125,22.6195068359375,15.942428588867188,2.0523681640625,2.4896240234375,4.237960815429688
2020-09-21,12,2,297.08673095703125,294.2344970703125,5.749923706054688,2.310821533203125,40.625,90960.859375,270.2203369140625,284.2599792480469,290.5745849609375,0.0053347423672676,0.0084511488676071,0.0142984110862016,11.32391357421875,22.20932006835937,17.531097412109375,3.5119171142578125,1.9183502197265625,5.29888916015625
2020-09-21,18,3,294.5582275390625,293.2176513671875,5.581817626953125,3.0077056884765625,3.125,91116.78125,269.78338623046875,284.58697509765625,290.03643798828125,0.0056713037192821,0.0079645290970802,0.0140489600598812,9.109588623046877,21.34942626953125,18.729751586914062,-0.0851593017578125,4.265472412109375,6.759536743164063
2020-09-22,0,0,295.18609619140625,292.68896484375,5.2453155517578125,3.008453369140625,0.0,91008.609375,269.6573486328125,284.1653747558594,289.7997436523437,0.0048363730311393,0.0079938806593418,0.0138554982841014,8.790176391601562,22.06341552734375,17.64593505859375,6.506271362304688,3.663299560546875,5.690338134765625
2020-09-22,6,1,299.7922058105469,291.6713562011719,8.30462646484375,1.7847442626953125,10.875,91148.046875,269.5327453613281,284.3323669433594,292.248291015625,0.0040673352777957,0.007233154028654,0.0127447135746479,8.176071166992188,20.77398681640625,15.4228515625,9.934280395507812,3.604766845703125,2.9100341796875
2020-09-22,12,2,298.4396057128906,292.301513671875,4.868682861328125,1.5865936279296875,0.0,91028.609375,271.0062561035156,283.3570861816406,292.5023193359375,0.0025333494413644,0.0093669667840003,0.0125697664916515,9.16058349609375,15.78729248046875,12.36285400390625,5.933441162109375,-0.2517242431640625,2.5985565185546875
2020-09-22,18,3,293.57342529296875,291.38641357421875,4.42559814453125,1.1224212646484375,0.0,91278.78125,271.3064270019531,284.06317138671875,289.742919921875,0.002477339701727,0.0084320716559886,0.0112645402550697,5.68048095703125,12.74468994140625,16.423828125,4.633316040039063,0.062774658203125,1.986968994140625
2020-09-23,0,0,294.3074951171875,291.7888488769531,3.3762969970703125,1.5064697265625,0.125,91230.796875,269.6840515136719,284.43603515625,288.997802734375,0.0033626698423177,0.0077730268239974,0.0120687037706375,2.82080078125,10.395828247070312,14.19921875,5.281036376953125,0.401153564453125,2.620208740234375
2020-09-23,6,1,299.9753112792969,291.36572265625,6.008590698242188,1.4669647216796875,7.5,91396.3125,270.21295166015625,284.4454345703125,292.0613098144531,0.0031397375278174,0.0079197362065315,0.012137908488512,0.29498291015625,7.9409637451171875,11.751251220703123,5.4361419677734375,-0.11993408203125,1.81365966796875
2020-09-23,12,2,300.403564453125,292.87420654296875,3.354156494140625,0.816436767578125,0.0,91165.28125,270.23828125,284.84783935546875,292.9156494140625,0.003409567521885,0.0078507028520107,0.0120792165398597,-3.9962310791015625,8.7430419921875,9.96441650390625,4.8896026611328125,0.0673980712890625,1.46038818359375
2020-09-23,18,3,294.505859375,292.196044921875,2.506256103515625,1.2279510498046875,0.0,91505.15625,268.9102478027344,283.74627685546875,290.7753295898437,0.0032218964770436,0.009174769744277,0.0121934600174427,-6.0320587158203125,6.5360260009765625,10.343826293945312,4.7416534423828125,0.123321533203125,1.06292724609375
2020-09-24,0,0,294.4211730957031,292.70819091796875,2.1219940185546875,1.319091796875,0.0,91411.703125,268.2562866210937,283.85809326171875,290.4093017578125,0.0026201165746897,0.0086014810949563,0.012335930019617,-7.237655639648437,3.90655517578125,11.460403442382812,4.40045166015625,1.2285003662109375,0.3734893798828125
2020-09-24,6,1,299.5876159667969,292.7381286621094,3.8792724609375,0.883514404296875,7.375,91570.453125,268.7223815917969,284.30584716796875,292.0043334960937,0.0019484201911836,0.0086464770138263,0.013437632471323,-6.8500518798828125,2.3245391845703125,6.5054779052734375,5.33612060546875,1.4505767822265625,0.636932373046875
2020-09-24,12,2,300.3336486816406,295.3101501464844,1.8762359619140625,0.779754638671875,269.0,91332.875,269.65850830078125,283.97186279296875,292.647216796875,0.0018066947814077,0.0092871598899364,0.0144584961235523,-6.8499603271484375,3.3984832763671875,4.5396881103515625,3.6937103271484375,0.328643798828125,0.858245849609375
2020-09-24,18,3,296.01416015625,294.276611328125,1.721405029296875,0.651947021484375,101.75,91607.171875,268.7859191894531,283.3173828125,291.2764587402344,0.0029917862266302,0.0101348981261253,0.014431670308113,-5.3436431884765625,0.988037109375,5.0379486083984375,1.8495025634765625,0.2439422607421875,-0.9202117919921876
2020-09-25,0,0,295.278076171875,293.7415771484375,2.15185546875,0.592132568359375,64.5,91451.109375,267.9337158203125,283.1845092773437,291.76806640625,0.0039422921836376,0.0103871561586856,0.0132652334868907,-4.785919189453125,2.9807891845703125,5.4329681396484375,-2.092391967773437,-0.8477935791015625,-0.1140594482421875
2020-09-25,6,1,299.718505859375,293.89263916015625,3.279022216796875,0.7154998779296875,204.25,91487.171875,268.1441650390625,284.4576416015625,292.9995422363281,0.0032680518925189,0.0093018822371959,0.0136588551104068,-4.99688720703125,3.5582733154296875,4.9383392333984375,-4.186294555664063,0.200775146484375,0.5108795166015625
2020-09-25,12,2,299.4796142578125,295.01434326171875,3.0012359619140625,1.51934814453125,558.875,91305.359375,268.4248352050781,282.929443359375,292.89239501953125,0.002929417649284,0.0100199244916439,0.0138844139873981,-3.79998779296875,5.267486572265625,7.9648895263671875,-5.91094970703125,2.007415771484375,3.631179809570313
2020-09-25,18,3,295.4375,293.88507080078125,3.618133544921875,1.9205780029296875,232.5,91485.984375,267.0078125,284.3305053710937,291.6914978027344,0.0039952993392944,0.0083920992910861,0.0129481106996536,-0.5881195068359375,6.746994018554688,11.008560180664062,-3.86279296875,-0.3560028076171875,1.609588623046875
2020-09-26,0,0,294.3802490234375,293.2045288085937,2.4130859375,0.01995849609375,31.0,91372.21875,267.490478515625,283.6649169921875,291.67205810546875,0.0044317748397588,0.0082837007939815,0.0104135908186435,1.2562255859375,9.121505737304688,10.777191162109377,1.5590667724609375,1.8925323486328125,0.0090179443359375
2020-09-26,6,1,297.02197265625,293.188232421875,3.5790252685546875,0.114715576171875,38.5,91557.625,267.3740234375,283.3720092773437,290.7059326171875,0.0043244808912277,0.0079495124518871,0.0119800791144371,-0.3560791015625,9.98785400390625,7.671844482421875,3.82177734375,0.7604827880859375,-1.043548583984375
2020-09-26,12,2,297.9283447265625,293.29412841796875,2.845687866210937,0.8516845703125,91.625,91281.671875,267.977783203125,283.4765625,291.29376220703125,0.004256471991539,0.0078033804893493,0.0134664922952651,4.439056396484375,10.4510498046875,7.9232940673828125,1.8434906005859373,-2.6961669921875,0.5690765380859375
2020-09-26,18,3,295.15655517578125,293.7364501953125,1.7404632568359375,1.1464996337890625,203.125,91544.53125,268.3507995605469,282.2474060058594,290.7178955078125,0.0042366422712802,0.007774781435728,0.0138250067830085,4.318634033203125,8.92626953125,7.2419891357421875,0.2331390380859375,-2.73480224609375,-1.013671875
2020-09-27,0,0,295.2299194335937,293.3687744140625,2.0299835205078125,0.165557861328125,170.875,91448.5625,266.666259765625,282.04559326171875,290.39898681640625,0.0042852461338043,0.0077607501298189,0.0119272843003273,6.5697021484375,7.676300048828125,8.499755859375,-1.1862945556640625,-2.807830810546875,-4.616241455078125
2020-09-27,6,1,299.358642578125,292.7286682128906,3.915359497070313,-1.735107421875,30.25,91579.15625,267.2469787597656,282.72833251953125,290.6276550292969,0.0039807818830013,0.0074952282011508,0.012783620506525,2.767578125,9.33184814453125,6.01702880859375,-4.945953369140625,-2.4405059814453125,-3.1027069091796875
2020-09-27,12,2,299.85906982421875,293.12548828125,1.66131591796875,-1.6434478759765625,73.75,91287.484375,267.9344482421875,282.9936218261719,292.5517272949219,0.0047247484326362,0.0077335946261882,0.0130507312715053,-0.4797210693359375,8.828933715820312,4.98089599609375,-4.060150146484375,-2.7342529296875,-4.34686279296875
2020-09-27,18,3,294.0550537109375,292.85516357421875,1.299346923828125,-0.4276275634765625,25.5,91526.921875,268.46734619140625,284.121337890625,291.17303466796875,0.003915213048458,0.0062890872359275,0.0136673375964164,1.22235107421875,5.6024322509765625,5.6558990478515625,-0.8894500732421875,-4.7238616943359375,-4.335372924804688
2020-09-28,0,0,295.1806030273437,293.3096618652344,1.6927337646484375,-0.803680419921875,0.75,91412.75,268.3766174316406,283.046142578125,290.7113952636719,0.0037440450396388,0.0066806003451347,0.0126769319176673,2.2896728515625,2.994369506835937,4.157028198242188,-5.769302368164063,-3.59991455078125,-1.6966094970703125
2020-09-28,6,1,300.5526123046875,293.23553466796875,3.3457794189453125,-1.7995758056640625,0.0,91487.875,268.32720947265625,284.03668212890625,291.6939697265625,0.0037336589302867,0.007210373878479,0.012793518602848,-0.50433349609375,3.6219635009765625,4.934585571289063,-3.393585205078125,-2.8531036376953125,-2.940032958984375
2020-09-28,12,2,299.539794921875,294.214111328125,1.091033935546875,-1.793792724609375,462.125,91191.515625,268.9685363769531,282.78485107421875,293.10064697265625,0.0044051595032215,0.0097237657755613,0.0137884058058261,1.0383758544921875,2.8096923828125,4.5237884521484375,-4.009292602539063,-4.414077758789063,-5.235321044921875
2020-09-28,18,3,295.8399353027344,293.3231201171875,1.799713134765625,-1.7310333251953125,184.375,91528.0625,268.4136657714844,282.4934387207031,291.40606689453125,0.0044986270368099,0.0094839073717594,0.0141912065446376,-0.6439666748046875,0.514678955078125,4.6789093017578125,-5.480072021484375,-5.1875,-4.898223876953125
2020-09-29,0,0,295.2301940917969,293.875244140625,2.2140350341796875,-0.7517547607421875,3.0,91309.734375,268.55279541015625,282.5452880859375,290.6566162109375,0.0035093731712549,0.0079524479806423,0.0138402357697486,-0.1178436279296875,1.7249298095703125,5.9428558349609375,-5.268096923828125,-4.4718780517578125,-5.62420654296875
2020-09-29,6,1,298.8865966796875,295.4257202148437,3.0039520263671875,-1.709625244140625,580.625,91450.53125,267.6417236328125,282.97235107421875,291.0797424316406,0.0038162823766469,0.0079162791371345,0.0142747685313224,0.9468994140625,2.657699584960937,4.6842041015625,-6.257232666015625,-3.7642669677734375,-3.307952880859375
2020-09-29,12,2,295.6803283691406,294.1387023925781,2.3975067138671875,-1.092864990234375,714.125,91151.125,268.4327392578125,282.64605712890625,291.2665100097656,0.0044878721237182,0.0099342428147792,0.0151103883981704,-0.600372314453125,6.211181640625,5.470062255859375,-6.856002807617188,-4.342620849609375,-4.770965576171875
2020-09-29,18,3,293.3783569335937,292.682373046875,2.1105194091796875,-1.534820556640625,260.375,91446.46875,267.5426025390625,282.7240600585937,290.7203369140625,0.0046424660831689,0.0089736282825469,0.0141735263168811,0.997589111328125,4.2929229736328125,6.6375885009765625,-5.62786865234375,-5.6920166015625,-7.491531372070312
2020-09-30,0,0,294.2833251953125,293.1962585449219,2.5419464111328125,0.2397613525390625,88.75,91227.0625,267.665283203125,282.3802490234375,290.8196716308594,0.0048371665179729,0.0093479454517364,0.013080608099699,1.5971527099609375,5.156997680664063,6.8231353759765625,-7.145721435546875,-4.056976318359375,-4.8109130859375
2020-09-30,6,1,297.3996276855469,293.4847412109375,3.663406372070313,-0.6910400390625,329.0,91396.34375,267.6494140625,282.4566650390625,290.1484375,0.0047642113640904,0.0092685669660568,0.0139056593179702,0.9091644287109376,3.368392944335937,6.9367523193359375,-4.92529296875,-5.59735107421875,-3.060409545898437
2020-09-30,12,2,297.763427734375,294.5412902832031,3.05059814453125,0.0060272216796875,242.75,91132.109375,267.995849609375,282.78631591796875,291.4417419433594,0.0049240551888942,0.0086003541946411,0.0138549096882343,2.7321319580078125,5.4906158447265625,7.6405792236328125,-6.322509765625,-4.0684967041015625,-2.4260711669921875
2020-09-30,18,3,294.2225952148437,293.42431640625,3.319976806640625,-0.1404876708984375,23.0,91399.046875,268.6045227050781,282.4555969238281,290.3803100585937,0.004791097715497,0.0087291561067104,0.0133470483124256,-1.2915496826171875,6.263107299804688,11.177093505859377,-4.2949981689453125,-4.1878204345703125,-3.24517822265625
2020-10-01,0,0,294.26104736328125,292.7370910644531,3.036468505859375,-1.252410888671875,0.5,91330.71875,268.23956298828125,282.6347961425781,290.4960632324219,0.0045640766620635,0.0082086026668548,0.0111028812825679,-0.1385345458984375,5.769927978515625,10.676101684570312,0.974365234375,-4.213165283203125,-7.282867431640625
2020-10-01,6,1,299.0389099121094,292.590087890625,3.413558959960937,-3.14288330078125,0.5,91427.203125,267.8940734863281,282.75506591796875,291.1534423828125,0.0043447352945804,0.0078117735683918,0.0129542686045169,2.585311889648437,4.1398773193359375,5.30084228515625,2.8977813720703125,-3.993560791015625,-5.1055450439453125
2020-10-01,12,2,299.51373291015625,293.8385009765625,1.9739837646484373,-0.7050933837890625,31.5,91131.921875,269.6132507324219,283.0450439453125,292.9453125,0.0039976788684725,0.0078540854156017,0.0127311721444129,1.8463134765625,3.724777221679688,6.6563568115234375,-0.8655548095703125,-4.2902374267578125,-3.5143280029296875
2020-10-01,18,3,295.144287109375,293.0507202148437,1.7809295654296875,-1.0984649658203125,13.25,91370.984375,269.3790283203125,282.90478515625,291.7919006347656,0.0039182016626,0.0069603025913238,0.0132399797439575,1.6346282958984375,1.1326141357421875,6.7279052734375,0.630828857421875,-4.560333251953125,-6.2164306640625
2020-10-02,0,0,294.792724609375,293.508056640625,2.507675170898437,-0.0096893310546875,0.0,91314.828125,269.2066650390625,282.7510681152344,290.970947265625,0.0038038070779293,0.0064822994172573,0.0129098109900951,2.212860107421875,1.907806396484375,5.0868988037109375,-0.4944610595703125,-2.4457550048828125,-4.7886505126953125
2020-10-02,6,1,299.8966064453125,293.2857666015625,2.9955291748046875,-1.99493408203125,0.0,91403.796875,269.52764892578125,282.94390869140625,291.81109619140625,0.0037988235708326,0.007778413593769,0.0132156908512115,1.582672119140625,1.4803619384765625,4.4902191162109375,0.4496307373046875,-2.92169189453125,-3.259750366210937
2020-10-02,12,2,299.3179016113281,294.2739562988281,1.710174560546875,-0.70086669921875,36.25,91151.90625,270.2053527832031,283.18505859375,293.4288330078125,0.0039733331650495,0.0086990967392921,0.0130973141640424,1.529754638671875,1.88018798828125,4.4871826171875,-0.9472808837890624,-2.5075836181640625,-2.5976104736328125
2020-10-02,18,3,295.7676696777344,293.8632202148437,2.1423797607421875,-0.6876068115234375,21.0,91415.34375,269.418212890625,282.88006591796875,291.79803466796875,0.0038321460597217,0.0085754580795764,0.0135207213461399,1.1932373046875,-0.53564453125,6.979766845703125,-1.6272125244140625,-3.56829833984375,-3.72015380859375
2020-10-03,0,0,295.3715209960937,293.7552795410156,2.952301025390625,-0.16387939453125,4.375,91357.375,269.3359069824219,282.28369140625,290.9034118652344,0.0040683960542082,0.0073692761361598,0.0122833587229251,0.65496826171875,1.483245849609375,8.0787353515625,-0.24322509765625,-2.5638427734375,-4.3404083251953125
2020-10-03,6,1,299.5145874023437,293.52099609375,4.026382446289063,-1.4027252197265625,39.125,91431.421875,268.992919921875,283.1185302734375,291.8130798339844,0.0040942132472991,0.0074285380542278,0.0134751135483384,1.9376220703125,1.904083251953125,6.2027130126953125,-1.2271575927734375,-2.74468994140625,-2.6613311767578125
2020-10-03,12,2,299.1548767089844,293.97760009765625,2.716644287109375,-0.7485809326171875,49.0,91260.671875,269.2549743652344,282.7386169433594,292.65850830078125,0.004218659363687,0.0096524469554424,0.0128684639930725,1.6595001220703125,3.900421142578125,7.63214111328125,-3.4603729248046875,-5.073776245117188,-2.629852294921875
2020-10-03,18,3,295.6239013671875,293.2338256835937,3.511810302734375,0.4461669921875,49.25,91603.171875,268.0630187988281,283.0684814453125,290.7815246582031,0.0042928308248519,0.0083003230392932,0.0129789151251316,0.730224609375,0.8240509033203125,9.37188720703125,-3.051254272460937,-5.218780517578125,-1.5919342041015625
2020-10-04,0,0,294.20684814453125,292.86492919921875,3.451019287109375,-0.182708740234375,0.125,91449.046875,267.7182006835937,283.198974609375,291.2723999023437,0.0047372616827487,0.0069229193031787,0.011132463812828,0.9678192138671876,3.649703979492188,10.504409790039062,-3.224273681640625,-3.537567138671875,-3.797805786132813
2020-10-04,6,1,298.3346862792969,292.30810546875,4.1930084228515625,-1.9862823486328125,3.5,91564.0625,268.45977783203125,283.4334411621094,291.28106689453125,0.004761517047882,0.0074637383222579,0.0126969777047634,2.317977905273437,4.215789794921875,6.271392822265625,-1.3543548583984375,-3.1639862060546875,-3.4296875
2020-10-04,12,2,298.2060852050781,293.374755859375,2.97601318359375,-0.50244140625,19.125,91353.859375,268.5475769042969,282.3507080078125,291.4364624023437,0.0044068917632102,0.00933039188385,0.01296803727746,2.7838134765625,2.9960174560546875,8.507431030273438,-3.400421142578125,-4.4650726318359375,-1.9765167236328125
2020-10-04,18,3,295.221923828125,292.0675964355469,3.429672241210937,-0.19384765625,0.0,91594.0625,268.0845947265625,282.6778259277344,290.3824462890625,0.0041702473536133,0.0079781897366046,0.0117718093097209,2.7684783935546875,0.0921173095703125,10.379913330078123,-4.89031982421875,-5.093292236328125,-2.803573608398437
2020-10-05,0,0,294.2059326171875,292.228271484375,2.886627197265625,-0.68133544921875,0.0,91431.8125,268.76568603515625,283.0570068359375,290.4573974609375,0.0041938237845897,0.0079899169504642,0.0106529481709003,0.57568359375,-0.4981231689453125,9.462417602539062,-2.23455810546875,-4.95849609375,-6.2655181884765625
2020-10-05,6,1,299.5643920898437,292.5970458984375,3.01031494140625,-3.249755859375,0.625,91473.65625,268.6151123046875,283.549560546875,291.7032470703125,0.0042294450104236,0.0071733072400093,0.0129097551107406,1.891815185546875,-0.9623870849609376,4.53802490234375,-0.0503997802734375,-3.74517822265625,-5.129074096679688
2020-10-05,12,2,299.70928955078125,294.4798278808594,1.72589111328125,-1.7494049072265625,28.75,91228.75,270.4111328125,283.2269287109375,292.1484375,0.0030991446692496,0.0080945594236254,0.0136381089687347,3.681686401367188,0.4371795654296875,4.600265502929688,-0.77081298828125,-3.067718505859375,-5.67181396484375
2020-10-05,18,3,295.62225341796875,293.5428161621094,1.951019287109375,-0.4929046630859375,0.0,91450.078125,269.93438720703125,283.6575622558594,291.1914978027344,0.0028842212632298,0.0079686716198921,0.0139717683196067,3.3275299072265625,-0.5112762451171875,5.918228149414063,-0.784088134765625,-4.88232421875,-4.695343017578125
2020-10-06,0,0,294.9701538085937,293.4432373046875,1.8825836181640625,-1.0840911865234375,0.0,91356.125,269.47088623046875,283.4412841796875,291.726318359375,0.0028322688303887,0.0074505917727947,0.0129182152450084,2.2429351806640625,0.8080902099609375,3.4719696044921875,-0.498870849609375,-2.6107940673828125,-5.5963897705078125
2020-10-06,6,1,300.9430847167969,293.276611328125,1.66265869140625,-2.5954742431640625,0.0,91394.09375,271.09295654296875,283.3248291015625,292.77252197265625,0.0022093632724136,0.0078594721853733,0.0131628848612308,2.331451416015625,1.52606201171875,2.176483154296875,1.66632080078125,-4.401382446289063,-4.2933349609375
2020-10-06,12,2,301.5171203613281,294.46685791015625,0.694091796875,-1.12664794921875,21.75,91195.703125,270.997314453125,283.2984619140625,294.4585266113281,0.0020342422649264,0.0084965080022811,0.0128723084926605,1.5125579833984375,1.83111572265625,1.7328338623046875,0.9798126220703124,-2.4927520751953125,-3.668045043945313
2020-10-06,18,3,296.1159362792969,293.3925170898437,1.5216827392578125,0.3538665771484375,141.875,91501.65625,269.6548156738281,282.7819519042969,292.68096923828125,0.0021648872643709,0.0090363211929798,0.0136056877672672,0.09088134765625,-0.3431854248046875,2.6744537353515625,0.5316162109375,-3.099456787109375,-3.861495971679688
2020-10-07,0,0,295.7097473144531,294.2820129394531,2.6326141357421875,0.567291259765625,150.0,91440.4375,268.82684326171875,282.2294311523437,290.8865966796875,0.0022357644047588,0.0088659785687923,0.0144024528563022,-1.85528564453125,1.8890838623046875,5.0432891845703125,0.2389984130859375,-2.696044921875,-4.1549835205078125
2020-10-07,6,1,300.4898681640625,293.9376220703125,2.305770874023437,-2.6443634033203125,0.0,91483.3125,269.5498046875,284.0530700683594,292.4788513183594,0.0020699964370578,0.0076423920691013,0.0133312307298183,-2.148834228515625,3.80938720703125,3.224700927734375,4.825119018554688,-4.06732177734375,-4.203155517578125
2020-10-07,12,2,300.7994384765625,293.87847900390625,0.450103759765625,-1.6711578369140625,26.125,91199.625,269.35479736328125,283.5572509765625,294.3396911621094,0.0030384717974811,0.0086998157203197,0.0131247006356716,0.9144287109375,2.0823211669921875,0.74285888671875,3.23681640625,-3.127716064453125,-5.22821044921875
2020-10-07,18,3,295.795166015625,293.75897216796875,1.3314971923828125,-0.046356201171875,59.375,91504.953125,268.28472900390625,283.512451171875,292.691162109375,0.0032051489688456,0.008899837732315,0.0133991800248622,1.821807861328125,1.2687530517578125,1.1596221923828125,0.513275146484375,-4.189544677734375,-5.55230712890625
2020-10-08,0,0,295.20684814453125,293.9256896972656,1.34857177734375,-0.194793701171875,56.625,91367.28125,268.9429931640625,283.1905517578125,291.6553039550781,0.002689151559025,0.0087284483015537,0.0130733661353588,-0.4490203857421875,3.470733642578125,1.5583343505859375,-0.4391326904296875,-3.7155609130859375,-4.579605102539063
2020-10-08,6,1,300.3587646484375,293.44561767578125,1.6208648681640625,-1.3644256591796875,23.625,91446.265625,269.9079284667969,284.1607971191406,292.626708984375,0.0021194638684391,0.0075217522680759,0.0131845995783805,-1.687713623046875,3.147323608398437,2.0233306884765625,-3.156967163085937,-1.342010498046875,-2.105072021484375
2020-10-08,12,2,301.8241577148437,294.2505187988281,0.656494140625,-0.8416290283203125,60.375,91133.125,269.603271484375,284.4727783203125,295.52911376953125,0.0020411540754139,0.0073161460459232,0.0126348994672298,-4.6495513916015625,1.16949462890625,0.9117431640625,-4.910308837890625,-0.507415771484375,-2.183700561523437
2020-10-08,18,3,296.70037841796875,294.3290405273437,0.4852752685546875,1.2743988037109375,212.125,91437.46875,269.011474609375,282.42254638671875,292.81915283203125,0.0026506735011935,0.009206797927618,0.013533666729927,-7.418075561523437,0.3718109130859375,-0.764984130859375,-3.95196533203125,-0.2895050048828125,-2.165252685546875
2020-10-09,0,0,296.28839111328125,294.369384765625,1.340576171875,1.3526611328125,78.25,91355.34375,268.5824279785156,283.59832763671875,291.8990783691406,0.004084825515747,0.008231658488512,0.0134020783007144,-8.120101928710938,0.1922454833984375,-0.783966064453125,-2.5000457763671875,-1.320404052734375,-2.332748413085937
2020-10-09,6,1,300.3999938964844,294.1846618652344,1.2382659912109375,-0.941375732421875,24.625,91440.859375,268.58843994140625,283.5553894042969,292.2947998046875,0.0035589882172644,0.0070731006562709,0.0136804208159446,-9.00872802734375,0.508941650390625,1.5054168701171875,-0.989044189453125,-2.092926025390625,-1.7441558837890625
2020-10-09,12,2,300.19317626953125,293.0389099121094,0.95550537109375,0.0724639892578125,174.375,91165.140625,269.38037109375,283.3926086425781,293.6882629394531,0.003207798814401,0.0090913623571395,0.0136061757802963,-7.9579925537109375,0.8813018798828125,2.570648193359375,-1.22869873046875,-0.6139373779296875,-0.8456878662109375
2020-10-09,18,3,295.5806579589844,293.2684326171875,1.2459259033203125,-0.212127685546875,418.125,91522.71875,267.7299194335937,283.4010009765625,291.001708984375,0.0041925758123397,0.008381463587284,0.0146128050982952,-7.74957275390625,2.0179595947265625,3.800689697265625,-1.89508056640625,-2.2662353515625,-3.27508544921875
2020-10-10,0,0,294.50830078125,292.9195556640625,1.9172210693359373,-0.60986328125,128.0,91341.59375,268.00860595703125,283.5502319335937,291.1878662109375,0.0030090438667684,0.0081394203007221,0.01414155960083,-5.89776611328125,2.5181121826171875,5.237701416015625,0.876861572265625,-2.880462646484375,-4.242965698242188
2020-10-10,6,1,299.6251525878906,294.19012451171875,2.61602783203125,-2.0009765625,823.5,91413.421875,267.1324768066406,283.7284545898437,292.0423278808594,0.0029962891712784,0.0076392125338315,0.014976792037487,1.1323699951171875,-0.5567474365234375,4.16705322265625,-0.949737548828125,-3.838409423828125,-3.5233154296875
2020-10-10,12,2,298.00946044921875,295.1658935546875,1.1903533935546875,0.59735107421875,657.625,91162.765625,268.9474792480469,283.3856506347656,292.09234619140625,0.0041754855774343,0.0091431513428688,0.0150071196258068,2.919769287109375,0.2770843505859375,3.0271759033203125,-5.652023315429688,-1.6971588134765625,-0.1373748779296875
2020-10-10,18,3,294.77423095703125,293.6314697265625,2.4178466796875,-0.850860595703125,273.5,91371.265625,268.68658447265625,283.1805419921875,290.61444091796875,0.0053490623831748,0.0089955441653728,0.0145430099219083,1.474334716796875,4.292160034179688,9.002426147460938,-2.8507843017578125,-1.7257232666015625,-2.0277099609375
2020-10-11,0,0,294.8690185546875,293.4920959472656,2.9311065673828125,0.5932769775390625,138.125,91195.90625,268.6944274902344,282.9687805175781,290.0372314453125,0.0054567269980907,0.0088549554347991,0.0135263130068779,4.232437133789063,5.60064697265625,10.618606567382812,0.270599365234375,-0.7867431640625,-1.753082275390625
2020-10-11,6,1,298.17547607421875,294.7929992675781,4.705612182617188,-0.261444091796875,331.125,91301.5,268.0147399902344,282.4359741210937,291.1817321777344,0.0046665966510772,0.009378645569086,0.0139008723199367,7.741378784179687,7.8872222900390625,9.37994384765625,1.6924591064453125,-1.8321685791015625,-1.91790771484375
2020-10-11,12,2,296.927978515625,294.29510498046875,3.149993896484375,0.3683929443359375,152.5,91008.5,269.3465576171875,282.9644775390625,291.59698486328125,0.0054679289460182,0.0091494135558605,0.013264387845993,5.4459991455078125,10.017013549804688,12.646331787109377,-3.89801025390625,-1.5183258056640625,1.2287139892578125
2020-10-11,18,3,294.1979675292969,292.711669921875,3.0142822265625,0.7674837112426758,15.125,91149.578125,269.0028686523437,283.0354919433594,290.8250732421875,0.0053470619022846,0.008531354367733,0.0111902467906475,2.2872772216796875,9.589141845703123,12.7244873046875,-3.930938720703125,-0.8628692626953125,-1.6865081787109375
2020-10-12,0,0,294.1275939941406,293.0966796875,3.002410888671875,0.8131561279296875,1.0,91012.1875,268.8709716796875,282.9521484375,289.8881530761719,0.0050147864967584,0.0079517662525177,0.013751782476902,4.3680267333984375,10.396652221679688,12.946212768554688,0.7370147705078125,-0.10931396484375,0.572296142578125
2020-10-12,6,1,298.1459350585937,295.0057373046875,3.91326904296875,1.5194091796875,393.375,91060.0,269.24951171875,282.7684936523437,290.8337097167969,0.004884734749794,0.009188137948513,0.0139966942369937,7.153488159179688,10.429931640625,8.495376586914062,0.1628875732421875,0.14471435546875,2.4067840576171875
2020-10-12,12,2,296.717529296875,294.4921875,3.008773803710937,0.7510223388671875,108.5,90814.453125,269.8089599609375,282.98016357421875,290.771728515625,0.0055275782942771,0.0106242559850215,0.0144841969013214,8.0255126953125,8.375839233398438,10.38037109375,-2.1968536376953125,-0.146881103515625,1.923583984375
2020-10-12,18,3,294.4489440917969,293.5286865234375,4.3111572265625,0.9129180908203124,74.25,90940.8125,269.96832275390625,283.48101806640625,290.26495361328125,0.0057106912136077,0.0100361257791519,0.0143478699028491,7.5867156982421875,12.823806762695312,14.45855712890625,-0.6123504638671875,-0.1776123046875,-1.779052734375
2020-10-13,0,0,294.26934814453125,292.837890625,4.0194854736328125,0.652679443359375,5.125,90832.34375,268.9224853515625,283.66845703125,289.6286315917969,0.005058454349637,0.0094842202961444,0.0135218277573585,7.554351806640625,11.622222900390623,12.96234130859375,3.2053375244140625,-4.223419189453125,-0.7867584228515625
2020-10-13,6,1,297.96551513671875,293.27197265625,6.245697021484375,0.0998077392578125,4.875,91061.1875,270.4139709472656,282.8861694335937,290.65380859375,0.0044535789638757,0.0103902220726013,0.0136891081929206,11.896392822265623,9.041305541992188,12.843414306640623,1.056396484375,-3.587982177734375,-1.7931365966796875
2020-10-13,12,2,297.2140808105469,292.78717041015625,4.500335693359375,0.5240478515625,0.0,90775.0625,271.2778625488281,283.00701904296875,291.00396728515625,0.0039544887840747,0.0094823837280273,0.0125208273530006,8.24560546875,7.337051391601562,12.860702514648438,0.503143310546875,-2.981842041015625,0.1368865966796875
2020-10-13,18,3,293.85430908203125,291.37457275390625,4.312957763671875,1.75518798828125,11.125,91033.546875,270.4692687988281,283.1520080566406,290.164306640625,0.0042176879942417,0.0093856565654277,0.0120106376707553,7.2828369140625,7.98992919921875,14.4669189453125,-0.4259033203125,-0.7032012939453125,2.041839599609375
2020-10-14,0,0,294.66925048828125,292.50750732421875,4.882095336914063,1.9993743896484373,7.875,90927.78125,269.95635986328125,283.07177734375,289.181884765625,0.00427071377635,0.0104182735085487,0.0119834616780281,5.33892822265625,10.421417236328123,16.25811767578125,0.276123046875,-1.874053955078125,3.1803131103515625
2020-10-14,6,1,298.682861328125,292.0108642578125,6.661788940429688,2.617279052734375,0.0,91170.265625,269.7825927734375,283.0881042480469,289.5629272460937,0.0044297613203525,0.0096653699874877,0.0109792277216911,4.1829833984375,11.881942749023438,17.625091552734375,2.124481201171875,-1.63018798828125,5.2886505126953125
2020-10-14,12,2,296.53192138671875,291.4168701171875,4.5635986328125,2.3399658203125,0.0,90945.140625,269.9676208496094,283.0688171386719,290.4129943847656,0.0051884986460208,0.0081863179802894,0.0113101527094841,5.887863159179688,12.400253295898438,14.073394775390623,0.5733184814453125,-2.3299560546875,5.03900146484375
2020-10-14,18,3,293.682861328125,292.3971252441406,3.7779541015625,2.5883941650390625,0.0,91156.984375,270.24639892578125,283.8310546875,289.6061706542969,0.0041109696030616,0.0101696997880935,0.0120996944606304,3.5728912353515625,10.287399291992188,14.798019409179688,2.521820068359375,-0.1094818115234375,6.4130401611328125
2020-10-15,0,0,294.2138061523437,292.7675476074219,3.5892333984375,1.7756195068359375,1.25,91044.703125,269.191650390625,283.6549072265625,288.6901550292969,0.0037215275224298,0.0083517283201217,0.0125657431781291,1.2527923583984375,9.566009521484377,14.0845947265625,4.407760620117188,1.341705322265625,3.353057861328125
2020-10-15,6,1,298.32244873046875,291.81231689453125,5.77777099609375,3.048828125,6.625,91212.25,269.0841369628906,284.0744323730469,291.86248779296875,0.0037390403449535,0.0099584031850099,0.012427881360054,5.322799682617188,7.771514892578125,11.17254638671875,5.8521270751953125,0.4503173828125,5.2105560302734375
2020-10-15,12,2,299.0013732910156,293.0123291015625,3.426025390625,1.8773651123046875,0.0,90971.1875,269.98388671875,282.98175048828125,291.9780578613281,0.0030417684465646,0.0103598684072494,0.0132655315101146,8.132217407226562,10.10211181640625,9.530349731445312,3.3552398681640625,1.713104248046875,4.5713958740234375
2020-10-15,18,3,294.3734130859375,292.45037841796875,2.358154296875,2.318145751953125,0.0,91231.875,270.1229858398437,283.8619384765625,291.29022216796875,0.0030886158347129,0.0094211474061012,0.0126448571681976,4.092941284179688,8.015289306640625,8.79937744140625,1.652191162109375,2.8291778564453125,3.932083129882813
2020-10-16,0,0,294.2149658203125,292.4728698730469,2.219711303710937,1.332305908203125,7.875,91049.015625,269.90350341796875,284.0008544921875,290.81060791015625,0.0025423399638384,0.0084242261946201,0.0112819299101829,-2.3336944580078125,5.77301025390625,10.5643310546875,2.5914764404296875,1.6265106201171875,2.17730712890625
2020-10-16,6,1,298.9825439453125,292.95196533203125,3.6753997802734375,1.262481689453125,8.5,91242.1875,269.6466064453125,283.1260986328125,292.1915588378906,0.0026156585663557,0.0086518749594688,0.0126382820308208,-1.52569580078125,3.880935668945313,6.0545654296875,4.388092041015625,1.261505126953125,1.6569061279296875
2020-10-16,12,2,299.4709167480469,294.185546875,1.5768280029296875,0.4363861083984375,82.125,90949.765625,269.9112243652344,283.32647705078125,293.035400390625,0.0024981712922453,0.0083637032657861,0.0133330300450325,-1.97454833984375,4.6562347412109375,6.162368774414063,2.90814208984375,1.288177490234375,0.9766845703125
2020-10-16,18,3,294.63201904296875,292.727294921875,2.067367553710937,0.610198974609375,0.0,91309.890625,269.830322265625,282.764892578125,291.6590576171875,0.0023820658680051,0.0083630196750164,0.0113784372806549,-2.6317596435546875,2.603363037109375,5.5909423828125,1.970733642578125,2.2297515869140625,-0.61669921875
2020-10-17,0,0,293.6414794921875,291.5616455078125,1.064727783203125,-0.582427978515625,0.0,91153.890625,269.36492919921875,283.3645324707031,292.0443115234375,0.0028117804322391,0.0087966211140155,0.0088349618017673,-2.9094696044921875,3.1400909423828125,3.06011962890625,-0.15093994140625,1.82122802734375,-0.3448486328125
2020-10-17,6,1,299.3924865722656,291.1083679199219,1.9496612548828125,0.225189208984375,0.0,91348.8125,270.2756652832031,283.2118225097656,291.6156616210937,0.0029663366731256,0.0089911371469497,0.0107515938580036,-4.939376831054688,2.1868896484375,2.7126007080078125,-2.180908203125,2.0356597900390625,0.005126953125
2020-10-17,12,2,300.0042724609375,293.4963684082031,1.2276153564453125,0.0261383056640625,0.0,91113.6875,268.74530029296875,283.112548828125,293.37420654296875,0.0041511207818984,0.0083279684185981,0.0113521926105022,-4.167938232421875,1.6497650146484375,3.323455810546875,-1.6976776123046875,0.8508148193359375,-1.363006591796875
2020-10-17,18,3,295.74468994140625,292.15093994140625,-0.072265625,-0.6294097900390625,0.0,91355.96875,267.9047546386719,282.91265869140625,293.078125,0.0047944970428943,0.0076722055673599,0.0112434737384319,-3.036865234375,1.996246337890625,0.997589111328125,-1.237579345703125,-0.660247802734375,-0.7514190673828125
2020-10-18,0,0,294.3573608398437,291.3707580566406,1.5608367919921875,-0.6517333984375,0.0,91284.125,267.77374267578125,282.7453308105469,291.34356689453125,0.0048442352563142,0.0072467438876628,0.0120855867862701,-3.389892578125,3.629547119140625,1.211761474609375,-0.8366546630859375,-1.386871337890625,-3.590438842773437
2020-10-18,6,1,299.4894104003906,292.39849853515625,1.679412841796875,-1.4617156982421875,0.0,91385.171875,268.5289611816406,283.4042358398437,291.451904296875,0.0042700422927737,0.0071316920220851,0.0132799595594406,-2.1024322509765625,1.8277130126953125,2.428314208984375,-1.09716796875,-0.8310089111328125,-2.286605834960937
2020-10-18,12,2,299.0289306640625,294.4844970703125,0.7071380615234375,-1.0565032958984375,60.5,91177.765625,268.316162109375,283.3516845703125,292.4487609863281,0.0045437179505825,0.0075806751847267,0.0133960638195276,0.92071533203125,1.662109375,1.9800262451171875,-2.5064697265625,-2.8074493408203125,-3.527938842773437
2020-10-18,18,3,295.99725341796875,293.7573547363281,1.1145477294921875,0.097991943359375,83.0,91419.59375,267.9433288574219,282.28521728515625,291.8173828125,0.0047312267124652,0.0078206099569797,0.0134979784488677,-0.920745849609375,-0.4545440673828125,2.64080810546875,-3.411376953125,-2.7959747314453125,-2.5313262939453125
2020-10-19,0,0,295.13922119140625,293.51861572265625,1.7552337646484375,-0.759521484375,128.25,91267.609375,268.4688720703125,282.0872802734375,290.7304077148437,0.004926111549139,0.0094707943499088,0.0137980692088603,-7.204315185546875,0.182647705078125,4.2717132568359375,-5.231735229492188,-2.3678741455078125,-5.02313232421875
2020-10-19,6,1,298.88775634765625,293.57843017578125,2.1343994140625,-1.590362548828125,1209.375,91408.09375,269.3072509765625,282.7808837890625,290.6283264160156,0.004672598093748,0.0095555856823921,0.0143670663237571,-5.308761596679688,1.2392730712890625,3.3270721435546875,-2.2858123779296875,-2.4144439697265625,-5.380584716796875
2020-10-19,12,2,298.538330078125,295.5223388671875,0.2659454345703125,-0.8845367431640625,406.25,91102.09375,268.7598876953125,284.0751953125,292.8042907714844,0.0049372278153896,0.0092029646039009,0.0139524824917316,-0.83587646484375,1.319671630859375,2.752960205078125,-2.425643920898437,-2.0457000732421875,-4.2747650146484375
2020-10-19,18,3,295.3370361328125,294.4043884277344,1.437255859375,-0.46917724609375,97.0,91340.8125,268.58673095703125,283.20538330078125,291.2203369140625,0.004666943103075,0.0094421505928039,0.0144182555377483,-1.0745697021484375,0.8304290771484375,3.5457000732421875,-1.663360595703125,-3.5252685546875,-4.0518798828125
2020-10-20,0,0,295.33331298828125,293.84014892578125,2.5509033203125,-1.2666473388671875,37.25,91191.46875,268.74072265625,283.4267272949219,290.601318359375,0.0040131881833076,0.0092195123434066,0.0146151036024093,-0.2864227294921875,1.15557861328125,5.83831787109375,-3.1515655517578125,-3.3184051513671875,-3.7830657958984375
2020-10-20,6,1,298.059814453125,294.8453369140625,2.337020874023437,-1.5816802978515625,324.625,91339.890625,268.98101806640625,283.088623046875,291.18133544921875,0.0043613314628601,0.0094606671482324,0.0143652223050594,0.46392822265625,2.3871307373046875,5.489105224609375,-2.66961669921875,-3.670928955078125,-4.282257080078125
2020-10-20,12,2,296.74920654296875,294.6650085449219,1.888397216796875,0.04302978515625,158.375,91143.859375,268.9628295898437,283.33599853515625,291.7298278808594,0.0046180170029401,0.0092636831104755,0.014546450227499,2.502426147460937,1.4562225341796875,2.7235260009765625,-4.6349945068359375,-2.7145538330078125,-1.6635589599609375
2020-10-20,18,3,294.219970703125,293.70196533203125,1.8998870849609373,-1.2277069091796875,186.875,91415.03125,269.3328857421875,283.0964660644531,290.18377685546875,0.0055437833070755,0.0096998419612646,0.0141397360712289,2.9312896728515625,2.753143310546875,4.662857055664063,-1.798492431640625,-3.7900238037109375,-3.2825927734375
2020-10-21,0,0,294.5211181640625,293.68585205078125,2.84637451171875,-0.8516845703125,179.25,91296.578125,269.1978759765625,282.6317749023437,290.0079040527344,0.0054550245404243,0.0099275223910808,0.0139891430735588,7.7265472412109375,2.7669677734375,6.706207275390625,-0.4719390869140625,-3.259857177734375,-4.715591430664063
2020-10-21,6,1,297.67938232421875,294.8807983398437,2.6752166748046875,-1.852508544921875,299.5,91411.296875,268.52960205078125,283.0256652832031,291.34259033203125,0.005112774670124,0.0090178549289703,0.0141547871753573,6.655181884765625,6.142486572265625,6.172454833984375,-0.367462158203125,-3.0391082763671875,-3.8963775634765625
2020-10-21,12,2,296.7091979980469,294.7078552246094,1.5497894287109375,-0.962493896484375,47.875,91135.828125,269.65838623046875,283.3637084960937,291.3607177734375,0.0052618645131587,0.0092500261962413,0.0142197981476783,3.809982299804688,6.295333862304688,5.8869476318359375,-0.8634185791015625,-0.7067413330078125,-1.995391845703125
2020-10-21,18,3,294.69952392578125,293.4378967285156,1.6470794677734375,-0.3134765625,11.625,91360.96875,269.6387634277344,282.96197509765625,290.5030822753906,0.0055184327065944,0.0103661008179187,0.0142749994993209,2.4649200439453125,2.8175506591796875,6.197265625,-0.175201416015625,-2.5474395751953125,-3.372894287109375
2020-10-22,0,0,294.89666748046875,294.05523681640625,2.2154693603515625,0.3634490966796875,16.75,91248.65625,269.7822265625,282.4420166015625,289.9804382324219,0.0050951354205608,0.0099797323346138,0.0141126699745655,4.361358642578125,-3.053329467773437,4.7864837646484375,0.007568359375,-2.640655517578125,-3.860382080078125
2020-10-22,6,1,296.9094543457031,294.518310546875,3.65179443359375,1.21124267578125,4.5,91388.265625,270.0493469238281,283.26708984375,290.4410705566406,0.005003236234188,0.0089497342705726,0.0140476822853088,3.9414215087890634,-0.775665283203125,6.207489013671875,-0.3970184326171875,-1.2365264892578125,-0.1525421142578125
2020-10-22,12,2,297.37078857421875,294.101806640625,2.8147735595703125,1.2286376953125,111.875,91157.34375,269.72613525390625,283.1141662597656,291.23590087890625,0.0056399367749691,0.0099649876356124,0.014510303735733,4.785446166992188,2.74774169921875,8.391815185546875,1.2388763427734375,-1.12017822265625,0.3950042724609375
2020-10-22,18,3,294.10595703125,293.19488525390625,2.131134033203125,0.110015869140625,133.375,91400.859375,269.3666381835937,282.9587097167969,290.0513916015625,0.0053735040128231,0.0105659402906894,0.0140644013881683,7.1383209228515625,1.101531982421875,7.425048828125,1.536590576171875,-4.755218505859375,-3.0390777587890625
2020-10-23,0,0,294.726318359375,294.1126403808594,2.26702880859375,0.6498870849609375,32.125,91237.140625,268.9061584472656,283.22332763671875,290.674072265625,0.004412367939949,0.0105383126065135,0.0137800760567188,4.1788177490234375,1.450714111328125,5.2555999755859375,2.7146759033203125,-2.11907958984375,-3.19146728515625
2020-10-23,6,1,296.6416931152344,294.04937744140625,3.0813140869140625,0.1917572021484375,18.625,91378.640625,269.9749755859375,283.2626953125,290.237060546875,0.0029768322128802,0.0101171918213367,0.0130971111357212,4.17535400390625,2.3489990234375,4.270278930664063,4.085235595703125,-0.9240570068359376,-0.7103424072265625
2020-10-23,12,2,296.4673767089844,292.47088623046875,2.005722045898437,1.2221221923828125,212.0,91245.734375,269.7381591796875,283.61932373046875,290.60992431640625,0.0039657019078731,0.0113000348210334,0.0124603696167469,4.96893310546875,1.16534423828125,7.79736328125,1.7489013671875,-2.13787841796875,1.9516448974609373
2020-10-23,18,3,293.7059936523437,291.6039428710937,2.64727783203125,1.56494140625,69.25,91500.578125,269.3951416015625,282.7206420898437,290.985595703125,0.0055238343775272,0.0108236148953437,0.0126870460808277,3.830032348632813,-3.064056396484375,5.911666870117188,0.2922821044921875,0.412933349609375,0.142578125
2020-10-24,0,0,293.20782470703125,290.90936279296875,2.3747711181640625,0.544464111328125,0.625,91394.703125,268.88671875,282.62872314453125,290.94940185546875,0.0052105523645877,0.0096774064004421,0.0116857513785362,2.714111328125,-4.4559173583984375,4.13623046875,2.808258056640625,-0.789886474609375,-0.6080169677734375
2020-10-24,6,1,293.6447448730469,291.5015869140625,1.611480712890625,0.1182403564453125,1.0,91535.25,268.3397216796875,282.89031982421875,291.955078125,0.005143079906702,0.0091644935309886,0.0121591910719871,4.76580810546875,-1.219940185546875,1.16558837890625,2.427215576171875,2.079620361328125,-2.6640167236328125
2020-10-24,12,2,297.5426025390625,294.0578308105469,0.544525146484375,1.055084228515625,9.125,91368.328125,269.12744140625,282.316650390625,292.47613525390625,0.0042836852371692,0.0089943520724773,0.0116359312087297,2.52325439453125,-0.8269805908203125,1.2075347900390625,-0.0098876953125,-1.524749755859375,0.0877532958984375
2020-10-24,18,3,294.844970703125,292.7859802246094,0.70892333984375,1.766510009765625,1.125,91647.828125,267.7973937988281,281.90069580078125,291.3208923339844,0.0044599063694477,0.0085681974887847,0.0119078271090984,2.1211395263671875,-3.3173980712890625,0.6868438720703125,-1.546783447265625,-0.732452392578125,0.309478759765625
2020-10-25,0,0,294.685546875,292.11529541015625,0.732452392578125,-0.695556640625,0.0,91483.96875,267.704345703125,282.51446533203125,291.684814453125,0.0040650628507137,0.00883000344038,0.0105405896902084,1.313507080078125,-0.9205169677734376,-0.6187896728515625,-0.783294677734375,0.99945068359375,-0.5885772705078125
2020-10-25,6,1,299.8653564453125,293.1837158203125,-0.1366119384765625,0.356170654296875,0.125,91635.96875,268.43194580078125,282.2796630859375,291.3841552734375,0.0032637387048453,0.0091569237411022,0.0120257437229156,1.512847900390625,-2.9747772216796875,-0.654388427734375,-1.445831298828125,0.12030029296875,0.1762847900390625
2020-10-25,12,2,298.87017822265625,293.678955078125,-0.0116119384765625,0.7079925537109375,81.75,91453.578125,268.8212280273437,282.05633544921875,291.9403686523437,0.0032757867593318,0.010144293308258,0.0124703235924243,1.0026397705078125,-1.688018798828125,-0.8406829833984375,-4.357025146484375,-0.229736328125,0.5565643310546875
2020-10-25,18,3,295.5128173828125,293.14703369140625,1.435577392578125,-0.082305908203125,30.0,91684.15625,267.8394775390625,281.92877197265625,292.02215576171875,0.003532987087965,0.009332038462162,0.0123239979147911,0.68951416015625,-3.635910034179688,-1.467132568359375,-4.96630859375,-0.5199127197265625,-0.3332977294921875
2020-10-26,0,0,294.4743957519531,292.49725341796875,0.05621337890625,-1.35467529296875,0.125,91572.984375,267.882080078125,281.44219970703125,291.20196533203125,0.0026840872596949,0.0085953809320926,0.012072917073965,-2.4207000732421875,-3.513580322265625,-0.2971343994140625,-4.6497955322265625,-1.67083740234375,-1.95489501953125
2020-10-26,6,1,300.5770874023437,292.4449157714844,-1.61370849609375,-1.4534454345703125,10.625,91701.953125,267.10992431640625,282.3504333496094,292.1083374023437,0.0025073366705328,0.0083123296499252,0.0126767493784427,-0.6928863525390625,-3.2309112548828125,-2.508407592773437,-1.856048583984375,-2.741607666015625,-2.25213623046875
2020-10-26,12,2,300.02215576171875,294.6361694335937,-0.669158935546875,-0.7606201171875,14.25,91427.890625,268.07183837890625,282.3108215332031,293.01385498046875,0.0019647725857794,0.008628524839878,0.0119188427925109,2.368133544921875,-0.155242919921875,-2.9722442626953125,-2.151275634765625,-3.446258544921875,-1.9866180419921875
2020-10-26,18,3,294.73956298828125,292.05096435546875,-1.7176666259765625,-1.0254058837890625,0.0,91654.703125,267.69293212890625,282.5732421875,292.0785217285156,0.0019400452729314,0.0065402165055274,0.0116451941430568,3.2337188720703125,-1.462188720703125,-5.4322357177734375,-3.68951416015625,-5.8082122802734375,-1.6915283203125
2020-10-27,0,0,293.5007019042969,291.1855773925781,-1.3762969970703125,-0.8566741943359375,0.0,91456.8125,269.0595092773437,282.12799072265625,290.9761962890625,0.0015658091288059,0.0061613656580448,0.0107505992054939,1.71636962890625,-3.5676422119140625,-2.8634796142578125,-4.3126373291015625,-5.6152191162109375,-3.38665771484375
2020-10-27,6,1,300.5994873046875,290.99774169921875,-1.5116119384765625,-2.06988525390625,0.0,91630.671875,269.2740478515625,281.91064453125,291.86700439453125,0.0017014280892908,0.0057851672172546,0.0109841600060462,-0.9824676513671876,-3.50494384765625,-2.437530517578125,-3.776580810546875,-6.2625579833984375,-3.224472045898437
2020-10-27,12,2,299.5809326171875,291.5927124023437,-0.795806884765625,-1.5587158203125,8.0,91404.625,269.36474609375,282.29327392578125,293.2942199707031,0.001990214921534,0.0048826895654201,0.0106464400887489,-1.6429595947265625,-1.3415374755859375,-2.572296142578125,-3.4515380859375,-7.167526245117188,-4.754196166992188
2020-10-27,18,3,293.9725036621094,291.565185546875,-1.58587646484375,-1.0554656982421875,2.5,91681.5625,268.9300842285156,281.66705322265625,291.41778564453125,0.002074145944789,0.0041860183700919,0.0111197680234909,-2.488739013671875,1.0053558349609375,-2.908554077148437,-1.5868988037109375,-7.128662109375,-3.5817108154296875
2020-10-28,0,0,293.0363464355469,290.60040283203125,-1.0345458984375,-1.2512969970703125,5.125,91530.3125,268.8745422363281,280.7491149902344,290.8345947265625,0.0023136893287301,0.004527136683464,0.0097308047115802,-2.1659393310546875,1.385894775390625,-3.274276733398437,-0.3909149169921875,-5.59649658203125,-4.673828125
2020-10-28,6,1,299.9136962890625,289.02813720703125,-2.016693115234375,-3.1371307373046875,0.0,91711.671875,268.63165283203125,280.66552734375,291.6317138671875,0.002902643289417,0.0033859061077237,0.0104651302099227,-3.929153442382813,0.429473876953125,-3.368133544921875,0.9199066162109376,-5.03765869140625,-4.84588623046875
2020-10-28,12,2,299.0963439941406,290.606689453125,-0.5814056396484375,-1.531768798828125,1.125,91417.59375,268.4526672363281,281.2684631347656,293.087158203125,0.003149515017867,0.0038859941996634,0.0102429501712322,-4.234390258789063,0.49212646484375,-2.598358154296875,1.4999237060546875,-0.9698486328125,-5.061935424804688
2020-10-28,18,3,293.56805419921875,290.1635131835937,-1.6246337890625,-1.0254364013671875,0.0,91718.515625,268.3157043457031,281.5623779296875,290.951416015625,0.003450064221397,0.0032135476358234,0.010750226676464,-5.415313720703125,0.9408416748046876,-4.3722076416015625,1.74163818359375,-1.059906005859375,-4.081832885742188
2020-10-29,0,0,292.446044921875,290.10748291015625,-0.95794677734375,-1.5553741455078125,0.0,91568.40625,267.67608642578125,280.85357666015625,291.423095703125,0.0037047010846436,0.0039743594825267,0.0084208361804485,-5.011032104492188,1.60968017578125,-3.699737548828125,3.6789398193359375,0.3408966064453125,-4.6749420166015625
2020-10-29,6,1,299.0560607910156,288.7788391113281,-2.226165771484375,-2.7019195556640625,0.0,91712.671875,268.234375,281.05230712890625,291.3026123046875,0.0029110989999026,0.0038840905763208,0.0093673486262559,-2.942474365234375,0.8079986572265625,-3.7550048828125,5.231475830078125,-0.8265838623046875,-4.33642578125
2020-10-29,12,2,297.8962707519531,290.86199951171875,-1.891815185546875,-1.411865234375,0.125,91466.640625,268.84869384765625,281.44940185546875,291.73468017578125,0.0026159402914345,0.0044585280120372,0.0110687352716922,0.758544921875,-3.4833984375,-4.99212646484375,2.1731414794921875,-0.6567535400390625,-3.871337890625
2020-10-29,18,3,293.4027709960937,289.7098388671875,-2.453216552734375,-2.2529296875,0.0,91700.703125,268.4349670410156,280.4522399902344,291.21453857421875,0.0024174826685339,0.0067867487668991,0.0096328407526016,1.070953369140625,-1.665069580078125,-4.8152923583984375,0.2227020263671875,0.2293853759765625,-7.737655639648437
2020-10-30,0,0,294.1988830566406,287.8378295898437,-1.8094940185546875,-1.624664306640625,16.625,91549.921875,268.9251708984375,280.2350769042969,291.0482482910156,0.0020542505662888,0.006598874926567,0.0083825588226318,-2.080291748046875,-1.42376708984375,-7.148483276367188,-0.282196044921875,-1.914276123046875,-4.723785400390625
2020-10-30,6,1,300.0775146484375,285.59228515625,-2.4530181884765625,-1.8382415771484373,0.0,91637.796875,270.4957275390625,280.5223999023437,291.54266357421875,0.0014853822067379,0.0074124373495578,0.0073955357074737,-1.9778289794921875,-2.2633209228515625,-4.2308349609375,0.871856689453125,-1.920166015625,-3.0572052001953125
2020-10-30,12,2,299.02313232421875,289.25634765625,-1.455535888671875,-0.8943634033203125,0.0,91423.203125,268.7011108398437,281.9174499511719,293.508544921875,0.0018294756300747,0.0053609237074851,0.0076454505324363,-1.10906982421875,0.8547515869140625,-5.21533203125,2.270614624023437,1.3324737548828125,-2.12628173828125
2020-10-30,18,3,293.0115966796875,288.79345703125,-1.92059326171875,-0.2114105224609375,0.0,91675.09375,267.8090209960937,281.84429931640625,292.0111083984375,0.0019738355185836,0.0052456259727478,0.0089992880821228,-0.808380126953125,-0.9532928466796876,-5.1911468505859375,2.8422393798828125,-0.2321624755859375,-1.4412994384765625
2020-10-31,0,0,292.4721374511719,289.1936340332031,-1.1733245849609375,-0.89312744140625,0.375,91563.328125,268.5360717773437,280.247802734375,291.18426513671875,0.0016500188503414,0.0067750737071037,0.0102680101990699,-3.20050048828125,-1.3374786376953125,-3.324081420898437,2.3153076171875,0.439361572265625,-1.6373748779296875
2020-10-31,6,1,300.42633056640625,291.313232421875,-1.54351806640625,-1.6689605712890625,0.0,91640.53125,268.8321228027344,282.1993103027344,292.1434326171875,0.0016372583340853,0.0069244019687175,0.011225507594645,-3.5301513671875,-0.9501953125,-2.3656005859375,5.9366302490234375,1.6416015625,-2.5855865478515625
2020-10-31,12,2,299.4515380859375,292.7768859863281,-0.9712677001953124,-0.9138031005859376,64.0,91436.34375,269.17724609375,281.36590576171875,293.0021667480469,0.001545027596876,0.0079688169062137,0.0115666855126619,-0.36181640625,-0.8099365234375,-3.1943511962890625,4.683837890625,0.93609619140625,-1.8456573486328125
2020-10-31,18,3,294.4292907714844,291.7501220703125,-1.5330047607421875,-0.4088897705078125,20.0,91713.921875,268.8549194335937,281.05523681640625,292.1283569335937,0.0009485399350523,0.0077905766665935,0.0117787644267082,1.8064422607421875,0.440826416015625,-3.34771728515625,4.535186767578125,0.2980499267578125,-1.312042236328125
2020-11-01,0,0,293.59869384765625,291.51715087890625,-1.6871337890625,-0.0938720703125,0.0,91607.421875,268.7520446777344,281.7197265625,291.0978698730469,0.0004659022670239,0.0075290314853191,0.011488102376461,2.388534545898437,-2.8767242431640625,-1.949310302734375,4.623809814453125,-1.1470947265625,0.43548583984375
2020-11-01,6,1,300.3904724121094,291.7947692871094,-1.1089324951171875,-0.5517578125,0.0,91715.859375,269.112548828125,282.7012939453125,291.9571533203125,0.0008766283281147,0.0073303207755088,0.0119512639939785,-0.048919677734375,-1.669219970703125,-1.728729248046875,4.355499267578125,0.229248046875,-0.9609375
2020-11-01,12,2,300.0509033203125,293.6358337402344,-0.3473663330078125,-1.29827880859375,3.5,91478.65625,269.346923828125,282.55621337890625,293.489990234375,0.0012472649104893,0.0072665587067604,0.011958010494709,0.3860321044921875,0.8058929443359375,-1.417327880859375,3.027984619140625,-0.046600341796875,-2.041488647460937
2020-11-01,18,3,296.3681640625,292.2578125,-1.28021240234375,-0.932373046875,10.125,91772.03125,268.89862060546875,281.59442138671875,292.5546569824219,0.0015024477615952,0.0077901966869831,0.0119341574609279,-0.11279296875,-0.2876129150390625,-5.1179046630859375,3.95794677734375,-1.0188140869140625,-1.61895751953125
2020-11-02,0,0,294.35223388671875,292.2760009765625,-1.4612274169921875,0.2295989990234375,25.875,91636.46875,269.65679931640625,281.9000549316406,291.311767578125,0.0014440382365137,0.0067669600248336,0.0124748032540082,-0.3849029541015625,-4.790802001953125,-2.025131225585937,1.996978759765625,-1.5349884033203125,2.56207275390625
2020-11-02,6,1,300.2266845703125,291.88525390625,-1.1985626220703125,-0.547698974609375,0.0,91762.109375,270.3116455078125,282.91522216796875,292.078857421875,0.0016190076712518,0.0059917420148849,0.0126586034893989,-2.2425689697265625,-3.0087890625,-1.7833404541015625,3.4573516845703125,-0.390777587890625,-1.007598876953125
2020-11-02,12,2,300.4697570800781,293.6322326660156,-1.3431243896484375,-0.819610595703125,31.875,91576.28125,270.02862548828125,282.531005859375,293.63824462890625,0.0016992425080388,0.0078654773533344,0.0122688524425029,-1.4108428955078125,-0.9870147705078124,-4.017745971679688,2.3888397216796875,-0.033294677734375,-2.2975311279296875
2020-11-02,18,3,295.66363525390625,292.60302734375,-1.691864013671875,-0.1627197265625,0.375,91841.609375,269.9139099121094,281.9264221191406,291.4468994140625,0.0015087728388607,0.00856589153409,0.0128777101635932,-2.6404266357421875,-0.6680755615234375,-5.0661468505859375,3.447494506835937,-0.3907470703125,0.49847412109375
2020-11-03,0,0,294.2315673828125,292.3738708496094,-1.33154296875,-0.3988800048828125,0.5,91665.734375,269.8983154296875,282.2723999023437,291.07794189453125,0.0016388113144785,0.0067035928368568,0.0125530324876308,-4.279067993164063,-2.2699127197265625,-3.613433837890625,4.173309326171875,-2.4699249267578125,-1.6445770263671875
2020-11-03,6,1,300.354248046875,292.385498046875,-2.9291229248046875,-1.549041748046875,0.0,91796.078125,269.6085205078125,283.0814819335937,292.183349609375,0.0018334882333874,0.005353283137083,0.0122316293418407,-5.2730865478515625,-2.409652709960937,-4.5763092041015625,4.289215087890625,-2.5192108154296875,-2.48760986328125
2020-11-03,12,2,300.39068603515625,294.4005126953125,-1.3831329345703125,-0.6475372314453125,1.75,91535.109375,268.9745788574219,282.59674072265625,294.126220703125,0.0023434346076101,0.0070571191608905,0.0118566378951072,-2.6547393798828125,-1.8661346435546875,-3.71099853515625,0.3759307861328125,-1.3271636962890625,-2.1181182861328125
2020-11-03,18,3,295.8515625,292.6190795898437,-2.0273590087890625,0.3363800048828125,5.0,91821.0625,268.286865234375,283.16583251953125,291.8581848144531,0.002118989592418,0.0061447136104106,0.0130946934223175,-2.637664794921875,-1.1015167236328125,-5.5446319580078125,-0.590423583984375,-0.5630950927734375,-0.3062591552734375
2020-11-04,0,0,294.0517578125,292.8218994140625,-1.55322265625,-0.4753875732421875,43.5,91651.109375,267.8707275390625,282.2767333984375,291.40460205078125,0.0016466171946376,0.0071415342390537,0.0129553452134132,-3.1810455322265625,-3.5744781494140625,-4.355926513671875,-3.193588256835937,0.3350677490234375,-1.383758544921875
2020-11-04,6,1,299.86651611328125,292.89166259765625,-1.9404144287109373,-1.6231231689453125,129.75,91783.78125,268.3682861328125,282.4547119140625,291.25018310546875,0.0012310482561588,0.0082148574292659,0.0135269910097122,-5.929962158203125,-3.27471923828125,-3.2283477783203125,-1.0321197509765625,0.5294189453125,-2.3089752197265625
2020-11-04,12,2,299.94049072265625,292.90655517578125,-1.6832427978515625,-1.6388397216796875,134.5,91455.515625,268.88702392578125,283.842529296875,292.75164794921875,0.0012075449340045,0.0068974085152149,0.0132284574210643,-4.990737915039063,0.7889862060546875,-4.761154174804688,-1.1508636474609375,-0.4499359130859375,-3.550888061523437
2020-11-04,18,3,295.6959228515625,293.1328430175781,-2.0064239501953125,-0.5655364990234375,51.875,91727.4375,268.2863464355469,283.23065185546875,291.1695556640625,0.0013564275577664,0.0071338377892971,0.0138969421386718,-3.561431884765625,-0.82562255859375,-5.824432373046875,-2.5875701904296875,-0.4346160888671875,-2.510528564453125
2020-11-05,0,0,295.0647888183594,293.36151123046875,-1.81280517578125,-0.0186920166015625,75.25,91612.140625,267.9851379394531,282.1728515625,290.67095947265625,0.0011046361178159,0.0085123181343078,0.0129138864576816,-4.424163818359375,-3.685745239257813,-7.435653686523437,-3.097763061523437,-0.5424346923828125,-0.724456787109375
2020-11-05,6,1,300.7763671875,293.1573181152344,-3.03570556640625,-1.3608856201171875,127.375,91784.796875,268.5558776855469,282.488037109375,291.46356201171875,0.0010915277525782,0.0086259730160236,0.0134261772036552,-6.6016845703125,-5.642059326171875,-4.9749603271484375,-1.535888671875,-0.3786773681640625,-2.194244384765625
2020-11-05,12,2,298.2006225585937,294.0047607421875,-1.81573486328125,-1.3190765380859375,549.0,91601.59375,267.9266357421875,282.6957397460937,292.15582275390625,0.0026919203810393,0.0085665490478277,0.0132425911724567,-5.514801025390625,-3.724578857421875,-5.1830902099609375,-1.7285003662109375,-0.6737823486328125,-3.8970794677734375
2020-11-05,18,3,294.57037353515625,293.28582763671875,-2.202865600585937,-0.5341033935546875,225.5,91856.34375,267.5438537597656,282.51324462890625,290.890625,0.0030393437482416,0.0088211186230182,0.0140713937580585,-6.60516357421875,-4.737960815429688,-6.7331085205078125,-0.3904266357421875,-1.746185302734375,-3.924362182617188
2020-11-06,0,0,295.09625244140625,293.5839538574219,-2.2886505126953125,-0.7224273681640625,72.875,91724.375,268.34503173828125,281.797119140625,291.14617919921875,0.0017396700568497,0.0094698220491409,0.012101761996746,-6.8401947021484375,-5.526123046875,-8.695327758789062,-2.6791534423828125,-2.208099365234375,-2.215805053710937
2020-11-06,6,1,299.83087158203125,293.7950439453125,-3.851394653320313,0.0893402099609375,197.875,91894.34375,267.876708984375,282.3036193847656,290.9162902832031,0.0014672679826617,0.007655918598175,0.0136729292571544,-8.07763671875,-6.2449798583984375,-6.5601654052734375,-3.867828369140625,0.0404052734375,0.01544189453125
2020-11-06,12,2,299.6776428222656,293.847900390625,-2.3242645263671875,0.5639495849609375,101.875,91687.9375,268.113525390625,283.3614501953125,291.9169616699219,0.0016949346754699,0.0063775703310966,0.0137477852404117,-8.477035522460938,-5.57177734375,-6.191741943359375,-3.289398193359375,0.3386688232421875,0.6968841552734375
2020-11-06,18,3,295.2255249023437,294.1622314453125,-2.249130249023437,0.1116180419921875,170.25,91904.09375,268.06134033203125,282.9041748046875,291.18231201171875,0.0020291239488869,0.0070999488234519,0.0129099786281585,-8.51373291015625,-6.604415893554688,-6.9700469970703125,-2.03692626953125,0.0781707763671875,0.20806884765625
2020-11-07,0,0,295.41070556640625,293.7581787109375,-2.2794952392578125,-0.4510040283203125,9.375,91802.921875,268.35467529296875,282.526123046875,290.7856140136719,0.0010915414895862,0.0056935027241706,0.0111875683069229,-8.442291259765625,-7.0499267578125,-7.030242919921875,-4.839523315429688,-0.183349609375,0.3381805419921875
2020-11-07,6,1,300.0006103515625,292.08209228515625,-3.501617431640625,-1.18231201171875,0.0,91918.671875,267.9288330078125,282.1632080078125,291.723876953125,0.0012003777083009,0.0073219127953052,0.0124175418168306,-9.134902954101562,-7.0980377197265625,-5.8712310791015625,-3.661087036132813,-0.820587158203125,-1.9217376708984373
2020-11-07,12,2,297.94793701171875,294.58251953125,-2.575927734375,-1.6571807861328125,255.25,91751.5,267.0944519042969,282.69732666015625,291.7371520996094,0.0033326337579637,0.0081198923289775,0.013433426618576,-6.638427734375,-4.861907958984375,-6.477447509765625,-2.3307647705078125,-2.5567779541015625,-2.9576873779296875
2020-11-07,18,3,294.45562744140625,293.6199035644531,-2.470932006835937,-0.78369140625,59.125,91944.21875,267.33966064453125,282.31121826171875,290.8892822265625,0.0031625111587345,0.0083875898271799,0.0127780027687549,-6.183380126953125,-5.048263549804688,-8.883316040039062,-1.8036346435546875,-3.2224884033203125,-2.12017822265625
2020-11-08,0,0,295.06463623046875,293.28338623046875,-2.91302490234375,-1.031646728515625,8.375,91814.265625,267.25665283203125,282.2099304199219,290.43212890625,0.0032390935812145,0.0084714032709598,0.0120333097875118,-5.1793212890625,-7.060317993164063,-10.757492065429688,-2.62646484375,-1.0416259765625,-1.334564208984375
2020-11-08,6,1,299.144775390625,292.480712890625,-4.8126983642578125,-1.0606231689453125,7.375,91972.234375,267.7494506835937,282.8510437011719,290.602294921875,0.0026614111848175,0.008362840861082,0.0125111378729343,-3.9100189208984375,-6.3262786865234375,-8.019622802734375,-1.2682647705078125,0.3768768310546875,-1.668304443359375
2020-11-08,12,2,298.7049560546875,292.94268798828125,-2.075180053710937,-0.9435882568359376,0.0,91742.40625,267.6685791015625,282.40966796875,291.61572265625,0.0025595910847187,0.0083398483693599,0.0125785842537879,-2.0861358642578125,-3.5526580810546875,-5.982101440429688,-2.958984375,-1.87689208984375,-3.246200561523437
2020-11-08,18,3,294.5849609375,293.06024169921875,-2.331695556640625,-0.684173583984375,4.0,91927.359375,268.03131103515625,282.818603515625,289.8729248046875,0.0021031415089964,0.0039894627407193,0.0132644101977348,-2.355621337890625,-4.103973388671875,-5.59930419921875,-4.470458984375,-2.21514892578125,-4.952911376953125
2020-11-09,0,0,295.0183410644531,292.95025634765625,-1.66717529296875,-1.0994873046875,10.875,91807.484375,268.153564453125,283.32427978515625,289.49249267578125,0.0017088497988879,0.0019800325389951,0.0116374567151069,-0.923309326171875,-5.7449493408203125,-4.405029296875,-4.298019409179688,-2.7082977294921875,-5.865768432617188
2020-11-09,6,1,299.11474609375,291.1068725585937,-1.6194000244140625,-3.204498291015625,0.0,91867.984375,268.2872314453125,284.03546142578125,290.3884582519531,0.0012890631332993,0.0011560933198779,0.0114924758672714,-1.055511474609375,-6.21026611328125,-2.571746826171875,-3.038543701171875,-3.693679809570313,-4.73724365234375
2020-11-09,12,2,298.59088134765625,291.2633056640625,-0.7091217041015625,-2.030303955078125,0.0,91621.0,268.4345703125,284.9974975585937,291.92919921875,0.0008012475445866,0.0003968016244471,0.0108285248279571,-1.3078460693359375,-4.7652587890625,-2.1578369140625,-1.7666168212890625,-5.263946533203125,-5.1098175048828125
2020-11-09,18,3,292.62908935546875,289.1163330078125,-1.049530029296875,-2.39544677734375,0.0,91720.78125,268.6502685546875,285.3412170410156,290.08416748046875,0.0003050996456295,0.0005082755815237,0.0090180151164531,-2.2628631591796875,-6.422622680664063,-4.659103393554688,-3.127182006835937,-5.6295318603515625,-5.3150482177734375
2020-11-10,0,0,290.64959716796875,287.285400390625,-1.879913330078125,-1.316680908203125,0.0,91573.015625,268.5701904296875,284.93707275390625,288.34136962890625,0.0001633548963582,0.0004092075396329,0.007908534258604,-3.244232177734375,-3.38092041015625,-4.794769287109375,-5.2033538818359375,-4.486846923828125,-5.92535400390625
2020-11-10,6,1,297.7490234375,285.0234680175781,-2.368377685546875,-1.3715667724609375,0.0,91698.390625,268.6288452148437,284.62908935546875,289.3092956542969,0.0002274924045195,0.0004248050972819,0.007161196321249,-2.6461639404296875,-6.2321624755859375,-4.1406097412109375,-5.591033935546875,-3.59197998046875,-2.079208374023437
2020-11-10,12,2,297.5305480957031,290.2440490722656,-1.92181396484375,-0.852996826171875,0.0,91435.5,268.3335876464844,284.8567199707031,291.642822265625,0.0002218926820205,0.000598418759182,0.007155392318964,-3.6719970703125,-5.1587982177734375,-3.930206298828125,-3.045013427734375,-3.1772918701171875,-1.456817626953125
2020-11-10,18,3,290.6617736816406,287.0599365234375,-1.635772705078125,-1.1396484375,0.0,91618.0625,268.4421691894531,284.59881591796875,290.1134033203125,0.0002062373387161,0.0006668067071586,0.0071649067103862,-3.540756225585937,-5.6904144287109375,-4.406005859375,-0.80206298828125,-3.876296997070313,-3.836502075195313
2020-11-11,0,0,290.21124267578125,288.2142333984375,-1.6592864990234375,-1.6993255615234375,0.0,91597.015625,268.24530029296875,283.94561767578125,289.5990600585937,0.0001729050272842,0.0006857875268906,0.0046486407518386,-3.507797241210937,-5.615478515625,-3.4420318603515625,0.6475372314453125,-4.162078857421875,-2.605194091796875
2020-11-11,6,1,298.44146728515625,288.83843994140625,-3.29449462890625,-1.70745849609375,0.0,91692.375,269.24053955078125,283.8067626953125,290.0984191894531,0.000278158346191,0.0004273812810424,0.0092139802873134,-2.5154266357421875,-6.084075927734375,-5.888427734375,1.255645751953125,-3.50360107421875,-2.2752838134765625
2020-11-11,12,2,298.65594482421875,290.75048828125,-1.67181396484375,-1.223419189453125,0.0,91437.984375,268.64910888671875,284.4799194335937,292.9639892578125,0.000771596096456,0.0002884862478822,0.0106994621455669,-2.313232421875,-4.388931274414063,-5.4819183349609375,0.5172119140625,-2.814910888671875,-3.385223388671875
2020-11-11,18,3,294.0048217773437,291.6535339355469,-1.9966583251953125,-1.72637939453125,0.0,91712.78125,268.86199951171875,283.98052978515625,290.9151306152344,0.0022786310873925,0.0022890334948897,0.0117010958492755,-4.44580078125,-5.27679443359375,-5.4254913330078125,1.3703765869140625,-0.34967041015625,-5.743209838867188
2020-11-12,0,0,293.8432006835937,292.5460510253906,-1.5121307373046875,-2.1057586669921875,0.0,91606.59375,268.4257507324219,282.6180114746094,290.6278076171875,0.0035737401340156,0.0081863030791282,0.0128685384988784,-4.232223510742188,-6.075119018554688,-5.012603759765625,0.9204254150390624,0.2743072509765625,-5.0848388671875
2020-11-12,6,1,298.6807556152344,293.3295288085937,-3.8338470458984375,-2.6834716796875,1.25,91776.9375,268.8310546875,283.4383544921875,291.1646728515625,0.0023380313068628,0.0081421770155429,0.013149507343769,-4.3103790283203125,-5.9559326171875,-6.988082885742188,1.6640777587890625,0.257171630859375,-3.5169830322265625
2020-11-12,12,2,298.96148681640625,293.92706298828125,-2.3680877685546875,-1.9661712646484373,32.375,91495.28125,269.2854309082031,283.38702392578125,291.7930908203125,0.002202620729804,0.0089861415326595,0.0139543786644935,-1.9195556640625,-6.429412841796875,-7.2720184326171875,1.89892578125,2.60821533203125,-4.622894287109375
2020-11-12,18,3,295.85137939453125,293.5378723144531,-3.267059326171875,-0.71142578125,6.5,91758.46875,269.3910522460937,283.0232238769531,290.42694091796875,0.0022419157903641,0.0094962082803249,0.0144387036561965,-0.696746826171875,-7.9765472412109375,-9.910140991210938,-0.790985107421875,2.8776092529296875,-0.5534515380859375
2020-11-13,0,0,295.5798645019531,293.1976928710937,-3.2804718017578125,-0.5418701171875,7.375,91590.25,269.352783203125,283.007080078125,289.782470703125,0.0018497989512979,0.0093134380877017,0.013710293918848,-3.2235260009765625,-7.0587158203125,-9.923187255859377,-2.2455596923828125,3.805099487304688,0.992034912109375
2020-11-13,6,1,298.3402099609375,294.94158935546875,-3.54156494140625,-0.58489990234375,622.375,91771.125,269.0611877441406,281.94775390625,290.0423583984375,0.0020562766585499,0.0098210182040929,0.0134406946599483,-6.4430084228515625,-5.8158111572265625,-9.632659912109377,-2.3620758056640625,2.2552947998046875,0.7503662109375
2020-11-13,12,2,296.268798828125,294.1378173828125,-3.442901611328125,-0.2518768310546875,116.625,91536.125,268.5862731933594,282.9655456542969,291.06463623046875,0.0032189264893531,0.010852713137865,0.0138316042721271,-5.797882080078125,-5.781295776367188,-9.731857299804688,-2.035995483398437,-0.797454833984375,-1.47021484375
2020-11-13,18,3,294.0646057128906,293.09783935546875,-2.561370849609375,-0.886810302734375,38.75,91769.390625,268.1280517578125,282.702392578125,290.43524169921875,0.0046222656965255,0.0099382251501083,0.0120141319930553,-5.456695556640625,-7.710830688476562,-10.4970703125,0.523834228515625,-1.70831298828125,-0.9753875732421876
2020-11-14,0,0,294.7820739746094,292.88922119140625,-3.04376220703125,-1.4237060546875,5.125,91556.71875,267.8037414550781,282.73455810546875,289.4652099609375,0.0040829554200172,0.0069502424448728,0.0128029212355613,-3.88909912109375,-7.16046142578125,-9.926834106445312,1.22613525390625,-0.929046630859375,-2.1411590576171875
2020-11-14,6,1,299.016845703125,292.3318786621094,-4.998077392578125,-1.1956939697265625,9.5,91662.84375,269.3289794921875,283.717041015625,291.27569580078125,0.0034796544350683,0.0066721811890602,0.0129223689436912,-3.431304931640625,-7.492218017578125,-8.734878540039062,-1.3711090087890625,-1.48138427734375,-1.618865966796875
2020-11-14,12,2,298.85357666015625,293.02899169921875,-3.0904083251953125,-1.1209259033203125,4.375,91364.421875,268.4369506835937,284.7489624023437,292.4691772460937,0.0036991152446717,0.0034967877436429,0.0125988535583019,-0.59796142578125,-8.561492919921875,-9.121337890625,-1.3150482177734375,-1.03839111328125,-3.1398468017578125
2020-11-14,18,3,293.9437255859375,292.686767578125,-2.6812744140625,-0.742279052734375,0.0,91643.78125,268.235595703125,284.7128601074219,290.8485107421875,0.0035908319987356,0.0035099489614367,0.0097068175673484,-3.483062744140625,-9.784637451171877,-10.668731689453123,0.5345611572265625,0.97698974609375,-2.1875
2020-11-15,0,0,293.31317138671875,291.70025634765625,-2.345077514648437,-1.887969970703125,0.0,91468.28125,269.23907470703125,283.65093994140625,289.77655029296875,0.0013941030483692,0.0075109004974365,0.0124223046004772,-6.894134521484375,-9.2783203125,-12.823287963867188,0.369293212890625,0.6385955810546875,-2.7961578369140625
2020-11-15,6,1,297.6912841796875,293.698974609375,-4.3954010009765625,-2.5098876953125,20.875,91625.828125,269.0174560546875,283.462158203125,290.87310791015625,0.0034989956766366,0.0101182125508785,0.014092992991209,-9.947509765625,-10.783004760742188,-9.090362548828123,-1.3430023193359375,0.282073974609375,-3.256332397460937
2020-11-15,12,2,296.75360107421875,294.08319091796875,-2.5072784423828125,-2.081405639648437,30.0,91395.453125,268.54644775390625,283.25469970703125,290.6462707519531,0.0049554519355297,0.0099658779799938,0.0144635327160358,-7.799896240234375,-8.6890869140625,-8.66546630859375,-2.520233154296875,-1.2518157958984375,-6.87872314453125
2020-11-15,18,3,294.65008544921875,294.0595703125,-3.320281982421875,-1.386993408203125,50.375,91601.890625,269.3416442871094,284.01129150390625,290.2506103515625,0.0048493612557649,0.0086680017411708,0.0142839774489402,-5.2880706787109375,-11.753219604492188,-12.20513916015625,0.8788909912109375,3.0322723388671875,0.2323455810546875
2020-11-16,0,0,295.0179443359375,293.5205993652344,-3.346176147460937,-1.1552886962890625,72.125,91457.5625,269.7340087890625,282.81719970703125,289.94537353515625,0.003832483664155,0.0093769133090972,0.0134191177785396,-2.994720458984375,-11.528121948242188,-9.62506103515625,-0.39752197265625,1.1830902099609375,0.6027374267578125
2020-11-16,6,1,298.415771484375,294.8063049316406,-4.42620849609375,-0.2104949951171875,128.25,91720.78125,268.7665100097656,283.15106201171875,290.3365478515625,0.0042092874646186,0.0088925622403621,0.0136635191738605,-7.67034912109375,-11.610137939453123,-8.406417846679688,-4.21148681640625,0.6888580322265625,0.4736175537109375
2020-11-16,12,2,295.60406494140625,293.769287109375,-3.0261993408203125,-0.366973876953125,66.625,91541.65625,268.2243347167969,282.5986328125,290.5283203125,0.0037545394152402,0.0101185031235218,0.0139387361705303,-13.295730590820312,-8.82501220703125,-9.172256469726562,-8.608230590820312,0.9010772705078124,0.31207275390625
2020-11-16,18,3,293.8363952636719,293.3408203125,-3.37664794921875,0.431915283203125,101.0,91726.28125,268.164794921875,283.0433044433594,290.66949462890625,0.004048079252243,0.0092160813510417,0.0131635107100009,-14.40472412109375,-11.804672241210938,-9.444839477539062,-3.049789428710937,4.8135986328125,4.4949493408203125
2020-11-17,0,0,294.0934753417969,292.6566162109375,-3.0754852294921875,-0.9728851318359376,1.125,91442.15625,269.26763916015625,284.2437438964844,291.29443359375,0.0038324173074215,0.0082670822739601,0.0109276622533798,-14.05328369140625,-2.681488037109375,-9.544509887695312,-1.901580810546875,0.76898193359375,0.6904754638671875
2020-11-17,6,1,298.01287841796875,292.7125244140625,-5.588424682617188,0.867889404296875,3.375,91641.453125,268.5814208984375,282.83282470703125,290.8478698730469,0.0045908093452453,0.0085451714694499,0.0133740715682506,-5.925323486328125,-4.648284912109375,-10.727493286132812,4.015548706054688,4.333999633789063,1.427825927734375
2020-11-17,12,2,296.915771484375,293.1923217773437,-2.780303955078125,0.4458465576171875,46.375,91407.015625,268.58984375,282.9076232910156,291.1029663085937,0.0050970837473869,0.0082999169826507,0.0140045993030071,-3.6841888427734375,-10.174514770507812,-9.319351196289062,4.2152099609375,2.7649688720703125,1.403472900390625
2020-11-17,18,3,293.91473388671875,292.794921875,-2.8161163330078125,1.0516204833984375,47.125,91665.75,267.626953125,283.1940002441406,289.8041381835937,0.004535499960184,0.0061435475945472,0.0133769437670707,-7.1120147705078125,-9.72412109375,-9.884475708007812,-0.6006011962890625,5.359390258789063,4.26312255859375
2020-11-18,0,0,293.52032470703125,292.3314819335937,-2.803573608398437,0.680877685546875,5.25,91492.921875,267.29248046875,283.0382080078125,289.63189697265625,0.002794298576191,0.0056017190217971,0.0117012783885002,-7.756011962890625,-9.288803100585938,-7.822647094726562,-1.353546142578125,7.929534912109375,4.7196044921875
2020-11-18,6,1,298.836181640625,292.27996826171875,-4.323257446289063,1.770904541015625,6.0,91693.453125,268.08447265625,283.465087890625,291.5636901855469,0.0032573044300079,0.0059711448848247,0.0122419446706771,-9.983444213867188,-7.58758544921875,-7.7533721923828125,-0.53399658203125,7.224395751953125,3.76519775390625
2020-11-18,12,2,298.9466552734375,292.89532470703125,-2.467620849609375,0.3128814697265625,3.125,91446.5,268.4700012207031,283.0212707519531,291.95147705078125,0.001866462174803,0.0071126632392406,0.0129411872476339,-7.209121704101562,-6.4664154052734375,-7.50341796875,0.05517578125,4.808517456054688,0.5680084228515625
2020-11-18,18,3,294.63262939453125,293.4107666015625,-3.5587921142578125,0.440032958984375,0.0,91727.453125,269.0430603027344,283.0762939453125,291.0526123046875,0.0005486630834639,0.0060504488646984,0.0114088580012321,-6.9049072265625,-6.263595581054688,-9.796463012695312,-2.23272705078125,4.158950805664063,2.7981414794921875
2020-11-19,0,0,294.0386657714844,292.33843994140625,-2.8932037353515625,0.88787841796875,3.125,91581.0,269.2933654785156,282.7720947265625,289.6732177734375,0.0003013708628714,0.0041494388133287,0.010939747095108,-6.3102569580078125,-6.451812744140625,-8.360580444335938,-0.2876129150390625,1.6786651611328125,3.9697265625
2020-11-19,6,1,298.9529113769531,291.9149169921875,-4.519302368164063,1.4195709228515625,4.375,91734.453125,269.71392822265625,282.700439453125,291.52081298828125,0.0002150930959032,0.0053502954542636,0.0117011554539203,-6.120407104492188,-5.64764404296875,-8.283126831054688,-1.25390625,1.105377197265625,2.502960205078125
2020-11-19,12,2,298.9896850585937,292.11431884765625,-2.304428100585937,0.6356048583984375,5.125,91473.34375,269.510009765625,282.4371643066406,291.9515380859375,0.0002229403762612,0.005882803350687,0.0128534696996212,-4.516036987304688,-3.8751068115234375,-6.9378814697265625,-1.206878662109375,-1.490692138671875,1.0883331298828125
2020-11-19,18,3,294.1737060546875,292.9552001953125,-2.8141021728515625,0.5291595458984375,0.0,91754.015625,268.41412353515625,282.66357421875,290.9830322265625,0.0002184304030379,0.0047803670167922,0.0108604244887828,-3.3303985595703125,-3.256744384765625,-8.71881103515625,-2.235137939453125,-3.554306030273437,2.41412353515625
2020-11-20,0,0,293.8998107910156,291.9476928710937,-1.960418701171875,0.144927978515625,6.75,91601.015625,269.01171875,282.439453125,291.0556640625,0.0001933940220624,0.0020582142751663,0.0076420716941356,-4.775314331054688,-2.5925445556640625,-7.886550903320312,-2.0928955078125,-5.872833251953125,3.870758056640625
2020-11-20,6,1,299.7876281738281,289.1846618652344,-3.5089263916015625,1.440673828125,0.0,91764.96875,269.4914245605469,282.728515625,290.70074462890625,0.0001681215071585,0.0008013430051505,0.0102971866726875,-4.68853759765625,-6.101852416992188,-6.244964599609375,-3.470428466796875,-4.01031494140625,2.3441314697265625
2020-11-20,12,2,298.5411376953125,289.6800842285156,-1.8932037353515625,0.2997589111328125,0.0,91532.234375,269.7595520019531,282.901611328125,291.97418212890625,0.0001547777646919,0.0006628956180065,0.010198600590229,-6.015838623046875,-5.759201049804688,-5.1800537109375,-3.839019775390625,-2.6682891845703125,0.5854949951171875
2020-11-20,18,3,292.4305114746094,290.18292236328125,-2.1746368408203125,-0.152099609375,0.0,91822.15625,269.2142944335937,282.3246459960937,290.7207336425781,0.0001390393590554,0.0006827891338616,0.0082841478288173,-7.502899169921875,-6.92901611328125,-2.074981689453125,-2.93682861328125,-2.200897216796875,-1.137359619140625
2020-11-21,0,0,291.16925048828125,289.26544189453125,-1.4136962890625,-0.988739013671875,0.0,91671.375,269.31396484375,282.461181640625,289.87603759765625,0.0001080617075785,0.0006611081771552,0.0067559294402599,-8.54388427734375,-6.569793701171875,-1.4746551513671875,-2.6607208251953125,-2.204254150390625,-4.091079711914063
2020-11-21,6,1,299.30743408203125,282.36785888671875,-2.5866241455078125,-1.651519775390625,0.0,91800.53125,270.1735534667969,282.9706420898437,290.75762939453125,0.0001052889419952,0.0005423496477305,0.0055439248681068,-7.558013916015625,-7.739639282226562,-4.23419189453125,-4.0604400634765625,-2.072235107421875,-2.53082275390625
2020-11-21,12,2,298.02294921875,287.5574951171875,-2.0545196533203125,-0.226531982421875,0.0,91574.21875,270.41131591796875,283.18634033203125,292.4761962890625,0.000127563936985,0.0004100897349417,0.005850575864315,-7.068267822265625,-5.620864868164063,-5.901336669921875,-4.55804443359375,-2.2108917236328125,-1.322540283203125
2020-11-21,18,3,291.1365966796875,286.4951171875,-2.10443115234375,0.0128936767578125,0.0,91853.453125,270.46649169921875,282.8757019042969,290.5831604003906,0.000151723914314,0.0003005738835781,0.0053605027496814,-8.208480834960938,-6.473541259765625,-6.375656127929688,-3.454559326171875,-0.0847320556640625,-3.3346099853515625
2020-11-22,0,0,288.7499389648437,286.6255187988281,-2.125885009765625,-0.9654541015625,0.0,91682.953125,269.869873046875,282.7511901855469,290.27020263671875,0.0001685042516328,0.0004201140254735,0.004834309220314,-7.603912353515625,-3.4412994384765625,-9.480087280273438,-3.782928466796875,0.2494354248046875,-1.6576995849609375
2020-11-22,6,1,298.8476867675781,286.75018310546875,-4.212188720703125,-2.010284423828125,0.0,91847.46875,270.110107421875,282.779296875,290.7445373535156,0.0001752788812154,0.00054692174308,0.0084810033440589,-8.774932861328125,-4.5379638671875,-7.184371948242188,-2.510604858398437,0.395233154296875,-3.28076171875
2020-11-22,12,2,297.93914794921875,288.3796081542969,-1.9243621826171875,-0.28173828125,0.0,91660.84375,269.9458923339844,283.12060546875,291.7864990234375,0.0001675547537161,0.0010227595921605,0.0088423043489456,-8.3131103515625,-2.45330810546875,-6.562042236328125,-6.384063720703125,-1.6812591552734375,-1.713043212890625
2020-11-22,18,3,291.744140625,289.08154296875,-2.073715209960937,-0.346435546875,0.0,91849.03125,269.6399841308594,283.1852111816406,290.7291259765625,0.0001751524105202,0.0014500729739665,0.0089568868279457,-7.7219390869140625,-6.53155517578125,-6.331085205078125,-3.471954345703125,-2.4013671875,-5.030548095703125
2020-11-23,0,0,292.04376220703125,289.78521728515625,-1.6320648193359375,-1.18170166015625,0.0,91698.296875,269.1712341308594,283.56915283203125,289.8380126953125,0.0001693051162874,0.0015448234044015,0.0088280886411666,-5.859664916992188,-6.53521728515625,-11.064041137695312,-4.324432373046875,-0.805267333984375,-5.997848510742188
2020-11-23,6,1,298.81396484375,290.6269836425781,-4.8395538330078125,-2.8649139404296875,0.0,91794.140625,269.1990661621094,283.6622009277344,290.5951538085937,0.0001856869494076,0.001980613451451,0.0111519070342183,-5.835845947265625,-5.916427612304688,-7.835281372070312,-6.344451904296875,0.01934814453125,-4.4930572509765625
2020-11-23,12,2,298.2987670898437,292.187744140625,-1.602508544921875,-1.609100341796875,41.25,91617.484375,268.7113647460937,280.74810791015625,290.9918518066406,0.0002107126492774,0.0070824697613716,0.0121614225208759,-4.399749755859375,-5.537506103515625,-5.6004180908203125,-8.266387939453125,-3.992355346679688,-4.730255126953125
2020-11-23,18,3,293.69061279296875,292.01593017578125,-1.594329833984375,-1.5845947265625,0.0,91760.125,269.3043518066406,281.32525634765625,290.346923828125,0.0003178834449499,0.0045550130307674,0.0109077244997024,-6.667404174804688,-4.2084808349609375,-6.628677368164063,-6.598434448242188,-3.80908203125,-5.267501831054688
2020-11-24,0,0,293.31036376953125,291.576416015625,-1.810089111328125,-2.1983642578125,1.125,91630.46875,268.5649719238281,282.3102722167969,289.76104736328125,0.0004307662602514,0.0033049681223928,0.0104885846376419,-3.949142456054688,-4.443084716796875,-7.975021362304687,-5.156906127929688,0.744171142578125,-6.721771240234375
2020-11-24,6,1,298.16827392578125,290.2288513183594,-2.5336151123046875,-3.5270233154296875,0.0,91732.90625,268.09393310546875,282.2041320800781,289.8522644042969,0.000508950324729,0.0065306387841701,0.0113495327532291,-6.421234130859375,-5.473663330078125,-4.34161376953125,-6.818389892578125,-0.396697998046875,-5.77337646484375
2020-11-24,12,2,297.61346435546875,291.1955871582031,-1.802337646484375,-2.0228424072265625,13.75,91505.3125,267.9110107421875,281.53814697265625,290.3413391113281,0.0005065652076154,0.0079810693860054,0.0120689421892166,-9.67047119140625,-4.340911865234375,-4.402267456054688,-5.9813995361328125,-1.1142730712890625,-6.275421142578125
2020-11-24,18,3,293.64678955078125,291.2816772460937,-1.54608154296875,-2.4066314697265625,0.0,91642.796875,268.17645263671875,282.3241577148437,290.4168701171875,0.0004147866275161,0.0073455572128295,0.0097979344427585,-8.52984619140625,-5.739028930664063,-5.4253692626953125,-8.85565185546875,-1.9197998046875,-8.189422607421875
2020-11-25,0,0,292.89910888671875,290.57586669921875,-0.981475830078125,-2.6503448486328125,0.0,91396.625,268.3603210449219,282.4354248046875,290.2064819335937,0.0002068559842882,0.0067507773637771,0.0095976330339908,-9.710311889648438,-2.1858062744140625,-7.1240081787109375,-10.298919677734377,-4.2491455078125,-8.567474365234375
2020-11-25,6,1,296.93896484375,290.3363647460937,-2.0573272705078125,-4.7899322509765625,1.625,91571.328125,268.2018127441406,282.4127502441406,288.84979248046875,0.0005407999269664,0.0069032050669193,0.0113932751119136,-9.62896728515625,-3.0130157470703125,-4.9242706298828125,-12.873077392578123,-7.43505859375,-8.953338623046875
2020-11-25,12,2,296.40191650390625,291.0994567871094,-1.1158294677734375,-3.50396728515625,0.0,91318.5,268.0673217773437,282.1343688964844,290.132080078125,0.0005939153488725,0.0086997374892234,0.0122493095695972,-6.413345336914063,-7.15362548828125,-2.282989501953125,-15.533523559570312,-8.230972290039062,-8.732406616210938
2020-11-25,18,3,293.4870300292969,292.7997436523437,0.5605010986328125,-4.5274505615234375,14.125,91489.46875,269.4039611816406,281.8168029785156,289.8226318359375,0.0003971471451222,0.008718516677618,0.0131208263337612,-5.5055999755859375,-3.671295166015625,-5.110504150390625,-13.084335327148438,-8.30377197265625,-12.851943969726562
2020-11-26,0,0,293.0885009765625,292.11041259765625,1.3387908935546875,-5.28179931640625,0.875,91193.8125,267.97052001953125,283.386474609375,289.5817565917969,0.0006186184473335,0.0085000619292259,0.013184655457735,0.8179168701171875,-3.897003173828125,-2.5982818603515625,-16.8304443359375,-9.385971069335938,-15.633590698242188
2020-11-26,6,1,293.7007751464844,293.25250244140625,2.5235595703125,-3.0511474609375,215.125,91441.390625,267.23638916015625,282.780029296875,289.0888977050781,0.0034097000025212,0.0074537694454193,0.0133138336241245,8.1387939453125,1.8548583984375,-0.4547882080078125,-17.690826416015625,-8.118621826171875,-12.872177124023438
2020-11-26,12,2,293.5627746582031,292.8028564453125,2.82733154296875,-2.709869384765625,15.125,91304.28125,266.62353515625,283.93243408203125,289.270263671875,0.0030362675897777,0.0070764943957328,0.0123930387198925,9.144378662109377,5.95086669921875,5.78240966796875,-13.387985229492188,-7.585418701171875,-9.12548828125
2020-11-26,18,3,292.5037841796875,291.59539794921875,2.6549224853515625,-1.880523681640625,18.25,91569.234375,268.62066650390625,282.7689819335937,288.4674072265625,0.0040032193064689,0.0042064068838953,0.0124703161418437,3.5062255859375,3.5673980712890625,5.144927978515625,-11.9652099609375,-8.747467041015625,-6.660400390625
2020-11-27,0,0,292.91851806640625,291.5599060058594,1.5892181396484375,-3.220855712890625,1.5,91497.546875,268.04058837890625,281.7353210449219,287.78076171875,0.0049142129719257,0.0046222321689128,0.0095303729176521,0.1693878173828125,4.529449462890625,0.5487823486328125,-6.6337890625,-7.268661499023437,-12.62646484375
2020-11-27,6,1,295.7044372558594,290.7809753417969,1.52520751953125,-4.915985107421875,0.0,91631.40625,268.9712219238281,281.55010986328125,288.1829833984375,0.0038996175862848,0.0057506449520587,0.0114369802176952,0.61895751953125,5.7284698486328125,2.1892852783203125,1.67864990234375,-3.1919403076171875,-6.63861083984375
2020-11-27,12,2,293.4075622558594,290.9252014160156,0.8573455810546875,-3.28839111328125,3.25,91512.609375,268.8031005859375,282.3204345703125,288.0630798339844,0.0027632811106741,0.0057346671819686,0.0115865357220172,-0.2987060546875,6.215835571289063,4.1163177490234375,6.0596771240234375,-1.878173828125,-3.377059936523437
2020-11-27,18,3,290.23846435546875,289.3714599609375,-0.1862640380859375,-1.8801727294921875,0.0,91728.703125,268.362548828125,281.7615966796875,290.10595703125,0.0021423401776701,0.006036952137947,0.0101810172200202,-2.988739013671875,4.8357696533203125,4.0467529296875,8.548355102539062,2.25482177734375,0.902130126953125
2020-11-28,0,0,289.90008544921875,289.1796875,-0.6007022857666016,-1.09857177734375,0.375,91617.578125,268.39654541015625,283.1640014648437,288.94635009765625,0.0031026701908558,0.0024910508655011,0.0102761387825012,-6.51214599609375,1.4287261962890625,-0.5028228759765625,10.100128173828123,3.3098297119140625,4.78790283203125
2020-11-28,6,1,296.87994384765625,291.8328857421875,-2.5989532470703125,1.6682586669921875,6.625,91823.921875,267.71435546875,282.26837158203125,290.2437744140625,0.0028326665051281,0.0056077465415,0.0118694342672824,-6.69683837890625,-4.4264678955078125,-4.57745361328125,8.8233642578125,4.154464721679688,3.459579467773437
2020-11-28,12,2,297.94342041015625,292.4762878417969,-1.8439483642578125,0.6986846923828125,0.0,91593.640625,267.9668884277344,281.76715087890625,290.6919860839844,0.0026346670929342,0.0075137093663215,0.0124601982533931,-6.282379150390625,-5.284759521484375,-6.1114501953125,6.73748779296875,4.060562133789063,2.6897125244140625
2020-11-28,18,3,293.65625,292.81707763671875,-2.838653564453125,0.057037353515625,0.125,91875.53125,267.5924072265625,282.1209716796875,289.67547607421875,0.0027633537538349,0.0080379098653793,0.0128632225096225,-7.2044830322265625,-7.8601226806640625,-7.714813232421875,3.956100463867188,4.66497802734375,1.888275146484375
2020-11-29,0,0,293.7285461425781,292.0556640625,-2.60638427734375,-0.6749267578125,10.5,91678.0,268.0284423828125,282.5307312011719,289.24462890625,0.0030860360711812,0.007423173636198,0.0109633691608905,-6.9326934814453125,-7.4604034423828125,-8.021560668945312,1.132781982421875,4.2574462890625,1.754547119140625
2020-11-29,6,1,297.6522521972656,292.40484619140625,-3.6667327880859375,-0.3116912841796875,11.625,91894.859375,267.8603210449219,282.51226806640625,290.5959777832031,0.0033066873438656,0.0074080284684896,0.0118516981601715,-8.755096435546875,-8.058197021484375,-7.16168212890625,1.2628173828125,2.498519897460937,0.0797576904296875
2020-11-29,12,2,297.05401611328125,292.8106689453125,-2.110870361328125,-0.9555206298828124,2.625,91655.171875,268.1463623046875,282.0562438964844,290.3804626464844,0.0031935074366629,0.0086337327957153,0.0128315277397632,-5.946624755859375,-8.50146484375,-6.32562255859375,2.3892822265625,0.745025634765625,-0.9576873779296876
2020-11-29,18,3,293.20361328125,292.40167236328125,-2.6123809814453125,-0.6526031494140625,0.125,91879.59375,268.0596923828125,282.11700439453125,290.2258605957031,0.0026727207005023,0.0087309814989566,0.0121763311326503,-5.666900634765625,-8.723526000976562,-8.590225219726562,1.299407958984375,-0.7652435302734375,-0.319549560546875
2020-11-30,0,0,293.417236328125,291.86016845703125,-2.5416259765625,-1.1280975341796875,11.5,91711.65625,268.417236328125,283.0331115722656,289.5649108886719,0.0025652272161096,0.0053958147764205,0.0111341625452041,-3.70355224609375,-8.505950927734375,-9.78057861328125,-2.78155517578125,-1.7513427734375,-0.675201416015625
2020-11-30,6,1,298.3856506347656,290.779541015625,-3.67584228515625,-1.2207489013671875,4.75,91893.625,268.3499755859375,283.2303771972656,290.6946105957031,0.0010196552611887,0.0049659945070743,0.0112823136150836,-6.447921752929688,-9.743255615234377,-6.374176025390625,-5.3959808349609375,-2.751373291015625,-1.467803955078125
2020-11-30,12,2,297.88653564453125,291.4482421875,-2.183456420898437,-1.40692138671875,0.25,91653.375,268.41387939453125,283.65679931640625,290.88458251953125,0.0001962532114703,0.0051146149635314,0.0120077952742576,-6.1697845458984375,-6.6966094970703125,-5.29815673828125,-4.179534912109375,-4.77618408203125,-3.2052764892578125
2020-11-30,18,3,292.4705810546875,291.1548156738281,-2.26751708984375,-2.486190795898437,0.0,91911.09375,269.2692565917969,282.410888671875,289.96636962890625,0.0002278693427797,0.005203653126955,0.0100987814366817,-11.548019409179688,-4.348876953125,-5.94549560546875,-0.250091552734375,-6.670684814453125,-5.45684814453125
2020-12-01,0,0,291.900146484375,287.9390869140625,-2.373641967773437,-1.5966796875,0.0,91745.234375,268.89312744140625,283.6124572753906,289.6024169921875,0.000254581682384,0.0023519205860793,0.0061998143792152,-8.970977783203125,-3.9476470947265625,-8.369583129882812,-3.605300903320313,-7.737548828125,-4.762115478515625
2020-12-01,6,1,297.59259033203125,285.6320495605469,-4.010543823242188,-2.6281280517578125,0.0,91898.859375,268.6131896972656,284.0352783203125,289.30035400390625,0.0001836581213865,0.0003371960483491,0.0073743313550949,-9.815902709960938,-8.559814453125,-6.6477813720703125,-6.095260620117188,-3.9820709228515625,-4.4405059814453125
2020-12-01,12,2,296.2518310546875,288.8290405273437,-1.6774139404296875,-1.0004730224609375,0.0,91621.078125,268.03814697265625,284.09942626953125,290.2113952636719,0.0003976032603532,0.0007293322123587,0.0085041113197803,-9.207412719726562,-6.18084716796875,-5.2423095703125,-9.191864013671877,-0.2239532470703125,-2.611297607421875
2020-12-01,18,3,291.4132995605469,289.20538330078125,-2.122787475585937,-1.8692779541015625,0.0,91892.234375,267.1968078613281,282.8362731933594,288.4732666015625,0.0009362171404063,0.0033001319970935,0.008647046983242,-9.96673583984375,-6.721694946289063,-5.579025268554688,-11.19488525390625,0.7336273193359375,-3.567367553710937
2020-12-02,0,0,291.6944580078125,289.1998291015625,-1.56005859375,-2.536117553710937,0.0,91669.03125,267.4889831542969,282.2685546875,290.278076171875,0.0002989866770803,0.0064232535660266,0.0079834796488285,-10.4285888671875,-5.448974609375,-5.738327026367188,-9.226577758789062,-0.308013916015625,-2.8290557861328125
2020-12-02,6,1,297.713623046875,289.01123046875,-3.216461181640625,-3.0912628173828125,0.0,91769.40625,266.7811279296875,282.54656982421875,290.04571533203125,0.0005155017133802,0.0053976960480213,0.0104313865303993,-8.222030639648438,-6.4862213134765625,-6.493087768554688,-6.360519409179688,-1.9398651123046875,-5.079757690429688
2020-12-02,12,2,296.9776916503906,290.656494140625,-2.254852294921875,-2.20831298828125,0.0,91442.625,268.65460205078125,283.19927978515625,290.5013732910156,0.0001972010213648,0.0040619447827339,0.0119878388941288,-6.819625854492188,-6.670562744140625,-4.822280883789063,-9.643356323242188,-4.074478149414063,-5.15966796875
2020-12-02,18,3,292.5013732910156,290.71240234375,-1.449951171875,-2.4751129150390625,0.0,91682.734375,269.0834045410156,282.25299072265625,289.7436828613281,0.0004085667897015,0.0043163374066352,0.0094916149973869,-10.89459228515625,-7.1016998291015625,-8.175704956054688,-7.60797119140625,-3.897415161132813,-7.5621337890625
2020-12-03,0,0,292.73828125,289.4280700683594,-1.487457275390625,-3.1251373291015625,0.0,91459.140625,268.92987060546875,282.810302734375,289.13360595703125,0.0049411505460739,0.0079422146081924,0.0124286673963069,-14.21173095703125,-8.257537841796875,-10.92108154296875,-2.8227691650390625,-2.1134033203125,-6.480499267578125
2020-12-03,6,1,294.7178955078125,291.4354553222656,-2.6898956298828125,-4.43902587890625,71.25,91691.03125,268.9634704589844,282.5941162109375,288.8427124023437,0.0051630474627017,0.0081715658307075,0.0131184980273246,-11.930343627929688,-11.212387084960938,-7.187103271484375,-7.304031372070312,-1.5251922607421875,-7.194915771484375
2020-12-03,12,2,293.2720947265625,292.1146850585937,-1.4884185791015625,-3.668014526367188,51.875,91422.34375,268.22467041015625,282.97381591796875,290.780029296875,0.0051827877759933,0.0070754624903202,0.0130303651094436,-8.246475219726562,-10.108200073242188,-10.8331298828125,-6.133270263671875,-3.273345947265625,-7.8669586181640625
2020-12-03,18,3,292.821533203125,292.37469482421875,-2.331024169921875,-3.742263793945313,24.875,91576.578125,269.0169677734375,282.82867431640625,289.06524658203125,0.0047966726124286,0.0078577287495136,0.0133789591491222,-12.377456665039062,-9.76336669921875,-12.79180908203125,-1.95880126953125,-4.2797698974609375,-8.216156005859375
2020-12-04,0,0,293.6783142089844,292.60089111328125,-2.6361541748046875,-3.8764801025390634,10.125,91387.890625,267.23114013671875,282.47772216796875,289.2943725585937,0.004750620573759,0.0093774870038032,0.0135159827768802,-7.8749542236328125,-11.096664428710938,-12.370346069335938,-1.7954864501953125,-4.956802368164063,-6.81243896484375
2020-12-04,6,1,295.7077941894531,293.57635498046875,-3.75823974609375,-3.3259429931640625,29.375,91550.125,268.4467163085937,283.18048095703125,289.71875,0.0045712068676948,0.0085182227194309,0.0129874628037214,-5.731536865234375,-11.443374633789062,-11.084335327148438,-5.0960693359375,-1.857025146484375,-5.75299072265625
2020-12-04,12,2,295.3408508300781,293.1854858398437,-2.77880859375,-2.6761474609375,4.375,91382.59375,268.22247314453125,283.1075439453125,289.98760986328125,0.0016261849086731,0.0077888369560241,0.0133906379342079,-3.1531982421875,-8.379150390625,-9.885543823242188,-11.003097534179688,-2.1096343994140625,-8.550674438476562
2020-12-04,18,3,293.5595703125,292.8969116210937,-1.9129791259765625,-2.4551544189453125,12.75,91544.921875,269.4931640625,283.653564453125,288.7492980957031,0.000331338495016,0.0074957907199859,0.0128819420933723,-7.458694458007812,-6.4920654296875,-9.696548461914062,-7.954299926757812,-4.379852294921875,-5.44500732421875
2020-12-05,0,0,293.3318176269531,291.85565185546875,-1.5054168701171875,-1.8111114501953125,15.75,91435.84375,268.1957397460937,282.5284423828125,288.6405639648437,0.0001255373790627,0.0082816407084465,0.0125565528869628,-10.1009521484375,-6.040313720703125,-8.566162109375,-8.588119506835938,-2.70648193359375,-4.119293212890625
2020-12-05,6,1,296.6365661621094,292.99517822265625,-3.799102783203125,-3.6645355224609375,0.5,91591.6875,268.15362548828125,282.7894897460937,290.5476989746094,0.000210816739127,0.0082865692675113,0.0133139379322528,-11.620529174804688,-8.010269165039062,-6.501373291015625,-9.5799560546875,-1.40997314453125,-5.016815185546875
2020-12-05,12,2,295.36639404296875,293.11492919921875,-1.95684814453125,-3.069610595703125,11.25,91423.40625,267.7547912597656,282.86016845703125,290.0281677246094,0.0004930931609123,0.0083765462040901,0.0139935798943042,-13.041534423828123,-10.933197021484377,-7.7323760986328125,-10.198196411132812,-3.01702880859375,-6.73724365234375
2020-12-05,18,3,293.8428955078125,292.71063232421875,-3.32733154296875,-2.855621337890625,6.125,91606.015625,268.224365234375,282.8287048339844,289.0570678710937,0.000300083309412,0.0088725164532661,0.01299599558115,-11.993927001953123,-9.152481079101562,-11.933883666992188,-9.750625610351562,-2.807968139648437,-6.4149017333984375
2020-12-06,0,0,293.35369873046875,291.20770263671875,-3.455184936523437,-2.7932281494140625,2.0,91518.671875,268.6262512207031,283.2129211425781,288.7595520019531,0.0002637335564941,0.0085078440606594,0.0129834851250052,-9.04827880859375,-9.969207763671877,-12.553726196289062,-9.418716430664062,-1.8170318603515625,-5.33026123046875
2020-12-06,6,1,297.60772705078125,292.39996337890625,-5.32940673828125,-3.16680908203125,0.25,91724.359375,267.6971435546875,283.0878601074219,290.12847900390625,0.000285173242446,0.0086226165294647,0.0136685408651828,-9.856643676757812,-11.13519287109375,-9.1334228515625,-9.0408935546875,-0.7009735107421875,-4.015777587890625
2020-12-06,12,2,296.7662353515625,292.97137451171875,-3.079132080078125,-2.5341033935546875,1.375,91543.671875,268.3461303710937,282.8295288085937,290.5045166015625,0.0002789595164358,0.0095463190227746,0.0138419233262538,-9.804794311523438,-10.002120971679688,-8.191375732421875,-6.80865478515625,-1.618072509765625,-4.979156494140625
2020-12-06,18,3,294.11431884765625,292.9412536621094,-3.075775146484375,-1.8419036865234373,18.375,91761.5625,268.5753173828125,282.89215087890625,289.45233154296875,8.816583431325853e-05,0.0085664168000221,0.0134316757321357,-10.050033569335938,-9.516525268554688,-10.745819091796877,-5.4837188720703125,-1.378814697265625,-3.5283660888671875
2020-12-07,0,0,294.1087646484375,292.89599609375,-3.7701263427734375,-1.430816650390625,31.6875,91640.234375,267.47998046875,282.459228515625,288.980712890625,0.0020863665267825,0.0094963423907756,0.0131137073040008,-10.63739013671875,-10.792709350585938,-11.954803466796877,1.0740509033203125,-0.7302093505859375,-1.5540008544921875
2020-12-07,6,1,298.115966796875,292.790771484375,-5.84393310546875,-0.8105926513671875,21.625,91800.40625,267.5966796875,283.09375,290.82843017578125,0.0043723993003368,0.0093240328133106,0.0131219550967216,-9.712570190429688,-10.174484252929688,-10.8665771484375,1.054168701171875,2.826995849609375,-1.058258056640625
2020-12-07,12,2,296.6254272460937,293.20391845703125,-3.945343017578125,-0.381317138671875,115.0,91678.0625,267.8656616210937,282.9711303710937,290.6689453125,0.0046010576188564,0.0091266073286533,0.0141035802662372,-8.255462646484375,-9.268692016601562,-11.46160888671875,0.02392578125,2.2796630859375,-0.8012847900390625
2020-12-07,18,3,293.9471130371094,292.65447998046875,-3.6231842041015625,-0.44647216796875,45.625,91897.390625,267.2996826171875,283.3118896484375,289.4127197265625,0.004594724625349,0.0085050612688064,0.0137728732079267,-9.259857177734377,-8.310226440429688,-10.923812866210938,2.248153686523437,3.5866851806640625,0.84527587890625
2020-12-08,0,0,294.007568359375,292.7290954589844,-3.7194671630859375,-0.4517669677734375,37.125,91745.328125,267.84820556640625,283.308837890625,289.2685241699219,0.0045454204082489,0.0078375935554504,0.0134578309953212,-3.6507568359375,-8.802383422851562,-10.970306396484377,5.8366546630859375,2.322021484375,1.9004364013671875
2020-12-08,6,1,297.48699951171875,293.71746826171875,-6.0372161865234375,1.7215728759765625,0.0,91908.34375,267.7320251464844,282.2903137207031,290.58526611328125,0.004205860197544,0.009002186357975,0.0133320428431034,-3.0866851806640625,-9.771011352539062,-9.9794921875,2.2852325439453125,3.968826293945313,2.7550811767578125
2020-12-08,12,2,295.71612548828125,293.6951904296875,-2.521835327148437,1.013702392578125,47.875,91720.84375,267.7096862792969,282.1614685058594,290.1840209960937,0.0037277068477123,0.0092121288180351,0.0136106945574283,-4.5595550537109375,-7.01629638671875,-7.64373779296875,0.3990020751953125,2.178802490234375,2.9703369140625
2020-12-08,18,3,293.2789306640625,292.7626953125,-2.8289947509765625,-0.1106719970703125,3.125,91903.6875,267.00225830078125,282.4686279296875,289.9239501953125,0.0038171105552464,0.0086554735898971,0.0121110677719116,-4.85626220703125,-5.128814697265625,-7.300262451171875,2.155624389648437,2.7273712158203125,2.742095947265625
2020-12-09,0,0,293.5106811523437,291.8382568359375,-2.7300567626953125,0.2087554931640625,15.125,91751.453125,267.28326416015625,282.5938720703125,289.68719482421875,0.0037508266977965,0.0077036917209625,0.0117055885493755,-3.100692749023437,-4.7491455078125,-7.13519287109375,4.244552612304688,2.396392822265625,2.7722625732421875
2020-12-09,6,1,297.6264038085937,291.8895874023437,-3.798187255859375,0.967010498046875,13.375,91871.46875,267.9795837402344,282.5791931152344,290.42987060546875,0.0031992441508919,0.007350567728281,0.0124435536563396,-1.9055328369140625,-4.4657135009765625,-7.2138214111328125,2.1510009765625,2.7956695556640625,1.4459075927734375
2020-12-09,12,2,296.482666015625,292.9449768066406,-2.415313720703125,-0.1985015869140625,28.375,91591.578125,267.8924560546875,281.95123291015625,290.53277587890625,0.0032985457219183,0.0096887201070785,0.0133581385016441,-1.4224700927734375,-4.476409912109375,-6.6096954345703125,2.697494506835937,0.6604766845703125,1.0377197265625
2020-12-09,18,3,293.4007568359375,292.0277709960937,-2.3981170654296875,-0.264556884765625,6.125,91776.921875,268.38494873046875,281.9882202148437,289.5016784667969,0.0024152174592018,0.0088217183947563,0.0124900303781032,-2.3957061767578125,-2.9987030029296875,-6.7050628662109375,3.89837646484375,0.3734130859375,0.9576873779296876
2020-12-10,0,0,291.55780029296875,289.91534423828125,-1.517669677734375,0.6018218994140625,0.0,91636.8125,268.023681640625,282.5513916015625,290.7679443359375,0.0015490199439227,0.0087531842291355,0.0074263326823711,-2.240997314453125,-4.430343627929688,-4.6966400146484375,3.2656707763671875,-0.668701171875,3.4433135986328125
2020-12-10,6,1,298.5839538574219,283.5780334472656,-2.622055053710937,0.630218505859375,0.0,91904.640625,268.27178955078125,282.0731201171875,290.4255676269531,0.0010561123490333,0.0085720643401145,0.0045459358952939,-3.131210327148437,-4.868621826171875,-4.738006591796875,1.2368927001953125,1.5435028076171875,1.7812957763671875
2020-12-10,12,2,297.864990234375,287.7369079589844,-1.6951751708984375,0.7074737548828125,0.0,91619.875,268.4822692871094,282.82916259765625,290.9129638671875,0.0008908607997,0.0066872648894786,0.0082422271370887,-2.9055328369140625,-2.4568023681640625,-4.638214111328125,3.445037841796875,-0.6976776123046875,1.622100830078125
2020-12-10,18,3,291.8856811523437,290.4154663085937,-1.8607177734375,0.48101806640625,0.0,91880.765625,267.74542236328125,282.61383056640625,290.3438720703125,0.0011005434207618,0.0057978369295597,0.006442341953516,-4.2674713134765625,-3.101669311523437,-2.7523193359375,5.097991943359375,-0.738372802734375,1.349609375
2020-12-11,0,0,291.43243408203125,289.9212951660156,-1.9825439453125,0.178375244140625,0.0,91707.4375,267.851806640625,283.16876220703125,291.103759765625,0.0011234767735004,0.0038801396731287,0.0043082456104457,-4.09771728515625,-2.30517578125,-0.563446044921875,3.73663330078125,-0.133209228515625,-0.00445556640625
2020-12-11,6,1,297.8495178222656,286.6512756347656,-1.41998291015625,-0.520477294921875,0.0,91862.453125,267.4470520019531,284.00006103515625,290.5098571777344,0.0010002066846936,0.0027944312896579,0.004630115814507,-3.7115478515625,-1.180816650390625,-2.1432342529296875,4.07568359375,-1.0476837158203125,-2.3988494873046875
2020-12-11,12,2,298.0621032714844,289.5219116210937,-1.8564605712890625,-0.55352783203125,0.0,91536.921875,267.8710021972656,284.4561767578125,291.7191162109375,0.0009843346197158,0.0017487350851297,0.0074348524212837,-2.60198974609375,-0.368865966796875,-3.0967559814453125,1.73748779296875,-1.7928314208984375,-1.049591064453125
2020-12-11,18,3,291.1599426269531,289.6392822265625,-2.55816650390625,0.5415191650390625,0.0,91834.765625,267.7510070800781,283.64129638671875,289.8515014648437,0.0008631427772343,0.0009116774890571,0.0083537958562374,-2.338287353515625,-1.140350341796875,-1.6636962890625,-0.631683349609375,-3.093170166015625,0.23565673828125
2020-12-12,0,0,290.00616455078125,288.7040710449219,-1.820831298828125,0.229339599609375,0.125,91670.265625,267.9749755859375,283.8211975097656,291.21240234375,0.0007543198298662,0.0010242224670946,0.0033568583894521,-3.694915771484375,-1.46875,-2.2635040283203125,-0.4982757568359375,-3.0484771728515625,-1.9088897705078125
2020-12-12,6,1,296.57232666015625,287.2188415527344,-1.5889892578125,0.674224853515625,0.0,91840.4375,268.36627197265625,284.58172607421875,290.73272705078125,0.0006528603844344,0.0011455577332526,0.0030959025025367,-4.679000854492188,-2.304412841796875,-4.8622589111328125,0.0388641357421875,-3.199493408203125,0.1649017333984375
2020-12-12,12,2,298.2647705078125,289.3526611328125,-1.5257568359375,0.6679534912109375,0.0,91518.21875,267.68212890625,284.3388977050781,290.8463439941406,0.0007377627771347,0.0008452760521322,0.0087576732039451,-3.684646606445313,-3.272933959960937,-2.0762481689453125,-0.138671875,-3.5549468994140625,0.2274627685546875
2020-12-12,18,3,290.935791015625,289.4576721191406,-2.185455322265625,0.2292938232421875,0.0,91748.296875,268.2416381835937,284.0706481933594,289.11822509765625,0.0006627982947975,0.0007086065597832,0.0098318383097648,-3.0443267822265625,-2.560272216796875,-1.067108154296875,0.838348388671875,-2.9989013671875,0.5014801025390625
2020-12-13,0,0,290.4775695800781,288.9867553710937,-1.7335052490234375,0.34100341796875,0.0,91617.1875,267.70281982421875,283.5915222167969,288.70245361328125,0.0007588702719658,0.0007879470940679,0.0084885731339454,-1.770233154296875,-5.46234130859375,1.6744842529296875,-0.1453399658203125,-0.629486083984375,0.2014312744140625
2020-12-13,6,1,296.9698486328125,289.2138061523437,-0.954833984375,-0.288665771484375,0.0,91784.90625,268.23712158203125,283.64959716796875,288.5318603515625,0.000809560297057,0.0008614943362772,0.0091633349657058,-3.088348388671875,-4.55059814453125,-1.260223388671875,-1.8227081298828125,2.080673217773437,-1.736663818359375
2020-12-13,12,2,298.6823425292969,289.3062438964844,-0.9997406005859376,-0.03997802734375,0.0,91426.015625,267.6952209472656,283.949951171875,291.3405456542969,0.000957737211138,0.0006635808385908,0.0092022530734539,-3.6328277587890634,-1.296783447265625,-0.9788665771484376,-1.575164794921875,-0.1301727294921875,-0.5947418212890625
2020-12-13,18,3,291.1793212890625,289.5500183105469,-2.373199462890625,0.56231689453125,0.0,91630.796875,267.1686096191406,284.0988464355469,289.95947265625,0.0011372664012014,0.0005902133416384,0.0093558356165885,-3.18963623046875,-2.4191436767578125,-0.9689788818359376,-2.0597686767578125,-0.7864990234375,0.1370697021484375
2020-12-14,0,0,290.95416259765625,289.61993408203125,-2.2624053955078125,0.749542236328125,0.0,91510.765625,267.7474975585937,284.01611328125,289.4666748046875,0.0010883007198572,0.0006044327747076,0.0075756534934043,-5.3557891845703125,-3.2496490478515625,-0.833251953125,-1.509796142578125,-1.578521728515625,0.864288330078125
2020-12-14,6,1,297.0660400390625,289.3236999511719,-1.4726104736328125,0.1113128662109375,0.0,91795.6875,268.28692626953125,283.55523681640625,288.0635986328125,0.0009826889727264,0.0005880454555153,0.0092324763536453,-4.4760589599609375,-4.8871917724609375,-1.9025726318359373,-0.269866943359375,-1.1564788818359375,-0.6408233642578125
2020-12-14,12,2,297.72784423828125,289.8620300292969,-1.7656707763671875,-0.20281982421875,0.0,91478.09375,268.46533203125,283.21435546875,291.553466796875,0.0008864116389304,0.0006072632968425,0.0088391155004501,-3.438095092773437,-4.208221435546875,-2.2755126953125,0.07568359375,-1.1273040771484375,-1.2523345947265625
2020-12-14,18,3,290.41705322265625,289.187744140625,-2.8715057373046875,0.3941650390625,0.0,91747.5625,268.7698974609375,283.50469970703125,289.2301330566406,0.0008693453855812,0.0006128537934273,0.0094430223107337,-2.136581420898437,-6.512664794921875,-3.838790893554688,0.6346588134765625,-0.7411041259765625,0.1094512939453125
2020-12-15,0,0,291.9822998046875,289.7220458984375,-2.6137847900390625,0.3190460205078125,4.625,91673.21875,268.5638427734375,283.3692626953125,288.01690673828125,0.0007746634073555,0.001484070206061,0.0072294995188713,-3.465118408203125,-7.73175048828125,-3.545623779296875,-0.95562744140625,0.55377197265625,0.8785247802734375
2020-12-15,6,1,296.2923583984375,288.6415405273437,-3.3067779541015625,-0.141204833984375,0.0,91833.46875,268.5404357910156,283.2227783203125,287.890869140625,0.0006505516357719,0.0035840640775859,0.0096767880022525,-5.792037963867188,-9.056747436523438,-5.459030151367188,0.7186737060546875,1.52947998046875,-0.3041534423828125
2020-12-15,12,2,297.7640380859375,289.3338317871094,-1.990020751953125,-0.5906524658203125,0.0,91620.5,267.78326416015625,282.95611572265625,290.789306640625,0.0025426538195461,0.0079430043697357,0.009961187839508,-4.1874542236328125,-8.533645629882812,-5.515472412109375,1.397613525390625,0.716644287109375,-1.1465301513671875
2020-12-15,18,3,293.03680419921875,290.75018310546875,-3.027069091796875,-0.967498779296875,0.0,91897.265625,267.9720153808594,283.3053283691406,288.9345092773437,0.0022683637216687,0.0077972412109375,0.0110187344253063,-4.665298461914063,-7.990936279296875,-5.646240234375,1.3018646240234375,0.9687652587890624,-2.7789306640625
2020-12-16,0,0,292.3719482421875,290.376708984375,-3.141204833984375,-1.0284423828125,5.125,91748.390625,267.6732177734375,282.9765014648437,289.353271484375,0.0026194232050329,0.0078626852482557,0.0079561620950698,-4.321945190429688,-6.954605102539063,-9.452590942382812,0.2871856689453125,1.8009490966796875,-1.2182769775390625
2020-12-16,6,1,297.3309631347656,291.1054382324219,-3.58349609375,0.0842437744140625,1.625,91935.25,268.40399169921875,282.25946044921875,289.49761962890625,0.0020695135463029,0.0080111660063266,0.0115028843283653,-4.683990478515625,-8.458602905273438,-6.51544189453125,-1.1396942138671875,1.467803955078125,0.2965545654296875
2020-12-16,12,2,296.9912109375,291.6289978027344,-2.1296844482421875,-1.71453857421875,2.375,91644.90625,267.93707275390625,282.1085205078125,290.0970458984375,0.0017061487305909,0.0083903484046459,0.0124516077339649,-4.90631103515625,-5.024017333984375,-5.844573974609375,-2.96221923828125,3.0381622314453125,-4.5966339111328125
2020-12-16,18,3,293.8704528808594,291.55047607421875,-2.8760986328125,-1.0972137451171875,0.0,91869.140625,268.1246643066406,281.7599182128906,289.1317138671875,0.0013244291767477,0.0083764716982841,0.0122088901698589,-5.50714111328125,-3.25384521484375,-8.800094604492188,-1.6942901611328125,-0.01824951171875,-2.43560791015625
2020-12-17,0,0,293.8170166015625,291.73956298828125,-2.73712158203125,-0.45013427734375,14.875,91762.546875,267.6441650390625,281.738525390625,288.1076965332031,0.0012540002353489,0.0091282874345779,0.0123996427282691,-5.789886474609375,-5.835235595703125,-9.234329223632812,-2.0389556884765625,1.1368560791015625,-0.3074188232421875
2020-12-17,6,1,296.2478332519531,292.17218017578125,-3.416046142578125,-1.2115631103515625,4.875,91928.5,268.57574462890625,282.00506591796875,289.517822265625,0.0007615096401423,0.0091084763407707,0.0124431103467941,-5.741668701171875,-6.596343994140625,-6.5570220947265625,-2.778182983398437,0.6725616455078125,-1.89019775390625
2020-12-17,12,2,296.9804077148437,292.2066650390625,-2.1240234375,-1.0683135986328125,0.5,91624.6875,268.62939453125,282.4278259277344,290.0986328125,0.0004414496943354,0.0080056600272655,0.0127557404339313,-5.230499267578125,-5.517120361328125,-5.5995941162109375,-2.9467010498046875,-1.1884765625,-2.9126434326171875
2020-12-17,18,3,293.84246826171875,292.3158569335937,-2.8174591064453125,-1.4113922119140625,4.75,91854.3125,269.274658203125,282.079345703125,289.025634765625,0.0002293123834533,0.0080601572990417,0.0126330722123384,-4.810516357421875,-7.041534423828125,-8.141036987304688,-3.856048583984375,-1.5939788818359375,-4.01873779296875
2020-12-18,0,0,292.30126953125,290.2841186523437,-3.204345703125,-1.1700439453125,4.25,91672.1875,268.80401611328125,282.18719482421875,289.1556091308594,0.0001887249964056,0.0069254860281944,0.0097074247896671,-6.995025634765625,-7.8080596923828125,-9.477584838867188,-5.1535491943359375,-2.1867828369140625,-3.892486572265625
2020-12-18,6,1,298.20587158203125,289.54205322265625,-4.512786865234375,-1.300750732421875,0.0,91866.390625,268.41241455078125,282.24249267578125,289.3017578125,0.000136436035973,0.0064357854425907,0.0098417550325393,-9.029541015625,-8.30242919921875,-8.198776245117188,-4.941192626953125,-1.59075927734375,-2.1857147216796875
2020-12-18,12,2,297.6751708984375,289.3227233886719,-2.152130126953125,-0.5069122314453125,0.0,91673.25,267.8850402832031,282.45489501953125,290.53680419921875,0.0002250771358376,0.0065253023058176,0.0102167837321758,-10.778579711914062,-5.9693603515625,-5.2377471923828125,-5.142913818359375,-1.6923980712890625,-1.93988037109375
2020-12-18,18,3,291.9527587890625,290.1474609375,-2.6813201904296875,-1.6773529052734375,0.0,91893.640625,268.0000305175781,282.069580078125,289.4071655273437,0.0003615111345425,0.0062645450234413,0.0094916895031929,-10.926925659179688,-5.9613189697265625,-6.254547119140625,-4.371673583984375,-2.059417724609375,-5.399917602539063
2020-12-19,0,0,291.5247802734375,289.4827880859375,-3.0277862548828125,-0.969085693359375,7.0,91767.640625,268.2135009765625,281.7857666015625,288.1355285644531,0.0003337883390486,0.0047385916113853,0.0095041692256927,-10.8809814453125,-4.040084838867188,-11.493240356445312,-6.296295166015625,-1.87060546875,-3.5959930419921875
2020-12-19,6,1,297.27593994140625,289.084716796875,-5.27874755859375,-0.4069061279296875,2.625,91968.375,267.4784545898437,283.123046875,289.3607788085937,0.0003362752031534,0.0020312827546149,0.0102352388203144,-11.799484252929688,-5.38519287109375,-8.792770385742188,-5.7198486328125,-1.5378875732421875,-0.75909423828125
2020-12-19,12,2,297.1455078125,290.60430908203125,-3.05548095703125,-0.317230224609375,8.75,91680.546875,267.34674072265625,284.71026611328125,290.1749267578125,0.0003698887303471,0.0001941959926625,0.0116907730698585,-11.633865356445312,-6.760711669921875,-7.375823974609375,-5.178466796875,-3.634841918945313,-1.6168212890625
2020-12-19,18,3,292.44024658203125,291.0658569335937,-2.845794677734375,-0.7904815673828125,10.5,91955.921875,267.5473327636719,285.80926513671875,288.13299560546875,0.0003161965869367,0.0001848715473897,0.0117339380085468,-13.16162109375,-9.246047973632812,-8.167190551757812,-4.182662963867188,-3.5056304931640625,-2.543914794921875
2020-12-20,0,0,292.1949462890625,289.9170227050781,-2.4925994873046875,-1.3419342041015625,21.5,91794.875,268.2691955566406,286.171630859375,285.96356201171875,0.0002475206274539,0.0002164653560612,0.010280042886734,-13.00274658203125,-11.181381225585938,-8.793701171875,-3.472625732421875,-3.2661590576171875,-3.3889312744140625
2020-12-20,6,1,296.86492919921875,288.1268920898437,-4.83392333984375,-1.139678955078125,13.625,91963.578125,268.788818359375,285.2709350585937,288.30828857421875,0.000286258989945,0.000280249165371,0.011029090732336,-14.180343627929688,-12.482635498046877,-7.774749755859375,-1.883209228515625,-0.2602386474609375,-1.759063720703125
2020-12-20,12,2,297.2824401855469,289.4306945800781,-2.5546875,-0.6632843017578125,2.625,91654.921875,268.85455322265625,285.2120361328125,290.1565856933594,0.0003319603856652,0.0002530931960791,0.0103321075439453,-12.76861572265625,-13.1180419921875,-6.678268432617188,-0.838714599609375,-0.798797607421875,-2.0523223876953125
2020-12-20,18,3,291.29412841796875,289.8676147460937,-2.6399688720703125,-0.74822998046875,0.125,91897.34375,268.9674987792969,285.0123291015625,287.5738525390625,0.0003077222499996,0.0002727715764194,0.0102523602545261,-14.119064331054688,-12.9718017578125,-5.930953979492188,1.0170440673828125,-1.56280517578125,-2.6680450439453125
2020-12-21,0,0,289.7336120605469,287.53106689453125,-2.421615600585937,-2.115692138671875,0.125,91778.6875,268.73504638671875,283.8984680175781,288.64453125,0.0002017580845858,0.0002982839941978,0.0015414850786328,-13.483779907226562,-11.79541015625,-7.1556243896484375,0.33380126953125,-0.0991973876953125,-3.3711700439453125
2020-12-21,6,1,295.777099609375,286.1278381347656,-3.974441528320313,-0.70220947265625,0.0,91878.53125,268.9954528808594,284.16534423828125,286.92901611328125,0.0001295260590268,0.000269413634669,0.0073642767965793,-10.529708862304688,-11.521209716796877,-7.72967529296875,1.5657806396484375,-0.6372222900390625,-1.2066192626953125
2020-12-21,12,2,296.88250732421875,287.9091796875,-2.04376220703125,-0.035797119140625,0.0,91558.703125,269.0687255859375,284.73779296875,289.2433166503906,0.0005208756774663,0.0002509749610908,0.0089398063719272,-9.284271240234377,-8.802337646484375,-4.986618041992188,1.431610107421875,0.60455322265625,-0.2159423828125
2020-12-21,18,3,289.3512878417969,288.0678100585937,-2.175048828125,-0.7686004638671875,0.0,91789.984375,269.0355224609375,284.674560546875,287.6727905273437,0.0013549730647355,0.0002217007568106,0.0070552974939346,-7.494003295898437,-6.5463714599609375,-4.26806640625,4.227020263671875,2.2699432373046875,-1.7330322265625
2020-12-22,0,0,288.687744140625,287.54071044921875,-2.1522979736328125,-1.0584869384765625,0.25,91643.3125,268.5831298828125,283.50408935546875,290.75390625,0.0019715481903403,0.0018799158278852,0.0033612591214478,-7.164352416992188,-3.3252410888671875,-2.42413330078125,5.1740570068359375,1.9833831787109373,0.3977508544921875
2020-12-22,6,1,296.0188903808594,283.41259765625,-2.6033935546875,-0.1942138671875,0.0,91820.421875,267.9407653808594,283.5644836425781,289.5169677734375,0.0027223008219152,0.0044803619384765,0.0045719519257545,-6.89666748046875,-1.7168426513671875,-4.973968505859375,5.24603271484375,0.5140533447265625,0.6501312255859375
2020-12-22,12,2,297.737548828125,289.11151123046875,-1.5385589599609375,0.6745452880859375,0.0,91477.296875,267.34161376953125,283.664306640625,290.8333740234375,0.0029884972609579,0.0030014757066965,0.0095893889665603,-4.543701171875,-0.4019012451171875,-3.74163818359375,5.7897491455078125,-1.4142303466796875,1.807830810546875
2020-12-22,18,3,291.2126770019531,289.33355712890625,-2.740386962890625,0.544769287109375,0.0,91752.984375,267.50836181640625,283.4765014648437,289.1013488769531,0.0035977766383439,0.0026634370442479,0.0105837844312191,-0.7205963134765625,-1.456268310546875,-0.964599609375,3.825958251953125,0.665985107421875,3.1716766357421875
2020-12-23,0,0,290.5746459960937,289.1705627441406,-2.284515380859375,-0.5247955322265625,0.0,91553.609375,267.78924560546875,283.1378479003906,289.8057556152344,0.0043149441480636,0.0032802759669721,0.0104221515357494,0.637481689453125,-1.1648101806640625,0.9887847900390624,3.9358062744140634,1.4342803955078125,1.6508026123046875
2020-12-23,6,1,297.0357666015625,289.4813537597656,-2.29473876953125,-0.11834716796875,0.0,91709.28125,268.3362121582031,283.6259155273437,288.7699279785156,0.0040748827159404,0.0045332051813602,0.0110093094408512,1.8686981201171875,-1.1242218017578125,-3.2024688720703125,2.4642791748046875,2.653182983398437,-0.6194305419921875
2020-12-23,12,2,298.19110107421875,291.6427001953125,-1.0194244384765625,0.1761627197265625,0.0,91399.46875,269.0301818847656,283.121337890625,291.93768310546875,0.0034506900701671,0.0055561512708663,0.0103789940476417,0.9532623291015624,2.1580352783203125,-1.371185302734375,1.070098876953125,1.5054473876953125,0.25433349609375
2020-12-23,18,3,292.5573425292969,289.9388732910156,-2.7877960205078125,1.0365142822265625,0.0,91656.765625,268.9996337890625,283.2335510253906,290.0082397460937,0.00329065695405,0.0060755237936973,0.0110439993441104,-1.4405059814453125,-0.5599517822265625,-0.57769775390625,0.85894775390625,0.43353271484375,2.51153564453125
2020-12-24,0,0,291.17755126953125,289.9310302734375,-2.3837127685546875,0.4935760498046875,0.125,91447.90625,269.866943359375,283.50909423828125,290.48974609375,0.0024955517146736,0.0055013671517372,0.010682824999094,-2.30126953125,1.445159912109375,1.6134185791015625,0.3773040771484375,2.123382568359375,-0.266021728515625
2020-12-24,6,1,297.9394226074219,290.6265869140625,-1.561737060546875,-0.9231719970703124,0.0,91639.0,269.20709228515625,283.26190185546875,289.8227844238281,0.0025800799485296,0.0061373114585876,0.0117546655237674,-3.732635498046875,1.73260498046875,-2.366683959960937,-0.0312347412109375,0.252899169921875,-2.1660919189453125
2020-12-24,12,2,299.17889404296875,291.6060485839844,-1.19073486328125,-0.5988006591796875,0.0,91322.765625,268.60382080078125,283.96856689453125,292.3548889160156,0.0018226006068289,0.0074675418436527,0.011571280658245,-5.095382690429688,1.3541259765625,-2.2200469970703125,1.6904754638671875,-3.214996337890625,-1.305328369140625
2020-12-24,18,3,292.43389892578125,289.8619384765625,-3.096176147460937,1.00787353515625,0.0,91626.3125,268.7430419921875,284.327392578125,290.2135009765625,0.0002654890995472,0.0063294395804405,0.0115049071609973,-4.8244476318359375,-3.56182861328125,-2.0879669189453125,2.467132568359375,-2.939422607421875,1.571136474609375
2020-12-25,0,0,291.04754638671875,289.21893310546875,-3.004058837890625,0.041107177734375,0.125,91576.578125,268.72296142578125,284.3232116699219,289.64617919921875,0.0002560990396887,0.0049052946269512,0.0114449448883533,-4.90509033203125,-4.4190826416015625,-0.977264404296875,-0.4128265380859375,1.29229736328125,-1.5806427001953125
2020-12-25,6,1,296.92926025390625,288.03662109375,-1.2553558349609375,0.0411376953125,0.0,91762.84375,269.25689697265625,284.4289245605469,288.8529052734375,0.0003788038156926,0.0046186596155166,0.0095031112432479,-6.558013916015625,-4.9975128173828125,-1.723907470703125,0.9647979736328124,0.1663665771484375,-0.97491455078125
2020-12-25,12,2,298.5462951660156,288.3056030273437,-1.213623046875,-0.8679351806640625,0.0,91437.703125,268.9608154296875,285.1055908203125,292.1807861328125,0.0003319149836897,0.0034338303375989,0.0076160877943038,-5.0610198974609375,-3.6982574462890634,-2.12005615234375,0.324737548828125,-0.8067169189453125,-2.367172241210937
2020-12-25,18,3,290.9704895019531,289.056640625,-2.995819091796875,-0.2866363525390625,0.0,91737.453125,269.1843566894531,284.81805419921875,289.75115966796875,0.0003377618268132,0.0026163780130445,0.0082318410277366,-6.1356201171875,-5.29541015625,-2.23260498046875,-2.44830322265625,-3.405624389648437,-0.6404876708984375
2020-12-26,0,0,290.20831298828125,289.14068603515625,-2.8107147216796875,-0.442291259765625,0.0,91618.453125,268.833251953125,284.5182189941406,289.9735107421875,0.0003404964227229,0.0029056470375508,0.0055910870432853,-7.347488403320312,-7.823394775390625,-0.8878631591796875,-3.5543670654296875,-4.535980224609375,-1.9944610595703125
2020-12-26,6,1,296.9899597167969,284.5940246582031,-2.3814697265625,-0.4881591796875,0.0,91885.6875,268.2176513671875,284.794189453125,288.627685546875,0.0003262092359364,0.002412288216874,0.0054014325141906,-10.581497192382812,-8.795364379882812,-4.672393798828125,-5.7420654296875,-2.866424560546875,-1.289398193359375
2020-12-26,12,2,297.93133544921875,288.456298828125,-1.5876312255859375,-1.018463134765625,0.0,91560.421875,268.7332458496094,284.29449462890625,291.34625244140625,0.0003156145103275,0.0013517343904823,0.008458312600851,-14.302627563476562,-7.124069213867188,-3.663986206054688,-3.2896270751953125,-3.0890655517578125,-2.47784423828125
2020-12-26,18,3,290.6488647460937,289.0761108398437,-2.5408172607421875,-0.585845947265625,0.0,91823.96875,269.0292358398437,284.0402526855469,288.653564453125,0.0003089096862822,0.0025084195658564,0.0091668330132961,-15.074111938476562,-8.548370361328125,-2.975189208984375,-0.4585113525390625,-4.923629760742188,-1.952362060546875
2020-12-27,0,0,290.7737121582031,288.8679504394531,-2.105941772460937,-0.624725341796875,3.625,91679.640625,269.0941772460937,282.9273681640625,291.27734375,0.0002867807634174,0.0036623005289584,0.003312368877232,-14.678756713867188,-7.418121337890625,-3.642532348632813,2.1749725341796875,-6.734893798828125,-2.275375366210937
2020-12-27,6,1,298.1341552734375,284.5562438964844,-2.32928466796875,-1.194854736328125,0.0,91791.703125,269.36260986328125,283.4156494140625,291.38262939453125,0.0002645808272063,0.0032738235313445,0.0043977834284305,-14.157669067382812,-5.701675415039063,-6.0918731689453125,3.704925537109375,-5.4044189453125,-1.1160888671875
2020-12-27,12,2,299.0679931640625,286.9423217773437,-1.5126190185546875,-1.28076171875,0.0,91409.890625,269.22869873046875,284.4274597167969,292.33819580078125,0.0003261319361627,0.0023024801630526,0.0077263303101062,-12.357177734375,-4.506851196289063,-3.8865966796875,2.434722900390625,-3.6719970703125,-3.0992889404296875
2020-12-27,18,3,291.09698486328125,289.360595703125,-2.555038452148437,0.0163116455078125,0.0,91694.671875,269.7288513183594,283.7367553710937,289.81329345703125,0.0003402694128453,0.0020548428874462,0.0082164034247398,-12.48870849609375,-4.639816284179688,-2.989349365234375,2.8950958251953125,-1.5462188720703125,-0.7610931396484375
2020-12-28,0,0,290.4794311523437,289.5540771484375,-1.8105316162109373,-0.8899078369140625,0.375,91538.421875,268.4159240722656,283.98492431640625,291.2288818359375,0.0023865213152021,0.001917561981827,0.0029626779723912,-9.471206665039062,-4.940460205078125,-1.5608062744140625,6.140548706054688,0.3255462646484375,-3.699386596679688
2020-12-28,6,1,297.3350830078125,281.56207275390625,-2.59942626953125,-1.5406036376953125,0.0,91811.890625,267.18994140625,283.81719970703125,290.0731201171875,0.0037889869417995,0.0017250347882509,0.003646356286481,-6.9609222412109375,-4.262252807617188,-5.54583740234375,3.760345458984375,1.4924163818359375,-2.2074432373046875
2020-12-28,12,2,298.6635437011719,286.65264892578125,-1.423431396484375,-0.8366851806640625,0.0,91449.46875,267.1912536621094,284.76617431640625,292.095458984375,0.0033651045523583,0.0009240815415978,0.0061603523790836,-7.2382659912109375,-4.3997344970703125,-3.00958251953125,3.675384521484375,-0.4091949462890625,-1.7113037109375
2020-12-28,18,3,290.6718139648437,286.4306030273437,-2.336334228515625,-0.514984130859375,0.0,91660.609375,267.87017822265625,284.3059997558594,291.6836853027344,0.0027958543505519,0.0023050231393426,0.0052825063467025,-4.334716796875,-4.64361572265625,-1.4376220703125,3.263763427734375,0.9770355224609376,-1.2106170654296875
2020-12-29,0,0,290.3464050292969,289.0584716796875,-1.8734893798828125,-0.2094573974609375,0.0,91560.265625,267.47576904296875,282.89190673828125,291.31170654296875,0.0032295368146151,0.0082647651433944,0.0036518108099699,-1.3052215576171875,-4.155975341796875,-4.4250030517578125,2.264068603515625,1.2685546875,0.493499755859375
2020-12-29,6,1,298.1513671875,286.91558837890625,-2.109405517578125,0.0733642578125,0.0,91682.515625,267.66510009765625,282.83123779296875,289.9354248046875,0.0035397228784859,0.0092931166291236,0.0085655190050601,-2.08282470703125,-5.34234619140625,-4.22674560546875,0.931793212890625,1.706207275390625,1.053131103515625
2020-12-29,12,2,299.105224609375,291.779052734375,-2.873077392578125,0.7116546630859375,25.0,91440.328125,267.4762268066406,282.6903686523437,291.766357421875,0.0035764365456998,0.008357036858797,0.0125901512801647,-1.551239013671875,-5.332855224609375,-4.9725341796875,0.3293914794921875,4.63604736328125,1.435577392578125
2020-12-29,18,3,293.7938842773437,292.3226928710937,-3.0287017822265625,0.0892486572265625,3.5,91671.609375,267.5743408203125,282.97760009765625,291.05810546875,0.0032117743976414,0.0080260001122951,0.0121939945966005,-1.153106689453125,-6.154998779296875,-4.269989013671875,0.86505126953125,4.720504760742188,0.5092315673828125
2020-12-30,0,0,293.3764038085937,290.68292236328125,-2.6375274658203125,0.3214111328125,8.5,91550.390625,267.13104248046875,282.54705810546875,290.7271423339844,0.0029669511131942,0.0088206753134727,0.0125258490443229,-0.46575927734375,-5.03741455078125,-3.457275390625,0.626251220703125,4.29913330078125,2.5580291748046875
2020-12-30,6,1,299.8668212890625,289.41357421875,-2.059417724609375,0.3848724365234375,0.0,91676.796875,267.6248779296875,282.8674621582031,291.43365478515625,0.0025928614195436,0.0081332400441169,0.0120147541165351,-2.201644897460937,-8.688034057617188,-3.620086669921875,-1.3925018310546875,3.892654418945313,1.5053863525390625
2020-12-30,12,2,298.0035400390625,291.6883544921875,-4.344650268554688,-0.14166259765625,0.0,91448.65625,268.2127380371094,282.8273620605469,290.892822265625,0.0029085725545883,0.0069393254816532,0.0127747878432273,-7.8591461181640625,-5.21038818359375,-7.6687469482421875,3.8012847900390634,2.508163452148437,-1.1490478515625
2020-12-30,18,3,293.8866271972656,292.353515625,-3.1732635498046875,-0.4405364990234375,0.0,91643.65625,268.0093688964844,283.3671264648437,290.3031311035156,0.0025867456570267,0.006557110697031,0.0125483274459838,-7.434417724609375,-5.54718017578125,-8.34393310546875,2.6218719482421875,2.02777099609375,2.6088409423828125
2020-12-31,0,0,293.2799987792969,291.398681640625,-3.532577514648437,-0.97650146484375,0.125,91526.796875,268.0103759765625,282.13604736328125,289.07794189453125,0.0023754499852657,0.0087758377194404,0.012877695262432,-5.88092041015625,-5.91851806640625,-9.876632690429688,3.525054931640625,2.040878295898437,1.7135772705078125
2020-12-31,6,1,295.4680480957031,291.7005310058594,-4.5551605224609375,-2.278900146484375,1.75,91810.734375,267.11199951171875,282.54156494140625,288.34552001953125,0.0035266568884253,0.0090298019349575,0.0127940140664577,-5.4054107666015625,-6.77655029296875,-8.534698486328125,3.2218475341796875,1.2226104736328125,-2.665313720703125
2020-12-31,12,2,297.2962341308594,291.09381103515625,-3.069976806640625,-0.480743408203125,1.125,91562.546875,266.6201477050781,283.2616577148437,289.8758239746094,0.0041745603084564,0.0028521511703729,0.0120562873780727,-4.51483154296875,-6.990997314453125,-6.4027862548828125,2.0520477294921875,-1.1525726318359375,-1.8455810546875
2020-12-31,18,3,292.0101013183594,290.9574279785156,-3.696212768554688,-0.1934661865234375,0.875,91777.84375,266.96148681640625,283.9075622558594,288.94287109375,0.0028839868027716,0.0003033943939954,0.0110444612801074,-5.338226318359375,-6.875,-6.806640625,4.144821166992188,0.5054931640625,-1.501068115234375
2021-01-01,0,0,291.7122497558594,289.248779296875,-3.10980224609375,-0.7626190185546875,0.375,91629.609375,267.6813049316406,284.2283630371094,289.9236145019531,0.0007346014026552,0.0004552958998829,0.0074365921318531,-4.285125732421875,-8.198928833007812,-8.307998657226562,3.5907745361328125,0.9225311279296876,-0.787750244140625
2021-01-01,6,1,296.8495483398437,286.50213623046875,-4.462005615234375,-0.826446533203125,0.0,91860.609375,268.2573547363281,284.030517578125,288.0410461425781,0.000665116822347,0.0005631456151604,0.0084081962704658,-3.616546630859375,-8.620071411132812,-7.5612945556640625,2.634979248046875,1.5652313232421875,-1.7108612060546875
2021-01-01,12,2,296.7698974609375,288.19482421875,-3.283309936523437,-0.2485198974609375,0.0,91578.125,268.6466064453125,282.89703369140625,289.6572570800781,0.0005310664419084,0.0009993258863687,0.0092742685228586,-3.50958251953125,-8.95745849609375,-6.6010284423828125,-1.39642333984375,0.371856689453125,-0.7854156494140625
2021-01-01,18,3,291.345458984375,289.1312255859375,-3.09625244140625,-0.5367584228515625,0.0,91788.734375,268.84698486328125,283.1825561523437,286.6816101074219,0.000385771272704,0.0040089488029479,0.0102300830185413,-4.3686370849609375,-9.027328491210938,-6.837310791015625,0.1526031494140625,3.3878326416015625,-1.5567474365234375
2021-01-02,0,0,290.21905517578125,288.1595458984375,-2.5512237548828125,-0.567779541015625,0.0,91631.59375,268.751220703125,283.099853515625,289.156005859375,0.0003092936240136,0.0039440840482711,0.0046160519123077,-2.732574462890625,-8.570709228515625,-8.283126831054688,2.108383178710937,1.3560638427734375,3.190887451171875
2021-01-02,6,1,296.9809875488281,289.2681579589844,-3.58807373046875,0.1549835205078125,0.0,91808.109375,268.6186218261719,282.3524169921875,289.2060546875,0.0002772335428744,0.0070149637758731,0.0105461478233337,-2.083282470703125,-10.77099609375,-6.2455596923828125,0.4629364013671875,7.402450561523437,0.844635009765625
2021-01-02,12,2,296.04937744140625,292.1307983398437,-3.502105712890625,-0.4432220458984375,1.5,91553.921875,268.9682006835937,281.34844970703125,289.17364501953125,0.0002715105656534,0.0092880949378013,0.0126713179051876,-1.52838134765625,-8.57733154296875,-6.9399261474609375,1.6968841552734375,4.5292510986328125,-0.916351318359375
2021-01-02,18,3,292.67730712890625,291.56005859375,-2.7960968017578125,-0.5428466796875,0.0,91703.875,268.9313049316406,282.5145874023437,289.9027404785156,0.0006275798659771,0.0065330639481544,0.0123391970992088,-3.554428100585937,-5.364425659179688,-9.66741943359375,6.1279144287109375,3.2725372314453125,-0.2165679931640625
2021-01-03,0,0,291.8348388671875,290.8409423828125,-2.82794189453125,0.2167510986328125,0.25,91478.609375,268.7158203125,282.71417236328125,290.26678466796875,0.0016239623073488,0.0050943866372108,0.0123738422989845,-0.3572998046875,-2.5626220703125,-9.698623657226562,8.122787475585938,3.471343994140625,3.403182983398437
2021-01-03,6,1,297.9261474609375,292.33551025390625,-4.8092803955078125,1.77960205078125,12.125,91638.828125,268.555908203125,282.87530517578125,290.4528503417969,0.0024909179192036,0.0073633193969726,0.0129550211131572,-1.2826995849609375,-1.8994598388671875,-7.5435028076171875,6.081222534179688,4.522247314453125,2.7517852783203125
2021-01-03,12,2,297.031005859375,292.4468688964844,-3.123565673828125,0.96246337890625,15.375,91416.0625,267.8039245605469,282.9707946777344,290.4593505859375,0.0033061602152884,0.0087227933108806,0.0132500417530536,-2.732421875,-3.2313232421875,-6.8436279296875,4.061981201171875,4.047393798828125,2.334991455078125
2021-01-03,18,3,293.8428955078125,292.77276611328125,-2.4957733154296875,0.0774383544921875,8.625,91588.71875,268.71502685546875,282.93145751953125,289.4964599609375,0.0031610510777682,0.0082265883684158,0.0136267095804214,-4.72747802734375,-3.44921875,-7.05255126953125,7.220779418945312,2.960479736328125,1.273529052734375
2021-01-04,0,0,293.2094116210937,291.4102783203125,-2.9949493408203125,-0.1747283935546875,5.125,91509.609375,268.12652587890625,284.376220703125,288.5486145019531,0.0028700476977974,0.0074624828994274,0.0127429254353046,-0.9745330810546876,-5.786392211914063,-7.827987670898437,5.260223388671875,3.3214111328125,1.35247802734375
2021-01-04,6,1,297.2160339355469,291.3321533203125,-4.0645751953125,1.1577606201171875,2.25,91653.46875,268.7639465332031,283.8222045898437,289.20477294921875,0.0028840829618275,0.0077824518084526,0.0128516443073749,-0.872467041015625,-5.621841430664063,-5.692596435546875,3.8967132568359375,4.704345703125,1.5647430419921875
2021-01-04,12,2,296.6741027832031,291.5709228515625,-2.6128387451171875,0.6924896240234375,1.125,91462.53125,270.6365051269531,282.09197998046875,289.6607971191406,0.0020053933840245,0.0092739164829254,0.0124711096286773,-2.3358612060546875,-0.9302520751953124,-5.9054718017578125,2.198516845703125,5.364669799804688,0.4309844970703125
2021-01-04,18,3,292.7768859863281,291.2986145019531,-1.947052001953125,0.8909912109375,0.0,91668.578125,269.2079467773437,282.8702087402344,289.7108764648437,0.0019862235058099,0.0083076991140842,0.0112105272710323,-4.98583984375,0.8794403076171875,-6.3477935791015625,6.3203887939453125,3.8851165771484375,3.4177398681640625
2021-01-05,0,0,292.8816833496094,291.1441345214844,-1.78515625,0.4435882568359375,2.0,91535.78125,269.4633178710937,281.99658203125,291.11083984375,0.0033900709822773,0.0068271309137344,0.0108103118836879,-4.665985107421875,-2.28564453125,-2.473724365234375,6.403488159179688,3.911651611328125,3.558685302734375
2021-01-05,6,1,297.905517578125,291.6722106933594,-4.235031127929688,0.5812835693359375,0.0,91747.84375,268.37530517578125,282.7092590332031,289.5884094238281,0.0044973343610763,0.0070644058287143,0.0113296695053577,-5.1932373046875,-0.0211029052734375,-7.0795440673828125,6.9154815673828125,5.234710693359375,1.60675048828125
2021-01-05,12,2,297.28045654296875,292.05401611328125,-2.8706512451171875,0.0963592529296875,0.0,91501.046875,268.1064453125,282.9794921875,289.7410888671875,0.0034345081076025,0.0089431013911962,0.012503232806921,-4.00885009765625,-3.16302490234375,-5.8475189208984375,6.9147491455078125,1.7140655517578125,-0.2927093505859375
2021-01-05,18,3,293.75592041015625,292.8037414550781,-2.79888916015625,0.67291259765625,22.125,91725.71875,268.1318664550781,282.42730712890625,289.78985595703125,0.004704974591732,0.0087491981685161,0.0133729949593544,-4.107223510742188,-4.9398345947265625,-8.488555908203125,5.0405120849609375,1.262481689453125,1.960906982421875
2021-01-06,0,0,293.6503295898437,292.74658203125,-2.6059112548828125,0.8425445556640625,26.875,91499.53125,268.1855773925781,282.58544921875,288.9569091796875,0.0044155567884445,0.0081830471754074,0.0131357051432132,-1.8066864013671875,-6.189376831054688,-6.166717529296875,5.3995208740234375,0.674224853515625,2.4181671142578125
2021-01-06,6,1,297.4720458984375,292.82391357421875,-3.334503173828125,1.6880950927734375,62.25,91651.515625,268.0302734375,282.0616149902344,289.7130126953125,0.0035717345308512,0.0098202861845493,0.0133905168622732,-2.443099975585937,-5.4369964599609375,-6.501754760742188,5.8304290771484375,2.6730499267578125,3.1809844970703125
2021-01-06,12,2,295.6163330078125,292.85137939453125,-1.6665496826171875,-0.00927734375,126.75,91405.71875,267.47515869140625,282.428955078125,290.2178039550781,0.0044754650443792,0.0102583430707454,0.0136206038296222,-2.669769287109375,-3.1480255126953125,-5.4937896728515625,5.372955322265625,2.4912567138671875,0.96405029296875
2021-01-06,18,3,293.3348388671875,292.76971435546875,-2.317779541015625,0.20208740234375,53.125,91622.046875,267.99224853515625,282.3555908203125,289.397705078125,0.0051341988146305,0.0103644942864775,0.0136039098724722,2.121566772460937,-4.271286010742188,-8.616531372070312,4.0782623291015625,1.899505615234375,2.3441925048828125
2021-01-07,0,0,293.391845703125,292.6019287109375,-2.638153076171875,0.70172119140625,115.25,91446.625,267.74981689453125,282.0687255859375,290.7334899902344,0.0046543292701244,0.0084673650562763,0.0128744319081306,1.52142333984375,-4.356109619140625,-7.082046508789063,1.9924468994140625,4.03717041015625,6.4644317626953125
2021-01-07,6,1,295.7680358886719,293.19317626953125,-4.972183227539063,0.6208648681640625,69.625,91540.53125,267.86572265625,282.8842163085937,289.8031616210937,0.0044166259467601,0.0076979100704193,0.0138087719678878,4.5245361328125,3.4272613525390625,-5.791412353515625,4.09893798828125,4.740386962890625,1.7007293701171875
2021-01-07,12,2,297.5950012207031,292.69781494140625,-2.841537475585937,1.3557891845703125,2.125,91221.21875,267.931396484375,283.7753295898437,291.24139404296875,0.0043219737708568,0.0077393725514411,0.0131501778960227,5.889083862304688,1.8482666015625,-5.4644622802734375,3.999343872070313,3.492950439453125,2.797393798828125
2021-01-07,18,3,294.3368225097656,293.28961181640625,-2.3114471435546875,0.3814697265625,47.375,91472.296875,267.8760070800781,282.53485107421875,290.1700744628906,0.003758949926123,0.0081999227404594,0.0139018706977367,2.3625030517578125,0.52081298828125,-5.6155548095703125,3.9606781005859375,2.01873779296875,3.550994873046875
2021-01-08,0,0,294.4281616210937,292.84649658203125,-2.31146240234375,0.6953887939453125,15.25,91282.71875,268.66583251953125,282.935791015625,289.3987121582031,0.0036260953638702,0.0084767453372478,0.0129116624593734,1.905059814453125,-1.1854705810546875,-4.549346923828125,2.745468139648437,2.641510009765625,3.702438354492188
2021-01-08,6,1,298.0648498535156,292.0408935546875,-2.2186279296875,2.004257202148437,102.125,91537.5625,268.494140625,281.6838684082031,289.92449951171875,0.0035294238477945,0.0090825110673904,0.0137451887130737,-2.0432281494140625,-2.25982666015625,-3.68865966796875,3.2037506103515625,1.4941558837890625,3.2294921875
2021-01-08,12,2,298.3199462890625,293.7291259765625,-2.3637237548828125,1.13275146484375,60.0,91221.5625,268.12261962890625,282.6907043457031,291.87359619140625,0.0032484838739037,0.0090675465762615,0.0135402381420135,-3.676605224609375,-2.707794189453125,-5.3550567626953125,2.3519439697265625,2.329696655273437,2.54718017578125
2021-01-08,18,3,293.9832458496094,293.3394470214844,-2.7490997314453125,0.5374908447265625,2.375,91523.046875,268.3043518066406,282.60089111328125,290.777099609375,0.0025125110987573,0.0088294446468353,0.0129675008356571,-6.667984008789063,-3.044174194335937,-5.650970458984375,2.971176147460937,1.97467041015625,2.759552001953125
2021-01-09,0,0,293.89263916015625,292.2936706542969,-2.7533416748046875,0.6858062744140625,5.0,91371.421875,268.7123107910156,283.1620178222656,289.7113647460937,0.0014586618635803,0.0083388537168502,0.0132098384201526,-6.627166748046875,-4.904022216796875,-5.18798828125,1.6525421142578125,1.66046142578125,2.780731201171875
2021-01-09,6,1,297.6278686523437,291.819091796875,-3.3936920166015625,0.9471435546875,8.75,91576.84375,268.751953125,283.70867919921875,290.7025756835937,0.0010475404560565,0.0075379908084869,0.0125061199069023,-7.44500732421875,-5.772735595703125,-5.204635620117188,1.5119171142578125,1.5102081298828125,1.2566375732421875
2021-01-09,12,2,298.47509765625,291.7782287597656,-2.433349609375,0.1473236083984375,0.0,91348.203125,268.76690673828125,282.7773742675781,291.449462890625,0.0012890414800494,0.0069985315203666,0.0128014348447322,-6.927001953125,-5.793716430664063,-5.597930908203125,-0.5886383056640625,1.2725067138671875,0.123565673828125
2021-01-09,18,3,294.0251159667969,292.74969482421875,-2.8260040283203125,0.491058349609375,5.25,91605.65625,268.8951110839844,283.5638427734375,289.46856689453125,0.0014409713912755,0.0045642219483852,0.0132105164229869,-7.2747802734375,-6.7914886474609375,-6.069839477539063,-1.0704498291015625,1.7009429931640625,0.950042724609375
2021-01-10,0,0,292.9295959472656,291.2955017089844,-2.12005615234375,-0.0425262451171875,5.75,91485.890625,268.37701416015625,282.7821350097656,289.8675537109375,0.0017771434504538,0.005833089351654,0.0109574869275093,-7.9914703369140625,-5.713287353515625,-4.8001251220703125,-1.13018798828125,1.55194091796875,1.051361083984375
2021-01-10,6,1,298.2442626953125,291.41436767578125,-3.638641357421875,0.818511962890625,2.125,91676.0,267.8147888183594,282.92694091796875,290.358642578125,0.0020656012929975,0.0048562660813331,0.0121554099023342,-9.190582275390623,-6.3753662109375,-5.606170654296875,-0.4544219970703125,1.0040740966796875,0.839324951171875
2021-01-10,12,2,298.45953369140625,291.3483581542969,-1.5543060302734375,0.2313385009765625,8.875,91363.09375,267.70196533203125,283.5487365722656,291.56134033203125,0.0035947891883552,0.0053541362285614,0.0117214806377887,-8.75048828125,-5.0218048095703125,-4.517990112304688,-1.037078857421875,-1.6751251220703125,-0.3644256591796875
2021-01-10,18,3,294.2098693847656,292.3492126464844,-2.01556396484375,-0.4840850830078125,113.5,91671.609375,267.8621826171875,283.3182983398437,290.0029602050781,0.0034189457073807,0.0060277581214904,0.0130536742508411,-11.279678344726562,-6.909332275390625,-3.3853759765625,-0.3701934814453125,-2.100189208984375,-1.9988555908203125
2021-01-11,0,0,293.7416381835937,292.20428466796875,-3.251068115234375,-0.961761474609375,33.875,91571.046875,266.7595520019531,283.50311279296875,290.7957763671875,0.0044541843235492,0.0065316371619701,0.0109489411115646,-10.153106689453123,-7.17596435546875,-5.24127197265625,-1.5201568603515625,-1.471954345703125,-2.303939819335937
2021-01-11,6,1,297.1234436035156,290.123291015625,-3.1618804931640625,-1.661865234375,0.0,91674.46875,268.2652587890625,283.31231689453125,290.1731872558594,0.0036845894064754,0.0063217878341674,0.0117048025131225,-12.122604370117188,-8.653640747070312,-5.9998626708984375,0.434326171875,-3.606719970703125,-2.3448944091796875
2021-01-11,12,2,297.2613830566406,291.6478576660156,-1.9954376220703125,-0.675048828125,25.75,91522.328125,267.13592529296875,282.37286376953125,290.29083251953125,0.0044135265052318,0.0057338103652,0.0120778940618038,-15.838699340820312,-8.465133666992188,-4.904312133789063,-3.8510589599609375,-2.062362670898437,-2.0772247314453125
2021-01-11,18,3,293.3675537109375,291.0471496582031,-2.1512603759765625,-1.974517822265625,0.0,91717.734375,266.6553039550781,282.589599609375,291.266357421875,0.0028782640583813,0.0032390926498919,0.007887564599514,-15.292373657226562,-9.713912963867188,-8.958114624023438,-4.928009033203125,-1.45751953125,-4.84625244140625
2021-01-12,0,0,292.5077514648437,288.8514709472656,-2.220123291015625,-2.31903076171875,0.0,91541.421875,267.6770935058594,283.2845458984375,291.20135498046875,0.0027885909657925,0.0030068955384194,0.0081504974514245,-14.550949096679688,-10.0103759765625,-13.279586791992188,-1.372222900390625,-2.6476593017578125,-3.709060668945313
2021-01-12,6,1,296.0744323730469,286.735595703125,-4.309478759765625,-1.990203857421875,0.0,91770.28125,268.6656494140625,283.13311767578125,290.2539367675781,0.002441345481202,0.002912308787927,0.0081605687737464,-13.482650756835938,-13.6021728515625,-14.355194091796877,-2.08447265625,-1.9166107177734373,-3.0770721435546875
2021-01-12,12,2,296.3641052246094,289.4329528808594,-2.4818115234375,-1.199981689453125,0.0,91444.78125,268.1553955078125,283.471923828125,289.77362060546875,0.0025648383889347,0.0034504388459026,0.010049432516098,-14.812942504882812,-11.304534912109377,-8.749435424804688,-1.9744720458984373,-2.2489166259765625,-3.819534301757813
2021-01-12,18,3,292.8148193359375,290.9037170410156,-2.178955078125,-1.40142822265625,0.625,91749.546875,269.16796875,283.2575988769531,290.9233703613281,0.0016357370186597,0.0027889227494597,0.0060970485210418,-12.325851440429688,-11.959747314453123,-11.697586059570312,4.775421142578125,0.569183349609375,-2.100616455078125
2021-01-13,0,0,291.7342834472656,288.2984924316406,-2.533309936523437,-1.5615081787109375,0.0,91553.28125,268.63897705078125,283.2931213378906,290.6207275390625,0.0008681404870003,0.0031415910925716,0.0082974806427955,-9.283294677734377,-9.574142456054688,-11.88897705078125,3.25408935546875,1.9836273193359373,-1.98760986328125
2021-01-13,6,1,298.23504638671875,288.3488464355469,-4.874786376953125,-1.00030517578125,0.0,91715.234375,268.7965087890625,283.8966064453125,290.1160583496094,0.0007071499712765,0.0040613338351249,0.0096035376191139,-8.009353637695312,-9.461334228515623,-9.399658203125,1.5710296630859375,2.307968139648437,-1.4744873046875
2021-01-13,12,2,298.55517578125,289.6136779785156,-3.049468994140625,-0.32464599609375,0.0,91448.28125,267.7831420898437,283.0238037109375,291.2333374023437,0.0006343370769172,0.0038222467992454,0.0104522891342639,-9.187530517578123,-8.8037109375,-7.293304443359375,-0.0876312255859375,0.111053466796875,-0.8960113525390625
2021-01-13,18,3,292.3554382324219,290.1318054199219,-3.091049194335937,-0.497222900390625,0.0,91763.03125,267.7883605957031,283.0976257324219,290.25018310546875,0.0004558968357741,0.0038714932743459,0.0072139576077461,-10.006393432617188,-7.610763549804687,-8.414031982421875,2.078109741210937,2.5214996337890625,0.8795928955078125
2021-01-14,0,0,290.76348876953125,288.9701538085937,-2.7196044921875,-1.2208709716796875,0.0,91506.59375,268.0072021484375,284.0712890625,290.9834289550781,0.0007353404071182,0.003719980828464,0.007762286812067,-6.37969970703125,-7.147628784179688,-9.25250244140625,5.91845703125,3.1607818603515625,0.883575439453125
2021-01-14,6,1,296.87255859375,290.4148864746094,-4.129653930664063,0.3151702880859375,0.0,91713.859375,268.58380126953125,282.5648803710937,289.5127258300781,0.0025635277852416,0.0074399411678314,0.0114383623003959,-6.464157104492188,-7.118453979492188,-7.4459228515625,7.5468597412109375,4.1217193603515625,0.5885467529296875
2021-01-14,12,2,297.3474426269531,291.170166015625,-2.5714569091796875,0.251068115234375,4.75,91434.09375,269.193359375,281.64410400390625,290.6067810058594,0.0033346929121762,0.0094927847385406,0.0122622549533844,-3.3229217529296875,-5.649017333984375,-6.319122314453125,6.9872894287109375,5.9926300048828125,-0.7200469970703125
2021-01-14,18,3,293.30474853515625,292.1924133300781,-2.949371337890625,-0.0245819091796875,0.0,91606.765625,269.7930908203125,282.71270751953125,289.555908203125,0.0030137745197862,0.0079752914607524,0.0121896304190158,-2.79107666015625,-3.3616485595703125,-7.5706787109375,4.8465576171875,4.1109466552734375,-0.0435333251953125
2021-01-15,0,0,291.9915771484375,288.78875732421875,-2.432159423828125,0.071990966796875,5.0,91499.5,268.93780517578125,282.3264465332031,289.59002685546875,0.0030074918176978,0.0082723721861839,0.0103379189968109,-4.76422119140625,-2.83209228515625,-6.572433471679688,3.72607421875,2.7902984619140625,3.456024169921875
2021-01-15,6,1,298.213134765625,288.4424743652344,-3.3931884765625,1.22198486328125,6.5,91685.734375,269.4508056640625,282.145263671875,289.8428955078125,0.0022998403292149,0.0083844512701034,0.0099364593625068,-4.512222290039063,-3.0065460205078125,-7.254318237304687,5.396652221679688,1.8248748779296875,2.9837646484375
2021-01-15,12,2,298.5843505859375,290.73931884765625,-2.40484619140625,1.3065948486328125,2.75,91406.53125,269.23809814453125,283.3905029296875,291.61773681640625,0.0018450673669576,0.0080528557300567,0.0112553387880325,-3.445053100585937,-0.9427337646484376,-5.276046752929688,2.916290283203125,0.52899169921875,1.7624969482421875
2021-01-15,18,3,293.2926940917969,291.1003723144531,-2.251678466796875,1.2395477294921875,0.0,91566.078125,269.14801025390625,283.7774658203125,290.75,0.0012582044582813,0.0072325654327869,0.0116824582219123,-6.50726318359375,-1.8354034423828125,-3.3041229248046875,5.3472442626953125,-2.405181884765625,3.062606811523437
2021-01-16,0,0,292.56011962890625,290.8650817871094,-1.7458343505859375,0.51312255859375,0.125,91436.21875,268.486572265625,283.0997314453125,290.8226318359375,0.0013521176297217,0.0055426955223083,0.011307880282402,-5.072174072265625,-2.17193603515625,-1.844085693359375,6.03765869140625,-0.1559295654296875,3.2273406982421875
2021-01-16,6,1,298.6306457519531,290.7738647460937,-1.959259033203125,1.0941314697265625,0.625,91596.765625,268.6742553710937,283.271484375,290.428955078125,0.0014128270559012,0.0034530474804341,0.0122095644474029,-4.6507415771484375,-3.3735809326171875,-2.8526611328125,5.392868041992188,-0.2335662841796875,1.37841796875
2021-01-16,12,2,300.1195678710937,290.80438232421875,-1.223388671875,0.8179473876953125,0.0,91332.0625,268.9428405761719,283.3868408203125,293.0707397460937,0.001035138964653,0.0023236807901412,0.010363258421421,-5.5643463134765625,-2.474349975585937,-2.8282623291015625,2.30609130859375,0.1280670166015625,0.8769378662109375
2021-01-16,18,3,293.3825378417969,291.5063781738281,-2.7967071533203125,0.7045745849609375,0.0,91575.90625,268.8209228515625,283.77294921875,290.1240234375,0.0007475912570953,0.0037672992330044,0.0115902535617351,-6.64544677734375,-5.19970703125,-3.7152099609375,3.890792846679688,-1.3022308349609375,3.999237060546875
2021-01-17,0,0,291.45428466796875,289.970947265625,-1.561737060546875,1.0173187255859375,0.0,91455.953125,269.1324462890625,283.9398193359375,290.7162475585937,0.0004835228901356,0.0045057833194732,0.0103264786303043,-6.216796875,-2.414398193359375,-1.7109222412109375,5.67755126953125,-1.861328125,-0.216339111328125
2021-01-17,6,1,298.46783447265625,290.1460266113281,-1.704986572265625,0.3227996826171875,0.0,91676.71875,269.3267517089844,283.23681640625,289.70635986328125,0.0003294153138995,0.0034737803507596,0.0110958851873874,-5.8379669189453125,-4.0626220703125,-2.9442901611328125,4.4488525390625,-2.442245483398437,-0.4350433349609375
2021-01-17,12,2,299.57177734375,288.7456359863281,-2.5081787109375,-0.1815338134765625,0.0,91419.109375,268.666015625,283.5263671875,292.3032531738281,0.0003728121519088,0.0034475603606551,0.0091114602982997,-3.845458984375,-2.931610107421875,-5.323760986328125,0.756622314453125,-3.214935302734375,-0.9944000244140624
2021-01-17,18,3,291.9857177734375,288.3680419921875,-3.0245513916015625,1.0342254638671875,0.0,91724.109375,269.2748413085937,282.7021484375,290.994140625,0.0002878315281122,0.0033086098264902,0.0054378574714064,-3.5940704345703125,-3.9064788818359375,-4.160736083984375,-2.2667388916015625,-4.688995361328125,0.3331298828125
2021-01-18,0,0,289.1654357910156,287.58209228515625,-2.327545166015625,-0.8771209716796875,0.0,91601.78125,270.0970764160156,282.208740234375,291.69012451171875,0.0003432186786085,0.0041105602867901,0.0017217469867318,-6.68914794921875,-3.686111450195313,-2.49658203125,-4.2115478515625,-4.5167388916015625,-0.1036376953125
2021-01-18,6,1,297.8420104980469,285.4477233886719,-3.0929412841796875,0.0540771484375,0.0,91812.6875,269.6291198730469,282.932373046875,290.52716064453125,0.0004663707222789,0.0032571223564445,0.0040301131084561,-8.207504272460938,-4.166671752929688,-6.225601196289063,-2.7589111328125,-5.2188873291015625,-1.73529052734375
2021-01-18,12,2,298.6835327148437,288.48779296875,-2.426010131835937,0.25982666015625,0.0,91459.015625,269.4750366210937,282.73388671875,291.6033020019531,0.0004989162553101,0.0031094006262719,0.0090233609080314,-7.222549438476562,-3.17791748046875,-4.9897308349609375,-3.9567718505859375,-4.6974029541015625,-0.167205810546875
2021-01-18,18,3,291.9769287109375,290.2606506347656,-2.6991424560546875,0.2777252197265625,0.0,91703.796875,268.8379821777344,283.8707275390625,288.8678283691406,0.0005678173620253,0.0015844206791371,0.0102128274738788,-8.144973754882812,-5.9581298828125,-3.96734619140625,-4.750289916992188,-2.0130157470703125,-1.8194732666015625
2021-01-19,0,0,291.0405578613281,289.82061767578125,-2.08245849609375,-0.3065338134765625,0.125,91591.6875,268.7613525390625,284.7005615234375,288.20513916015625,0.000516801374033,0.0006601964123547,0.0079580619931221,-8.787506103515625,-6.038299560546875,-3.9647216796875,-4.769302368164063,-0.974456787109375,-3.9007720947265625
2021-01-19,6,1,297.0656433105469,288.238037109375,-1.6728057861328125,-0.368927001953125,0.0,91828.828125,268.7046813964844,285.557861328125,287.48663330078125,0.0003488981164991,0.0003591626882553,0.008810456842184,-12.0372314453125,-4.671920776367188,-2.6584625244140625,-5.03204345703125,3.7453460693359375,-1.6151123046875
2021-01-19,12,2,299.26519775390625,288.82830810546875,-1.264801025390625,-0.432647705078125,0.0,91499.328125,268.7032470703125,285.30596923828125,291.6438903808594,0.0002673366107046,0.0012888826895505,0.0093837454915046,-12.648818969726562,-1.6678619384765625,-2.5562286376953125,-2.4189910888671875,1.0595855712890625,-1.415008544921875
2021-01-19,18,3,292.6254272460937,290.17974853515625,-2.1994171142578125,-0.429168701171875,0.0,91707.296875,269.5804443359375,285.07012939453125,289.69140625,0.0002083286526612,0.0028499653562903,0.0101559683680534,-13.228256225585938,-4.9420928955078125,-1.742279052734375,-0.65386962890625,1.5361175537109375,-2.104736328125
2021-01-20,0,0,290.9188842773437,288.92449951171875,-1.7548065185546875,-0.733642578125,0.0,91622.265625,269.1105041503906,283.60760498046875,289.4390563964844,0.0002033522032434,0.0045123398303985,0.0087301805615425,-10.9337158203125,-3.969329833984375,0.0468292236328125,-2.1517791748046875,0.3612060546875,-2.61419677734375
2021-01-20,6,1,299.0792236328125,287.4106140136719,-1.10565185546875,-0.557769775390625,0.0,91837.546875,269.2079467773437,284.53631591796875,289.8388061523437,0.0002467515587341,0.0023272237740457,0.0090331062674522,-13.257598876953123,-3.2781524658203125,-1.93194580078125,-4.327651977539063,-0.8876953125,-0.4900360107421875
2021-01-20,12,2,300.984375,290.4277648925781,-0.8441009521484375,-0.302764892578125,0.0,91582.203125,269.0016174316406,284.5888671875,293.37969970703125,0.0001860365737229,0.0019355532713234,0.0094132348895072,-12.5704345703125,-1.259674072265625,-1.805755615234375,-6.47198486328125,-2.421356201171875,-0.4574432373046875
2021-01-20,18,3,293.61407470703125,291.76910400390625,-2.3288726806640625,0.43756103515625,0.0,91741.3125,269.5904541015625,285.98699951171875,291.6759033203125,0.0001552528847241,0.0005888461600989,0.0110902227461338,-10.318740844726562,-5.711883544921875,-0.7916259765625,-7.368072509765625,-3.881744384765625,0.2821197509765625
2021-01-21,0,0,291.43115234375,290.71258544921875,-1.7240142822265625,-0.2549591064453125,0.375,91634.328125,268.9312744140625,286.014892578125,290.88232421875,0.0001747132628224,0.0005043598357588,0.0102765895426273,-8.677215576171875,-3.8055267333984375,0.0017547607421875,-7.559494018554687,-3.9603424072265625,-0.5511627197265625
2021-01-21,6,1,300.0184936523437,290.35107421875,-0.897430419921875,0.309661865234375,0.0,91796.375,268.5682373046875,285.67071533203125,290.7196350097656,0.0002614883705973,0.0004669004119932,0.0114730894565582,-10.426116943359377,-3.010406494140625,-1.128387451171875,-7.16192626953125,-4.736862182617188,0.216827392578125
2021-01-21,12,2,301.91094970703125,290.9039306640625,-0.1998443603515625,0.0825042724609375,5.125,91474.46875,269.0606384277344,283.6820068359375,294.8201904296875,0.0002364555111853,0.0014508187305182,0.0107785649597644,-11.013092041015623,-0.5743408203125,-0.02984619140625,-6.671478271484375,-5.2881622314453125,-0.352142333984375
2021-01-21,18,3,294.9744873046875,291.001708984375,-2.201873779296875,0.7797698974609375,97.25,91654.265625,269.35064697265625,284.94342041015625,291.8578796386719,0.0001804298517527,0.0009140477050095,0.01347266882658,-11.443618774414062,-2.330657958984375,-1.5887451171875,-4.214767456054688,-9.120697021484377,4.141036987304688
2021-01-22,0,0,294.38037109375,292.89373779296875,-2.534393310546875,0.757415771484375,140.75,91634.625,268.885498046875,283.6819152832031,290.2811889648437,0.0001608439051778,0.0011170753277838,0.0134390145540237,-10.088851928710938,-3.74481201171875,-1.96795654296875,-4.725143432617188,-7.805984497070312,3.166244506835937
2021-01-22,6,1,299.0122985839844,291.7802124023437,-2.724395751953125,0.4768524169921875,59.875,91818.28125,268.603271484375,283.4569702148437,290.270263671875,0.0001328663347521,0.0024578052107244,0.0126401297748088,-10.282196044921877,-5.252471923828125,-4.134429931640625,-7.800811767578125,-3.1455841064453125,-0.1398773193359375
2021-01-22,12,2,300.87652587890625,290.80877685546875,-0.7826690673828125,-0.4510345458984375,5.125,91433.671875,267.91424560546875,284.98291015625,293.54364013671875,0.0001607022277312,0.0006700633093714,0.0102137252688407,-10.633819580078123,-5.004196166992188,-1.5739898681640625,-6.710601806640625,-3.707366943359375,-1.2243499755859375
2021-01-22,18,3,295.0914001464844,290.5577087402344,-2.8245849609375,0.608428955078125,1.125,91647.109375,268.6378173828125,286.2167358398437,290.7826232910156,0.0001539153163321,0.0008715174626559,0.011060819029808,-10.051040649414062,-9.119186401367188,-5.1795806884765625,-6.065521240234375,-1.2435455322265625,1.043212890625
2021-01-23,0,0,293.1441650390625,291.2122497558594,-2.5280914306640625,0.3398284912109375,2.25,91554.34375,268.7314453125,285.747802734375,290.2952880859375,0.0002099368284689,0.0006314862985163,0.0097469836473464,-9.395736694335938,-7.6749267578125,-3.64874267578125,-4.73724365234375,0.6770477294921875,-3.000885009765625
2021-01-23,6,1,299.178955078125,287.6827392578125,-2.3313751220703125,-1.717376708984375,0.0,91774.390625,267.9158630371094,285.86102294921875,290.5867004394531,0.0002998311538249,0.0005673186387866,0.0093723461031913,-10.408279418945312,-6.5570068359375,-3.2032012939453125,-3.0502166748046875,-0.39837646484375,-2.9637451171875
2021-01-23,12,2,300.52496337890625,287.7603759765625,-2.0538482666015625,-0.460784912109375,0.0,91536.28125,267.3116455078125,285.25244140625,292.9237670898437,0.0003441786393523,0.000494263600558,0.0082271993160247,-9.455093383789062,-5.3431549072265625,-3.8874359130859375,-2.7254791259765625,-3.38128662109375,-1.26434326171875
2021-01-23,18,3,293.0113830566406,288.89141845703125,-2.9897613525390625,0.8696441650390625,0.0,91752.4375,267.7757568359375,285.7119445800781,290.3458251953125,0.0002812346210703,0.0004743663594126,0.008831962943077,-10.186660766601562,-8.375946044921875,-3.494659423828125,-2.010711669921875,-1.2839508056640625,-0.24517822265625
2021-01-24,0,0,290.65185546875,289.2261962890625,-1.6263275146484375,0.272796630859375,0.0,91620.640625,267.27642822265625,285.85284423828125,289.65997314453125,0.000234397011809,0.0004824546631425,0.0082820653915405,-8.638259887695312,-8.82513427734375,0.0946044921875,0.29376220703125,-0.585540771484375,-2.738388061523437
2021-01-24,6,1,298.9735717773437,285.8466186523437,-1.615631103515625,-1.8295745849609373,0.0,91870.5625,267.3135681152344,285.5239562988281,289.7064819335937,0.0002079251571558,0.0004898579791188,0.008027646690607,-8.363357543945312,-8.83319091796875,-2.5191802978515625,-1.4986724853515625,1.3201904296875,-3.2251739501953125
2021-01-24,12,2,300.196044921875,285.28619384765625,-1.3179168701171875,-0.5838470458984375,0.0,91553.84375,267.13916015625,285.3897705078125,293.16876220703125,0.0001986185379792,0.0004791256505995,0.0062288865447044,-7.992568969726562,-6.8307647705078125,-2.8059844970703125,-1.73309326171875,0.3077392578125,-1.9622039794921875
2021-01-24,18,3,292.0591125488281,286.8363037109375,-2.526580810546875,0.537872314453125,0.0,91824.78125,267.3764953613281,285.0249938964844,291.2422790527344,0.0002058081881841,0.000650415662676,0.0061626136302948,-8.718124389648438,-7.4846649169921875,-1.8649749755859373,-1.5709991455078125,0.3997955322265625,-1.6185455322265625
2021-01-25,0,0,290.09674072265625,288.541259765625,-2.2600250244140625,-0.2010955810546875,0.0,91705.34375,267.5718994140625,284.50799560546875,290.8284912109375,0.00016519339988,0.0006229940336197,0.003005564911291,-6.4679107666015625,-6.72613525390625,-4.9135589599609375,-0.0443878173828125,0.251129150390625,-4.127700805664063
2021-01-25,6,1,297.4208679199219,283.21044921875,-2.4082183837890625,0.43011474609375,0.0,91896.640625,267.92437744140625,284.7083740234375,289.05328369140625,0.0001713464735075,0.0004274829989299,0.0071683749556541,-6.7787628173828125,-5.980239868164063,-4.306060791015625,-0.893524169921875,-2.757431030273437,0.313446044921875
2021-01-25,12,2,300.1078796386719,286.7646179199219,-1.7303466796875,1.0299835205078125,0.0,91621.59375,267.6234436035156,283.5287475585937,291.9142150878906,0.0001828911335906,0.00042579555884,0.0081030912697315,-6.470962524414063,-4.774093627929688,-3.04534912109375,-1.3619384765625,-4.60906982421875,1.4667510986328125
2021-01-25,18,3,292.24688720703125,289.5819702148437,-1.9624786376953125,0.4423980712890625,0.0,91838.375,267.91680908203125,283.442626953125,290.8700561523437,0.0001763238251442,0.0002702947240322,0.0056152753531932,-7.0618896484375,-6.2981719970703125,-1.409393310546875,0.3147430419921875,-5.422760009765625,-0.47723388671875
2021-01-26,0,0,289.7139892578125,287.988525390625,-1.720947265625,-0.3751220703125,0.0,91689.796875,267.36431884765625,283.3327941894531,291.4462280273437,0.0001644236326683,0.0002722560893744,0.0024686430115252,-5.240264892578125,-6.423583984375,-2.3391265869140625,-0.18536376953125,-3.3838653564453125,-0.81097412109375
2021-01-26,6,1,299.2720947265625,279.4964599609375,-2.619369506835937,-1.624481201171875,0.0,91849.359375,267.6353759765625,283.6670227050781,290.8659973144531,0.0001508870627731,0.000279361847788,0.0050867013633251,-4.88653564453125,-7.572967529296875,-4.361328125,0.132415771484375,-2.323272705078125,-2.759063720703125
2021-01-26,12,2,300.4964294433594,282.02325439453125,-1.8297271728515625,-0.0288543701171875,0.0,91482.234375,267.84912109375,284.04052734375,293.275634765625,0.0001424000074621,0.0003104333300143,0.0052314698696136,-3.884979248046875,-5.496749877929688,-4.2932891845703125,-0.426177978515625,-3.9589996337890634,-0.4744720458984375
2021-01-26,18,3,292.1137084960937,286.2759704589844,-2.93865966796875,1.0383148193359375,0.0,91760.078125,268.19586181640625,284.19659423828125,290.51202392578125,0.0001340218877885,0.0003930244129151,0.0065307989716529,-2.810455322265625,-7.067626953125,-3.71197509765625,-2.2857666015625,-2.7320098876953125,-0.138702392578125
2021-01-27,0,0,289.7958984375,288.06939697265625,-1.7666473388671875,-0.0595550537109375,0.0,91641.484375,267.6861572265625,283.34228515625,290.1941223144531,0.0001280485012102,0.0004599732346832,0.0047405841760337,-2.83074951171875,-5.157806396484375,-2.97064208984375,-0.3587799072265625,-2.600830078125,-3.46441650390625
2021-01-27,6,1,298.5241394042969,282.0181884765625,-2.758041381835937,-1.2781219482421875,0.0,91865.703125,267.07196044921875,283.0856628417969,290.10284423828125,0.0001256995747098,0.0004939190112054,0.0064333081245422,-3.5880279541015625,-4.886505126953125,-4.141403198242188,-0.2944183349609375,-2.015167236328125,-2.8450469970703125
2021-01-27,12,2,300.01934814453125,284.7622985839844,-2.639556884765625,0.273284912109375,0.0,91558.8125,267.96929931640625,283.18963623046875,292.59295654296875,0.000126717830426,0.0005260577891021,0.006517082452774,-2.5643463134765625,-0.9601593017578124,-5.066574096679688,-0.9163818359375,-2.5401153564453125,0.096221923828125
2021-01-27,18,3,291.394775390625,287.4310913085937,-3.3597564697265625,0.78045654296875,0.0,91798.21875,268.77655029296875,283.46160888671875,289.7865905761719,0.0001208289322676,0.0004967537242919,0.0073085911571979,-1.20855712890625,-4.299850463867188,-4.4254150390625,0.6522369384765625,-2.8170623779296875,-0.6081695556640625
2021-01-28,0,0,290.9515075683594,289.0400390625,-2.842529296875,-0.0324249267578125,7.75,91709.671875,268.5506286621094,282.78631591796875,289.6241455078125,0.0001532911264803,0.0005590901710093,0.0043566189706325,0.651641845703125,-5.985107421875,-5.0926361083984375,2.6768341064453125,-1.0338287353515625,-3.645339965820313
2021-01-28,6,1,297.4864501953125,284.95513916015625,-3.040771484375,-0.3427886962890625,0.0,91890.453125,268.1082763671875,283.19464111328125,288.76617431640625,0.0003354798536747,0.0004889115225523,0.0076006315648555,1.4131317138671875,-5.836959838867188,-4.832046508789063,2.042205810546875,-0.15704345703125,-1.05047607421875
2021-01-28,12,2,299.1603088378906,286.6548156738281,-3.0123443603515625,0.40692138671875,0.0,91570.859375,268.5638427734375,283.91705322265625,291.6783447265625,0.0008981232531368,0.0003378859255462,0.0084926262497901,3.572982788085937,-2.0594940185546875,-5.1724395751953125,1.543975830078125,0.6026458740234375,0.4522705078125
2021-01-28,18,3,292.2079772949219,289.3250427246094,-3.560333251953125,0.7330169677734375,0.0,91819.9375,269.079833984375,283.9484558105469,288.35858154296875,0.00078563275747,0.0004964943509548,0.0102904811501502,4.9573822021484375,-3.895233154296875,-6.4859466552734375,-2.0685272216796875,2.0350494384765625,0.983154296875
2021-01-29,0,0,291.577392578125,289.0736083984375,-2.4595489501953125,-0.214141845703125,2.625,91773.0,269.0420837402344,282.7528076171875,288.785400390625,0.0002572126686573,0.0006030844524502,0.0042043798603117,3.969970703125,-2.366073608398437,-4.3556671142578125,-3.5067138671875,1.0118865966796875,-1.1971588134765625
2021-01-29,6,1,298.2608642578125,284.9466552734375,-2.67822265625,-1.0440521240234375,0.0,91916.9375,268.308349609375,283.1072998046875,289.6181640625,0.0001131741883,0.0008332161232829,0.0071355290710926,2.7655487060546875,-0.9962310791015624,-4.129150390625,-5.024917602539063,3.0959930419921875,-1.7031402587890625
2021-01-29,12,2,299.8544921875,287.8572692871094,-1.7938690185546875,1.3134002685546875,0.0,91603.46875,267.19921875,281.4194641113281,292.89404296875,0.0001676434621913,0.0029774534050375,0.0089171081781387,1.1305084228515625,2.285385131835937,-2.87237548828125,-4.6878814697265625,1.083740234375,2.25860595703125
2021-01-29,18,3,292.806884765625,289.3880615234375,-2.6771240234375,1.096893310546875,0.0,91835.328125,267.8609313964844,282.32427978515625,290.1379699707031,0.0001226904423674,0.0025130806025117,0.0102580226957798,-0.379791259765625,1.767120361328125,-3.945953369140625,-1.7832183837890625,5.0236663818359375,2.282745361328125
2021-01-30,0,0,292.2123718261719,290.2818603515625,-2.872802734375,0.2194366455078125,2.0,91713.65625,268.1893920898437,281.63677978515625,290.23052978515625,0.0001423667417839,0.004114493727684,0.0094734020531177,2.305694580078125,3.94439697265625,-3.351593017578125,-4.317794799804688,6.448944091796875,-0.2427520751953125
2021-01-30,6,1,299.6625671386719,285.8922119140625,-2.936874389648437,-1.4902801513671875,0.0,91846.828125,268.0184936523437,281.8817749023437,290.7894287109375,0.000155408255523,0.0043032094836235,0.0090925730764865,2.8992156982421875,2.577728271484375,-4.19647216796875,-4.3348541259765625,4.0846099853515625,-2.313461303710937
2021-01-30,12,2,301.3252868652344,287.8226013183594,-1.41015625,-0.3246612548828125,0.0,91477.703125,267.9134521484375,279.5871276855469,293.7816162109375,9.018932178150862e-05,0.0069355443120002,0.0089745372533798,2.381210327148437,2.117828369140625,-2.27325439453125,-3.279647827148437,-1.2299346923828125,-1.0651092529296875
2021-01-30,18,3,293.6084289550781,288.60906982421875,-3.2761383056640625,1.4451141357421875,0.0,91794.0625,268.2462158203125,281.3697509765625,290.91864013671875,8.553860243409872e-05,0.0021726584527641,0.0094657354056835,2.7063446044921875,4.0475616455078125,-5.61907958984375,-4.172164916992188,-1.76275634765625,2.122894287109375
2021-01-31,0,0,290.97174072265625,289.58306884765625,-2.864471435546875,0.844635009765625,0.25,91682.0625,268.06005859375,281.3628234863281,290.58758544921875,7.712857041042298e-05,0.0024181860499083,0.0086784847080707,1.6897430419921875,1.0234222412109375,-4.578094482421875,-7.0494232177734375,3.278167724609375,2.699951171875
2021-01-31,6,1,299.31805419921875,285.1300964355469,-3.4729461669921875,0.255096435546875,0.0,91868.96875,268.0546264648437,280.88262939453125,290.66900634765625,8.848756260704249e-05,0.0024388444144278,0.0086105838418006,-1.3970947265625,0.4503936767578125,-5.2874603271484375,-6.2764892578125,2.90521240234375,-0.1007843017578125
2021-01-31,12,2,300.8764343261719,286.28424072265625,-2.284423828125,-0.5879364013671875,0.0,91568.28125,268.1760559082031,278.6354064941406,293.5652770996094,0.0001020807976601,0.0066212252713739,0.0082214549183845,-3.1890106201171875,-0.3956756591796875,-3.58380126953125,-5.928375244140625,-0.3198089599609375,-1.233917236328125
2021-01-31,18,3,293.8932800292969,288.796875,-3.8450775146484375,1.0389404296875,2.375,91925.703125,269.7723999023437,281.128662109375,289.10107421875,0.0001174599019577,0.0016523990780115,0.0100207105278968,-5.162277221679688,0.649444580078125,-9.330307006835938,-5.0149688720703125,-0.6134796142578125,2.320541381835937
2021-02-01,0,0,291.45025634765625,287.7555236816406,-2.6019744873046875,0.0315704345703125,0.0,91856.546875,268.93505859375,281.0067749023437,288.8583374023437,0.0001121561508625,0.0009330017492175,0.0084913410246372,-6.6868743896484375,-1.315338134765625,-7.0394134521484375,-2.215850830078125,2.5835113525390625,-0.150421142578125
2021-02-01,6,1,299.661865234375,283.80419921875,-2.713348388671875,-1.6888580322265625,0.0,92083.671875,268.4287109375,282.01092529296875,290.2079467773437,0.0001212629140354,0.0008563210722059,0.0071048736572265,-7.08917236328125,-0.96978759765625,-3.7352447509765625,0.2420196533203125,2.890472412109375,-2.6629791259765625
2021-02-01,12,2,300.555419921875,284.58172607421875,-2.37982177734375,-1.220794677734375,0.0,91703.625,268.950439453125,281.41070556640625,292.7616882324219,0.0001335462002316,0.0010552399326115,0.0060236677527427,-4.8221588134765625,0.713592529296875,-4.1036224365234375,2.5477294921875,2.42242431640625,-2.246063232421875
2021-02-01,18,3,292.7114562988281,287.13690185546875,-3.963043212890625,-0.0780181884765625,0.0,92044.4375,269.1667785644531,282.8552551269531,289.32794189453125,0.0001325672201346,0.0008336761966347,0.0077089220285415,-2.659515380859375,-2.805755615234375,-8.379913330078125,1.4599609375,3.62152099609375,-1.8043670654296875
2021-02-02,0,0,291.5413513183594,289.2796936035156,-3.459320068359375,-0.288818359375,1.6875,91921.875,268.78778076171875,282.80206298828125,289.074462890625,0.0001080179063137,0.001590421423316,0.0045127160847187,-2.2584228515625,2.553619384765625,-9.019561767578123,0.9586944580078124,3.200714111328125,-2.008514404296875
2021-02-02,6,1,298.40240478515625,284.1770324707031,-4.230514526367188,-0.493194580078125,0.0,92056.5625,269.0663757324219,282.5909423828125,289.54425048828125,0.0001110182784032,0.0020340757910162,0.0080717206001281,-0.9776611328125,1.8115234375,-6.68243408203125,0.3463592529296875,2.0207672119140625,-1.009063720703125
2021-02-02,12,2,300.1349792480469,287.03631591796875,-2.9862213134765625,-0.03802490234375,0.0,91720.9375,268.986572265625,281.63787841796875,292.14862060546875,0.0001166526490123,0.0037524115759879,0.0085378177464008,0.9151763916015624,3.859420776367188,-4.9458770751953125,-1.0444793701171875,1.282012939453125,-0.3161468505859375
2021-02-02,18,3,293.3699951171875,289.1795349121094,-3.697418212890625,0.8316650390625,0.0,91991.390625,268.27850341796875,282.79608154296875,288.56317138671875,0.0001141335669672,0.0029141416307538,0.0103929191827774,-1.588348388671875,4.6684112548828125,-8.106781005859375,-1.0176544189453125,1.9022674560546875,2.061874389648437
2021-02-03,0,0,292.1663818359375,290.1485595703125,-2.900909423828125,-0.03631591796875,4.375,91799.4375,268.1133728027344,282.4817199707031,289.59588623046875,0.0001154410856543,0.0035196749959141,0.008256047964096,-0.9780120849609376,4.797088623046875,-5.388946533203125,0.1396331787109375,0.9244232177734376,-0.823455810546875
2021-02-03,6,1,297.40789794921875,287.4091796875,-3.71795654296875,-0.056488037109375,0.0,92019.90625,268.8876953125,281.8394775390625,289.0489807128906,0.0001275969407288,0.0045079588890075,0.009955208748579,0.872528076171875,4.493942260742188,-5.653839111328125,0.417694091796875,0.7366943359375,-0.2861328125
2021-02-03,12,2,299.4711608886719,288.23272705078125,-3.0123443603515625,1.2013092041015625,10.625,91669.796875,269.160888671875,278.9559631347656,291.76910400390625,0.0001202544663101,0.0059135481715202,0.0094684585928916,3.868209838867188,4.54583740234375,-4.806793212890625,-1.9575958251953125,-3.083984375,1.5225830078125
2021-02-03,18,3,292.8594665527344,286.6950988769531,-3.598846435546875,0.35089111328125,0.0,91949.21875,268.3614501953125,283.46832275390625,289.34429931640625,9.721047536004336e-05,0.0023899951484054,0.0094696246087551,1.068359375,5.5536041259765625,-4.145294189453125,0.3885650634765625,1.1916961669921875,0.7749481201171875
2021-02-04,0,0,290.4967041015625,286.51470947265625,-2.4010162353515625,0.1116943359375,0.0,91820.765625,269.6959228515625,283.1488952636719,288.9611511230469,0.0001380956964567,0.0015311364550143,0.0075333528220653,0.37603759765625,3.370849609375,-3.953460693359375,-1.8084869384765625,0.672454833984375,-0.442138671875
2021-02-04,6,1,298.7023620605469,283.8307189941406,-3.080169677734375,0.031036376953125,0.0,92014.03125,269.29669189453125,282.05181884765625,289.5428466796875,0.0001292562228627,0.0015859962441027,0.0067270807921886,-1.802093505859375,4.1380462646484375,-4.335464477539063,-0.558258056640625,-0.897979736328125,-0.426361083984375
2021-02-04,12,2,300.4304504394531,284.603515625,-2.1939697265625,-0.7308349609375,0.0,91626.8125,268.64227294921875,281.6354064941406,292.3721008300781,9.782123379409312e-05,0.0029979173559695,0.0069985911250114,2.4496307373046875,6.627456665039063,-3.0905303955078125,-0.6824493408203125,-3.67596435546875,-1.5522918701171875
2021-02-04,18,3,292.7809753417969,286.99395751953125,-3.4286346435546875,1.194976806640625,0.0,91874.125,268.10699462890625,283.2681884765625,289.298095703125,0.0001191535557154,0.0019061060156673,0.0085279420018196,2.4285430908203125,6.214019775390625,-4.431396484375,-3.951080322265625,-0.4887237548828125,2.0245361328125
2021-02-05,0,0,290.0162353515625,288.03515625,-2.388290405273437,0.078155517578125,0.0,91748.75,268.6006774902344,283.294921875,289.41015625,0.0001823421334847,0.0012870121281594,0.0075312070548534,1.7024078369140625,3.1573486328125,-0.1445465087890625,-1.6518707275390625,1.7035369873046875,-0.440277099609375
2021-02-05,6,1,298.56036376953125,284.6145935058594,-1.100189208984375,-0.825469970703125,0.0,91949.40625,268.5775146484375,281.6458740234375,289.7812194824219,0.0001933048770297,0.0013094798196107,0.0080820508301258,1.8047943115234373,3.6318206787109375,-1.323974609375,0.287994384765625,0.6168365478515625,-1.6025848388671875
2021-02-05,12,2,301.26190185546875,285.73583984375,0.0253753662109375,-1.8624420166015625,0.0,91530.53125,268.9036865234375,281.8429260253906,293.5398254394531,0.0002168516948586,0.0010531744919717,0.0071995593607425,4.364898681640625,4.844253540039063,0.297088623046875,-1.783294677734375,-1.122283935546875,-3.1876220703125
2021-02-05,18,3,292.9526672363281,284.8944702148437,-3.762771606445313,0.507415771484375,0.0,91769.84375,268.5250244140625,283.0907897949219,290.0451354980469,0.0001958057982847,0.0006962844636291,0.0071990527212619,4.9332275390625,5.833511352539063,-5.88916015625,-1.85272216796875,1.07635498046875,-1.4402313232421875
2021-02-06,0,0,289.524169921875,288.0147399902344,-2.487030029296875,0.656707763671875,0.0,91625.328125,268.79425048828125,284.91339111328125,289.6485595703125,0.0001580245589138,0.0002850061282515,0.0066110827028751,8.124435424804688,0.701934814453125,-5.242919921875,-4.131103515625,1.641021728515625,-3.8978271484375
2021-02-06,6,1,299.5880126953125,283.7631530761719,-2.24969482421875,-1.735931396484375,0.0,91814.171875,269.14483642578125,283.19647216796875,290.68072509765625,0.0001603768178028,0.0005179182626307,0.0075921900570392,4.6213226318359375,1.11212158203125,-3.1593780517578125,-4.056686401367188,-0.8075103759765625,-3.3270416259765625
2021-02-06,12,2,301.14678955078125,283.0259094238281,-2.2304229736328125,-1.960662841796875,0.0,91474.765625,269.8505249023437,280.35107421875,293.3362731933594,0.0002293418947374,0.0025595540646463,0.0061143599450588,6.77850341796875,0.6556549072265625,-3.78021240234375,-7.66107177734375,-3.23248291015625,-3.61968994140625
2021-02-06,18,3,292.2709045410156,284.5714111328125,-3.902877807617188,0.5025482177734375,0.0,91790.75,268.9815979003906,283.88983154296875,289.7807006835937,0.0001794651470845,0.0003432349767535,0.0075041912496089,5.2169189453125,-4.107879638671875,-8.04803466796875,-8.87445068359375,-3.718093872070313,-0.4042816162109375
2021-02-07,0,0,290.63494873046875,284.661865234375,-2.6551971435546875,-1.110076904296875,0.0,91685.828125,268.1791076660156,283.8612670898437,289.1390991210937,0.0001153351040557,0.0002776209730654,0.0067393481731414,2.7832183837890625,-2.49072265625,-5.202804565429688,-8.755447387695312,0.7306060791015625,-5.274993896484375
2021-02-07,6,1,299.2921142578125,277.33026123046875,-4.007110595703125,-2.1134033203125,0.0,91856.515625,269.38836669921875,283.7716979980469,290.3516540527344,7.03967671142891e-05,0.0002864606212824,0.0040744729340076,0.0474395751953125,-2.9744110107421875,-6.1931915283203125,-7.6259765625,0.743438720703125,-3.27587890625
2021-02-07,12,2,300.2572937011719,280.4432983398437,-2.513336181640625,-0.7392425537109375,0.0,91571.84375,270.125244140625,283.19744873046875,292.8946838378906,7.113427272997797e-05,0.0005436183419078,0.0046398602426052,-0.3098907470703125,-1.9343719482421875,-4.700103759765625,-5.1508636474609375,1.5351104736328125,-1.590789794921875
2021-02-07,18,3,292.1461181640625,282.3503112792969,-3.5473785400390625,-0.0101776123046875,0.0,91890.328125,269.98663330078125,283.5074768066406,289.62225341796875,7.81612325226888e-05,0.0010792457032948,0.0060157924890518,-0.5667266845703125,-3.680831909179688,-7.177886962890625,-5.4456634521484375,3.0359649658203125,-1.328155517578125
2021-02-08,0,0,290.513916015625,285.12579345703125,-2.883148193359375,-1.0788421630859375,0.0,91749.28125,269.4678649902344,282.5482177734375,287.9721069335937,8.720182813704014e-05,0.0010599098168313,0.005690898746252,-1.5137786865234375,-2.42620849609375,-7.3191375732421875,-5.109054565429688,1.4428558349609375,-6.663330078125
2021-02-08,6,1,298.3839111328125,282.1898193359375,-4.225021362304688,-1.351898193359375,0.0,91927.390625,269.08465576171875,283.6854553222656,289.33172607421875,0.0001079149806173,0.0002104120503645,0.0057223588228225,-3.8167724609375,-3.802566528320313,-6.716949462890625,-6.8224029541015625,-0.4546661376953125,-2.168975830078125
2021-02-08,12,2,300.44024658203125,283.6551818847656,-2.940277099609375,-0.47552490234375,0.0,91634.21875,269.654296875,283.55340576171875,292.64990234375,0.0001287897175643,0.0002128095802618,0.0060074776411056,-4.314468383789063,-3.9941253662109375,-5.069549560546875,-6.207244873046875,-4.572113037109375,-1.260528564453125
2021-02-08,18,3,292.1913452148437,286.7244873046875,-3.297088623046875,0.72607421875,0.0,91898.078125,269.11529541015625,284.26226806640625,289.0556640625,0.0001773202820913,0.0002111208159476,0.0085416659712791,-6.258209228515625,-7.433197021484375,-4.829315185546875,-6.36798095703125,-3.521331787109375,1.7503662109375
2021-02-09,0,0,290.2641906738281,288.1264038085937,-2.947128295898437,-0.2711334228515625,0.0,91720.15625,268.7977294921875,284.55084228515625,287.6830749511719,0.000136454225867,0.0001881700882222,0.0064541772007942,-5.6151123046875,-5.473175048828125,-5.040206909179688,-4.520797729492188,-2.5579376220703125,-4.8673095703125
2021-02-09,6,1,297.96588134765625,283.87908935546875,-4.0494537353515625,-0.110015869140625,0.0,91891.5625,268.552001953125,284.94744873046875,287.6278686523437,0.0001095985353458,0.0002197988796979,0.0071176327764987,-6.0369720458984375,-4.7111358642578125,-6.491500854492188,-3.04827880859375,-2.8277587890625,-0.40447998046875
2021-02-09,12,2,299.3900756835937,287.2095642089844,-3.0128173828125,-0.368133544921875,0.0,91553.59375,268.377197265625,283.9586181640625,291.4715576171875,0.0001160411484306,0.0002115896204486,0.0082520060241222,-5.436279296875,-2.9000396728515625,-4.455841064453125,-0.822052001953125,-2.95111083984375,-0.9400787353515624
2021-02-09,18,3,292.0960388183594,285.72900390625,-2.6931304931640625,0.2882537841796875,0.0,91770.390625,268.97052001953125,283.86383056640625,288.83770751953125,0.0001081824448192,0.0002332343865418,0.0078444480895996,-2.744003295898437,-4.3016204833984375,-3.909591674804688,1.0843048095703125,-1.9956207275390625,-0.869049072265625
2021-02-10,0,0,289.04913330078125,287.0596008300781,-1.7692108154296875,-0.1016387939453125,0.0,91631.34375,268.6383056640625,283.67730712890625,290.06298828125,0.0001179530954686,0.000222159535042,0.0014552841894328,-2.6131744384765625,-1.6785888671875,-3.84857177734375,0.5130462646484375,-2.278045654296875,-0.3730926513671875
2021-02-10,6,1,298.3604736328125,275.621826171875,-2.7564697265625,-0.5334320068359375,0.0,91805.328125,268.7779541015625,284.03759765625,289.7793884277344,0.0001211527414852,0.0002431946631986,0.003559082513675,-2.2581024169921875,-1.901458740234375,-4.3476409912109375,1.314971923828125,-3.316864013671875,-1.035858154296875
2021-02-10,12,2,300.31378173828125,279.76318359375,-2.1911773681640625,-0.303070068359375,0.0,91466.890625,269.72955322265625,283.3160400390625,293.03277587890625,0.0001766315544955,0.0002463349374011,0.0045039355754852,-0.4279022216796875,-0.3632965087890625,-3.719390869140625,-1.2752838134765625,-2.9359283447265625,-1.0253753662109375
2021-02-10,18,3,291.7914428710937,283.8538513183594,-2.660400390625,0.46978759765625,0.0,91698.5625,268.79833984375,284.1676330566406,290.841552734375,0.0001565038837725,0.0002578004496172,0.0056403428316116,-0.0901031494140625,-3.529510498046875,-2.127288818359375,-0.3722381591796875,-1.36761474609375,-1.215850830078125
2021-02-11,0,0,289.61676025390625,288.2615051269531,-2.19781494140625,0.37274169921875,0.0,91529.703125,268.9642333984375,284.5747985839844,289.72760009765625,0.0001847320963861,0.0002498773392289,0.0050494968891143,0.0572509765625,-1.4797821044921875,-2.7924346923828125,2.007659912109375,-0.6751708984375,-5.22869873046875
2021-02-11,6,1,298.7181396484375,282.06085205078125,-2.274566650390625,-2.2029571533203125,0.0,91725.9375,269.5628662109375,284.02203369140625,290.0794982910156,0.0002214409032603,0.0002574459649622,0.0058831833302974,-0.172332763671875,-2.860824584960937,-3.4110260009765625,0.13885498046875,0.7282562255859375,-3.654571533203125
2021-02-11,12,2,300.94439697265625,282.1716613769531,-2.901824951171875,0.021209716796875,0.0,91383.515625,269.0931396484375,284.2149658203125,293.5048217773437,0.0002342918742215,0.0002612662501633,0.0052990736439824,1.1708526611328125,-1.507720947265625,-5.0594482421875,-1.0713958740234375,-0.4910888671875,-0.2855224609375
2021-02-11,18,3,292.330810546875,284.057373046875,-3.777420043945313,0.944091796875,0.0,91709.015625,268.82733154296875,284.08837890625,290.4582824707031,0.0002420279197394,0.0002878250088542,0.0058440566062927,0.9473114013671876,-3.543609619140625,-5.2249298095703125,-0.8034515380859375,1.79290771484375,0.320465087890625
2021-02-12,0,0,289.0802307128906,286.93975830078125,-1.8050384521484373,-0.03692626953125,0.0,91589.9375,269.39581298828125,284.3729248046875,290.3209533691406,0.0002020118699874,0.000310142757371,0.0034400499425828,0.7148895263671875,-2.13983154296875,-1.5201568603515625,2.0153350830078125,1.721649169921875,-2.765380859375
2021-02-12,6,1,298.9866943359375,275.91082763671875,-1.794769287109375,-1.3159332275390625,0.0,91779.484375,269.2198486328125,284.4696044921875,290.2369384765625,0.0001638522371649,0.0002969552297145,0.0038436374161392,1.372283935546875,-0.962066650390625,-2.558700561523437,2.2053680419921875,2.126068115234375,-2.564071655273437
2021-02-12,12,2,301.29638671875,279.0248413085937,-1.644195556640625,-0.50103759765625,0.0,91478.203125,269.10845947265625,283.80780029296875,294.3685302734375,0.0002444385609123,0.0002889733295887,0.0032092106994241,4.2397308349609375,1.4205322265625,-3.382293701171875,1.165679931640625,2.015869140625,-1.1620025634765625
2021-02-12,18,3,292.35693359375,285.27215576171875,-3.580551147460937,1.006866455078125,0.0,91770.640625,268.74884033203125,284.7709045410156,290.2710266113281,0.0006516382563859,0.0002540021669119,0.00604834780097,5.034591674804688,-1.9929656982421875,-5.923187255859375,0.497039794921875,1.8571929931640625,1.1079254150390625
2021-02-13,0,0,289.5038757324219,287.89581298828125,-2.0358123779296875,0.477264404296875,0.0,91667.484375,267.8861694335937,283.9862365722656,290.4193115234375,0.0008784078527241,0.0002960399724543,0.0031867078505456,5.4312591552734375,-0.9184722900390624,-4.683074951171875,1.02276611328125,3.0556640625,-2.6779022216796875
2021-02-13,6,1,298.99884033203125,277.556884765625,-1.5469512939453125,-1.005584716796875,0.0,91885.078125,268.22430419921875,283.7523193359375,289.66436767578125,0.0010687492322176,0.0002865358255803,0.0041875597089529,4.63580322265625,0.0903472900390625,-2.415771484375,0.485137939453125,3.9013519287109375,-1.96417236328125
2021-02-13,12,2,301.6234130859375,278.666015625,-1.0379486083984375,-0.3381500244140625,0.0,91577.171875,267.9375,282.61724853515625,293.9754638671875,0.0011892120819538,0.0008321814239025,0.003074002219364,5.1783294677734375,4.660308837890625,-1.8425445556640625,-0.70697021484375,1.2930450439453125,-0.7539215087890625
2021-02-13,18,3,292.3351135253906,282.239990234375,-3.3367462158203125,0.78717041015625,0.0,91838.109375,267.38140869140625,285.18927001953125,291.05078125,0.0012331327889114,0.0008109649643301,0.0047959424555301,5.8807373046875,3.02874755859375,-4.003463745117188,-0.306396484375,-0.185211181640625,1.113189697265625
2021-02-14,0,0,289.359619140625,287.03192138671875,-2.018585205078125,-0.15863037109375,0.0,91724.65625,267.0332336425781,283.679931640625,290.66961669921875,0.0012140569742769,0.000796239124611,0.0048985965549945,9.088088989257812,-0.6629791259765625,-0.4079132080078125,2.16741943359375,1.3951873779296875,-0.0654296875
2021-02-14,6,1,299.61492919921875,280.7045593261719,-0.888275146484375,-0.9945220947265624,0.0,91878.46875,266.4847106933594,283.61004638671875,291.0467224121094,0.0012162036728113,0.0006698670331388,0.00569998472929,8.553878784179688,2.459701538085937,-1.130645751953125,2.6397247314453125,2.52398681640625,-1.6024322509765625
2021-02-14,12,2,301.998291015625,283.28759765625,0.023406982421875,-0.507781982421875,0.0,91552.078125,266.15802001953125,280.6039428710937,294.5814819335937,0.0015834923833608,0.0033320419024676,0.0055616497993469,9.174560546875,3.080352783203125,-0.0164794921875,1.75262451171875,1.8588409423828125,-0.580780029296875
2021-02-14,18,3,293.67449951171875,284.2157592773437,-3.844161987304688,0.7769927978515625,0.0,91811.484375,266.65380859375,280.5416259765625,290.5948791503906,0.0010868103709071,0.0039992034435272,0.0082281716167926,6.87066650390625,7.995712280273437,-4.388702392578125,3.43994140625,1.664337158203125,3.95623779296875
2021-02-15,0,0,291.3424072265625,288.5670166015625,-1.7933502197265625,0.420074462890625,0.0,91712.875,265.5995483398437,281.7655944824219,289.2135314941406,0.0007966139819473,0.0023802148643881,0.009972471743822,8.914749145507812,4.768722534179688,0.7179107666015625,3.513092041015625,-2.1239776611328125,5.151779174804688
2021-02-15,6,1,300.2873840332031,287.6346435546875,-0.5113067626953125,-0.2666778564453125,0.0,91790.671875,266.10516357421875,282.9937744140625,291.3773803710937,0.0002606371417641,0.0013535670004785,0.0089244470000267,10.899765014648438,3.7752532958984375,-0.899627685546875,1.32421875,-1.4141998291015625,-0.7686767578125
2021-02-15,12,2,302.734619140625,287.26837158203125,0.25396728515625,-0.77557373046875,0.0,91415.171875,266.25408935546875,281.2380676269531,295.12481689453125,0.0002722430508583,0.0036873777862638,0.0072204694151878,11.344528198242188,1.3231353759765625,0.3207550048828125,-0.195220947265625,-2.012725830078125,-1.1382293701171875
2021-02-15,18,3,294.9664001464844,284.8942565917969,-4.12042236328125,0.4629669189453125,0.0,91697.59375,266.9599304199219,280.7607421875,291.4886779785156,0.000280573265627,0.0037778278347104,0.007905900478363,9.069686889648438,5.148971557617188,-6.27813720703125,-2.8816070556640625,2.8388214111328125,2.7325439453125
2021-02-16,0,0,292.1427001953125,289.9505310058594,-2.299530029296875,1.033203125,7.0,91598.65625,267.0167236328125,280.0604858398437,290.53741455078125,0.0002708027604967,0.0038063796237111,0.0092446319758892,8.97076416015625,5.384552001953125,-3.02398681640625,1.601043701171875,-0.01483154296875,3.867828369140625
2021-02-16,6,1,300.22198486328125,286.0577392578125,-1.743133544921875,0.50714111328125,0.0,91750.65625,266.5669250488281,282.4965209960937,291.6905517578125,0.0003226238768547,0.0017065647989511,0.0083907805383205,10.436050415039062,6.6510162353515625,-2.345932006835937,3.7165679931640634,1.305938720703125,0.378143310546875
2021-02-16,12,2,302.3485717773437,286.3936767578125,-0.4003753662109375,0.0989227294921875,0.0,91368.25,266.3400573730469,279.3025817871094,295.1488037109375,0.000588467111811,0.0065167024731636,0.0067913234233856,12.389968872070312,-0.3021087646484375,-0.3413238525390625,3.0597076416015625,0.1829071044921875,0.13189697265625
2021-02-16,18,3,295.3300476074219,285.6746826171875,-3.47052001953125,1.5555419921875,0.0,91653.71875,266.68280029296875,281.9459533691406,291.1281433105469,0.0008217573631554,0.0027890065684914,0.0086400508880615,10.327301025390623,6.702880859375,-4.5869903564453125,3.8481597900390634,-1.2937774658203125,6.92816162109375
2021-02-17,0,0,292.4374084472656,287.5508728027344,-1.8808135986328125,0.9499969482421876,0.0,91542.78125,265.8420104980469,281.83349609375,289.46075439453125,0.0012528840452432,0.0025106370449066,0.0104299373924732,12.450210571289062,5.55328369140625,-0.5301513671875,6.672332763671875,-1.7402496337890625,6.2984771728515625
2021-02-17,6,1,300.430908203125,286.74346923828125,-1.216827392578125,0.024139404296875,0.0,91670.515625,265.9705810546875,282.687255859375,291.6955871582031,0.0012392769567668,0.001889717997983,0.0098656602203845,14.092559814453123,3.466796875,-1.8015594482421875,7.435791015625,0.8707733154296875,-0.2915802001953125
2021-02-17,12,2,302.30206298828125,284.9903564453125,-1.443634033203125,-0.410430908203125,3.0,91348.359375,266.1593017578125,278.8159484863281,294.4513854980469,0.0004610538017004,0.0073553957045078,0.0076387338340282,18.813446044921875,-0.1944427490234375,-1.94580078125,6.0593109130859375,0.3714141845703125,-0.598602294921875
2021-02-17,18,3,293.9166564941406,287.4620666503906,-4.395263671875,1.232330322265625,0.0,91662.703125,266.7826538085937,280.6948547363281,290.0773620605469,0.000393584370613,0.0059425421059131,0.0084879025816917,18.79721069335937,5.326751708984375,-7.531356811523437,5.2581787109375,2.9123077392578125,3.4468231201171875
2021-02-18,0,0,291.9861755371094,289.60406494140625,-2.873382568359375,1.2444000244140625,4.625,91596.71875,264.5543518066406,281.15643310546875,290.51031494140625,0.0006691755261272,0.0050240270793437,0.0074642524123191,19.675827026367188,3.7713470458984375,-4.63720703125,5.50970458984375,3.0807342529296875,2.7552032470703125
2021-02-18,6,1,298.4519348144531,286.6312255859375,-2.179931640625,1.752532958984375,0.0,91819.390625,264.20361328125,281.34539794921875,289.59716796875,0.0007551270537078,0.0048529915511608,0.0088337771594524,18.80805969238281,3.706253051757813,-3.050079345703125,6.542251586914063,4.274826049804688,2.30401611328125
2021-02-18,12,2,300.795654296875,287.3966064453125,-2.9066162109375,1.041107177734375,0.0,91457.421875,263.55987548828125,279.6202087402344,293.05450439453125,0.0016482283826917,0.0070381015539169,0.0090203769505023,20.906295776367188,2.084808349609375,-4.5367584228515625,9.224014282226562,2.0133514404296875,1.551513671875
2021-02-18,18,3,294.5577392578125,287.4513244628906,-3.377426147460937,1.3082733154296875,0.0,91773.40625,263.361083984375,279.7982482910156,288.3282165527344,0.001831101020798,0.006934929639101,0.0100180618464946,14.533920288085938,3.2323760986328125,-7.18145751953125,10.126785278320312,5.055572509765625,4.2433929443359375
2021-02-19,0,0,292.635498046875,289.16357421875,-2.9333038330078125,-0.2630462646484375,143.875,91665.375,262.06060791015625,279.4219055175781,288.6943359375,0.0011272917035967,0.0075426734983921,0.0097307600080966,16.353240966796875,0.5967559814453125,-2.7806549072265625,12.882675170898438,6.2652435302734375,1.550079345703125
2021-02-19,6,1,297.63629150390625,286.6756286621094,-2.1913604736328125,-0.823486328125,17.875,91911.3125,261.90203857421875,279.3148803710937,288.81201171875,0.0009250012226402,0.007027581334114,0.0094639472663402,16.785614013671875,0.062469482421875,-3.4206695556640625,14.462066650390623,8.14990234375,-1.0697479248046875
2021-02-19,12,2,299.703125,286.5694274902344,-2.028549194335937,-0.39959716796875,22.625,91481.96875,263.84332275390625,278.21441650390625,292.78289794921875,0.0008742797654122,0.0075942911207675,0.0080363489687442,17.606048583984375,-0.9557342529296876,-3.824752807617188,15.917678833007812,4.78564453125,-0.5085601806640625
2021-02-19,18,3,292.1631164550781,289.05810546875,-2.048736572265625,-1.510589599609375,48.625,91818.140625,264.4153137207031,278.315673828125,287.6058959960937,0.0001155738427769,0.0068598054349422,0.0111607313156127,11.775192260742188,1.5540771484375,-6.845260620117188,16.514846801757812,8.207489013671875,-1.379302978515625
2021-02-20,0,0,292.25616455078125,289.6532592773437,-2.861785888671875,-1.4672088623046875,10.0,91656.453125,263.9403686523437,278.7435913085937,287.0343017578125,0.0003790699411183,0.0064218081533908,0.0107991769909858,12.452255249023438,0.694061279296875,-8.257766723632812,12.294815063476562,6.784347534179688,-1.5020599365234375
2021-02-20,6,1,297.9134521484375,289.2121887207031,-3.7897796630859375,-0.98553466796875,252.375,91800.578125,264.01885986328125,279.06353759765625,288.1021728515625,0.0001800718164304,0.005663014948368,0.0114815272390842,11.697311401367188,0.632232666015625,-6.2361907958984375,12.987350463867188,7.7043914794921875,-1.203887939453125
2021-02-20,12,2,295.56854248046875,291.740478515625,-1.9138946533203125,-1.013885498046875,210.25,91518.84375,264.96807861328125,279.67022705078125,289.4278259277344,0.0035321705508977,0.0062160845845937,0.0115709565579891,3.706253051757813,0.11138916015625,-4.9459381103515625,10.114028930664062,5.5146026611328125,0.17388916015625
2021-02-20,18,3,292.80419921875,290.8863220214844,-1.6045379638671875,0.42584228515625,136.375,91817.75,264.0660095214844,279.19732666015625,287.7969970703125,0.002593086566776,0.0069390833377838,0.0118265226483345,2.4460906982421875,1.984375,-9.156021118164062,10.22418212890625,7.01580810546875,0.7940216064453125
2021-02-21,0,0,292.537109375,290.7460632324219,-2.6475982666015625,-0.5696258544921875,83.25,91692.15625,264.392578125,279.0941467285156,287.6504821777344,0.0005577900446951,0.0061855129897594,0.011320274323225,8.605331420898438,0.954193115234375,-9.142776489257812,13.362991333007812,7.0398712158203125,1.5455474853515625
2021-02-21,6,1,297.7110595703125,290.85809326171875,-3.655105590820313,1.0772552490234375,368.5,91917.9375,264.5367126464844,279.4619445800781,287.9270935058594,0.0014336206950247,0.0057364962995052,0.0117950234562158,4.253692626953125,0.154296875,-8.280059814453125,10.321624755859377,7.5407562255859375,2.393768310546875
2021-02-21,12,2,297.4617919921875,290.7162475585937,-3.611740112304688,0.713714599609375,210.0,91565.171875,264.0447692871094,280.0826416015625,290.541748046875,0.0027382017578929,0.0049098655581474,0.0117587111890316,2.293853759765625,1.164154052734375,-6.133712768554688,10.772430419921877,5.2907562255859375,1.3783416748046875
2021-02-21,18,3,292.89178466796875,290.72216796875,-1.9257354736328125,0.4438323974609375,156.25,91884.609375,263.83892822265625,279.514404296875,289.30047607421875,0.0014398645143955,0.0055507086217403,0.0105581954121589,3.3907470703125,-0.185821533203125,-7.234237670898437,10.169281005859377,3.9553070068359375,2.336517333984375
2021-02-22,0,0,293.0424194335937,290.4844970703125,-1.744476318359375,0.2468414306640625,86.875,91777.0625,264.6323547363281,279.1485595703125,289.4210205078125,0.0008762332145124,0.0060806050896644,0.010497760027647,6.726593017578125,-1.9475555419921875,-5.955291748046875,8.41693115234375,2.2402496337890625,4.278579711914063
2021-02-22,6,1,298.5909423828125,289.50506591796875,-3.136077880859375,0.677825927734375,140.75,91955.234375,265.4923095703125,279.6946716308594,289.7547607421875,0.0021736077032983,0.0055341981351375,0.0112019889056682,5.87060546875,-4.6004180908203125,-4.709518432617188,7.506057739257812,1.1118621826171875,0.9626007080078124
2021-02-22,12,2,299.90673828125,291.71142578125,-3.084457397460937,-0.7745208740234375,195.25,91605.09375,265.846923828125,280.8028564453125,291.29217529296875,0.0010885880328714,0.0050030499696731,0.0117288716137409,4.8223876953125,-0.5480194091796875,-5.9230804443359375,6.4091796875,3.2248992919921875,-0.7398681640625
2021-02-22,18,3,294.4296875,291.38995361328125,-2.1801910400390625,0.09515380859375,130.125,91871.96875,265.2723388671875,280.44342041015625,289.29400634765625,0.0016603413969278,0.0051420107483863,0.0118111111223697,6.0063018798828125,-2.366119384765625,-6.595138549804688,6.006149291992188,1.9772491455078125,-0.34906005859375
2021-02-23,0,0,292.29156494140625,290.88641357421875,-1.6409149169921875,0.1631622314453125,54.625,91667.265625,266.20281982421875,280.51220703125,290.470703125,0.0005752325523644,0.0047833360731601,0.008541714400053,7.139205932617188,-2.017440795898437,-6.6061859130859375,7.26031494140625,2.3458709716796875,-0.016143798828125
2021-02-23,6,1,300.4457397460937,285.3705444335937,-3.3216094970703125,0.04254150390625,0.0,91909.984375,266.4901123046875,280.7510681152344,291.3844299316406,0.0005405978299677,0.0045234486460685,0.0084873512387275,9.259674072265623,-2.2578887939453125,-5.241455078125,7.629364013671875,1.98828125,-0.2756195068359375
2021-02-23,12,2,301.927490234375,287.2073059082031,-2.391098022460937,-0.584716796875,0.0,91460.46875,267.1426086425781,281.7364196777344,294.22430419921875,0.0001601624971954,0.0048192963004112,0.0080372430384159,9.66748046875,0.343902587890625,-4.3158721923828125,7.232742309570312,1.0205230712890625,-1.3595428466796875
2021-02-23,18,3,294.8238220214844,288.5846252441406,-3.172454833984375,0.672821044921875,0.0,91755.53125,267.90704345703125,281.9798278808594,291.69537353515625,0.0002066648448817,0.0040400512516498,0.0094719193875789,11.635818481445312,-1.5744476318359375,-5.3904571533203125,7.799911499023437,0.8457183837890625,1.0756072998046875
2021-02-24,0,0,292.0692749023437,290.6165466308594,-2.337249755859375,0.6925201416015625,0.0,91571.625,267.34423828125,281.7440795898437,291.214599609375,0.0003004511818289,0.0037763987202197,0.0090754963457584,10.453170776367188,-0.144866943359375,-3.7945404052734375,9.00335693359375,-1.2996826171875,-2.06353759765625
2021-02-24,6,1,300.75604248046875,286.5490417480469,-2.499359130859375,-0.8580169677734375,0.0,91795.984375,267.5096130371094,282.3432312011719,291.99835205078125,0.000379363365937,0.0036299948114901,0.0084588639438152,8.523681640625,-0.595977783203125,-3.643890380859375,9.920745849609377,-0.2380218505859375,-1.757568359375
2021-02-24,12,2,302.9879150390625,285.9762268066406,-1.9201812744140625,0.0384521484375,0.0,91420.5,267.83819580078125,279.9792175292969,295.41485595703125,0.0003641941584646,0.0063270665705204,0.0072439163923263,10.103729248046877,-0.7555389404296875,-3.2356719970703125,6.9261627197265625,-1.69659423828125,-0.2729644775390625
2021-02-24,18,3,295.4071350097656,283.9579467773437,-2.797271728515625,0.93377685546875,0.0,91743.234375,267.6321105957031,282.5033264160156,293.2510986328125,0.0003933231346309,0.0041941599920392,0.0064798817038536,10.720184326171877,-0.678253173828125,-3.4227752685546875,5.766647338867188,-0.4544219970703125,2.168197631835937
2021-02-25,0,0,291.7966003417969,287.52313232421875,-1.949737548828125,-0.0769805908203125,0.0,91547.546875,268.0198669433594,282.19293212890625,292.7763671875,0.0003539570607244,0.0036048248875886,0.0070044659078121,11.182281494140623,-2.416229248046875,-0.2581329345703125,6.7609710693359375,-2.4673614501953125,0.0047149658203125
2021-02-25,6,1,301.89678955078125,284.6123962402344,-0.427398681640625,-1.340789794921875,0.0,91822.234375,267.73486328125,282.5650634765625,293.17193603515625,0.0003568597603589,0.0032812121789902,0.0073301792144775,8.420303344726562,-0.75640869140625,-0.626678466796875,5.5847930908203125,-1.8789825439453125,-2.3341064453125
2021-02-25,12,2,303.8627319335937,286.5777587890625,-0.302001953125,-1.55975341796875,0.0,91432.609375,267.5707397460937,280.52105712890625,296.3992004394531,0.0003755481448024,0.0059935860335826,0.0065890327095985,9.90087890625,-0.6069488525390625,-0.797607421875,1.496337890625,-3.202255249023437,-3.5545806884765625
2021-02-25,18,3,295.631103515625,286.1128845214844,-2.386337280273437,0.27337646484375,0.0,91644.203125,267.82550048828125,281.048583984375,294.8783569335937,0.0005238498561084,0.0050704777240753,0.0062596313655376,7.1547393798828125,4.425338745117188,-2.720855712890625,3.828903198242188,-2.196029663085937,-2.5333404541015625
2021-02-26,0,0,292.6270751953125,287.085205078125,-2.147216796875,0.8116455078125,0.0,91504.453125,267.2256774902344,281.0390930175781,293.41845703125,0.000314176082611,0.0049474686384201,0.006807804107666,10.28704833984375,2.26556396484375,-1.4714202880859375,1.467559814453125,-3.3572998046875,-0.058197021484375
2021-02-26,6,1,302.39422607421875,286.5137939453125,-0.2415008544921875,-0.53497314453125,0.0,91718.4375,268.095947265625,281.111572265625,293.8851318359375,0.0004344540648162,0.0038313535042107,0.0078757181763648,10.386703491210938,1.635711669921875,-0.5855560302734375,2.276123046875,-5.002288818359375,-1.3234100341796875
2021-02-26,12,2,304.4488525390625,284.7192687988281,-0.266571044921875,-1.6362762451171875,0.0,91293.984375,268.0333557128906,281.20513916015625,297.2504577636719,0.0005792907904833,0.0059921853244304,0.0061178542673587,10.2044677734375,-1.3239898681640625,-0.8663330078125,0.763336181640625,-4.121368408203125,-4.0556488037109375
2021-02-26,18,3,295.93023681640625,285.5416564941406,-2.666122436523437,0.3153839111328125,0.0,91576.25,268.33428955078125,280.70001220703125,294.9908447265625,0.0006576145533472,0.0057349819689989,0.0068574324250221,8.874420166015625,2.78070068359375,-4.610595703125,3.2312774658203125,-2.850936889648437,0.47607421875
2021-02-27,0,0,292.5114440917969,288.0690612792969,-2.03509521484375,0.7811279296875,0.0,91392.625,267.32440185546875,280.0224609375,294.03033447265625,0.0008358627092093,0.0052192211151123,0.0070164091885089,10.175613403320312,0.319305419921875,-2.519515991210937,2.879058837890625,-3.79766845703125,2.211288452148437
2021-02-27,6,1,302.84326171875,285.72198486328125,-0.6793365478515625,0.706817626953125,0.0,91593.484375,267.10711669921875,280.832763671875,294.94659423828125,0.001008337829262,0.0044393511489033,0.007258478552103,9.878433227539062,-3.2684783935546875,-0.987457275390625,-1.8319244384765625,-6.108184814453125,0.4665374755859375
2021-02-27,12,2,304.60748291015625,285.875,-0.973297119140625,-1.3006744384765625,0.0,91251.359375,267.4933166503906,281.3587646484375,297.40673828125,0.0007317382842302,0.0060208048671483,0.0060398019850254,10.859588623046877,-2.11614990234375,-1.921417236328125,-4.512954711914063,-2.949310302734375,-2.652130126953125
2021-02-27,18,3,297.1191101074219,285.98858642578125,-2.9745330810546875,0.61322021484375,0.0,91550.46875,269.03662109375,280.7244873046875,294.8007202148437,0.0004433705471456,0.0056551117449998,0.007263071835041,9.792312622070312,0.1782379150390625,-6.743911743164063,-1.159149169921875,-4.108444213867188,1.48907470703125
2021-02-28,0,0,293.645263671875,286.4188537597656,-2.3692626953125,0.525970458984375,0.0,91389.484375,267.6923217773437,280.1674194335937,294.91143798828125,0.0005245539359748,0.0055270530283451,0.0036421259865164,11.2314453125,0.4844207763671875,-9.401702880859377,-0.326385498046875,-3.626800537109375,0.5731658935546875
2021-02-28,6,1,303.55145263671875,282.883056640625,-3.900146484375,0.7755584716796875,0.0,91627.890625,268.0022277832031,280.1792907714844,295.1807861328125,0.0003971050027757,0.0043901205062866,0.0054442770779132,9.6728515625,-2.025787353515625,-6.07843017578125,-1.65399169921875,-5.856369018554688,0.35870361328125
2021-02-28,12,2,304.19580078125,283.41510009765625,-2.4850311279296875,0.546600341796875,0.0,91318.1875,268.61688232421875,280.90753173828125,296.88726806640625,0.0002134360838681,0.004824910312891,0.0048956423997879,11.35626220703125,-2.656524658203125,-4.4851837158203125,-4.618133544921875,-1.1951904296875,0.5744171142578125
2021-02-28,18,3,296.0613098144531,285.5465393066406,-3.13946533203125,1.228851318359375,0.0,91679.453125,269.6054077148437,280.805908203125,294.5694885253906,0.0001779101294232,0.0041594691574573,0.0044710636138916,5.0377960205078125,0.8309783935546875,-9.135818481445312,-1.9841156005859373,-5.835464477539063,2.8169403076171875
2021-03-01,0,0,291.7718505859375,286.42108154296875,-2.204818725585937,0.7916259765625,0.0,91621.640625,268.17706298828125,279.6651611328125,293.7230224609375,0.0002179776492994,0.0039952513761818,0.0040747374296188,8.7847900390625,-1.413604736328125,-6.6730499267578125,-0.866058349609375,-4.976852416992188,3.636810302734375
2021-03-01,6,1,302.75164794921875,280.31256103515625,-2.95904541015625,0.6010589599609375,0.0,91907.90625,268.61688232421875,279.8636474609375,294.42657470703125,0.0001697996049188,0.0023174439556896,0.0046011693775653,6.185211181640625,-7.0756378173828125,-4.535568237304688,-0.9665069580078124,-8.38323974609375,0.082672119140625
2021-03-01,12,2,304.05194091796875,279.86895751953125,-2.2418212890625,-0.1534423828125,0.0,91595.0,269.1500244140625,280.7048034667969,296.6750793457031,0.0001577607472427,0.0040357029065489,0.0040989965200424,5.317840576171875,-3.471221923828125,-4.3953399658203125,-3.467498779296875,-3.8106842041015625,-1.2384490966796875
2021-03-01,18,3,296.06402587890625,284.5812683105469,-2.1327362060546875,1.2289276123046875,0.0,91895.59375,270.2899169921875,280.1477966308594,294.71337890625,0.0001328134239884,0.0040446668863296,0.0047008581459522,0.268463134765625,-3.633575439453125,-7.7508544921875,-1.2079010009765625,-5.178024291992188,1.2315673828125
2021-03-02,0,0,293.3690795898437,286.3399963378906,-1.5369415283203125,1.6564788818359375,0.0,91690.421875,270.9903564453125,279.26983642578125,293.02508544921875,0.0001402316411258,0.00464508542791,0.0051093436777591,0.53668212890625,-5.695770263671875,-5.1912841796875,2.439559936523437,-9.199249267578123,2.3352508544921875
2021-03-02,6,1,301.9027404785156,282.8646240234375,-2.9523468017578125,0.6129150390625,0.0,91901.25,271.4042663574219,278.96844482421875,293.9608154296875,0.0002400714001851,0.0049444958567619,0.0062511563301086,-0.174957275390625,-9.840377807617188,-4.958175659179688,5.650436401367188,-11.151092529296877,0.1544342041015625
2021-03-02,12,2,303.6466064453125,281.5842590332031,-3.516845703125,0.099761962890625,0.0,91558.671875,270.69921875,280.2800598144531,296.4388427734375,0.0002548755146563,0.0050029754638671,0.0049811191856861,2.7945709228515625,-4.934005737304688,-6.56451416015625,1.0040435791015625,-3.043426513671875,-0.6177825927734375
2021-03-02,18,3,295.98651123046875,283.0856018066406,-2.8073272705078125,0.94305419921875,0.0,91769.890625,270.8415222167969,279.84228515625,294.59912109375,0.0003812010399997,0.0045263106003403,0.0054827593266963,0.63519287109375,-2.975204467773437,-8.380096435546875,1.635406494140625,-6.148361206054688,-1.2633209228515625
2021-03-03,0,0,292.44561767578125,285.7216796875,-2.139190673828125,0.289093017578125,0.0,91584.984375,270.3910522460937,278.88543701171875,293.60040283203125,0.0005101724527776,0.0039875963702797,0.0041900677606463,-0.163299560546875,-5.7330322265625,-9.72979736328125,2.6578521728515625,-8.19805908203125,-0.6028289794921875
2021-03-03,6,1,302.7942810058594,280.21697998046875,-5.071929931640625,-1.125091552734375,0.0,91791.890625,269.4999389648437,278.8883972167969,294.733642578125,0.0005547625478357,0.0042755156755447,0.0047906078398227,1.093231201171875,-10.596832275390623,-8.195968627929688,4.3931732177734375,-4.065887451171875,-2.3697052001953125
2021-03-03,12,2,303.0748291015625,281.6883239746094,-4.455123901367188,0.6680908203125,0.0,91508.0625,269.8106689453125,279.765869140625,295.724609375,0.0005039873067289,0.0048137456178665,0.0049117458984255,1.09796142578125,-6.501220703125,-8.309768676757812,0.7599945068359375,-0.845489501953125,0.915618896484375
2021-03-03,18,3,294.9984130859375,281.9721984863281,-3.316375732421875,1.094940185546875,0.0,91750.75,270.35357666015625,280.4036865234375,292.959228515625,0.0003164263907819,0.0020667335484176,0.0053844153881073,-1.782562255859375,-5.828216552734375,-10.53399658203125,1.606658935546875,-3.5813751220703125,-0.069976806640625
2021-03-04,0,0,292.1526184082031,284.8852844238281,-2.046417236328125,-0.107177734375,0.0,91613.734375,270.8480224609375,282.0062866210937,291.3562316894531,0.000210694168345,0.0007641108240932,0.0042267758399248,-1.5113983154296875,-9.384521484375,-9.107254028320312,1.25750732421875,-1.024932861328125,0.1216888427734375
2021-03-04,6,1,301.5489501953125,276.282470703125,-5.152496337890625,0.4519805908203125,0.0,91811.515625,270.1677551269531,282.9090881347656,292.6449584960937,0.0002240296744275,0.0006420279387384,0.0039820186793804,-1.951751708984375,-10.173568725585938,-8.279083251953125,-0.0125885009765625,3.704132080078125,0.4755096435546875
2021-03-04,12,2,302.5123596191406,279.27606201171875,-3.931304931640625,0.265594482421875,0.0,91512.5625,270.24127197265625,281.1482238769531,294.7042236328125,0.0001845280785346,0.0017391825094819,0.0043284073472023,-1.6177825927734375,-4.4496002197265625,-6.774200439453125,-1.2215576171875,3.61737060546875,0.47479248046875
2021-03-04,18,3,294.5282592773437,284.3197937011719,-3.400131225585937,0.648468017578125,0.0,91815.640625,269.7955017089844,283.2862548828125,291.6253662109375,0.0001908339036162,0.0009339766111224,0.005866952240467,-3.07623291015625,-3.173324584960937,-6.922637939453125,-1.51324462890625,5.216644287109375,-0.2378692626953125
2021-03-05,0,0,290.82940673828125,288.09619140625,-2.0152587890625,-0.0908660888671875,0.0,91692.484375,268.89508056640625,283.48779296875,292.42791748046875,0.0001891280990093,0.0009788428433239,0.0014309645630419,-4.0262603759765625,-2.4495849609375,-4.272125244140625,-0.7849273681640625,4.7143096923828125,1.4005584716796875
2021-03-05,6,1,300.7183532714844,278.3067932128906,-2.181427001953125,0.82958984375,0.0,91918.46875,268.72186279296875,283.8934936523437,292.572998046875,0.0002053171338047,0.0012208353728055,0.0043123066425323,-4.315216064453125,-2.074951171875,-3.210662841796875,-1.2677001953125,4.79827880859375,0.9180145263671876
2021-03-05,12,2,303.698974609375,280.0472412109375,-1.7814178466796875,0.3761749267578125,0.0,91533.359375,268.33221435546875,282.1597595214844,296.2162475585937,0.0002012002369156,0.0018850928172469,0.0042467825114727,-3.852813720703125,-0.720367431640625,-3.0496978759765625,-1.695220947265625,0.2682952880859375,0.301422119140625
2021-03-05,18,3,295.3602294921875,287.0846862792969,-2.627899169921875,1.6281585693359375,0.0,91859.390625,266.8716125488281,284.3832702636719,293.83673095703125,0.0002224851923529,0.0015991230029612,0.0060948431491851,-2.747177124023437,-2.560531616210937,-1.787994384765625,-2.3108062744140625,2.868011474609375,3.239410400390625
2021-03-06,0,0,292.3514709472656,289.716796875,-1.79742431640625,0.133941650390625,0.0,91723.625,266.5848388671875,283.51715087890625,292.7344970703125,0.0001870794658316,0.0016052147839218,0.0063755810260772,-2.822509765625,-1.470306396484375,0.8570404052734375,-0.085205078125,2.0357666015625,0.676513671875
2021-03-06,6,1,302.9310913085937,282.6220092773437,-1.2503662109375,-1.8355255126953125,0.0,91911.203125,267.4384460449219,283.7540283203125,294.16143798828125,0.0001457102771382,0.0018650228157639,0.0064277052879333,-2.015350341796875,0.2225494384765625,-2.18707275390625,0.5992584228515625,0.591094970703125,-2.899658203125
2021-03-06,12,2,305.5258178710937,281.75421142578125,-1.2655487060546875,-1.3420257568359375,0.0,91492.59375,267.6560363769531,282.1888122558594,298.2554931640625,0.0001260273274965,0.0034847324714064,0.0035035484470427,-0.7346954345703125,-2.2226715087890625,-2.771392822265625,-1.283050537109375,-2.5941314697265625,-2.9504852294921875
2021-03-06,18,3,296.3310241699219,285.56427001953125,-2.8590087890625,1.47540283203125,0.0,91827.421875,267.39898681640625,281.2700500488281,294.429931640625,0.0001119570515584,0.0034222204703837,0.0065559260547161,-1.1079864501953125,3.174774169921875,-6.124557495117188,-0.5710906982421875,-1.433074951171875,3.8902587890625
2021-03-07,0,0,292.7868957519531,288.9188842773437,-1.8804931640625,1.0499114990234375,0.0,91612.453125,268.1981201171875,281.05279541015625,294.0468139648437,7.154156628530473e-05,0.0027955851983278,0.0033483516890555,0.35699462890625,0.0838470458984375,-4.996383666992188,-0.74810791015625,-4.455001831054688,2.3324737548828125
2021-03-07,6,1,303.6688537597656,281.7147827148437,-2.6700897216796875,-0.3992767333984375,0.0,91839.5,268.04010009765625,283.07403564453125,294.7625732421875,6.332957127597183e-05,0.0007777386344969,0.0053925141692161,-0.2754364013671875,-3.0428009033203125,-3.98114013671875,-0.949615478515625,-3.7383880615234375,-1.2353363037109375
2021-03-07,12,2,305.0596923828125,281.21240234375,-2.4386444091796875,-0.44500732421875,0.0,91458.125,267.84893798828125,281.52783203125,297.66583251953125,6.130551628302783e-05,0.0043528564274311,0.0044865198433399,1.4138031005859375,-3.61083984375,-4.1968536376953125,-1.5398712158203125,-2.8435516357421875,-1.3297119140625
2021-03-07,18,3,296.98114013671875,285.58203125,-3.615432739257813,1.2106170654296875,0.0,91761.78125,267.7474975585937,282.5419616699219,293.9200439453125,7.537285273429006e-05,0.00247956905514,0.0071147829294204,0.817047119140625,-0.825225830078125,-8.481948852539062,-2.1006317138671875,-3.422882080078125,2.2423248291015625
2021-03-08,0,0,293.2818603515625,290.392578125,-2.357391357421875,0.88433837890625,0.0,91619.875,268.4872131347656,281.5693054199219,294.1171875,9.874404349830002e-05,0.0010357070714235,0.0028527399990707,-2.2114715576171875,-3.610183715820313,-7.271728515625,-0.9701995849609376,-2.5627899169921875,-1.46966552734375
2021-03-08,6,1,302.402099609375,282.811279296875,-2.7003936767578125,0.531341552734375,0.0,91876.25,268.4017944335937,282.1776123046875,293.6648864746094,0.0001116141211241,0.0006522715557366,0.0052229650318622,-3.405426025390625,-5.66351318359375,-4.0753021240234375,0.329315185546875,-1.8498687744140625,-0.0358123779296875
2021-03-08,12,2,303.9389343261719,281.4012756347656,-2.79156494140625,1.086395263671875,0.0,91478.546875,268.634521484375,280.42388916015625,296.16168212890625,0.0001195183140225,0.0039061016868799,0.0045384019613265,-3.2271881103515625,-2.9763641357421875,-4.4037017822265625,0.08197021484375,-0.7386627197265625,1.5877532958984375
2021-03-08,18,3,296.2910461425781,286.16754150390625,-3.7953033447265625,1.7197265625,0.0,91828.0,268.426025390625,282.1519775390625,292.85858154296875,0.0001209394395118,0.0014667147770524,0.00755325704813,-2.811508178710937,-2.6740875244140625,-6.56768798828125,-0.251708984375,-3.3069610595703125,4.646041870117188
2021-03-09,0,0,293.50067138671875,289.9690856933594,-2.075790405273437,0.2458038330078125,0.0,91661.96875,269.0042724609375,281.2948608398437,293.1428527832031,9.592907736077903e-05,0.000690531451255,0.0049961730837821,-2.73431396484375,-3.220489501953125,-3.78277587890625,0.670440673828125,-1.767059326171875,0.5412139892578125
2021-03-09,6,1,301.9559326171875,281.3193664550781,-2.343246459960937,0.9107666015625,0.0,91887.46875,268.8975830078125,281.6029663085937,293.5902709960937,9.888793283607812e-05,0.0003660744987428,0.0051010809838771,-4.4854888916015625,-3.0742645263671875,-3.3038787841796875,1.2827606201171875,-0.5918426513671875,0.6586456298828125
2021-03-09,12,2,303.9704895019531,283.5951843261719,-1.6055908203125,0.997222900390625,0.0,91521.59375,268.7787475585937,280.5845947265625,296.6982727050781,0.0001058127818396,0.0052401050925254,0.0053254328668117,-2.5873565673828125,-1.9024200439453125,-2.2790069580078125,-0.357391357421875,1.6500244140625,1.68975830078125
2021-03-09,18,3,296.3151550292969,289.59100341796875,-3.1468658447265625,2.539047241210937,36.75,91894.71875,267.91290283203125,280.1448974609375,292.7213134765625,0.000112018053187,0.00473228469491,0.0097674690186977,-1.5379180908203125,2.196258544921875,-5.8148956298828125,-2.57196044921875,-0.550384521484375,6.592437744140625
2021-03-10,0,0,293.4768371582031,291.49041748046875,-1.853424072265625,0.24755859375,2.75,91705.390625,267.3510437011719,280.26678466796875,292.717529296875,0.0001070899306796,0.0025860092137008,0.0061089247465133,-3.064208984375,-1.3409271240234375,-2.9173126220703125,1.252410888671875,-1.1256256103515625,4.403350830078125
2021-03-10,6,1,302.10009765625,287.0615234375,-2.0824737548828125,0.9508209228515624,0.0,91923.765625,268.1653747558594,280.652099609375,293.158935546875,8.519508992321789e-05,0.0021871207281947,0.0077539607882499,-2.846099853515625,-2.26031494140625,-3.09930419921875,2.2091064453125,1.2010498046875,0.816925048828125
2021-03-10,12,2,304.3375244140625,285.32733154296875,-1.28717041015625,-0.0604095458984375,0.0,91449.171875,268.21612548828125,280.6011962890625,296.60321044921875,8.122056897263974e-05,0.0066707655787467,0.0067882761359214,-1.8941802978515625,-1.5041656494140625,-1.7981719970703125,-0.0540618896484375,-1.0347747802734375,-0.3412017822265625
2021-03-10,18,3,297.53564453125,289.3616943359375,-3.3643341064453125,2.389312744140625,121.625,91822.625,267.73590087890625,280.0617980957031,292.71942138671875,8.384083048440516e-05,0.0062385015189647,0.0098675452172756,-2.445404052734375,3.1375274658203125,-7.155059814453125,-2.403549194335937,-2.0075836181640625,6.5199127197265625
2021-03-11,0,0,294.44293212890625,292.61260986328125,-1.3836212158203125,1.729583740234375,231.125,91680.0625,267.9079284667969,279.3251953125,289.987060546875,9.218044579029085e-05,0.0048862509429454,0.0105728954076766,-2.1794891357421875,-0.925262451171875,-3.74652099609375,0.781219482421875,-1.9205474853515625,6.302703857421875
2021-03-11,6,1,301.9052734375,288.6952514648437,-0.7635040283203125,1.7722320556640625,0.0,91894.171875,267.0507202148437,280.75592041015625,292.30859375,9.708880679681896e-05,0.0032762016635388,0.0093985684216022,-3.218536376953125,-4.5707550048828125,-1.4742584228515625,3.50579833984375,1.255279541015625,2.33929443359375
2021-03-11,12,2,304.4849853515625,285.5676574707031,-2.504669189453125,0.9561767578125,0.75,91476.90625,268.1083374023437,280.3512878417969,296.36669921875,0.0001116121420636,0.0072002075612545,0.0072542242705821,-2.0579376220703125,-3.80120849609375,-3.9533538818359375,3.009994506835937,0.2086639404296875,1.1512603759765625
2021-03-11,18,3,296.9725646972656,287.78472900390625,-2.7588348388671875,2.603668212890625,0.0,91870.078125,268.34967041015625,280.2059936523437,292.1958923339844,0.0001070215221261,0.0059657148085534,0.0100064538419246,-1.68096923828125,-0.1506500244140625,-5.4754791259765625,1.4117431640625,-4.6498565673828125,8.444381713867188
2021-03-12,0,0,294.56072998046875,289.26708984375,-1.4600830078125,1.24005126953125,0.5,91716.671875,268.4044189453125,279.6463928222656,290.708984375,0.0001069615536835,0.0043645128607749,0.0091945305466651,0.17626953125,-2.381805419921875,-3.5810699462890625,4.2320556640625,-4.830108642578125,6.046722412109375
2021-03-12,6,1,302.43426513671875,282.9882202148437,-2.253387451171875,0.6293792724609375,0.0,91967.75,268.6517333984375,281.39288330078125,293.03985595703125,0.0001134189515141,0.0003111220430582,0.0061490125954151,1.872772216796875,-7.67913818359375,-3.271209716796875,4.13690185546875,-2.3622589111328125,0.4335479736328125
2021-03-12,12,2,303.480224609375,278.3981628417969,-2.895370483398437,1.069305419921875,0.0,91616.78125,268.2503967285156,280.1217956542969,295.88592529296875,0.0001884349039755,0.0034705577418208,0.0038205820601433,3.71484375,-2.809844970703125,-4.41754150390625,1.1667938232421875,-1.0623321533203125,1.332275390625
2021-03-12,18,3,295.7452392578125,282.89410400390625,-3.449691772460937,2.1452178955078125,0.0,91866.453125,266.7762451171875,283.9974365234375,293.4771423339844,0.0013827725779265,0.0002652567345649,0.0049758255481719,-0.0402374267578125,-4.827316284179688,-4.3568878173828125,-4.315704345703125,1.5418548583984375,4.71026611328125
2021-03-13,0,0,292.29498291015625,287.6009521484375,-1.75262451171875,0.70556640625,0.0,91731.34375,268.341552734375,282.6848449707031,292.3777770996094,0.0007621508557349,0.0016490626148879,0.0050674639642238,-2.2640838623046875,-3.713409423828125,-2.230255126953125,-4.235260009765625,3.3874053955078125,3.4804840087890625
2021-03-13,6,1,302.7431030273437,281.61798095703125,-1.35772705078125,1.8849639892578125,0.0,91982.5625,268.997314453125,281.86944580078125,293.50750732421875,0.0004991546738892,0.0022457791492342,0.0052455775439739,-5.439483642578125,-2.15606689453125,-1.9773712158203125,-0.763641357421875,2.0977325439453125,2.3884429931640625
2021-03-13,12,2,304.33514404296875,281.8085021972656,-2.097137451171875,1.1132049560546875,0.0,91531.65625,269.0230712890625,280.3153076171875,296.254150390625,0.0003660486545413,0.005359761416912,0.0054518170654773,-6.334732055664063,-2.0731658935546875,-2.8877716064453125,-2.313323974609375,-0.0802001953125,1.419158935546875
2021-03-13,18,3,296.25836181640625,286.7629089355469,-3.657073974609375,1.895843505859375,0.0,91785.25,268.60125732421875,280.6417236328125,293.0498046875,0.0001827903615776,0.0039131147786974,0.0073413364589214,-6.248794555664063,0.58917236328125,-6.020553588867188,-3.5158843994140625,-5.07708740234375,5.485260009765625
2021-03-14,0,0,293.35614013671875,287.9325561523437,-2.3219146728515625,0.9149017333984376,0.0,91668.125,267.953125,279.3458251953125,291.9354248046875,0.0001597750524524,0.0034285918809473,0.0062073580920696,-5.383331298828125,-1.6576080322265625,-7.3205718994140625,0.3520355224609375,-2.2847900390625,3.98492431640625
2021-03-14,6,1,302.9595947265625,281.9568786621094,-3.2431793212890625,0.821685791015625,0.0,91799.703125,268.4098815917969,281.75341796875,293.8358764648437,0.0001532113965367,0.0007462201174348,0.0056865066289901,-4.68609619140625,-4.63275146484375,-4.7584381103515625,2.3268585205078125,-2.437973022460937,0.6304168701171875
2021-03-14,12,2,304.0575866699219,281.6558532714844,-2.9620361328125,0.7692718505859375,0.0,91394.234375,268.445068359375,280.6142883300781,296.65106201171875,0.0001445141679141,0.0050505027174949,0.0051646307110786,-2.2964019775390625,-3.583770751953125,-4.56256103515625,0.58489990234375,-0.7866973876953125,0.8873291015625
2021-03-14,18,3,296.837646484375,285.82037353515625,-3.2933502197265625,2.4319305419921875,0.0,91692.078125,268.27545166015625,280.88800048828125,293.0077514648437,0.0001510696456534,0.0037104524672031,0.0083187632262706,-2.639373779296875,0.0279541015625,-6.15130615234375,-0.26666259765625,-4.5602569580078125,6.587814331054688
2021-03-15,0,0,293.69482421875,284.8128356933594,-2.0337371826171875,0.6642913818359375,0.0,91544.546875,267.76171875,279.866943359375,292.200927734375,0.0001701765577308,0.0038624855224043,0.0069766826927661,-3.120513916015625,-1.3065032958984375,-4.8950958251953125,0.346893310546875,-2.6072235107421875,4.4108428955078125
2021-03-15,6,1,302.6141357421875,283.8306884765625,-2.249252319335937,0.467681884765625,0.0,91768.78125,266.877197265625,281.01531982421875,293.9081115722656,0.0001932993618538,0.0019189077429473,0.0063347592949867,-3.5459747314453125,-4.31719970703125,-3.3136749267578125,1.25592041015625,-0.073211669921875,0.1701812744140625
2021-03-15,12,2,304.13995361328125,283.4630432128906,-1.866851806640625,0.840576171875,0.0,91379.703125,267.29425048828125,280.74981689453125,296.81005859375,0.0002126030012732,0.0057217553257942,0.0058040767908096,-2.684799194335937,-2.989852905273437,-2.803985595703125,-0.613067626953125,-0.606842041015625,0.858917236328125
2021-03-15,18,3,297.38409423828125,284.9754333496094,-3.356597900390625,1.95941162109375,0.0,91667.609375,267.62615966796875,280.6952514648437,293.6839904785156,0.0002207200741395,0.0046589560806751,0.0081009678542613,-2.717529296875,1.4562835693359375,-5.2995147705078125,-0.125518798828125,-6.34136962890625,6.844161987304688
2021-03-16,0,0,294.281982421875,286.2235412597656,-2.0403594970703125,0.8687286376953125,0.0,91565.890625,267.01287841796875,280.0494079589844,292.95458984375,0.0002942627761512,0.0043902620673179,0.0073845721781253,-0.1929779052734375,-1.2506866455078125,-4.3783721923828125,1.2474822998046875,-4.9690704345703125,5.3078155517578125
2021-03-16,6,1,302.89727783203125,285.1847839355469,-1.935791015625,0.6015472412109375,0.0,91753.328125,267.5390930175781,279.8758850097656,294.573974609375,0.0005392306484282,0.0045762443915009,0.0067477375268936,-0.069732666015625,-4.756561279296875,-2.978363037109375,0.8490753173828125,-4.40093994140625,0.42938232421875
2021-03-16,12,2,305.34033203125,283.9225158691406,-1.80096435546875,-0.8004608154296875,0.0,91342.796875,267.38494873046875,281.6773376464844,297.76025390625,0.0006249460857361,0.0053211823105812,0.0053257420659065,-2.0688018798828125,-3.4253082275390625,-2.951995849609375,-0.9633941650390624,-2.0813446044921875,-1.4416046142578125
2021-03-16,18,3,297.05645751953125,288.04937744140625,-3.1118927001953125,1.6363067626953125,0.0,91690.296875,266.79901123046875,281.1214599609375,293.802001953125,0.0005801254883408,0.0045978687703609,0.0080448053777217,-4.0882110595703125,1.3946380615234375,-6.4883880615234375,0.3080902099609375,-4.1208038330078125,5.35443115234375
2021-03-17,0,0,293.2687683105469,289.40484619140625,-1.919830322265625,0.5003509521484375,0.0,91462.078125,267.0152587890625,280.0384521484375,293.50006103515625,0.0005867867730557,0.0044314377009868,0.0053040720522403,-1.4321441650390625,-1.1420440673828125,-4.4571380615234375,1.2165069580078125,-3.943756103515625,3.4796905517578125
2021-03-17,6,1,302.6937866210937,284.09112548828125,-2.24188232421875,0.6580657958984375,0.0,91655.78125,267.1292724609375,279.9189453125,295.0819091796875,0.0007935129106044,0.0037012486718595,0.0054297409951686,-2.567611694335937,-4.962646484375,-3.538665771484375,2.8985595703125,-5.148651123046875,0.2947845458984375
2021-03-17,12,2,304.36065673828125,282.96881103515625,-3.096160888671875,0.942901611328125,0.0,91283.5625,267.1884155273437,281.1781616210937,297.2619934082031,0.0009077142458409,0.0049390085041522,0.0049848780035972,-0.5762481689453125,-4.789215087890625,-5.1932220458984375,-0.120880126953125,-0.74932861328125,1.2156219482421875
2021-03-17,18,3,296.9681396484375,287.6913146972656,-3.2852783203125,1.897613525390625,0.0,91616.5625,267.1328125,281.0865478515625,294.790771484375,0.0008930512703955,0.0047395601868629,0.0055745281279087,-1.792816162109375,-1.7469329833984375,-9.307525634765623,0.63153076171875,-4.55316162109375,4.54718017578125
2021-03-18,0,0,293.9083251953125,290.67010498046875,-1.7081756591796875,0.693206787109375,0.0,91472.3125,266.826171875,280.2206726074219,293.4028015136719,0.0013797266874462,0.0045471880584955,0.0055425129830837,-2.344970703125,-2.8072052001953125,-8.765045166015625,4.53656005859375,-6.114059448242188,2.3506317138671875
2021-03-18,6,1,303.6136474609375,283.6752319335937,-4.0120391845703125,-0.067596435546875,0.0,91644.25,266.7594299316406,281.0260009765625,295.47711181640625,0.0015895045362412,0.0021579684689641,0.0054086185991764,-2.6749725341796875,-7.247222900390625,-6.297210693359375,4.4237213134765625,-4.274017333984375,-0.6631927490234375
2021-03-18,12,2,304.1748352050781,282.9620056152344,-3.6124420166015625,0.3403472900390625,0.0,91365.859375,266.8306884765625,280.9720458984375,296.89666748046875,0.0009956953581422,0.0049198903143405,0.0050692595541477,-2.101898193359375,-4.359909057617188,-6.0869140625,5.275054931640625,-2.070465087890625,0.1208953857421875
2021-03-18,18,3,297.0653381347656,282.9115600585937,-2.7184295654296875,0.959747314453125,0.0,91620.078125,267.33038330078125,281.6146850585937,295.44403076171875,0.0008564693853259,0.0030341416131705,0.0052968077361583,-3.1460418701171875,-4.7038116455078125,-7.677566528320312,5.8686065673828125,-4.6294708251953125,-0.91265869140625
2021-03-19,0,0,293.030029296875,286.62451171875,-1.9854583740234373,0.2607574462890625,0.0,91467.203125,266.8355712890625,281.668701171875,295.037353515625,0.0005248817615211,0.0026273957919329,0.0051912777125835,-2.0958709716796875,-6.009002685546875,-5.0396270751953125,4.643569946289063,-2.3792266845703125,-1.6379547119140625
2021-03-19,6,1,302.60125732421875,285.60693359375,-1.4714508056640625,-0.34619140625,0.0,91636.203125,267.0185546875,281.6735534667969,294.138671875,0.0003844166640192,0.0033661720808595,0.0070145167410373,-0.508392333984375,-10.122573852539062,-2.345306396484375,5.629165649414063,-2.7457427978515625,-0.9286956787109376
2021-03-19,12,2,304.7034606933594,280.4335632324219,-3.315582275390625,0.9393157958984376,0.0,91266.828125,267.19024658203125,281.83258056640625,297.8182983398437,0.0009930278174579,0.0045479461550712,0.0047213099896907,1.981109619140625,-4.09466552734375,-5.854278564453125,3.5418701171875,-1.9217071533203125,1.1578826904296875
2021-03-19,18,3,296.10162353515625,283.71826171875,-2.3079986572265625,1.3214111328125,0.0,91503.796875,267.3482666015625,282.48736572265625,294.7584228515625,0.0017444067634642,0.002518264343962,0.0054991394281387,0.621978759765625,-5.336761474609375,-3.6426849365234375,3.81329345703125,-3.2210845947265625,3.5639190673828125
2021-03-20,0,0,293.2939453125,288.9018249511719,-1.0682373046875,1.8102874755859373,0.0,91410.421875,266.6322021484375,282.2265625,292.522705078125,0.002058922778815,0.0023442150559276,0.0071730762720108,2.019393920898437,-7.763427734375,-0.32928466796875,3.344711303710937,-3.3235626220703125,5.011383056640625
2021-03-20,6,1,302.44891357421875,286.22674560546875,-0.308746337890625,2.18035888671875,0.0,91575.296875,266.33709716796875,281.4634094238281,293.8028869628906,0.0021379422396421,0.00226242817007,0.0073627941310405,1.313385009765625,-7.453536987304687,-0.7302398681640625,2.8577117919921875,-3.8675384521484375,2.8098602294921875
2021-03-20,12,2,304.2467041015625,283.7665100097656,-1.3496856689453125,0.864959716796875,0.0,91169.609375,267.3372802734375,280.9821472167969,297.005859375,0.0024711256846785,0.0054639913141727,0.0055646412074565,2.10467529296875,-3.080429077148437,-2.3303375244140625,0.6359710693359375,0.1549072265625,1.00445556640625
2021-03-20,18,3,297.261474609375,284.9941711425781,-2.995086669921875,1.852020263671875,0.0,91433.515625,267.4135131835937,281.5955810546875,294.239501953125,0.0025317152030766,0.0039218263700604,0.0082597434520721,2.092041015625,-2.172027587890625,-4.706207275390625,2.873748779296875,-5.670700073242188,7.248214721679687
2021-03-21,0,0,294.25079345703125,287.01959228515625,-0.3545379638671875,1.6799468994140625,0.0,91362.1875,265.54998779296875,280.5345153808594,292.76837158203125,0.0017589989583939,0.0043538808822631,0.0061703957617282,1.720489501953125,-5.956390380859375,-1.9500732421875,1.6382598876953125,-5.210723876953125,6.623809814453125
2021-03-21,6,1,302.9454650878906,287.1534423828125,-0.6267242431640625,0.4848785400390625,0.0,91540.375,266.91607666015625,281.882080078125,294.11767578125,0.0017760302871465,0.0016850277315825,0.0074702315032482,1.81884765625,-9.28411865234375,-1.291839599609375,3.43902587890625,-3.397079467773437,0.4026947021484375
2021-03-21,12,2,304.91265869140625,280.7786560058594,-2.236968994140625,0.5007781982421875,0.0,91140.5,267.38531494140625,281.8851623535156,297.9105834960937,0.0017604308668524,0.0045053847134113,0.0045485794544219,3.2500152587890625,-4.5788421630859375,-3.9012603759765625,2.486312866210937,-0.9941558837890624,0.4336090087890625
2021-03-21,18,3,296.93560791015625,282.7542724609375,-3.50225830078125,1.11993408203125,0.0,91529.40625,267.079345703125,281.95233154296875,295.1490173339844,0.0015074522234499,0.0040540159679949,0.0057708397507667,2.05328369140625,-1.942169189453125,-8.183944702148438,1.1913299560546875,-3.253204345703125,3.87469482421875
2021-03-22,0,0,293.420166015625,288.8486328125,-1.7240447998046875,1.084075927734375,0.0,91440.890625,266.46893310546875,281.3362731933594,294.2818603515625,0.0020647146739065,0.0040909298695623,0.0042654573917388,1.4914093017578125,-2.138671875,-7.17413330078125,4.40728759765625,-5.056884765625,2.437591552734375
2021-03-22,6,1,303.6678466796875,282.2948608398437,-3.07037353515625,0.1884307861328125,0.0,91690.75,265.9779968261719,282.501220703125,295.17193603515625,0.0026963271666318,0.0031054804567247,0.0057207159698009,-0.5467071533203125,-7.5471649169921875,-4.790557861328125,5.3438262939453125,-2.865142822265625,-0.118927001953125
2021-03-22,12,2,305.167724609375,281.1894226074219,-3.18975830078125,0.8096771240234375,0.0,91321.9375,266.58953857421875,282.16339111328125,298.0272216796875,0.0033589152153581,0.0037946670781821,0.0038989086169749,0.6175537109375,-4.1225433349609375,-5.89031982421875,5.5917816162109375,-1.2632904052734375,1.188232421875
2021-03-22,18,3,297.3754577636719,285.6891174316406,-3.0999298095703125,1.316558837890625,0.0,91655.1875,266.701171875,283.4376220703125,295.30670166015625,0.0027960995212197,0.0039895735681056,0.0056326687335968,0.2514495849609375,-4.974777221679688,-5.689697265625,4.043426513671875,1.36248779296875,3.453125
2021-03-23,0,0,294.60546875,289.7808532714844,-1.963714599609375,0.8511962890625,0.0,91510.171875,267.21893310546875,283.0517578125,294.249267578125,0.002229971345514,0.0043716086074709,0.0058337487280368,1.4508514404296875,-5.574554443359375,-3.103851318359375,4.493865966796875,3.7640228271484375,4.65631103515625
2021-03-23,6,1,303.83624267578125,286.5819396972656,-1.574310302734375,1.71380615234375,0.0,91721.609375,266.8451538085937,283.005859375,295.2295227050781,0.0025960160419344,0.0046761706471443,0.0072368010878562,-0.539947509765625,-8.027969360351562,-2.59423828125,6.3048858642578125,4.776641845703125,2.2433319091796875
2021-03-23,12,2,305.7451171875,285.49664306640625,-3.45306396484375,1.692901611328125,0.0,91336.78125,267.3963317871094,282.1417236328125,298.06121826171875,0.0023329539690166,0.0064078234136104,0.0067730285227298,0.188201904296875,-4.517623901367188,-5.889404296875,4.58331298828125,1.239471435546875,2.6322784423828125
2021-03-23,18,3,297.76239013671875,288.2730712890625,-3.2274627685546875,2.014251708984375,0.0,91703.5625,267.15826416015625,282.8793029785156,295.7774353027344,0.0022256877273321,0.0042038336396217,0.0074252486228942,-0.5301361083984375,-5.3238525390625,-5.046798706054688,3.5337677001953125,2.22967529296875,3.677658081054688
2021-03-24,0,0,294.8729858398437,292.47235107421875,-2.016098022460937,0.7713165283203125,48.25,91587.96875,266.4617614746094,282.1932067871094,294.4798583984375,0.0023694578558206,0.0040552243590354,0.0065289624035358,0.2449493408203125,-5.28924560546875,-5.126495361328125,3.035614013671875,0.7277679443359375,3.47216796875
2021-03-24,6,1,304.48748779296875,286.15850830078125,-3.4180450439453125,0.8675079345703125,0.0,91760.3125,265.82958984375,282.11187744140625,295.460693359375,0.0027179378084838,0.0044423416256904,0.0078210122883319,0.3487396240234375,-8.312545776367188,-5.28656005859375,1.8145751953125,-1.7552642822265625,0.86181640625
2021-03-24,12,2,305.5892333984375,284.92987060546875,-3.42218017578125,0.265838623046875,0.0,91307.328125,265.5731811523437,282.4649658203125,298.5131225585937,0.0025729765184223,0.0066177882254123,0.0066819936037063,-1.0549468994140625,-6.055099487304688,-6.362564086914063,-0.1938934326171875,-1.646820068359375,0.041412353515625
2021-03-24,18,3,298.32763671875,288.14971923828125,-2.32940673828125,1.11785888671875,0.0,91645.78125,265.85235595703125,282.7135009765625,295.4472045898437,0.0024266163818538,0.0058189965784549,0.0081670582294464,-3.79925537109375,-1.746917724609375,-7.6181488037109375,0.6080169677734375,-3.552154541015625,0.7656707763671875
2021-03-25,0,0,294.6210632324219,291.17095947265625,-1.8530120849609373,0.3294677734375,85.75,91449.171875,266.732177734375,282.22637939453125,295.6395874023437,0.0022209980525076,0.0041832253336906,0.0058068446815013,-1.778564453125,-6.92535400390625,-7.205978393554687,1.0160675048828125,-3.2075653076171875,-1.2138824462890625
2021-03-25,6,1,304.5663452148437,286.7308349609375,-3.4543914794921875,-0.6324310302734375,0.0,91681.96875,267.10919189453125,281.7044677734375,296.1553955078125,0.0021376083604991,0.0049655572511255,0.0076421611011028,-1.597503662109375,-10.125732421875,-5.344818115234375,1.599273681640625,-3.595733642578125,-1.355621337890625
2021-03-25,12,2,305.4908752441406,285.57061767578125,-4.2284088134765625,0.7528076171875,0.0,91287.390625,266.62091064453125,282.61114501953125,298.3994140625,0.0016158283688127,0.0063105560839176,0.0066914595663547,-2.348129272460937,-6.450592041015625,-8.167236328125,1.7792510986328125,-2.9522247314453125,0.91400146484375
2021-03-25,18,3,298.65533447265625,287.10614013671875,-2.8582000732421875,1.26171875,0.0,91578.84375,266.97906494140625,283.3397216796875,296.1407470703125,0.0015899655409157,0.0041589885950088,0.0065520927309989,-3.7320556640625,-7.096969604492188,-9.600982666015623,-0.287445068359375,-2.8019561767578125,-0.329193115234375
2021-03-26,0,0,294.70428466796875,290.1343994140625,-2.212371826171875,-0.18035888671875,0.0,91398.78125,267.1167907714844,283.2731628417969,295.65289306640625,0.0015437703114002,0.0034019378945231,0.0043583586812019,-3.0958404541015625,-7.731475830078125,-8.402877807617188,2.2588653564453125,-2.8928680419921875,-0.79010009765625
2021-03-26,6,1,304.9638061523437,284.4241027832031,-4.044601440429688,-0.05535888671875,0.0,91618.5625,267.1387939453125,282.8866882324219,296.95440673828125,0.0016823150217533,0.0034486933145672,0.0057125464081764,-2.6545867919921875,-9.3955078125,-6.327117919921875,2.311187744140625,-3.8788909912109375,-0.4568328857421875
2021-03-26,12,2,306.066650390625,283.9964599609375,-3.667236328125,0.626434326171875,0.0,91237.015625,267.2787475585937,282.9569702148437,298.9848937988281,0.0021136091090738,0.0055511854588985,0.0057064108550548,-0.1359100341796875,-5.81292724609375,-6.809249877929688,-2.0284423828125,-1.6604461669921875,0.7089691162109375
2021-03-26,18,3,298.58941650390625,287.4190368652344,-2.9384765625,1.61639404296875,0.0,91556.796875,265.6322021484375,283.4700927734375,296.3096923828125,0.0020147843752056,0.0039056071545928,0.0067114569246768,-2.4503936767578125,-6.89794921875,-8.384445190429688,-3.4060516357421875,-1.714935302734375,1.4882354736328125
2021-03-27,0,0,295.2050170898437,291.718994140625,-1.773529052734375,0.4256591796875,38.875,91367.046875,266.802734375,283.0626220703125,295.35809326171875,0.0022439754102379,0.003825387218967,0.0043549053370952,-1.885345458984375,-7.044113159179688,-7.558273315429687,1.834320068359375,-3.2511138916015625,2.46026611328125
2021-03-27,6,1,304.8192138671875,286.13385009765625,-3.57366943359375,1.002166748046875,0.0,91564.453125,266.3489074707031,282.9140014648437,296.53326416015625,0.0029839659109711,0.0042061419226229,0.0069241411983966,1.5198516845703125,-9.1387939453125,-5.722915649414063,0.84112548828125,-4.929840087890625,1.0842742919921875
2021-03-27,12,2,306.40252685546875,285.8143005371094,-3.5033111572265625,0.8682861328125,0.0,91195.78125,265.755859375,283.09405517578125,299.15972900390625,0.00245874049142,0.0065219476819038,0.006678532809019,1.4662933349609375,-4.9845123291015625,-6.0182647705078125,-2.40484619140625,-2.0148468017578125,0.918853759765625
2021-03-27,18,3,298.4200744628906,288.93267822265625,-2.208984375,1.297821044921875,0.875,91584.046875,265.4627990722656,282.9060974121094,295.8067321777344,0.0016930510755628,0.0062333717942237,0.0081091113388538,-0.186126708984375,-1.2297210693359375,-5.683441162109375,-1.805755615234375,-4.219406127929688,4.345993041992188
2021-03-28,0,0,295.68536376953125,290.29180908203125,-0.090057373046875,1.8077239990234373,156.125,91388.484375,266.28741455078125,282.4812927246094,293.50604248046875,0.0003661015070974,0.0058967284858226,0.0096055194735527,-0.234039306640625,-6.5980072021484375,-0.751708984375,-4.0416107177734375,-6.183563232421875,3.723785400390625
2021-03-28,6,1,303.2084655761719,289.0914611816406,-0.7968292236328125,-0.1867218017578125,20.625,91542.4375,267.5748291015625,282.4659423828125,295.4478759765625,0.0001734819670673,0.0048448536545038,0.00944110378623,-2.0928192138671875,-7.1190032958984375,-1.5681304931640625,-5.6937103271484375,-6.6895751953125,-0.477020263671875
2021-03-28,12,2,305.44073486328125,286.4990234375,-2.594589233398437,0.1933441162109375,0.0,91097.546875,266.94659423828125,282.5789794921875,298.70123291015625,0.0001409522228641,0.0069300904870033,0.0070273987948894,-4.956878662109375,-4.954376220703125,-4.991546630859375,-10.044601440429688,-2.7460174560546875,-0.41326904296875
2021-03-28,18,3,298.3770751953125,287.97784423828125,-2.0138092041015625,1.5853424072265625,34.625,91551.046875,266.11993408203125,282.1643981933594,295.41192626953125,0.0003608886618167,0.0067101269960403,0.0093009136617183,-11.060806274414062,-0.7848968505859375,-6.20001220703125,-9.746841430664062,-3.755279541015625,6.2764739990234375
2021-03-29,0,0,295.6180725097656,290.0195617675781,-0.667877197265625,1.880462646484375,228.625,91397.21875,267.550048828125,281.5,293.7392272949219,0.0002836384810507,0.0064255520701408,0.0100189559161663,-10.25238037109375,-3.890777587890625,-2.105941772460937,-11.956329345703123,-6.43505859375,3.794509887695313
2021-03-29,6,1,303.8701171875,289.2337951660156,-2.0878448486328125,-0.8591156005859375,2.375,91545.1875,268.04010009765625,281.8614501953125,296.1208190917969,0.0002402451791567,0.0053660087287425,0.008782509714365,-12.44940185546875,-5.6695098876953125,-3.523101806640625,-7.837600708007812,-5.0581817626953125,-1.700531005859375
2021-03-29,12,2,306.10894775390625,286.794921875,-2.43878173828125,-0.392669677734375,0.0,91095.328125,268.09423828125,283.4278869628906,299.5225830078125,0.0002271084231324,0.0057776644825935,0.0058597587049007,-11.254318237304688,-4.375823974609375,-4.76776123046875,-11.053253173828123,-3.150497436523437,-1.5740203857421875
2021-03-29,18,3,299.0498046875,284.8678894042969,-1.9693145751953125,1.482635498046875,0.0,91486.921875,267.6756286621094,282.4465637207031,295.96484375,0.0003355124499648,0.0059481337666511,0.0081258080899715,-15.24578857421875,-1.0810089111328125,-4.3028717041015625,-12.674118041992188,-3.6456298828125,7.213623046875
2021-03-30,0,0,296.779052734375,292.5989990234375,2.33929443359375,0.489593505859375,647.125,91378.1875,268.6993103027344,282.1086120605469,293.133056640625,0.0001811217807698,0.0050774402916431,0.0106395073235034,-19.501235961914062,-3.806732177734375,5.711761474609375,-12.366470336914062,-7.994720458984375,2.085113525390625
2021-03-30,6,1,302.79345703125,292.189453125,1.8433837890625,-1.0381317138671875,43.375,91511.125,268.58819580078125,282.200927734375,294.95867919921875,0.0001588428276591,0.0051533170044422,0.01145014539361,-17.781265258789062,-3.850189208984375,2.290756225585937,-9.141387939453123,-5.276031494140625,-1.8649444580078125
2021-03-30,12,2,306.3438415527344,288.0406494140625,-0.0205841064453125,-1.8110809326171875,0.0,90996.0,269.01348876953125,283.22882080078125,299.434814453125,0.0002062707208096,0.0077650099992752,0.0079949237406253,-16.144546508789062,-2.471908569335937,-0.4463043212890625,-11.654754638671877,-5.4721527099609375,-3.66290283203125
2021-03-30,18,3,300.8471069335937,285.82403564453125,-0.6498260498046875,-1.5410003662109375,32.625,91325.40625,268.79351806640625,283.15008544921875,298.2860107421875,0.0001978054788196,0.0070910193026065,0.0084644667804241,-15.087631225585938,-4.2020111083984375,-1.19989013671875,-13.073638916015623,-2.475799560546875,-6.433807373046875
2021-03-31,0,0,299.055419921875,287.9310913085937,0.14739990234375,0.7004241943359375,0.0,91130.109375,268.46759033203125,282.9041442871094,297.6274719238281,0.000191365397768,0.0042667426168918,0.0077375918626785,-11.792877197265623,-1.3500823974609375,-1.47198486328125,-12.53765869140625,-5.635223388671875,-2.88507080078125
2021-03-31,6,1,305.31591796875,289.1430358886719,0.7921600341796875,-2.85736083984375,0.0,91356.0625,269.030517578125,282.97589111328125,297.7533264160156,0.0001721797307254,0.005390889942646,0.0095390640199184,-8.45965576171875,-3.60845947265625,0.8242645263671875,-10.449783325195312,-4.593414306640625,-4.185516357421875
2021-03-31,12,2,307.445556640625,287.3710327148437,1.02447509765625,-1.611236572265625,0.0,90949.59375,268.9619140625,284.2723083496094,300.5805358886719,0.0001626485754968,0.007213395088911,0.0073274783790111,-6.55316162109375,0.54180908203125,1.5345611572265625,-12.758148193359377,-4.154449462890625,-3.198822021484375
2021-03-31,18,3,299.3637084960937,286.0301513671875,1.6644439697265625,-1.4463958740234375,38.5,91217.015625,269.45721435546875,283.9670715332031,299.509033203125,0.0001552662724861,0.006188329309225,0.0066247731447219,-10.263412475585938,-1.037628173828125,1.5037078857421875,-14.382736206054688,-2.4064178466796875,-6.8844146728515625
2021-04-01,0,0,296.6625366210937,294.98553466796875,1.7356414794921875,0.142486572265625,1081.25,91194.453125,269.6317749023437,283.15460205078125,294.7167663574219,0.0001366691867588,0.005012422800064,0.0089225135743618,-8.4100341796875,-1.4870147705078125,5.892501831054688,-11.778701782226562,-4.78924560546875,-7.997039794921875
2021-04-01,6,1,305.29205322265625,285.9046630859375,2.3547821044921875,-3.5783233642578125,0.0,91323.671875,269.23211669921875,282.924072265625,296.9996337890625,0.0001154282217612,0.0042426944710314,0.007629495114088,-7.650054931640625,-1.8301239013671875,3.1846160888671875,-13.327011108398438,-4.775421142578125,-6.0333251953125
2021-04-01,12,2,307.416259765625,284.0491943359375,1.3467559814453125,-1.0925445556640625,0.0,90986.0,268.80865478515625,283.9544677734375,300.2205505371094,8.90961819095537e-05,0.0053899437189102,0.0055005624890327,-5.688735961914063,1.5430145263671875,2.522567749023437,-13.832870483398438,-3.021713256835937,-2.56610107421875
2021-04-01,18,3,299.2893981933594,283.711181640625,3.4004669189453125,-0.0141754150390625,134.625,91304.46875,268.64483642578125,283.5407409667969,297.048095703125,7.717749394942075e-05,0.0049188546836376,0.0082450024783611,-5.951629638671875,-2.426620483398437,8.036865234375,-15.314346313476562,-2.829086303710937,-2.5836181640625
2021-04-02,0,0,296.2521667480469,294.2523498535156,1.9107818603515625,0.891204833984375,99.25,91267.859375,267.97955322265625,283.01934814453125,295.80780029296875,0.0001227186294272,0.0046120733022689,0.0064997188746929,-1.2073211669921875,-0.498046875,7.8464508056640625,-10.9898681640625,0.253387451171875,-4.3274993896484375
2021-04-02,6,1,304.3827514648437,286.78485107421875,2.264251708984375,-1.9152069091796875,0.0,91367.609375,268.6015014648437,282.840087890625,296.1424560546875,0.0003469923976808,0.0045450665056705,0.0092497430741786,-0.47454833984375,0.410186767578125,3.0823211669921875,-7.1544189453125,0.887664794921875,-3.3712615966796875
2021-04-02,12,2,307.110107421875,286.4188842773437,1.1479644775390625,-0.8850860595703125,0.0,91005.09375,268.77813720703125,283.80035400390625,300.0595397949219,0.0002907048910856,0.0061607435345649,0.0063242390751838,-0.404083251953125,0.60345458984375,1.76953125,-4.1789093017578125,-1.895477294921875,-1.5596923828125
2021-04-02,18,3,298.396728515625,283.043701171875,0.41778564453125,-1.71966552734375,0.0,91218.140625,269.60040283203125,283.614990234375,299.530517578125,0.0001596786169102,0.0054335407912731,0.0061550624668598,-2.77972412109375,-2.8545379638671875,-0.9377899169921876,-5.175079345703125,1.13134765625,-3.24835205078125
2021-04-03,0,0,296.2926940917969,293.9593505859375,2.31072998046875,0.7782135009765625,315.125,91218.328125,268.4559326171875,282.39520263671875,294.68975830078125,0.0002217404689872,0.00551120005548,0.0087701603770256,-4.019088745117188,-4.384567260742188,2.1975555419921875,-3.8041839599609375,-2.68792724609375,-3.731109619140625
2021-04-03,6,1,303.6358642578125,290.64166259765625,2.0504913330078125,0.1800537109375,60.625,91441.0,269.276123046875,282.6513366699219,294.91357421875,0.0002188055368606,0.0048271678388118,0.0117423124611377,-2.476165771484375,-3.0968170166015625,2.5255889892578125,-3.996002197265625,-0.7015228271484375,0.0490570068359375
2021-04-03,12,2,306.3287048339844,289.07470703125,0.8533935546875,-0.62298583984375,0.0,91134.78125,268.388427734375,283.104248046875,298.810302734375,0.0002521714195609,0.0081294737756252,0.0089123249053955,-4.567108154296875,-3.6169586181640634,0.7799530029296875,-6.5833740234375,-3.2089080810546875,-1.4925537109375
2021-04-03,18,3,300.0700378417969,289.3554077148437,3.330307006835937,0.8731689453125,158.75,91455.875,269.3652648925781,282.51123046875,295.4331970214844,0.0001999489468289,0.0077039673924446,0.0108185000717639,-4.5616607666015625,-3.6512603759765625,7.5696258544921875,-7.0540771484375,-6.9557037353515625,-2.3857574462890625
2021-04-04,0,0,296.7178039550781,292.88189697265625,1.8550567626953125,-0.7847137451171875,248.25,91377.234375,267.44171142578125,281.92803955078125,294.870361328125,0.0002529838820919,0.0064851716160774,0.0100635252892971,-2.2552947998046875,-5.0948028564453125,2.2573699951171875,-8.106353759765625,-4.779296875,-7.513320922851562
2021-04-04,6,1,304.53338623046875,289.8676452636719,-0.2579345703125,-2.9323272705078125,14.625,91555.15625,267.1873779296875,282.58026123046875,295.8981018066406,0.00025405571796,0.0062893219292163,0.0104181580245494,-5.92987060546875,-4.131317138671875,-1.01055908203125,-9.845367431640623,-2.9526824951171875,-4.414566040039063
2021-04-04,12,2,305.7157287597656,288.5518798828125,-0.5528106689453125,-2.242706298828125,0.0,91153.8125,266.5565490722656,283.450439453125,299.6802978515625,0.0003658724017441,0.00734119489789,0.0074012018740177,-5.262054443359375,-2.426910400390625,-1.291839599609375,-10.073776245117188,-5.079986572265625,-4.353759765625
2021-04-04,18,3,299.548828125,285.84765625,-1.4849090576171875,-1.3170928955078125,0.375,91466.75,267.3970947265625,283.19970703125,298.6137084960937,0.0005669766105711,0.0064013041555881,0.0068711452186107,-7.46307373046875,-3.73480224609375,-3.1656494140625,-12.024169921875,-4.3333282470703125,-7.341796875
2021-04-05,0,0,297.2578125,289.46124267578125,0.7605743408203125,1.2908172607421875,202.625,91475.140625,267.5007629394531,282.23504638671875,295.0091552734375,0.000395584385842,0.0060513652861118,0.0099705345928668,-9.453338623046877,-2.25335693359375,-1.3545684814453125,-10.126480102539062,-7.805633544921875,3.82843017578125
2021-04-05,6,1,304.0346374511719,289.6639404296875,-1.6654815673828125,-1.5658111572265625,12.25,91599.1875,268.10113525390625,282.5411376953125,296.5372314453125,0.0002130159555235,0.0050230119377374,0.0092846490442752,-9.569137573242188,-7.230255126953125,-2.641830444335937,-8.263198852539062,-5.5472412109375,-2.19378662109375
2021-04-05,12,2,304.8890991210937,288.13604736328125,-2.75592041015625,-1.0638580322265625,0.0,91212.390625,267.814208984375,282.71417236328125,298.78106689453125,0.000821620458737,0.0082750283181667,0.0083475969731807,-7.773025512695312,-5.865509033203125,-5.241790771484375,-4.154708862304688,-5.4049072265625,-2.832733154296875
2021-04-05,18,3,299.2919311523437,289.1801147460937,-2.9067840576171875,0.4774627685546875,36.75,91534.203125,267.8157958984375,283.93780517578125,295.6100158691406,0.0005923712160438,0.0039770444855093,0.0108780711889266,-7.52130126953125,-4.467544555664063,-8.397445678710938,-5.97833251953125,-5.861587524414063,0.381561279296875
2021-04-06,0,0,296.05230712890625,294.4166564941406,-1.6112518310546875,0.751373291015625,580.75,91469.125,268.3529968261719,283.2431030273437,296.1749267578125,0.0003026509657502,0.0018822359852492,0.005286905914545,-9.156875610351562,-6.935592651367188,-5.581558227539063,-5.854278564453125,-3.648101806640625,0.372802734375
2021-04-06,6,1,304.5504150390625,287.4164733886719,-2.8915252685546875,1.2291107177734375,0.0,91639.671875,269.3515014648437,281.7904663085937,296.569580078125,0.0003266695421189,0.005381092429161,0.0070122107863426,-8.544570922851562,-7.483734130859375,-4.305419921875,-6.037277221679688,-5.17962646484375,1.374755859375
2021-04-06,12,2,305.9481811523437,286.3441772460937,-3.43768310546875,0.258453369140625,0.0,91322.890625,269.6083984375,283.00811767578125,298.9682006835937,0.0001880175987025,0.0061861276626586,0.0063531175255775,-3.308822631835937,-3.5045623779296875,-6.1428985595703125,-8.152557373046875,-3.026611328125,-0.2646636962890625
2021-04-06,18,3,298.32769775390625,287.8489685058594,-2.166015625,1.1629486083984375,0.0,91650.171875,270.2547302246094,283.20831298828125,295.4978942871094,0.0001249611086677,0.0043296026997268,0.0082589872181415,-7.502822875976562,-1.1934661865234375,-7.2012481689453125,-5.9371185302734375,-7.508987426757812,1.8213348388671875
2021-04-07,0,0,295.840087890625,289.8746643066406,-1.05157470703125,1.31585693359375,0.0,91598.328125,270.214599609375,282.55499267578125,295.68316650390625,0.0001385587238473,0.0021383571438491,0.0050215758383274,-8.6104736328125,-7.266571044921875,-6.913375854492188,-3.3209228515625,-4.842498779296875,0.204742431640625
2021-04-07,6,1,305.2060546875,285.6918334960937,-2.5858612060546875,0.38507080078125,0.0,91765.328125,270.8003845214844,282.4290771484375,296.385498046875,0.0001315268746111,0.0028417299035936,0.0066008530557155,-5.8915557861328125,-13.225341796875,-4.147140502929688,-2.785629272460937,-5.90020751953125,0.061431884765625
2021-04-07,12,2,306.11090087890625,281.576904296875,-3.313339233398437,1.1621551513671875,0.0,91359.890625,269.75787353515625,283.40985107421875,299.21337890625,0.0001867067039711,0.0051293410360813,0.0053668916225433,-2.9940338134765625,-5.19329833984375,-7.1527252197265625,-1.1884918212890625,-3.8194580078125,1.3369598388671875
2021-04-07,18,3,297.94140625,283.23602294921875,-2.194091796875,1.6428375244140625,0.0,91617.84375,269.6256103515625,283.6142578125,296.3495178222656,0.000180172995897,0.0041628461331129,0.0065870322287082,-2.30364990234375,-5.9910888671875,-5.3114166259765625,-2.8161163330078125,-6.2423248291015625,5.15472412109375
2021-04-08,0,0,295.0284423828125,286.1514892578125,0.9370880126953124,1.9202423095703125,26.875,91477.8125,269.98260498046875,282.96160888671875,293.0692443847656,0.0001445603411411,0.0026060319505631,0.0086893178522586,-2.3478546142578125,-12.95562744140625,2.6897430419921875,-0.1085357666015625,-2.2407379150390625,4.591796875
2021-04-08,6,1,304.2564697265625,287.9892578125,0.159332275390625,0.7537078857421875,6.125,91604.71875,268.39630126953125,283.3128662109375,295.3221435546875,0.0001997705840039,0.002469049533829,0.0087165683507919,-0.54827880859375,-12.195907592773438,-0.3670501708984375,1.19390869140625,-2.6092681884765625,0.7370147705078125
2021-04-08,12,2,306.2090148925781,285.68310546875,-1.98968505859375,0.3204345703125,0.0,91178.25,267.6205444335937,282.908447265625,299.1064453125,0.0002901743282563,0.0062282867729663,0.0062745250761508,-1.258209228515625,-4.65960693359375,-3.60821533203125,0.95050048828125,-1.2338714599609375,0.073760986328125
2021-04-08,18,3,298.5993347167969,282.7422790527344,-2.1499176025390625,1.550567626953125,0.0,91447.046875,269.17218017578125,283.1783142089844,296.72686767578125,0.0001753686519805,0.0052483901381492,0.0074806362390518,-1.9096527099609373,-2.4423370361328125,-3.3734893798828125,-0.1190948486328125,-6.165191650390625,4.7837982177734375
2021-04-09,0,0,295.38629150390625,287.580078125,-0.3667144775390625,1.7837371826171875,87.0,91352.34375,269.4010009765625,282.8423156738281,292.82159423828125,0.0001463991065975,0.0036610532552003,0.0106575489044189,1.342864990234375,-8.614837646484375,4.0002288818359375,0.203277587890625,-3.610992431640625,3.3726959228515625
2021-04-09,6,1,304.0629577636719,288.0653076171875,-1.1419219970703125,0.6568145751953125,7.5,91538.84375,269.0726318359375,282.707763671875,295.6275939941406,0.0001452070428058,0.003787568770349,0.0088874250650405,-0.918304443359375,-9.021652221679688,-1.8462982177734373,0.5884552001953125,-2.846771240234375,0.6005859375
2021-04-09,12,2,305.59332275390625,284.54901123046875,-3.225128173828125,1.5306396484375,0.625,91131.40625,269.355224609375,282.7001342773437,298.6858825683594,0.0001344873744528,0.0068507492542266,0.0071264468133449,0.2324066162109375,-5.172943115234375,-6.4463653564453125,-0.99603271484375,-1.4266510009765625,2.026885986328125
2021-04-09,18,3,298.1697998046875,286.7199401855469,-2.304061889648437,1.499053955078125,0.0,91479.265625,268.85845947265625,283.14288330078125,295.69921875,0.0001639330148464,0.0054915882647037,0.0077221915125846,-1.5356292724609375,-3.1517486572265625,-5.2201995849609375,-1.8051300048828125,-5.2457275390625,4.6014404296875
2021-04-10,0,0,295.2559814453125,289.391357421875,-1.5377655029296875,0.70672607421875,12.375,91418.625,269.1356201171875,282.53887939453125,293.1576538085937,0.0001452197757316,0.0048768520355224,0.0090598762035369,2.5134735107421875,-8.729782104492188,0.883697509765625,-0.7961578369140625,-5.307144165039063,3.49249267578125
2021-04-10,6,1,303.589111328125,287.3633728027344,-1.44140625,0.990570068359375,0.0,91644.90625,268.580078125,282.3729248046875,294.7109375,0.0001630910992389,0.006084818392992,0.0088759921491146,-2.75506591796875,-8.7861328125,-2.17791748046875,1.5514068603515625,-6.4337921142578125,1.0671234130859375
2021-04-10,12,2,305.4761962890625,284.487060546875,-3.416961669921875,0.4680023193359375,0.0,91317.890625,269.0136108398437,282.02264404296875,297.9350280761719,0.0001668150507612,0.0067082606256008,0.0069170072674751,0.56854248046875,-4.4620208740234375,-5.6415863037109375,-0.135772705078125,-2.692611694335937,0.129669189453125
2021-04-10,18,3,298.34356689453125,288.6915588378906,-2.79119873046875,1.9110260009765625,0.0,91645.609375,269.1595764160156,283.1298217773437,294.5756225585937,0.0001570411986904,0.0037995800375938,0.0094738937914371,-0.8890533447265625,-6.6185302734375,-4.261688232421875,-2.362030029296875,-5.273223876953125,3.236419677734375
2021-04-11,0,0,295.4888000488281,291.6903076171875,-0.8860626220703125,1.2812042236328125,45.5,91593.625,269.27105712890625,282.33758544921875,291.3573608398437,0.0001626759476494,0.0037476301658898,0.0119416750967502,1.6926116943359375,-6.680419921875,-0.6427001953125,-1.0182647705078125,-5.104263305664063,5.409881591796875
2021-04-11,6,1,303.3475036621094,288.7484130859375,-1.6112823486328125,0.2453155517578125,0.0,91769.890625,268.2191162109375,282.60614013671875,294.0243530273437,0.0002609987277537,0.0044441111385822,0.0103074386715888,-0.4300994873046875,-8.103759765625,-2.3978729248046875,0.1663360595703125,-1.511810302734375,-0.0467529296875
2021-04-11,12,2,305.74322509765625,286.57574462890625,-2.217376708984375,0.563262939453125,0.0,91390.375,268.9393920898437,281.7945251464844,297.8411560058594,0.0013367049396038,0.0081120915710926,0.0082427226006984,0.34429931640625,-3.8450927734375,-3.723800659179688,-0.481109619140625,-2.298812866210937,-0.001312255859375
2021-04-11,18,3,297.8179626464844,292.81787109375,-3.101409912109375,1.556427001953125,205.625,91760.703125,268.2475891113281,282.6097412109375,293.8661499023437,0.00103251170367,0.0063924193382263,0.0114050433039665,-1.0063018798828125,-1.5767364501953125,-5.2311553955078125,-1.1351318359375,-3.4539031982421875,4.3039398193359375
2021-04-12,0,0,296.3685302734375,292.8294982910156,-1.0409088134765625,0.954864501953125,153.875,91647.765625,267.9229736328125,281.4610900878906,291.8456420898437,0.0007543661631643,0.0076334327459335,0.0129250660538673,3.1371612548828125,-4.951339721679688,0.2825927734375,0.33349609375,-4.536865234375,4.5008544921875
2021-04-12,6,1,303.24151611328125,290.1353454589844,-1.7867279052734375,-0.001129150390625,29.875,91826.640625,267.4140014648437,283.12469482421875,293.9244079589844,0.0007422205526381,0.0050181746482849,0.0118721835315227,-0.0877685546875,-6.06402587890625,-2.809844970703125,0.335174560546875,-3.758331298828125,-0.2775421142578125
2021-04-12,12,2,305.9006652832031,287.50396728515625,-3.3686676025390625,0.8686370849609375,0.0,91343.0,269.2213439941406,282.3332214355469,298.1146545410156,0.0008965828455984,0.0082113295793533,0.00883699208498,2.52667236328125,-4.4215850830078125,-5.738296508789063,1.0700225830078125,-4.6729736328125,0.258209228515625
2021-04-12,18,3,298.24951171875,292.99298095703125,-2.0417938232421875,1.69769287109375,675.875,91812.65625,268.1965637207031,282.6305847167969,293.34185791015625,0.0009360504336655,0.0070766247808933,0.0124671086668968,0.380950927734375,-2.084320068359375,-6.6314239501953125,-0.0500946044921875,-5.674774169921875,4.257492065429688
2021-04-13,0,0,296.48114013671875,293.93731689453125,-0.398681640625,1.2144927978515625,670.875,91643.671875,267.4296875,282.47662353515625,291.8031616210937,0.0013326869811862,0.0048191212117671,0.0113036036491394,1.44403076171875,-5.5387115478515625,-3.058013916015625,0.5435333251953125,-3.0107421875,4.1002044677734375
2021-04-13,6,1,303.2830810546875,289.49322509765625,-2.2857666015625,0.862091064453125,0.0,91764.578125,267.64263916015625,283.3504333496094,294.287841796875,0.0014647690113633,0.0028552063740789,0.0111198872327804,-1.0537567138671875,-6.47576904296875,-3.4659423828125,0.617706298828125,-1.094512939453125,0.93194580078125
2021-04-13,12,2,305.2977294921875,287.40252685546875,-2.1353912353515625,0.7352294921875,0.0,91302.890625,268.5281982421875,281.7442321777344,297.2077941894531,0.002129026222974,0.0087862275540828,0.0095842778682708,-0.2163543701171875,-3.2878570556640625,-3.209701538085937,1.8661956787109373,-0.9986724853515624,0.4713592529296875
2021-04-13,18,3,298.55877685546875,291.8994140625,-2.448577880859375,2.8711395263671875,136.0,91705.421875,267.96441650390625,282.64581298828125,293.06884765625,0.0020875432528555,0.0073445290327072,0.0127584785223007,1.8984375,-1.1151123046875,-4.5301361083984375,2.4131317138671875,-5.202682495117188,8.48114013671875
2021-04-14,0,0,297.2486267089844,292.753662109375,0.724761962890625,0.922088623046875,477.25,91569.171875,267.7740478515625,281.3704833984375,291.0567321777344,0.0019127789419144,0.0085828453302383,0.0141577906906604,2.9002227783203125,-6.1056060791015625,2.255767822265625,2.3648834228515625,-2.9654541015625,4.933319091796875
2021-04-14,6,1,302.5291748046875,291.5391540527344,-0.220611572265625,-0.1091766357421875,826.5,91709.078125,267.45849609375,282.0246276855469,293.6591186523437,0.0022707332391291,0.0083069764077663,0.013449590653181,3.23162841796875,-4.60888671875,-0.8400726318359375,1.800048828125,2.395538330078125,0.1478424072265625
2021-04-14,12,2,301.2124938964844,291.2052001953125,-0.898956298828125,-0.79327392578125,296.0,91309.421875,267.5406799316406,282.98797607421875,294.6842041015625,0.0033126447815448,0.0093554332852363,0.0125103928148746,5.610870361328125,-0.4848785400390625,-2.27789306640625,2.275726318359375,-1.1248016357421875,-0.4039459228515625
2021-04-14,18,3,295.2649841308594,293.11871337890625,1.0950164794921875,0.3029327392578125,1206.5,91726.546875,266.753662109375,282.82098388671875,292.0241394042969,0.0043329577893018,0.00758858025074,0.0133920647203922,5.475616455078125,-0.9087982177734376,1.235626220703125,1.299835205078125,-1.04693603515625,3.757492065429688
2021-04-15,0,0,293.9533386230469,292.64813232421875,0.735015869140625,-1.059295654296875,249.375,91566.140625,266.76837158203125,282.2568359375,290.52880859375,0.0035535194911062,0.0081770531833171,0.0131068229675292,4.464279174804688,0.937774658203125,1.259521484375,1.4081573486328125,0.4504547119140625,-2.425506591796875
2021-04-15,6,1,300.1625366210937,292.6757202148437,0.379241943359375,-0.92047119140625,1088.5,91689.59375,266.8479919433594,282.4327392578125,292.281982421875,0.0024727683048695,0.0081329457461833,0.0140057057142257,5.872848510742188,2.466796875,0.44732666015625,1.4068603515625,-2.9244842529296875,-1.3356475830078125
2021-04-15,12,2,300.29644775390625,294.8409118652344,-1.1467742919921875,0.431915283203125,872.125,91294.03125,268.0274658203125,282.1825866699219,294.39422607421875,0.001513821305707,0.0083427503705024,0.0126553252339363,7.997146606445312,4.139190673828125,-1.6982879638671875,-1.9165191650390625,-4.576019287109375,-2.9644012451171875
2021-04-15,18,3,295.42193603515625,293.83740234375,0.6542205810546875,2.2703094482421875,904.625,91685.828125,266.92938232421875,281.88189697265625,291.78094482421875,0.0020937055815011,0.0072964616119861,0.0133338905870914,4.381851196289063,0.69671630859375,0.1210174560546875,0.2058563232421875,-6.4837188720703125,4.262420654296875
2021-04-16,0,0,294.9642333984375,293.57989501953125,1.3477783203125,0.58624267578125,291.5,91482.28125,267.14678955078125,283.26300048828125,292.1768798828125,0.0019510176498442,0.0060845501720905,0.0122241079807281,7.703262329101562,0.9471435546875,4.580902099609375,0.159210205078125,-2.4061431884765625,-3.868255615234375
2021-04-16,6,1,302.5023803710937,291.5543518066406,0.1746063232421875,-1.9797210693359373,233.75,91617.03125,267.8946533203125,282.47637939453125,293.82257080078125,0.0003693308681249,0.0060342550277709,0.0122460834681987,5.473678588867188,0.007659912109375,-0.1717071533203125,-3.5149078369140625,-2.3419647216796875,-3.1626129150390625
2021-04-16,12,2,304.138916015625,290.3197937011719,-0.445587158203125,-1.5850067138671875,0.0,91259.515625,268.3016357421875,283.1941833496094,296.9145812988281,0.0004129626322537,0.0067547895014286,0.0098631344735622,4.6623382568359375,-0.23504638671875,-1.5380706787109375,-4.4919281005859375,-2.8534088134765625,-3.559417724609375
2021-04-16,18,3,298.72320556640625,290.447998046875,-2.119232177734375,2.900985717773437,197.125,91606.859375,269.6058349609375,281.02264404296875,294.41534423828125,0.0004409835673868,0.0089374966919422,0.0112061761319637,-0.13525390625,-0.3720245361328125,-1.9707794189453125,-4.7364501953125,-5.2183990478515625,6.2039794921875
2021-04-17,0,0,296.43658447265625,293.1595458984375,1.1100006103515625,0.7667236328125,592.75,91525.84375,267.8316650390625,282.05352783203125,292.59356689453125,0.000577060971409,0.0071498379111289,0.0120409876108169,-1.802215576171875,-1.77789306640625,2.658782958984375,-5.8082427978515625,-4.70751953125,2.5724639892578125
2021-04-17,6,1,303.2655639648437,291.25439453125,0.287322998046875,-0.57159423828125,271.75,91691.671875,268.2727966308594,283.3451538085937,294.47198486328125,0.000533492071554,0.0058532431721687,0.0121810548007488,-1.54083251953125,-0.13153076171875,0.009979248046875,-4.2606201171875,-2.6337432861328125,-0.864044189453125
2021-04-17,12,2,305.43438720703125,290.0834350585937,-0.06048583984375,-0.587738037109375,0.0,91340.578125,268.50738525390625,282.3852844238281,298.2706604003906,0.0007183144334703,0.0081547126173973,0.0091096833348274,-0.3388214111328125,-2.8938446044921875,-0.9366455078125,-5.072296142578125,-5.2335357666015625,-2.385360717773437
2021-04-17,18,3,298.6055908203125,291.6358642578125,-2.74609375,1.0508575439453125,74.0,91712.265625,268.203369140625,282.244873046875,295.5162658691406,0.00073012127541,0.0074705407023429,0.0112462304532527,-2.9576873779296875,1.3103485107421875,-3.4946746826171875,-3.128173828125,-5.2545928955078125,5.363311767578125
2021-04-18,0,0,296.42608642578125,292.6141052246094,0.8852996826171875,1.22979736328125,652.75,91662.21875,268.014404296875,282.017578125,293.0831298828125,0.0008179354481399,0.0070130266249179,0.0127116814255714,-0.281005859375,-4.41986083984375,2.727035522460937,-3.48138427734375,-7.78106689453125,4.659683227539063
2021-04-18,6,1,302.755859375,292.96636962890625,-0.3627166748046875,1.0155487060546875,635.375,91782.59375,268.2357482910156,282.7845458984375,294.2805480957031,0.0007168443407863,0.0055739320814609,0.013196624815464,1.09027099609375,-5.988327026367188,-0.6832122802734375,-6.3026123046875,-5.972015380859375,1.187103271484375
2021-04-18,12,2,305.4003295898437,289.0355529785156,-0.1617279052734375,0.7237701416015625,0.0,91440.953125,268.5799255371094,282.9481201171875,297.2242431640625,0.000774297164753,0.0069620050489902,0.009643942117691,0.51910400390625,-5.5316925048828125,-1.7868804931640625,-7.4463348388671875,-4.7826995849609375,0.4001922607421875
2021-04-18,18,3,297.81158447265625,292.9832458496094,1.6444549560546875,1.2479248046875,134.75,91717.90625,268.0524597167969,281.8720092773437,295.247314453125,0.0009842731524258,0.0080915987491607,0.0112393088638782,-2.337677001953125,-3.800247192382813,2.8788299560546875,-5.561798095703125,-4.4327392578125,1.7230072021484375
2021-04-19,0,0,296.5210876464844,293.820068359375,1.979583740234375,-0.3584442138671875,907.5,91576.734375,267.4473876953125,282.7427062988281,293.46484375,0.0013249511830508,0.0061783753335475,0.0120945461094379,1.0114288330078125,-4.804214477539063,5.3628692626953125,-4.859222412109375,-5.7109375,-1.21142578125
2021-04-19,6,1,303.5061950683594,291.6962280273437,1.6121063232421875,-1.6029052734375,152.5,91622.90625,268.351806640625,283.5367126464844,295.0433044433594,0.0009166104719042,0.007250003516674,0.0120315216481685,2.283203125,-4.136978149414063,2.23529052734375,-4.153579711914063,-4.966567993164063,-2.52398681640625
2021-04-19,12,2,305.216064453125,291.82098388671875,-0.2261810302734375,-1.2010345458984375,0.0,91240.71875,268.224365234375,283.295654296875,297.9599609375,0.0006077387370169,0.0086564756929874,0.009983692318201,2.30322265625,-1.9560546875,-0.81146240234375,-6.7583770751953125,-3.7940826416015625,-2.930999755859375
2021-04-19,18,3,299.0779724121094,292.0863037109375,1.92578125,1.4008331298828125,370.75,91521.9375,268.537841796875,281.9595947265625,295.6349182128906,0.0014472401235252,0.0090344026684761,0.0109749771654605,1.923675537109375,-4.929962158203125,2.85870361328125,-6.315719604492188,-5.4608001708984375,0.1703033447265625
2021-04-20,0,0,296.63677978515625,294.41717529296875,1.71295166015625,0.086456298828125,907.0,91419.375,267.7240600585937,282.1283264160156,293.4349365234375,0.0018017631955444,0.0092892665416002,0.012445542961359,-0.640594482421875,-4.686187744140625,3.4183349609375,-3.1448516845703125,-4.296844482421875,-2.919525146484375
2021-04-20,6,1,302.7279052734375,292.6923217773437,1.3956146240234375,-1.0916290283203125,919.625,91556.359375,269.512451171875,282.6224975585937,294.8645324707031,0.0006092016119509,0.0087780691683292,0.0132920444011688,-0.7889556884765625,-5.64410400390625,1.486419677734375,-3.96905517578125,-3.358505249023437,-1.9480133056640625
2021-04-20,12,2,299.48883056640625,294.32928466796875,-1.2819671630859375,-0.5938873291015625,129.375,91286.078125,268.4659423828125,283.21075439453125,295.2486877441406,0.0022895731963217,0.0100490897893905,0.012110311537981,-1.3350982666015625,-2.740509033203125,-3.558563232421875,-2.130218505859375,-1.988922119140625,0.0968475341796875
2021-04-20,18,3,296.3524169921875,293.6086730957031,1.3253173828125,-0.305419921875,370.375,91547.1875,267.484130859375,283.7355651855469,295.0302124023437,0.0018587484955787,0.0083976835012435,0.0117483735084533,-2.084457397460937,-5.1318359375,0.8282012939453125,0.247711181640625,-1.8077545166015625,-0.8964385986328125
2021-04-21,0,0,295.81512451171875,293.9906005859375,1.1018218994140625,0.67523193359375,614.625,91512.96875,267.0458679199219,282.8913269042969,294.2672119140625,0.0012489128857851,0.0072517693042755,0.011833231896162,-2.259552001953125,-5.5535736083984375,1.459320068359375,0.9561614990234376,-0.38006591796875,-0.7685699462890625
2021-04-21,6,1,302.7919311523437,293.4000244140625,1.0373687744140625,-0.695892333984375,1715.625,91701.03125,267.627197265625,282.75360107421875,294.3990173339844,0.0007685027085244,0.0066750422120094,0.0144081339240074,-2.6292877197265625,-4.855133056640625,1.039642333984375,2.077880859375,-0.547576904296875,-1.13916015625
2021-04-21,12,2,300.3353271484375,295.03985595703125,0.3516387939453125,-1.4509124755859375,737.75,91408.234375,267.77447509765625,283.2652893066406,295.6453552246094,0.0022518229670822,0.0089879631996154,0.0127371922135353,-0.8316802978515625,-3.4270782470703125,-0.82550048828125,-1.3242340087890625,-1.343963623046875,-0.514556884765625
2021-04-21,18,3,297.0736083984375,293.7900695800781,1.879638671875,-0.5428466796875,370.5,91659.015625,267.41748046875,282.2788391113281,295.0013427734375,0.0033235268201678,0.0092628486454486,0.0115498714148998,0.2893218994140625,-4.604339599609375,0.4429779052734375,-2.471221923828125,0.211578369140625,0.2531585693359375
2021-04-22,0,0,296.2948913574219,293.1473999023437,-0.3829498291015625,0.66937255859375,374.125,91504.171875,268.05303955078125,283.0599060058594,294.245361328125,0.0025571843143552,0.0076018460094928,0.0117325596511363,-1.135040283203125,-3.219223022460937,-0.5455169677734375,0.5396728515625,-2.636093139648437,-0.921478271484375
2021-04-22,6,1,302.330322265625,293.2557983398437,0.0019989013671875,-0.5637969970703125,967.125,91655.3125,268.61187744140625,282.8870849609375,294.85552978515625,0.0021665845997631,0.0081630907952785,0.0136337205767631,0.1744842529296875,-3.457611083984375,-0.4649505615234375,-0.7538299560546875,-2.4732208251953125,-0.8258514404296875
2021-04-22,12,2,300.76690673828125,294.30731201171875,-0.5959014892578125,0.38214111328125,1425.625,91362.890625,268.06231689453125,283.8114624023437,295.7059936523437,0.0023062988184392,0.0082279294729232,0.0136218704283237,0.833953857421875,-2.101898193359375,-1.1432647705078125,-2.410552978515625,-1.6146392822265625,1.3390350341796875
2021-04-22,18,3,295.64501953125,293.4698181152344,0.52227783203125,-0.23614501953125,885.875,91659.828125,266.8856811523437,283.29656982421875,293.791748046875,0.0033761702943593,0.008060336112976,0.0129270292818546,-1.33642578125,-2.470458984375,0.9308929443359376,-1.8053436279296875,-3.8087158203125,4.1417083740234375
2021-04-23,0,0,295.4174499511719,294.09527587890625,0.84027099609375,-0.9201812744140624,648.625,91582.96875,267.27105712890625,282.1536865234375,292.3714599609375,0.0037909261882305,0.0094604743644595,0.0133973695337772,-1.597320556640625,-3.092758178710937,2.491195678710937,-1.461700439453125,-0.399200439453125,-1.678955078125
2021-04-23,6,1,301.5140686035156,293.9244079589844,1.2756805419921875,0.1424713134765625,1334.625,91674.125,267.7582702636719,282.9405517578125,293.5059814453125,0.0038145049475133,0.0076652057468891,0.0143665894865989,-1.129913330078125,-3.53863525390625,1.7728271484375,-3.000228881835937,-0.6931610107421875,-0.0317535400390625
2021-04-23,12,2,301.9595947265625,294.37603759765625,-1.276397705078125,-0.5311737060546875,2030.875,91331.421875,268.293701171875,283.6683349609375,295.21563720703125,0.0035746677312999,0.0081245973706245,0.0147281065583229,-0.4015045166015625,-1.2031707763671875,0.817535400390625,-2.0437469482421875,-2.428070068359375,-0.3919830322265625
2021-04-23,18,3,295.408935546875,293.8105773925781,0.5123748779296875,0.559539794921875,1036.5,91678.359375,267.3939208984375,283.0541381835937,292.91326904296875,0.004355726763606,0.0074239075183868,0.0136817619204521,-1.1906890869140625,-4.7491607666015625,0.3162384033203125,-3.5201568603515625,-1.8953857421875,-2.2797393798828125
2021-04-24,0,0,295.6645202636719,294.3456420898437,1.626556396484375,0.579742431640625,576.375,91499.609375,267.763427734375,283.05523681640625,292.42437744140625,0.0041390992701053,0.0082791745662689,0.012904118746519,-2.115692138671875,-4.731170654296875,-0.792877197265625,-2.5352325439453125,-2.624359130859375,-0.8399505615234375
2021-04-24,6,1,300.9688720703125,293.7488098144531,-0.0504608154296875,-0.1261138916015625,1376.375,91587.421875,269.252685546875,283.53594970703125,293.3665771484375,0.0035729887895286,0.0076354779303073,0.0147762186825275,-4.120330810546875,-3.635650634765625,-0.288787841796875,-1.0380706787109375,-3.4744415283203125,-0.5225830078125
2021-04-24,12,2,300.0431823730469,294.69293212890625,-1.436126708984375,-1.0991668701171875,1892.375,91326.046875,268.2193603515625,283.19122314453125,294.438720703125,0.0036106901243329,0.0088794380426406,0.0140560679137706,-0.145904541015625,-3.558563232421875,-3.1875762939453125,-1.1948089599609375,-4.358978271484375,-2.2948760986328125
2021-04-24,18,3,296.263427734375,294.450927734375,-0.8924102783203125,0.7058563232421875,521.625,91606.3125,267.9613342285156,282.683349609375,294.116455078125,0.0039448542520403,0.0084934830665588,0.0130260698497295,-0.0113372802734375,-4.617431640625,-4.3394622802734375,0.7501983642578125,-4.460906982421875,3.4888458251953125
2021-04-25,0,0,296.6373291015625,293.98760986328125,-0.94293212890625,0.5815582275390625,376.375,91460.671875,267.8960876464844,283.1342163085937,292.79608154296875,0.0037968638353049,0.0068873763084411,0.0134538002312183,1.4322052001953125,-6.4828948974609375,-1.413665771484375,-0.5560302734375,-3.7091217041015625,3.497344970703125
2021-04-25,6,1,301.9584350585937,293.9442138671875,-0.8593292236328125,1.1986083984375,569.875,91616.8125,268.71563720703125,283.9003295898437,293.82989501953125,0.0030878882389515,0.0057910680770874,0.0137635320425033,0.2946929931640625,-5.8878021240234375,-1.6310272216796875,-3.7129974365234375,-3.5964813232421875,1.4171600341796875
2021-04-25,12,2,303.5552978515625,293.2669982910156,-1.0230560302734375,0.7930450439453125,126.75,91240.046875,268.4400634765625,283.6776123046875,296.6908569335937,0.0024454111699014,0.0082424581050872,0.0113161616027355,-1.3224334716796875,-4.821823120117188,-3.4999237060546875,-4.0438995361328125,-4.8970947265625,0.47857666015625
2021-04-25,18,3,297.689697265625,292.0793762207031,-1.3072967529296875,1.548004150390625,13.625,91483.109375,267.7154846191406,283.0577392578125,295.481201171875,0.0019761694129556,0.0076689831912517,0.0119761936366558,-1.761810302734375,-4.1395416259765625,-3.068603515625,-5.0067138671875,-6.739028930664063,6.820404052734375
2021-04-26,0,0,297.4301452636719,292.8715209960937,-0.4642791748046875,0.341552734375,292.875,91443.234375,267.77655029296875,282.80841064453125,292.9109802246094,0.0016666364390403,0.0046664006076753,0.013313889503479,-0.6474761962890625,-7.682525634765625,2.429534912109375,-1.16094970703125,-5.757568359375,1.174530029296875
2021-04-26,6,1,302.6937255859375,293.002685546875,-0.8299102783203125,0.059326171875,206.125,91553.75,267.7113037109375,284.3286437988281,295.02313232421875,0.0017372167203575,0.0027629791293293,0.0119782984256744,-0.4929046630859375,-8.38873291015625,-1.47552490234375,-1.2306671142578125,-4.521652221679688,-0.2987823486328125
2021-04-26,12,2,304.4085998535156,292.0053100585937,-0.84344482421875,0.64642333984375,0.0,91203.859375,267.4775390625,283.02130126953125,297.929443359375,0.0020045496057718,0.0070118904113769,0.0094480738043785,0.2824249267578125,-6.2166900634765625,-2.46441650390625,-0.44189453125,-6.710205078125,-0.3841552734375
2021-04-26,18,3,297.9574584960937,289.79620361328125,-1.823516845703125,0.341217041015625,0.0,91499.359375,267.498779296875,282.9637451171875,296.7186279296875,0.0022448676172643,0.0062411874532699,0.0097622834146022,0.7596588134765625,-2.0125274658203125,-3.1824951171875,-0.924224853515625,-6.6754913330078125,4.900543212890625
2021-04-27,0,0,296.6458740234375,291.5436706542969,-0.074615478515625,-0.3118133544921875,420.0,91470.375,266.0419006347656,282.5538024902344,293.2284851074219,0.0022645462304353,0.005315039306879,0.012622021138668,2.4917755126953125,-8.124343872070312,1.5609130859375,0.81072998046875,-5.41845703125,0.3072967529296875
2021-04-27,6,1,302.51971435546875,293.139892578125,-0.712982177734375,-1.2762603759765625,722.625,91625.671875,267.3891906738281,282.93572998046875,294.7236328125,0.0016822533216327,0.0050887875258922,0.0129146836698055,2.230316162109375,-8.247833251953125,-1.4647979736328125,-0.97735595703125,-3.260971069335937,-2.0663299560546875
2021-04-27,12,2,303.9428100585937,291.2426147460937,-0.50909423828125,0.881561279296875,0.0,91315.140625,267.0977478027344,282.667724609375,297.7694702148437,0.0020692294929176,0.006807617843151,0.0086040645837783,2.62921142578125,-6.89166259765625,-3.575927734375,-2.17596435546875,-4.631011962890625,0.5704803466796875
2021-04-27,18,3,297.7799072265625,289.40972900390625,-1.3580474853515625,0.5505218505859375,12.875,91622.8125,267.18572998046875,283.1105041503906,296.2894897460937,0.0019273324869573,0.0065793357789516,0.0091669745743274,1.84588623046875,-3.271514892578125,-2.7005615234375,0.2248687744140625,-7.088180541992188,3.79608154296875
2021-04-28,0,0,296.05450439453125,292.4826354980469,0.9377593994140624,-1.844512939453125,1330.75,91599.671875,266.479736328125,282.1510009765625,294.4891967773437,0.0025512711144983,0.0073589012026786,0.0111585780978202,3.723846435546875,-8.107345581054688,3.254867553710937,2.0179595947265625,-3.4102935791015625,-5.404296875
2021-04-28,6,1,303.2436218261719,291.7569885253906,-0.318511962890625,-0.7875823974609375,209.125,91680.65625,267.168701171875,283.3470458984375,295.3892517089844,0.0015688601415604,0.0065001677721738,0.011509995907545,4.6846771240234375,-7.075729370117188,-0.9113311767578124,-0.0305023193359375,-3.554428100585937,-1.3651123046875
2021-04-28,12,2,304.4951171875,293.2461242675781,-0.4569854736328125,0.7504730224609375,255.0,91300.359375,266.67236328125,283.1645202636719,298.0722045898437,0.0022026808001101,0.0084705352783203,0.0103608407080173,3.11871337890625,-4.5459747314453125,-2.283477783203125,-2.3492584228515625,-4.6719512939453125,0.7995452880859375
2021-04-28,18,3,298.40966796875,290.0995788574219,-0.819793701171875,-1.3565521240234375,149.5,91608.828125,266.5946960449219,282.0335693359375,296.74005126953125,0.0020807464607059,0.0089903622865676,0.0100140422582626,3.768722534179688,-2.78143310546875,-2.394134521484375,-1.79864501953125,-1.1423492431640625,-0.17010498046875
2021-04-29,0,0,297.79266357421875,291.4491271972656,-0.42181396484375,1.2086639404296875,548.125,91502.640625,266.7133178710937,282.94244384765625,294.4987487792969,0.0009966320358216,0.007856860756874,0.0115522556006908,4.402069091796875,-8.026992797851562,1.0772247314453125,-5.4575042724609375,-3.349700927734375,2.609344482421875
2021-04-29,6,1,302.798095703125,292.838623046875,0.412109375,-0.419586181640625,972.125,91657.390625,266.59893798828125,283.32476806640625,294.96514892578125,0.0009142614435404,0.0061470828950405,0.0129677206277847,1.96978759765625,-6.738540649414063,0.3305206298828125,-2.8905181884765625,-2.175506591796875,-0.86920166015625
2021-04-29,12,2,303.2834167480469,293.52569580078125,-0.265380859375,-0.43402099609375,791.125,91238.71875,266.6146240234375,283.7086181640625,297.2752380371094,0.0015233280137181,0.0087082907557487,0.0120805911719799,2.505523681640625,-5.5973052978515625,-3.2625274658203125,-1.8907928466796875,-2.4515380859375,1.008453369140625
2021-04-29,18,3,296.3846130371094,293.20135498046875,1.1921844482421875,-2.1298370361328125,835.375,91549.390625,266.69537353515625,283.2021484375,295.68707275390625,0.0031107042450457,0.008004605770111,0.0110434181988239,2.3023834228515625,-5.3467559814453125,-1.861053466796875,-1.4148101806640625,-0.627288818359375,-2.614959716796875
2021-04-30,0,0,296.2314453125,293.34722900390625,-1.1061248779296875,-0.7032012939453125,480.5,91397.015625,267.4569702148437,282.55035400390625,293.6845703125,0.0026793335564434,0.006447896361351,0.0109656527638435,1.7758636474609375,-7.18658447265625,-5.993560791015625,-1.7091522216796875,-0.858062744140625,-1.0394134521484375
2021-04-30,6,1,301.7598571777344,292.3506164550781,-1.96624755859375,0.049835205078125,470.875,91566.59375,267.45587158203125,283.9219665527344,295.0127868652344,0.0019696820527315,0.0043892636895179,0.0125322639942169,1.420806884765625,-6.1826019287109375,-3.15081787109375,-1.9999237060546875,-0.8654632568359375,-0.1854095458984375
2021-04-30,12,2,303.7115478515625,292.2164306640625,-1.86663818359375,0.519073486328125,11.5,91205.921875,268.0032653808594,283.5615539550781,297.28424072265625,0.0017460077069699,0.006812185049057,0.0103082135319709,5.186431884765625,-3.713211059570313,-4.18438720703125,-0.527557373046875,-3.8265228271484375,-0.04534912109375
2021-04-30,18,3,297.241455078125,291.69403076171875,-1.89288330078125,1.055694580078125,69.5,91451.84375,267.3891296386719,283.6549072265625,295.3843688964844,0.0023279623128473,0.0066252499818801,0.0118924044072628,4.163345336914063,-1.82904052734375,-4.48175048828125,-0.47027587890625,-3.9705963134765625,5.063873291015625
2021-05-01,0,0,296.8975830078125,293.2698974609375,-1.4542694091796875,1.1972503662109375,549.5,91363.609375,268.614501953125,282.79296875,293.4072265625,0.0013105208054184,0.0063804537057876,0.0135750211775302,2.88726806640625,-4.7580413818359375,0.2393951416015625,-0.9365692138671876,-3.679107666015625,4.688201904296875
2021-05-01,6,1,302.5023803710937,292.5825500488281,-2.1639556884765625,0.6188201904296875,370.25,91519.890625,267.79412841796875,283.76397705078125,294.7823181152344,0.0012794849462807,0.0053901895880699,0.0127863325178623,2.6755523681640625,-5.894088745117188,-3.403350830078125,-0.012481689453125,-1.429840087890625,0.6641387939453125
2021-05-01,12,2,303.8405456542969,291.0111083984375,-1.4821014404296875,0.5774078369140625,0.625,91173.578125,268.11297607421875,283.44744873046875,297.342529296875,0.0017460947856307,0.007035057991743,0.009964857250452,3.5829010009765625,-5.033004760742188,-4.507659912109375,-1.6354217529296875,-2.21923828125,1.3646392822265625
2021-05-01,18,3,297.60382080078125,291.20025634765625,-2.16375732421875,1.9374542236328125,300.75,91554.703125,268.3202514648437,283.032958984375,294.18634033203125,0.0026398161426186,0.0074133165180683,0.0119480527937412,4.08685302734375,-3.0600738525390625,-3.74932861328125,-2.32415771484375,-4.223312377929688,6.32452392578125
2021-05-02,0,0,296.7694091796875,293.73406982421875,-0.9841461181640624,1.06939697265625,921.25,91450.6875,268.05474853515625,283.7220153808594,292.5566101074219,0.0030705020762979,0.0051900967955589,0.0129418186843395,1.373291015625,-7.1671905517578125,0.1761322021484375,-2.9405517578125,-3.0643310546875,3.3437042236328125
2021-05-02,6,1,302.0974426269531,292.3919677734375,-1.716461181640625,0.086578369140625,164.0,91582.0625,267.69219970703125,283.5290222167969,294.1025695800781,0.0031130760908126,0.0055844411253929,0.0128469541668891,-0.230133056640625,-5.1358642578125,-2.6929473876953125,-3.39813232421875,-0.0450286865234375,-0.11962890625
2021-05-02,12,2,304.2977294921875,290.1651611328125,-0.5632781982421875,0.575531005859375,0.0,91176.40625,268.813720703125,283.3103942871094,297.5570678710937,0.0034406869672238,0.0074324905872344,0.0099215321242809,1.60113525390625,-4.954803466796875,-2.560760498046875,-0.5789031982421875,-4.103805541992188,-0.00531005859375
2021-05-02,18,3,298.7700500488281,291.9496154785156,-3.208236694335937,1.6808929443359375,252.25,91441.203125,269.1353759765625,283.05242919921875,293.8354187011719,0.0031687507871538,0.0079024210572242,0.0129108950495719,3.900711059570313,-0.204742431640625,-4.90069580078125,-1.4463653564453125,-5.273223876953125,6.583526611328125
2021-05-03,0,0,296.8741455078125,294.2979736328125,-1.5314483642578125,1.073883056640625,831.875,91417.625,267.8764038085937,281.8831787109375,292.70782470703125,0.0034908342640846,0.0085130147635936,0.0133436620235443,2.170989990234375,-4.829803466796875,-1.167236328125,-1.116668701171875,-4.230728149414063,3.742965698242188
2021-05-03,6,1,302.6994323730469,293.5870666503906,-1.0311431884765625,0.5382843017578125,1100.5,91521.78125,267.5873413085937,283.2066650390625,293.71484375,0.0029168406035751,0.0077176354825496,0.0141887515783309,0.9824066162109376,-4.271209716796875,-1.45172119140625,-2.842071533203125,-2.72833251953125,0.61224365234375
2021-05-03,12,2,305.1659545898437,291.6039428710937,-0.1265869140625,0.4249420166015625,114.375,91109.859375,268.0208435058594,283.613525390625,297.7264404296875,0.0020113396458327,0.0081080049276351,0.0108268745243549,1.1931304931640625,-3.1150054931640625,-2.1841583251953125,-2.725921630859375,-3.4188385009765625,-0.7850799560546875
2021-05-03,18,3,297.970947265625,293.4186706542969,-0.285064697265625,1.424285888671875,418.5,91456.578125,267.619140625,284.43023681640625,293.730224609375,0.0024577365256845,0.0072457045316696,0.0129188261926174,-0.1118316650390625,-0.6153717041015625,-1.76898193359375,-2.5626373291015625,-4.7515869140625,6.9353790283203125
2021-05-04,0,0,298.0687255859375,293.8840637207031,0.06744384765625,1.14605712890625,231.5,91380.46875,268.03790283203125,283.6810302734375,291.7289428710937,0.0021768235601484,0.0058947876095771,0.0138363316655159,-1.350677490234375,-4.617523193359375,1.6827545166015625,-2.0333709716796875,-5.781829833984375,3.85650634765625
2021-05-04,6,1,302.8372802734375,292.9603271484375,-0.2662200927734375,0.5582275390625,440.75,91490.921875,269.3714294433594,283.636474609375,294.1083068847656,0.0024966588243842,0.0061754696071147,0.0135767571628093,-1.5875091552734375,-4.4346923828125,-0.5278778076171875,-1.696868896484375,-4.3365020751953125,0.5893707275390625
2021-05-04,12,2,303.27392578125,292.5237731933594,-0.8336944580078125,-0.8863983154296875,808.875,91136.375,269.12481689453125,283.8354187011719,295.56231689453125,0.0037035613786429,0.0081671513617038,0.0136731453239917,-0.406036376953125,-3.257568359375,-1.860015869140625,-3.837326049804688,-2.179595947265625,-0.352813720703125
2021-05-04,18,3,297.4198608398437,293.73309326171875,-0.073150634765625,0.9419097900390624,543.75,91513.875,268.501220703125,283.54278564453125,293.354736328125,0.0034551236312836,0.0090688429772853,0.0135323107242584,0.441436767578125,-3.3918609619140625,-3.646514892578125,-6.423614501953125,-2.687484741210937,5.5102386474609375
2021-05-05,0,0,297.09735107421875,294.4493713378906,-0.79974365234375,1.00433349609375,50.875,91346.4375,268.90301513671875,285.1219482421875,292.7541809082031,0.002342804800719,0.0048077069222927,0.0129642933607101,-1.2772216796875,-6.679412841796875,-0.9327239990234376,-7.8852691650390625,-2.74566650390625,3.519195556640625
2021-05-05,6,1,303.4359741210937,292.26104736328125,-1.581024169921875,0.0074310302734375,24.25,91466.03125,269.0232849121094,285.3158569335937,295.0716857910156,0.0020990299526602,0.0052182152867317,0.0124818235635757,-2.2474822998046875,-6.98486328125,-2.5627593994140625,-8.0574951171875,-1.585174560546875,-0.2791595458984375
2021-05-05,12,2,305.23974609375,291.4432067871094,-2.027694702148437,0.8333892822265625,9.75,91102.1875,269.3900451660156,283.3041687011719,297.5704650878906,0.0012488646898418,0.0095128342509269,0.0116409137845039,-0.0480804443359375,-5.2625732421875,-3.7404937744140634,-7.974273681640625,-2.8981475830078125,0.975677490234375
2021-05-05,18,3,299.0068359375,290.5446472167969,-2.542953491210937,2.38970947265625,3.75,91467.171875,268.3538818359375,283.8368530273437,294.4530639648437,0.0027251536957919,0.0088141486048698,0.0122887231409549,-0.6494598388671875,-4.399078369140625,-3.765838623046875,-8.72015380859375,-4.07073974609375,8.94073486328125
2021-05-06,0,0,297.192626953125,293.6729736328125,-0.45782470703125,0.9388427734375,76.125,91404.890625,267.11279296875,283.71893310546875,292.3379211425781,0.0039722495712339,0.0058332942426204,0.0129235424101352,-0.0464630126953125,-8.505081176757812,0.5688323974609375,-7.767715454101562,-2.0789794921875,4.5896759033203125
2021-05-06,6,1,302.515869140625,292.0882568359375,-1.4069976806640625,1.3626708984375,60.0,91614.390625,267.79644775390625,284.2198791503906,294.4876708984375,0.0033948724158108,0.0054552890360355,0.012750968337059,-3.48724365234375,-6.999664306640625,-2.464874267578125,-4.5325469970703125,-0.3240203857421875,1.6556396484375
2021-05-06,12,2,305.45281982421875,289.9750671386719,-0.93817138671875,0.993072509765625,0.0,91208.265625,269.37255859375,283.82733154296875,298.25421142578125,0.0019312719814479,0.0068601742386817,0.0095540918409824,-2.807357788085937,-6.012420654296875,-2.233261108398437,-5.9972076416015625,-3.161361694335937,1.0962677001953125
2021-05-06,18,3,299.49713134765625,292.471923828125,-2.52532958984375,2.044281005859375,31.125,91526.34375,269.08917236328125,284.2218933105469,294.73455810546875,0.0013129375874996,0.0071078650653362,0.0122208148241043,-4.8067626953125,-2.4959869384765625,-2.4675750732421875,-6.4034423828125,-5.5483245849609375,8.073959350585938
2021-05-07,0,0,297.44171142578125,293.4559936523437,-0.61370849609375,1.3375701904296875,131.25,91490.953125,270.1381225585937,283.08953857421875,291.3779296875,0.0008096636738628,0.007357645779848,0.0144683495163917,-5.376724243164063,-6.604415893554688,0.888702392578125,-4.321929931640625,-4.080734252929688,6.530792236328125
2021-05-07,6,1,302.9014892578125,292.970703125,-1.32708740234375,0.7437591552734375,100.25,91648.4375,269.5570678710937,283.61004638671875,293.9158935546875,0.0011025131680071,0.007324144244194,0.013531032949686,-5.007827758789063,-6.533905029296875,-2.03228759765625,-1.9863739013671875,-1.5225982666015625,0.94891357421875
2021-05-07,12,2,305.35357666015625,291.58892822265625,-1.606048583984375,-0.427032470703125,17.875,91257.109375,269.90802001953125,284.0636291503906,297.260009765625,0.0009614918380975,0.0080613568425178,0.0112496241927146,-3.6036224365234375,-5.20855712890625,-3.0457916259765625,-4.940963745117188,-2.28753662109375,-0.6639862060546875
2021-05-07,18,3,298.2406005859375,293.4801940917969,-0.7921600341796875,2.4581756591796875,426.875,91649.1875,270.2518310546875,282.8324584960937,292.8011474609375,0.0016941695939749,0.0087624639272689,0.0141382068395614,-8.202789306640625,-4.153976440429688,-2.399765014648437,-5.798095703125,-4.5341796875,8.19659423828125
2021-05-08,0,0,297.4056701660156,293.9361572265625,-0.352020263671875,0.9469146728515624,162.875,91471.0625,270.33953857421875,283.85211181640625,291.1417541503906,0.0014635003171861,0.0057726688683032,0.0148697607219219,-5.8670806884765625,-7.557891845703125,0.9827423095703124,-4.616012573242188,-1.532012939453125,3.1671142578125
2021-05-08,6,1,302.85772705078125,292.6016845703125,-2.448272705078125,0.1748199462890625,40.125,91540.546875,269.4093017578125,283.23394775390625,294.23455810546875,0.0015964100603014,0.0073430575430393,0.0135627277195453,-6.506607055664063,-6.3710479736328125,-3.718719482421875,-3.2783660888671875,-1.28692626953125,-0.0893096923828125
2021-05-08,12,2,304.7856750488281,290.93780517578125,-2.1162261962890625,1.6506500244140625,0.0,91123.53125,271.25201416015625,282.939208984375,298.0068054199219,0.001462034182623,0.0087888874113559,0.0106330960988998,-4.670913696289063,-5.739532470703125,-4.3473052978515625,-3.8912353515625,-3.3116912841796875,2.14068603515625
2021-05-08,18,3,299.2611083984375,293.31573486328125,-2.922607421875,1.9568939208984373,169.875,91477.796875,270.36602783203125,283.6269226074219,293.6470031738281,0.0015419598203152,0.0082354359328746,0.0136295445263385,-4.8848876953125,-3.925689697265625,-5.593658447265625,-5.826141357421875,-5.0757598876953125,7.27508544921875
2021-05-09,0,0,297.21014404296875,294.0023193359375,-0.670562744140625,1.4857330322265625,147.125,91319.515625,270.7177124023437,284.20269775390625,292.85205078125,0.0013979491777718,0.0082124322652816,0.0134642757475376,-5.624237060546875,-6.67364501953125,-2.0953826904296875,-3.157806396484375,-2.033050537109375,5.275070190429688
2021-05-09,6,1,303.2666015625,292.5441589355469,-0.9727630615234376,1.1354827880859375,146.625,91498.984375,270.27587890625,284.26422119140625,294.5843811035156,0.0014707027003169,0.0078049972653388,0.0136091150343418,-5.375152587890625,-6.2731475830078125,-1.712493896484375,-3.860626220703125,0.0615081787109375,1.2530364990234375
2021-05-09,12,2,305.833740234375,292.3415222167969,-1.1259307861328125,0.3942413330078125,2.5,91047.875,269.7325439453125,285.1791381835937,297.5997009277344,0.0022894563153386,0.007783968001604,0.0119493789970874,-5.716812133789063,-2.87933349609375,-1.49072265625,-3.8189849853515625,-0.9523468017578124,0.3898468017578125
2021-05-09,18,3,300.5875549316406,292.92413330078125,-0.7106781005859375,2.04278564453125,204.0,91416.390625,270.1527099609375,283.1292724609375,294.4293212890625,0.0014333047438412,0.0102221257984638,0.013891015201807,-5.540328979492188,-0.4939422607421875,-1.9947357177734373,-1.1353607177734375,-5.212158203125,8.18658447265625
2021-05-10,0,0,298.0291442871094,294.1102905273437,0.289337158203125,1.3846282958984375,272.75,91304.484375,269.9392395019531,284.34698486328125,292.335205078125,0.0012232835870236,0.0080225430428981,0.0144655518233776,-4.921310424804688,-6.579986572265625,2.881088256835937,-2.7129058837890625,-2.309906005859375,2.4715576171875
2021-05-10,6,1,303.78472900390625,292.8225402832031,-0.42059326171875,-0.5442047119140625,396.5,91439.171875,270.1015625,284.3646240234375,295.2396850585937,0.0011836776975542,0.0087137296795845,0.0143028572201728,-7.4408721923828125,-5.610504150390625,-0.6020050048828125,-0.649566650390625,-1.1072845458984375,-0.89703369140625
2021-05-10,12,2,302.99615478515625,294.2079467773437,-2.181915283203125,0.600860595703125,206.5,91083.59375,269.8297119140625,284.6591796875,297.11529541015625,0.0029848308768123,0.0096578486263751,0.0133591741323471,-4.4793243408203125,-2.851806640625,-3.8336029052734375,-2.3197021484375,-2.2584381103515625,0.6907958984375
2021-05-10,18,3,298.6602783203125,294.9556884765625,1.540130615234375,0.6179046630859375,401.75,91414.34375,270.3758544921875,284.4008483886719,294.5263061523437,0.0011137081310153,0.0089492052793502,0.0140308551490306,-6.270431518554688,-6.667724609375,0.21673583984375,-1.5885467529296875,-2.529937744140625,4.340576171875
2021-05-11,0,0,297.5106811523437,295.64892578125,1.2730255126953125,0.496612548828125,546.375,91281.109375,269.92156982421875,285.5146484375,293.0917663574219,0.0013057498726993,0.0059951320290565,0.0143964067101478,-5.500640869140625,-9.056106567382812,3.50103759765625,-0.6020660400390625,-1.099212646484375,2.414154052734375
2021-05-11,6,1,303.4526672363281,293.78472900390625,0.9464569091796876,-0.177886962890625,300.375,91435.96875,270.0341796875,284.4900207519531,294.66473388671875,0.0010495719034224,0.0086012147367,0.014712419360876,-6.2618408203125,-4.454071044921875,1.083770751953125,0.6822662353515625,0.79107666015625,-0.479217529296875
2021-05-11,12,2,304.03729248046875,293.8767395019531,-0.0876617431640625,0.7081451416015625,187.5,91071.3125,270.03564453125,285.18927001953125,297.05340576171875,0.0019151531159877,0.0091843679547309,0.0135786011815071,-2.66204833984375,-4.066329956054688,-1.0227813720703125,0.83880615234375,0.318115234375,1.088775634765625
2021-05-11,18,3,298.27850341796875,295.1219177246094,-0.0446319580078125,-2.4163970947265625,670.375,91437.53125,269.69696044921875,284.21466064453125,294.72216796875,0.0011414811015129,0.0099828839302062,0.0143597945570945,-0.31610107421875,-4.0907135009765625,0.119140625,2.46868896484375,0.9690704345703124,-3.07415771484375
2021-05-12,0,0,296.6634521484375,294.8192138671875,0.81549072265625,-1.3309783935546875,148.75,91281.265625,269.9883728027344,284.7740478515625,292.54901123046875,0.0010617275256663,0.0081402324140071,0.0143787041306495,-0.131561279296875,-4.996551513671875,-0.0079345703125,-0.33673095703125,-1.1775360107421875,-3.404510498046875
2021-05-12,6,1,302.09088134765625,294.1112060546875,-0.0760345458984375,-0.4040374755859375,84.125,91336.828125,269.38006591796875,285.0841064453125,294.6117553710937,0.0014249668456614,0.0080089829862117,0.014327622950077,-1.612640380859375,-3.658035278320313,-0.5334014892578125,0.642730712890625,1.321929931640625,-0.58782958984375
2021-05-12,12,2,303.98541259765625,293.9315185546875,-0.6038055419921875,1.0401611328125,242.625,90931.0625,269.9063720703125,284.97247314453125,296.7973937988281,0.0025733022484928,0.0090864021331071,0.0144609175622463,-1.7076416015625,-4.855865478515625,-1.08416748046875,-3.672164916992188,-0.282958984375,1.26043701171875
2021-05-12,18,3,296.4330139160156,294.7384033203125,2.06451416015625,-0.7014007568359375,422.0,91235.8125,269.5138854980469,284.85906982421875,293.438720703125,0.0030539541039615,0.0090412981808185,0.0147002413868904,-4.64971923828125,-3.893356323242188,3.260360717773437,0.8233184814453125,1.651275634765625,1.4200286865234375
2021-05-13,0,0,296.2829895019531,294.9123229980469,1.510589599609375,-0.4253387451171875,226.625,91148.21875,269.1010131835937,284.9709167480469,293.1540832519531,0.0025274918880313,0.0069184526801109,0.0149496532976627,0.6317901611328125,-2.909332275390625,3.75146484375,1.025604248046875,2.654769897460937,0.3864288330078125
2021-05-13,6,1,302.4228515625,294.69207763671875,1.8943023681640625,0.99273681640625,1199.5,91320.375,269.0746765136719,284.60601806640625,294.09576416015625,0.0021727217826992,0.0069109620526432,0.01587875187397,-0.09283447265625,-3.461898803710937,2.5247955322265625,2.8000946044921875,2.4957275390625,1.1776885986328125
2021-05-13,12,2,303.7252197265625,293.9654235839844,-1.6739044189453125,-0.7967071533203125,747.25,90916.015625,269.39825439453125,285.3336486816406,297.07684326171875,0.0038077963981777,0.0077322907745838,0.0146408267319202,-0.2838287353515625,-3.2115020751953125,-1.8555755615234373,1.2441253662109375,2.209320068359375,0.10906982421875
2021-05-13,18,3,296.9327087402344,294.33447265625,1.2322998046875,0.8851165771484375,1020.125,91300.828125,269.36785888671875,284.1729431152344,293.03643798828125,0.0040045557543635,0.0106319971382617,0.0144696831703186,-0.9960174560546876,-4.97772216796875,0.386688232421875,3.41546630859375,3.371429443359375,5.1428070068359375
2021-05-14,0,0,296.40509033203125,294.6685791015625,0.986541748046875,0.495452880859375,156.625,91107.90625,269.5806884765625,284.22509765625,292.6115417480469,0.0038015197496861,0.0081512741744518,0.0139187164604663,-2.5273590087890625,-5.9972991943359375,-0.4520111083984375,3.0597686767578125,6.3227081298828125,4.11322021484375
2021-05-14,6,1,303.0071105957031,294.0208740234375,-0.928466796875,3.8337554931640634,99.5,91076.171875,269.9847717285156,285.31512451171875,295.1088256835937,0.0039332825690507,0.0092370435595512,0.0139165520668029,-5.7934112548828125,-2.718963623046875,-1.474151611328125,5.42401123046875,8.546661376953125,5.8162689208984375
2021-05-14,12,2,304.0834350585937,291.7906494140625,-1.8561248779296875,3.7962646484375,1.375,90769.890625,269.7620849609375,285.0331420898437,297.390869140625,0.0038144860882312,0.0097312033176422,0.0123746022582054,-5.0844268798828125,-4.960617065429688,-3.875076293945313,7.54510498046875,5.427947998046875,7.596923828125
2021-05-14,18,3,298.53973388671875,292.283447265625,-1.1894683837890625,3.9875335693359375,0.0,90997.71875,270.48419189453125,284.43658447265625,294.02252197265625,0.0034067176748067,0.0091486945748329,0.0127602815628051,-6.5196380615234375,-5.262741088867188,-1.5059967041015625,10.738204956054688,7.3173828125,12.83697509765625
2021-05-15,0,0,296.903076171875,292.71502685546875,-1.136749267578125,2.662384033203125,0.0,90846.546875,269.5888671875,284.0552978515625,293.1063232421875,0.0046384911984205,0.0097247175872325,0.0126956179738044,-9.455642700195312,2.208282470703125,1.4621734619140625,12.554489135742188,11.310134887695312,7.9887237548828125
2021-05-15,6,1,297.844970703125,294.2486877441406,-1.0513916015625,4.969406127929688,199.625,91063.140625,269.7333984375,284.35260009765625,291.2640075683594,0.0056616626679897,0.0097368881106376,0.0142332427203655,4.8486175537109375,4.50701904296875,-0.593536376953125,9.466171264648438,8.736236572265625,10.96697998046875
2021-05-15,12,2,298.0124816894531,295.44744873046875,-2.28167724609375,3.3050689697265625,110.5,90792.125,270.04119873046875,284.5423278808594,293.0985107421875,0.0060241818428039,0.0102835223078727,0.0137443467974662,3.9499664306640634,9.712783813476562,0.798614501953125,14.359130859375,9.139175415039062,8.082855224609375
2021-05-15,18,3,295.419921875,294.07012939453125,-0.8825225830078125,3.7335205078125,0.5,91003.890625,270.0892333984375,284.7039794921875,292.69305419921875,0.0051933880895376,0.0095131807029247,0.0139883272349834,11.992416381835938,5.634124755859375,2.9356231689453125,10.671768188476562,12.234359741210938,9.653778076171877
2021-05-16,0,0,295.88287353515625,293.490966796875,-0.9055328369140624,3.1853179931640625,3.25,90947.796875,269.7884826660156,285.38787841796875,291.9171142578125,0.0055151134729385,0.0087070912122726,0.0139028802514076,4.1530303955078125,5.439300537109375,4.00286865234375,14.288681030273438,12.627456665039062,8.891860961914062
2021-05-16,6,1,299.3122863769531,294.0284423828125,-0.7860565185546875,3.908126831054688,104.75,91203.609375,270.41082763671875,283.96221923828125,292.26873779296875,0.0060560926795005,0.0097575560212135,0.013776060193777,2.0255889892578125,9.2210693359375,6.5596923828125,13.231781005859377,8.806655883789062,11.601242065429688
2021-05-16,12,2,298.2943725585937,295.07244873046875,1.20770263671875,2.6956329345703125,104.25,91061.296875,270.2673645019531,284.8878173828125,292.17303466796875,0.0055771395564079,0.0092104561626911,0.0138117112219333,0.5257415771484375,9.891891479492188,7.967437744140625,10.928924560546877,7.0780181884765625,8.4820556640625
2021-05-16,18,3,296.1334533691406,293.6556091308594,2.1353759765625,2.368560791015625,0.0,91228.4375,269.8030700683594,285.2270812988281,291.9587097167969,0.0055258721113204,0.0081396885216236,0.0129250697791576,0.3582000732421875,6.066085815429688,10.329391479492188,10.980728149414062,5.255416870117188,8.918228149414062
2021-05-17,0,0,295.97467041015625,293.61920166015625,1.4946441650390625,2.300521850585937,0.0,91173.0,269.6929931640625,285.2223205566406,292.4154052734375,0.0048926323652267,0.0076652765274047,0.0128512419760227,-1.010650634765625,2.2809600830078125,9.838150024414062,11.268218994140623,6.511001586914063,8.6357421875
2021-05-17,6,1,302.1288452148437,293.21630859375,2.3130645751953125,3.1043853759765625,12.625,91426.453125,269.7772216796875,284.3057861328125,293.7393493652344,0.0043156594038009,0.0091115124523639,0.0136616118252277,1.8919525146484373,1.409088134765625,3.3563385009765625,10.024185180664062,5.13214111328125,4.584197998046875
2021-05-17,12,2,300.71533203125,295.4926452636719,2.746444702148437,1.481201171875,286.625,91155.21875,270.3466796875,284.4412841796875,294.77606201171875,0.0042500905692577,0.0092579089105129,0.0141853056848049,0.248748779296875,1.676422119140625,4.4781036376953125,4.6058349609375,5.297149658203125,3.909744262695313
2021-05-17,18,3,296.34100341796875,293.9710693359375,1.8802642822265625,1.900360107421875,69.875,91418.203125,269.7587280273437,283.83026123046875,293.2681884765625,0.0044398568570613,0.0095021650195121,0.012604247778654,-1.890289306640625,-0.1517791748046875,6.733200073242188,4.692550659179688,3.676116943359375,5.9954681396484375
2021-05-18,0,0,296.3993225097656,293.5399169921875,2.0415802001953125,1.4374237060546875,0.0,91250.921875,269.7831115722656,284.51593017578125,292.8979187011719,0.0036765122786164,0.0084600932896137,0.0129758417606353,-1.3031463623046875,-0.244232177734375,3.441268920898437,5.514801025390625,6.450286865234375,7.232620239257812
2021-05-18,6,1,302.81817626953125,293.5642395019531,2.534423828125,3.382293701171875,100.0,91412.265625,270.4114990234375,284.470458984375,293.4110412597656,0.0028731438796967,0.0080175027251243,0.0144025422632694,-2.338592529296875,-0.0310516357421875,3.779052734375,6.3455963134765625,6.712814331054688,5.06011962890625
2021-05-18,12,2,300.4363098144531,296.3624572753906,3.635086059570313,2.4744873046875,355.0,91207.28125,268.8344421386719,284.3432312011719,293.69989013671875,0.0032896832562983,0.0089495368301868,0.0141995698213577,-0.9586639404296876,0.5383758544921875,8.624526977539062,3.5316619873046875,4.8095245361328125,5.55194091796875
2021-05-18,18,3,296.5194396972656,294.093017578125,2.2077178955078125,1.571258544921875,0.0,91382.015625,269.97039794921875,284.89276123046875,293.32672119140625,0.0015630624257028,0.0091378465294837,0.012463416904211,0.5400390625,2.2966461181640625,7.5481109619140625,3.152328491210937,3.9052886962890634,4.9043731689453125
2021-05-19,0,0,296.4287109375,293.72412109375,1.63690185546875,1.321563720703125,0.0,91253.21875,270.5919189453125,284.13037109375,292.97784423828125,0.0013036229647696,0.0108237210661172,0.0128749944269657,0.4947357177734375,3.669525146484375,7.18145751953125,1.55029296875,3.22235107421875,6.552825927734375
2021-05-19,6,1,302.31866455078125,294.5167236328125,2.533843994140625,2.1951446533203125,498.5,91369.875,270.35968017578125,284.27471923828125,293.3351745605469,0.0013283835723996,0.0103762932121753,0.0149484537541866,-0.6468353271484375,3.0114898681640625,3.755416870117188,0.656097412109375,4.052520751953125,3.35186767578125
2021-05-19,12,2,302.4774169921875,295.22906494140625,1.642303466796875,2.2516632080078125,1202.625,91057.828125,270.361083984375,284.5992431640625,294.587890625,0.0019127570558339,0.0103252008557319,0.0155998207628726,-2.28680419921875,1.094390869140625,5.0107269287109375,0.6531829833984375,3.965118408203125,5.1082916259765625
2021-05-19,18,3,296.6244812011719,294.46014404296875,1.9376068115234373,1.5036773681640625,521.75,91373.3125,269.3420104980469,284.02740478515625,291.9335021972656,0.00344720040448,0.0103045888245105,0.0144938230514526,-0.2329559326171875,2.2910308837890625,7.1455841064453125,-0.965606689453125,2.2757720947265625,2.933456420898437
2021-05-20,0,0,296.30078125,294.06719970703125,2.5736236572265625,1.0221099853515625,12.625,91284.859375,269.25421142578125,284.0445556640625,291.81134033203125,0.0042375661432743,0.0097563080489635,0.0131439864635467,-1.2698211669921875,2.521835327148437,8.71234130859375,-1.675628662109375,2.0453338623046875,2.3184967041015625
2021-05-20,6,1,301.41485595703125,294.044189453125,4.219512939453125,0.9636383056640624,301.25,91434.65625,269.25152587890625,283.6500549316406,292.8876342773437,0.0045048296451568,0.0102952159941196,0.0146975815296173,-0.465789794921875,2.636627197265625,6.269378662109375,-0.7994842529296875,3.4067840576171875,1.4189453125
2021-05-20,12,2,299.8785705566406,294.88531494140625,3.267547607421875,0.5368499755859375,519.75,91172.515625,269.4590148925781,283.9694519042969,293.3848876953125,0.0047635212540626,0.0103319734334945,0.0148082189261913,1.6483917236328125,9.510299682617188,7.512130737304687,-1.0191802978515625,0.9977264404296876,0.926300048828125
2021-05-20,18,3,296.26763916015625,294.3468933105469,2.159027099609375,0.665130615234375,248.5,91452.453125,269.1942443847656,283.8930053710937,291.909423828125,0.0049587786197662,0.009851086884737,0.0133919417858123,3.038116455078125,5.543746948242188,7.800933837890625,-0.6695709228515625,0.43316650390625,-0.2238006591796875
2021-05-21,0,0,295.99969482421875,294.30224609375,2.6315155029296875,0.36346435546875,42.375,91305.515625,268.5478515625,283.6756591796875,292.1739501953125,0.0048965327441692,0.0090035833418369,0.0126199275255203,2.015838623046875,4.765045166015625,9.48699951171875,-2.31512451171875,0.9026641845703124,-0.00726318359375
2021-05-21,6,1,301.194091796875,293.9495849609375,3.449081420898437,0.8770599365234375,603.875,91435.234375,268.68218994140625,283.14508056640625,292.4593505859375,0.0045550689101219,0.0097702145576477,0.0148014612495899,1.8198699951171875,5.388473510742188,5.61944580078125,-2.916748046875,1.4177093505859375,0.95001220703125
2021-05-21,12,2,297.6728820800781,294.4894714355469,3.1464080810546875,1.829437255859375,372.0,91195.265625,268.8812255859375,283.5208740234375,292.28936767578125,0.0051746703684329,0.0100913438946008,0.0146877020597457,2.106719970703125,7.8202667236328125,9.30712890625,-5.55035400390625,2.028182983398437,4.930572509765625
2021-05-21,18,3,295.2408447265625,294.33416748046875,2.570541381835937,1.3440704345703125,216.375,91448.53125,268.5933837890625,283.55426025390625,291.572998046875,0.0053774714469909,0.0098503604531288,0.0134950131177902,5.1751556396484375,8.610809326171875,9.084487915039062,-1.0097503662109375,0.9481048583984376,0.8528594970703125
2021-05-22,0,0,295.95074462890625,294.0771789550781,2.9389190673828125,0.3383331298828125,48.375,91256.140625,268.6402587890625,283.9010009765625,291.8382263183594,0.0050270073115825,0.0065839365124702,0.0117837078869342,7.80560302734375,7.546249389648437,8.119308471679688,1.0531158447265625,-1.6934967041015625,-0.9855499267578124
2021-05-22,6,1,301.45635986328125,293.5331420898437,2.9437255859375,-0.997283935546875,64.5,91381.65625,268.781494140625,283.8279113769531,292.5150756835937,0.0043274834752082,0.0070962645113468,0.0139745473861694,9.421035766601562,6.47039794921875,4.382049560546875,-4.7184906005859375,-1.3419952392578125,-1.7523345947265625
2021-05-22,12,2,299.8052673339844,295.21307373046875,1.6273193359375,-0.8323974609375,153.25,91063.8125,268.4339599609375,284.0912170410156,294.75390625,0.0046450244262814,0.0083389021456241,0.0130900628864765,7.1912689208984375,6.0187530517578125,3.795730590820313,-5.68621826171875,-2.24053955078125,-2.096160888671875
2021-05-22,18,3,296.09521484375,293.9691162109375,3.1605987548828125,0.9417724609375,129.25,91372.390625,268.8265991210937,283.54986572265625,292.683349609375,0.0045070983469486,0.0085452422499656,0.0139060355722904,7.898468017578125,3.610061645507813,8.423568725585938,-2.601593017578125,-2.1424713134765625,-0.9811248779296876
2021-05-23,0,0,296.2441711425781,294.29888916015625,3.19537353515625,0.1062164306640625,122.5,91251.609375,268.95166015625,284.1062316894531,292.2200012207031,0.0040742754936218,0.0073891393840312,0.0114025622606277,7.4462890625,1.86212158203125,10.517791748046877,-2.2144317626953125,-1.2799835205078125,-2.32635498046875
2021-05-23,6,1,302.0305480957031,291.58984375,4.038787841796875,-1.1162872314453125,9.25,91406.765625,268.7129821777344,284.3272705078125,292.962646484375,0.0044606178998947,0.0072552748024463,0.0128320790827274,9.46429443359375,1.3539581298828125,6.215484619140625,-3.705764770507813,-1.49359130859375,-1.9993133544921875
2021-05-23,12,2,303.0844116210937,292.870361328125,2.4187774658203125,-0.5535736083984375,86.0,91105.625,268.7504272460937,285.1334228515625,296.3250732421875,0.004592003300786,0.0071020908653736,0.0128364115953445,12.853500366210938,2.80615234375,5.353042602539063,-9.205352783203123,-0.9574127197265624,-1.5723724365234375
2021-05-23,18,3,297.6422424316406,293.7975769042969,4.131134033203125,0.46417236328125,130.25,91494.78125,268.6898193359375,284.85040283203125,293.38507080078125,0.0049154162406921,0.0059860274195671,0.0137010999023914,11.026229858398438,3.803009033203125,10.72314453125,-8.374649047851562,-0.923583984375,-2.230224609375
2021-05-24,0,0,296.6307983398437,293.98614501953125,3.176620483398437,-1.336090087890625,67.0,91355.140625,268.6659545898437,285.377685546875,292.3927001953125,0.0039820196107029,0.0054040029644966,0.0114528536796569,11.549057006835938,1.8604583740234373,9.5123291015625,-2.917999267578125,-0.387176513671875,-6.846038818359375
2021-05-24,6,1,301.71484375,291.9126892089844,5.2326202392578125,-2.5574188232421875,2.0,91422.421875,268.65216064453125,284.7606811523437,293.7376708984375,0.0036704165395349,0.0069949254393577,0.0127708576619625,10.55157470703125,6.25225830078125,8.134078979492188,-3.24285888671875,0.111358642578125,-4.076095581054688
2021-05-24,12,2,303.3807983398437,292.212646484375,2.98876953125,-1.3623199462890625,0.75,91101.0625,269.058837890625,283.9248046875,296.27716064453125,0.0037691800389438,0.0080010928213596,0.0119873471558094,12.58251953125,5.39056396484375,6.928070068359375,-5.3692169189453125,-2.8195343017578125,-3.6922454833984375
2021-05-24,18,3,297.9599609375,292.67156982421875,3.8494720458984375,0.3557281494140625,87.5,91352.515625,268.7525329589844,284.16290283203125,292.8408203125,0.0040357541292905,0.0087718367576599,0.0142377689480781,11.41119384765625,4.936370849609375,10.629791259765623,-4.94659423828125,-4.23822021484375,-2.27825927734375
2021-05-25,0,0,296.427490234375,294.220703125,3.3311920166015625,0.5854644775390625,41.5,91163.46875,268.4310607910156,283.3794250488281,292.81817626953125,0.0041051469743251,0.0094075091183185,0.0115240924060344,12.784408569335938,2.381683349609375,10.949813842773438,-3.0531158447265625,-4.585540771484375,-3.4653472900390625
2021-05-25,6,1,300.9816589355469,293.989013671875,4.805908203125,-1.226715087890625,298.0,91341.234375,268.1365966796875,283.1678161621094,292.9403686523437,0.0033002276904881,0.0091991275548934,0.0141495764255523,12.678131103515623,0.0301666259765625,7.41241455078125,-6.76171875,-3.92303466796875,-2.096298217773437
2021-05-25,12,2,299.98712158203125,295.4271240234375,2.71697998046875,0.4877471923828125,1015.5,91044.015625,269.0873413085937,283.7356872558594,293.5702514648437,0.0033417302183806,0.00871492177248,0.0146891623735427,8.843719482421875,1.2632293701171875,7.022216796875,-5.0209808349609375,-3.824295043945313,-2.6035308837890625
2021-05-25,18,3,294.69757080078125,293.8023681640625,3.86578369140625,1.7198944091796875,546.75,91320.609375,267.97509765625,283.84881591796875,291.60845947265625,0.0032105864956974,0.0081856697797775,0.0147151798009872,8.539321899414062,2.642730712890625,10.540969848632812,-0.5000457763671875,-4.6749420166015625,0.039825439453125
2021-05-26,0,0,296.2801513671875,294.427001953125,3.5950164794921875,0.6788330078125,240.375,91108.3125,267.8837280273437,283.35137939453125,292.736083984375,0.0019770124927163,0.0075487289577722,0.0123442523181438,11.180023193359377,3.5302886962890625,10.650405883789062,-1.7883758544921875,-7.103775024414063,-1.73199462890625
2021-05-26,6,1,300.91912841796875,292.9555053710937,5.1647491455078125,-1.1795501708984375,288.5,91235.609375,268.0526733398437,283.7612609863281,293.2525634765625,0.0029786070808768,0.0055927969515323,0.0139479376375675,10.235763549804688,3.395050048828125,7.901611328125,-1.993377685546875,-6.278472900390625,-1.9832305908203125
2021-05-26,12,2,301.98272705078125,293.6367492675781,3.632781982421875,0.8588104248046875,258.875,90974.5625,268.1211853027344,284.10552978515625,294.65008544921875,0.0013614243362098,0.0056136958301067,0.0133370608091354,8.462799072265625,4.9719085693359375,8.266799926757812,-4.3335723876953125,-7.046630859375,0.2278594970703125
2021-05-26,18,3,295.7637023925781,293.0184936523437,4.3748779296875,0.883056640625,63.0,91292.953125,268.05828857421875,284.578125,291.19390869140625,0.0008865364361554,0.0042047798633575,0.0132604613900184,4.945602416992188,3.027923583984375,13.817840576171877,-3.0006866455078125,-4.4761962890625,-1.434051513671875
2021-05-27,0,0,295.91363525390625,293.437744140625,4.51812744140625,-0.068359375,70.125,91168.265625,268.6464233398437,283.84918212890625,290.1659240722656,0.0009443510789424,0.0048372857272624,0.0127583220601081,5.665328979492188,-0.79931640625,13.239898681640623,0.005035400390625,-3.67559814453125,-2.5205841064453125
2021-05-27,6,1,300.9296264648437,291.39129638671875,5.754180908203125,-1.95782470703125,0.0,91320.875,268.096435546875,283.8004150390625,293.1199951171875,0.0006182687357068,0.0066957101225852,0.0121070221066474,3.029205322265625,1.415985107421875,9.068511962890623,-1.4890594482421875,-1.619476318359375,-3.0128631591796875
2021-05-27,12,2,303.3628845214844,291.3329162597656,4.011962890625,-1.43023681640625,0.0,91061.671875,268.165771484375,283.9970703125,295.4323425292969,0.0013239139225333,0.0074134804308414,0.0109812766313552,3.3453369140625,3.8465423583984375,7.842193603515625,0.38494873046875,-4.080596923828125,-3.396224975585937
2021-05-27,18,3,296.909423828125,292.70721435546875,3.9360198974609375,0.0883636474609375,0.0,91417.75,267.90155029296875,284.2288513183594,291.6159973144531,0.0013932615984231,0.0056240744888782,0.0116956755518913,2.4589996337890625,0.98748779296875,10.731048583984377,-0.9564361572265624,-2.4215240478515625,-3.70599365234375
2021-05-28,0,0,295.264404296875,293.0576171875,3.5645751953125,-0.08123779296875,0.0,91294.046875,268.68896484375,283.84234619140625,291.0492553710937,0.0012295567430555,0.0039631389081478,0.0104160122573375,1.155548095703125,2.351303100585937,13.3330078125,1.5206146240234375,-1.54205322265625,-5.8871917724609375
2021-05-28,6,1,301.9190673828125,291.9330749511719,4.588348388671875,-2.1937408447265625,0.0,91400.34375,269.230712890625,284.15435791015625,293.16510009765625,0.001308383885771,0.0037662370596081,0.0117373950779438,3.50982666015625,2.2103424072265625,6.91351318359375,0.969482421875,0.2058563232421875,-3.3960723876953125
2021-05-28,12,2,304.0897521972656,290.6815795898437,2.94024658203125,-0.7198486328125,0.0,91161.65625,268.9020080566406,284.7249755859375,295.411376953125,0.0011211063247174,0.0057311989367008,0.0113731957972049,2.204574584960937,2.107894897460937,5.1136474609375,-2.846054077148437,-1.9237060546875,-1.5077362060546875
2021-05-28,18,3,297.648681640625,293.0243530273437,2.917388916015625,0.68280029296875,2.5,91422.640625,268.7760925292969,284.6803283691406,292.6079406738281,0.0014903002884238,0.0048389844596385,0.0139831863343715,-0.8112640380859375,-1.543975830078125,7.2692718505859375,-3.546234130859375,-0.878753662109375,-2.10260009765625
2021-05-29,0,0,296.2765808105469,293.9864501953125,2.857421875,0.4515838623046875,2.125,91352.953125,269.11590576171875,283.9047241210937,291.71881103515625,0.0015759898815304,0.0053822621703147,0.0128621589392423,0.7438201904296875,1.17431640625,7.309326171875,-0.1491546630859375,2.08258056640625,-2.139923095703125
2021-05-29,6,1,301.690673828125,291.9168701171875,4.059616088867188,0.2448577880859375,1.5,91475.4375,269.6780700683594,284.34051513671875,293.15478515625,0.0012650883290916,0.0057553686201572,0.0129662156105041,0.8855133056640625,1.517578125,5.96502685546875,-1.0858612060546875,1.138580322265625,0.11737060546875
2021-05-29,12,2,303.0366516113281,292.8724365234375,3.551986694335937,1.373382568359375,20.25,91173.546875,270.2762451171875,283.57159423828125,295.2992248535156,0.0016242039855569,0.0068504959344863,0.0131025984883308,1.4898834228515625,-0.0732574462890625,6.470260620117188,-1.9668426513671875,-1.22235107421875,2.083282470703125
2021-05-29,18,3,297.00299072265625,293.30279541015625,3.5850067138671875,0.6153717041015625,19.25,91515.96875,269.1346435546875,284.0122375488281,292.1685791015625,0.0019971653819084,0.0059012062847614,0.0134347975254058,0.2690277099609375,-1.1292266845703125,8.439926147460938,-3.052352905273437,1.6059417724609375,-1.629486083984375
2021-05-30,0,0,296.6278991699219,293.984130859375,3.3455047607421875,0.0607452392578125,20.375,91377.78125,268.867431640625,283.8082580566406,292.24237060546875,0.002154003130272,0.0065879896283149,0.0128857977688312,-0.7383575439453125,1.9234619140625,7.5603179931640625,0.7425994873046875,1.5235137939453125,-3.053863525390625
2021-05-30,6,1,301.54266357421875,291.6678161621094,4.0533294677734375,-0.8826904296875,5.0,91451.15625,269.9346923828125,284.63897705078125,293.5228881835937,0.0018484555184841,0.0066251829266548,0.0132997743785381,-1.3451385498046875,3.055892944335937,6.2161712646484375,0.3367156982421875,0.394073486328125,-1.5675506591796875
2021-05-30,12,2,302.48211669921875,293.5165405273437,3.973724365234375,-0.3578948974609375,74.5,91170.359375,269.2297668457031,283.9623413085937,294.537841796875,0.0029678717255592,0.0097965076565742,0.0140157267451286,2.687103271484375,2.2813262939453125,6.976959228515625,-0.4008941650390625,-1.7801666259765625,-0.551544189453125
2021-05-30,18,3,297.0478515625,293.67254638671875,3.2559051513671875,0.694183349609375,112.375,91436.75,268.0726318359375,283.4569091796875,292.8271484375,0.0031588454730808,0.009842362254858,0.0127041526138782,0.5565338134765625,0.9806365966796876,8.92828369140625,-1.8878326416015625,-0.6393890380859375,-0.7787322998046875
2021-05-31,0,0,295.834228515625,293.69696044921875,2.6412506103515625,0.9937591552734376,0.0,91284.0,268.995849609375,283.35015869140625,292.1828918457031,0.0020122898276895,0.0100442431867122,0.0124003924429416,-2.6859893798828125,0.6782684326171875,8.828994750976562,-2.9262847900390625,1.5388336181640625,-1.9789886474609373
2021-05-31,6,1,302.2196960449219,292.6007080078125,3.8758544921875,0.0014495849609375,52.875,91312.703125,269.71923828125,283.82257080078125,293.4237060546875,0.0015789805911481,0.0097106881439685,0.0137850977480411,-2.2503204345703125,1.9167022705078125,5.506759643554688,-0.5257415771484375,2.8390655517578125,-0.1166839599609375
2021-05-31,12,2,303.27703857421875,293.841552734375,3.455230712890625,0.8539276123046875,95.875,91036.59375,269.52362060546875,284.3900756835937,295.2084045410156,0.0037727567832916,0.0093124285340309,0.0135140009224414,-1.3874969482421875,2.271240234375,7.5838623046875,-2.153167724609375,0.970123291015625,1.747589111328125
2021-05-31,18,3,297.5631103515625,293.6973876953125,3.702804565429688,0.875396728515625,63.75,91347.09375,269.34356689453125,283.505615234375,292.0309753417969,0.0031333626247942,0.0096161849796772,0.0139220543205738,-2.8311920166015625,2.559906005859375,10.945663452148438,0.9500885009765624,-0.879119873046875,0.376312255859375
2021-06-01,0,0,296.14654541015625,294.1259460449219,2.6566314697265625,0.8975067138671875,24.5,91236.359375,269.173583984375,284.1042175292969,292.1401062011719,0.0026999267283827,0.0090563930571079,0.0130940936505794,0.5195465087890625,1.0289306640625,8.241134643554688,1.4000244140625,0.0419769287109375,0.959442138671875
2021-06-01,6,1,302.0165405273437,292.76763916015625,3.543243408203125,0.70465087890625,64.5,91368.109375,269.4490966796875,284.2450256347656,292.896484375,0.0024895058013498,0.0089973658323287,0.0143634229898452,-1.1751251220703125,-0.3903045654296875,5.1437530517578125,0.7652587890625,0.00146484375,0.8316802978515625
2021-06-01,12,2,303.644287109375,293.58172607421875,2.2316131591796875,0.9141693115234376,96.375,91011.5625,270.218505859375,285.0239562988281,296.1483459472656,0.0024113752879202,0.0095350816845893,0.0139536447823047,0.38037109375,-0.0850067138671875,3.4091339111328125,1.2728729248046875,0.66021728515625,1.4095458984375
2021-06-01,18,3,297.671875,294.1307067871094,2.2799072265625,-0.167449951171875,328.25,91386.734375,269.7247314453125,283.8510131835937,292.1679077148437,0.0039911549538373,0.0104278046637773,0.0151493959128856,-1.8611602783203125,-0.2370758056640625,7.979766845703125,0.339752197265625,0.26458740234375,-1.457672119140625
2021-06-02,0,0,296.93365478515625,294.3756103515625,1.9617462158203125,0.7451324462890625,112.25,91270.671875,269.63348388671875,283.8529663085937,292.81597900390625,0.0034980433993041,0.0092966649681329,0.013622261583805,-0.71954345703125,-0.8511505126953125,4.9281768798828125,-0.2367095947265625,1.212860107421875,-0.8623504638671875
2021-06-02,6,1,302.40460205078125,294.0891418457031,2.4346923828125,-0.527252197265625,200.25,91324.609375,270.8290710449219,284.5382385253906,293.762451171875,0.0027902389410883,0.009009514003992,0.0144932158291339,-1.9181671142578125,-1.4024505615234375,3.272201538085937,1.6389923095703125,2.5253143310546875,-0.74700927734375
2021-06-02,12,2,303.73760986328125,292.9326171875,0.219818115234375,0.198944091796875,406.25,91084.25,270.6464538574219,284.31365966796875,296.36785888671875,0.0022800490260124,0.0103649832308292,0.0141573846340179,-1.06463623046875,-3.4053497314453125,-0.006622314453125,3.893630981445313,1.382781982421875,0.26605224609375
2021-06-02,18,3,297.49774169921875,294.8305358886719,1.167144775390625,0.110504150390625,788.375,91430.546875,269.8779296875,283.97930908203125,292.5140380859375,0.0034916915465146,0.0107309445738792,0.015121754258871,-1.0527496337890625,-2.95831298828125,2.2039031982421875,3.16217041015625,1.558624267578125,1.0823516845703125
2021-06-03,0,0,296.0440673828125,294.2486877441406,1.4646453857421875,-0.32257080078125,81.25,91276.546875,270.0380249023437,283.72625732421875,291.3956604003906,0.0040977401658892,0.0096760652959346,0.0147829130291938,0.7046966552734375,-2.203475952148437,2.686981201171875,2.1611785888671875,3.936813354492188,1.8614501953125
2021-06-03,6,1,301.3846740722656,294.3529052734375,0.8487396240234375,-0.0828704833984375,73.25,91430.390625,269.98291015625,284.23504638671875,293.052001953125,0.0039269099943339,0.0086946710944175,0.0145479682832956,1.1505584716796875,-2.2630157470703125,0.8791351318359375,1.5371551513671875,5.054840087890625,0.4569549560546875
2021-06-03,12,2,301.8885498046875,295.08648681640625,-0.537933349609375,0.8985443115234375,1176.75,91181.265625,270.1406555175781,284.136962890625,295.1098022460937,0.00432088971138,0.0109908394515514,0.0157020725309848,0.3838043212890625,-2.7257080078125,0.2079620361328125,0.8662261962890625,3.36846923828125,1.97967529296875
2021-06-03,18,3,295.9244689941406,294.429931640625,0.5125732421875,0.1217498779296875,629.25,91559.375,269.14556884765625,284.06982421875,291.57110595703125,0.0046361982822418,0.0098992884159088,0.0155122503638267,-2.09857177734375,-0.5240325927734375,2.61358642578125,2.1470489501953125,3.812042236328125,1.0972137451171875
2021-06-04,0,0,296.25177001953125,294.540771484375,-0.745849609375,0.7614288330078125,288.75,91422.484375,268.5115966796875,283.8362731933594,291.4271240234375,0.004158429801464,0.0083603449165821,0.0149386189877986,-1.4776763916015625,0.4188995361328125,1.704010009765625,5.404815673828125,1.6317138671875,0.5950927734375
2021-06-04,6,1,301.1216125488281,294.435791015625,1.9928436279296875,0.886016845703125,1307.75,91535.421875,269.0367431640625,283.46337890625,292.6546630859375,0.0032078521326184,0.0087124295532703,0.0154677256941795,-2.292755126953125,-1.3697052001953125,2.916351318359375,6.618194580078125,1.58026123046875,0.726654052734375
2021-06-04,12,2,298.7334899902344,295.1644897460937,2.461410522460937,-0.306549072265625,1178.0,91233.15625,270.066650390625,283.6073913574219,293.1443786621094,0.003123469883576,0.0108190476894378,0.0153445675969123,-3.13287353515625,-0.141754150390625,6.9825592041015625,5.56671142578125,2.4597625732421875,0.1884765625
2021-06-04,18,3,295.779541015625,294.24078369140625,0.0881805419921875,1.0803680419921875,613.25,91527.484375,268.40118408203125,283.66778564453125,291.9778137207031,0.0047733001410961,0.009290087968111,0.0149479806423187,-0.1562652587890625,0.42291259765625,3.4324188232421875,7.566619873046875,2.2229766845703125,0.3931884765625
2021-06-05,0,0,296.09234619140625,294.58209228515625,2.0246124267578125,0.7395782470703125,259.25,91336.234375,268.6627197265625,283.59979248046875,291.9820251464844,0.0050832442939281,0.0088202767074108,0.0131728779524564,-0.9260406494140624,1.2050628662109375,5.3429107666015625,8.160385131835938,4.247100830078125,1.19287109375
2021-06-05,6,1,300.34136962890625,294.8581848144531,1.721038818359375,1.6170196533203125,260.125,91485.484375,269.13885498046875,283.26318359375,291.8383178710937,0.004798024892807,0.0093315914273262,0.014378260821104,-0.8919525146484375,-0.2142791748046875,2.587005615234375,8.1112060546875,4.9781341552734375,2.30670166015625
2021-06-05,12,2,299.1564025878906,294.4598388671875,2.3710174560546875,2.456405639648437,549.5,91197.671875,269.6718139648437,282.73504638671875,292.5127258300781,0.0048390440642833,0.0105514675378799,0.0144061334431171,-3.045257568359375,0.7323150634765625,5.953704833984375,3.9243316650390634,5.164520263671875,6.4315338134765625
2021-06-05,18,3,295.3389587402344,293.69635009765625,2.197738647460937,0.7752532958984375,102.5,91479.078125,268.39215087890625,283.34747314453125,291.83221435546875,0.0051401425153017,0.0088877379894256,0.0122298225760459,-1.5187225341796875,4.9981536865234375,9.983169555664062,3.7010345458984375,2.02166748046875,4.540496826171875
2021-06-06,0,0,295.2027282714844,293.260986328125,1.7821044921875,0.0299835205078125,2.25,91380.828125,269.2657470703125,282.649658203125,291.0478515625,0.0049844309687614,0.008157443255186,0.0118985138833522,5.609298706054688,5.5445404052734375,8.37994384765625,7.609893798828125,1.8618927001953125,0.4162139892578125
2021-06-06,6,1,301.43621826171875,293.7836303710937,3.2606658935546875,1.0060882568359375,39.875,91491.859375,269.72882080078125,282.8477783203125,292.05419921875,0.0040533123537898,0.0089966170489788,0.0135873928666114,9.160812377929688,5.9293212890625,4.9827880859375,5.7959747314453125,-0.9814910888671876,1.4460296630859375
2021-06-06,12,2,300.94757080078125,294.1351928710937,3.3884429931640625,0.8650665283203125,91.5,91185.34375,270.9886474609375,284.2017822265625,293.57080078125,0.0033261873759329,0.0087806247174739,0.0142422094941139,5.24700927734375,7.190399169921875,6.373794555664063,3.65216064453125,2.931304931640625,1.915374755859375
2021-06-06,18,3,297.1605834960937,294.1063842773437,2.3901824951171875,0.7831878662109375,64.25,91472.3125,271.04302978515625,283.9497375488281,291.72589111328125,0.0022548828274011,0.0082653649151325,0.0144005790352821,5.4620208740234375,5.9401397705078125,6.349273681640625,3.462982177734375,0.9041900634765624,0.5869598388671875
2021-06-07,0,0,296.1684875488281,294.2626342773437,2.1566619873046875,0.1975555419921875,0.0,91419.5,269.9429931640625,283.99072265625,291.3021850585937,0.0023767347447574,0.0071303620934486,0.0124861896038055,3.72540283203125,4.97503662109375,6.696380615234375,0.6300506591796875,1.2892913818359375,-3.5192413330078125
2021-06-07,6,1,301.8101501464844,292.391845703125,3.5079803466796875,-1.3684844970703125,0.0,91502.09375,270.3072814941406,284.0579833984375,292.93359375,0.0021613086573779,0.0063351094722747,0.0127818211913108,2.942352294921875,5.1887969970703125,5.10638427734375,-1.429290771484375,0.94134521484375,-2.1580810546875
2021-06-07,12,2,303.6888427734375,291.855224609375,2.683349609375,-0.6285400390625,0.0,91168.796875,270.62310791015625,284.5860595703125,295.8975830078125,0.0023576118983328,0.0061921142041683,0.0116950906813144,1.1140594482421875,5.99029541015625,5.760528564453125,1.172210693359375,2.303955078125,-1.5540008544921875
2021-06-07,18,3,297.8426513671875,292.1692810058594,2.3533935546875,-0.5543212890625,19.5,91493.9375,270.1171264648437,283.86639404296875,292.899169921875,0.0021790671162307,0.0064992979168891,0.0130917578935623,1.9437713623046875,3.940399169921875,7.237991333007812,0.179412841796875,0.851776123046875,-4.448577880859375
2021-06-08,0,0,295.790283203125,293.4449768066406,2.35845947265625,-0.65765380859375,0.0,91341.375,269.7300109863281,283.5882873535156,292.86199951171875,0.0015385248698294,0.0049769841134548,0.0090894177556037,1.3131103515625,5.0,6.427978515625,-1.1913909912109375,0.613128662109375,-3.342498779296875
2021-06-08,6,1,301.64013671875,291.9061889648437,3.3886871337890625,-0.682586669921875,0.0,91442.578125,269.6376647949219,283.8365783691406,293.24810791015625,0.0013338110875338,0.0034549334086477,0.0122010745108127,0.57794189453125,7.1094512939453125,4.9860382080078125,-1.46990966796875,-0.4301910400390625,-1.2325439453125
2021-06-08,12,2,303.00994873046875,291.4081115722656,3.542816162109375,-0.7032470703125,0.0,91139.625,270.302001953125,283.13787841796875,295.3453674316406,0.001423726323992,0.0068340376019477,0.0110930725932121,1.0933990478515625,7.30584716796875,7.049560546875,-1.2765045166015625,-1.729644775390625,-1.313262939453125
2021-06-08,18,3,296.8672790527344,292.3560485839844,3.580718994140625,0.4566650390625,0.0,91468.234375,269.636962890625,283.10357666015625,291.9262084960937,0.001403818372637,0.0081668235361576,0.011853203177452,1.2366180419921875,5.663589477539063,10.066162109375,-1.280029296875,-1.2025299072265625,-1.8769989013671875
2021-06-09,0,0,295.65399169921875,292.61962890625,3.273056030273437,0.6070098876953125,0.0,91266.484375,269.74908447265625,283.269287109375,291.1701354980469,0.0017479276284575,0.0090488158166408,0.0119554623961448,1.892364501953125,7.743011474609375,12.287582397460938,-1.3628082275390625,-0.699920654296875,-2.4583892822265625
2021-06-09,6,1,300.8140869140625,292.201416015625,5.072723388671875,-0.498565673828125,42.375,91371.171875,269.0034484863281,283.09991455078125,292.5133056640625,0.0015314782503992,0.0093377754092216,0.0132267065346241,4.720962524414063,9.298858642578123,8.087295532226562,2.5835723876953125,-2.6128692626953125,-1.0074615478515625
2021-06-09,12,2,301.128662109375,293.58868408203125,4.5250244140625,-0.46929931640625,43.25,91076.875,269.3724365234375,283.5133972167969,293.8330383300781,0.0015977874863892,0.0091756954789161,0.0134618692100048,6.119888305664063,9.518890380859377,9.169891357421877,0.20672607421875,-0.77008056640625,-0.965057373046875
2021-06-09,18,3,295.7412109375,291.9197998046875,3.897216796875,0.3827667236328125,12.0,91403.0,268.57989501953125,283.6836242675781,291.11724853515625,0.0017433408647775,0.0090684480965137,0.0132143422961235,5.479660034179688,8.924758911132812,11.53143310546875,0.9264068603515624,-2.805328369140625,-2.391632080078125
2021-06-10,0,0,295.6073913574219,293.16583251953125,3.900955200195313,0.521514892578125,1.625,91147.015625,269.1619567871094,283.85791015625,289.6392517089844,0.0018042307347059,0.0076662227511405,0.0130165666341781,4.72882080078125,9.1776123046875,12.795867919921877,2.3819732666015625,-0.5670318603515625,-2.020263671875
2021-06-10,6,1,300.6073303222656,291.8148498535156,5.99688720703125,-0.9939727783203124,6.25,91247.34375,268.6881103515625,284.3158569335937,292.3404235839844,0.0019830705132335,0.0077702179551124,0.0127008967101573,7.841156005859375,7.926849365234375,10.88665771484375,4.991668701171875,-3.0444488525390625,-1.8910064697265625
2021-06-10,12,2,300.3529052734375,292.8541564941406,5.137115478515625,-0.3555450439453125,1.625,91040.96875,268.9037475585937,283.2178955078125,293.13824462890625,0.0019876260776072,0.0100587792694568,0.0134653188288211,10.668548583984377,9.587249755859377,10.791748046875,-0.543487548828125,-3.771820068359375,-1.7687225341796875
2021-06-10,18,3,296.6904602050781,292.59783935546875,3.791015625,0.4697113037109375,0.0,91334.734375,268.42578125,283.3645935058594,290.99298095703125,0.0022605531848967,0.0071417652070522,0.0126452334225177,10.46630859375,9.058242797851562,11.352645874023438,0.37738037109375,-5.831787109375,-2.668701171875
2021-06-11,0,0,295.2996520996094,293.1144104003906,4.084747314453125,0.5742034912109375,0.0,91150.515625,268.67413330078125,284.4437561035156,290.5712890625,0.0022275294177234,0.0021893575321882,0.0114959739148616,12.509353637695312,10.184494018554688,14.440673828125,-1.3683624267578125,-5.33953857421875,-1.473785400390625
2021-06-11,6,1,300.498046875,291.351318359375,7.207366943359375,-0.4215545654296875,2.625,91282.3125,269.471923828125,284.1263732910156,292.6893920898437,0.0007984736002981,0.0060800611972808,0.0120988637208938,9.789794921875,10.034698486328123,12.323837280273438,-1.1480560302734375,-4.849334716796875,-0.87091064453125
2021-06-11,12,2,300.60870361328125,291.8406066894531,4.194351196289063,1.138214111328125,14.625,91079.390625,268.5888671875,284.17071533203125,293.34259033203125,0.0022505840752273,0.006546851247549,0.0128521583974361,11.294448852539062,10.864944458007812,10.419921875,-2.82818603515625,-5.142135620117188,1.7690887451171875
2021-06-11,18,3,296.43316650390625,292.3365478515625,4.415542602539063,0.962554931640625,0.125,91321.328125,268.01007080078125,284.10284423828125,290.1524658203125,0.003664072137326,0.0074119120836257,0.0138308927416801,5.4684600830078125,10.700149536132812,13.35894775390625,-4.82080078125,-2.607574462890625,0.7025604248046875
2021-06-12,0,0,295.8908386230469,293.3646240234375,5.11724853515625,1.311248779296875,8.375,91154.453125,268.2883605957031,283.8770751953125,289.31134033203125,0.0027039458509534,0.008813589811325,0.0135154910385608,7.8017425537109375,13.7860107421875,15.613357543945312,-3.5653228759765625,-2.2373046875,1.1217041015625
2021-06-12,6,1,300.34527587890625,292.8080749511719,6.819244384765625,1.075469970703125,4.625,91234.828125,269.1556091308594,284.2369689941406,292.750732421875,0.0034605276305228,0.0098919607698917,0.0129045993089675,8.863037109375,13.104202270507812,14.111495971679688,-4.593673706054688,-6.4132080078125,0.869720458984375
2021-06-12,12,2,296.8354187011719,294.4407043457031,5.3170166015625,1.361328125,23.125,91152.25,269.869873046875,283.5007629394531,290.4949951171875,0.0057577677071094,0.0096099860966205,0.0132618695497512,10.878768920898438,20.8341064453125,17.134613037109375,-8.5626220703125,-1.5667572021484375,1.4779205322265625
2021-06-12,18,3,295.439453125,292.9113464355469,4.7692413330078125,0.7836761474609375,35.0,91323.53125,269.3290405273437,283.2288818359375,289.98077392578125,0.0054336190223693,0.0077561922371387,0.0143602900207042,6.2513580322265625,23.34019470214844,16.43218994140625,-9.841018676757812,-6.2437896728515625,-1.222320556640625
2021-06-13,0,0,295.79327392578125,293.6671142578125,4.168212890625,0.5273895263671875,65.5,91129.625,269.2979431152344,284.0106201171875,290.3553771972656,0.0051499716937541,0.0084663517773151,0.0144346505403518,9.608627319335938,21.752227783203125,14.1319580078125,-3.1701812744140625,-0.5770111083984375,-1.2947540283203125
2021-06-13,6,1,299.6142883300781,293.33074951171875,6.9781494140625,0.07391357421875,122.875,91280.25,269.6495056152344,283.4658203125,290.9652099609375,0.0056175421923398,0.0083805061876773,0.0144204162061214,12.369400024414062,19.083038330078125,13.3758544921875,-4.7413177490234375,-4.2798614501953125,-0.736358642578125
2021-06-13,12,2,298.0147705078125,293.28326416015625,4.923370361328125,1.2278594970703125,39.5,91082.859375,269.385986328125,283.3582763671875,290.7393798828125,0.0053454097360372,0.0085037723183631,0.013983279466629,13.206832885742188,17.695526123046875,14.829666137695312,-6.391754150390625,-2.2506866455078125,1.55950927734375
2021-06-13,18,3,295.447998046875,293.1677551269531,5.152999877929688,1.160064697265625,41.25,91231.65625,269.1883850097656,283.69061279296875,290.22369384765625,0.0050658248364925,0.007887452840805,0.0141626298427581,5.28314208984375,17.872100830078125,17.0211181640625,-4.301040649414063,-3.108627319335937,-0.3691864013671875
2021-06-14,0,0,295.7840881347656,293.2091369628906,5.4813232421875,0.9924774169921876,10.0,91101.765625,268.5914306640625,283.73291015625,289.8507080078125,0.0052229650318622,0.0078412070870399,0.0139507725834846,2.833969116210937,17.928863525390625,17.139175415039062,-3.556625366210937,-0.77154541015625,0.9644012451171876
2021-06-14,6,1,298.88287353515625,293.508056640625,6.6507110595703125,2.0099334716796875,80.5,91255.09375,269.2380676269531,282.7890014648437,290.0369873046875,0.0052364245057106,0.0082213655114173,0.0140746086835861,5.052536010742188,18.9871826171875,16.661697387695312,-0.647430419921875,-0.0457916259765625,2.241729736328125
2021-06-14,12,2,297.4803466796875,293.9451904296875,6.1082763671875,1.6571197509765625,57.25,91029.84375,269.9136962890625,283.6920166015625,290.5333557128906,0.0057433219626545,0.0087945014238357,0.0139661431312561,10.242706298828123,19.242935180664062,19.949981689453125,-3.33123779296875,1.0410614013671875,3.316268920898437
2021-06-14,18,3,294.7726135253906,292.7413330078125,4.8538665771484375,1.648956298828125,31.625,91203.296875,269.5853576660156,283.2091064453125,290.1650390625,0.0055097844451665,0.0069512017071247,0.0141491405665874,14.217514038085938,21.41102600097656,17.128570556640625,-1.0695037841796875,3.8056640625,2.3430633544921875
2021-06-15,0,0,294.9925537109375,293.24578857421875,5.8228607177734375,1.7223968505859375,2.5,91000.3125,269.4661865234375,284.24761962890625,290.46392822265625,0.0053019989281892,0.0070420689880847,0.013764701783657,13.812744140625,18.60165405273437,19.69444274902344,-0.2794342041015625,4.00640869140625,3.662384033203125
2021-06-15,6,1,299.4601135253906,293.5985107421875,8.268295288085938,1.8939361572265625,4.25,91127.90625,268.92449951171875,285.34295654296875,291.1420288085937,0.0045199766755104,0.0075183175504207,0.0141306146979331,9.858474731445312,17.7469482421875,15.238433837890623,5.499420166015625,2.926971435546875,2.55413818359375
2021-06-15,12,2,300.1051025390625,293.7734680175781,6.18572998046875,1.450042724609375,0.5,90982.71875,269.68328857421875,283.37506103515625,292.7203063964844,0.0036881079431623,0.0086210966110229,0.0138724260032176,14.21746826171875,17.57989501953125,14.930145263671877,7.4719390869140625,2.924835205078125,2.3766021728515625
2021-06-15,18,3,295.9159545898437,292.84820556640625,5.0609893798828125,1.617919921875,0.0,91214.1875,269.7395935058594,283.75177001953125,289.75927734375,0.0028293759096413,0.0087004713714122,0.0134731344878673,12.58892822265625,18.54208374023437,16.008193969726562,6.25347900390625,3.083847045898437,3.223052978515625
2021-06-16,0,0,296.2159423828125,293.3157043457031,5.016281127929688,2.172103881835937,9.375,91093.8125,270.0313720703125,283.5682983398437,289.7963256835937,0.0027798926457762,0.0087297894060611,0.0138829462230205,11.02862548828125,19.982330322265625,16.573089599609375,3.3182373046875,4.649566650390625,4.80072021484375
2021-06-16,6,1,299.89630126953125,292.5413818359375,8.79168701171875,1.7310791015625,2.875,91294.984375,269.62896728515625,282.9652709960937,291.751220703125,0.0027096939738839,0.0085818860679864,0.0136692859232425,9.9033203125,17.707595825195312,15.968231201171877,3.6334075927734375,2.7713775634765625,2.9319305419921875
2021-06-16,12,2,298.7701110839844,293.49462890625,6.6217193603515625,1.552490234375,3.875,91105.5625,270.55450439453125,282.92889404296875,291.66412353515625,0.0033829752355813,0.0091268196702003,0.0140328779816627,14.079483032226562,17.7681884765625,14.227203369140623,2.1232452392578125,2.0806427001953125,2.65484619140625
2021-06-16,18,3,295.7397766113281,293.0397033691406,5.395263671875,1.3353118896484375,17.125,91342.9375,269.2640991210937,283.90234375,290.1597900390625,0.0042296051979064,0.0068470574915409,0.0142031013965606,12.179580688476562,17.855484008789062,18.06040954589844,2.167236328125,2.9043731689453125,1.498870849609375
2021-06-17,0,0,296.1283264160156,293.0648803710937,5.9522552490234375,1.7471466064453125,8.0,91157.0625,269.4070129394531,283.86700439453125,289.95098876953125,0.0022640875540673,0.0069518908858299,0.0138569381088018,9.244125366210938,19.20161437988281,17.719558715820312,1.131866455078125,2.769622802734375,2.607208251953125
2021-06-17,6,1,299.3748779296875,292.13238525390625,7.93072509765625,0.9848175048828124,0.0,91334.078125,268.894287109375,283.1885681152344,291.84033203125,0.0029321308247745,0.0071941055357456,0.0133551247417926,8.679168701171875,18.168228149414062,14.414871215820312,1.1773529052734375,0.525054931640625,1.4932708740234375
2021-06-17,12,2,299.6211853027344,293.0288391113281,6.190399169921875,1.1749420166015625,0.0,91181.859375,269.40234375,283.3484191894531,292.5777587890625,0.0038902938831597,0.0084684528410434,0.0136904567480087,7.3945159912109375,15.777328491210938,13.614898681640623,1.6441497802734375,0.541412353515625,1.8976898193359373
2021-06-17,18,3,295.4312744140625,292.8162841796875,4.594528198242188,1.7689971923828125,16.75,91451.578125,269.48419189453125,284.2152709960937,289.7410888671875,0.0035239846911281,0.0069067440927028,0.0138617046177387,4.62457275390625,14.443710327148438,15.110214233398438,1.1758880615234375,1.7432708740234375,2.7616729736328125
2021-06-18,0,0,295.9591064453125,293.3131408691406,4.9928131103515625,1.986358642578125,13.5,91258.421875,268.6137390136719,284.291015625,289.8206787109375,0.0038164961151778,0.0077277794480323,0.0139449760317802,3.64337158203125,15.583541870117188,16.274261474609375,4.7239532470703125,3.1338043212890625,3.66302490234375
2021-06-18,6,1,299.9935913085937,292.0519104003906,7.983428955078125,2.008758544921875,0.0,91437.234375,267.98541259765625,283.2095031738281,292.07427978515625,0.0022216050419956,0.0079152435064315,0.0130418688058853,5.581787109375,15.489471435546877,14.044525146484377,4.7979278564453125,3.175399780273437,3.330108642578125
2021-06-18,12,2,299.7643737792969,292.39752197265625,6.1732177734375,1.955718994140625,0.125,91344.65625,268.64129638671875,283.3641662597656,291.639892578125,0.0032930797897279,0.0066873654723167,0.0131351463496685,8.185195922851562,15.756484985351562,12.30230712890625,3.18536376953125,3.870803833007813,3.61566162109375
2021-06-18,18,3,295.7670288085937,292.6252746582031,4.48388671875,1.989044189453125,8.25,91600.1875,268.21337890625,284.0595092773437,289.29833984375,0.0025570695288479,0.0058821626007556,0.0135819986462593,7.321258544921875,14.62091064453125,15.005126953125,1.916015625,2.606597900390625,3.736618041992188
2021-06-19,0,0,295.9779663085937,293.1840515136719,5.172622680664063,1.1327972412109375,3.0,91465.0625,268.09881591796875,283.26239013671875,289.1278686523437,0.0028461676556617,0.0065953955054283,0.0132702477276325,4.36749267578125,15.333480834960938,16.734786987304688,0.03240966796875,2.696136474609375,1.1527099609375
2021-06-19,6,1,298.46417236328125,292.6719055175781,7.539825439453125,0.98089599609375,4.0,91611.53125,267.15252685546875,284.15692138671875,291.9921264648437,0.0040016272105276,0.0065523423254489,0.0119560919702053,3.14215087890625,14.19537353515625,15.256149291992188,2.4843292236328125,1.358428955078125,1.425048828125
2021-06-19,12,2,299.29058837890625,292.732666015625,4.6724700927734375,0.83160400390625,29.75,91417.5,267.9117736816406,282.66192626953125,291.4266967773437,0.0044193780049681,0.0081133283674716,0.0133723095059394,5.8401641845703125,13.894515991210938,12.717987060546877,2.1339263916015625,1.541717529296875,2.2733917236328125
2021-06-19,18,3,294.7181396484375,292.53741455078125,3.3399658203125,0.92669677734375,3.25,91677.296875,267.7362365722656,283.05963134765625,289.9658203125,0.0041615553200244,0.0071466416120529,0.0135320127010345,4.780364990234375,13.924606323242188,13.636581420898438,0.7303314208984375,1.1490020751953125,0.473052978515625
2021-06-20,0,0,295.65093994140625,293.2835998535156,4.489669799804688,0.8621826171875,9.75,91513.015625,267.6250915527344,283.48638916015625,289.06854248046875,0.002984799677506,0.006189115345478,0.013193666934967,3.71807861328125,15.5863037109375,15.125823974609377,0.5596466064453125,1.1419830322265625,0.2011260986328125
2021-06-20,6,1,300.5653381347656,292.53033447265625,6.888351440429688,-0.0056915283203125,4.25,91641.484375,267.5976257324219,283.5152282714844,291.31231689453125,0.0027661446947604,0.0062469765543937,0.0128983110189437,4.593505859375,15.445571899414062,12.084014892578123,0.2736968994140625,-0.6093902587890625,-0.2392730712890625
2021-06-20,12,2,301.791015625,292.265625,4.653411865234375,-0.7509307861328125,0.0,91388.984375,268.0424194335937,282.7225952148437,293.2242431640625,0.0031605211552232,0.0084789283573627,0.0127598419785499,6.549728393554688,12.481582641601562,8.935821533203125,-0.0327911376953125,-1.2688446044921875,-1.6741180419921875
2021-06-20,18,3,295.6807861328125,292.48406982421875,3.3442535400390625,0.025054931640625,0.5,91636.640625,267.5606689453125,283.91778564453125,290.859375,0.0029932695906609,0.0065205208957195,0.0129437036812305,5.2464447021484375,9.051895141601562,10.578903198242188,-0.19781494140625,-4.0198822021484375,-4.331558227539063
2021-06-21,0,0,295.9122314453125,293.2975769042969,3.4631500244140625,0.614013671875,12.875,91494.84375,268.21319580078125,283.1376342773437,288.93511962890625,0.0025963059160858,0.0070813633501529,0.0129819698631763,3.990936279296875,7.652984619140625,12.0205078125,-1.7617950439453125,-3.09661865234375,-2.3330230712890625
2021-06-21,6,1,300.6525573730469,292.1955261230469,5.0953216552734375,-0.6149139404296875,16.0,91571.28125,268.95849609375,283.1899719238281,291.8861083984375,0.0022397399879992,0.0079847835004329,0.0129457302391529,1.3087005615234375,6.655807495117188,9.078079223632812,-2.1255035400390625,-3.909622192382813,-1.7463531494140625
2021-06-21,12,2,301.1046142578125,294.43218994140625,3.186981201171875,-0.2982940673828125,242.875,91253.46875,268.60614013671875,283.3727722167969,294.59967041015625,0.0029373720753937,0.0088025592267513,0.0129794776439666,1.7141876220703125,6.922698974609375,7.20330810546875,-2.971664428710937,-3.5726776123046875,-1.8441619873046875
2021-06-21,18,3,295.9371032714844,293.22088623046875,3.2900848388671875,-0.0090179443359375,57.0,91503.078125,268.6634521484375,282.94598388671875,291.3577880859375,0.002497483510524,0.0075567513704299,0.0135766379535198,1.1844482421875,4.79095458984375,9.35369873046875,-2.844024658203125,-4.726470947265625,-3.687591552734375
2021-06-22,0,0,295.288330078125,293.5330810546875,3.2317657470703125,-0.615478515625,6.875,91378.890625,268.3604736328125,283.1593017578125,290.9723815917969,0.0030144737102091,0.0063153877854347,0.011274192482233,0.4172515869140625,6.163986206054688,9.824234008789062,-0.9040679931640624,-2.721664428710937,-6.348175048828125
2021-06-22,6,1,300.2847900390625,291.7493896484375,4.167449951171875,-2.0655059814453125,0.0,91498.65625,268.1566162109375,282.8197631835937,291.96710205078125,0.0031795783434063,0.0058380886912345,0.012190107256174,2.1496124267578125,5.49310302734375,6.34747314453125,0.19683837890625,-3.146026611328125,-3.339340209960937
2021-06-22,12,2,301.0772705078125,291.75408935546875,3.1870269775390625,-1.3266754150390625,3.5,91206.140625,268.9310913085937,283.58465576171875,294.25030517578125,0.0034308964386582,0.0063287504017353,0.0122476108372211,1.0225830078125,4.90087890625,5.409820556640625,-1.9631195068359373,-3.3199005126953125,-2.5084991455078125
2021-06-22,18,3,297.18585205078125,292.6773986816406,2.3903350830078125,-0.1348876953125,58.25,91457.03125,268.2494506835937,282.7968139648437,292.02752685546875,0.0036351191811263,0.0076840631663799,0.0135562568902969,1.66937255859375,1.0290069580078125,6.565216064453125,0.300140380859375,-3.258819580078125,-2.488494873046875
2021-06-23,0,0,295.5174560546875,293.61968994140625,2.5564727783203125,-0.0672760009765625,12.0,91316.796875,267.97674560546875,282.5699157714844,291.5941772460937,0.0035734598059207,0.0079585015773773,0.0121942274272441,0.8519134521484375,1.653167724609375,7.14556884765625,-0.602142333984375,-0.25189208984375,-4.707199096679688
2021-06-23,6,1,300.5733337402344,292.48541259765625,3.009994506835937,-1.386810302734375,13.75,91399.703125,267.55841064453125,283.226318359375,292.52008056640625,0.0037742236163467,0.0067111998796463,0.0131162740290164,2.011932373046875,3.0367584228515625,4.507339477539063,0.5404815673828125,0.7458038330078125,-2.363189697265625
2021-06-23,12,2,302.5435791015625,291.5654296875,2.870941162109375,-1.274169921875,1.5,91143.53125,268.7203674316406,283.3700561523437,294.89862060546875,0.0035284112673252,0.0073889978229999,0.0120499916374683,3.2063140869140625,4.030776977539063,4.693023681640625,0.2148284912109375,0.50128173828125,-2.149642944335937
2021-06-23,18,3,297.06451416015625,293.0152282714844,2.985687255859375,0.0384521484375,92.5,91473.09375,268.5758056640625,282.9193115234375,291.9368896484375,0.0033751158043742,0.0071507915854454,0.0137571021914482,1.334014892578125,3.793045043945313,8.277191162109375,0.36053466796875,-0.1241455078125,-3.0479278564453125
2021-06-24,0,0,295.305419921875,293.6586303710937,3.4515533447265625,-0.0445404052734375,13.5,91361.6875,267.66864013671875,282.4770812988281,290.01953125,0.0044453497976064,0.0081560015678405,0.0126590766012668,0.12506103515625,7.3345184326171875,10.486740112304688,2.036529541015625,-0.387298583984375,-4.131393432617188
2021-06-24,6,1,299.2181091308594,291.595458984375,5.0888671875,-0.93719482421875,1.625,91486.671875,268.3176574707031,282.3575439453125,291.71856689453125,0.0042899101972579,0.0079347304999828,0.0127401165664196,2.38232421875,8.460281372070312,8.229141235351562,3.7837982177734375,-1.629974365234375,-1.63031005859375
2021-06-24,12,2,300.99859619140625,292.05694580078125,4.794189453125,-0.4190521240234375,0.0,91258.859375,268.2010192871094,282.943115234375,293.7611083984375,0.0039896834641695,0.0067519433796405,0.0118458662182092,3.404159545898437,8.261489868164062,8.291366577148438,1.485931396484375,-1.82562255859375,-0.90625
2021-06-24,18,3,296.6918640136719,291.46417236328125,3.5157470703125,0.14715576171875,0.0,91545.125,267.72027587890625,282.7625732421875,291.0059509277344,0.004419706761837,0.0061269849538803,0.0125794038176536,5.1820831298828125,8.733474731445312,10.286285400390623,1.1422119140625,-3.743896484375,-2.2897186279296875
2021-06-25,0,0,295.22076416015625,292.6326904296875,2.9552154541015625,-0.64031982421875,0.0,91339.75,267.255615234375,283.32763671875,289.6399230957031,0.0042580738663673,0.0048691369593143,0.0121413469314575,3.7091217041015625,10.6871337890625,11.522201538085938,0.7798004150390625,-5.863204956054688,-4.9466552734375
2021-06-25,6,1,300.6435546875,290.60992431640625,6.00164794921875,-1.3042449951171875,3.5,91388.328125,267.1528625488281,283.6915283203125,292.5390014648437,0.0028730062767863,0.0037690189201384,0.0113378912210464,4.702407836914063,9.067596435546877,9.830474853515623,0.3734588623046875,-6.7399444580078125,-2.312164306640625
2021-06-25,12,2,302.390869140625,289.97607421875,4.449508666992188,-1.0173187255859375,0.0,91107.84375,268.0575561523437,283.58917236328125,294.6954650878906,0.0039906851015985,0.0035706486087292,0.0106115005910396,6.25787353515625,8.767196655273438,8.1529541015625,-3.942825317382813,-4.587081909179688,-2.059921264648437
2021-06-25,18,3,296.47186279296875,291.55938720703125,3.558441162109375,0.36187744140625,0.0,91335.9375,268.3489685058594,283.53082275390625,291.22235107421875,0.0037364000454545,0.0051505416631698,0.0128105618059635,1.8665008544921875,7.21893310546875,10.789306640625,-6.0991973876953125,-5.170257568359375,-2.0405731201171875
2021-06-26,0,0,294.9848327636719,293.3592529296875,3.625,0.2043304443359375,0.25,91239.984375,268.729248046875,283.1435546875,289.7421264648437,0.0042760595679283,0.0063370056450366,0.0127967074513435,-1.6721954345703125,8.08990478515625,11.994674682617188,-5.093414306640625,-6.87078857421875,-4.0175628662109375
2021-06-26,6,1,298.201416015625,291.2321472167969,5.959228515625,-1.254364013671875,1.75,91332.546875,269.3534545898437,282.9618530273437,291.59979248046875,0.0039499211125075,0.0084168426692485,0.0130149014294147,-2.179550170898437,9.031692504882812,10.203765869140623,-2.0215301513671875,-7.261154174804687,-2.3968658447265625
2021-06-26,12,2,299.3168334960937,293.0821533203125,3.53485107421875,-0.0356903076171875,197.25,91149.671875,268.7190246582031,282.59918212890625,292.1650390625,0.0045058876276016,0.0103351175785064,0.0135868936777114,-1.0770111083984375,5.212371826171875,8.773788452148438,-3.869232177734375,-4.983917236328125,-2.3027801513671875
2021-06-26,18,3,294.59967041015625,292.613037109375,3.633026123046875,0.2369232177734375,53.5,91416.828125,268.46600341796875,282.7191162109375,290.3666381835937,0.0048530548810958,0.0100529007613658,0.0137918777763843,-2.94757080078125,5.4213714599609375,11.668975830078123,-3.2790679931640625,-4.6692962646484375,-3.231674194335937
2021-06-27,0,0,294.8678283691406,293.1507873535156,3.7965240478515625,-1.0726470947265625,13.25,91290.5625,268.14166259765625,282.45513916015625,289.9617919921875,0.0050044916570186,0.0097625441849231,0.0126028209924697,-1.3114166259765625,5.30279541015625,12.644821166992188,-4.490493774414063,-4.050689697265625,-7.551193237304687
2021-06-27,6,1,298.1738586425781,293.2248229980469,4.99407958984375,-3.5451812744140625,0.75,91467.34375,268.56805419921875,282.5443115234375,290.2479858398437,0.0046205800026655,0.0095846429467201,0.0132456645369529,-2.924774169921875,6.052749633789063,7.9180908203125,-1.8212127685546875,-5.662322998046875,-5.994888305664063
2021-06-27,12,2,298.0467224121094,292.52569580078125,2.6477203369140625,-2.8691864013671875,9.5,91235.21875,269.32049560546875,283.16900634765625,290.6751708984375,0.0043130405247211,0.0099154524505138,0.013666883111,0.060028076171875,3.870391845703125,4.877944946289063,4.5634613037109375,-5.36859130859375,-5.349899291992188
2021-06-27,18,3,295.140625,292.5657958984375,1.9302215576171875,-0.4810638427734375,0.0,91494.109375,268.3070678710937,282.6789855957031,290.2027282714844,0.0041242903098464,0.0100433453917503,0.012820865958929,1.7818603515625,0.237823486328125,6.4108734130859375,0.59906005859375,-2.8346405029296875,-3.3868560791015625
2021-06-28,0,0,295.0697326660156,293.3818359375,2.129058837890625,0.1410980224609375,4.75,91246.625,269.3438720703125,282.4525756835937,290.5903015136719,0.0033997679129242,0.0102654844522476,0.0115451477468013,-2.875,1.646453857421875,5.849761962890625,4.6585235595703125,1.25848388671875,-4.17864990234375
2021-06-28,6,1,299.8753662109375,291.306396484375,2.386383056640625,-0.31390380859375,0.0,91474.375,268.7179870605469,282.82440185546875,291.7922668457031,0.0037614209577441,0.0094954296946525,0.0125432088971138,-4.57379150390625,2.0361328125,3.5231475830078125,2.877059936523437,1.7427215576171875,-0.9638214111328124
2021-06-28,12,2,302.2030639648437,290.947265625,1.185150146484375,0.453521728515625,2.5,91173.46875,269.61444091796875,283.54132080078125,294.5424499511719,0.0035174314398318,0.0083230175077915,0.0118411816656589,-5.923797607421875,5.345016479492188,2.1239776611328125,5.749053955078125,0.4140167236328125,0.358062744140625
2021-06-28,18,3,296.0760803222656,292.7597351074219,2.618408203125,0.322052001953125,32.75,91371.34375,269.8363037109375,284.3881225585937,292.7042236328125,0.002594392048195,0.0078723132610321,0.0130399614572525,-7.8730621337890625,1.3523101806640625,5.357681274414063,7.216934204101562,-0.3668670654296875,0.0230560302734375
2021-06-29,0,0,293.8802490234375,292.6385498046875,1.0409088134765625,-0.5106048583984375,0.0,91275.375,270.6549987792969,283.1354064941406,292.16607666015625,0.0020220456644892,0.0082182586193084,0.012363314628601,-6.678390502929688,1.5706329345703125,3.478744506835937,8.134307861328125,3.26934814453125,-0.14129638671875
2021-06-29,6,1,302.8089599609375,291.3117370605469,1.2272491455078125,1.55572509765625,55.125,91346.328125,270.55938720703125,284.358154296875,294.03594970703125,0.0020628303755074,0.0077550038695335,0.012628711760044,-3.04022216796875,2.2789459228515625,1.4979705810546875,11.337188720703123,1.522674560546875,2.071624755859375
2021-06-29,12,2,303.69158935546875,292.6737976074219,1.357635498046875,1.56097412109375,82.75,91109.21875,270.2889709472656,284.2321472167969,295.9681701660156,0.0019330431241542,0.0087925940752029,0.0126929432153701,-4.686050415039063,1.55413818359375,2.469635009765625,4.532623291015625,1.1843414306640625,2.1300201416015625
2021-06-29,18,3,298.273193359375,292.78692626953125,1.852630615234375,1.3822021484375,35.25,91382.15625,269.76904296875,283.5572204589844,293.43267822265625,0.0017047205474227,0.0095959454774856,0.0134760327637195,-6.136764526367188,-0.2029571533203125,5.2433929443359375,2.242431640625,-1.02490234375,0.47100830078125
2021-06-30,0,0,297.0700988769531,294.2842712402344,1.85467529296875,0.3970184326171875,149.75,91282.625,269.560791015625,283.5556945800781,292.06396484375,0.0012320892419666,0.0091792196035385,0.0136476047337055,-6.03271484375,-0.22509765625,4.123992919921875,-0.757904052734375,1.21539306640625,-1.7756195068359375
2021-06-30,6,1,302.9296264648437,292.3651123046875,2.467864990234375,-0.320465087890625,116.25,91380.734375,269.42071533203125,284.1600341796875,294.03497314453125,0.0013145210687071,0.0095292180776596,0.0133404396474361,-5.8304443359375,0.534393310546875,3.495330810546875,0.6672821044921875,3.973464965820313,-0.4962158203125
2021-06-30,12,2,305.0740966796875,292.6311950683594,2.2375640869140625,-0.077239990234375,125.25,91099.875,269.5874938964844,284.1162109375,296.9526672363281,0.001699716085568,0.0104799978435039,0.0124926716089248,-4.9981842041015625,1.7366485595703125,3.94012451171875,0.62640380859375,0.5249176025390625,-0.4722442626953125
2021-06-30,18,3,299.3897705078125,293.0230407714844,2.4585723876953125,-0.689544677734375,144.5,91328.453125,269.5899658203125,284.12646484375,293.45465087890625,0.0019965509418398,0.0102733448147773,0.0140080861747264,-3.3901824951171875,0.8737030029296875,6.271148681640625,0.953948974609375,0.1038665771484375,-4.0228118896484375
2021-07-01,0,0,296.9305725097656,293.8270874023437,1.957916259765625,0.1422119140625,278.75,91156.234375,269.819580078125,284.6316833496094,292.5711975097656,0.0022130352444946,0.010562777519226,0.0135202333331108,-3.371826171875,2.27789306640625,3.84222412109375,-3.688385009765625,2.4647369384765625,-2.1420440673828125
2021-07-01,6,1,302.06451416015625,293.14654541015625,2.370834350585937,0.167938232421875,142.125,91246.5625,269.0703125,284.42266845703125,293.6436767578125,0.0022180215455591,0.0103379674255847,0.0139531828463077,-3.1108856201171875,3.2802886962890625,3.4053955078125,-2.8253326416015625,3.6819000244140634,0.2142333984375
2021-07-01,12,2,300.999267578125,292.9416809082031,2.9968414306640625,1.2489471435546875,8.625,91016.390625,269.75689697265625,283.9569396972656,294.93878173828125,0.003011371474713,0.0100087113678455,0.013521771878004,-0.7267303466796875,3.52294921875,4.87091064453125,-3.572021484375,1.7411651611328125,1.9577484130859373
2021-07-01,18,3,296.5538330078125,294.35528564453125,2.591644287109375,1.433929443359375,261.25,91387.578125,268.25750732421875,283.3930358886719,291.7267761230469,0.0036015796940773,0.0102168433368206,0.0148985087871551,0.36883544921875,1.94580078125,7.280731201171875,-5.109649658203125,2.56927490234375,0.7741851806640625
2021-07-02,0,0,296.0518493652344,294.6522216796875,3.509765625,-0.4849395751953125,71.625,91163.8125,268.2773742675781,284.7401733398437,290.983154296875,0.0038239317946135,0.007038839161396,0.0144615769386291,-5.553192138671875,4.6700286865234375,9.881759643554688,-0.2376861572265625,8.275497436523438,-1.95245361328125
2021-07-02,6,1,301.1725769042969,293.25811767578125,3.880828857421875,0.3627166748046875,94.5,91285.6875,268.158447265625,285.153564453125,293.63885498046875,0.0033145423512905,0.0071235857903957,0.0134975537657737,-1.8765411376953125,3.1792144775390625,5.883544921875,8.575454711914062,4.406402587890625,0.4068145751953125
2021-07-02,12,2,301.7269287109375,293.0692749023437,3.67041015625,-0.1046142578125,187.5,91144.75,268.63018798828125,283.6146240234375,294.20123291015625,0.0033154853153973,0.0094265453517436,0.0137447714805603,1.9430999755859373,4.58062744140625,8.331787109375,5.4428253173828125,1.300750732421875,0.1859588623046875
2021-07-02,18,3,297.5350952148437,292.65447998046875,1.505584716796875,-0.0894775390625,174.0,91475.203125,267.7712097167969,283.8349609375,292.1015319824219,0.0036479351110756,0.0084474459290504,0.0136563405394554,3.235076904296875,3.484954833984375,6.168228149414063,5.4276275634765625,-0.1811370849609375,-1.791107177734375
2021-07-03,0,0,295.927978515625,293.3233642578125,1.3904266357421875,0.101409912109375,0.0,91274.625,268.3421630859375,283.99322509765625,291.9627990722656,0.0034103759098798,0.0088769719004631,0.0126985870301723,4.9821319580078125,2.387908935546875,5.247711181640625,3.418426513671875,0.1204681396484375,-2.595428466796875
2021-07-03,6,1,301.18572998046875,292.584228515625,2.9388427734375,-1.179107666015625,27.0,91412.03125,268.3301696777344,283.8446044921875,292.7217102050781,0.0030977963469922,0.0091204494237899,0.013497719541192,2.997161865234375,1.816192626953125,4.198654174804688,1.3978271484375,0.77490234375,-1.7731781005859375
2021-07-03,12,2,301.3062744140625,294.0622863769531,2.854949951171875,0.22509765625,49.0,91137.40625,268.91961669921875,283.7846984863281,293.58953857421875,0.0034942959900945,0.0092012323439121,0.0138718597590923,3.080307006835937,4.7550048828125,4.801361083984375,-1.40521240234375,-0.934600830078125,-0.4375457763671875
2021-07-03,18,3,296.39990234375,293.88623046875,2.7147216796875,0.1667938232421875,51.75,91392.8125,269.179931640625,283.3819885253906,291.300537109375,0.0033851319458335,0.0095614790916442,0.0145004317164421,1.5135345458984375,3.2468414306640625,7.419815063476562,-0.6811676025390625,-2.810272216796875,-2.7980194091796875
2021-07-04,0,0,296.2929077148437,294.0175170898437,2.2886962890625,-0.5812530517578125,55.0,91318.9375,268.9517822265625,283.038330078125,291.7175598144531,0.0038452544249594,0.0091202147305011,0.0128547474741935,1.807830810546875,2.99273681640625,6.251144409179688,-0.1789398193359375,-2.24853515625,-4.86822509765625
2021-07-04,6,1,301.267822265625,293.33953857421875,2.6567840576171875,-1.5746612548828125,537.0,91425.0625,268.3037414550781,282.6305236816406,292.4439697265625,0.0041885711252689,0.0093781650066375,0.0142953507602214,-0.342803955078125,2.7868804931640625,3.9140625,-0.4195556640625,-2.10186767578125,-2.50213623046875
2021-07-04,12,2,300.2249450683594,294.5782775878906,2.2565155029296875,-1.208831787109375,125.75,91154.0625,269.3844299316406,283.3201904296875,293.8359375,0.0050058476626873,0.010049469769001,0.0138425901532173,-0.4540557861328125,3.817626953125,3.687545776367188,-0.5682373046875,-1.3291015625,-2.814071655273437
2021-07-04,18,3,294.76885986328125,293.7520751953125,1.6775054931640625,0.8935699462890625,390.25,91422.046875,268.9277038574219,282.8114624023437,291.30059814453125,0.0054874904453754,0.0098359044641256,0.0144308768212795,-1.3906097412109375,3.20849609375,5.627044677734375,-1.8314361572265625,-5.702072143554688,-3.30780029296875
2021-07-05,0,0,295.23016357421875,293.97216796875,2.1518707275390625,0.2368011474609375,149.0,91320.546875,268.58905029296875,283.109375,291.44287109375,0.0050397329032421,0.0091621167957782,0.0126523040235042,-7.66943359375,1.2670745849609375,5.663055419921875,-1.1964569091796875,0.7433624267578125,-2.0305633544921875
2021-07-05,6,1,299.880126953125,292.5825500488281,3.2034454345703125,-2.373779296875,42.625,91293.671875,268.7303466796875,284.27374267578125,292.3712158203125,0.0048132464289665,0.0083099491894245,0.0138701982796192,-3.0570831298828125,-0.0378875732421875,4.7304534912109375,7.51776123046875,-0.5265655517578125,-3.931716918945313
2021-07-05,12,2,301.64764404296875,293.9876708984375,1.947509765625,-1.5921630859375,20.5,91051.890625,269.88720703125,283.9649353027344,294.2161865234375,0.0040761241689324,0.0081145018339157,0.0133659988641738,0.2960205078125,1.591094970703125,3.8086090087890634,1.6563873291015625,2.0883941650390625,-2.9853668212890625
2021-07-05,18,3,296.7987060546875,294.0717163085937,1.728546142578125,-0.78369140625,87.5,91312.9375,268.98797607421875,283.0340576171875,292.54425048828125,0.0033876979723572,0.0080424882471561,0.0139508210122585,-2.853012084960937,2.574249267578125,2.1964874267578125,1.606048583984375,0.1304168701171875,-2.8486328125
2021-07-06,0,0,295.1779479980469,293.5281982421875,1.2614288330078125,-0.80328369140625,36.0,91189.046875,268.8632202148437,283.07177734375,290.85137939453125,0.003027947153896,0.0084311626851558,0.0140605978667736,-2.387847900390625,0.7483062744140625,1.6707611083984375,-2.51336669921875,1.277435302734375,-3.014251708984375
2021-07-06,6,1,300.29058837890625,293.3258056640625,2.20513916015625,0.5094146728515625,25.0,91200.875,269.4299011230469,283.68231201171875,292.5238342285156,0.0027093703392893,0.0094434767961502,0.0138508565723896,-3.7098541259765625,0.182373046875,3.1976318359375,-1.7194976806640625,0.243133544921875,0.5281524658203125
2021-07-06,12,2,303.14068603515625,293.70477294921875,0.7468109130859375,0.7740631103515625,376.75,90928.25,269.739013671875,284.41754150390625,295.0662536621094,0.0026241710875183,0.0091643072664737,0.0142949670553207,-4.3668975830078125,-0.11492919921875,1.082061767578125,-1.1364898681640625,1.9901580810546875,0.75091552734375
2021-07-06,18,3,297.283203125,294.9089660644531,0.9870452880859376,-0.752166748046875,352.0,91292.65625,268.612060546875,283.4970092773437,292.1962280273437,0.0034332741051912,0.0098194666206836,0.0142377875745296,-6.1180267333984375,0.2987213134765625,3.361541748046875,-0.3188018798828125,2.1760711669921875,2.124237060546875
2021-07-07,0,0,296.0770263671875,294.4020080566406,1.4080047607421875,0.2607269287109375,51.75,91138.125,268.48980712890625,283.71795654296875,291.3853759765625,0.0028018397279083,0.0091123394668102,0.0140228793025016,-5.7825775146484375,-0.4674530029296875,4.710220336914063,0.709014892578125,1.1124725341796875,-0.923248291015625
2021-07-07,6,1,301.49090576171875,294.5663452148437,2.799468994140625,0.1473236083984375,690.0,91281.5625,268.8118591308594,283.62603759765625,292.14501953125,0.002099352190271,0.0090811029076576,0.0152575764805078,-7.0355072021484375,-0.988616943359375,4.0914154052734375,-0.2473602294921875,2.267929077148437,-0.079559326171875
2021-07-07,12,2,300.0882873535156,294.1912841796875,2.827117919921875,0.8805694580078125,271.0,91023.421875,269.186767578125,283.6317749023437,292.85601806640625,0.0042081717401742,0.0092831961810588,0.0143981240689754,-6.1201019287109375,3.2760467529296875,5.284332275390625,0.1690673828125,2.92633056640625,2.7824249267578125
2021-07-07,18,3,296.36376953125,294.1254272460937,2.4444732666015625,0.1671142578125,365.0,91383.484375,268.38720703125,283.4596862792969,291.6521301269531,0.0041022971272468,0.008838728070259,0.0146612767130136,-4.68359375,1.571807861328125,7.100067138671875,1.7473907470703125,1.538970947265625,-0.09906005859375
2021-07-08,0,0,295.9150390625,294.2465209960937,2.659164428710937,-0.2218017578125,22.75,91244.546875,268.1036682128906,283.5456848144531,291.17559814453125,0.0049488320946693,0.0082728788256645,0.0134262144565582,-3.6002349853515625,4.591827392578125,8.648284912109375,3.241241455078125,2.297943115234375,-3.746292114257813
2021-07-08,6,1,300.82940673828125,293.227783203125,3.324676513671875,-1.1328582763671875,96.75,91343.921875,267.5631103515625,284.7349853515625,292.2617492675781,0.0046922117471694,0.0076032243669033,0.0134857594966888,0.15167236328125,5.4691314697265625,5.4222412109375,1.728729248046875,2.100448608398437,-2.238861083984375
2021-07-08,12,2,301.5770874023437,294.82080078125,3.1168212890625,0.1602020263671875,579.75,91039.828125,268.4051513671875,284.1243896484375,293.78082275390625,0.0039712144061923,0.0099787227809429,0.014101818203926,0.73065185546875,6.261383056640625,7.059417724609375,1.24755859375,-0.8290863037109375,-0.0017547607421875
2021-07-08,18,3,296.1581420898437,294.28826904296875,1.841949462890625,-0.1038665771484375,244.75,91238.265625,269.40777587890625,283.076904296875,291.4840087890625,0.0040657855570316,0.0100633911788463,0.0152525641024112,2.822738647460937,2.9717559814453125,6.7373046875,-0.6504974365234375,-0.4313507080078125,-2.2511444091796875
2021-07-09,0,0,295.2206420898437,294.06024169921875,1.91851806640625,0.1398162841796875,112.75,91087.9375,268.9437255859375,282.9744567871094,290.7808532714844,0.0054339487105607,0.0101375803351402,0.0145650096237659,3.1661834716796875,5.2822265625,8.105758666992188,-0.375244140625,-0.5322723388671875,-2.6566314697265625
2021-07-09,6,1,299.7161560058594,294.0591125488281,4.277984619140625,0.660888671875,77.5,91191.328125,269.64129638671875,283.9530334472656,291.64080810546875,0.0047257356345653,0.0093977786600589,0.0143417567014694,2.0360565185546875,5.332305908203125,7.116470336914063,-0.911285400390625,0.271209716796875,0.477691650390625
2021-07-09,12,2,298.5827941894531,294.1141967773437,2.6141815185546875,0.0936126708984375,372.5,90872.109375,269.018798828125,283.37261962890625,293.15106201171875,0.0049853846430778,0.0104620940983295,0.0141014084219932,1.6877593994140625,6.459884643554688,9.22845458984375,-3.4134674072265625,1.0926971435546875,0.6605377197265625
2021-07-09,18,3,295.2103881835937,293.3534851074219,2.4687652587890625,0.766845703125,1.5,91123.609375,269.4702453613281,283.00927734375,291.1612548828125,0.0045339316129684,0.0106756687164306,0.013436235487461,2.693603515625,7.39593505859375,9.48602294921875,-1.225006103515625,1.1317901611328125,-2.7240447998046875
2021-07-10,0,0,295.006591796875,293.90380859375,3.4506988525390625,1.2147064208984375,62.25,90933.515625,269.4559631347656,282.656982421875,290.2445678710937,0.0049934759736061,0.010034330189228,0.0136966779828071,-0.718994140625,12.864486694335938,12.433197021484377,-0.0149383544921875,-0.5892181396484375,-0.775848388671875
2021-07-10,6,1,297.6063537597656,294.714111328125,5.37615966796875,1.060394287109375,24.0,91067.8125,268.9100036621094,283.70587158203125,290.16455078125,0.005301147699356,0.0090308040380477,0.0141653530299663,5.19134521484375,12.999252319335938,10.098373413085938,-1.541168212890625,-1.9417266845703125,-0.4693603515625
2021-07-10,12,2,297.38641357421875,293.5770263671875,4.544235229492188,2.230560302734375,12.75,90865.84375,269.0975341796875,283.1387939453125,290.48565673828125,0.0054226294159889,0.0094096846878528,0.0132683515548706,3.8300628662109375,12.194717407226562,12.385345458984377,-3.1657867431640625,-1.228759765625,3.169296264648437
2021-07-10,18,3,294.3607177734375,293.0044860839844,5.22100830078125,1.6556243896484375,11.0,91139.9375,268.9642944335937,283.008056640625,289.5146484375,0.0051902430132031,0.0093491673469543,0.0135562121868133,-1.603729248046875,16.690780639648438,17.064315795898438,-5.3756256103515625,-3.4426727294921875,1.273345947265625
2021-07-11,0,0,294.8470458984375,292.6969299316406,5.8463897705078125,0.7945098876953125,0.5,90959.171875,268.9989013671875,283.12335205078125,289.72674560546875,0.0048779286444187,0.0096753202378749,0.0135206878185272,-0.0301055908203125,15.229736328125,18.721450805664062,-2.6376953125,-2.3949127197265625,-0.064239501953125
2021-07-11,6,1,300.15460205078125,291.07989501953125,7.9912261962890625,-0.623870849609375,0.0,91066.609375,269.19500732421875,283.5404663085937,290.6556091308594,0.0045438557863235,0.0089578963816165,0.0129866451025009,-1.023223876953125,14.257614135742188,13.184051513671877,-1.8895721435546875,-3.297454833984375,-1.454925537109375
2021-07-11,12,2,298.1678466796875,292.8298645019531,5.42138671875,0.0334014892578125,0.0,90847.125,269.3221740722656,283.1390380859375,291.37921142578125,0.0045094601809978,0.0104505661875009,0.0138659328222274,4.4676361083984375,13.657882690429688,12.071334838867188,-0.8098297119140625,-3.794952392578125,-0.967193603515625
2021-07-11,18,3,294.9803771972656,292.66357421875,4.1857452392578125,0.93072509765625,0.0,91139.5,269.4766540527344,282.8051147460937,289.62890625,0.0052317790687084,0.0102690383791923,0.013705663383007,4.259078979492188,13.723602294921877,13.842071533203123,-1.4426116943359375,-4.0260772705078125,-0.9862060546875
2021-07-12,0,0,295.35211181640625,293.189208984375,4.5074310302734375,1.784332275390625,0.25,90951.578125,268.7956237792969,283.05615234375,290.0922546386719,0.0049681961536407,0.0105962194502353,0.0135552994906902,1.949859619140625,14.343658447265623,15.314834594726562,-1.1572265625,-2.0852203369140625,1.2924346923828125
2021-07-12,6,1,297.70928955078125,293.3810729980469,7.362457275390625,-0.26513671875,14.25,91065.484375,269.1314697265625,284.197021484375,291.3238525390625,0.0051234550774097,0.0097512919455766,0.0143702253699302,0.5755157470703125,16.574981689453125,11.936752319335938,1.9031982421875,-3.878082275390625,-0.539215087890625
2021-07-12,12,2,299.3288269042969,291.97808837890625,5.43310546875,0.516326904296875,0.25,90840.734375,270.2230529785156,283.7947998046875,292.4368896484375,0.0041674599051475,0.0083513334393501,0.013002686202526,0.839447021484375,17.863006591796875,13.18170166015625,3.5358123779296875,-0.8936767578125,-0.3478240966796875
2021-07-12,18,3,295.76031494140625,292.7244873046875,4.16741943359375,0.487213134765625,16.375,91128.796875,268.9937438964844,284.12939453125,290.052490234375,0.0050120763480663,0.0086639299988746,0.014313843101263,5.3851165771484375,17.72332763671875,13.777481079101562,3.705322265625,-3.5089569091796875,-0.9520721435546876
2021-07-13,0,0,295.0740966796875,293.589599609375,4.592193603515625,0.9392547607421876,13.0,90964.4375,269.310302734375,283.7587585449219,290.1404724121094,0.0055149123072624,0.008877545595169,0.0140931941568851,10.044662475585938,15.569290161132812,15.596572875976562,-3.583251953125,-3.5293121337890625,-0.18377685546875
2021-07-13,6,1,295.91131591796875,294.19805908203125,5.503326416015625,-0.0538482666015625,77.375,91184.25,269.18719482421875,282.7714233398437,290.871826171875,0.0055628456175327,0.0098632462322711,0.0134611204266548,10.932785034179688,17.199844360351562,16.1622314453125,-4.712326049804688,-3.4268341064453125,-3.1295318603515625
2021-07-13,12,2,297.8461303710937,293.46502685546875,5.761383056640625,0.8162078857421875,37.0,91008.515625,269.136962890625,284.0741577148437,291.22314453125,0.0048236958682537,0.0088462568819522,0.0137649103999137,8.606292724609375,15.608489990234377,16.04925537109375,1.9183197021484373,-4.9449005126953125,-0.1895294189453125
2021-07-13,18,3,294.935546875,292.8363037109375,4.815582275390625,0.2761383056640625,1.75,91228.34375,268.5115966796875,284.1933898925781,290.0556030273437,0.004409834742546,0.0072196200489997,0.0138821192085742,7.395965576171875,15.649826049804688,16.30023193359375,1.88470458984375,-4.036834716796875,-1.51434326171875
2021-07-14,0,0,295.23748779296875,293.4830322265625,4.575042724609375,0.8625640869140625,6.0,91040.203125,268.5047607421875,283.8177795410156,289.78131103515625,0.0051267631351947,0.0084248185157775,0.0138272978365421,7.415374755859375,14.773910522460938,15.715927124023438,1.8206329345703125,-5.88006591796875,0.112518310546875
2021-07-14,6,1,297.3243103027344,294.5649719238281,6.38800048828125,0.062469482421875,156.5,91177.203125,269.1400756835937,283.4643859863281,291.1075134277344,0.0050786882638931,0.0083237215876579,0.0140551514923572,9.549331665039062,14.128753662109377,16.044113159179688,-0.2273101806640625,-6.569793701171875,-2.6999969482421875
2021-07-14,12,2,295.2406005859375,294.0272521972656,4.8902587890625,0.87933349609375,69.75,90994.078125,270.1591796875,283.921142578125,290.75006103515625,0.0055007152259349,0.0080598071217536,0.0136332549154758,7.791717529296875,19.3555908203125,16.053512573242188,-1.7141876220703125,-5.5281524658203125,-0.548614501953125
2021-07-14,18,3,293.5722045898437,292.79656982421875,3.825027465820313,0.476104736328125,99.5,91278.421875,269.0677795410156,283.3929748535156,289.9438781738281,0.0055155642330646,0.0084912441670894,0.0139092467725276,10.0828857421875,16.206329345703125,15.060409545898438,-1.029327392578125,-6.117584228515625,-1.3553466796875
2021-07-15,0,0,294.07977294921875,293.0263977050781,4.819488525390625,1.2782745361328125,16.75,91102.15625,269.4717102050781,282.934814453125,289.6737365722656,0.0047393161803483,0.0083402767777442,0.0129990503191947,3.7719573974609375,17.65203857421875,17.044342041015625,1.9741058349609373,-3.653167724609375,0.6788177490234375
2021-07-15,6,1,295.8944091796875,293.5517578125,6.733688354492188,0.726470947265625,31.0,91171.828125,269.49151611328125,283.57342529296875,289.9206848144531,0.0053820852190256,0.0077334158122539,0.0139933824539184,7.4138641357421875,16.80694580078125,12.824539184570312,-2.20947265625,-4.092300415039063,-0.2099609375
2021-07-15,12,2,295.76513671875,294.4549865722656,4.3988800048828125,1.0868682861328125,26.25,90941.28125,270.2011108398437,284.20416259765625,290.1395874023437,0.0055845491588115,0.0090442113578319,0.0138285923749208,8.992767333984375,17.4178466796875,13.979660034179688,-2.36126708984375,-1.884033203125,0.5455322265625
2021-07-15,18,3,294.43817138671875,293.3087158203125,3.387298583984375,1.9500732421875,55.5,91211.703125,269.3560485839844,284.423095703125,290.0458374023437,0.0056095793843269,0.0085098668932914,0.0142307579517364,5.8313751220703125,13.224639892578123,13.159500122070312,-0.78961181640625,-1.0095367431640625,0.8065032958984375
2021-07-16,0,0,295.2035522460937,294.2110595703125,2.263885498046875,1.9842529296875,21.0,91187.75,269.086669921875,283.6708984375,289.76202392578125,0.0051071122288703,0.0103344023227691,0.0137885250151157,4.027374267578125,10.988922119140623,10.69293212890625,0.72845458984375,-1.8890228271484373,0.8738555908203125
2021-07-16,6,1,298.04571533203125,295.33465576171875,3.48529052734375,1.4532928466796875,113.5,91350.921875,269.3988037109375,283.52978515625,291.2767333984375,0.0054367072880268,0.0104993879795074,0.0140334516763687,4.153091430664063,12.5570068359375,13.815322875976562,-3.160736083984375,-4.8188323974609375,-0.0062255859375
2021-07-16,12,2,297.222412109375,294.6544189453125,3.3861236572265625,0.7100372314453125,94.0,91156.578125,269.96728515625,284.4571533203125,291.2488098144531,0.005268607288599,0.0096706971526145,0.0137871094048023,0.1492156982421875,7.554718017578125,12.191635131835938,-1.8893585205078125,-3.126495361328125,-1.1536865234375
2021-07-16,18,3,294.4794311523437,293.10528564453125,3.319931030273437,0.8276214599609375,2.75,91423.40625,268.9505615234375,284.1590576171875,289.91064453125,0.005017552524805,0.0091655813157558,0.0139533095061779,-2.9738922119140625,6.8475341796875,12.422775268554688,-0.4557952880859375,-2.3207550048828125,-2.3159332275390625
2021-07-17,0,0,294.718505859375,293.7611694335937,2.8722381591796875,0.493865966796875,17.25,91321.984375,268.9645080566406,282.7235717773437,289.7606201171875,0.0050261653959751,0.0100213177502155,0.0138713680207729,0.37823486328125,5.918243408203125,11.211029052734377,1.55902099609375,-5.301605224609375,-3.5464630126953125
2021-07-17,6,1,298.4022827148437,293.3368225097656,5.249420166015625,-1.006072998046875,9.0,91361.109375,269.338623046875,283.353515625,291.68621826171875,0.004828730598092,0.0098930932581424,0.0136022716760635,1.6522064208984375,4.747528076171875,9.254852294921877,0.2348175048828125,-4.91217041015625,-2.78216552734375
2021-07-17,12,2,298.9059753417969,294.2413635253906,2.431747436523437,0.1387786865234375,274.75,91154.609375,269.1234741210937,283.4104309082031,293.0385131835937,0.0045188032090663,0.0106854662299156,0.0139822959899902,-0.167572021484375,5.0164642333984375,7.326736450195312,-5.87982177734375,-4.5279693603515625,-2.8524932861328125
2021-07-17,18,3,294.5658569335937,293.5234069824219,3.5861968994140625,1.57037353515625,48.0,91337.921875,269.9359741210937,283.4483642578125,290.5951538085937,0.0042152758687734,0.0113617442548275,0.0146625153720378,0.7885284423828125,4.735107421875,11.411697387695312,-8.587753295898438,-2.1299285888671875,-0.73797607421875
2021-07-18,0,0,294.0294189453125,293.29156494140625,4.124679565429688,0.1645050048828125,10.0,91182.0625,269.1867370605469,283.9420166015625,289.8931884765625,0.0054920092225074,0.0098646804690361,0.0130721125751733,-0.0724639892578125,5.8217620849609375,13.364791870117188,-4.4696807861328125,-0.394927978515625,-4.7914581298828125
2021-07-18,6,1,296.236572265625,293.69305419921875,5.851852416992188,0.9174652099609376,12.25,91301.4375,269.2107238769531,284.32623291015625,290.050048828125,0.0048480369150638,0.0079916156828403,0.0137796606868505,-2.7020416259765625,11.536666870117188,11.917694091796877,-3.438079833984375,-5.0164642333984375,-0.9234466552734376
2021-07-18,12,2,296.6759033203125,293.73345947265625,4.9840240478515625,1.5564727783203125,4.0,91094.765625,269.0543212890625,283.6661071777344,290.5567932128906,0.004540778696537,0.0085640810430049,0.013652965426445,-3.7124176025390634,14.003860473632812,14.115615844726562,-3.5499267578125,-3.4916534423828125,0.518768310546875
2021-07-18,18,3,294.31451416015625,293.1517028808594,3.988357543945313,-0.4047698974609375,101.5,91309.75,268.54180908203125,283.5245361328125,289.7360534667969,0.0050814859569072,0.0074710920453071,0.0145579986274242,-1.6876373291015625,18.30892944335937,14.236587524414062,2.46160888671875,1.50115966796875,-4.54156494140625
2021-07-19,0,0,294.5521545410156,293.3231811523437,3.754928588867188,0.40277099609375,3.5,91221.671875,268.2591857910156,283.15447998046875,289.0939636230469,0.004306323826313,0.0075803287327289,0.013232160359621,2.906890869140625,16.674331665039062,14.242156982421877,4.125518798828125,-4.5408782958984375,-1.2632293701171875
2021-07-19,6,1,299.5283203125,292.92791748046875,7.018722534179688,-0.8036346435546875,13.25,91244.453125,268.4286499023437,284.6900634765625,292.12017822265625,0.0040619671344757,0.0068554989993572,0.0131442882120609,4.951904296875,16.217620849609375,14.040695190429688,4.78143310546875,-4.796920776367188,-2.2495880126953125
2021-07-19,12,2,299.2344055175781,293.5429382324219,4.2448272705078125,-0.10400390625,188.5,91113.640625,270.08758544921875,283.1376953125,292.365478515625,0.0047516711056232,0.009238488972187,0.0141873434185981,12.626022338867188,16.798095703125,13.33843994140625,4.533493041992188,-4.7504425048828125,-1.225494384765625
2021-07-19,18,3,294.8937072753906,292.6000366210937,4.479507446289063,0.20745849609375,40.5,91465.265625,268.4462890625,283.2481994628906,289.54315185546875,0.0050338841974735,0.0074749067425727,0.013683121651411,8.88055419921875,15.917770385742188,14.275665283203123,-0.801910400390625,-5.0110626220703125,-2.429931640625
2021-07-20,0,0,295.2083740234375,293.2843017578125,4.6280670166015625,0.236785888671875,14.0,91362.21875,269.4665222167969,282.6552429199219,288.98291015625,0.0040422659367322,0.0078054293990135,0.0132301338016986,6.709625244140625,16.232223510742188,14.88409423828125,1.9591064453125,-3.9421539306640634,-1.5305938720703125
2021-07-20,6,1,299.95281982421875,292.6853332519531,7.137725830078125,-0.0253143310546875,4.0,91457.09375,269.05108642578125,283.3158569335937,292.086181640625,0.0032353762071579,0.0078984498977661,0.0129199996590614,11.037094116210938,16.253829956054688,14.156097412109377,0.3278656005859375,-5.053253173828125,-1.025665283203125
2021-07-20,12,2,299.6472473144531,293.0947265625,4.760498046875,-0.8913726806640625,74.25,91291.125,269.0793151855469,283.3653259277344,292.1654968261719,0.0050190761685371,0.0092675872147083,0.0135717019438743,11.72711181640625,16.989822387695312,14.658218383789062,-5.737548828125,-3.71771240234375,-2.5511932373046875
2021-07-20,18,3,295.2090759277344,292.8409423828125,4.608856201171875,-0.2478485107421875,12.75,91516.4375,269.1037292480469,283.86187744140625,289.88055419921875,0.003896219888702,0.0078958421945571,0.0139450691640377,10.006423950195312,17.794631958007812,15.091323852539062,-0.9268341064453124,-6.1880950927734375,-3.246246337890625
2021-07-21,0,0,295.50592041015625,292.9734802246094,5.133514404296875,0.1266326904296875,15.75,91301.203125,268.3660888671875,284.166259765625,289.8580322265625,0.0027554312255233,0.0080901235342025,0.014017030596733,15.9246826171875,19.94671630859375,16.039947509765625,-1.9979705810546875,-5.3097076416015625,-2.314788818359375
2021-07-21,6,1,297.9945678710937,293.61651611328125,7.816802978515625,-0.7820892333984375,73.25,91382.40625,269.2210693359375,283.06378173828125,291.12872314453125,0.0037062468472868,0.0092670023441314,0.0136651955544948,14.5107421875,20.800125122070312,16.034225463867188,-1.7999725341796875,-5.341278076171875,-2.457733154296875
2021-07-21,12,2,296.7521057128906,294.0050964355469,5.664947509765625,-0.09613037109375,117.5,91216.3125,268.6976013183594,283.2921142578125,290.9291381835937,0.0047166384756565,0.0088090561330318,0.0141005367040634,17.1878662109375,21.38471984863281,15.743270874023438,-2.8289794921875,-6.2975006103515625,-2.45220947265625
2021-07-21,18,3,294.61260986328125,293.158447265625,6.5789337158203125,0.801910400390625,134.75,91323.046875,269.32403564453125,282.78326416015625,290.1339111328125,0.0049181133508682,0.0088155195116996,0.0140957795083522,17.9576416015625,22.031814575195312,19.586196899414062,-4.9390716552734375,-7.623077392578125,-0.832611083984375
2021-07-22,0,0,294.4818725585937,292.74615478515625,6.139816284179688,1.3144989013671875,0.0,91023.59375,269.2865600585937,282.703369140625,289.5084228515625,0.005282673984766,0.0092578008770942,0.0130929797887802,17.469085693359375,23.711929321289062,19.73321533203125,-7.543212890625,-3.36651611328125,1.7400970458984375
2021-07-22,6,1,296.46929931640625,294.0313720703125,8.49609375,1.515533447265625,213.25,91126.671875,269.5630187988281,282.5946655273437,291.066162109375,0.0055728368461132,0.0077951997518539,0.0135383494198322,5.915328979492188,24.83258056640625,22.435958862304688,-4.130142211914063,-4.9452667236328125,1.406982421875
2021-07-22,12,2,296.3065490722656,293.66162109375,6.427520751953125,-0.318115234375,97.75,90964.609375,269.21759033203125,283.6751708984375,290.51080322265625,0.0053986608982086,0.0077011473476886,0.0134903378784656,9.492889404296877,20.7515869140625,19.4697265625,-4.661407470703125,-3.1513671875,-3.0360260009765625
2021-07-22,18,3,294.5085754394531,292.6084899902344,5.7401123046875,0.4171295166015625,7.25,91131.34375,269.14617919921875,283.5082702636719,289.4008483886719,0.0052525992505252,0.0088572166860103,0.0132829044014215,14.412322998046877,18.28012084960937,19.1060791015625,-3.042831420898437,-6.252685546875,-1.0761566162109375
2021-07-23,0,0,294.9643859863281,293.0629272460937,5.6409912109375,0.902740478515625,16.25,90872.484375,269.9066467285156,283.485107421875,290.115234375,0.0048425607383251,0.00878999941051,0.0142831914126873,11.780654907226562,21.63056945800781,16.825714111328125,4.81317138671875,-5.5351409912109375,-0.4202423095703125
2021-07-23,6,1,298.4189758300781,293.2745361328125,5.3385162353515625,-0.34356689453125,461.75,91131.6875,269.560302734375,282.5615234375,291.4796447753906,0.0046503953635692,0.009886909276247,0.0142885819077491,14.045669555664062,15.947830200195312,14.57940673828125,0.9139862060546876,-8.475067138671875,-2.3341064453125
2021-07-23,12,2,297.7728271484375,294.085205078125,5.8753204345703125,-0.1820526123046875,110.75,90918.78125,269.609619140625,283.3785705566406,291.19171142578125,0.0054068863391876,0.0086464136838912,0.0141206383705139,10.671554565429688,15.908370971679688,16.55560302734375,-0.0962677001953125,-6.91693115234375,-2.750228881835937
2021-07-23,18,3,295.1551513671875,292.85662841796875,5.0101470947265625,0.542694091796875,9.5,91169.53125,269.9205627441406,283.4861145019531,290.0054626464844,0.0049751177430152,0.0073713324964046,0.0140409637242555,9.442428588867188,14.308944702148438,16.267654418945312,-0.651336669921875,-8.2783203125,-1.8371734619140625
2021-07-24,0,0,295.00115966796875,293.67022705078125,4.065719604492188,1.005126953125,10.75,91051.828125,270.2737731933594,284.36798095703125,289.82586669921875,0.0040974728763103,0.0071117207407951,0.0139275752007961,10.784957885742188,10.350479125976562,14.29608154296875,-2.7771453857421875,-5.7490234375,-0.81982421875
2021-07-24,6,1,299.2694702148437,293.69921875,6.4119720458984375,-1.510528564453125,1.75,91246.390625,269.4237976074219,284.1804504394531,291.46026611328125,0.0039038825780153,0.0087815634906291,0.0140971858054399,10.47607421875,12.421768188476562,10.783920288085938,-2.323837280273437,-4.467681884765625,-2.848861694335937
2021-07-24,12,2,299.12127685546875,295.3125305175781,3.29888916015625,0.484832763671875,114.5,91040.515625,269.5751342773437,284.20526123046875,292.4444885253906,0.0049524866044521,0.0095409154891967,0.0144357308745384,11.716705322265623,10.880661010742188,8.864913940429688,-2.440887451171875,-3.609039306640625,-1.175445556640625
2021-07-24,18,3,295.33758544921875,293.6838073730469,3.9471435546875,0.614044189453125,3.75,91346.46875,269.1620483398437,283.9688720703125,290.2247009277344,0.004592228680849,0.0098799504339694,0.0144178979098796,7.232803344726562,11.432586669921877,12.959869384765623,-1.6886749267578125,-3.6613922119140634,-2.475433349609375
2021-07-25,0,0,295.89959716796875,293.858154296875,4.1793060302734375,0.6045989990234375,13.25,91191.796875,268.97198486328125,284.67108154296875,290.3373107910156,0.0041656792163848,0.0079501383006572,0.0141275487840175,5.274169921875,10.752227783203123,14.162857055664062,4.395782470703125,-1.7630615234375,-0.8938446044921875
2021-07-25,6,1,299.8243408203125,293.2427978515625,6.716705322265625,-0.05517578125,10.25,91325.34375,269.33367919921875,284.7919311523437,292.1093139648437,0.0036039573606103,0.0066997222602367,0.0138541348278522,6.622467041015625,11.3619384765625,11.015274047851562,4.047576904296875,-0.7932891845703125,-0.3445587158203125
2021-07-25,12,2,300.685791015625,293.7242736816406,4.8265380859375,0.490234375,22.5,91156.4375,269.67205810546875,283.7829895019531,293.26171875,0.0048256367444992,0.0094405189156532,0.013379581272602,5.980712890625,11.5706787109375,11.996505737304688,2.600982666015625,-1.81024169921875,0.6613006591796875
2021-07-25,18,3,295.4859313964844,293.2017517089844,3.9007720947265625,0.8831024169921875,0.75,91460.984375,269.041259765625,284.12921142578125,290.15850830078125,0.004694253206253,0.0077884346246719,0.014022834599018,5.6666412353515625,9.94390869140625,13.001617431640623,4.18994140625,-2.803985595703125,-1.3373565673828125
2021-07-26,0,0,295.64306640625,293.86541748046875,3.902420043945313,0.9022369384765624,21.25,91315.4375,268.86444091796875,284.1455993652344,289.571044921875,0.0051172450184822,0.0080228298902511,0.0136323608458042,1.022705078125,7.7958984375,12.660919189453123,3.029571533203125,-0.5721588134765625,-1.779327392578125
2021-07-26,6,1,299.949462890625,292.9696655273437,7.0426025390625,-0.620269775390625,42.0,91397.640625,269.1473693847656,283.906494140625,291.82470703125,0.0051069669425487,0.0082678943872451,0.0130658335983753,2.4044647216796875,12.342239379882812,12.851364135742188,5.717987060546875,-1.1875152587890625,-1.9351654052734373
2021-07-26,12,2,300.62225341796875,293.6101989746094,4.6625823974609375,0.397247314453125,67.0,91182.84375,270.0902709960937,284.069580078125,292.8676147460937,0.0046613700687885,0.0078822895884513,0.0138757620006799,6.12939453125,13.16943359375,10.056777954101562,0.2465972900390625,-1.415863037109375,-0.2984466552734375
2021-07-26,18,3,295.8037414550781,292.8117980957031,3.7026519775390634,1.1987457275390625,0.0,91401.40625,269.7527160644531,284.37518310546875,289.8785400390625,0.0043981410562992,0.0061069801449775,0.0131902247667312,6.5392608642578125,12.73272705078125,12.214553833007812,1.5358123779296875,-1.3124542236328125,-0.521728515625
2021-07-27,0,0,295.3758850097656,292.8605651855469,3.9644622802734375,0.9640655517578124,3.5,91233.828125,269.09100341796875,284.3934936523437,288.80877685546875,0.0029670957010239,0.0074906237423419,0.0127163454890251,9.541839599609377,14.159469604492188,13.184432983398438,1.2038726806640625,-0.2744293212890625,-0.187774658203125
2021-07-27,6,1,299.531982421875,292.5907897949219,6.746627807617188,0.30511474609375,5.75,91321.96875,268.3609619140625,284.3971252441406,292.226806640625,0.0026362217031419,0.0072443224489688,0.0125006288290023,9.864486694335938,15.135665893554688,13.025375366210938,3.5515289306640625,-0.9442291259765624,-0.0782470703125
2021-07-27,12,2,299.9666442871094,293.24267578125,4.49969482421875,0.767730712890625,8.75,91129.125,269.6214599609375,283.0546569824219,292.94207763671875,0.002519855974242,0.0084789283573627,0.0132151208817958,8.749649047851562,14.964874267578123,12.102951049804688,3.55657958984375,-1.2283782958984375,0.6429443359375
2021-07-27,18,3,295.2923278808594,292.5075988769531,4.301040649414063,0.9753265380859376,0.0,91415.65625,269.9138488769531,283.3675537109375,289.78887939453125,0.0024874613154679,0.0075354650616645,0.0130371525883674,7.2458953857421875,16.21221923828125,14.16741943359375,5.32598876953125,-3.812042236328125,0.2412261962890625
2021-07-28,0,0,295.3289489746094,293.1942443847656,3.777313232421875,1.0675506591796875,0.25,91275.03125,268.7964782714844,283.60357666015625,289.3452453613281,0.0041599720716476,0.0067576579749584,0.0129743441939353,7.560211181640625,16.270416259765625,13.520339965820312,7.048248291015625,-1.789703369140625,0.1026458740234375
2021-07-28,6,1,299.16754150390625,292.55584716796875,6.40350341796875,0.3601226806640625,12.5,91424.625,269.21417236328125,283.8612060546875,291.8158264160156,0.0031321719288825,0.0063920989632606,0.0122566446661949,9.137176513671877,17.175277709960938,13.256149291992188,6.40850830078125,-2.23980712890625,-0.05316162109375
2021-07-28,12,2,300.9970703125,293.3121032714844,4.480255126953125,0.80810546875,52.75,91196.515625,269.7567749023437,282.85260009765625,293.22314453125,0.001589314546436,0.00680130161345,0.0131717510521411,10.566864013671877,16.29150390625,11.611968994140623,0.9570770263671876,-4.7486114501953125,0.8807525634765625
2021-07-28,18,3,295.63232421875,292.88690185546875,4.400360107421875,0.5040435791015625,0.0,91500.734375,270.685302734375,282.8643798828125,289.74609375,0.0019835433922708,0.0054958127439022,0.0128384884446859,8.4183349609375,16.330581665039062,14.735260009765623,0.5429840087890625,-4.357666015625,-0.526611328125
2021-07-29,0,0,294.62799072265625,292.5356140136719,4.2826690673828125,1.529083251953125,0.5,91361.3125,270.68463134765625,283.4573059082031,289.0770263671875,0.001798539655283,0.006258737295866,0.0121112801134586,8.176620483398438,15.881423950195312,15.24639892578125,-0.6497650146484375,-2.84613037109375,1.5892486572265625
2021-07-29,6,1,298.900634765625,292.357177734375,6.763442993164063,0.3428497314453125,15.75,91459.53125,269.91656494140625,284.29656982421875,292.1016845703125,0.0016076834872364,0.006227608770132,0.0124122276902198,7.97235107421875,16.11236572265625,15.325958251953123,1.6562652587890625,-3.0559539794921875,-0.55377197265625
2021-07-29,12,2,299.5536804199219,293.03192138671875,4.563568115234375,0.0921783447265625,10.75,91301.5,269.9305419921875,282.94683837890625,292.5343017578125,0.0019362343009561,0.0081453435122966,0.0134562775492668,9.079269409179688,13.43389892578125,11.424575805664062,-0.407257080078125,-3.2655792236328125,-1.0185699462890625
2021-07-29,18,3,295.1015625,291.8356018066406,4.1497344970703125,0.2429962158203125,0.0,91542.0625,271.02001953125,283.5338134765625,289.82525634765625,0.0020218163263052,0.0066338195465505,0.0128897801041603,7.014404296875,14.28436279296875,13.9248046875,0.389556884765625,-4.12652587890625,-2.831939697265625
2021-07-30,0,0,294.87823486328125,292.67144775390625,3.928680419921875,0.6535797119140625,6.0,91429.984375,270.731201171875,283.95196533203125,288.9619445800781,0.0021170680411159,0.0062585063278675,0.0131716765463352,7.6808929443359375,15.465621948242188,13.760055541992188,1.231536865234375,-3.7051849365234375,-2.2366943359375
2021-07-30,6,1,298.96661376953125,292.3511047363281,7.312286376953125,-1.121826171875,11.5,91544.296875,270.54150390625,284.0160217285156,291.67401123046875,0.0022957581095397,0.0060145929455757,0.0131481047719717,8.014022827148438,16.132553100585938,12.478973388671877,1.5361175537109375,-4.23406982421875,-1.9401702880859373
2021-07-30,12,2,300.3515014648437,293.0670471191406,4.8024749755859375,-0.4329681396484375,8.0,91312.1875,270.724365234375,282.9857788085937,292.99951171875,0.0023238980211317,0.0088447295129299,0.013073768466711,7.4816741943359375,12.451171875,12.296676635742188,-0.8604888916015625,-4.06512451171875,-2.574737548828125
2021-07-30,18,3,295.6491394042969,292.4913635253906,4.222824096679688,-0.3323974609375,0.0,91541.25,270.39166259765625,283.75811767578125,289.700927734375,0.0022387905046343,0.0061379708349704,0.0132361911237239,6.278732299804688,13.308975219726562,12.991180419921877,-1.2608184814453125,-5.60650634765625,-4.002899169921875
2021-07-31,0,0,295.4882202148437,292.6416931152344,4.484588623046875,0.40380859375,18.25,91467.671875,268.98748779296875,284.4919738769531,288.9315795898437,0.0026473619509488,0.0051924139261245,0.0131280533969402,4.6471099853515625,16.104080200195312,14.125946044921877,-1.07171630859375,-5.4503936767578125,-2.1505584716796875
2021-07-31,6,1,299.33856201171875,291.7850341796875,6.987213134765625,-1.391510009765625,6.75,91552.78125,269.55584716796875,282.5498352050781,291.1631164550781,0.0021009868942201,0.0094290636479854,0.0131837725639343,6.6905364990234375,14.901596069335938,12.154144287109377,0.528228759765625,-5.871109008789063,-2.6354522705078125
2021-07-31,12,2,299.5461120605469,293.5673522949219,5.338546752929688,-1.179168701171875,4.75,91385.484375,269.3871459960937,283.13067626953125,291.9833984375,0.0018700412474572,0.0094525702297687,0.0134335532784461,8.690689086914062,14.811904907226562,14.319854736328123,-1.1174774169921875,-5.7452545166015625,-4.6866607666015625
2021-07-31,18,3,295.599365234375,292.49102783203125,4.346435546875,-0.4687652587890625,0.75,91612.375,269.8307189941406,283.86724853515625,289.58428955078125,0.0015857685357332,0.0072343274950981,0.0133409928530454,7.918624877929687,12.287445068359377,13.167617797851562,-1.3221435546875,-6.688644409179688,-4.3703155517578125
2021-08-01,0,0,294.58172607421875,292.71014404296875,4.661834716796875,-0.3570098876953125,2.75,91411.8125,269.505615234375,284.247314453125,288.71466064453125,0.0026962074916809,0.0077210515737533,0.012874811887741,8.19903564453125,9.687850952148438,14.53607177734375,-5.25494384765625,-7.0801544189453125,-4.440231323242188
2021-08-01,6,1,298.67254638671875,292.0196533203125,7.463623046875,-1.152313232421875,19.0,91430.71875,269.5707397460937,284.4320068359375,291.82110595703125,0.0034924254287034,0.005631148815155,0.0127485319972038,4.808609008789063,12.4569091796875,12.925765991210938,-3.8659515380859375,-6.9794769287109375,-2.262237548828125
2021-08-01,12,2,299.82635498046875,292.71710205078125,4.5665130615234375,-0.4481201171875,2.25,91228.34375,268.026123046875,282.6943054199219,292.98980712890625,0.0043268352746963,0.0074958875775337,0.0128564834594726,3.2150421142578125,12.242599487304688,11.285308837890623,-2.708831787109375,-5.471893310546875,-2.5107421875
2021-08-01,18,3,294.93463134765625,292.62860107421875,4.1824951171875,0.5228118896484375,0.0,91515.09375,267.8941650390625,282.91357421875,289.6478271484375,0.0037209808360785,0.0065686982125043,0.0131388492882251,1.5178375244140625,11.898574829101562,12.7274169921875,-1.2811279296875,-6.412399291992188,-1.748138427734375
2021-08-02,0,0,295.07568359375,292.3558959960937,3.885574340820313,0.8631591796875,2.75,91327.34375,268.9820556640625,283.5977783203125,288.7557983398437,0.0033568872604519,0.0062078274786472,0.0127998664975166,2.0667877197265625,8.509719848632812,12.984542846679688,-1.7351226806640625,-3.034393310546875,-0.72186279296875
2021-08-02,6,1,298.9290771484375,291.4335327148437,6.4816436767578125,0.676666259765625,16.25,91427.4375,268.8227844238281,284.01763916015625,291.3629150390625,0.0036898346152156,0.0060428390279412,0.0123470723628997,1.1197052001953125,8.18878173828125,12.457626342773438,-3.0757598876953125,-3.395660400390625,0.920196533203125
2021-08-02,12,2,300.0108642578125,292.919677734375,3.92022705078125,0.214935302734375,94.5,91321.859375,268.01300048828125,282.5020446777344,292.93994140625,0.0037682261317968,0.0081618502736091,0.012790635228157,2.2391357421875,11.602249145507812,10.575698852539062,-3.406478881835937,-3.086212158203125,0.3410491943359375
2021-08-02,18,3,295.0557861328125,292.13922119140625,4.0711822509765625,0.4485015869140625,0.0,91638.3125,267.161865234375,283.1266784667969,289.703125,0.0042944252490997,0.0064921975135803,0.0125994458794593,1.6114654541015625,11.863540649414062,12.40570068359375,-3.731155395507813,-2.5577545166015625,-2.5198516845703125
2021-08-03,0,0,294.40118408203125,292.6435546875,4.36431884765625,0.7252197265625,4.0,91462.46875,268.09149169921875,283.7905578613281,288.65362548828125,0.0042976774275302,0.0055112428963184,0.0128205306828022,-1.2619781494140625,13.835983276367188,14.807510375976562,-1.978118896484375,-3.8228912353515625,-1.461669921875
2021-08-03,6,1,299.0297241210937,292.1654052734375,6.160659790039063,-1.152099609375,14.0,91597.15625,268.32696533203125,283.7626342773437,290.9583740234375,0.004149243235588,0.0062112249433994,0.01276121661067,1.8847808837890625,13.703231811523438,11.102020263671877,1.7652130126953125,-4.940109252929688,-2.255233764648437
2021-08-03,12,2,299.16046142578125,292.9940185546875,4.2594757080078125,0.2817535400390625,7.0,91412.375,268.31060791015625,283.104248046875,292.4671630859375,0.0039893016219139,0.0084773786365985,0.0134554542601108,4.6886138916015625,12.169921875,10.524139404296877,0.1847686767578125,-4.7157135009765625,-0.6838226318359375
2021-08-03,18,3,295.3041381835937,292.45318603515625,3.75445556640625,0.110809326171875,26.0,91732.640625,268.0859375,282.6448669433594,290.320556640625,0.0036581233143806,0.0098174810409545,0.0140116475522518,4.48944091796875,11.207443237304688,12.412307739257812,-1.160675048828125,-3.911285400390625,-2.86822509765625
2021-08-04,0,0,295.09869384765625,293.38592529296875,3.8580474853515625,-0.104949951171875,5.0,91564.15625,268.13836669921875,283.63543701171875,289.6571350097656,0.0043951664119958,0.008468760177493,0.0137235783040523,6.7081146240234375,13.77105712890625,13.9267578125,-2.6278228759765625,-2.8712615966796875,-3.5238037109375
2021-08-04,6,1,298.7958984375,292.8392028808594,6.1226806640625,-0.77154541015625,54.25,91655.046875,268.48712158203125,284.1539306640625,290.9579162597656,0.0051138699054718,0.0076707005500793,0.0127970986068248,6.096282958984375,13.91693115234375,15.282608032226562,-1.90167236328125,-2.0269775390625,-3.951019287109375
2021-08-04,12,2,299.0346374511719,293.544921875,4.1580352783203125,-0.290496826171875,130.0,91420.796875,268.4989013671875,283.31427001953125,292.3369140625,0.0043593682348728,0.0087058767676353,0.0136116594076156,7.662429809570312,14.076095581054688,13.314178466796877,-4.424774169921875,-3.64923095703125,-3.3325653076171875
2021-08-04,18,3,295.0997619628906,292.58563232421875,4.164474487304688,0.348388671875,0.0,91633.796875,268.6700439453125,284.156494140625,289.75225830078125,0.0039793141186237,0.0060676038265228,0.0133001692593097,7.14154052734375,15.172607421875,13.4066162109375,-2.3202362060546875,-3.380828857421875,-2.8275146484375
2021-08-05,0,0,295.361083984375,293.04888916015625,4.762939453125,0.542938232421875,10.25,91366.109375,267.8915405273437,284.4914855957031,289.16949462890625,0.0042780824005603,0.0077788345515728,0.0133840255439281,8.600753784179688,14.34063720703125,14.975997924804688,-1.669952392578125,-5.207000732421875,-1.096221923828125
2021-08-05,6,1,298.5964050292969,293.3238830566406,6.3392486572265625,-0.7453460693359375,6.75,91466.46875,268.39971923828125,283.73175048828125,291.4522705078125,0.003666999284178,0.009219154715538,0.0136674307286739,8.50775146484375,14.025588989257812,11.778564453125,1.1669769287109375,-3.9286041259765625,-1.658538818359375
2021-08-05,12,2,298.3630676269531,294.8943176269531,4.056167602539063,-0.120819091796875,80.25,91219.515625,269.0201721191406,283.3158264160156,292.7778625488281,0.0039360933005809,0.0100693590939044,0.0137191340327262,9.796676635742188,11.720230102539062,11.828994750976562,0.502960205078125,-3.693511962890625,-0.782989501953125
2021-08-05,18,3,294.9307861328125,293.3890991210937,3.8570709228515625,0.5854034423828125,0.0,91452.84375,269.45416259765625,283.44384765625,290.2015991210937,0.0031221380922943,0.0095850452780723,0.0141039788722991,8.679351806640625,11.704116821289062,13.4815673828125,-0.1448211669921875,-4.172393798828125,-1.3933868408203125
2021-08-06,0,0,295.4105529785156,293.6338806152344,4.715499877929688,0.2175750732421875,29.25,91221.125,269.711181640625,283.76318359375,289.61968994140625,0.0028691582847386,0.0098037309944629,0.0137715451419353,6.5528411865234375,11.571884155273438,14.465362548828123,-1.53826904296875,-4.346359252929688,-2.3311309814453125
2021-08-06,6,1,299.15289306640625,293.06134033203125,6.334503173828125,-1.231689453125,0.0,91354.125,269.51666259765625,284.31512451171875,291.5217590332031,0.0026920367963612,0.0088049583137035,0.0136922784149646,4.9537200927734375,11.4764404296875,10.359405517578123,0.6018524169921875,-3.9033050537109375,-1.9785614013671875
2021-08-06,12,2,299.9629821777344,294.4195556640625,4.32330322265625,-0.6423492431640625,27.0,91134.703125,269.56793212890625,283.49371337890625,292.547607421875,0.0032518047373741,0.0097318217158317,0.0135669838637113,6.62506103515625,10.305938720703123,11.687820434570312,0.70013427734375,-3.90325927734375,-3.225692749023437
2021-08-06,18,3,295.1902160644531,293.60699462890625,3.7210693359375,-0.1138458251953125,19.5,91435.65625,268.9142150878906,283.2064819335937,290.1029357910156,0.0040979906916618,0.0092293582856655,0.0142462141811847,5.0587921142578125,7.785995483398437,12.464462280273438,0.9257965087890624,-4.956558227539063,-3.0020751953125
2021-08-07,0,0,295.57623291015625,294.0442810058594,3.7129058837890634,0.2372894287109375,13.5,91221.890625,269.59521484375,283.7728271484375,290.4126892089844,0.0036581889726221,0.008182480931282,0.0144248567521572,3.411849975585937,6.325408935546875,12.757461547851562,0.6293792724609375,-2.480712890625,-1.7476348876953125
2021-08-07,6,1,299.5377197265625,294.4061889648437,5.527374267578125,-0.96502685546875,0.25,91449.5,269.7073974609375,283.41131591796875,291.67889404296875,0.0032687119673937,0.0081646088510751,0.0139130875468254,2.13519287109375,6.5618743896484375,8.944122314453125,1.307952880859375,-1.1900634765625,-1.5767059326171875
2021-08-07,12,2,299.5679626464844,294.36016845703125,2.899871826171875,0.0677032470703125,352.75,91164.953125,269.89288330078125,283.63055419921875,293.49005126953125,0.004011433571577,0.0090414248406887,0.0141989290714263,0.310150146484375,3.4233551025390625,7.305023193359375,1.7116546630859375,-2.53076171875,-1.59967041015625
2021-08-07,18,3,295.45611572265625,294.0556640625,3.1207733154296875,0.4075775146484375,3.0,91517.609375,269.21295166015625,283.57208251953125,290.9887390136719,0.0042547769844532,0.0098221078515052,0.013925764709711,0.1352691650390625,1.996490478515625,10.087371826171877,3.046493530273437,-1.212249755859375,-1.9641876220703125
2021-08-08,0,0,295.134521484375,293.9430236816406,2.558013916015625,0.3389129638671875,7.0,91327.265625,269.4573974609375,283.1378173828125,290.6844482421875,0.0035126626025885,0.0105412825942039,0.0134012959897518,-0.3264007568359375,1.517425537109375,8.470245361328125,3.856124877929688,0.766632080078125,-2.6804351806640625
2021-08-08,6,1,299.2834167480469,293.4354248046875,3.0040435791015625,-0.5230255126953125,0.0,91503.25,270.21783447265625,283.2034606933594,291.6955871582031,0.0022586518898606,0.010367264971137,0.0139286592602729,-1.74517822265625,1.2328033447265625,4.543731689453125,5.48931884765625,2.045639038085937,-1.0253143310546875
2021-08-08,12,2,301.9519348144531,294.269775390625,1.8110198974609373,-0.286041259765625,45.75,91184.078125,271.3616027832031,284.33258056640625,294.44708251953125,0.0017731434199959,0.0092867910861969,0.0138221085071563,-1.7089080810546875,0.919342041015625,2.93927001953125,4.663253784179688,2.214111328125,-0.4115142822265625
2021-08-08,18,3,296.09100341796875,294.1158447265625,2.9082183837890625,0.3401336669921875,0.25,91558.125,270.54608154296875,283.48406982421875,291.330322265625,0.0020723037887364,0.0101167187094688,0.0143044032156467,-2.497100830078125,-0.7064361572265625,6.172164916992188,4.680587768554688,1.4478302001953125,-2.02716064453125
2021-08-09,0,0,295.6410522460937,294.285888671875,1.9192962646484373,0.207427978515625,0.0,91422.90625,269.84979248046875,283.30145263671875,291.4542236328125,0.002393722301349,0.0094927698373794,0.0137643218040466,-5.0546417236328125,1.1700592041015625,4.925582885742188,3.442535400390625,4.1977081298828125,-1.5549774169921875
2021-08-09,6,1,300.3897705078125,293.6654357910156,2.5032501220703125,-0.3970947265625,6.0,91546.953125,270.43463134765625,283.7855224609375,292.3531494140625,0.0022488120011985,0.0093937627971172,0.0136298537254333,-4.8193206787109375,0.338470458984375,3.5642547607421875,3.452545166015625,5.9439697265625,-0.4209442138671875
2021-08-09,12,2,302.1318359375,294.9311218261719,2.542510986328125,-0.41302490234375,423.5,91255.453125,270.1410522460937,284.2220458984375,294.0345458984375,0.0023840107023715,0.0097560100257396,0.0143895167857408,-4.17041015625,0.498992919921875,4.1058502197265625,3.348739624023437,3.9923248291015625,-0.1453094482421875
2021-08-09,18,3,296.5138244628906,294.4088439941406,2.694366455078125,-0.240692138671875,35.25,91543.671875,269.1268310546875,283.5474853515625,291.1165771484375,0.0032050590962171,0.0100855864584445,0.0145181603729724,-4.0821533203125,1.8009033203125,8.051376342773438,1.886688232421875,3.083404541015625,-0.7498779296875
2021-08-10,0,0,295.20477294921875,294.00897216796875,2.4488067626953125,-0.6226348876953125,9.25,91429.796875,269.31768798828125,282.5926818847656,289.99981689453125,0.0033209852408617,0.0092061124742031,0.0136079974472522,-4.3764190673828125,4.244781494140625,6.684234619140625,4.4192962646484375,0.497711181640625,-4.0185546875
2021-08-10,6,1,297.7864990234375,293.0162353515625,4.03564453125,-0.698211669921875,415.0,91600.515625,269.2386474609375,282.92730712890625,290.521728515625,0.0024891232606023,0.0093111656606197,0.0133617259562015,-3.925247192382813,4.33465576171875,8.628494262695312,4.984649658203125,0.032806396484375,-2.8629608154296875
2021-08-10,12,2,299.9203186035156,294.57763671875,3.8407135009765625,-1.1435546875,106.0,91246.140625,269.7447509765625,283.6907653808594,292.3818054199219,0.0027260878123342,0.0095906984061002,0.0143501758575439,-3.10784912109375,5.04583740234375,7.191619873046875,1.07293701171875,-1.5905914306640625,-2.7738800048828125
2021-08-10,18,3,296.3572998046875,293.259521484375,2.833526611328125,-0.551239013671875,0.0,91534.375,269.527099609375,283.45770263671875,291.12109375,0.0027526889462023,0.0094055347144603,0.0131866186857223,-3.0632476806640625,4.59228515625,9.387542724609377,0.6890411376953125,-4.8427276611328125,-3.776611328125
2021-08-11,0,0,295.02691650390625,293.578125,2.7180938720703125,-0.7521209716796875,0.0,91440.140625,268.9451599121094,283.2297668457031,290.6363525390625,0.0028079391922801,0.0096339527517557,0.0131188184022903,-1.8623504638671875,2.448883056640625,9.729934692382812,-1.0573883056640625,-5.038619995117188,-7.4730224609375
2021-08-11,6,1,299.2689819335937,292.8560791015625,3.512786865234375,-3.0306396484375,2.75,91514.84375,269.7218017578125,283.1873474121094,291.28778076171875,0.0022742936853319,0.0093385130167007,0.0137353800237178,-3.55352783203125,4.1988067626953125,5.663330078125,-1.2654876708984375,-4.7527923583984375,-5.2724609375
2021-08-11,12,2,300.58282470703125,294.6435852050781,3.050140380859375,-1.1212310791015625,98.0,91288.15625,268.8494873046875,283.34619140625,293.09930419921875,0.0029948081355541,0.009734284132719,0.0137832798063755,-3.39605712890625,5.05450439453125,5.868255615234375,-2.9715728759765625,-6.360519409179688,-3.963653564453125
2021-08-11,18,3,295.4293518066406,293.71142578125,2.883148193359375,-0.1410369873046875,0.0,91542.625,268.8577575683594,283.64697265625,291.2479858398437,0.0026228677015751,0.0087425094097852,0.0137139968574047,-4.649566650390625,1.49591064453125,8.740814208984375,-0.8363800048828125,-5.153656005859375,-3.8017425537109375
2021-08-12,0,0,295.0367431640625,293.28277587890625,3.356781005859375,-0.01068115234375,4.0,91490.125,268.4564514160156,282.796875,289.68170166015625,0.0033728326670825,0.0102038383483886,0.0136518273502588,-4.6572265625,2.69952392578125,10.51922607421875,-1.5350799560546875,-2.6146697998046875,-4.859878540039063
2021-08-12,6,1,297.772216796875,292.8087158203125,4.9730072021484375,-2.073944091796875,46.0,91600.875,268.8160705566406,282.63995361328125,290.61102294921875,0.0035512784961611,0.0105486884713172,0.013938121497631,-4.558929443359375,3.967727661132813,8.016159057617188,0.6725006103515625,-4.133071899414063,-3.819046020507813
2021-08-12,12,2,298.2699584960937,294.34991455078125,3.7831878662109375,-0.978973388671875,100.75,91401.5,267.8759460449219,283.52789306640625,291.4842529296875,0.0038657032418996,0.0095388144254684,0.013036873191595,-2.141830444335937,3.650421142578125,10.01605224609375,-1.070343017578125,-4.97784423828125,-5.026336669921875
2021-08-12,18,3,294.7126770019531,292.96197509765625,3.537506103515625,-0.9085845947265624,2.5,91598.515625,267.6644287109375,282.86846923828125,291.0550537109375,0.004375260323286,0.0098551325500011,0.0122582763433456,-0.0509033203125,3.4818115234375,11.972976684570312,-0.19366455078125,-4.688140869140625,-7.7505035400390625
2021-08-13,0,0,294.49591064453125,293.2603759765625,3.0351715087890625,-0.9314117431640624,0.0,91397.734375,268.1015625,283.14215087890625,291.4657897949219,0.0046748258173465,0.0099144950509071,0.0120940171182155,3.6082916259765625,3.44317626953125,10.437637329101562,-0.2554931640625,-3.2289581298828125,-7.96868896484375
2021-08-13,6,1,298.06427001953125,292.67596435546875,4.2278900146484375,-2.975341796875,32.75,91440.765625,268.0839233398437,283.80712890625,291.3539123535156,0.0049619972705841,0.0094558075070381,0.0135215185582637,3.448638916015625,4.188934326171875,6.98675537109375,-0.65948486328125,-3.2756805419921875,-6.5722198486328125
2021-08-13,12,2,297.9815979003906,295.3428955078125,2.5665740966796875,-0.245574951171875,122.75,91211.359375,268.716552734375,283.37518310546875,291.7267761230469,0.005376324057579,0.0092012733221054,0.0142411068081855,3.341156005859375,6.5315704345703125,7.3989105224609375,-3.080230712890625,-4.43988037109375,-2.6904754638671875
2021-08-13,18,3,294.8821716308594,293.4560241699219,2.9932861328125,0.0684356689453125,26.0,91448.53125,268.595458984375,283.0716247558594,290.27447509765625,0.0048829708248376,0.0083549804985523,0.0139782279729843,1.925506591796875,5.774948120117188,9.6376953125,-2.9154205322265625,-3.624755859375,-3.806182861328125
2021-08-14,0,0,294.7738037109375,293.04400634765625,3.390625,-0.437530517578125,3.25,91231.03125,268.27130126953125,282.78961181640625,289.87579345703125,0.0047271884977817,0.008291408419609,0.0125253088772296,4.63885498046875,7.940139770507812,10.64892578125,-1.554229736328125,-3.217254638671875,-5.9029083251953125
2021-08-14,6,1,299.139404296875,292.2830505371094,5.07965087890625,-1.6591033935546875,0.25,91313.96875,269.28253173828125,282.57763671875,291.030029296875,0.004591803997755,0.008834172040224,0.0130350328981876,4.1932525634765625,9.046585083007812,8.923080444335938,-1.586700439453125,-4.002410888671875,-3.1942596435546875
2021-08-14,12,2,297.90899658203125,293.37310791015625,4.03118896484375,-0.2268218994140625,146.25,91103.4375,269.13787841796875,282.7274780273437,291.9898681640625,0.004750020802021,0.0086989551782608,0.0133436135947704,3.347503662109375,8.6611328125,10.4716796875,-2.816009521484375,-5.511260986328125,-3.657272338867188
2021-08-14,18,3,294.54998779296875,292.8441772460937,3.5541534423828125,-0.029296875,0.125,91397.5625,268.45513916015625,282.5448303222656,289.6813659667969,0.004521194845438,0.0071632787585258,0.0134197808802127,1.4020843505859375,7.112762451171875,10.556640625,-2.715194702148437,-6.3212738037109375,-3.1058502197265625
2021-08-15,0,0,295.0755310058594,292.56842041015625,3.9808349609375,-0.6298675537109375,4.25,91212.46875,268.8240661621094,282.54449462890625,289.0484619140625,0.0045116245746612,0.0073542743921279,0.0127437077462673,2.7371978759765625,8.203582763671875,11.683441162109377,-2.4978790283203125,-4.099273681640625,-4.02349853515625
2021-08-15,6,1,297.9456481933594,291.6784362792969,4.88690185546875,-1.2085418701171875,11.0,91360.890625,268.61444091796875,283.06988525390625,291.03271484375,0.0046210587024688,0.0071500986814498,0.0123350732028484,2.7947235107421875,8.219406127929688,9.5819091796875,-2.9158935546875,-3.063232421875,-2.6090545654296875
2021-08-15,12,2,298.8389892578125,293.36865234375,2.94781494140625,-0.49053955078125,65.25,91185.421875,268.5869445800781,282.7162475585937,292.3031921386719,0.004661988466978,0.0083967763930559,0.0129712149500846,1.6230926513671875,8.515167236328125,9.755615234375,-4.99700927734375,-4.3936309814453125,-2.742401123046875
2021-08-15,18,3,295.37225341796875,292.7373962402344,3.3922271728515625,0.7048492431640625,69.0,91414.265625,268.2933959960937,282.91180419921875,290.3936462402344,0.0050917714834213,0.0079080089926719,0.0135453902184963,-1.2552642822265625,6.8542022705078125,9.6673583984375,-5.35858154296875,-3.0295867919921875,-2.0814971923828125
2021-08-16,0,0,294.46551513671875,292.88970947265625,3.0308074951171875,-0.27099609375,12.25,91291.046875,268.2681884765625,283.03662109375,289.616943359375,0.0049633393064141,0.0072210952639579,0.0131428092718124,-2.773834228515625,6.757003784179688,9.970413208007812,-2.61614990234375,-1.9220733642578125,-4.486831665039063
2021-08-16,6,1,298.8964233398437,292.53057861328125,4.447662353515625,-1.2206268310546875,103.25,91438.546875,268.9310302734375,282.81121826171875,290.9498291015625,0.0048325583338737,0.0078590996563434,0.0137065015733242,-1.598846435546875,6.201461791992188,7.671844482421875,0.1553955078125,-2.427764892578125,-2.6105194091796875
2021-08-16,12,2,297.62677001953125,294.11181640625,3.0964508056640625,-0.0384674072265625,117.75,91263.359375,268.963623046875,282.5609741210937,291.39215087890625,0.0049586668610572,0.0089271590113639,0.0137001387774944,3.356170654296875,6.7155303955078125,7.33203125,-0.8026885986328125,-2.84954833984375,-0.7865753173828125
2021-08-16,18,3,294.94000244140625,293.756591796875,2.468536376953125,1.1739959716796875,87.25,91499.875,268.82305908203125,283.0518798828125,290.725341796875,0.0053098667412996,0.0086697079241275,0.0138045400381088,3.841583251953125,5.8333587646484375,7.998641967773437,-2.0586395263671875,-1.837310791015625,-0.868621826171875
2021-08-17,0,0,293.968017578125,293.1986083984375,2.5028076171875,0.328094482421875,38.75,91367.625,268.7692565917969,282.80389404296875,291.3837280273437,0.0049630776047706,0.0079131498932838,0.0122521743178367,2.580963134765625,8.647598266601562,8.034317016601562,-0.1973876953125,1.173004150390625,-3.1293182373046875
2021-08-17,6,1,297.0799560546875,293.0294494628906,3.94537353515625,0.127777099609375,32.0,91480.984375,268.3857116699219,282.8901672363281,290.90234375,0.0047242995351552,0.0080519095063209,0.0134820379316806,3.369003295898437,11.302017211914062,6.13592529296875,3.733551025390625,-0.397613525390625,-0.4621124267578125
2021-08-17,12,2,297.9889221191406,294.1776123046875,2.4417266845703125,0.6509552001953125,99.625,91245.109375,269.5335693359375,282.9574890136719,291.81207275390625,0.0050506852567195,0.008276242762804,0.0130288787186145,6.096603393554688,8.515060424804688,6.9627685546875,2.17230224609375,-1.29046630859375,-0.07696533203125
2021-08-17,18,3,295.0297241210937,293.5125732421875,2.6774139404296875,1.258819580078125,69.5,91463.546875,268.3921203613281,282.89727783203125,290.66815185546875,0.0050056502223014,0.0084323212504386,0.013626329600811,4.275161743164063,7.891220092773437,8.926116943359375,0.113800048828125,-0.22918701171875,-0.626251220703125
2021-08-18,0,0,294.8026123046875,293.213623046875,3.142791748046875,1.318511962890625,1.0,91273.1875,268.8517761230469,282.90594482421875,290.6596069335937,0.0043288953602313,0.0087197609245777,0.01275534927845,6.2843017578125,10.72259521484375,11.11114501953125,0.714324951171875,-1.080841064453125,-0.8244171142578125
2021-08-18,6,1,299.0860290527344,292.47564697265625,4.5861663818359375,0.146514892578125,1.125,91374.46875,268.96795654296875,283.3612060546875,291.55487060546875,0.0044119898229837,0.0076824277639389,0.0129159279167652,5.2109222412109375,9.640487670898438,8.218841552734375,-0.7595672607421875,-0.670440673828125,-0.3121795654296875
2021-08-18,12,2,299.3175048828125,293.809326171875,3.7124176025390634,1.2194061279296875,149.0,91122.921875,268.60906982421875,282.7965087890625,292.757568359375,0.0047536678612232,0.0089461840689182,0.0133977681398391,4.7581329345703125,6.3978118896484375,9.317596435546877,-1.415679931640625,-1.27691650390625,1.5553131103515625
2021-08-18,18,3,294.67999267578125,293.41412353515625,4.23687744140625,1.189453125,0.0,91352.3125,267.6620483398437,282.80242919921875,290.31817626953125,0.0047500841319561,0.009273461997509,0.0132166985422372,4.543960571289063,6.413116455078125,12.983413696289062,-1.397491455078125,-0.3834228515625,-0.313140869140625
2021-08-19,0,0,294.65545654296875,293.0849914550781,3.810455322265625,0.530548095703125,0.0,91226.359375,268.58111572265625,282.655029296875,290.4574584960937,0.0045237094163894,0.0092916786670684,0.0134492814540863,0.97882080078125,8.622940063476562,13.96331787109375,-2.1765899658203125,-1.620941162109375,-0.954864501953125
2021-08-19,6,1,299.5830993652344,292.37579345703125,5.529754638671875,-0.2149505615234375,19.0,91343.890625,269.1166687011719,283.5502014160156,291.9150390625,0.0042458251118659,0.0077058151364326,0.0127376355230808,-0.127899169921875,9.959152221679688,10.054443359375,-1.610321044921875,-3.810516357421875,-1.5292205810546875
2021-08-19,12,2,298.5145263671875,294.6086730957031,3.879959106445313,0.1504364013671875,122.0,91127.65625,268.155029296875,283.12060546875,292.5675048828125,0.00429043546319,0.0093922950327396,0.0136436559259891,0.7791900634765625,8.4830322265625,9.748977661132812,1.8935546875,-2.897323608398437,-0.7765960693359375
2021-08-19,18,3,294.71441650390625,293.681396484375,2.6745758056640625,0.297119140625,51.0,91353.125,269.0894775390625,282.89996337890625,290.8304443359375,0.0039956104010343,0.009242944419384,0.0135590992867946,0.2978515625,7.6713714599609375,9.24517822265625,2.694183349609375,-3.7413177490234375,-3.8773040771484375
2021-08-20,0,0,294.5025634765625,293.1327514648437,2.6912994384765625,0.490692138671875,5.75,91218.546875,268.8036499023437,283.3208312988281,290.3021850585937,0.0040357187390327,0.0079508088529109,0.0122425556182861,4.4536895751953125,6.73651123046875,8.550827026367188,1.845733642578125,-1.8585968017578125,-4.6235198974609375
2021-08-20,6,1,298.204833984375,292.8293762207031,3.384506225585937,-0.7181854248046875,6.0,91460.671875,268.4901428222656,282.9651794433594,290.424560546875,0.0042749159038066,0.0062527619302272,0.0132498778402805,3.3334197998046875,4.546722412109375,5.541229248046875,-1.34381103515625,-1.744903564453125,-1.8785552978515625
2021-08-20,12,2,300.4583740234375,293.21258544921875,2.52154541015625,-0.281158447265625,1.25,91144.109375,268.8830261230469,283.61444091796875,293.245361328125,0.0042970590293407,0.0074758268892765,0.0133234225213527,2.1113739013671875,4.437255859375,4.680206298828125,0.0861358642578125,-1.349853515625,-0.915374755859375
2021-08-20,18,3,295.752197265625,293.6381225585937,1.668609619140625,-0.376678466796875,139.75,91459.640625,267.932861328125,283.0938720703125,291.440185546875,0.0044530928134918,0.0083439275622367,0.014332965016365,0.96484375,2.703216552734375,4.5009613037109375,-1.1763153076171875,-0.6714324951171875,-2.3657684326171875
2021-08-21,0,0,295.34716796875,293.87725830078125,2.199554443359375,-0.304962158203125,41.25,91337.78125,267.788818359375,282.0746765136719,291.2564697265625,0.0045567080378532,0.0091454908251762,0.0122990831732749,-1.02813720703125,2.006088256835937,6.0731964111328125,-2.3372039794921875,-1.6084136962890625,-3.18804931640625
2021-08-21,6,1,298.5843811035156,292.72314453125,2.17437744140625,-0.2662353515625,174.0,91539.109375,267.67852783203125,281.8925170898437,290.3685913085937,0.0044528571888804,0.0090173594653606,0.0138365365564823,-3.720382690429688,1.8559417724609373,3.334716796875,-1.8144683837890625,0.635223388671875,-0.827850341796875
2021-08-21,12,2,298.79791259765625,293.5093994140625,1.0447998046875,0.5090179443359375,286.75,91230.15625,268.2308959960937,282.619140625,292.1575622558594,0.0047467220574617,0.0084068030118942,0.0139950923621654,-3.09515380859375,1.8099365234375,1.9754638671875,-0.8338165283203125,0.6182098388671875,0.2323150634765625
2021-08-21,18,3,294.14117431640625,293.1898803710937,0.7675018310546875,0.279052734375,184.5,91620.703125,267.8158569335937,282.252685546875,290.2375183105469,0.004822053015232,0.0083963125944137,0.0138979135081171,-4.8532257080078125,1.5284423828125,2.4914703369140625,-0.2351837158203125,2.0641326904296875,2.418807983398437
2021-08-22,0,0,293.9581298828125,292.6649169921875,0.9161376953125,-0.6185302734375,61.75,91384.421875,268.35870361328125,282.0470886230469,291.589599609375,0.003572629764676,0.0084487572312355,0.012244988232851,-8.059402465820312,3.684173583984375,3.107879638671875,1.4860687255859375,2.1966552734375,0.47833251953125
2021-08-22,6,1,300.30322265625,292.9045104980469,0.7436370849609375,0.6460113525390625,652.0,91559.90625,268.0914306640625,281.2704467773437,290.62091064453125,0.0033941806759685,0.0091129727661609,0.0140656866133213,-9.238204956054688,1.7965087890625,0.936248779296875,4.1691741943359375,-0.510467529296875,-0.02862548828125
2021-08-22,12,2,299.12139892578125,293.60748291015625,0.885955810546875,0.33447265625,288.25,91196.15625,268.8593444824219,282.1937255859375,291.8746337890625,0.0040214201435446,0.009316086769104,0.0142377018928527,-7.15252685546875,0.4241943359375,1.1721038818359375,2.4532623291015625,-0.6260528564453125,-0.2098541259765625
2021-08-22,18,3,294.718505859375,293.3002319335937,0.3622589111328125,-0.705291748046875,257.75,91553.859375,267.6051940917969,282.33795166015625,290.4365539550781,0.004284419119358,0.0089776590466499,0.013242918998003,-6.641372680664063,-0.79437255859375,3.34063720703125,2.6630859375,-0.592193603515625,2.4724578857421875
2021-08-23,0,0,294.5480041503906,293.0207214355469,0.5679473876953125,-0.97564697265625,118.0,91384.640625,267.5388488769531,281.4776916503906,290.55889892578125,0.0042385607957839,0.0095044709742069,0.0130570642650127,-7.632156372070312,-1.3281402587890625,3.08819580078125,0.6298675537109375,0.5390167236328125,-1.036346435546875
2021-08-23,6,1,298.8687438964844,293.6257629394531,1.1881103515625,0.541107177734375,582.5,91521.671875,268.3855285644531,281.8956298828125,290.8887939453125,0.0037691774778068,0.0093393996357917,0.0135941877961158,-8.046890258789062,-1.891204833984375,1.595794677734375,0.350250244140625,0.66082763671875,0.7427520751953125
2021-08-23,12,2,300.15576171875,293.40167236328125,1.26220703125,0.9490966796875,277.5,91183.03125,268.7778015136719,283.008056640625,292.9031982421875,0.004340536892414,0.0089988969266414,0.0137805491685867,-6.915084838867188,-0.8562774658203125,1.8133697509765625,-0.9231414794921876,1.2740325927734375,0.360015869140625
2021-08-23,18,3,295.144287109375,293.9671936035156,1.612213134765625,-0.2036895751953125,141.25,91490.21875,268.1751708984375,282.64898681640625,290.89263916015625,0.0043084062635898,0.0092051699757575,0.0139016732573509,-6.3703155517578125,-0.6718292236328125,5.033538818359375,0.0988616943359375,-0.82733154296875,0.775299072265625
2021-08-24,0,0,294.8858642578125,293.2132263183594,1.1953125,-0.1971435546875,24.5,91354.109375,268.0953674316406,281.8211669921875,290.2349853515625,0.0041763726621866,0.0099165551364421,0.0127374045550823,-5.715499877929688,-0.9458160400390624,2.62518310546875,-1.6851806640625,1.8874664306640625,-3.0350799560546875
2021-08-24,6,1,300.0206604003906,294.1446533203125,2.2332916259765625,0.42156982421875,249.5,91492.609375,267.85137939453125,283.0395812988281,291.1009521484375,0.0041673481464385,0.0093619953840971,0.0134471468627452,-5.3182525634765625,-1.4764404296875,2.809478759765625,-2.246124267578125,1.72772216796875,-0.0060272216796875
2021-08-24,12,2,300.50341796875,294.9877319335937,1.88665771484375,1.492950439453125,826.5,91157.09375,268.6427917480469,283.7983093261719,293.49517822265625,0.0043437778949737,0.0089173205196857,0.0148566365242004,-4.882080078125,-0.411285400390625,2.82537841796875,-0.7019500732421875,1.5378875732421875,2.0897979736328125
2021-08-24,18,3,295.68121337890625,294.11669921875,1.9226531982421875,-0.7217559814453125,108.0,91476.265625,268.62579345703125,282.96734619140625,291.0692749023437,0.0037305706646293,0.0095705278217792,0.0140931420028209,-4.3580169677734375,1.0287017822265625,7.381927490234375,-0.319366455078125,-0.665130615234375,-0.288299560546875
2021-08-25,0,0,294.92364501953125,293.84783935546875,2.405181884765625,0.25994873046875,39.75,91345.40625,268.41485595703125,282.66571044921875,290.7474975585937,0.003678947687149,0.0098594166338443,0.012576725333929,-3.3300018310546875,0.306304931640625,7.880752563476562,0.2678985595703125,0.838348388671875,-0.3014678955078125
2021-08-25,6,1,298.73883056640625,292.79986572265625,3.39508056640625,-0.0441131591796875,13.25,91470.59375,269.15625,282.927490234375,290.1253662109375,0.003522899467498,0.0094461925327777,0.0138138905167579,-3.5827178955078125,-0.1068572998046875,4.8754730224609375,-1.2445831298828125,1.67236328125,-0.022613525390625
2021-08-25,12,2,300.80694580078125,293.0972595214844,1.758514404296875,0.0225372314453125,19.0,91062.921875,269.813232421875,283.6273193359375,292.7196044921875,0.0039761178195476,0.0090850181877613,0.0135615393519401,-2.516693115234375,1.781829833984375,3.3744354248046875,-1.8602447509765625,1.0984649658203125,0.5218963623046875
2021-08-25,18,3,296.445068359375,293.8797607421875,2.728500366210937,0.308319091796875,101.25,91367.71875,268.550048828125,282.9217834472656,291.29425048828125,0.0044292882084846,0.0094047635793685,0.0142033137381076,-1.6333465576171875,1.334991455078125,7.162994384765625,-1.5863800048828125,1.011077880859375,-0.0982818603515625
2021-08-26,0,0,294.8832397460937,293.606201171875,2.274154663085937,0.418212890625,0.0,91186.484375,268.852294921875,282.897216796875,290.965087890625,0.0038700329605489,0.0096191335469484,0.0131412018090486,-1.359893798828125,2.657257080078125,7.015777587890625,-1.6385345458984375,1.4855194091796875,0.0855865478515625
2021-08-26,6,1,299.5278625488281,293.483154296875,3.1249237060546875,1.36383056640625,19.75,91245.4375,268.4251708984375,284.1545715332031,292.79461669921875,0.004066189751029,0.0089684501290321,0.0133674219250679,0.72039794921875,3.56597900390625,4.717300415039063,-2.5955047607421875,1.4653472900390625,1.993072509765625
2021-08-26,12,2,299.5669860839844,294.80828857421875,2.8324127197265625,0.0775604248046875,538.75,91002.578125,268.6722106933594,283.8641357421875,293.1470642089844,0.005019374191761,0.0096848979592323,0.0142444502562284,0.884857177734375,4.965362548828125,5.6996002197265625,-1.837249755859375,1.95361328125,1.1530303955078125
2021-08-26,18,3,295.33251953125,293.8616943359375,1.2390899658203125,-0.89453125,228.75,91248.125,268.64434814453125,284.0476989746094,291.7281494140625,0.0047448426485061,0.0089113228023052,0.0146030411124229,-0.4606781005859375,2.81683349609375,5.596725463867188,0.0664520263671875,0.110809326171875,-1.6790008544921875
2021-08-27,0,0,295.1161499023437,294.0867919921875,1.8452911376953125,0.661346435546875,30.5,91095.875,268.8554077148437,283.40087890625,291.09979248046875,0.0043196901679039,0.0089928172528743,0.0138689018785953,2.65643310546875,0.678497314453125,5.6295928955078125,-0.7334136962890625,0.0400238037109375,0.9473419189453124
2021-08-27,6,1,298.7900085449219,295.2660522460937,3.82647705078125,1.0308685302734375,520.75,91248.140625,268.354248046875,283.5374755859375,291.25006103515625,0.0039527304470539,0.0091446414589881,0.0147497132420539,1.094635009765625,2.329208374023437,6.6883087158203125,-0.466827392578125,2.4887847900390625,1.6475830078125
2021-08-27,12,2,297.256591796875,294.14923095703125,3.6197509765625,0.118743896484375,587.0,91021.84375,268.5614013671875,283.3119812011719,291.8603515625,0.0048996284604072,0.0104179494082927,0.0152404978871345,0.954925537109375,5.6077423095703125,7.852645874023437,-1.2038421630859375,0.75439453125,-0.140106201171875
2021-08-27,18,3,294.714599609375,293.2094116210937,2.870712280273437,0.4845123291015625,84.25,91190.9375,268.66998291015625,283.8588256835937,290.3594665527344,0.0049938075244426,0.0094681568443775,0.0141956061124801,2.03228759765625,4.929733276367188,9.925918579101562,0.6233978271484375,-0.7973175048828125,-2.095443725585937
2021-08-28,0,0,294.78326416015625,293.5277709960937,3.289581298828125,0.5231170654296875,31.0,91048.890625,268.4769592285156,283.2647705078125,290.30389404296875,0.0050475820899009,0.0099292024970054,0.0133812017738819,4.360748291015625,7.9404754638671875,11.189666748046877,-2.1449737548828125,-0.58892822265625,-1.5857391357421875
2021-08-28,6,1,296.8746032714844,294.8109130859375,4.8075103759765625,0.458282470703125,53.0,91127.265625,269.0253295898437,283.1576538085937,290.33612060546875,0.0053168516606092,0.0096078142523765,0.0141256600618362,4.871673583984375,11.074111938476562,7.457855224609375,0.305694580078125,-1.3420867919921875,0.0098724365234375
2021-08-28,12,2,297.7792358398437,293.446533203125,2.8399810791015625,1.3004608154296875,104.25,90845.59375,269.1634521484375,283.35809326171875,292.1154479980469,0.0053253909572958,0.0099233761429786,0.013755913823843,4.1142425537109375,8.925796508789062,8.985794067382812,-1.4308319091796875,-1.0821990966796875,2.7451171875
2021-08-28,18,3,294.5391845703125,292.7967529296875,3.6536712646484375,1.29241943359375,67.25,91096.78125,268.8125,282.88092041015625,289.8339233398437,0.005294794216752,0.0103743635118007,0.0138451009988784,1.685272216796875,10.0469970703125,13.106918334960938,0.77154541015625,-0.95880126953125,0.272003173828125
2021-08-29,0,0,294.183349609375,292.871337890625,3.4607391357421875,0.9445343017578124,7.5,90946.1875,268.8315124511719,282.5453491210937,290.2728271484375,0.0054044988937675,0.0096694380044937,0.0123403444886207,3.679763793945313,12.20306396484375,12.638214111328123,-4.740280151367188,-2.5935821533203125,0.88763427734375
2021-08-29,6,1,298.0361633300781,293.4405822753906,5.208160400390625,0.6923065185546875,48.0,91069.96875,269.667724609375,283.173828125,289.8666076660156,0.0049569495022296,0.0095782093703746,0.0140149630606174,1.146026611328125,12.045089721679688,10.83856201171875,-1.0629425048828125,-1.78155517578125,-0.3445892333984375
2021-08-29,12,2,297.0363464355469,293.5428771972656,3.399276733398437,0.155487060546875,56.5,90881.609375,269.3187255859375,282.811767578125,291.3285217285156,0.0051663368940353,0.0094877853989601,0.0136117301881313,2.9535369873046875,10.01959228515625,10.809417724609377,-0.207061767578125,-3.4416656494140625,-1.1291046142578125
2021-08-29,18,3,294.43603515625,292.49560546875,3.861419677734375,1.52032470703125,12.5,91166.546875,268.9612731933594,282.49578857421875,290.05535888671875,0.0052982335910201,0.0097540915012359,0.0138400010764598,1.8160247802734373,7.508544921875,12.951797485351562,1.3154144287109375,-3.1402587890625,0.137939453125
2021-08-30,0,0,294.4100036621094,292.2734375,4.42083740234375,0.5364227294921875,4.5,91038.984375,268.3691101074219,282.06134033203125,289.8691711425781,0.0049051158130168,0.0089401602745056,0.0129993669688701,1.083953857421875,9.920547485351562,15.808685302734377,5.1829986572265625,-5.4713287353515625,-0.235565185546875
2021-08-30,6,1,299.12286376953125,293.33599853515625,6.44842529296875,-0.4017181396484375,23.0,91177.796875,269.4409484863281,282.7115173339844,291.0498962402344,0.0043250769376754,0.0084316916763782,0.0132367797195911,1.963714599609375,10.827896118164062,10.961380004882812,4.4246673583984375,-4.1446380615234375,-1.0389251708984375
2021-08-30,12,2,296.973876953125,294.2020263671875,3.5511016845703125,-0.0862579345703125,158.5,91012.078125,268.78924560546875,282.85479736328125,291.5195007324219,0.0048049837350845,0.0091018769890069,0.0137691758573055,3.04754638671875,8.033538818359375,11.903060913085938,-0.98101806640625,-3.80841064453125,-0.3884124755859375
2021-08-30,18,3,294.6595153808594,293.0867614746094,3.2081756591796875,0.217498779296875,11.5,91271.203125,268.7251281738281,282.8267822265625,290.181884765625,0.0043109469115734,0.0075202286243438,0.0132885016500949,1.14434814453125,8.749191284179688,11.11676025390625,1.054473876953125,-3.206634521484375,-2.9087371826171875
2021-08-31,0,0,294.54364013671875,292.9048767089844,2.988998413085937,0.470001220703125,0.75,91137.1875,268.994384765625,283.0101928710937,290.02203369140625,0.0039667142555117,0.0064780935645103,0.0126771926879882,2.3727264404296875,9.216903686523438,10.711395263671877,3.767486572265625,-3.08758544921875,-4.00250244140625
2021-08-31,6,1,299.7579345703125,292.1146240234375,4.020111083984375,-1.376617431640625,3.0,91305.296875,269.7852783203125,284.1536560058594,291.7811279296875,0.0039356052875518,0.0050771310925483,0.0123610682785511,3.644622802734375,7.94403076171875,6.255279541015625,5.253692626953125,-3.5899200439453125,-2.5455322265625
2021-08-31,12,2,300.48681640625,292.3072509765625,1.750823974609375,0.265106201171875,8.75,91091.03125,269.687744140625,283.0710754394531,293.240478515625,0.0040719248354434,0.0088146366178989,0.0126125067472457,3.9731292724609375,6.470016479492188,4.35711669921875,2.047393798828125,-0.480682373046875,-0.616180419921875
2021-08-31,18,3,295.2969970703125,292.98193359375,1.7635345458984375,0.377044677734375,102.25,91380.28125,269.6973876953125,282.35321044921875,291.3832397460937,0.0036549535579979,0.0101596601307392,0.0136291906237602,0.190948486328125,3.8882904052734375,5.0523223876953125,1.422515869140625,0.4305419921875,-0.076507568359375
2021-09-01,0,0,295.13201904296875,293.6609802246094,1.773834228515625,0.222259521484375,0.0,91311.796875,269.1138916015625,282.789306640625,291.4427795410156,0.0039714723825454,0.0077299363911151,0.0121082179248332,-1.619232177734375,4.745864868164063,5.49285888671875,1.1933135986328125,-1.5102386474609375,-2.4232940673828125
2021-09-01,6,1,299.5616455078125,292.4158935546875,3.159423828125,-0.5582122802734375,7.5,91443.109375,269.4736328125,283.13360595703125,292.10498046875,0.0038012638688087,0.0068128630518913,0.0127781741321086,-1.9953460693359373,4.3787994384765625,4.754241943359375,0.5777435302734375,-2.4281158447265625,-1.0064239501953125
2021-09-01,12,2,301.0081787109375,292.94970703125,1.8831329345703125,-0.1580352783203125,1.75,91113.25,269.6866455078125,283.66552734375,293.64849853515625,0.0038367875386029,0.0064442418515682,0.0129891065880656,-2.2628631591796875,4.5755462646484375,4.359664916992188,0.9341278076171876,-2.2831573486328125,-0.7919921875
2021-09-01,18,3,295.7147216796875,293.20770263671875,2.2254791259765625,-0.0486602783203125,39.75,91461.015625,268.61328125,282.7214660644531,290.9403381347656,0.0042691677808761,0.0089555084705352,0.0139036625623703,-1.43206787109375,2.031524658203125,6.418472290039063,1.4971160888671875,-1.5848846435546875,-2.6436004638671875
2021-09-02,0,0,294.7281494140625,293.34576416015625,2.37091064453125,0.149749755859375,0.0,91312.953125,268.156005859375,282.3675537109375,290.5762939453125,0.0048488490283489,0.009633008390665,0.0127026140689849,-0.2520904541015625,4.0177764892578125,8.063888549804688,-1.8515625,-1.714263916015625,-3.1339263916015625
2021-09-02,6,1,299.07275390625,292.9954833984375,3.5227813720703125,-1.2263641357421875,128.0,91406.046875,268.792724609375,282.76910400390625,290.5744323730469,0.0045364797115325,0.0094420462846755,0.0142106935381889,-1.3932342529296875,5.2791748046875,5.713714599609375,-3.66717529296875,-1.7160491943359375,-2.1366119384765625
2021-09-02,12,2,297.5272216796875,294.0321655273437,2.31646728515625,-0.59912109375,220.0,91111.578125,268.67529296875,282.8881225585937,291.8021850585937,0.0049512647092342,0.0103823319077491,0.0140050929039716,-2.10809326171875,3.95831298828125,6.811447143554688,-5.570953369140625,-4.096160888671875,-3.635284423828125
2021-09-02,18,3,294.57135009765625,293.63092041015625,2.506576538085937,-0.258544921875,141.5,91408.015625,268.28857421875,282.594970703125,290.4718933105469,0.005170376971364,0.0105552412569522,0.0130543820559978,-5.38037109375,2.2334136962890625,7.8861083984375,-6.5012054443359375,-5.5542755126953125,-5.46868896484375
2021-09-03,0,0,294.38800048828125,293.5240478515625,2.7535858154296875,0.0764923095703125,44.0,91225.125,268.6083068847656,282.24365234375,289.8446044921875,0.0051768124103546,0.0099515095353126,0.012495532631874,-4.549087524414063,1.3970947265625,8.778060913085938,-5.7291412353515625,-6.838043212890625,-5.35205078125
2021-09-03,6,1,296.7283020019531,293.57769775390625,2.623382568359375,-0.6305694580078125,225.75,91380.640625,268.784423828125,282.15167236328125,290.9502258300781,0.0052325241267681,0.0101148821413517,0.0119298063218593,-3.672576904296875,-0.8960723876953125,6.7093048095703125,-3.2511749267578125,-4.43670654296875,-4.1889495849609375
2021-09-03,12,2,298.373779296875,294.14892578125,2.5740509033203125,0.4903106689453125,212.25,91011.0,268.8414611816406,283.2503662109375,291.9844055175781,0.0052530616521835,0.0099729225039482,0.0132445283234119,-2.0218505859375,1.5484161376953125,7.703033447265625,-4.0653076171875,-4.6049652099609375,-1.5474700927734375
2021-09-03,18,3,295.0880126953125,293.7637939453125,2.8054962158203125,0.5522918701171875,96.75,91399.390625,268.71734619140625,282.22381591796875,290.27593994140625,0.0052776336669921,0.0101935490965843,0.0138288103044033,-2.6369171142578125,7.804718017578125,9.525283813476562,-3.9576416015625,-4.3569183349609375,-2.486541748046875
2021-09-04,0,0,294.6220092773437,293.1649169921875,3.502548217773437,0.0486297607421875,26.5,91186.546875,268.39471435546875,281.7845764160156,289.40673828125,0.0051229074597358,0.0097804171964526,0.0130670815706253,1.226348876953125,9.023101806640623,11.760910034179688,-3.693115234375,-4.830978393554688,-3.2614288330078125
2021-09-04,6,1,297.9552307128906,295.01385498046875,4.6651153564453125,-0.3880157470703125,126.75,91404.671875,268.20758056640625,282.1170654296875,290.1866455078125,0.0046885013580322,0.0097168982028961,0.0132322199642658,0.611541748046875,7.921463012695312,11.585800170898438,-4.3451995849609375,-5.361846923828125,-3.5601043701171875
2021-09-04,12,2,298.3749389648437,293.7628173828125,4.060882568359375,1.1376190185546875,245.75,91114.390625,268.5115051269531,282.95562744140625,291.5687866210937,0.0051262490451335,0.0099351517856121,0.0142515935003757,3.5007476806640625,10.258346557617188,10.427291870117188,-2.9477691650390625,-3.15478515625,1.8007659912109375
2021-09-04,18,3,294.6055603027344,293.2782592773437,3.4339599609375,0.8750152587890625,26.75,91355.171875,269.27178955078125,282.91375732421875,290.3861083984375,0.0045831613242626,0.0099728815257549,0.0140295587480068,3.2027130126953125,9.70098876953125,13.133148193359377,-2.5902557373046875,-3.278915405273437,-1.8241119384765625
2021-09-05,0,0,295.0789794921875,293.4969482421875,3.1970672607421875,0.5336151123046875,26.5,91185.09375,268.2995300292969,282.99676513671875,289.88427734375,0.0042207576334476,0.0091020315885543,0.013936560600996,3.2170562744140625,11.435211181640623,11.83758544921875,1.4694671630859375,-3.411346435546875,-2.9596405029296875
2021-09-05,6,1,298.8013610839844,294.4793701171875,5.04486083984375,0.2903900146484375,256.75,91316.171875,270.28887939453125,283.0839538574219,290.7538757324219,0.0041233599185943,0.0098278634250164,0.0143416849896311,7.16363525390625,11.054153442382812,9.56488037109375,-0.4991607666015625,-4.6360931396484375,-0.0918731689453125
2021-09-05,12,2,296.0821533203125,293.8148803710937,4.061080932617188,0.3593902587890625,235.0,91093.421875,269.4494323730469,282.9412841796875,291.0927734375,0.0057209692895412,0.0103243477642536,0.0146021358668804,6.465866088867188,10.378005981445312,11.604812622070312,-4.3001708984375,-4.92962646484375,-0.8386077880859375
2021-09-05,18,3,294.4129333496094,293.5045166015625,4.416717529296875,0.6088714599609375,139.75,91350.8125,268.78106689453125,283.0472412109375,289.724365234375,0.0052943304181098,0.0089854672551155,0.0138247944414615,1.5882110595703125,12.566696166992188,13.859634399414062,-1.794921875,-5.7579345703125,-2.65570068359375
2021-09-06,0,0,294.8338928222656,293.63238525390625,4.461456298828125,0.4805145263671875,62.25,91212.671875,267.97467041015625,282.60333251953125,289.96728515625,0.0049954866990447,0.0081577412784099,0.0140180550515651,1.6424102783203125,14.9378662109375,14.482498168945312,-0.2574920654296875,-5.18658447265625,-1.60174560546875
2021-09-06,6,1,299.3844299316406,293.9999084472656,6.0531768798828125,0.2894439697265625,90.5,91319.390625,268.58160400390625,282.30084228515625,290.1861572265625,0.0048690168187022,0.0077644884586334,0.0128271244466304,3.3611297607421875,13.729400634765623,10.995513916015623,2.8240966796875,-5.903091430664063,-0.6900634765625
2021-09-06,12,2,297.7274169921875,293.34918212890625,4.950363159179688,0.413238525390625,40.25,91054.078125,268.7958984375,282.7822265625,290.8540954589844,0.0050611719489097,0.0079309195280075,0.0134633630514144,10.158721923828123,11.03802490234375,13.29296875,-1.7685699462890625,-5.8092803955078125,-0.7962799072265625
2021-09-06,18,3,293.92401123046875,292.6117553710937,4.6545257568359375,1.1017303466796875,63.5,91327.921875,269.3458251953125,282.86932373046875,289.67254638671875,0.0051973164081573,0.0084672309458255,0.0136966006830334,8.581863403320312,16.899917602539062,15.336181640625,0.093780517578125,-1.3992767333984375,-0.1983489990234375
2021-09-07,0,0,294.39013671875,293.0316772460937,4.1521759033203125,0.81451416015625,18.25,91153.25,269.0863647460937,282.81182861328125,288.8695068359375,0.0050168745219707,0.0082399360835552,0.0131116732954978,6.3060455322265625,18.037643432617188,14.719161987304688,4.771240234375,-0.0458526611328125,-1.5384979248046875
2021-09-07,6,1,298.2330322265625,292.9151306152344,6.4715728759765625,1.033843994140625,26.0,91335.953125,269.2106628417969,282.57928466796875,290.7481384277344,0.0050856061279773,0.0081361643970012,0.0136986747384071,10.95391845703125,16.829269409179688,14.193099975585938,3.549179077148437,-0.168426513671875,0.59027099609375
2021-09-07,12,2,298.2569580078125,293.1473083496094,5.379684448242188,1.346221923828125,27.75,91070.9375,270.9031982421875,283.0523376464844,291.326904296875,0.0034095312003046,0.0087927877902984,0.0139200631529092,11.63677978515625,15.254653930664062,13.172210693359377,5.081832885742188,0.224517822265625,3.1412811279296875
2021-09-07,18,3,294.3089599609375,292.2406005859375,4.0584259033203125,2.250823974609375,9.5,91378.90625,270.469970703125,283.5596923828125,289.62353515625,0.0029496271163225,0.0083098113536834,0.0137814562767744,6.4376220703125,15.332305908203123,14.26226806640625,4.015380859375,2.10174560546875,3.493408203125
2021-09-08,0,0,295.11578369140625,293.4183349609375,3.821121215820313,2.5240936279296875,4.0,91251.796875,267.93487548828125,283.754638671875,289.6356811523437,0.0039934306405484,0.008753040805459,0.0137143172323703,4.464385986328125,13.462112426757812,14.41357421875,5.421173095703125,2.566802978515625,4.5739288330078125
2021-09-08,6,1,299.11480712890625,292.83746337890625,5.725845336914063,1.9131927490234373,6.0,91458.8125,268.53466796875,283.68170166015625,291.5296630859375,0.0036052332725375,0.0081011839210987,0.0136675275862216,6.673919677734375,13.699539184570312,10.899826049804688,3.1434326171875,2.7398834228515625,2.9915924072265625
2021-09-08,12,2,299.00274658203125,293.1695556640625,4.850845336914063,1.0119781494140625,1.25,91247.859375,270.7838134765625,282.9984741210937,291.9432067871094,0.0025143723469227,0.0088243708014488,0.0134345218539237,2.339096069335937,12.617645263671877,13.29974365234375,0.9199066162109376,-0.008514404296875,1.915069580078125
2021-09-08,18,3,294.8968505859375,292.3622436523437,3.283676147460937,1.3010101318359375,0.0,91590.1875,269.3996276855469,283.46783447265625,289.8316345214844,0.002839557826519,0.0072582736611366,0.0132051184773445,-0.17376708984375,11.534133911132812,12.76580810546875,3.5282440185546875,0.081695556640625,0.6189727783203125
2021-09-09,0,0,295.05682373046875,293.2900390625,3.6424713134765625,1.0830535888671875,13.0,91419.609375,267.98162841796875,284.5885009765625,288.89483642578125,0.0036316150799393,0.005854669958353,0.0131708346307277,-0.1771240234375,11.358749389648438,13.673568725585938,5.60089111328125,-0.0138397216796875,-0.69378662109375
2021-09-09,6,1,300.0018920898437,292.8790588378906,5.8880157470703125,0.1213531494140625,20.5,91538.890625,268.2994384765625,285.30792236328125,292.31646728515625,0.0027332685422152,0.005673736333847,0.0128241032361984,2.251220703125,8.933822631835938,11.237258911132812,5.178634643554688,-2.44744873046875,-0.6636505126953125
2021-09-09,12,2,300.42608642578125,293.4891357421875,2.7840728759765625,0.0794830322265625,345.75,91295.984375,269.4262084960937,283.41082763671875,293.5330505371094,0.002107010455802,0.0084557831287384,0.0134833678603172,4.2872467041015625,8.952651977539062,8.357986450195312,1.527557373046875,-4.000503540039063,-1.0882415771484375
2021-09-09,18,3,295.5347900390625,293.22625732421875,3.174789428710937,0.51690673828125,61.5,91605.359375,269.89459228515625,283.84210205078125,290.9642028808594,0.0018664430826902,0.0068906657397747,0.0137195587158203,4.386016845703125,6.087417602539063,8.718215942382812,-0.511138916015625,-3.595672607421875,-2.12945556640625
2021-09-10,0,0,295.42742919921875,292.9952392578125,3.5350341796875,0.3316802978515625,5.75,91483.953125,269.3087158203125,283.8001708984375,289.52276611328125,0.0021300928201526,0.0055041499435901,0.0131010301411151,6.0921783447265625,7.70343017578125,12.422821044921877,-0.5853424072265625,-3.684646606445313,-3.151351928710937
2021-09-10,6,1,300.4471435546875,292.6297912597656,6.084030151367188,-1.1649627685546875,8.0,91491.265625,269.4520263671875,285.05938720703125,292.1034240722656,0.0018176869489252,0.0052904598414897,0.0124867279082536,5.77471923828125,7.263046264648437,11.196487426757812,-2.3841552734375,-3.00823974609375,-2.4812774658203125
2021-09-10,12,2,300.02557373046875,293.6653747558594,3.090240478515625,-0.2469635009765625,90.0,91227.0625,269.58258056640625,282.9382629394531,292.8648681640625,0.0020141205750405,0.0094469264149665,0.0132315307855606,5.2145843505859375,8.892929077148438,9.439483642578123,-3.497589111328125,-2.6641082763671875,-2.065093994140625
2021-09-10,18,3,295.9544677734375,293.5141906738281,3.26593017578125,0.9777069091796876,0.0,91464.828125,269.65045166015625,283.32403564453125,291.03033447265625,0.0020240715239197,0.0074760988354682,0.0132163614034652,5.884933471679688,8.163345336914062,10.153488159179688,-1.9626922607421875,-2.10247802734375,-1.15216064453125
2021-09-11,0,0,294.5937805175781,293.2843017578125,3.1182098388671875,0.966400146484375,0.25,91300.34375,269.8204345703125,283.4854736328125,290.0043334960937,0.0020100031979382,0.0069732144474983,0.013442263007164,6.43731689453125,8.7154541015625,12.1689453125,-2.711517333984375,-2.9011688232421875,-0.9938201904296876
2021-09-11,6,1,299.7994079589844,293.09942626953125,5.810714721679688,1.25726318359375,129.25,91415.9375,269.709228515625,284.3031921386719,291.4591064453125,0.0018675180617719,0.0071320012211799,0.0138749592006206,6.374557495117188,8.345932006835938,9.752288818359377,-1.7448883056640625,-2.51397705078125,1.400238037109375
2021-09-11,12,2,299.39990234375,294.21124267578125,4.278656005859375,0.795501708984375,91.25,91143.359375,270.3824462890625,283.95703125,292.182861328125,0.0017005752306431,0.0096681639552116,0.0139553397893905,6.0540924072265625,9.535629272460938,11.245574951171877,-1.182342529296875,-2.5540924072265625,1.573974609375
2021-09-11,18,3,295.46051025390625,293.1658020019531,3.99176025390625,0.84490966796875,0.0,91338.6875,269.4719543457031,284.1210327148437,290.46405029296875,0.001810144400224,0.009266048669815,0.014054749161005,3.6118011474609375,10.496414184570312,14.132781982421877,-0.4939422607421875,-0.39990234375,0.4616241455078125
2021-09-12,0,0,295.5375366210937,293.828125,3.51568603515625,2.1089324951171875,40.0,91134.359375,269.738525390625,284.1054992675781,290.4436950683594,0.0022009892854839,0.0097939148545265,0.0144304297864437,5.222946166992188,12.547866821289062,13.722091674804688,1.5825958251953125,0.036712646484375,3.4930877685546875
2021-09-12,6,1,299.8273010253906,293.5806884765625,5.6351470947265625,1.710174560546875,579.0,91257.09375,268.92462158203125,283.5785827636719,291.56268310546875,0.0025186273269355,0.0098172686994075,0.0150089189410209,6.912521362304688,13.990753173828123,11.06207275390625,0.1262969970703125,0.190032958984375,2.464111328125
2021-09-12,12,2,299.4208984375,294.378173828125,4.6182403564453125,1.4095001220703125,38.25,91032.078125,269.00860595703125,284.04052734375,292.026611328125,0.0034197277855128,0.0089823864400386,0.0145268198102712,7.4617156982421875,14.508468627929688,12.385116577148438,-1.5983734130859375,-1.8918304443359373,2.4863739013671875
2021-09-12,18,3,295.5506286621094,292.7860717773437,4.6476898193359375,1.3909454345703125,0.0,91285.6875,267.94793701171875,284.514404296875,289.67486572265625,0.0040424279868602,0.0081537514925003,0.0138018131256103,6.5556488037109375,15.511856079101562,15.64593505859375,-1.2989654541015625,-0.73944091796875,1.326263427734375
2021-09-13,0,0,295.3500366210937,293.3702392578125,4.305267333984375,2.106552124023437,4.25,91077.921875,268.0350952148437,284.06756591796875,289.8404541015625,0.0029864064417779,0.0090310163795948,0.0139397457242012,3.8221282958984375,16.203140258789062,15.053680419921877,-0.480224609375,0.26031494140625,3.330307006835937
2021-09-13,6,1,298.85205078125,293.5784912109375,6.779586791992188,2.1421051025390625,78.0,91220.78125,267.6631774902344,285.0994873046875,292.2840270996094,0.0040402295999228,0.0089064240455627,0.0137741044163703,5.567230224609375,16.326431274414062,14.524871826171877,0.17694091796875,0.953704833984375,3.221542358398437
2021-09-13,12,2,299.2033996582031,293.5986328125,5.70684814453125,1.340911865234375,32.0,90985.6875,268.7667236328125,284.5046691894531,292.5673828125,0.0034720280673354,0.0089104920625686,0.0145452488213777,6.11083984375,16.877471923828125,14.06353759765625,0.71405029296875,0.9845733642578124,2.720306396484375
2021-09-13,18,3,295.7137451171875,293.51055908203125,4.5289154052734375,0.572784423828125,76.375,91228.5,268.0872802734375,285.3803100585937,290.67236328125,0.0037797959521412,0.008216205984354,0.0147960893809795,7.642990112304687,15.77972412109375,14.544036865234377,0.692718505859375,-0.6868133544921875,-0.7238922119140625
2021-09-14,0,0,296.0877685546875,293.6429748535156,3.748504638671875,0.9909515380859376,15.875,91132.34375,268.5075378417969,285.1485290527344,289.9241638183594,0.0026225189212709,0.0075524002313613,0.0141176953911781,8.257553100585938,14.46405029296875,12.816421508789062,0.890289306640625,1.750823974609375,-0.35296630859375
2021-09-14,6,1,299.7349548339844,293.4622802734375,6.052581787109375,1.2983245849609375,11.25,91294.34375,269.3321228027344,285.2281494140625,292.08026123046875,0.0012704108376055,0.0069458596408367,0.0136990770697593,8.20733642578125,14.006912231445312,10.236801147460938,-0.4712371826171875,2.460800170898437,2.100189208984375
2021-09-14,12,2,300.6034545898437,294.0639953613281,3.577499389648437,0.8127593994140625,0.0,91037.90625,270.38592529296875,283.89849853515625,293.3909912109375,0.0010310614015907,0.0082394294440746,0.0135427080094814,7.879013061523437,13.915969848632812,9.870773315429688,-1.56732177734375,1.380462646484375,1.90264892578125
2021-09-14,18,3,295.4986572265625,293.5540771484375,2.677032470703125,1.4199676513671875,0.0,91380.375,270.4068603515625,284.0840759277344,290.8417053222656,0.0009848875924944,0.0071184486150741,0.0134137384593486,5.1677093505859375,11.065872192382812,9.622604370117188,0.41326904296875,0.8419036865234375,0.9550323486328124
2021-09-15,0,0,295.6552734375,293.1248779296875,2.3051300048828125,1.132476806640625,7.75,91242.328125,270.7281494140625,284.48541259765625,290.38482666015625,0.0013554948382079,0.006628043949604,0.0131226405501365,3.4922637939453125,9.792449951171877,9.636367797851562,2.025741577148437,1.742950439453125,1.05908203125
2021-09-15,6,1,299.7727966308594,292.58544921875,4.1474151611328125,1.803680419921875,13.0,91389.453125,271.1994934082031,284.33905029296875,292.2107238769531,0.0017468591686338,0.0067998208105564,0.0129158981144428,1.587188720703125,7.817352294921875,7.1850433349609375,2.1445465087890625,2.0711822509765625,2.926376342773437
2021-09-15,12,2,300.6678466796875,294.0840148925781,2.640655517578125,0.878082275390625,31.75,91120.65625,270.7476501464844,283.6840515136719,293.6340026855469,0.0020381449721753,0.0081918388605117,0.0134273581206798,0.4611053466796875,8.768829345703125,8.050460815429688,3.978515625,0.63140869140625,1.6560516357421875
2021-09-15,18,3,295.5385131835937,293.3261108398437,2.7347869873046875,0.7684326171875,0.0,91439.59375,270.0127868652344,283.890380859375,291.54498291015625,0.0026993320789188,0.0059271790087223,0.0130691118538379,-0.0972442626953125,4.7923126220703125,7.1077728271484375,3.4543914794921875,1.08251953125,0.1232147216796875
2021-09-16,0,0,295.0561828613281,293.42010498046875,2.4080047607421875,0.731048583984375,7.25,91287.03125,270.0543212890625,283.6654968261719,291.31591796875,0.0026955206412822,0.0054517909884452,0.0117546506226062,-0.907501220703125,5.95013427734375,9.355392456054688,1.92041015625,0.78912353515625,-0.8026580810546875
2021-09-16,6,1,300.38037109375,292.8912353515625,4.6487884521484375,0.271820068359375,7.0,91461.984375,269.874267578125,284.2025146484375,292.1346435546875,0.0030569650698453,0.0052284412086009,0.0123020559549331,-0.9076385498046876,5.563232421875,8.335830688476562,2.5496368408203125,0.1912384033203125,0.0769500732421875
2021-09-16,12,2,301.0477600097656,294.03399658203125,1.74652099609375,-0.4515380859375,35.25,91097.0,269.3363647460937,283.3248291015625,294.0198974609375,0.0033498592674732,0.0073873586952686,0.0130526646971702,2.770965576171875,5.2258148193359375,4.866500854492188,1.8321380615234373,-1.6792144775390625,-2.1965484619140625
2021-09-16,18,3,297.0397033691406,293.65087890625,1.7409515380859375,0.21044921875,32.125,91327.953125,268.80767822265625,284.7633972167969,292.0174255371094,0.0038279425352811,0.0060291402041912,0.0141453668475151,4.229049682617188,3.36627197265625,5.2973480224609375,0.803436279296875,-0.7879486083984375,-2.6004180908203125
2021-09-17,0,0,295.36004638671875,293.6854858398437,1.7441864013671875,-0.1407318115234375,0.25,91242.078125,269.625,282.87408447265625,291.6651916503906,0.0038607807364314,0.0071957521140575,0.0107448101043701,4.777435302734375,4.7652740478515625,4.7031097412109375,-0.388916015625,-0.0975341796875,-2.4967041015625
2021-09-17,6,1,300.7335205078125,292.3841552734375,3.152008056640625,-0.589813232421875,0.0,91417.578125,270.0121459960937,283.0450439453125,291.9126892089844,0.0035209527704864,0.006180316209793,0.0126570165157318,4.108062744140625,4.347686767578125,4.7135162353515625,-2.8990936279296875,0.74151611328125,-0.9122161865234376
2021-09-17,12,2,301.31280517578125,292.534423828125,1.5734405517578125,-0.63787841796875,0.875,91075.1875,270.5537109375,283.5450134277344,294.22369384765625,0.003162250155583,0.006874393671751,0.011858332902193,3.4053955078125,6.5272979736328125,4.285430908203125,-3.798904418945313,-1.330596923828125,-2.023712158203125
2021-09-17,18,3,296.127197265625,292.1491394042969,1.029815673828125,-1.306793212890625,3.0,91426.40625,270.3399658203125,283.61181640625,292.8118896484375,0.0022259452380239,0.0058898665010929,0.0124638006091117,2.8036346435546875,3.554840087890625,3.0030517578125,-2.2929840087890625,-0.95849609375,-3.4641265869140625
2021-09-18,0,0,294.9193420410156,292.8939819335937,1.74951171875,-1.10809326171875,0.0,91296.453125,269.73016357421875,282.8373413085937,291.3343811035156,0.001614011824131,0.0057474561035633,0.0127630829811096,3.647262573242188,3.0428924560546875,3.42425537109375,0.055389404296875,0.028289794921875,-2.13909912109375
2021-09-18,6,1,300.5468139648437,292.85302734375,2.27911376953125,-0.0873565673828125,0.0,91507.984375,268.8629150390625,282.9915771484375,292.1522216796875,0.0011201291345059,0.0052092038094997,0.0128038041293621,4.29541015625,3.426177978515625,3.308746337890625,-0.3177642822265625,0.380645751953125,-0.25103759765625
2021-09-18,12,2,301.7998046875,293.2806701660156,1.4394073486328125,-0.827606201171875,4.25,91250.28125,269.26910400390625,282.8506164550781,294.5849609375,0.0013649116735905,0.0069069797173142,0.0119202136993408,4.58935546875,3.67999267578125,3.389892578125,2.188873291015625,-0.754791259765625,-2.3782958984375
2021-09-18,18,3,296.7947998046875,292.98992919921875,1.03265380859375,-1.1764068603515625,0.0,91589.75,268.929443359375,282.17529296875,292.9910888671875,0.0016909900587052,0.0081289708614349,0.0123823769390583,6.404541015625,-0.469940185546875,1.3792572021484375,1.8954315185546875,0.2222900390625,-3.5463409423828125
2021-09-19,0,0,295.841552734375,292.89947509765625,0.719635009765625,-1.1815338134765625,0.0,91506.609375,268.3021240234375,282.481689453125,291.6171875,0.0014215027913451,0.0080526769161224,0.0126997381448745,5.957366943359375,2.5804901123046875,-0.796966552734375,0.038604736328125,-0.0003204345703125,-2.5265350341796875
2021-09-19,6,1,301.6020812988281,293.58331298828125,0.724700927734375,-0.36224365234375,52.375,91626.0,268.39385986328125,283.3392639160156,292.55682373046875,0.0009371903724968,0.007844366133213,0.0135325454175472,5.587249755859375,0.9404449462890624,0.7772674560546875,-0.5782470703125,1.400726318359375,-0.382965087890625
2021-09-19,12,2,302.0821838378906,294.60137939453125,0.9380035400390624,-1.124908447265625,319.25,91306.0625,268.475341796875,283.8475952148437,294.3275756835937,0.0013232664205133,0.007451519370079,0.0134927965700626,4.482666015625,3.38934326171875,2.9094390869140625,-1.4762115478515625,2.631866455078125,-2.409271240234375
2021-09-19,18,3,296.362060546875,294.53631591796875,-0.7530670166015625,0.2900238037109375,118.0,91614.28125,268.5610046386719,283.11016845703125,292.8719177246094,0.0023345032241195,0.0085576847195625,0.0132938809692859,3.110321044921875,2.48028564453125,1.892120361328125,-0.4438018798828125,-0.1855316162109375,-3.977127075195313
2021-09-20,0,0,295.0459289550781,293.114990234375,0.5030364990234375,-1.2613983154296875,0.0,91477.328125,267.9115600585937,283.03204345703125,291.396484375,0.0036884793080389,0.0061552599072456,0.0124576352536678,4.0654296875,3.303817749023437,0.159454345703125,-0.484771728515625,-1.0217132568359375,-4.5034027099609375
2021-09-20,6,1,300.3598327636719,293.47589111328125,2.1790313720703125,-0.28607177734375,0.0,91519.453125,269.01910400390625,283.2185363769531,292.1366577148437,0.0036817993968725,0.0068933255970478,0.0131688043475151,2.302719116210937,3.51666259765625,2.9499053955078125,-0.3739471435546875,0.5065155029296875,-0.4617462158203125
2021-09-20,12,2,299.7420349121094,293.203857421875,1.7294464111328125,-0.1922149658203125,125.375,91174.984375,269.1838073730469,283.489990234375,294.255615234375,0.0039859972894191,0.0077415890991687,0.0134499408304691,1.964080810546875,4.2428741455078125,3.983551025390625,-1.166229248046875,1.5738525390625,-0.869659423828125
2021-09-20,18,3,294.9410400390625,292.10693359375,1.1473236083984375,0.4493408203125,64.25,91548.578125,268.25860595703125,282.5457763671875,292.2576904296875,0.003971129655838,0.0083547979593276,0.0134255960583686,3.05804443359375,2.8764801025390625,5.3448486328125,0.6920623779296875,-0.9888153076171876,-3.2651824951171875
2021-09-21,0,0,295.46710205078125,293.4655456542969,1.7116241455078125,-0.0630035400390625,0.0,91401.265625,268.72088623046875,282.6030578613281,290.9889831542969,0.0039520487189292,0.007151011377573,0.0126904547214508,3.2617645263671875,4.9369659423828125,6.422210693359375,-0.77618408203125,-0.3311309814453125,-4.034927368164063
2021-09-21,6,1,299.6985778808594,292.9460754394531,4.0661468505859375,-1.196990966796875,0.0,91491.84375,269.6044921875,283.2261962890625,291.7261962890625,0.0033548115752637,0.0069125927984714,0.0128499697893857,0.749786376953125,5.70452880859375,6.162872314453125,-1.3854217529296875,-0.284332275390625,-1.9622955322265625
2021-09-21,12,2,300.2015380859375,293.3758239746094,2.35943603515625,0.3007049560546875,133.25,91100.5,269.52117919921875,283.3761291503906,293.7371826171875,0.0034121868666261,0.0082105621695518,0.0130990482866764,1.0616455078125,7.240997314453125,6.366363525390625,-2.8162078857421875,-2.546295166015625,0.3129119873046875
2021-09-21,18,3,295.2095642089844,293.1473388671875,2.425521850585937,-0.358123779296875,159.25,91419.34375,268.426025390625,282.9325561523437,290.912353515625,0.004452989436686,0.008986659348011,0.0140974484384059,1.0244903564453125,7.3405609130859375,9.398162841796877,-2.1519012451171875,-3.087997436523437,-3.02349853515625
2021-09-22,0,0,295.4535827636719,293.5098876953125,3.5486602783203125,-1.1063385009765625,19.0,91191.984375,268.6883544921875,282.6465148925781,289.3721923828125,0.004126600921154,0.0100118480622768,0.0133836865425109,1.5738677978515625,8.659286499023438,10.146240234375,-0.671783447265625,-3.918655395507813,-5.770233154296875
2021-09-22,6,1,298.338623046875,293.0643920898437,4.358413696289063,-1.7867584228515625,0.0,91341.21875,268.8014831542969,282.90350341796875,291.5985107421875,0.0039509022608399,0.0084802396595478,0.0135464221239089,2.63958740234375,7.9818115234375,7.236419677734375,-0.909332275390625,-3.661895751953125,-2.910980224609375
2021-09-22,12,2,299.7677001953125,293.58660888671875,1.7627410888671875,-0.1004486083984375,0.0,91004.296875,270.5272216796875,283.4608764648437,293.3686218261719,0.0033495558891445,0.0086547620594501,0.0131932497024536,2.0059356689453125,7.826995849609375,5.5223541259765625,-1.9605712890625,-3.2922515869140625,-1.0164947509765625
2021-09-22,18,3,295.5971069335937,293.26348876953125,1.7778472900390625,-0.2661590576171875,14.5,91335.375,269.37896728515625,282.7190856933594,291.4317321777344,0.0037072373088449,0.0100942999124526,0.0140273049473762,-0.0335845947265625,4.98614501953125,6.465240478515625,0.3213348388671875,-2.5442352294921875,-1.8306427001953125
2021-09-23,0,0,294.782470703125,293.4563293457031,2.369857788085937,-0.1440887451171875,16.75,91165.828125,269.0594482421875,282.59088134765625,290.8830871582031,0.0032985573634505,0.0101734958589077,0.01307456754148,-0.1143646240234375,5.3004302978515625,7.8753662109375,-0.3575439453125,-2.08154296875,-5.6490631103515625
2021-09-23,6,1,298.8393859863281,292.7375183105469,4.37603759765625,-1.5191497802734375,0.0,91337.609375,269.8061828613281,282.7591552734375,291.7366943359375,0.0027982818428426,0.0095007196068763,0.0135146528482437,-0.8079681396484375,6.169189453125,7.245681762695312,-0.1254119873046875,-1.8245849609375,-2.6494140625
2021-09-23,12,2,298.806640625,294.1707458496094,2.652191162109375,-0.78863525390625,86.75,91123.21875,269.6216125488281,283.0668640136719,292.7628173828125,0.0023972741328179,0.0095756910741329,0.0136756058782339,0.9774169921875,4.78094482421875,5.861328125,-0.3018798828125,-0.1891937255859375,-0.971405029296875
2021-09-23,18,3,295.57391357421875,293.48565673828125,2.233184814453125,0.125335693359375,163.875,91491.96875,269.03692626953125,282.28814697265625,290.7709655761719,0.0031184596009552,0.0101035758852958,0.0138646122068166,-2.0350799560546875,6.380828857421875,7.802886962890625,0.0167694091796875,-0.1715545654296875,-1.975189208984375
2021-09-24,0,0,295.60809326171875,293.5146484375,2.49566650390625,-0.8788909912109375,2.25,91282.65625,269.17059326171875,283.86541748046875,290.5483093261719,0.0033885831944644,0.0089244097471237,0.0129615254700183,-1.8111419677734373,5.562789916992188,8.343124389648438,3.862823486328125,-1.5149993896484375,-5.84490966796875
2021-09-24,6,1,299.0671081542969,292.8407592773437,2.75665283203125,-2.1405029296875,18.125,91398.421875,269.9006042480469,283.892822265625,292.0504455566406,0.0036775053013116,0.0079448148608207,0.0131789483129978,0.674652099609375,3.8273773193359375,4.1512298583984375,3.60723876953125,-2.8559112548828125,-3.715240478515625
2021-09-24,12,2,299.9083251953125,293.8353881835937,1.0279388427734375,-0.8304595947265625,1.125,91122.765625,270.831787109375,283.44024658203125,293.5502319335937,0.0033846909645944,0.0096216648817062,0.0130704715847969,2.5172882080078125,2.1005859375,2.123748779296875,-1.0678253173828125,-2.877899169921875,-2.2054443359375
2021-09-24,18,3,296.0272521972656,293.4857482910156,2.1298370361328125,-0.6051483154296875,4.0,91418.84375,269.1576538085937,283.09539794921875,292.1799011230469,0.0033729344140738,0.0097562707960605,0.0134812388569116,-0.8053741455078125,0.4682159423828125,4.117218017578125,-3.028289794921875,-0.241973876953125,-0.0587310791015625
2021-09-25,0,0,295.4379272460937,294.21746826171875,2.004608154296875,-0.645172119140625,0.0,91311.3125,269.12432861328125,283.4723815917969,290.9709777832031,0.0031541902571916,0.0095180496573448,0.01362822111696,-2.9298095703125,4.287811279296875,6.200653076171875,-3.5008544921875,-0.549102783203125,-2.149688720703125
2021-09-25,6,1,299.5504150390625,293.65655517578125,3.821136474609375,-1.073272705078125,0.0,91367.9375,269.50408935546875,283.41015625,292.0634155273437,0.0031749436166137,0.0099985413253307,0.0135575756430625,-1.9289093017578125,3.694259643554688,6.078399658203125,-2.345001220703125,-1.40863037109375,-1.8672332763671875
2021-09-25,12,2,299.41046142578125,294.11248779296875,1.7783966064453125,0.1602020263671875,493.5,91119.71875,269.3550720214844,283.44921875,292.93310546875,0.0036044013686478,0.0105979144573211,0.0141611602157354,0.779510498046875,5.7355804443359375,5.9366607666015625,-2.654037475585937,-2.160003662109375,-1.9874725341796875
2021-09-25,18,3,295.7388000488281,293.06689453125,2.787841796875,-0.4769744873046875,70.0,91335.859375,268.6090087890625,283.340087890625,291.36798095703125,0.0047139674425125,0.0097524486482143,0.0139393173158168,-0.3423919677734375,4.0913848876953125,8.777694702148438,-1.2022857666015625,-3.35491943359375,-3.1806182861328125
2021-09-26,0,0,294.6046142578125,293.49468994140625,2.56640625,-0.940155029296875,5.125,91101.796875,269.216552734375,284.7387390136719,290.7391967773437,0.0047070756554603,0.0053027980029582,0.0109657347202301,3.6561126708984375,5.353042602539063,8.51861572265625,-1.8338165283203125,-1.2323455810546875,-6.5284271240234375
2021-09-26,6,1,298.0025634765625,292.0501708984375,3.962860107421875,-1.78961181640625,2.75,91258.625,268.4560852050781,284.3460998535156,291.4493408203125,0.004591591656208,0.0054401867091655,0.0122514246031641,3.0905914306640625,5.579345703125,6.6124267578125,-4.882049560546875,-3.438568115234375,-3.51324462890625
2021-09-26,12,2,299.6146240234375,293.454345703125,1.4555206298828125,-0.2275238037109375,0.0,90919.3125,269.78961181640625,283.8397216796875,293.3847045898437,0.0034335632808506,0.0087318494915962,0.0132428258657455,4.528778076171875,7.1854248046875,3.40594482421875,-4.44134521484375,-4.780319213867188,-1.4157562255859375
2021-09-26,18,3,295.6726989746094,293.41656494140625,2.862457275390625,0.9830169677734376,16.375,91112.75,269.77655029296875,282.9378662109375,291.1815795898437,0.003286778461188,0.0094701647758483,0.0141629017889499,2.384796142578125,6.339279174804688,8.610595703125,-5.365081787109375,-1.354766845703125,-1.3747100830078125
2021-09-27,0,0,294.6418762207031,293.7059326171875,3.53826904296875,0.3999481201171875,4.75,90963.90625,269.4287109375,283.2909851074219,290.41668701171875,0.0025849312078207,0.0071529671549797,0.011855810880661,2.9917144775390625,9.547943115234377,11.078948974609377,-2.59161376953125,-1.7664794921875,-2.865386962890625
2021-09-27,6,1,298.2845764160156,292.181640625,5.036956787109375,-1.1673126220703125,7.25,91100.765625,269.2854309082031,283.8080139160156,291.838134765625,0.0024888801854103,0.0064735636115074,0.0126667879521846,4.110565185546875,9.78936767578125,9.860580444335938,0.4061279296875,-1.970245361328125,-2.8929901123046875
2021-09-27,12,2,297.38507080078125,293.62432861328125,3.5579376220703125,0.86328125,9.75,90905.265625,269.272705078125,282.70965576171875,291.8930358886719,0.003230300033465,0.0094696283340454,0.0130954124033451,3.076629638671875,10.439712524414062,11.220382690429688,1.0797882080078125,-2.5800933837890625,-0.0901031494140625
2021-09-27,18,3,294.390625,292.9956359863281,3.780471801757813,1.1453857421875,0.0,91144.234375,268.8775329589844,283.21905517578125,290.485595703125,0.0041182376444339,0.0089324563741683,0.0129772163927555,2.943603515625,12.179000854492188,13.784271240234377,3.882736206054688,-1.1526336669921875,0.0685882568359375
2021-09-28,0,0,295.0104064941406,293.274658203125,3.921783447265625,1.13421630859375,1.0,91085.375,268.0843811035156,283.09185791015625,289.27294921875,0.0047735497355461,0.0087962225079536,0.0133477784693241,1.8093719482421875,11.904678344726562,13.7972412109375,4.75042724609375,0.1467132568359375,1.635894775390625
2021-09-28,6,1,298.7432861328125,292.57177734375,6.232177734375,1.9180755615234373,2.25,91300.75,268.22674560546875,282.6723022460937,291.0097045898437,0.0045968368649482,0.0087698996067047,0.0133639182895421,3.7846527099609375,12.100845336914062,10.805908203125,4.0457763671875,-0.1849212646484375,3.0533599853515625
2021-09-28,12,2,298.6925048828125,292.74383544921875,3.5057373046875,2.00958251953125,0.5,91072.3125,268.47564697265625,283.40728759765625,291.94757080078125,0.0049491189420223,0.0056550614535808,0.0129302944988012,3.6721038818359375,10.718582153320312,8.453582763671875,1.7725677490234375,0.310516357421875,3.874908447265625
2021-09-28,18,3,295.0843505859375,291.9801025390625,3.5006866455078125,1.6943359375,0.0,91441.671875,268.4288330078125,283.858642578125,289.827880859375,0.0042025335133075,0.0045164208859205,0.0118812583386898,2.599639892578125,8.6356201171875,11.7440185546875,1.072113037109375,0.5953826904296875,3.7149658203125
2021-09-29,0,0,294.4785461425781,292.62078857421875,3.349594116210937,1.4513397216796875,0.0,91306.703125,268.72052001953125,283.6544189453125,289.5907897949219,0.0043287351727485,0.0055725835263729,0.0125532001256942,-1.646240234375,6.9548187255859375,14.384323120117188,1.4001312255859375,-0.3626251220703125,3.4752960205078125
2021-09-29,6,1,299.6537170410156,292.27838134765625,4.890670776367188,0.446258544921875,70.625,91462.078125,268.21612548828125,283.7808837890625,292.03424072265625,0.0043113604187965,0.0078976154327392,0.0130632631480693,-2.341644287109375,5.6646881103515625,8.2984619140625,2.3391876220703125,-1.9667205810546875,-0.0034027099609375
2021-09-29,12,2,300.0758361816406,293.7320556640625,1.7547454833984375,-0.2847137451171875,72.0,91205.109375,268.5979919433594,283.3727722167969,293.73895263671875,0.0039847111329436,0.0085937529802322,0.0130889490246772,-0.581878662109375,5.5812530517578125,5.1270599365234375,1.325439453125,-2.1443328857421875,-1.0057220458984375
2021-09-29,18,3,295.1557922363281,293.1004943847656,1.9006805419921875,0.941253662109375,0.0,91511.390625,268.7113342285156,283.294189453125,291.63104248046875,0.0036583461333066,0.0085094310343265,0.0136420726776123,-3.1698455810546875,1.3053131103515625,4.92498779296875,-1.6375885009765625,-1.804443359375,-0.4601593017578125
2021-09-30,0,0,294.02752685546875,293.1396484375,1.7904815673828125,0.2637481689453125,0.125,91400.71875,268.59942626953125,282.8069152832031,291.17791748046875,0.0035490228328853,0.0088184662163257,0.0124784223735332,-3.65521240234375,0.076263427734375,4.354248046875,-2.985824584960937,-1.723968505859375,-0.61279296875
2021-09-30,6,1,298.68414306640625,293.16064453125,1.651824951171875,-0.207427978515625,12.125,91571.421875,268.4326171875,283.3637084960937,291.8216552734375,0.004422191530466,0.008286964148283,0.0131692364811897,-5.594161987304688,-0.4092254638671875,2.112457275390625,-4.071456909179688,-1.44097900390625,-0.5377044677734375
2021-09-30,12,2,299.98565673828125,294.2232666015625,-0.2178192138671875,-1.5052642822265625,358.25,91267.09375,268.287841796875,283.490478515625,293.1215515136719,0.0046690255403518,0.0083713605999946,0.0131281055510044,-7.9173583984375,0.274078369140625,0.641815185546875,-3.2113037109375,-1.5448760986328125,-3.331878662109375
2021-09-30,18,3,295.56591796875,294.0874328613281,1.2622833251953125,0.4974822998046875,155.875,91554.5625,268.2553100585937,283.0578308105469,291.7744140625,0.0043401308357715,0.0088825300335884,0.0136511474847793,-8.411392211914062,-2.006622314453125,0.4071807861328125,2.8473663330078125,-4.08892822265625,-2.810699462890625
2021-10-01,0,0,295.6741943359375,293.97979736328125,0.6950225830078125,-1.9496002197265625,61.75,91377.75,269.1247253417969,282.80926513671875,290.8251342773437,0.0028658211231231,0.0095732361078262,0.0135159380733966,-8.77825927734375,-3.124252319335937,-0.688140869140625,2.7730712890625,-3.783004760742188,-7.1636962890625
2021-10-01,6,1,300.68365478515625,294.313232421875,-0.82000732421875,-2.16998291015625,624.75,91474.71875,269.6168212890625,282.99005126953125,291.8485107421875,0.0026456308551132,0.0100425966084003,0.0149345360696315,-11.311492919921877,-4.3022003173828125,-1.6065673828125,2.2273406982421875,-3.8033294677734375,-3.6006011962890625
2021-10-01,12,2,299.137451171875,295.8624572753906,-1.241668701171875,0.2676239013671875,1200.375,91183.703125,268.83160400390625,283.6175537109375,293.5858154296875,0.0036467909812927,0.0095214359462261,0.0141303949058055,-12.029144287109377,-6.2149810791015625,-5.6939544677734375,-0.2654571533203125,-2.081939697265625,-1.611663818359375
2021-10-01,18,3,295.33184814453125,294.3153686523437,-0.767547607421875,0.3559722900390625,116.0,91522.703125,268.4158935546875,283.07794189453125,291.61151123046875,0.0024564692284911,0.008089791983366,0.0143698528409004,-12.819580078125,-7.965408325195312,-2.988616943359375,1.6694793701171875,1.6988067626953125,1.881591796875
2021-10-02,0,0,294.83074951171875,293.67822265625,0.5751495361328125,-0.7913818359375,0.125,91354.34375,267.94451904296875,283.0397644042969,290.8022766113281,0.0033650936093181,0.0083632990717887,0.0133810900151729,-14.210067749023438,-7.6228485107421875,-2.514739990234375,3.341552734375,1.18756103515625,-0.640106201171875
2021-10-02,6,1,300.8316650390625,293.267578125,-2.594818115234375,-1.6053466796875,0.0,91437.796875,268.4105834960937,283.3853759765625,292.4902648925781,0.0037951760459691,0.0093234777450561,0.0132699981331825,-10.706573486328123,-10.229827880859377,-4.581634521484375,4.60162353515625,2.4414215087890625,-2.5020904541015625
2021-10-02,12,2,298.55328369140625,294.9779968261719,-1.5778656005859375,0.1104278564453125,554.0,91145.3125,269.57586669921875,283.5857238769531,293.5234680175781,0.0041151549667119,0.0099667124450206,0.0139437615871429,-8.209121704101562,-7.390029907226562,-5.02490234375,6.168548583984375,0.0448760986328125,-2.1710662841796875
2021-10-02,18,3,295.3348693847656,294.5013427734375,-0.8568572998046875,0.313232421875,135.75,91467.4375,269.1161499023437,283.3255615234375,291.0039367675781,0.0034982187207788,0.0093571878969669,0.01502001658082,-7.1585540771484375,-8.06201171875,-5.3505706787109375,3.19696044921875,-0.7295989990234375,0.241424560546875
2021-10-03,0,0,295.7389831542969,294.40625,-1.7234649658203125,0.05560302734375,20.75,91316.84375,268.99609375,283.8502502441406,291.714599609375,0.0036743120290338,0.0082110092043876,0.0129098370671272,-4.77056884765625,-9.381134033203123,-8.145782470703125,0.2926025390625,-0.7171173095703125,-0.3458099365234375
2021-10-03,6,1,299.5601806640625,294.174072265625,-2.1232147216796875,1.5102081298828125,102.75,91449.484375,269.3148193359375,284.46051025390625,292.3698425292969,0.0032544764690101,0.0082628391683101,0.0138468071818351,-6.8731842041015625,-8.824691772460938,-5.0897369384765625,-4.5145111083984375,1.7156219482421875,2.0332183837890625
2021-10-03,12,2,299.7045288085937,295.0000915527344,-1.813751220703125,-0.77484130859375,712.5,91114.8125,269.58807373046875,283.6741943359375,293.5784912109375,0.00361696514301,0.0104495361447334,0.014821283519268,-6.956222534179688,-5.52197265625,-3.1217498779296875,-0.87591552734375,0.200775146484375,-1.5726776123046875
2021-10-03,18,3,294.8345947265625,294.0797119140625,-0.0109405517578125,0.27642822265625,319.875,91427.046875,268.87908935546875,283.4561767578125,292.3035888671875,0.0035101491957902,0.0098570995032787,0.0144325494766235,-6.717620849609375,-5.067794799804688,-3.1032867431640625,0.940399169921875,-1.5130615234375,-3.3245391845703125
2021-10-04,0,0,295.9097900390625,294.4340209960937,0.1243743896484375,-1.610565185546875,21.125,91227.65625,268.9832763671875,283.7195129394531,292.13134765625,0.0022725269664078,0.0092019811272621,0.0141537189483642,-4.934967041015625,-4.6280517578125,-3.1755828857421875,-0.2054595947265625,-3.870697021484375,-5.5999755859375
2021-10-04,6,1,301.39947509765625,293.65167236328125,-2.79461669921875,-1.2610015869140625,365.5,91370.0625,268.8202819824219,283.4676818847656,292.9306945800781,0.0020857949275523,0.0090681016445159,0.0144323892891407,-3.148666381835937,-5.318756103515625,-4.6470794677734375,-2.269500732421875,-4.333267211914063,-1.97796630859375
2021-10-04,12,2,301.36553955078125,293.9959411621094,-0.6130523681640625,0.0697021484375,242.125,91066.484375,269.455810546875,283.4342041015625,294.7722473144531,0.0018413171637803,0.008918784558773,0.0136967822909355,-4.51763916015625,-4.969985961914063,-4.1613616943359375,-4.9698638916015625,-2.50213623046875,-1.0975189208984375
2021-10-04,18,3,296.2130126953125,293.9289245605469,0.0892181396484375,1.15948486328125,144.5,91404.53125,268.8768615722656,283.4743347167969,292.2323608398437,0.0017582022119313,0.0079471096396446,0.0143128000199794,-5.811737060546875,-7.584930419921875,-2.8513336181640625,-4.11187744140625,-2.138397216796875,0.9773406982421876
2021-10-05,0,0,295.94415283203125,294.5379943847656,1.4555206298828125,-1.083282470703125,9.375,91180.203125,268.7777709960937,284.1728515625,290.9423217773437,0.002973836613819,0.0067197009921073,0.0142335370182991,-10.286087036132812,-5.49273681640625,1.2525634765625,-1.781463623046875,-2.771469116210937,-1.67095947265625
2021-10-05,6,1,300.2716979980469,293.3045654296875,-1.8108673095703125,-2.435089111328125,24.0,91355.5625,268.28643798828125,283.880859375,292.5419311523437,0.0044664032757282,0.0075486823916435,0.0131708085536956,-7.345321655273437,-5.0240478515625,-2.9726104736328125,-2.5793914794921875,-3.7281341552734375,-3.669143676757813
2021-10-05,12,2,296.82379150390625,294.0950927734375,-1.4675445556640625,-0.491943359375,154.125,91113.0625,269.05242919921875,283.89263916015625,292.7724304199219,0.0054606441408395,0.008659940212965,0.0125035271048545,-10.65460205078125,-6.36785888671875,-4.389129638671875,-3.971603393554688,-2.7300567626953125,-6.44500732421875
2021-10-05,18,3,294.5577392578125,293.85272216796875,0.2158050537109375,0.26300048828125,135.0,91403.8125,268.45880126953125,282.01983642578125,291.3380126953125,0.0054078847169876,0.0097989030182361,0.0135663524270057,-15.651275634765623,-8.106658935546875,-4.873291015625,-4.8514251708984375,-7.8718109130859375,-3.916259765625
2021-10-06,0,0,294.8775634765625,293.3731994628906,1.437896728515625,-1.7713775634765625,43.75,91106.234375,269.7553100585937,282.8760986328125,290.202392578125,0.0058329887688159,0.0109603907912969,0.0138656236231327,-11.104034423828123,-8.990081787109375,-0.38275146484375,4.042144775390625,-7.9493408203125,-8.177597045898438
2021-10-06,6,1,295.8985595703125,295.1133117675781,1.6031036376953125,-1.016876220703125,27.0,91269.390625,269.4613342285156,283.5634460449219,290.2161865234375,0.0054302439093589,0.0108552053570747,0.0145241729915142,-7.542449951171875,-10.239501953125,-0.43182373046875,5.181320190429688,-1.7257537841796875,-5.520538330078125
2021-10-06,12,2,296.889892578125,294.699951171875,1.58294677734375,1.0582275390625,2.625,90985.390625,270.70068359375,284.71661376953125,290.6530456542969,0.004176627844572,0.0099195651710033,0.0146986283361911,-6.649200439453125,-1.650146484375,-1.4023590087890625,6.1786651611328125,5.25372314453125,-0.783538818359375
2021-10-06,18,3,294.9990234375,294.133056640625,1.20660400390625,0.9024200439453124,0.25,91247.53125,269.7360534667969,284.5150756835937,290.8591613769531,0.0040387883782386,0.009984266012907,0.0136437378823757,-5.4384765625,4.288589477539063,5.4564971923828125,5.9332122802734375,5.465011596679688,1.66021728515625
2021-10-07,0,0,295.7865295410156,294.50653076171875,1.3043060302734375,1.461212158203125,9.75,91218.453125,269.9057006835937,283.5752868652344,290.8377685546875,0.0038988573942333,0.0097375977784395,0.0128221623599529,-2.0364990234375,1.4915313720703125,4.932403564453125,7.547698974609375,2.666839599609375,1.9988250732421875
2021-10-07,6,1,299.7450866699219,293.8251342773437,2.3069305419921875,1.6709747314453125,72.625,91335.328125,270.251220703125,283.84637451171875,292.655029296875,0.003524114144966,0.0092188343405723,0.0133686177432537,10.066452026367188,-0.76495361328125,2.9809722900390625,4.8829193115234375,2.2772674560546875,2.326080322265625
2021-10-07,12,2,301.2749938964844,294.8587341308594,1.114715576171875,0.6314849853515625,202.0,91012.03125,270.44610595703125,284.4755249023437,294.9942626953125,0.0030842109117656,0.0083470121026039,0.0134386010468006,7.287490844726562,1.061004638671875,2.3428955078125,1.49273681640625,1.8199920654296875,0.960174560546875
2021-10-07,18,3,296.4607238769531,294.44635009765625,1.8790130615234373,0.5395660400390625,70.25,91357.359375,269.5626220703125,283.9106750488281,292.11260986328125,0.0033374018967151,0.0089129321277141,0.014582335948944,3.506317138671875,0.4780426025390625,5.2258148193359375,-0.9327850341796876,0.491058349609375,-0.0341644287109375
2021-10-08,0,0,295.7753295898437,294.086181640625,1.3197021484375,-0.53985595703125,70.5,91288.984375,268.72393798828125,283.67242431640625,290.9754638671875,0.00489367172122,0.0081479847431182,0.0145414024591445,1.9349365234375,1.9813079833984373,4.6792755126953125,-0.63409423828125,0.336151123046875,-2.036849975585937
2021-10-08,6,1,299.044677734375,294.21197509765625,3.486053466796875,0.9356231689453124,151.875,91434.78125,269.0607604980469,283.76617431640625,291.8715209960937,0.0050797834992408,0.0088920779526233,0.0143208317458629,0.6266937255859375,0.9632110595703124,4.7572784423828125,-0.9040069580078124,-0.5897674560546875,1.043304443359375
2021-10-08,12,2,299.5682373046875,294.1659240722656,1.8212890625,0.471771240234375,490.0,91194.109375,269.63201904296875,282.982421875,293.2729187011719,0.005042802542448,0.0097235664725303,0.0137903802096843,-3.32025146484375,2.3192901611328125,5.101242065429688,-2.862045288085937,-0.1582183837890625,-0.2625885009765625
2021-10-08,18,3,295.069091796875,293.9201354980469,2.16827392578125,0.5662078857421875,198.0,91473.53125,268.76739501953125,283.64385986328125,291.242919921875,0.0043500810861587,0.0091420784592628,0.0142275495454669,-1.616790771484375,3.076324462890625,5.4397735595703125,-1.727691650390625,-1.848724365234375,-2.7424774169921875
2021-10-09,0,0,295.410400390625,294.1346435546875,2.229034423828125,0.246856689453125,42.75,91387.1875,268.1390991210937,282.8619384765625,291.1659545898437,0.0038639982230961,0.009865365922451,0.0136699602007865,-0.2683563232421875,0.732757568359375,4.816009521484375,-4.41412353515625,-1.7916412353515625,-0.53814697265625
2021-10-09,6,1,297.5865173339844,294.6849365234375,3.120635986328125,-0.125030517578125,262.875,91583.34375,268.5971069335937,282.7958374023437,290.8619689941406,0.0034677211660891,0.0098232589662075,0.0138908177614212,-1.462066650390625,-0.794769287109375,6.673873901367188,-1.6540069580078125,-2.0675506591796875,-2.5154266357421875
2021-10-09,12,2,297.1160888671875,294.38458251953125,2.5076446533203125,0.42132568359375,553.25,91339.265625,267.74188232421875,283.2016296386719,292.2347106933594,0.0042856037616729,0.00928945094347,0.0139934830367565,-2.3916168212890625,5.0876007080078125,8.497116088867188,-5.5457916259765625,-4.734710693359375,-0.909637451171875
2021-10-09,18,3,295.02685546875,293.8975830078125,2.28594970703125,-0.1444854736328125,285.25,91530.625,267.66192626953125,283.7618713378906,291.737548828125,0.0042355256155133,0.0086793564260005,0.0132901892066001,-0.39630126953125,6.93377685546875,7.8822021484375,-3.8746185302734375,-5.67047119140625,-2.8291473388671875
2021-10-10,0,0,295.2525634765625,293.9638061523437,2.3182525634765625,-0.3433990478515625,10.75,91436.0625,267.8744201660156,282.80157470703125,291.160400390625,0.003605434205383,0.0092791989445686,0.012864876538515,2.712020874023437,4.7055511474609375,7.9189910888671875,-4.3441314697265625,-5.9043731689453125,-4.83905029296875
2021-10-10,6,1,299.6580810546875,293.58642578125,2.773178100585937,-1.94091796875,173.875,91495.75,268.47119140625,283.4131774902344,291.5679626464844,0.0035915931221097,0.0089957155287265,0.0140311159193515,2.3384246826171875,2.637420654296875,4.285614013671875,-5.515167236328125,-4.82586669921875,-3.2675323486328125
2021-10-10,12,2,297.7889404296875,294.3126220703125,1.556396484375,-0.3640594482421875,711.0,91225.484375,268.3487243652344,283.4208068847656,292.0428161621094,0.0042629651725292,0.0098195262253284,0.0149185582995414,1.282073974609375,5.440673828125,3.6351318359375,-7.217132568359375,-2.654647827148437,-3.1989898681640625
2021-10-10,18,3,294.6199951171875,293.729736328125,1.3139495849609375,-1.056304931640625,204.375,91429.765625,268.4387512207031,283.386474609375,291.3907470703125,0.0044471956789493,0.0097934901714324,0.0148254968225955,0.4016876220703125,2.412353515625,4.1641845703125,-5.315963745117188,-4.6961517333984375,-4.6088409423828125
2021-10-11,0,0,295.12432861328125,294.0677490234375,1.9208221435546875,-0.3783721923828125,52.875,91242.0625,268.53192138671875,282.61004638671875,291.1571044921875,0.0036140391603112,0.0098156929016113,0.0137659795582294,-1.5373382568359375,3.50897216796875,5.870880126953125,-5.4651947021484375,-2.257675170898437,-3.76739501953125
2021-10-11,6,1,300.6503295898437,294.54852294921875,2.3408203125,-0.8470001220703125,483.875,91340.328125,268.8268737792969,282.4449157714844,292.4647827148437,0.0031213127076625,0.0099267549812793,0.0145361125469207,-3.35321044921875,2.2018585205078125,3.4674072265625,-4.056564331054688,-2.5712432861328125,-1.7893829345703125
2021-10-11,12,2,298.0037841796875,294.4956970214844,0.925323486328125,0.411224365234375,523.25,91083.890625,268.86456298828125,282.748291015625,292.2280578613281,0.004944622516632,0.0095727555453777,0.014591459184885,-1.6912078857421875,1.545745849609375,4.264938354492188,-3.3686981201171875,-2.225936889648437,-1.378326416015625
2021-10-11,18,3,294.9240417480469,293.9525756835937,1.5443267822265625,-0.0785980224609375,173.75,91317.9375,268.730224609375,282.34716796875,290.21075439453125,0.0051532238721847,0.0095974691212177,0.0141450837254524,-1.4878082275390625,3.0468902587890625,5.69036865234375,-3.9373931884765625,-3.6427001953125,-2.4203338623046875
2021-10-12,0,0,295.6156616210937,294.2173156738281,1.442474365234375,-0.057403564453125,35.0,91175.0,269.15380859375,282.6704406738281,290.61822509765625,0.0048898831009864,0.0096030309796333,0.0139390770345926,-1.5954742431640625,2.5188751220703125,4.0954437255859375,-1.951629638671875,-2.3273162841796875,-2.5019989013671875
2021-10-12,6,1,300.4758605957031,294.41943359375,2.5193634033203125,0.6327972412109375,709.0,91316.453125,268.50274658203125,282.4532470703125,291.87872314453125,0.0049498192965984,0.0099302008748054,0.0142864100635051,-2.77996826171875,3.2194976806640625,4.1131744384765625,-0.793792724609375,-0.59326171875,-0.4703826904296875
2021-10-12,12,2,296.4784545898437,294.4228210449219,2.1673736572265625,1.36572265625,396.375,91108.390625,269.7129821777344,283.0775146484375,291.4044494628906,0.0059722028672695,0.0100002959370613,0.0151974000036716,0.2345733642578125,4.9170989990234375,6.1538848876953125,0.3613739013671875,0.295623779296875,3.058502197265625
2021-10-12,18,3,294.70947265625,293.8166198730469,1.8523101806640625,1.3452606201171875,92.625,91341.484375,269.2745666503906,283.3573608398437,290.17987060546875,0.0054137762635946,0.0078041516244411,0.013998182490468,2.683319091796875,-0.50592041015625,7.5698394775390625,-4.453903198242188,1.3003997802734375,-0.4951019287109375
2021-10-13,0,0,294.71685791015625,293.7467346191406,2.20611572265625,2.225189208984375,6.625,91174.1875,269.8646240234375,282.8956604003906,289.891357421875,0.0057315006852149,0.0093410201370716,0.0140390619635581,4.134918212890625,6.014190673828125,10.311477661132812,-2.2874908447265625,3.652099609375,2.527206420898437
2021-10-13,6,1,297.2371826171875,294.59393310546875,3.725616455078125,-2.5503692626953125,2.125,91265.0,269.561279296875,283.37615966796875,291.578369140625,0.0050648041069507,0.0098316427320241,0.0139337889850139,-2.4168853759765625,10.456863403320312,4.891265869140625,0.08355712890625,-1.1040802001953125,-4.513473510742188
2021-10-13,12,2,297.704833984375,294.48876953125,1.0496368408203125,-0.4359130859375,307.125,91037.71875,269.9423217773437,282.7088623046875,292.4658203125,0.005111277103424,0.0101588144898414,0.014382991939783,2.0172882080078125,7.205245971679688,4.9541778564453125,1.2424163818359375,-1.570068359375,-1.9126434326171875
2021-10-13,18,3,294.9931335449219,294.14923095703125,1.004302978515625,0.687652587890625,151.625,91320.3125,269.0577392578125,282.94842529296875,291.2512512207031,0.0051342509686946,0.0103125274181365,0.0144804120063781,1.7156524658203125,3.0364532470703125,2.8980865478515625,1.0027008056640625,0.3274383544921875,0.2899627685546875
2021-10-14,0,0,295.4085693359375,293.9924011230469,1.4595947265625,0.40875244140625,24.75,91150.71875,268.8348999023437,283.2034912109375,291.67315673828125,0.0044451132416725,0.0106252320110797,0.0127850137650966,2.3546142578125,2.581207275390625,3.4815216064453125,-1.30865478515625,2.709014892578125,1.2288665771484375
2021-10-14,6,1,298.96978759765625,294.7479248046875,2.3473052978515625,-0.11553955078125,156.125,91257.53125,269.0074462890625,283.2839050292969,291.39373779296875,0.0045296177268028,0.010389469563961,0.0130377747118473,0.02978515625,3.3734130859375,5.0051116943359375,-1.1811065673828125,1.7285614013671875,-0.1685333251953125
2021-10-14,12,2,299.7706604003906,294.83306884765625,0.310028076171875,-0.0359649658203125,327.25,90997.390625,269.05987548828125,283.09600830078125,293.3988952636719,0.0045085251331329,0.0100004114210605,0.0146133638918399,-0.1471405029296875,3.17962646484375,0.893707275390625,-0.9216461181640624,-1.3573455810546875,-0.5361785888671875
2021-10-14,18,3,295.5256042480469,294.63775634765625,0.42083740234375,0.512359619140625,87.625,91131.875,269.6983642578125,283.0468139648437,292.3916931152344,0.0039569400250911,0.0102135762572288,0.0144706554710865,1.0179443359375,0.290374755859375,-1.5716552734375,-3.352935791015625,-0.5117034912109375,-0.886505126953125
2021-10-15,0,0,295.50732421875,294.1620788574219,1.2533111572265625,0.5756988525390625,0.25,90916.75,269.73516845703125,283.38885498046875,291.96612548828125,0.0044766962528228,0.009937360882759,0.0142770856618881,4.832763671875,-0.9181976318359376,-0.710174560546875,-2.3292236328125,0.410552978515625,-1.0684051513671875
2021-10-15,6,1,300.3657531738281,294.7498474121094,0.4249725341796875,-0.460601806640625,964.125,90982.796875,270.1145935058594,283.7331237792969,292.1490478515625,0.00426628254354,0.0098982937633991,0.0151958055794239,4.9630889892578125,0.0640411376953125,-0.5206146240234375,-2.430770874023437,0.860137939453125,-1.1567535400390625
2021-10-15,12,2,298.4326477050781,294.71685791015625,-0.78466796875,-0.0401153564453125,189.875,90772.625,270.30145263671875,284.235595703125,292.49444580078125,0.0050583183765411,0.0099948979914188,0.0151905193924903,4.9383087158203125,1.7521514892578125,-1.163330078125,-2.6884918212890625,1.0674896240234375,-2.318328857421875
2021-10-15,18,3,295.2911376953125,294.58172607421875,0.5758056640625,0.7476959228515625,3.0,90965.890625,269.85601806640625,283.63232421875,293.1261901855469,0.0047759264707565,0.0104066506028175,0.0135513767600059,3.592071533203125,1.1645965576171875,-1.982269287109375,-0.458831787109375,0.790069580078125,-3.504638671875
2021-10-16,0,0,295.53619384765625,294.63140869140625,0.2173614501953125,-0.174163818359375,2.125,90818.921875,270.27984619140625,283.2711181640625,292.445068359375,0.0046419017016887,0.0104471668601036,0.0134929791092872,4.1517181396484375,-0.4099884033203125,-2.536041259765625,-1.7076873779296875,0.8047637939453125,-0.0781402587890625
2021-10-16,6,1,300.126953125,295.1689453125,-0.2839508056640625,-0.0586395263671875,185.25,90947.15625,268.8568420410156,283.8624267578125,292.67877197265625,0.0047552436590194,0.0103617124259471,0.0145282074809074,0.8202056884765625,-0.1076812744140625,-0.914581298828125,0.818603515625,3.237167358398437,-0.2154541015625
2021-10-16,12,2,298.6099853515625,295.0079345703125,-0.6855926513671875,0.5826873779296875,853.75,90740.546875,269.7010498046875,283.97149658203125,294.091064453125,0.003869058098644,0.0110729224979877,0.0148658603429794,3.03961181640625,2.213043212890625,-0.9650421142578124,1.7589874267578125,2.5727691650390625,-0.556732177734375
2021-10-16,18,3,295.2354431152344,294.89288330078125,1.29443359375,1.214324951171875,368.75,91083.484375,269.68902587890625,283.486083984375,291.9364318847656,0.0039819227531552,0.0108109265565872,0.0145892649888992,1.740692138671875,1.23065185546875,0.5363311767578125,3.3894500732421875,-0.876556396484375,-1.345947265625
2021-10-17,0,0,295.2704467773437,294.3943786621094,2.108184814453125,1.3960723876953125,3.125,90909.921875,269.85418701171875,284.4716796875,291.87188720703125,0.0051613077521324,0.0094405710697174,0.0135865733027458,1.018402099609375,3.868804931640625,3.271575927734375,3.675094604492188,3.123886108398437,-1.7922821044921875
2021-10-17,6,1,299.0893859863281,294.0759582519531,2.5432891845703125,-0.569732666015625,109.375,91206.8125,269.3222045898437,284.38104248046875,292.20281982421875,0.0053970124572515,0.0090529322624206,0.0140275321900844,4.671066284179688,5.67340087890625,3.62078857421875,1.6661224365234375,1.6379241943359375,-1.519287109375
2021-10-17,12,2,297.5910339355469,294.27569580078125,2.540557861328125,1.10400390625,163.25,90983.765625,270.544921875,284.1903991699219,292.5947265625,0.0050382614135742,0.009889043867588,0.0146139450371265,7.568817138671875,7.196823120117188,6.05084228515625,3.70465087890625,-0.5738677978515625,0.590118408203125
2021-10-17,18,3,295.35577392578125,293.99517822265625,2.813385009765625,1.071014404296875,19.125,91292.734375,270.233154296875,283.91900634765625,291.600341796875,0.0050873383879661,0.0097114518284797,0.0141367241740226,7.679534912109375,5.018356323242188,7.7460479736328125,2.271148681640625,-1.9045867919921875,0.3060302734375
2021-10-18,0,0,295.3116455078125,293.8791198730469,2.467987060546875,0.555267333984375,1.125,91213.65625,270.11163330078125,283.5028381347656,291.023193359375,0.0037190574221313,0.0099462978541851,0.0132269114255905,5.867340087890625,6.5827484130859375,8.345504760742188,1.346466064453125,-0.6762542724609375,-2.222503662109375
2021-10-18,6,1,299.4499816894531,293.2606201171875,4.006744384765625,-1.5281982421875,0.25,91420.640625,270.5733642578125,283.348876953125,291.4563903808594,0.0034106201492249,0.0091616250574588,0.0139060281217098,3.04461669921875,6.250503540039063,6.419723510742188,2.2000732421875,-2.18109130859375,-2.521209716796875
2021-10-18,12,2,298.31988525390625,294.400146484375,2.8465576171875,-0.3529052734375,36.375,91260.28125,270.17974853515625,283.6386108398437,291.9755554199219,0.0040841996669769,0.0100376717746257,0.0144436657428741,2.135604858398437,5.0983734130859375,6.215255737304688,1.6567230224609375,-3.4056396484375,-2.431381225585937
2021-10-18,18,3,295.162353515625,294.1412353515625,1.7483978271484375,0.877166748046875,55.375,91567.453125,269.7300109863281,283.59649658203125,291.2549743652344,0.003831289242953,0.0087583176791667,0.0145723316818475,1.7395477294921875,3.457275390625,4.96258544921875,0.8689117431640625,-2.226287841796875,-3.0897979736328125
2021-10-19,0,0,295.228759765625,294.15106201171875,2.46844482421875,-0.73809814453125,5.375,91474.859375,270.2445068359375,283.5335693359375,291.19195556640625,0.0036591666284948,0.0068384483456611,0.0123720690608024,0.898406982421875,2.0457000732421875,4.7746429443359375,0.2033233642578125,-1.251953125,-3.834030151367188
2021-10-19,6,1,300.2484130859375,292.1552124023437,2.281036376953125,-1.9572906494140625,0.0,91685.96875,269.9247436523437,283.49859619140625,291.46844482421875,0.0035790561232715,0.005634780973196,0.0119487643241882,-1.591064453125,1.3802947998046875,3.1264801025390625,0.3413238525390625,0.0877838134765625,-3.4921875
2021-10-19,12,2,299.87451171875,292.80487060546875,0.806549072265625,-1.0151519775390625,0.0,91459.25,269.4501953125,283.87872314453125,293.3563232421875,0.0030050377827137,0.0046265497803688,0.0119206011295318,-2.0688018798828125,1.582061767578125,1.3740692138671875,2.49273681640625,2.1469879150390625,-3.157333374023437
2021-10-19,18,3,295.279052734375,291.61016845703125,-0.1663970947265625,-1.9000244140625,0.0,91712.4375,269.9790954589844,283.8633728027344,292.940185546875,0.0027562682516872,0.0042269267141819,0.0112782046198844,-2.1450653076171875,-0.405792236328125,-2.2314910888671875,2.6071319580078125,1.0121917724609375,-1.943939208984375
2021-10-20,0,0,295.29119873046875,291.562255859375,-0.2745361328125,-1.5968017578125,0.0,91623.171875,268.9149780273437,283.6705322265625,292.3309936523437,0.0035435275640338,0.0080076307058334,0.0111521258950233,-2.7399139404296875,-1.54541015625,-1.7710723876953125,1.9668426513671875,4.4209747314453125,-1.982391357421875
2021-10-20,6,1,301.2201843261719,292.85552978515625,-0.7986907958984375,-2.2434844970703125,0.0,91779.484375,268.5444030761719,283.80914306640625,292.73309326171875,0.0031531192362308,0.0097732059657573,0.0124464742839336,-4.314117431640625,-1.7425079345703125,-1.5579833984375,3.3132781982421875,3.0415802001953125,-3.32305908203125
2021-10-20,12,2,298.2986145019531,294.05615234375,-1.960662841796875,0.72174072265625,1005.625,91538.984375,269.24420166015625,283.1856384277344,292.7386779785156,0.0041884519159793,0.0108229517936706,0.0141586437821388,-5.351898193359375,-2.230010986328125,-3.382308959960937,0.3461151123046875,-0.620880126953125,-2.41229248046875
2021-10-20,18,3,294.8904113769531,294.1120910644531,-1.10760498046875,-0.0223541259765625,276.25,91801.21875,268.11578369140625,283.15289306640625,291.6246337890625,0.0042969109490513,0.0103366710245609,0.0144054777920246,-7.210723876953125,-3.4030303955078125,-3.81878662109375,2.40655517578125,-0.2532806396484375,-2.796981811523437
2021-10-21,0,0,294.9837646484375,293.7598876953125,-0.5544586181640625,0.4234161376953125,47.5,91673.953125,267.86590576171875,282.7477722167969,291.62286376953125,0.0038535248022526,0.0088771544396877,0.0133042596280574,-5.967529296875,-6.339126586914063,-3.5768280029296875,1.846588134765625,1.9961395263671875,1.30682373046875
2021-10-21,6,1,300.67254638671875,295.5170593261719,-0.9646148681640624,0.601287841796875,60.125,91821.671875,267.9095458984375,283.22576904296875,292.0423889160156,0.0035120947286486,0.0086656957864761,0.0135883800685405,-7.483062744140625,-5.5096435546875,-1.723785400390625,3.169906616210937,2.402252197265625,0.572113037109375
2021-10-21,12,2,299.9591064453125,293.92840576171875,-1.2538299560546875,-0.087982177734375,650.5,91522.421875,268.144775390625,283.43780517578125,293.6180725097656,0.0035728574730455,0.0091605633497238,0.0138274915516376,-5.3499603271484375,-3.79022216796875,-3.722488403320313,5.305221557617188,1.1802215576171875,-1.3426971435546875
2021-10-21,18,3,295.7908020019531,294.2437744140625,-0.7015838623046875,1.01214599609375,533.75,91780.25,268.0890197753906,283.0661926269531,291.3529663085937,0.0034093030262738,0.0090110301971435,0.0149869881570339,-5.0305938720703125,-3.886627197265625,-4.438262939453125,4.693618774414063,1.7095184326171875,0.8807373046875
2021-10-22,0,0,295.6256103515625,294.1322021484375,-1.0792999267578125,0.5330352783203125,72.875,91720.421875,267.48553466796875,283.0331420898437,290.4449462890625,0.0029595186933875,0.0084862634539604,0.0138274356722831,-5.320968627929688,-3.316162109375,-5.732681274414063,3.1530303955078125,2.947296142578125,2.0944366455078125
2021-10-22,6,1,300.4111633300781,293.75946044921875,-2.324951171875,1.163665771484375,48.375,91795.953125,268.53271484375,283.74298095703125,292.2229309082031,0.001930875936523,0.0084397830069065,0.0135307721793651,-4.933258056640625,-2.9110870361328125,-3.827423095703125,5.51416015625,3.763153076171875,1.5739288330078125
2021-10-22,12,2,301.1585693359375,294.1085205078125,-0.660797119140625,0.4259033203125,514.75,91537.703125,268.2947998046875,283.3266906738281,293.9620361328125,0.0031826240010559,0.0089194886386394,0.0135286189615726,-4.1150970458984375,-2.5855865478515625,-2.12249755859375,5.011474609375,2.015777587890625,0.9035797119140624
2021-10-22,18,3,295.8584289550781,293.7992248535156,-1.85150146484375,-0.27447509765625,300.125,91875.9375,267.7941589355469,283.0581359863281,291.49951171875,0.0035663323942571,0.0086840018630027,0.0142471157014369,-1.8162689208984373,-0.3243865966796875,-3.846405029296875,3.7215423583984375,1.4678192138671875,1.2866668701171875
2021-10-23,0,0,294.9623413085937,293.6466064453125,-1.21246337890625,0.8133697509765625,194.5,91719.921875,267.86993408203125,282.484619140625,291.23516845703125,0.0040959753096103,0.0089475885033607,0.0139612667262554,-1.072418212890625,-3.2483367919921875,-5.16851806640625,1.9384765625,1.439483642578125,2.994979858398437
2021-10-23,6,1,300.5711669921875,293.7322082519531,-1.4680023193359375,1.1761016845703125,229.125,91842.859375,267.80474853515625,283.734130859375,291.88330078125,0.0041355858556926,0.0074457339942455,0.0136626698076725,-2.0652313232421875,-2.484710693359375,-2.907501220703125,4.0855712890625,1.420318603515625,1.075225830078125
2021-10-23,12,2,297.8002319335937,294.42449951171875,-1.348602294921875,0.625457763671875,1127.75,91608.515625,268.1567687988281,282.9892578125,292.1327514648437,0.0039802221581339,0.0085742734372615,0.0141383036971092,-2.7552032470703125,-0.6467742919921875,-2.3304901123046875,2.779876708984375,0.9372100830078124,1.8088531494140625
2021-10-23,18,3,295.305419921875,294.052978515625,0.45587158203125,-0.4111328125,360.75,91912.703125,267.5945739746094,282.5218200683594,290.83038330078125,0.0039058371912688,0.0082488246262073,0.0143437609076499,-0.161773681640625,-1.055084228515625,-0.2559051513671875,3.469390869140625,0.9806365966796876,1.544342041015625
2021-10-24,0,0,294.8042297363281,293.31939697265625,1.3116912841796875,0.351470947265625,35.25,91713.96875,267.1634521484375,281.6327514648437,291.36737060546875,0.0034913585986942,0.0085420310497283,0.0122719593346118,-3.2902069091796875,1.0186767578125,2.2544097900390625,1.7812347412109375,0.4886322021484375,2.283111572265625
2021-10-24,6,1,299.9320068359375,293.3485717773437,1.362213134765625,-0.1845245361328125,288.125,91842.828125,267.7752685546875,281.8267822265625,290.38153076171875,0.0030352394096553,0.0080402679741382,0.0138566419482231,-2.225936889648437,0.897430419921875,1.860809326171875,3.285736083984375,0.8036041259765625,-0.2056427001953125
2021-10-24,12,2,298.299072265625,293.9111328125,-0.8234405517578125,-2.0836944580078125,313.125,91604.046875,268.019775390625,282.18048095703125,291.84063720703125,0.0032574625220149,0.0079186111688613,0.0137232132256031,1.5800323486328125,0.5598297119140625,-0.987579345703125,1.894561767578125,0.5748138427734375,-2.764190673828125
2021-10-24,18,3,294.65606689453125,293.1842956542969,0.339324951171875,0.29925537109375,146.25,91851.5,267.7352294921875,281.9959716796875,291.34942626953125,0.0040033352561295,0.0084154717624187,0.0130760185420513,3.328765869140625,-1.0066070556640625,-2.1273193359375,-0.1777496337890625,-0.7404632568359375,-1.2080535888671875
2021-10-25,0,0,295.0422058105469,293.5244140625,-0.681243896484375,-1.0316619873046875,37.125,91639.953125,267.978759765625,282.55401611328125,290.59783935546875,0.0046419240534305,0.0085574947297573,0.0120040029287338,0.649993896484375,0.553436279296875,-6.6170806884765625,-2.5767822265625,-0.2930145263671875,-0.5642852783203125
2021-10-25,6,1,299.877685546875,291.93682861328125,-2.96612548828125,-1.4412841796875,0.0,91703.296875,268.0312194824219,282.205810546875,290.8167724609375,0.0040880935266613,0.0086707770824432,0.0122447423636913,-0.5744781494140625,0.473052978515625,-5.27642822265625,-6.8932037353515625,0.1102294921875,-2.43292236328125
2021-10-25,12,2,299.11480712890625,292.6259765625,-0.9153594970703124,-1.101654052734375,0.5,91453.09375,268.54376220703125,282.3646850585937,292.17529296875,0.0038872440345585,0.008966751396656,0.0124261565506458,-0.8997802734375,1.809417724609375,-4.116302490234375,-3.28460693359375,-0.969879150390625,-3.6700592041015625
2021-10-25,18,3,295.1316223144531,293.05523681640625,-1.32275390625,0.3368988037109375,48.375,91653.96875,268.91082763671875,281.3697509765625,290.8175048828125,0.0030699206981807,0.0092900469899177,0.0128853134810924,-1.7404022216796875,1.3071136474609375,-4.40679931640625,-3.328369140625,-1.285675048828125,-0.8361053466796875
2021-10-26,0,0,295.1967163085937,293.72808837890625,-0.8285369873046875,-0.178619384765625,92.5,91473.0,269.61151123046875,281.03826904296875,290.44384765625,0.0022068808320909,0.0087415315210819,0.0121411811560392,-3.8626556396484375,2.2660064697265625,-3.759979248046875,-1.943878173828125,-1.7126922607421875,-1.9547119140625
2021-10-26,6,1,299.0549011230469,292.3863525390625,-2.0562286376953125,-0.4095001220703125,173.625,91635.0,269.49139404296875,281.57830810546875,290.73199462890625,0.0023285739589482,0.0086873620748519,0.0132658816874027,-4.5098876953125,-1.011474609375,-3.2783660888671875,-2.613677978515625,-2.432235717773437,-0.8520660400390625
2021-10-26,12,2,298.7034912109375,292.2353210449219,-1.171966552734375,-1.301544189453125,20.25,91389.984375,269.70916748046875,282.1028137207031,291.6403503417969,0.0016524260863661,0.0086607597768306,0.0126595981419086,-6.176727294921875,0.2921142578125,-3.8310394287109375,-2.825103759765625,-1.9852142333984373,-4.444976806640625
2021-10-26,18,3,294.61590576171875,292.4027099609375,-1.238311767578125,-0.220489501953125,24.625,91665.421875,269.22900390625,281.6922607421875,291.34234619140625,0.0022808087524026,0.008505892008543,0.0116650946438312,-5.415054321289063,0.9466705322265624,-4.0693206787109375,-0.446044921875,-1.369659423828125,-3.072372436523437
2021-10-27,0,0,293.5332336425781,292.840576171875,-1.027496337890625,-0.7023162841796875,0.125,91548.03125,269.00115966796875,282.69757080078125,290.1184997558594,0.0027950264047831,0.0075917355716228,0.0110942646861076,-5.235137939453125,-0.0381317138671875,-3.2838897705078125,-0.832122802734375,0.126708984375,-2.711395263671875
2021-10-27,6,1,299.608642578125,291.4652099609375,-2.90802001953125,-1.8198089599609373,1.0,91657.9375,269.26788330078125,282.76416015625,290.9255065917969,0.0027829720638692,0.0075702667236328,0.0118396617472171,-6.391815185546875,-0.215484619140625,-4.3282012939453125,-0.1683807373046875,-0.332122802734375,-2.71685791015625
2021-10-27,12,2,298.8697509765625,291.6272277832031,-1.2288360595703125,-1.7510528564453125,26.5,91415.796875,268.71356201171875,283.1514892578125,292.283447265625,0.0026470767334103,0.0083121350035071,0.0112095475196838,-4.690231323242188,1.6002197265625,-4.8819732666015625,-0.52197265625,-1.0388336181640625,-4.251861572265625
2021-10-27,18,3,293.900146484375,291.722900390625,-1.3707427978515625,-0.6110076904296875,0.0,91622.9375,268.267578125,282.1033935546875,291.5535888671875,0.0022127942647784,0.0083074942231178,0.01074980199337,-5.21026611328125,-0.6875457763671875,-5.1817169189453125,0.5272064208984375,-2.0879058837890625,-4.356979370117188
2021-10-28,0,0,293.474365234375,292.0350646972656,-0.6652069091796875,-1.47418212890625,0.0,91527.765625,268.70086669921875,282.46392822265625,290.140869140625,0.002269993070513,0.0066946186125278,0.0096968524158,-7.78033447265625,-1.9413909912109373,-2.1335601806640625,0.365753173828125,1.1834716796875,-4.96978759765625
2021-10-28,6,1,298.72412109375,291.1968994140625,-1.935760498046875,-2.171051025390625,0.0,91621.6875,268.2569580078125,283.28924560546875,291.04296875,0.0034127249382436,0.0059621408581733,0.011279460042715,-7.1090087890625,-3.101226806640625,-2.950408935546875,-0.4265289306640625,2.678451538085937,-3.1299591064453125
2021-10-28,12,2,298.7901611328125,291.833251953125,-0.269317626953125,-1.2108154296875,0.0,91366.59375,268.0714111328125,284.493896484375,291.906494140625,0.0039851441979408,0.0081887356936931,0.0109265483915805,-7.985427856445312,-7.0297698974609375,-0.731048583984375,-4.2398681640625,2.475677490234375,-3.9644775390625
2021-10-28,18,3,294.0473022460937,291.8079833984375,-1.074798583984375,-1.1357269287109375,0.0,91650.578125,268.2003173828125,282.3168640136719,291.52593994140625,0.004292644560337,0.0090114437043666,0.010122962296009,-10.716720581054688,-5.810821533203125,-4.605880737304688,3.411483764648437,-0.4460601806640625,-5.304718017578125
2021-10-29,0,0,294.4870910644531,291.4623413085937,-1.3275909423828125,-1.3573455810546875,0.0,91504.546875,268.90155029296875,283.00665283203125,291.168212890625,0.0040289014577865,0.0086514465510845,0.0113947466015815,-9.402786254882812,-6.4722442626953125,-8.225936889648438,2.9078826904296875,-0.7511444091796875,-6.430923461914063
2021-10-29,6,1,299.6573181152344,294.3970031738281,-2.9197998046875,-0.86077880859375,322.5,91684.296875,268.3215026855469,282.19635009765625,291.641357421875,0.0044224560260772,0.0098252184689044,0.0141492160037159,-11.799758911132812,-8.897628784179688,-5.4378204345703125,0.0121002197265625,1.5387725830078125,-1.494140625
2021-10-29,12,2,297.12457275390625,294.44970703125,-1.48382568359375,-1.5289306640625,271.0,91573.21875,268.314697265625,282.933837890625,291.2953491210937,0.0042602345347404,0.009106770157814,0.0143047496676445,-11.287139892578123,-8.771621704101562,-3.926193237304688,1.2982177734375,2.5182342529296875,-2.3545684814453125
2021-10-29,18,3,294.7509765625,293.8882141113281,-2.424468994140625,-1.465576171875,77.75,91801.828125,268.27099609375,282.7078857421875,291.32281494140625,0.0040904842317104,0.0095737427473068,0.0136701706796884,-13.386749267578123,-8.565597534179688,-7.212051391601562,1.6668243408203125,2.1584625244140625,-2.497665405273437
2021-10-30,0,0,295.265380859375,294.0456237792969,-2.539642333984375,-0.9562225341796876,8.875,91679.484375,268.6278991699219,282.8101806640625,290.96759033203125,0.0031649770680814,0.0090906955301761,0.0130391474813222,-12.802658081054688,-7.879776000976562,-8.703353881835938,0.8002777099609375,1.1073150634765625,-0.3247528076171875
2021-10-30,6,1,299.0516967773437,293.6173095703125,-3.86346435546875,-0.381561279296875,24.125,91778.453125,269.12451171875,283.29620361328125,291.05438232421875,0.0026632992085069,0.0081630311906337,0.0136746652424335,-12.377365112304688,-9.309158325195312,-6.845016479492188,-1.502166748046875,1.0475921630859375,-0.45989990234375
2021-10-30,12,2,298.1195373535156,294.07666015625,-2.6475372314453125,0.167022705078125,81.5,91599.546875,268.0570373535156,283.2621154785156,291.654052734375,0.0043891109526157,0.0088154785335063,0.013571348041296,-11.093978881835938,-8.495864868164062,-6.947998046875,0.97283935546875,0.501556396484375,-0.6766510009765625
2021-10-30,18,3,294.9188232421875,293.7304077148437,-1.52947998046875,-1.0778045654296875,8.875,91748.09375,268.5439453125,283.1796875,291.762939453125,0.0022468876559287,0.0079231783747673,0.0127377808094024,-11.963287353515623,-8.782211303710938,-6.605194091796875,2.2117462158203125,-0.1997528076171875,-2.8194122314453125
2021-10-31,0,0,294.73681640625,293.4221496582031,-1.902923583984375,-0.7050628662109375,0.75,91667.53125,268.90234375,283.06024169921875,291.2898864746094,0.0018706331029534,0.0059465020895004,0.0117468312382698,-10.567947387695312,-8.263519287109375,-8.281463623046875,-0.8886871337890625,-1.7396392822265625,0.3345794677734375
2021-10-31,6,1,299.4554443359375,293.080322265625,-3.552581787109375,-1.0536651611328125,0.0,91754.03125,269.0889587402344,283.6661376953125,291.798583984375,0.0028282033745199,0.0060026422142982,0.012589368969202,-11.566314697265623,-8.748214721679688,-6.738937377929688,-1.7380828857421875,-1.5751953125,-1.6908721923828125
2021-10-31,12,2,297.0974426269531,293.84930419921875,-0.82708740234375,-0.4576416015625,51.375,91561.578125,268.6358642578125,282.60797119140625,291.3746337890625,0.0046390183269977,0.0088723264634609,0.0133343413472175,-12.360916137695312,-5.918472290039063,-4.597381591796875,-1.04986572265625,-1.8709716796875,-1.55560302734375
2021-10-31,18,3,294.4413757324219,293.39239501953125,-2.1321563720703125,-1.1581878662109375,119.0,91732.53125,268.20574951171875,282.84130859375,291.42022705078125,0.0052196606993675,0.0070359781384468,0.0126185379922389,-11.144500732421877,-8.506881713867188,-6.795578002929688,-0.469635009765625,-0.154296875,-2.70208740234375
2021-11-01,0,0,294.3974609375,293.0744323730469,-2.096466064453125,-1.764801025390625,68.0,91582.015625,268.80377197265625,282.3637084960937,290.821044921875,0.0053593926131725,0.0075260624289512,0.0105785764753818,-4.9628448486328125,-11.246810913085938,-9.45257568359375,0.3948516845703125,-1.37432861328125,-6.3209075927734375
2021-11-01,6,1,298.0506591796875,295.0902709960937,-3.422637939453125,-1.584808349609375,126.625,91708.75,268.24530029296875,282.5235595703125,290.422607421875,0.0047450698912143,0.0086705759167671,0.0137059055268764,-9.117340087890623,-10.361740112304688,-9.127243041992188,8.506149291992188,0.779327392578125,-2.688079833984375
2021-11-01,12,2,296.524169921875,293.8374328613281,-2.3346405029296875,-2.204742431640625,74.75,91426.828125,268.236572265625,283.17095947265625,290.828125,0.0039073750376701,0.0087409950792789,0.0142319649457931,-7.774810791015625,-7.709823608398437,-6.900924682617188,7.541748046875,3.0870513916015625,-4.139923095703125
2021-11-01,18,3,294.3218994140625,293.6693725585937,-2.793609619140625,-0.4990081787109375,62.875,91638.40625,267.99658203125,283.3256225585937,290.19598388671875,0.0047462563961744,0.0091876536607742,0.0136418817564845,-6.18951416015625,-8.004745483398438,-9.4287109375,7.964736938476562,2.851898193359375,1.162872314453125
2021-11-02,0,0,294.4090270996094,293.34942626953125,-3.204818725585937,0.1501617431640625,13.375,91494.21875,268.1929931640625,283.665771484375,289.63006591796875,0.0046667344868183,0.0080923475325107,0.0136275365948677,-3.838623046875,-7.543624877929687,-7.8450164794921875,5.623336791992188,7.590362548828125,3.056182861328125
2021-11-02,6,1,297.7907409667969,293.4417724609375,-4.713790893554688,1.2841339111328125,74.25,91629.46875,268.7688903808594,283.59197998046875,291.255615234375,0.0046536233276128,0.0084493570029735,0.0135050378739833,-3.555648803710937,-9.892120361328123,-8.470474243164062,4.1302032470703125,8.122055053710938,2.6808319091796875
2021-11-02,12,2,297.6889038085937,293.006103515625,-2.8670196533203125,0.3266448974609375,11.375,91415.53125,268.5687255859375,283.05059814453125,291.13787841796875,0.0047613233327865,0.0087894946336746,0.0126717500388622,-2.761093139648437,-7.936187744140625,-7.32635498046875,4.030487060546875,3.632156372070313,1.25970458984375
2021-11-02,18,3,293.9942626953125,292.852294921875,-3.0571441650390625,-0.31842041015625,0.0,91635.40625,268.52069091796875,282.98583984375,290.801025390625,0.0044004283845424,0.0095448046922683,0.0136879608035087,-3.21478271484375,-8.346405029296875,-9.975830078125,4.854400634765625,3.34661865234375,2.9942169189453125
2021-11-03,0,0,294.5308837890625,293.3744506835937,-2.824493408203125,0.0525360107421875,29.25,91517.59375,268.1705627441406,282.7958374023437,289.88201904296875,0.0043906569480896,0.0097287893295288,0.013707622885704,-1.3729705810546875,-7.624618530273437,-9.453582763671877,3.9210052490234375,2.8077850341796875,2.7794952392578125
2021-11-03,6,1,297.63238525390625,293.12030029296875,-3.56329345703125,0.3433837890625,88.25,91682.546875,268.4203796386719,282.2827453613281,290.6289367675781,0.0048289820551872,0.010147288441658,0.0133390948176383,-3.377532958984375,-8.663818359375,-8.10894775390625,2.5947265625,1.8484649658203125,1.3390045166015625
2021-11-03,12,2,297.169189453125,294.11187744140625,-1.2280426025390625,0.07977294921875,278.625,91405.78125,268.72369384765625,283.19903564453125,291.4721374511719,0.0044440478086471,0.0094161964952945,0.0127970315515995,-2.4796600341796875,-8.243927001953125,-4.47802734375,0.92498779296875,1.4176177978515625,0.195404052734375
2021-11-03,18,3,294.43194580078125,293.4129943847656,-1.62445068359375,-0.2137451171875,125.5,91636.71875,267.875732421875,282.935791015625,290.7559814453125,0.0046000853180885,0.0098863877356052,0.0134883746504783,-3.321868896484375,-6.4915618896484375,-4.804473876953125,0.403717041015625,1.04119873046875,-0.2588043212890625
2021-11-04,0,0,294.8739929199219,293.6783752441406,-1.8959503173828125,-0.5225677490234375,77.5,91507.75,267.88531494140625,282.62994384765625,290.80792236328125,0.0047481432557106,0.0091656744480133,0.0123321637511253,-1.91143798828125,-4.528732299804688,-4.32965087890625,0.4284820556640625,3.4900665283203125,0.842620849609375
2021-11-04,6,1,298.35125732421875,294.7691345214844,-2.7546844482421875,-0.5222015380859375,26.125,91669.9375,267.9227905273437,282.52783203125,290.55865478515625,0.0047226063907146,0.0079490877687931,0.0126433931291103,0.6808319091796875,-2.2958221435546875,-4.37640380859375,0.67071533203125,2.0286102294921875,0.246246337890625
2021-11-04,12,2,298.6540222167969,293.4680480957031,-0.6448211669921875,-0.8372802734375,91.5,91379.078125,268.2799987792969,282.6156005859375,292.06396484375,0.004819419234991,0.0083940103650093,0.0130862481892108,-0.3336029052734375,-1.53338623046875,-3.69000244140625,0.6058502197265625,-0.75067138671875,-1.3576507568359375
2021-11-04,18,3,294.23095703125,293.22564697265625,-1.5547637939453125,0.469635009765625,119.625,91626.03125,267.93658447265625,282.2742919921875,291.2027587890625,0.0044372379779815,0.008258644491434,0.0132420249283313,-0.39013671875,-2.8518829345703125,-3.88739013671875,2.007797241210937,-2.699691772460937,0.3135223388671875
2021-11-05,0,0,294.92535400390625,293.6546325683594,-0.8944244384765625,-0.0848541259765625,146.625,91468.40625,267.595458984375,282.4078369140625,290.7210998535156,0.0048630814999341,0.0091865919530391,0.0131093449890613,0.029998779296875,-4.210952758789063,-1.20367431640625,2.3106842041015625,-0.550262451171875,0.3090972900390625
2021-11-05,6,1,298.6344299316406,292.9781494140625,0.043426513671875,0.54754638671875,283.375,91671.25,268.3306579589844,282.75128173828125,290.53057861328125,0.0046339184045791,0.0090211909264326,0.0138447768986225,-1.2952423095703125,-1.456573486328125,-0.8030853271484375,3.21234130859375,0.4522705078125,-0.308685302734375
2021-11-05,12,2,296.3184814453125,293.7056579589844,0.68255615234375,-0.4500579833984375,173.375,91383.75,268.8974609375,282.556640625,290.578369140625,0.0054698456078767,0.0094782896339893,0.0137599036097526,-1.6459808349609375,-1.35430908203125,2.4270172119140625,1.4340057373046875,-0.0982513427734375,-1.0146942138671875
2021-11-05,18,3,294.0689697265625,293.1498718261719,-1.9472808837890625,-1.59112548828125,105.375,91569.734375,267.7462158203125,283.0041809082031,291.1756591796875,0.0048869363963603,0.0081698298454284,0.013294443488121,2.5061492919921875,2.561737060546875,-4.135757446289063,6.237335205078125,2.30181884765625,-4.226409912109375
2021-11-06,0,0,294.5101928710937,293.08038330078125,-1.1177825927734375,-1.52044677734375,0.0,91414.25,268.20098876953125,282.610107421875,290.2472229003906,0.0043860841542482,0.0084880106151103,0.0102529227733612,11.118698120117188,-0.280853271484375,-4.826583862304688,-1.70867919921875,1.3467864990234375,-4.806655883789063
2021-11-06,6,1,299.44891357421875,291.59735107421875,-1.1298675537109375,-2.6031646728515625,1.75,91561.40625,268.7782592773437,282.13677978515625,290.4859924316406,0.0042454451322555,0.0088189281523227,0.0114885941147804,4.6268157958984375,0.9028778076171876,-2.7815093994140625,-1.2442779541015625,0.1267852783203125,-4.359298706054688
2021-11-06,12,2,298.62628173828125,292.0611267089844,-0.3375701904296875,-2.144317626953125,98.0,91253.875,268.8309326171875,282.3123779296875,291.6632080078125,0.0041790418326854,0.0092279687523841,0.0129844136536121,2.3449249267578125,2.368133544921875,-0.7907867431640625,-3.578475952148437,-0.29931640625,-5.8673858642578125
2021-11-06,18,3,294.8397216796875,293.1004943847656,-0.971527099609375,-1.9408111572265625,7.75,91473.25,268.207275390625,282.1475524902344,291.0424499511719,0.0046967640519142,0.0089437551796436,0.0121694430708885,-8.667755126953125,3.421722412109375,-1.037017822265625,-1.9678497314453125,-1.361724853515625,-7.3635711669921875
2021-11-07,0,0,293.1632080078125,292.0595092773437,-0.8007049560546875,-1.8214263916015625,0.0,91323.5,268.7231140136719,282.1045837402344,290.6776733398437,0.0041096396744251,0.0079752318561077,0.0090934596955776,-5.8775177001953125,1.6275787353515625,-1.650115966796875,-0.447662353515625,-2.4852447509765625,-6.3654327392578125
2021-11-07,6,1,295.7785339355469,291.9822998046875,-2.1413726806640625,-2.578125,5.875,91572.375,268.4555053710937,282.8675537109375,290.23590087890625,0.0050949044525623,0.0083818510174751,0.0099169090390205,-8.274520874023438,-0.222076416015625,-3.8076171875,-0.92767333984375,-3.0740966796875,-5.598312377929688
2021-11-07,12,2,295.8490905761719,293.073974609375,-0.9074859619140624,-1.509674072265625,5.125,91335.796875,268.3173217773437,282.427978515625,290.6803894042969,0.005268145352602,0.0099373087286949,0.0110116750001907,-2.3935546875,-2.9400787353515625,-3.977447509765625,-3.39031982421875,-4.34014892578125,-5.377777099609375
2021-11-07,18,3,293.81707763671875,292.98394775390625,0.138458251953125,-1.6993865966796875,43.5,91622.109375,268.03253173828125,281.8836364746094,289.42547607421875,0.0047697275876998,0.0099845938384532,0.0125718489289283,-3.728057861328125,-5.6294708251953125,-2.7312774658203125,-3.09918212890625,-4.929244995117188,-4.7934112548828125
2021-11-08,0,0,293.8305053710937,292.93365478515625,-1.5570220947265625,-1.740570068359375,21.375,91400.59375,267.9085693359375,281.9672241210937,290.02789306640625,0.0046691596508026,0.0092579126358032,0.0122011825442314,-4.68035888671875,-2.789276123046875,-6.39373779296875,-0.770416259765625,-5.817550659179688,-5.369644165039063
2021-11-08,6,1,296.1517333984375,292.4854736328125,-1.989837646484375,-2.431121826171875,9.625,91623.859375,267.7882385253906,282.02508544921875,288.7919921875,0.0045940242707729,0.00910160318017,0.0131744407117366,-6.9205322265625,-3.639923095703125,-3.361236572265625,-3.4293670654296875,-2.760955810546875,-3.479110717773437
2021-11-08,12,2,294.94854736328125,292.75592041015625,-0.47125244140625,-1.62060546875,46.0,91436.484375,268.0238037109375,281.92779541015625,289.7534484863281,0.0049440413713455,0.0084608346223831,0.0125379040837287,-8.912948608398438,-5.757904052734375,-0.6859283447265625,-4.000503540039063,-1.1184844970703125,-4.073150634765625
2021-11-08,18,3,292.56085205078125,291.2091369628906,-1.0884246826171875,-1.662139892578125,5.75,91623.265625,268.177490234375,281.670654296875,290.68310546875,0.0051494664512574,0.0084933191537857,0.0111095383763313,-10.070449829101562,-5.3438568115234375,-0.757843017578125,2.584716796875,-0.2188262939453125,-6.438003540039063
2021-11-09,0,0,292.5924377441406,290.7365417480469,-1.624755859375,-0.76397705078125,0.0,91493.171875,268.07666015625,282.8343811035156,290.296875,0.0050538256764411,0.0080237314105033,0.0093915499746799,-10.798049926757812,-9.04693603515625,-1.9005126953125,-1.673004150390625,2.7966766357421875,-4.8018341064453125
2021-11-09,6,1,295.84454345703125,291.01629638671875,-2.01898193359375,-2.3609771728515625,0.0,91617.75,268.0130615234375,282.3470764160156,290.0679016113281,0.0049152895808219,0.0076430570334196,0.0088866539299488,-12.801040649414062,-10.283554077148438,-4.4219818115234375,2.08062744140625,-0.622833251953125,-4.6089630126953125
2021-11-09,12,2,296.17169189453125,289.7284851074219,-0.3160858154296875,-1.1376495361328125,0.0,91450.484375,268.3436889648437,283.1668701171875,289.5502319335937,0.0048311315476894,0.0084202140569686,0.0099661499261856,-10.485397338867188,-8.685226440429688,-0.8428802490234375,2.8563232421875,0.162994384765625,-2.951171875
2021-11-09,18,3,293.0140991210937,290.19549560546875,-0.424957275390625,-1.479583740234375,24.875,91653.203125,269.0609741210937,282.86285400390625,290.0166015625,0.0050341431051492,0.0092029795050621,0.0104174800217151,-10.948028564453123,-9.032028198242188,-4.3578643798828125,0.7995452880859375,-1.928802490234375,-5.217681884765625
2021-11-10,0,0,292.2861328125,290.9071655273437,0.593658447265625,-0.5904388427734375,10.625,91521.25,268.258056640625,282.3790283203125,289.93316650390625,0.0048438608646392,0.0085780322551727,0.0093948878347873,-9.589492797851562,-6.745285034179688,-2.6897430419921875,-1.489532470703125,-5.603790283203125,-3.0386199951171875
2021-11-10,6,1,295.7191772460937,290.66119384765625,-0.55029296875,-2.311996459960937,7.375,91568.171875,268.0142822265625,282.74658203125,289.86846923828125,0.004784982651472,0.0085805729031562,0.0089498534798622,-10.370880126953123,-6.4618988037109375,-3.324310302734375,-5.21478271484375,-2.351470947265625,-4.8004302978515625
2021-11-10,12,2,294.75164794921875,291.68853759765625,-0.327545166015625,-2.069976806640625,62.25,91336.21875,267.96051025390625,282.40142822265625,289.7394104003906,0.0048240721225738,0.0082748606801033,0.0107333920896053,-5.113296508789063,-5.6439361572265625,-1.851531982421875,-5.524444580078125,-2.3430633544921875,-5.18994140625
2021-11-10,18,3,293.088134765625,291.4362487792969,-0.0388641357421875,-3.211776733398437,122.25,91456.984375,268.6614685058594,282.4822998046875,290.3411560058594,0.0051749260164797,0.0086487047374248,0.0117503479123115,-4.94287109375,-5.920867919921875,-3.943191528320313,-7.1734161376953125,-6.30670166015625,-9.713958740234377
2021-11-11,0,0,292.76177978515625,291.42645263671875,0.5131988525390625,-3.8575286865234375,0.5,91222.28125,268.5169677734375,282.86456298828125,290.66571044921875,0.005343809723854,0.0076595805585384,0.0107910335063934,-4.54718017578125,-3.018341064453125,-4.124359130859375,-5.4091796875,-13.265335083007812,-13.179641723632812
2021-11-11,6,1,293.3402709960937,291.2608337402344,2.161972045898437,-5.3603515625,37.25,91261.96875,269.4466247558594,283.1240539550781,289.00347900390625,0.0054785646498203,0.0090599171817302,0.0110373124480247,-4.25531005859375,-5.026885986328125,-0.224273681640625,-2.50286865234375,-15.554092407226562,-16.223190307617188
2021-11-11,12,2,291.8163146972656,290.60675048828125,2.6292877197265625,-3.719268798828125,6.0,91032.578125,270.15509033203125,282.86199951171875,288.7125244140625,0.0056165866553783,0.0098774880170822,0.0129790566861629,-5.160186767578125,-6.089401245117188,0.2354583740234375,1.201171875,-14.878555297851562,-15.293624877929688
2021-11-11,18,3,291.5878295898437,290.98370361328125,1.622894287109375,-5.308135986328125,69.375,91139.28125,269.7629089355469,283.43963623046875,289.2700500488281,0.0056695081293582,0.0095369964838027,0.0133777670562267,-6.819854736328125,-11.398941040039062,-2.8487091064453125,-5.8659515380859375,-10.860870361328123,-17.787200927734375
2021-11-12,0,0,292.37261962890625,291.8744812011719,2.127914428710937,-4.385589599609375,6.0,91088.46875,271.0484619140625,283.854736328125,289.1334533691406,0.004653163254261,0.0079907290637493,0.0132387205958366,-5.770538330078125,-9.885284423828123,-4.287445068359375,0.7782440185546875,-5.375411987304688,-11.433486938476562
2021-11-12,6,1,294.0177001953125,293.1986389160156,0.72662353515625,-4.056976318359375,0.125,91248.03125,272.10357666015625,282.6165771484375,289.3446044921875,0.0028739541303366,0.0097503848373889,0.0134719610214233,-5.794845581054688,-2.87274169921875,-4.309005737304688,-0.1991729736328125,0.0886077880859375,-8.60638427734375
2021-11-12,12,2,294.78131103515625,293.5426025390625,1.4456634521484375,-1.5790863037109375,14.0,91113.390625,270.22247314453125,282.8687744140625,289.9454345703125,0.0043590739369392,0.0106990523636341,0.0140600278973579,-3.779953002929688,-4.548019409179688,-0.438629150390625,2.53753662109375,-3.0338592529296875,-5.916534423828125
2021-11-12,18,3,293.6724853515625,293.1210327148437,1.8066253662109373,-0.4883270263671875,42.625,91309.390625,269.365478515625,283.3378295898437,290.26873779296875,0.0049591809511184,0.0111756399273872,0.0142643116414546,-3.677215576171875,-4.5838470458984375,2.77996826171875,2.8907623291015625,-3.127685546875,-0.9442291259765624
2021-11-13,0,0,294.5179443359375,293.5339050292969,0.9935455322265624,-0.65386962890625,35.125,91216.796875,269.9820556640625,283.3826904296875,289.99517822265625,0.0035438865888863,0.0112271010875701,0.014129064977169,-2.302825927734375,-0.1297607421875,0.4540863037109375,0.36993408203125,0.3212432861328125,-1.823272705078125
2021-11-13,6,1,295.0898132324219,293.62579345703125,0.6463165283203125,1.545135498046875,32.375,91411.03125,270.2225952148437,283.341064453125,290.10400390625,0.0035460588987916,0.0109903924167156,0.0142112784087657,-3.41168212890625,0.898834228515625,1.002349853515625,1.061737060546875,0.55328369140625,1.8511505126953125
2021-11-13,12,2,296.7164306640625,294.1578674316406,0.5005950927734375,0.579376220703125,44.5,91169.421875,270.0571594238281,283.4022827148437,291.87896728515625,0.0041755959391593,0.011169109493494,0.0140556469559669,-2.633575439453125,0.9950103759765624,1.507904052734375,-1.4134979248046875,1.3070068359375,0.6620635986328125
2021-11-13,18,3,294.7849426269531,293.96435546875,0.2998809814453125,1.4865264892578125,20.0,91423.671875,269.4747619628906,283.7062683105469,290.6180725097656,0.0044547691941261,0.0107413120567798,0.0145416874438524,-5.5065765380859375,2.0081939697265625,2.5265350341796875,-1.197265625,1.8758087158203125,2.021392822265625
2021-11-14,0,0,294.89141845703125,293.9783020019531,0.045257568359375,1.2067413330078125,12.0,91251.1875,269.7379150390625,283.73712158203125,290.8540954589844,0.0039123827591538,0.0106880571693182,0.0144164413213729,-3.500244140625,1.2823333740234375,3.007553100585937,-0.6750335693359375,2.7383575439453125,1.4129486083984375
2021-11-14,6,1,297.39190673828125,293.7710266113281,0.2021484375,1.4003448486328125,389.5,91440.5625,269.9305114746094,283.09686279296875,290.84356689453125,0.0035548533778637,0.0103631131350994,0.0142479240894317,-3.7728118896484375,1.07318115234375,0.17852783203125,-0.967254638671875,3.1326141357421875,2.152313232421875
2021-11-14,12,2,297.6024169921875,294.5536499023437,0.7357330322265625,0.717315673828125,226.0,91169.0,268.7615966796875,284.0033569335937,292.38629150390625,0.0049656219780445,0.009951889514923,0.0135642625391483,-5.5663909912109375,2.423446655273437,1.4132080078125,-0.209930419921875,2.5679168701171875,1.747467041015625
2021-11-14,18,3,294.94927978515625,293.94659423828125,-0.6980743408203125,0.0096588134765625,60.625,91448.359375,268.9242248535156,283.48388671875,291.0372619628906,0.0048945285379886,0.0102174617350101,0.014029923826456,-4.435104370117188,-0.38397216796875,1.1846771240234375,-0.3108062744140625,2.2470245361328125,0.097869873046875
2021-11-15,0,0,294.40771484375,293.47314453125,0.347747802734375,0.593231201171875,5.0,91255.65625,268.7227783203125,282.916748046875,290.7820739746094,0.0040466831997036,0.0102535374462604,0.0137438960373401,-6.274688720703125,-1.324981689453125,1.9100799560546875,-1.6386566162109375,-0.6649322509765625,-0.2960357666015625
2021-11-15,6,1,298.405029296875,293.4517822265625,-0.5009613037109375,0.2139892578125,315.0,91292.59375,269.0472106933594,283.4194641113281,291.641357421875,0.0035738120786845,0.0100724548101425,0.0148587673902511,-7.6586761474609375,-2.96160888671875,-1.2349395751953125,-0.699249267578125,-0.649993896484375,-0.1287841796875
2021-11-15,12,2,297.35552978515625,294.64990234375,-0.965606689453125,-0.54730224609375,162.625,91035.03125,268.8736877441406,283.7517395019531,292.0411376953125,0.004795603454113,0.0101345479488372,0.0144325289875268,-5.73309326171875,-4.154815673828125,-3.35150146484375,-2.613983154296875,-1.8278350830078125,-2.05157470703125
2021-11-15,18,3,294.816650390625,293.8779296875,-1.4923248291015625,-0.9014739990234376,106.75,91303.53125,268.85748291015625,282.98162841796875,290.82275390625,0.0049791745841503,0.0101967602968215,0.0143478848040103,-4.11004638671875,-3.032196044921875,-4.7690277099609375,1.2363739013671875,0.5968780517578125,-0.9169464111328124
2021-11-16,0,0,294.3225402832031,293.212890625,-1.5012359619140625,-0.54534912109375,37.375,91141.09375,268.6319580078125,283.4711303710937,290.583251953125,0.0045285299420356,0.0092552565038204,0.0138325430452823,0.2195587158203125,-0.8690032958984375,-7.1540374755859375,5.146255493164063,1.244476318359375,0.2131500244140625
2021-11-16,6,1,296.816162109375,294.6348571777344,-2.814437866210937,1.768829345703125,101.375,91320.484375,268.725830078125,283.8107604980469,290.6300048828125,0.0046047046780586,0.0087135657668113,0.0146784130483865,-5.66387939453125,-0.872772216796875,-3.95135498046875,1.899017333984375,5.141082763671875,2.579559326171875
2021-11-16,12,2,298.3799743652344,294.36529541015625,-0.69305419921875,1.0349273681640625,511.875,91146.015625,268.213623046875,283.3799743652344,291.7756652832031,0.0048615094274282,0.009474042803049,0.0147638171911239,-3.97869873046875,-1.463165283203125,-1.7599029541015625,3.481430053710937,5.398452758789063,3.328598022460937
2021-11-16,18,3,294.2182006835937,293.3404235839844,-1.271575927734375,0.124969482421875,163.625,91484.640625,268.4250183105469,283.64215087890625,290.75665283203125,0.004596397280693,0.0090476647019386,0.0146666429936885,-7.4445953369140625,-0.2564239501953125,-1.1636810302734375,6.089385986328125,4.25811767578125,2.5998077392578125
2021-11-17,0,0,294.3627624511719,293.570068359375,-1.5941925048828125,-0.30377197265625,2.625,91310.53125,268.6961669921875,284.19744873046875,290.57830810546875,0.0030501408036798,0.0077802520245313,0.013725358992815,-7.452285766601562,-1.147216796875,-1.0010223388671875,6.0108184814453125,2.35650634765625,0.0692596435546875
2021-11-17,6,1,299.0547180175781,293.552734375,-2.2815399169921875,1.35626220703125,15.0,91528.109375,268.43768310546875,283.7669982910156,291.72674560546875,0.0026746203657239,0.0084831044077873,0.0136956945061683,-4.2947998046875,-4.2374267578125,-3.3773651123046875,2.543685913085937,1.2335357666015625,1.8071441650390625
2021-11-17,12,2,296.5081787109375,294.1766967773437,-1.68206787109375,0.1131591796875,563.5,91317.796875,267.504150390625,282.8282470703125,292.47979736328125,0.0038660513237118,0.0093940757215023,0.0134190842509269,-0.7819976806640625,-5.127044677734375,-4.13385009765625,-1.6414947509765625,-1.1769561767578125,-0.7987823486328125
2021-11-17,18,3,294.228271484375,293.47418212890625,-1.3767852783203125,0.3381195068359375,232.875,91561.875,267.7548217773437,282.0672912597656,291.3740234375,0.0046594515442848,0.0074563361704349,0.0130709409713745,-2.10186767578125,-8.723312377929688,-7.902740478515625,-6.28179931640625,-4.6761322021484375,0.0604705810546875
2021-11-18,0,0,294.33563232421875,293.5230712890625,-1.6090087890625,-1.234344482421875,61.0,91320.765625,267.53692626953125,282.83026123046875,290.81646728515625,0.0049055209383368,0.0082363858819007,0.0125720202922821,-4.3034515380859375,-5.188156127929688,-6.3733978271484375,-1.634368896484375,-2.4937744140625,-3.2373199462890625
2021-11-18,6,1,294.64166259765625,293.50689697265625,0.3835296630859375,-3.675994873046875,256.0,91447.078125,267.97509765625,282.4779357910156,289.5411682128906,0.0052197389304637,0.0074257254600524,0.0119969956576824,-1.76025390625,-8.721939086914062,-1.3721771240234375,-5.788543701171875,-4.6439361572265625,-9.524505615234377
2021-11-18,12,2,293.42449951171875,292.9976501464844,1.450714111328125,-2.76092529296875,186.625,91124.265625,269.1981201171875,283.3222045898437,290.2291259765625,0.0053437277674674,0.0087621659040451,0.0138147659599781,-7.671554565429687,-7.5703277587890625,-3.88824462890625,0.0761871337890625,-4.2015380859375,-12.21673583984375
2021-11-18,18,3,293.5325622558594,292.97607421875,2.788726806640625,-2.3883819580078125,30.25,91215.71875,269.3303527832031,282.93115234375,289.83966064453125,0.0058758705854415,0.0104307532310485,0.0137233100831508,-14.178329467773438,-1.3681488037109375,3.5157470703125,-7.798995971679687,-10.33306884765625,-13.5743408203125
2021-11-19,0,0,293.89923095703125,293.42401123046875,1.1152191162109375,-4.049072265625,68.875,90914.328125,269.7229309082031,283.1710205078125,289.54296875,0.0057076662778854,0.0108281821012496,0.0137178935110569,-3.5514068603515625,-10.239120483398438,-3.2730865478515625,2.269149780273437,-3.5833892822265625,-12.683090209960938
2021-11-19,6,1,294.9508056640625,293.9140014648437,1.949188232421875,-4.9381866455078125,8.75,91040.109375,270.6401672363281,283.18341064453125,290.1097412109375,0.0050233975052833,0.0102366767823696,0.0142689794301986,-0.956085205078125,-6.7691650390625,-1.3172760009765625,1.132965087890625,-2.1411285400390625,-8.748489379882812
2021-11-19,12,2,294.8179931640625,294.2499694824219,2.704254150390625,-1.104034423828125,9.5,90777.140625,270.1089782714844,283.85723876953125,290.8576965332031,0.0051781386137008,0.0112730301916599,0.0148923583328723,-3.6410980224609375,-3.6905670166015625,0.3781280517578125,-0.1015625,-2.0310821533203125,-4.3774261474609375
2021-11-19,18,3,293.7880554199219,293.29205322265625,1.6514739990234375,1.3798828125,80.125,91015.546875,270.5484619140625,283.9794311523437,290.543701171875,0.0036087413318455,0.011495241895318,0.0146267302334308,-5.4853515625,-0.0882110595703125,1.3144073486328125,2.1874542236328125,0.6678924560546875,-0.2412872314453125
2021-11-20,0,0,294.0618896484375,293.4359741210937,1.0519561767578125,2.74237060546875,11.125,90947.234375,270.7101745605469,283.16143798828125,290.0460205078125,0.0034321919083595,0.0109695270657539,0.0141363982111215,-5.017745971679688,0.189971923828125,5.786712646484375,3.80267333984375,4.2436065673828125,3.8662261962890634
2021-11-20,6,1,296.62921142578125,294.0488586425781,2.859832763671875,2.756698608398437,8.5,91212.203125,270.46405029296875,283.3231201171875,291.0235595703125,0.0037117102183401,0.0105490386486053,0.0139534622430801,-4.8001556396484375,3.188018798828125,5.436309814453125,3.9549407958984375,2.4378204345703125,4.140792846679688
2021-11-20,12,2,296.73895263671875,293.682861328125,2.10302734375,1.789306640625,105.5,91079.984375,268.9991455078125,283.53106689453125,291.1895751953125,0.0049065817147493,0.011329211294651,0.0145818777382373,-4.318115234375,4.19769287109375,8.122421264648438,3.0941619873046875,-0.2403411865234375,4.5562591552734375
2021-11-20,18,3,294.058837890625,292.9286499023437,1.3043060302734375,1.346282958984375,79.5,91385.390625,268.87579345703125,282.8116149902344,290.5290222167969,0.0051274616271257,0.0112228728830814,0.0129456892609596,-4.850311279296875,-0.9661865234375,8.664443969726562,4.156997680664063,-0.4792327880859375,5.0447845458984375
2021-11-21,0,0,294.42901611328125,293.3321228027344,1.818817138671875,0.625518798828125,8.5,91256.125,269.70166015625,282.93096923828125,290.2509460449219,0.0036984141916036,0.0099947601556777,0.0112400278449058,-7.524765014648437,-1.3878631591796875,6.4781036376953125,1.35870361328125,4.640914916992188,1.6862945556640625
2021-11-21,6,1,299.5387878417969,292.02783203125,0.7541351318359375,0.38848876953125,6.125,91514.390625,269.2918395996094,283.3725891113281,291.3715209960937,0.0033552912063896,0.0068754740059375,0.0124772563576698,-6.086334228515625,-1.54541015625,0.3948211669921875,3.177719116210937,3.879440307617188,-0.0911407470703125
2021-11-21,12,2,298.9738464355469,293.4707946777344,0.2033233642578125,1.1233367919921875,13.375,91351.0625,268.70318603515625,282.36944580078125,292.5094909667969,0.0041088685393333,0.0074886679649353,0.0129485316574573,-5.0703125,-1.6406402587890625,-0.766632080078125,2.1644287109375,1.968780517578125,1.806854248046875
2021-11-21,18,3,294.547119140625,293.0331115722656,-1.19488525390625,-0.3917694091796875,25.75,91641.90625,268.384765625,283.022705078125,291.0546264648437,0.0042369998991489,0.0063950046896934,0.0136501193046569,-8.005386352539062,-3.0843963623046875,-1.1157073974609375,0.0625762939453125,1.0723876953125,1.768218994140625
2021-11-22,0,0,294.960205078125,293.7846069335937,-0.275360107421875,-0.456634521484375,27.4375,91526.6875,268.4398498535156,282.6879272460937,289.81170654296875,0.0038514651823788,0.0088251829147338,0.0133961103856563,-7.821990966796875,-6.8409423828125,1.3168487548828125,-0.969329833984375,-1.2204437255859375,0.653076171875
2021-11-22,6,1,298.85064697265625,293.94873046875,-1.6297454833984375,-2.206695556640625,31.25,91712.4375,268.38970947265625,282.4945068359375,290.64947509765625,0.0039852168411016,0.0096977595239877,0.0139968432486057,-5.727325439453125,-6.148162841796875,-2.85302734375,-0.08270263671875,-1.1400299072265625,-3.12017822265625
2021-11-22,12,2,298.28204345703125,294.2342224121094,-1.106109619140625,-0.710205078125,188.875,91396.359375,268.1162109375,283.8738098144531,291.9053955078125,0.0047342460602521,0.0089466124773025,0.0136837884783744,-5.7824554443359375,-5.06048583984375,-3.6689453125,-2.2328643798828125,0.2552947998046875,-2.9195709228515625
2021-11-22,18,3,294.2939453125,293.2745361328125,-1.9923858642578125,-0.4070587158203125,158.375,91663.390625,268.82745361328125,282.2584228515625,291.1114807128906,0.0033971534576267,0.009595550596714,0.0141646899282932,-6.6881866455078125,-5.8015899658203125,-5.0730743408203125,-3.896682739257813,-0.404083251953125,-2.510009765625
2021-11-23,0,0,295.1268920898437,293.659423828125,-2.050994873046875,0.164276123046875,8.875,91501.578125,268.57843017578125,282.6859741210937,291.100830078125,0.002322138287127,0.0086281187832355,0.0121119208633899,-8.756515502929688,-6.92919921875,-6.1480712890625,-3.0951690673828125,-1.1060333251953125,0.3474578857421875
2021-11-23,6,1,300.249267578125,293.2666015625,-2.2379302978515625,-0.373931884765625,17.125,91617.0625,268.4098205566406,283.15289306640625,291.180419921875,0.0015335616189986,0.0079400241374969,0.0135783441364765,-8.37335205078125,-8.60443115234375,-3.7235260009765625,-1.898468017578125,-0.6519775390625,-0.7646942138671875
2021-11-23,12,2,299.7494506835937,293.9522705078125,-1.2840423583984375,-0.6853790283203125,216.625,91332.625,268.654052734375,282.9798889160156,293.3829345703125,0.001598521368578,0.0069735050201416,0.0131059996783733,-8.4849853515625,-6.7362213134765625,-4.901519775390625,-1.9575347900390625,-3.1338653564453125,-3.423614501953125
2021-11-23,18,3,295.73504638671875,293.50048828125,-2.11834716796875,-0.3261260986328125,159.25,91649.46875,268.3512878417969,282.7411193847656,291.2166748046875,0.0020672320388257,0.0080154053866863,0.0137705951929092,-9.390029907226562,-7.509765625,-5.9490814208984375,-0.8304901123046875,-4.91339111328125,-1.7804718017578125
2021-11-24,0,0,295.0658569335937,293.76971435546875,-1.69622802734375,-0.2615203857421875,7.125,91438.859375,268.959228515625,282.84393310546875,291.3196105957031,0.0021348453592509,0.007250603288412,0.0103871598839759,-11.162338256835938,-8.699615478515625,-6.908462524414063,-2.016220092773437,-5.057586669921875,-2.5376434326171875
2021-11-24,6,1,299.5911865234375,292.3011474609375,-4.179168701171875,-1.2978973388671875,0.125,91614.484375,269.26385498046875,282.9814453125,291.35009765625,0.0014491560868918,0.0072935558855533,0.0124963596463203,-12.525009155273438,-10.5086669921875,-7.11126708984375,-1.89093017578125,-3.57049560546875,-2.243392944335937
2021-11-24,12,2,297.7900695800781,293.65435791015625,-1.741943359375,-0.0645599365234375,79.625,91453.6875,268.5325622558594,282.39117431640625,291.2789306640625,0.0012863392475992,0.007618673145771,0.0136380046606063,-14.234222412109377,-10.143783569335938,-7.2958526611328125,-3.11883544921875,-3.03607177734375,-1.087158203125
2021-11-24,18,3,294.59552001953125,293.730712890625,-2.087158203125,-0.6558990478515625,70.0,91687.0625,269.94781494140625,282.8412475585937,290.5957946777344,0.0004157396033406,0.0045409174636006,0.01198710501194,-17.376571655273438,-11.627044677734377,-7.92901611328125,-0.4836883544921875,-3.709930419921875,-1.84893798828125
2021-11-25,0,0,294.34991455078125,292.9165954589844,-1.9430084228515625,-1.7493133544921875,11.0,91495.453125,269.9042358398437,283.3320007324219,290.454833984375,0.0013828813098371,0.0035526931751519,0.0099361017346382,-15.045486450195312,-10.779190063476562,-9.199737548828123,1.345367431640625,-2.2029266357421875,-4.169113159179688
2021-11-25,6,1,299.75006103515625,290.5794677734375,-4.2223052978515625,-2.9848175048828125,0.0,91632.15625,269.24517822265625,283.7271728515625,290.68603515625,0.0025755721144378,0.0084137097001075,0.0122308880090713,-13.4024658203125,-10.563751220703123,-7.54547119140625,2.4985809326171875,-0.5769195556640625,-5.010665893554688
2021-11-25,12,2,298.75421142578125,291.732177734375,-2.303329467773437,-1.9707794189453125,7.875,91463.71875,267.7164611816406,283.82916259765625,291.69073486328125,0.0036074328236281,0.0061365216970443,0.0123345851898193,-11.41656494140625,-8.837539672851562,-7.1512451171875,1.4931640625,-1.8758544921875,-4.687896728515625
2021-11-25,18,3,294.547607421875,292.3373413085937,-2.88604736328125,-1.73577880859375,38.625,91672.390625,267.6298828125,283.6302795410156,290.1068115234375,0.0044863931834697,0.0072100423276424,0.012498389929533,-12.318328857421877,-10.200897216796877,-10.605667114257812,2.082489013671875,-1.8492431640625,-4.96588134765625
2021-11-26,0,0,293.959716796875,291.84765625,-1.978424072265625,-2.1960601806640625,2.875,91473.578125,268.31793212890625,284.1418762207031,290.1576232910156,0.0038124942220747,0.0071812309324741,0.0106032118201255,-10.42413330078125,-8.554885864257812,-10.933517456054688,3.641571044921875,-2.7946014404296875,-4.724212646484375
2021-11-26,6,1,297.00469970703125,291.630126953125,-4.405929565429688,-2.178573608398437,0.75,91708.453125,268.1646423339844,283.60498046875,290.4220275878906,0.0040758159011602,0.0070546083152294,0.0119667574763298,-8.980239868164062,-9.681137084960938,-7.7698211669921875,-1.9409637451171875,-2.6073760986328125,-2.7259979248046875
2021-11-26,12,2,297.47607421875,290.4383544921875,-1.6474456787109375,-2.6156158447265625,0.0,91500.890625,268.2318420410156,283.410400390625,290.5082397460937,0.0040023452602326,0.0080927535891532,0.0119313225150108,-8.944412231445312,-7.735260009765625,-4.10968017578125,-2.2121124267578125,-2.083038330078125,-5.61175537109375
2021-11-26,18,3,294.2750244140625,291.1278686523437,-1.9113311767578125,-1.990814208984375,0.0,91693.75,268.0080871582031,282.71417236328125,290.1614685058594,0.0037864826153963,0.0093337222933769,0.0098957642912864,-10.235809326171877,-7.055023193359375,-7.152389526367188,-2.882568359375,-1.4351959228515625,-5.278594970703125
2021-11-27,0,0,293.3075561523437,290.8197021484375,-2.5957794189453125,-2.5782012939453125,0.0,91549.171875,267.7564697265625,283.084716796875,289.9315795898437,0.0032289498485624,0.0085989721119403,0.0067816898226737,-7.838088989257812,-5.416748046875,-8.927139282226562,-5.5547943115234375,-0.4992218017578125,-8.041656494140625
2021-11-27,6,1,296.4652709960937,290.56256103515625,-3.810760498046875,-2.803863525390625,31.75,91691.53125,267.956298828125,283.3355407714844,288.7721252441406,0.0033045669551938,0.0071552693843841,0.0113242380321025,-9.9605712890625,-11.029510498046877,-9.574539184570312,-9.749176025390623,-3.9951019287109375,-5.1585693359375
2021-11-27,12,2,295.2482604980469,292.1622314453125,-1.560882568359375,-2.395126342773437,53.875,91509.375,267.84600830078125,283.2294311523437,289.26727294921875,0.0048446878790855,0.0073928758502006,0.0130740143358707,-7.667266845703125,-11.855804443359377,-5.76312255859375,2.6663970947265625,-3.4569244384765625,-5.0167083740234375
2021-11-27,18,3,293.8005676269531,292.76385498046875,-1.742431640625,-2.1927032470703125,48.75,91673.234375,267.8984375,283.181640625,289.373046875,0.0044534541666507,0.0095411352813243,0.0134107982739806,-5.478515625,-9.982467651367188,-10.38818359375,3.1140594482421875,-1.482177734375,-4.668991088867188
2021-11-28,0,0,293.8062744140625,292.673583984375,-1.724273681640625,-2.490020751953125,26.25,91533.875,268.5574035644531,282.64019775390625,288.9257507324219,0.0037901741452515,0.00794218480587,0.0132031664252281,-2.3291015625,-10.72833251953125,-9.303939819335938,-1.682098388671875,2.104766845703125,-3.8917236328125
2021-11-28,6,1,294.38934326171875,293.28228759765625,-3.31109619140625,-2.206573486328125,89.375,91698.453125,268.8777770996094,282.4335327148437,289.52838134765625,0.0043475069105625,0.007835317403078,0.0132467001676559,-4.7928314208984375,-8.840408325195312,-8.848602294921875,0.243499755859375,5.959884643554688,-2.4332427978515625
2021-11-28,12,2,295.2923278808594,293.75079345703125,-2.717071533203125,-2.439971923828125,131.875,91496.78125,268.4858703613281,282.72686767578125,290.1194152832031,0.0044614411890506,0.0082897879183292,0.0131280310451984,0.123382568359375,-6.8792724609375,-8.808746337890625,6.9637298583984375,1.4632568359375,-2.7981109619140625
2021-11-28,18,3,293.82568359375,292.92364501953125,-3.8132171630859375,-0.774658203125,151.625,91726.65625,267.7112731933594,282.8248291015625,289.8253173828125,0.005053088068962,0.0079257041215896,0.0134161189198493,-6.6247406005859375,-5.850006103515625,-11.4705810546875,8.342941284179688,4.8260345458984375,1.609100341796875
2021-11-29,0,0,293.5853271484375,292.59051513671875,-4.2566986083984375,0.8283538818359375,17.25,91580.859375,268.2216796875,282.6062316894531,289.18145751953125,0.0029613128863275,0.0074960514903068,0.0124766090884804,-4.11572265625,-6.0694580078125,-10.34954833984375,6.336196899414063,3.0230865478515625,4.1746368408203125
2021-11-29,6,1,296.75311279296875,292.4892883300781,-5.4952392578125,1.7625732421875,76.875,91755.0,268.2661437988281,283.2684326171875,289.718994140625,0.0037576828617602,0.0075243040919303,0.0135891512036323,-6.4770050048828125,-8.792221069335938,-9.146957397460938,5.208404541015625,5.03759765625,2.99920654296875
2021-11-29,12,2,296.33953857421875,293.2151794433594,-3.742584228515625,1.0092926025390625,55.4375,91537.203125,267.8672180175781,282.72247314453125,290.4079284667969,0.0034220691304653,0.0074808094650506,0.0134536903351545,-9.583465576171877,-9.402130126953123,-10.20819091796875,6.0653076171875,6.3018951416015625,3.9593658447265625
2021-11-29,18,3,294.403564453125,293.21856689453125,-3.471038818359375,-0.0196075439453125,67.125,91755.765625,267.61785888671875,282.4317932128906,289.4616394042969,0.0027040694840252,0.0061344765126705,0.0136528201401233,-8.999114990234375,-9.064102172851562,-9.782501220703123,6.2620697021484375,8.0196533203125,2.620269775390625
2021-11-30,0,0,293.9940490722656,292.5875244140625,-3.355224609375,0.246063232421875,14.875,91600.1875,267.9149169921875,282.90789794921875,289.1839599609375,0.0010364472400397,0.0039549395442008,0.0124343018978834,-10.501022338867188,-8.379501342773438,-10.342758178710938,7.438186645507812,6.4700469970703125,2.620574951171875
2021-11-30,6,1,298.51397705078125,292.64190673828125,-5.598175048828125,1.9022674560546875,2.375,91761.875,267.1524963378906,282.5971069335937,290.6177978515625,0.0031267877202481,0.0054392926394939,0.0126970745623111,-8.625381469726562,-11.141632080078123,-9.573471069335938,10.27490234375,6.4666595458984375,3.054779052734375
2021-11-30,12,2,298.3139038085937,292.0858764648437,-2.9177703857421875,1.1804962158203125,2.75,91441.21875,267.8617553710937,282.3108215332031,290.98468017578125,0.00245420075953,0.0053071267902851,0.0131220780313014,-6.583053588867188,-8.428787231445312,-8.058883666992188,13.075546264648438,5.0347442626953125,3.112823486328125
2021-11-30,18,3,293.9457397460937,292.9833068847656,-2.99188232421875,0.3867645263671875,5.125,91795.0,267.813232421875,282.00372314453125,289.49639892578125,0.0038533508777618,0.0054901838302612,0.0127675905823707,-2.940032958984375,-7.4019012451171875,-7.7180328369140625,11.494125366210938,6.7952880859375,3.7529449462890634
2021-12-01,0,0,294.27606201171875,292.6593933105469,-4.3759307861328125,0.672576904296875,6.875,91599.671875,268.35260009765625,282.65362548828125,288.9208679199219,0.0028621505480259,0.0070870220661163,0.0127792954444885,1.1549072265625,-7.960067749023437,-10.06890869140625,7.28387451171875,7.735260009765625,3.3283843994140625
2021-12-01,6,1,297.6473388671875,292.5887756347656,-4.113052368164063,1.8058929443359373,8.75,91677.71875,269.0335693359375,283.47711181640625,290.53570556640625,0.0030509792268276,0.0064736194908618,0.0125504732131958,1.0893402099609375,-4.487640380859375,-8.0125732421875,6.7543792724609375,7.817092895507812,3.149642944335937
2021-12-01,12,2,297.8890991210937,292.71600341796875,-2.2881317138671875,1.3251190185546875,47.0,91410.484375,268.83282470703125,282.72918701171875,291.31915283203125,0.0030683707445859,0.007353164255619,0.0134871117770671,1.0846099853515625,-1.8461456298828125,-6.400604248046875,5.5228424072265625,5.351852416992188,3.3817291259765625
2021-12-01,18,3,294.38690185546875,292.8868408203125,-1.697662353515625,1.0341339111328125,12.125,91751.609375,267.64453125,282.6407470703125,290.0557556152344,0.0031676723156124,0.0072367191314697,0.0135760828852653,0.3117523193359375,-0.4750213623046875,-4.0389251708984375,2.94976806640625,4.346771240234375,3.47454833984375
2021-12-02,0,0,294.2134704589844,292.81182861328125,-2.1552734375,1.3886260986328125,4.875,91546.1875,268.7103271484375,283.0277709960937,289.45428466796875,0.0021660672500729,0.007404513657093,0.0134024284780025,-0.0245513916015625,0.980316162109375,-3.329452514648437,2.4193267822265625,4.2301177978515625,4.3550872802734375
2021-12-02,6,1,298.34002685546875,293.0225524902344,-0.5564117431640625,0.9680938720703124,17.125,91719.5625,268.6201477050781,283.1398010253906,290.7191467285156,0.0019307541660964,0.0077903047204017,0.0131870545446872,-0.2723541259765625,1.4425048828125,-0.24560546875,2.621063232421875,0.73773193359375,1.2179718017578125
2021-12-02,12,2,298.3602905273437,293.36376953125,-0.3385009765625,-0.4678802490234375,77.625,91441.9375,268.4580383300781,282.7964782714844,291.536376953125,0.0021993382833898,0.0086601749062538,0.013809360563755,0.0872344970703125,2.7247772216796875,0.1649322509765625,1.511474609375,-1.7937164306640625,-1.2619781494140625
2021-12-02,18,3,294.91021728515625,293.572265625,-1.8567352294921875,-0.0892333984375,15.75,91669.34375,268.4832763671875,283.94537353515625,290.4222412109375,0.0017004371620714,0.0075067654252052,0.0137696722522377,1.131683349609375,0.6390228271484375,-2.23321533203125,0.58111572265625,-3.278060913085937,-0.1533966064453125
2021-12-03,0,0,294.54888916015625,293.0951232910156,-0.4151763916015625,1.35601806640625,21.5,91533.046875,268.2662353515625,283.6928100585937,290.6170959472656,0.0022074431180953,0.0078369304537773,0.0134503729641437,3.273544311523437,-0.8403167724609375,2.3141632080078125,-1.153045654296875,-1.9005279541015625,0.774810791015625
2021-12-03,6,1,299.5302429199219,292.97979736328125,0.04718017578125,-0.355316162109375,45.375,91730.6875,268.07379150390625,283.2200927734375,291.0834350585937,0.0025647026486694,0.0078902803361415,0.0133169330656528,3.1151885986328125,0.9036407470703124,-0.0372467041015625,-3.06939697265625,-0.7508697509765625,-1.1379241943359375
2021-12-03,12,2,297.866943359375,293.75115966796875,-0.587432861328125,-0.148773193359375,88.125,91529.140625,268.173583984375,282.8254089355469,291.0662536621094,0.0030546616762876,0.0086254030466079,0.0139810591936111,3.303070068359375,3.3160858154296875,-1.1419677734375,-1.055999755859375,-1.7017822265625,-2.91912841796875
2021-12-03,18,3,294.9359741210937,293.7842102050781,0.9818267822265624,-0.4464263916015625,11.625,91740.453125,268.9219970703125,282.6046142578125,290.1966552734375,0.0024729159194976,0.0087606981396675,0.0136591717600822,3.9448089599609375,1.2938232421875,-1.2978363037109375,-2.541748046875,-2.2318267822265625,-0.8325653076171875
2021-12-04,0,0,294.1001281738281,293.1878662109375,0.0236053466796875,-1.1607513427734375,0.0,91578.65625,269.7760009765625,282.6886901855469,290.640380859375,0.0022451071999967,0.0088037773966789,0.0128615908324718,2.579071044921875,2.604644775390625,-0.3591461181640625,-0.7625732421875,-1.08306884765625,-2.460845947265625
2021-12-04,6,1,299.39752197265625,292.39324951171875,0.654632568359375,0.270782470703125,526.375,91785.671875,270.13751220703125,282.4771423339844,290.20440673828125,0.0021858515683561,0.0083685778081417,0.0136365443468093,0.7920684814453125,3.597320556640625,0.212890625,1.3160552978515625,-2.488922119140625,-0.6255950927734375
2021-12-04,12,2,298.8447265625,293.5892944335937,0.2567901611328125,-1.1397705078125,407.75,91518.15625,269.5418701171875,282.6678466796875,292.6723937988281,0.0025766482576727,0.0074705816805362,0.013508953154087,1.4759521484375,3.354034423828125,1.54644775390625,1.3439178466796875,-1.5990753173828125,-3.1836395263671875
2021-12-04,18,3,295.1508178710937,293.77374267578125,0.7637176513671875,0.1318206787109375,7.75,91803.8125,269.2568664550781,282.1739501953125,290.37652587890625,0.0025928518734872,0.0085745900869369,0.013350810855627,0.5802459716796875,2.9268341064453125,-0.398101806640625,1.400665283203125,-2.933807373046875,-1.776214599609375
2021-12-05,0,0,294.2809143066406,292.7879638671875,0.7150421142578125,-1.3011474609375,0.0,91646.5,269.5512084960937,282.4287109375,290.3507385253906,0.0024899535346776,0.0079889483749866,0.0128601565957069,3.3509674072265625,0.698760986328125,1.146728515625,0.3488311767578125,-1.016937255859375,-2.65545654296875
2021-12-05,6,1,299.1513061523437,292.30084228515625,0.5684814453125,-1.4559173583984375,260.875,91753.03125,270.0838623046875,282.111572265625,290.7349548339844,0.0022222232073545,0.0080503784120082,0.012917473912239,0.99346923828125,1.7670440673828125,0.0995025634765625,-2.3076171875,1.3072967529296875,-2.491943359375
2021-12-05,12,2,298.54840087890625,293.0113525390625,-0.0697479248046875,-1.3741455078125,187.75,91492.875,270.3771667480469,282.6688232421875,291.6711730957031,0.0023309343960136,0.0070012137293815,0.0136215984821319,-0.48687744140625,3.0372467041015625,0.645294189453125,0.3915252685546875,0.110870361328125,-3.5423126220703125
2021-12-05,18,3,294.72247314453125,293.1117858886719,-1.23590087890625,-1.0149383544921875,33.125,91736.609375,269.8114929199219,282.0068054199219,291.0048828125,0.0020411382429301,0.0067771598696708,0.0133344158530235,0.2404327392578125,2.19921875,-1.5841827392578125,-1.9634552001953125,0.0228271484375,-3.0064239501953125
2021-12-06,0,0,293.5960693359375,292.3087158203125,-0.9647216796875,-0.9463958740234376,5.25,91582.203125,270.2397155761719,282.0946655273437,290.4437866210937,0.0010366230271756,0.0055129826068878,0.0125276409089565,-0.5540618896484375,2.79730224609375,-2.1171417236328125,-3.1056365966796875,1.7825927734375,-1.9142303466796875
2021-12-06,6,1,298.8462219238281,291.679931640625,-1.0002593994140625,-1.747711181640625,0.625,91749.875,270.2600402832031,281.875732421875,290.85858154296875,0.00010756260599,0.0052498541772365,0.0125633366405963,-4.643814086914063,2.527557373046875,-1.5800628662109375,-3.17498779296875,2.200225830078125,-2.578125
2021-12-06,12,2,298.7950439453125,292.00457763671875,-0.4296875,-1.1980133056640625,17.125,91534.71875,270.0802001953125,281.63787841796875,292.1391296386719,0.0001188684400403,0.0072964504361152,0.0122408457100391,-5.78338623046875,2.6597442626953125,-0.7958831787109375,-1.6339874267578125,0.5364990234375,-2.6954345703125
2021-12-06,18,3,294.6719055175781,291.999755859375,-1.4312286376953125,-1.1249237060546875,19.625,91752.84375,269.7352600097656,282.7459716796875,290.7375183105469,0.000195429121959,0.0052480176091194,0.0127119980752468,-4.3856964111328125,3.7650299072265625,-3.4327850341796875,1.70977783203125,1.6238250732421875,-2.7755279541015625
2021-12-07,0,0,293.408447265625,291.77374267578125,-1.596099853515625,-0.5027313232421875,5.375,91651.09375,269.1239013671875,283.2200622558594,290.58612060546875,0.0007871161215007,0.0041944347321987,0.0104822292923927,-1.8695526123046875,3.374847412109375,-2.9690399169921875,2.655242919921875,1.2559661865234375,-3.485458374023437
2021-12-07,6,1,299.4891967773437,289.61895751953125,-2.065536499023437,-1.8583526611328125,0.0,91807.484375,268.61773681640625,283.02752685546875,291.14971923828125,0.0010261996649205,0.0043324939906597,0.0099610686302185,-1.67962646484375,3.502471923828125,-3.1269683837890625,0.7694091796875,3.686492919921875,-2.8269195556640625
2021-12-07,12,2,299.30352783203125,289.7646789550781,-0.8421478271484375,-1.0638427734375,11.375,91521.140625,269.0670166015625,283.0814819335937,292.72662353515625,0.0011230078525841,0.0046302452683448,0.0099099017679691,-2.705551147460937,5.0835723876953125,-1.8076019287109373,-1.0222015380859375,2.349838256835937,-2.2305145263671875
2021-12-07,18,3,293.9523010253906,290.1019287109375,-2.2902069091796875,-1.169036865234375,1.25,91732.40625,269.3614501953125,284.4105834960937,290.24835205078125,0.0008772169239819,0.0023073672782629,0.0114816315472126,-2.1583709716796875,1.6059417724609375,-6.8012237548828125,-1.9674530029296875,-0.1700439453125,-3.5567779541015625
2021-12-08,0,0,293.3222045898437,291.6855163574219,-2.031585693359375,-0.40728759765625,0.0,91645.703125,269.93603515625,283.00103759765625,290.08514404296875,0.0005705773364752,0.0030827682930976,0.0087818764150142,-3.5075836181640625,-1.08349609375,-5.5606536865234375,-1.334808349609375,1.942047119140625,-3.966522216796875
2021-12-08,6,1,299.23834228515625,289.226806640625,-3.0642242431640625,-1.3986968994140625,0.0,91793.78125,269.98046875,282.60797119140625,290.61505126953125,0.0003940220922231,0.0048863664269447,0.0097524933516979,-4.551666259765625,-0.3873138427734375,-4.907730102539063,-0.7268524169921875,3.5113677978515625,-2.310302734375
2021-12-08,12,2,299.399169921875,290.274169921875,-1.6718597412109375,-0.3199462890625,0.0,91588.875,270.34014892578125,283.604248046875,292.9208374023437,0.0002778018824756,0.0044286325573921,0.0101723745465278,-5.276779174804688,1.04583740234375,-4.351608276367188,0.1370391845703125,3.176849365234375,-0.46246337890625
2021-12-08,18,3,294.03253173828125,292.1063842773437,-2.28619384765625,-1.1735382080078125,0.0,91790.4375,270.4808349609375,283.95849609375,290.1345520019531,0.000303711509332,0.0040895044803619,0.012470319867134,-4.072067260742188,-2.810897827148437,-5.6649017333984375,3.3935089111328125,4.0528717041015625,-1.0828399658203125
2021-12-09,0,0,294.7474365234375,292.9168701171875,-2.8946075439453125,-0.7246856689453125,7.375,91756.78125,269.7413330078125,283.1859130859375,289.73291015625,0.0009936962742358,0.0053140372037887,0.0110209099948406,-2.155059814453125,-3.936447143554688,-6.379928588867188,5.686553955078125,5.07232666015625,-0.7595367431640625
2021-12-09,6,1,298.4762878417969,292.2985534667969,-3.289642333984375,-0.144195556640625,0.0,91922.703125,269.6358642578125,283.1693725585937,290.10595703125,0.0016656252555549,0.0057345256209373,0.0121131371706724,-2.0021514892578125,-4.6024169921875,-5.227874755859375,5.244354248046875,3.403411865234375,-0.234161376953125
2021-12-09,12,2,298.0831298828125,292.1801452636719,-1.612152099609375,0.2313385009765625,5.75,91701.171875,267.99517822265625,282.49560546875,291.50341796875,0.00295678852126,0.0091410502791404,0.0124567560851573,0.5828857421875,-5.7818450927734375,-3.603912353515625,1.311370849609375,3.3533935546875,-0.6486053466796875
2021-12-09,18,3,294.8936462402344,292.7433776855469,-2.977325439453125,0.0656890869140625,63.75,91932.703125,267.95758056640625,281.552734375,289.87860107421875,0.0024841174017637,0.0089021809399127,0.0136995986104011,-0.95892333984375,-5.530975341796875,-6.966964721679688,-1.1790924072265625,0.7933197021484375,-0.107147216796875
2021-12-10,0,0,293.609619140625,291.46063232421875,-3.288909912109375,0.0862579345703125,0.25,91818.4375,268.8729248046875,282.39959716796875,289.2538757324219,0.0019096655305474,0.0029430498834699,0.0108691118657588,-4.32489013671875,-4.2244415283203125,-8.794448852539062,-0.11474609375,-0.55731201171875,0.3813018798828125
2021-12-10,6,1,299.06182861328125,289.646240234375,-4.0878753662109375,-0.5295867919921875,0.0,91972.4375,268.47918701171875,282.89874267578125,289.9391784667969,0.0021646535024046,0.0007658028043806,0.0097658410668373,-2.589813232421875,-6.8360595703125,-7.279891967773437,0.6692962646484375,-0.00384521484375,-1.060394287109375
2021-12-10,12,2,298.62109375,289.26678466796875,-1.91754150390625,0.69085693359375,0.0,91717.9375,267.7025756835937,283.482666015625,291.6771850585937,0.0019757084082812,0.0018583729397505,0.0104424431920051,-1.972076416015625,-7.94873046875,-5.81060791015625,-0.7160186767578125,0.1524200439453125,1.273101806640625
2021-12-10,18,3,293.3007202148437,291.5311584472656,-2.9441680908203125,-0.1191864013671875,0.0,91939.265625,268.23004150390625,282.9242248535156,289.6422119140625,0.0015309283044189,0.0047009140253067,0.0115715153515338,-3.32818603515625,-7.391448974609375,-7.060638427734375,-0.491119384765625,1.584564208984375,-0.937774658203125
2021-12-11,0,0,294.22509765625,292.11163330078125,-2.0091094970703125,-1.126251220703125,2.375,91775.453125,268.8620910644531,282.64166259765625,288.7064208984375,0.0014769351109862,0.0059083215892314,0.0116670094430446,-3.709060668945313,-7.6538543701171875,-9.191009521484377,0.1967010498046875,1.4798736572265625,-1.6729278564453125
2021-12-11,6,1,298.7462158203125,290.9698181152344,-4.213897705078125,-0.3572845458984375,14.0,91921.390625,268.4775695800781,282.5767517089844,290.3408203125,0.0014399695210158,0.0051638484001159,0.0116850547492504,-3.4467010498046875,-7.57208251953125,-8.65386962890625,0.6907196044921875,1.7209625244140625,-0.3333892822265625
2021-12-11,12,2,297.197998046875,291.8169860839844,-2.9474029541015625,-0.8289794921875,0.5,91705.4375,268.0023498535156,281.8900756835937,290.6844482421875,0.0015693772584199,0.0070552378892898,0.0122699849307537,-4.183883666992188,-7.954315185546875,-7.9282073974609375,0.600341796875,0.5768585205078125,-1.3787384033203125
2021-12-11,18,3,293.9801330566406,292.83367919921875,-2.942733764648437,-0.9054107666015624,0.0,91970.84375,267.8553466796875,281.92755126953125,289.29473876953125,0.0010806852951645,0.006426565349102,0.011467020958662,-4.123214721679688,-6.715118408203125,-10.103805541992188,2.149261474609375,0.90435791015625,-1.064910888671875
2021-12-12,0,0,292.98455810546875,291.46661376953125,-2.486083984375,-1.305816650390625,0.0,91820.84375,269.06365966796875,281.15350341796875,289.6509094238281,0.00080037699081,0.0054993033409118,0.0098515078425407,-2.5749969482421875,-6.1331634521484375,-10.551300048828123,2.7623443603515625,1.5005340576171875,-1.8467559814453125
2021-12-12,6,1,298.2323608398437,290.2939453125,-4.717803955078125,-0.88226318359375,7.375,91929.90625,268.6572265625,282.0157470703125,290.3232421875,0.0007281939033418,0.0052633956074714,0.011165689677,-1.4972991943359375,-7.639236450195312,-9.014938354492188,0.83721923828125,2.404693603515625,-1.105194091796875
2021-12-12,12,2,297.5553894042969,290.8184814453125,-2.8764801025390625,-0.6432037353515625,0.125,91690.703125,267.99530029296875,281.4716186523437,290.5740966796875,0.0010567300487309,0.0072850696742534,0.0117402002215385,-0.716400146484375,-7.600967407226562,-8.32611083984375,-1.1425933837890625,3.647857666015625,-1.884033203125
2021-12-12,18,3,293.29473876953125,291.7470092773437,-3.047882080078125,-0.8843536376953125,0.0,91900.078125,267.74334716796875,281.5791015625,289.24444580078125,0.0010348910000175,0.0062617324292659,0.0112520083785057,-0.424407958984375,-6.409454345703125,-9.8280029296875,1.8176116943359373,2.427597045898437,-1.683624267578125
2021-12-13,0,0,292.9467163085937,291.4359741210937,-3.0289764404296875,-1.2912750244140625,3.75,91715.765625,268.8677978515625,282.16827392578125,289.6737670898437,0.0008181575685739,0.0046219937503337,0.0095506645739078,0.4280548095703125,-4.9542236328125,-10.979598999023438,1.070587158203125,1.3510284423828125,-1.15240478515625
2021-12-13,6,1,297.5599975585937,291.41021728515625,-3.87799072265625,-0.2646026611328125,1.25,91905.578125,268.3673095703125,281.4916381835937,289.2984313964844,0.0008423624094575,0.0065588802099227,0.0124079063534736,-0.18389892578125,-7.169525146484375,-7.052459716796875,-0.773529052734375,1.7884368896484375,-0.0977020263671875
2021-12-13,12,2,296.39361572265625,292.3541259765625,-2.0662994384765625,-1.07122802734375,39.375,91627.640625,268.10076904296875,281.2491455078125,289.6337280273437,0.0009124814532697,0.0092115029692649,0.0132020972669124,0.218292236328125,-4.97308349609375,-5.7343597412109375,-1.1785125732421875,0.420257568359375,-1.7250213623046875
2021-12-13,18,3,292.733154296875,291.55621337890625,-2.4243316650390625,-1.5977630615234375,8.875,91805.875,268.7098999023437,280.9053039550781,289.3944091796875,0.0007352142129093,0.0091645643115043,0.0118901636451482,-0.7127685546875,-3.932815551757813,-8.3297119140625,3.440673828125,0.77398681640625,-1.8878021240234373
2021-12-14,0,0,293.09088134765625,291.4296569824219,-2.7572784423828125,-1.05914306640625,8.0,91647.53125,268.3609619140625,280.4403076171875,288.94256591796875,0.0007493179291486,0.0079643353819847,0.0110952220857143,1.157470703125,-3.36273193359375,-9.866256713867188,1.479034423828125,0.399566650390625,-0.81219482421875
2021-12-14,6,1,297.299560546875,290.77838134765625,-4.6283111572265625,-0.2306976318359375,7.5,91827.484375,269.0098876953125,281.24468994140625,289.9336853027344,0.0006532103288918,0.0074512735009193,0.0113541521131992,2.5562744140625,-3.611251831054688,-9.188186645507812,0.129638671875,0.5386505126953125,-0.1830596923828125
2021-12-14,12,2,296.7733154296875,291.1625366210937,-2.5213165283203125,-0.686920166015625,0.0,91550.1875,268.3206787109375,281.0076599121094,289.9574279785156,0.0007831677794456,0.0078610181808471,0.0121853426098823,1.097503662109375,-3.876678466796875,-6.2887115478515625,0.750335693359375,0.953948974609375,-1.67816162109375
2021-12-14,18,3,292.79541015625,291.3817138671875,-2.4150848388671875,-0.7772674560546875,23.5,91853.5625,268.46173095703125,280.0546264648437,288.81170654296875,0.0007110233418643,0.0085704624652862,0.0119049698114395,-0.45025634765625,-1.9495391845703125,-7.47259521484375,1.8317718505859373,2.9983367919921875,-1.2158355712890625
2021-12-15,0,0,293.09130859375,291.3029479980469,-2.6131591796875,-0.7936553955078125,4.75,91687.578125,270.10626220703125,280.3080444335937,288.8475952148437,0.0005030080210417,0.006713505834341,0.0095871165394783,0.963287353515625,-3.8707122802734375,-7.7446136474609375,-0.6461639404296875,2.34576416015625,-0.978790283203125
2021-12-15,6,1,297.7118530273437,290.60321044921875,-3.6736907958984375,-0.8389739990234375,0.0,91867.515625,269.5369873046875,281.092041015625,288.8878479003906,0.0006972718983888,0.0076214186847209,0.0113290697336196,1.5452423095703125,-4.2528228759765625,-6.201568603515625,-2.9405670166015625,1.926727294921875,-1.5535736083984375
2021-12-15,12,2,297.68389892578125,289.41668701171875,-1.9656829833984373,-1.1607208251953125,7.25,91613.140625,268.3905029296875,282.0926513671875,290.6761474609375,0.0007666156161576,0.0075491815805435,0.010377574712038,-0.12860107421875,-1.336029052734375,-4.910919189453125,-1.134002685546875,2.0778350830078125,-2.0611572265625
2021-12-15,18,3,292.2045593261719,290.82666015625,-2.373626708984375,-0.7118682861328125,0.0,91900.046875,269.0660400390625,281.692626953125,288.9537048339844,0.0005639146547764,0.0071746073663234,0.0108270868659019,-0.008514404296875,-0.8032684326171875,-4.705856323242188,-0.2140045166015625,1.6578521728515625,-1.334716796875
2021-12-16,0,0,292.8114624023437,291.60595703125,-2.1700592041015625,-1.300567626953125,4.25,91776.578125,269.0619506835937,281.6092529296875,289.67413330078125,0.0004331294912844,0.0062056370079517,0.0084371827542781,-0.6166839599609375,-0.468109130859375,-2.573150634765625,-1.321563720703125,3.08917236328125,-3.42877197265625
2021-12-16,6,1,298.4405517578125,288.77569580078125,-2.2655181884765625,-2.191513061523437,0.0,91952.515625,269.2386474609375,281.7558288574219,289.3680419921875,0.0002182351163355,0.0061098225414752,0.0096654538065195,-2.025787353515625,-0.0473175048828125,-3.953948974609375,-2.3761138916015625,1.9908905029296875,-3.3436431884765625
2021-12-16,12,2,298.16473388671875,289.19317626953125,-1.412506103515625,-1.197021484375,0.0,91664.375,269.8248291015625,281.9281005859375,291.229736328125,0.0001443928922526,0.006612192839384,0.0097259953618049,-2.95159912109375,2.663055419921875,-3.2898712158203125,-3.751220703125,2.14703369140625,-2.384002685546875
2021-12-16,18,3,292.239501953125,289.67401123046875,-2.170394897460937,-0.4711761474609375,0.0,91954.703125,269.0306701660156,281.7044677734375,289.49688720703125,0.0002696844749152,0.0063848197460174,0.0097140073776245,-3.093505859375,0.00628662109375,-2.3286895751953125,-3.0994110107421875,2.060577392578125,-1.203125
2021-12-17,0,0,291.589599609375,290.22100830078125,-2.2747344970703125,-1.053466796875,0.375,91832.328125,269.1134033203125,281.5545959472656,289.88824462890625,0.0005891728214919,0.0057238414883613,0.0074694827198982,-4.813201904296875,2.492919921875,-1.9584808349609373,-1.0018768310546875,1.0588226318359375,-3.9483795166015625
2021-12-17,6,1,298.3602294921875,287.90509033203125,-1.4943389892578125,-1.9508514404296875,0.0,91988.125,268.7753295898437,282.7305908203125,289.54150390625,0.0015084203332662,0.0039079822599887,0.0081105381250381,-3.940338134765625,1.4857025146484375,-2.574737548828125,-1.515594482421875,-0.220062255859375,-3.211822509765625
2021-12-17,12,2,298.609130859375,288.69097900390625,-1.204193115234375,-1.3294830322265625,0.0,91670.0625,268.62701416015625,283.95458984375,291.55230712890625,0.0012574293650686,0.0025327231269329,0.0086209699511528,-0.345306396484375,3.5733184814453125,-3.0642242431640625,-4.298385620117188,0.0287017822265625,-2.060531616210937
2021-12-17,18,3,291.718994140625,288.902099609375,-2.2627105712890625,-0.9232635498046876,0.0,91943.796875,268.8339538574219,282.804931640625,289.47003173828125,5.033928027842194e-05,0.0027714148163795,0.0085610337555408,1.1175689697265625,0.545867919921875,-2.66436767578125,-7.4746551513671875,0.6584320068359375,-1.8848114013671875
2021-12-18,0,0,290.76666259765625,289.4501342773437,-1.88348388671875,-0.8323211669921875,0.0,91749.515625,269.541748046875,283.5419311523437,289.8217163085937,0.0001154029305325,0.0018684961833059,0.0059077441692352,2.9180145263671875,0.975494384765625,-1.934234619140625,-7.537353515625,0.418121337890625,-3.936965942382813
2021-12-18,6,1,297.72662353515625,288.1961669921875,-1.7285003662109375,-2.26373291015625,0.0,91917.625,269.6459655761719,283.587890625,288.9467163085937,0.0003337264060974,0.0020392164587974,0.0080405995249748,2.549102783203125,0.630645751953125,-2.8746795654296875,-9.547210693359377,0.5527191162109375,-3.838211059570313
2021-12-18,12,2,297.9169616699219,288.39031982421875,-0.9393463134765624,-1.6641845703125,0.0,91599.515625,268.7931823730469,284.75115966796875,290.7974853515625,0.0003569496329873,0.002162056043744,0.0083662495017051,1.1473236083984375,1.32794189453125,-2.4166259765625,-11.330169677734377,0.3845672607421875,-2.95428466796875
2021-12-18,18,3,291.0413513183594,288.18023681640625,-2.3724822998046875,-0.9967193603515624,0.0,91926.96875,268.38787841796875,284.2250366210937,288.7880249023437,0.0003109711688011,0.0022181537933647,0.0074785761535167,-2.956039428710937,0.378662109375,-2.3105621337890625,-10.143310546875,-0.319549560546875,-3.098617553710937
2021-12-19,0,0,290.1645202636719,288.386962890625,-2.1277618408203125,-1.2862396240234375,0.0,91835.453125,268.9499206542969,283.1856689453125,288.7328491210937,0.000129890802782,0.0016103473026305,0.0041389688849449,-1.0812530517578125,0.1026611328125,-2.6715850830078125,-9.183120727539062,0.9398956298828124,-3.33056640625
2021-12-19,6,1,296.5281066894531,284.1485900878906,-2.932342529296875,-0.765655517578125,0.0,92005.71875,268.8293762207031,283.49237060546875,287.79443359375,0.000214511383092,0.0020810980349779,0.0056539215147495,0.4076995849609375,0.8572540283203125,-4.735015869140625,-8.681884765625,0.55712890625,-1.2515716552734375
2021-12-19,12,2,297.063232421875,286.2784729003906,-1.668975830078125,-0.703277587890625,0.0,91731.34375,268.8704833984375,283.7707824707031,289.946044921875,0.0002221331815235,0.0019180448725819,0.0065069496631622,0.16015625,2.302978515625,-4.016387939453125,-6.5124359130859375,-0.0464019775390625,-1.7082977294921875
2021-12-19,18,3,290.124267578125,288.1658935546875,-2.721908569335937,-0.5528717041015625,0.0,92004.578125,268.8731689453125,283.3981628417969,286.96014404296875,0.0002402353129582,0.0019591152667999,0.0086212866008281,0.1813201904296875,1.718017578125,-4.211517333984375,-4.721359252929688,-0.4432373046875,-0.5378875732421875
2021-12-20,0,0,289.9154357910156,288.6215209960937,-3.2679595947265625,-0.5216522216796875,0.125,91924.84375,268.3592529296875,283.64825439453125,287.9681701660156,0.0003031054511666,0.0018232592847198,0.0039508040063083,1.261505126953125,2.26123046875,-3.7949371337890634,-4.373336791992188,1.9569244384765625,-2.8637237548828125
2021-12-20,6,1,296.579833984375,285.625732421875,-2.71484375,-1.179656982421875,0.0,92005.609375,269.23065185546875,283.503662109375,287.9386291503906,0.0003457043785601,0.0018556714057922,0.0058466717600822,1.72601318359375,1.720245361328125,-5.3095550537109375,-4.630096435546875,1.00921630859375,-2.37701416015625
2021-12-20,12,2,297.56475830078125,287.0553894042969,-1.6334075927734375,-0.261749267578125,0.0,91706.171875,268.97125244140625,284.55523681640625,290.3077392578125,0.000375555595383,0.000887052854523,0.0083437226712703,2.7285919189453125,3.2959747314453125,-3.8055572509765625,-4.0819854736328125,-1.4414825439453125,-0.7625732421875
2021-12-20,18,3,290.0440673828125,288.2706298828125,-2.2389068603515625,0.2073516845703125,0.0,91940.546875,268.8248291015625,285.0901794433594,287.50506591796875,0.000374591210857,0.0006221595685929,0.0096130296587944,3.0923004150390625,1.2145843505859375,-3.0559844970703125,-4.80950927734375,-0.7566680908203125,1.22357177734375
2021-12-21,0,0,290.18719482421875,289.0049743652344,-2.4095916748046875,0.0080413818359375,0.0,91903.03125,268.543701171875,283.4735717773437,286.9156799316406,0.0005863143596798,0.0004692426882684,0.0086314976215362,0.8338623046875,3.414535522460937,-0.037017822265625,-7.460906982421875,-1.6934967041015625,-0.5475616455078125
2021-12-21,6,1,296.59967041015625,287.6429748535156,-1.143341064453125,-0.2263946533203125,0.0,92019.921875,268.4142761230469,284.08209228515625,287.55621337890625,0.0003699569497257,0.0009020105935633,0.0081316269934177,0.6603851318359375,1.6477813720703125,-1.5994415283203125,-6.02691650390625,-4.247116088867188,-0.7535400390625
2021-12-21,12,2,298.88153076171875,287.3418884277344,-0.3656768798828125,-0.530364990234375,0.0,91743.640625,267.9697265625,283.82061767578125,291.0870361328125,0.000408123480156,0.0013084509409964,0.0081334933638572,2.4045867919921875,1.7265625,-0.5693206787109375,-6.59393310546875,-4.3332061767578125,-0.83367919921875
2021-12-21,18,3,290.866943359375,287.26806640625,-2.018280029296875,-0.5329742431640625,0.0,91918.515625,267.85699462890625,284.0819702148437,289.0283203125,0.0005097775720059,0.0014160948339849,0.0089743789285421,3.5349273681640625,-0.9787750244140624,-1.718109130859375,-8.285003662109375,-5.412521362304688,0.6484832763671875
2021-12-22,0,0,289.2657470703125,287.3243408203125,-1.666595458984375,-0.733062744140625,0.0,91742.375,267.12554931640625,284.0482177734375,288.5800476074219,0.0005933539941906,0.0013314413372427,0.0078510269522666,5.681640625,-1.164215087890625,1.7269439697265625,-7.8786468505859375,-4.6923370361328125,-2.445556640625
2021-12-22,6,1,297.7471923828125,286.5613098144531,-1.07110595703125,-0.1271820068359375,0.0,91870.78125,267.2639465332031,283.8175048828125,288.9607238769531,0.0007203670684248,0.0012675218749791,0.008565180003643,3.327301025390625,-0.39483642578125,-1.632476806640625,-11.165328979492188,-5.4697113037109375,-0.657196044921875
2021-12-22,12,2,299.1207275390625,287.18035888671875,-1.045257568359375,-0.07891845703125,0.0,91569.828125,267.1746826171875,284.0692443847656,291.9024658203125,0.000669669592753,0.0012024259194731,0.0078560374677181,2.436859130859375,0.39739990234375,-1.2999267578125,-8.18231201171875,-5.427398681640625,-0.5498046875
2021-12-22,18,3,291.102783203125,288.9102783203125,-2.06842041015625,0.629852294921875,0.0,91778.484375,267.8793334960937,285.42645263671875,288.92071533203125,0.0002345268731005,0.0015310603193938,0.0100069157779216,0.559722900390625,-1.8614501953125,-2.28369140625,-11.0892333984375,-8.10687255859375,3.049407958984375
2021-12-23,0,0,289.98162841796875,288.5595703125,-1.82037353515625,0.2611236572265625,0.0,91666.59375,267.2108764648437,284.5664978027344,288.96490478515625,0.0003369429614394,0.0018229230772703,0.0090117715299129,0.232208251953125,-2.507354736328125,1.566131591796875,-11.936141967773438,-6.970794677734375,1.1428070068359375
2021-12-23,6,1,297.69403076171875,286.76434326171875,-0.736572265625,-0.7574615478515625,0.0,91859.390625,267.42791748046875,283.8846130371094,289.8546142578125,0.0003812713548541,0.00226721749641,0.0090509876608848,-1.652587890625,-2.505950927734375,-1.4049072265625,-9.311630249023438,-4.874664306640625,-1.458953857421875
2021-12-23,12,2,299.803466796875,286.0579833984375,-1.1318511962890625,-0.8811492919921875,0.0,91578.21875,267.86846923828125,283.78338623046875,292.50421142578125,0.0003297748044133,0.0022431565448641,0.00742107629776,0.402191162109375,-2.697982788085937,-2.459335327148437,-8.43438720703125,-6.2664794921875,-1.6839447021484375
2021-12-23,18,3,291.30206298828125,287.1116943359375,-2.316314697265625,0.1744842529296875,0.0,91770.796875,267.6559143066406,283.80914306640625,290.1210327148437,0.0003898744471371,0.0020116337109357,0.0077625960111618,-0.06927490234375,-5.4809417724609375,-3.3363494873046875,-9.547897338867188,-8.237762451171875,-0.0520172119140625
2021-12-24,0,0,289.0264587402344,286.88653564453125,-2.1587066650390625,0.1056671142578125,0.0,91598.921875,267.69287109375,283.04998779296875,290.35235595703125,0.0004423281643539,0.0022361469455063,0.004779702052474,1.9388275146484373,-7.02825927734375,-2.740631103515625,-10.288009643554688,-7.390762329101562,-0.5660247802734375
2021-12-24,6,1,299.4091796875,282.70233154296875,-1.8888397216796875,-0.2702789306640625,0.0,91843.828125,267.0666198730469,282.25128173828125,290.45343017578125,0.0004133123438805,0.0026349918916821,0.0060068517923355,2.4795074462890625,-6.0270843505859375,-3.0308837890625,-8.708023071289062,-6.0228118896484375,-0.869964599609375
2021-12-24,12,2,299.6967468261719,285.8575439453125,-1.4355926513671875,0.6646575927734375,0.0,91605.171875,267.0003356933594,282.14306640625,292.5238342285156,0.0004104995168745,0.002794473664835,0.0062581077218055,4.516082763671875,-5.155731201171875,-1.94317626953125,-9.701080322265623,-5.77374267578125,-0.0281219482421875
2021-12-24,18,3,290.7020263671875,286.25787353515625,-1.9987640380859373,0.3214569091796875,0.0,91795.015625,266.90313720703125,282.2032165527344,290.95782470703125,0.0003379769623279,0.0023036862257868,0.0066927708685398,5.937957763671875,-5.494888305664063,-0.7765350341796875,-11.656600952148438,-7.030517578125,-0.565643310546875
2021-12-25,0,0,288.76727294921875,286.8558349609375,-2.004180908203125,0.0142822265625,0.0,91710.03125,266.0748291015625,281.4265441894531,290.2186279296875,0.0004178597591817,0.0021506710909307,0.0061065852642059,6.392364501953125,-5.769088745117188,-0.920684814453125,-10.667068481445312,-5.680633544921875,-1.9579010009765625
2021-12-25,6,1,299.60467529296875,283.2167358398437,-1.373748779296875,-0.95172119140625,0.0,91845.15625,265.8507995605469,282.54022216796875,291.0248107910156,0.0006949012167751,0.0013486032839864,0.0058698542416095,1.1409759521484375,-5.388214111328125,-2.613037109375,-13.203262329101562,-5.991989135742188,-2.0931396484375
2021-12-25,12,2,300.35601806640625,285.62841796875,-1.4152069091796875,-0.419464111328125,0.0,91623.4375,267.27740478515625,281.4945983886719,293.6461181640625,0.0006546296644955,0.0018588351085782,0.0059959478676319,-0.2921295166015625,-4.914398193359375,-2.880401611328125,-12.74224853515625,-4.0206451416015625,-1.3549652099609375
2021-12-25,18,3,291.4342041015625,287.30859375,-2.359375,0.653167724609375,0.0,91879.875,267.037109375,282.2860717773437,290.52545166015625,0.0004569645388983,0.0012713707983493,0.0079419761896133,-1.22552490234375,-5.226470947265625,-3.2897186279296875,-11.037643432617188,-4.9789886474609375,0.3142242431640625
2021-12-26,0,0,289.74835205078125,288.359375,-2.0477752685546875,-0.06744384765625,0.0,91728.234375,267.5267028808594,283.3462219238281,291.28436279296875,0.0002284150104969,0.0011209473013877,0.0052124895155429,0.0359344482421875,-4.786956787109375,-2.7410125732421875,-9.690216064453123,-3.8823089599609375,-1.803131103515625
2021-12-26,6,1,300.1056823730469,284.29119873046875,-2.3572235107421875,-0.435638427734375,0.0,91970.734375,266.796142578125,282.8894348144531,291.08892822265625,0.0002257040177937,0.0014150021597743,0.0065881349146366,-1.2975311279296875,-4.569061279296875,-3.861297607421875,-7.6326141357421875,-1.2776641845703125,-1.3421630859375
2021-12-26,12,2,300.3696594238281,285.202880859375,-1.793975830078125,0.11114501953125,0.0,91738.109375,266.803466796875,282.48956298828125,293.0699157714844,0.0001740629813866,0.0016786886844784,0.0074437782168388,-2.0995330810546875,-2.14923095703125,-3.8899078369140634,-4.7309112548828125,-0.487396240234375,-0.78143310546875
2021-12-26,18,3,292.0756225585937,289.1468505859375,-2.44427490234375,0.850555419921875,0.0,92040.203125,267.29608154296875,282.23248291015625,289.949462890625,0.0001612473424756,0.0015742464456707,0.008949564769864,-1.7476654052734375,-2.17620849609375,-3.759689331054688,-1.9496307373046875,-3.7816314697265625,-0.712310791015625
2021-12-27,0,0,290.8971862792969,289.6270446777344,-2.3450927734375,1.0885772705078125,0.5,91888.203125,266.504150390625,282.1315002441406,290.88604736328125,0.0001699154672678,0.0014720363542437,0.0042825369164347,0.4872894287109375,-4.149337768554688,-6.06243896484375,-0.269927978515625,-3.42822265625,-0.1210174560546875
2021-12-27,6,1,298.06280517578125,286.06842041015625,-2.670074462890625,1.6582183837890625,0.0,92021.859375,266.4809875488281,282.6832275390625,289.3711242675781,0.0001705253089312,0.0015256335027515,0.0059998594224452,0.1838531494140625,-4.79931640625,-5.6368255615234375,1.1345977783203125,-1.7200775146484375,2.0534210205078125
2021-12-27,12,2,298.9241027832031,286.10723876953125,-1.930419921875,1.28094482421875,0.0,91780.921875,265.5280456542969,282.5294189453125,290.9025573730469,0.0001903479133034,0.0016064285300672,0.0086709894239902,3.716232299804688,-3.4755096435546875,-3.9891510009765625,0.3914642333984375,-0.12078857421875,1.6209259033203125
2021-12-27,18,3,291.9374694824219,289.4381103515625,-2.8024139404296875,0.631683349609375,0.0,91919.125,266.4610900878906,282.68280029296875,289.2166442871094,0.0002006670256378,0.0016071291174739,0.0075077712535858,4.7957611083984375,-3.0143585205078125,-5.6089630126953125,-0.8217926025390625,0.7436676025390625,0.3233642578125
2021-12-28,0,0,291.991943359375,290.7236633300781,-3.300521850585937,0.6869964599609375,5.75,91815.09375,266.35614013671875,282.7403564453125,289.4777526855469,0.000216408050619,0.0014798559714108,0.0047985576093196,5.813003540039063,-3.3055572509765625,-5.531768798828125,0.25726318359375,0.9722137451171876,1.262176513671875
2021-12-28,6,1,297.6878662109375,287.959228515625,-2.5199737548828125,1.4514312744140625,0.0,92008.765625,266.8804931640625,282.0238647460937,288.02056884765625,0.0001912626321427,0.0014160075224936,0.0094882138073444,5.732666015625,-2.8965301513671875,-4.028045654296875,2.8770294189453125,1.3507232666015625,1.960845947265625
2021-12-28,12,2,298.5827331542969,287.3026733398437,-2.192367553710937,1.5629119873046875,0.0,91671.578125,266.34539794921875,282.57666015625,290.93798828125,0.0002372530143475,0.0012982904445379,0.0089975036680698,8.816207885742188,-0.35076904296875,-4.707290649414063,2.4408721923828125,1.5569305419921875,2.5325164794921875
2021-12-28,18,3,291.7799072265625,289.6195068359375,-2.70635986328125,0.738800048828125,0.0,91830.03125,266.4061279296875,282.14129638671875,288.886474609375,0.0002280338521813,0.0012898889835923,0.0090527422726154,9.598663330078123,0.6255035400390625,-4.5006256103515625,3.483306884765625,1.5569000244140625,1.2002410888671875
2021-12-29,0,0,292.33477783203125,290.8382263183594,-3.5028076171875,2.069366455078125,6.25,91674.828125,266.0447998046875,282.45135498046875,288.346435546875,0.0001962659880518,0.0011549007613211,0.0093606598675251,11.235671997070312,-0.7774505615234375,-4.529342651367188,1.181640625,-1.2281951904296875,4.2664794921875
2021-12-29,6,1,297.63189697265625,287.9818420410156,-2.428497314453125,1.0908660888671875,0.0,91905.25,266.85302734375,281.8597412109375,288.41864013671875,0.0001833835121942,0.0012030159123241,0.0100318118929862,12.4190673828125,-1.273101806640625,-3.622039794921875,2.3404998779296875,1.8020782470703125,1.314697265625
2021-12-29,12,2,298.98736572265625,286.9554443359375,-1.943023681640625,1.0563201904296875,0.0,91657.34375,266.79608154296875,281.0736389160156,291.4857177734375,0.0004625953733921,0.0016310228966176,0.0092521086335182,13.743667602539062,-1.702667236328125,-3.795989990234375,-1.858184814453125,3.2943878173828125,1.357208251953125
2021-12-29,18,3,292.2903137207031,289.4715270996094,-3.456634521484375,0.5408172607421875,0.0,91858.015625,266.9503479003906,282.0391845703125,289.6539306640625,0.0003218878991901,0.0013277174439281,0.0083440728485584,8.448394775390625,-1.6450042724609375,-5.81512451171875,-6.64935302734375,2.217437744140625,0.8305816650390625
2021-12-30,0,0,291.6272888183594,290.05926513671875,-2.9849395751953125,-0.2010650634765625,2.25,91780.03125,265.9777526855469,282.0115051269531,290.50592041015625,0.0002453962806612,0.0010814482811838,0.0032472426537424,3.394393920898437,-2.597808837890625,-7.4897613525390625,-5.543304443359375,1.5727996826171875,3.1275634765625
2021-12-30,6,1,299.04608154296875,285.439208984375,-4.00921630859375,0.583282470703125,0.0,91960.859375,266.135009765625,281.9564514160156,289.5628356933594,0.0002562325971666,0.0009145494550466,0.0082610324025154,0.4572601318359375,-4.3668975830078125,-6.767791748046875,0.744659423828125,3.046295166015625,0.9305572509765624
2021-12-30,12,2,297.3436889648437,290.29833984375,-4.18505859375,0.4456634521484375,154.75,91735.28125,266.50152587890625,280.9525146484375,290.0529479980469,0.0003996537998318,0.0047769024968147,0.0120220445096492,3.1415557861328125,-4.657485961914063,-8.062789916992188,4.941741943359375,2.7341766357421875,-0.14276123046875
2021-12-30,18,3,293.0248107910156,291.2333374023437,-3.6330718994140634,-0.5634307861328125,64.875,92013.828125,266.5242614746094,280.74908447265625,287.70086669921875,0.0005370781291276,0.0066873170435428,0.0121535398066043,5.896728515625,-5.667648315429688,-11.979568481445312,2.72344970703125,3.1914520263671875,0.743499755859375
2021-12-31,0,0,292.9949951171875,291.27099609375,-3.56732177734375,-1.2630157470703125,31.25,91870.546875,265.89801025390625,281.5919189453125,288.1150207519531,0.0005075372755527,0.0069540850818157,0.0123022943735122,5.992721557617188,-5.70330810546875,-11.421630859375,-0.6003265380859375,3.397811889648437,-0.5286407470703125
2021-12-31,6,1,297.33563232421875,290.9735107421875,-6.453414916992188,-0.150482177734375,3.875,92072.359375,265.66033935546875,281.11651611328125,288.8324584960937,0.0005729899276047,0.0071072839200496,0.0120434835553169,5.285919189453125,-7.763992309570312,-10.35406494140625,-3.5839080810546875,3.3952178955078125,-0.119598388671875
2021-12-31,12,2,297.0174255371094,290.8304443359375,-4.208908081054688,-0.7301177978515625,0.625,91826.71875,265.94171142578125,280.83380126953125,289.77423095703125,0.0007813326083123,0.0080710425972938,0.0121331922709941,3.468658447265625,-7.8227996826171875,-9.34375,-1.442047119140625,3.852874755859375,-1.9879913330078125
2021-12-31,18,3,292.94488525390625,291.2962646484375,-3.9869384765625,-0.2868194580078125,5.0,92072.96875,266.0042724609375,281.7462158203125,288.09344482421875,0.0007998375222086,0.0073234140872955,0.0118780769407749,3.648727416992188,-5.40185546875,-12.389801025390623,-3.78070068359375,4.268646240234375,1.5316925048828125
2022-01-01,0,0,293.2191162109375,291.14654541015625,-3.4168853759765625,-0.8751373291015625,8.125,91964.0625,265.4044494628906,281.5750427246094,287.4389343261719,0.0009266121778637,0.0066714733839035,0.0118278041481971,1.5842437744140625,-3.1289825439453125,-11.139480590820312,-5.4540863037109375,2.3424530029296875,0.1193389892578125
2022-01-01,6,1,298.0091247558594,291.0433349609375,-5.616455078125,-0.19940185546875,16.625,92112.84375,265.25750732421875,280.8005676269531,288.9548034667969,0.0010183518752455,0.0072645880281925,0.0118981078267097,-0.6116790771484375,-2.8519287109375,-9.248321533203123,-3.823211669921875,1.0858154296875,-0.250274658203125
2022-01-01,12,2,297.2505798339844,290.958984375,-3.1112823486328125,-0.907684326171875,68.875,91817.78125,265.6671447753906,280.6148681640625,290.11505126953125,0.0009668574202805,0.007750391960144,0.012181956321001,0.5578460693359375,-4.83154296875,-7.107513427734375,0.235443115234375,0.3729705810546875,-1.154388427734375
2022-01-01,18,3,293.15924072265625,291.584228515625,-3.372909545898437,-1.0315704345703125,1.125,92070.0625,266.234375,281.0534973144531,288.4023742675781,0.00095074204728,0.0068358443677425,0.0113862752914428,3.59783935546875,-4.145660400390625,-9.910491943359377,1.3359832763671875,0.855712890625,-2.32196044921875
2022-01-02,0,0,292.55633544921875,290.76666259765625,-2.908905029296875,-0.234649658203125,7.25,91891.765625,266.2825927734375,280.8658142089844,288.4710693359375,0.0009756074286997,0.0063348822295665,0.009724672883749,5.4879150390625,-3.3111114501953125,-10.4168701171875,3.228012084960937,-0.664276123046875,0.5433807373046875
2022-01-02,6,1,298.87432861328125,288.5087585449219,-4.3451690673828125,0.4543304443359375,0.0,92018.40625,265.89129638671875,281.39654541015625,289.30535888671875,0.0006869388744235,0.005542617291212,0.0103960372507572,7.167083740234375,-3.961868286132813,-6.939697265625,1.0712738037109375,0.042755126953125,0.3768768310546875
2022-01-02,12,2,298.43328857421875,289.3623046875,-3.706451416015625,0.9002227783203125,0.0,91665.421875,266.447998046875,281.87322998046875,291.0041198730469,0.0004483943339437,0.0058243162930011,0.0106803104281425,9.224822998046877,0.4517669677734375,-7.192047119140625,0.9077301025390624,0.26519775390625,0.5139923095703125
2022-01-02,18,3,292.6255798339844,291.202880859375,-3.4242095947265625,-0.395416259765625,0.125,91929.296875,267.11065673828125,281.75946044921875,288.34326171875,0.0002946108579635,0.0054098293185234,0.0111837200820446,9.776824951171877,1.8966827392578125,-7.7971649169921875,-1.8251800537109373,0.00830078125,-1.4262542724609375
2022-01-03,0,0,291.292724609375,289.96014404296875,-3.0852813720703125,0.0287017822265625,2.25,91767.09375,267.1773376464844,281.200439453125,288.77984619140625,0.0003423987654969,0.0040487684309482,0.007956963032484,9.085311889648438,2.485702514648437,-7.732574462890625,-5.9785919189453125,-1.498199462890625,-2.23980712890625
2022-01-03,6,1,298.5206604003906,287.6163330078125,-3.1724090576171875,-0.3188323974609375,0.0,91950.46875,267.3072814941406,281.24853515625,288.9154663085937,0.0004276274703443,0.0029648928903043,0.0093243569135665,7.040496826171875,3.1716461181640625,-5.014007568359375,-5.23028564453125,-3.3620147705078125,-0.9897308349609376
2022-01-03,12,2,299.3049621582031,286.37420654296875,-2.119537353515625,0.0370025634765625,1.375,91682.328125,266.9798583984375,280.2000732421875,292.1346740722656,0.0004903324879705,0.0024576045107096,0.0087340697646141,7.868759155273437,2.3772735595703125,-4.1004791259765625,-7.0460357666015625,-5.172607421875,-0.385894775390625
2022-01-03,18,3,291.90704345703125,289.8377380371094,-3.07110595703125,0.355438232421875,0.0,91939.40625,266.538818359375,282.92938232421875,288.3016357421875,0.0006292106118053,0.001082562142983,0.0103282742202281,6.98321533203125,-0.319580078125,-5.445587158203125,-7.522430419921875,-4.150238037109375,0.3323516845703125
2022-01-04,0,0,291.93951416015625,290.40777587890625,-2.191619873046875,-0.5621795654296875,8.125,91826.59375,266.05572509765625,282.5797119140625,288.37451171875,0.0006437774281948,0.0011760075576603,0.0082085952162742,3.4818572998046875,0.6489715576171875,-2.7925567626953125,-8.596511840820312,-1.83056640625,-4.5274658203125
2022-01-04,6,1,297.83575439453125,285.9458923339844,-2.896591186523437,-1.3363800048828125,0.0,91969.859375,266.2284545898437,282.1255187988281,288.6935729980469,0.0007237622048705,0.0012485263869166,0.0081094726920127,5.928436279296875,0.4615936279296875,-4.3676300048828125,-4.62750244140625,-1.3283538818359375,-2.527984619140625
2022-01-04,12,2,297.9524230957031,285.8289794921875,-2.036239624023437,-0.1408538818359375,0.0,91667.265625,266.6748046875,282.80108642578125,291.0863647460937,0.0008997160475701,0.0010108135174959,0.0075663924217224,6.7628326416015625,3.877151489257813,-3.7577972412109375,-6.276031494140625,-4.45281982421875,-0.4142913818359375
2022-01-04,18,3,290.61651611328125,288.00225830078125,-2.9792938232421875,0.7258758544921875,0.0,91926.859375,266.8138122558594,283.3214111328125,287.74591064453125,0.0008651460520923,0.0007259510457515,0.009391751140356,5.8405303955078125,-2.1468658447265625,-4.433380126953125,-7.2470245361328125,-1.7833709716796875,2.9490509033203125
2022-01-05,0,0,291.0325012207031,289.32830810546875,-2.3616943359375,-0.1382904052734375,5.0,91827.09375,266.524658203125,281.64111328125,287.736083984375,0.0008585769683122,0.0008648599032312,0.0084394849836826,2.085693359375,1.6437530517578125,-0.5201873779296875,-6.4686431884765625,1.7928924560546875,0.4890289306640625
2022-01-05,6,1,297.82403564453125,287.329833984375,-0.449462890625,0.028778076171875,0.0,91967.703125,267.1693725585937,283.25146484375,288.6793212890625,0.0007610539905726,0.0007250083144754,0.0088408403098583,1.423492431640625,2.9438018798828125,-0.5281829833984375,-5.865890502929688,0.933624267578125,-0.4849395751953125
2022-01-05,12,2,299.6119689941406,287.65203857421875,0.51470947265625,0.71954345703125,0.0,91670.078125,267.6180725097656,282.566650390625,291.82977294921875,0.0007234080694615,0.0008353095036,0.0081456564366817,5.141403198242188,4.3159942626953125,0.8603973388671875,-8.390274047851562,1.6259918212890625,0.61474609375
2022-01-05,18,3,292.1904296875,288.3759155273437,-2.698211669921875,0.5609283447265625,0.0,91878.640625,267.0597229003906,285.07440185546875,289.3723449707031,0.0007405818905681,0.0006611426360905,0.0096097588539123,3.769577026367188,2.964508056640625,-2.1371307373046875,-5.3882598876953125,0.6584930419921875,3.464218139648437
2022-01-06,0,0,292.49615478515625,291.21112060546875,-2.602035522460937,0.7972259521484375,6.625,91762.921875,267.818359375,283.31396484375,289.7464599609375,0.0006840699352324,0.0009051926899701,0.007581241428852,4.550689697265625,5.21441650390625,0.279022216796875,-3.2719879150390625,0.79608154296875,1.23828125
2022-01-06,6,1,298.1849670410156,288.39373779296875,-1.58062744140625,0.7565765380859375,0.0,91867.015625,268.1258239746094,283.00067138671875,289.7550048828125,0.0006350639741867,0.0011960584670305,0.0090418756008148,5.402435302734375,4.04217529296875,-2.3011932373046875,-2.173431396484375,-0.6620635986328125,0.2510528564453125
2022-01-06,12,2,299.37457275390625,287.9353332519531,-0.5500030517578125,1.64715576171875,0.0,91542.796875,267.7518005371094,282.951416015625,292.2850646972656,0.0007266290485858,0.0016033470164984,0.0091490969061851,7.111862182617188,4.1800384521484375,-0.9111785888671876,-3.238922119140625,1.243988037109375,2.456283569335937
2022-01-06,18,3,292.6697998046875,289.67236328125,-2.7559356689453125,1.47027587890625,0.0,91742.28125,267.2534484863281,284.92596435546875,289.9052734375,0.000769562087953,0.0006267987191677,0.0103114172816276,5.2841339111328125,2.946395874023437,-2.05487060546875,-1.5618133544921875,5.75848388671875,3.535858154296875
2022-01-07,0,0,293.46990966796875,291.62066650390625,-2.467269897460937,1.8609466552734373,3.1875,91748.953125,266.3388061523437,284.0745849609375,288.2586975097656,0.0007820525206625,0.0003022898454219,0.0106886699795722,6.87847900390625,1.4178314208984375,-1.6938629150390625,0.468170166015625,5.0457611083984375,6.2200775146484375
2022-01-07,6,1,298.68756103515625,289.5100402832031,-1.3614501953125,2.35662841796875,1.25,91911.90625,267.3489685058594,283.755126953125,289.72430419921875,0.0007129642181098,0.0004606135189533,0.0103806033730506,5.9579925537109375,2.0768280029296875,-1.76763916015625,1.250152587890625,4.712081909179688,3.0271759033203125
2022-01-07,12,2,299.5092468261719,287.6771850585937,-0.7747039794921875,2.344970703125,0.0,91594.53125,267.5037841796875,283.78057861328125,292.2514343261719,0.0007800278253853,0.000828379066661,0.0094223320484161,6.506759643554688,1.5116424560546875,-1.095458984375,2.57086181640625,5.4349365234375,3.83404541015625
2022-01-07,18,3,293.05377197265625,289.38922119140625,-2.7386627197265625,2.330307006835937,0.0,91849.6875,267.43585205078125,283.25146484375,290.23944091796875,0.000744002405554,0.0012201045174151,0.010061677545309,4.516357421875,2.941680908203125,-1.1346893310546875,1.982330322265625,7.779296875,6.490081787109375
2022-01-08,0,0,293.131591796875,291.8124084472656,-2.405029296875,1.51214599609375,5.25,91749.046875,266.5325622558594,284.00762939453125,288.8716735839844,0.0007216199301183,0.0017885407432913,0.0091988109052181,4.20068359375,1.93048095703125,0.5043182373046875,0.5514373779296875,10.4644775390625,5.9012298583984375
2022-01-08,6,1,298.4063720703125,289.9378356933594,-1.152252197265625,1.4746551513671875,0.0,91953.828125,266.76824951171875,283.31964111328125,289.2298583984375,0.0006534215062856,0.0025657387450337,0.0107250474393367,2.7919464111328125,4.484466552734375,-1.3162841796875,4.297882080078125,7.5473480224609375,1.650543212890625
2022-01-08,12,2,299.6194763183594,288.62158203125,0.102447509765625,2.224594116210937,19.0,91663.53125,267.5318603515625,282.4443359375,291.7138061523437,0.0005539974663406,0.0031827250495553,0.0102972462773323,5.3817901611328125,3.741867065429688,0.2608489990234375,2.84698486328125,1.1862640380859375,3.150009155273437
2022-01-08,18,3,293.1717834472656,289.9900207519531,-3.498077392578125,1.5301666259765625,0.0,91805.71875,267.0252990722656,283.7688293457031,289.53369140625,0.0005822747480124,0.0016027812380343,0.0108875557780265,6.407928466796875,4.3260650634765625,-3.996307373046875,0.8351287841796875,5.503341674804688,4.3482513427734375
2022-01-09,0,0,293.71661376953125,291.41265869140625,-2.227890014648437,1.4876861572265625,9.125,91675.3125,266.5155639648437,283.6034240722656,288.50250244140625,0.0005208036745898,0.0016936587635427,0.0098985135555267,6.3175201416015625,2.8676910400390625,-1.148590087890625,2.7790985107421875,4.44635009765625,3.6610260009765625
2022-01-09,6,1,298.7382202148437,289.412841796875,-0.9455718994140624,1.3139495849609375,0.0,91817.671875,267.1993103027344,282.115234375,289.8578491210937,0.000411789631471,0.002409333596006,0.0106618106365203,5.41461181640625,3.606002807617188,-1.2191314697265625,3.33184814453125,2.8817596435546875,1.4106903076171875
2022-01-09,12,2,300.1837463378906,287.7416381835937,0.4387054443359375,1.4147186279296875,1.75,91495.75,267.4702453613281,281.43951416015625,292.8013610839844,0.0003819565754383,0.0028872303664684,0.009474404156208,5.0883636474609375,2.9047393798828125,0.994537353515625,5.5023193359375,-0.5411224365234375,1.976318359375
2022-01-09,18,3,293.1849365234375,289.9541015625,-2.88909912109375,1.904937744140625,0.0,91739.703125,266.83807373046875,282.3117980957031,289.7872009277344,0.0004414729773998,0.0020609011407941,0.0113782100379467,4.2753753662109375,5.717453002929688,-2.7902984619140625,5.812026977539063,2.3262939453125,5.906585693359375
2022-01-10,0,0,292.1334228515625,290.76544189453125,-1.7369232177734375,1.2677001953125,4.5,91647.078125,265.37945556640625,281.625,289.6243896484375,0.0005389838479459,0.0025656544603407,0.0104173570871353,6.103286743164063,4.501312255859375,-0.1578216552734375,6.693405151367188,2.58355712890625,5.3533935546875
2022-01-10,6,1,299.5887145996094,289.5536193847656,0.1817169189453125,1.6725921630859375,2.625,91778.0,266.842041015625,282.6034545898437,290.620361328125,0.0004673292860388,0.0019874339923262,0.0108442530035972,6.9374847412109375,1.9610748291015625,0.15765380859375,7.9907379150390625,4.7125091552734375,1.8394775390625
2022-01-10,12,2,300.1234436035156,288.1552734375,-1.2448272705078125,2.4597625732421875,0.0,91508.78125,267.69384765625,280.4144287109375,292.693115234375,0.0005013097543269,0.0054725706577301,0.0100836269557476,11.375473022460938,1.4044036865234375,-1.87469482421875,7.728729248046875,1.46124267578125,3.5848541259765625
2022-01-10,18,3,293.6850280761719,289.9046936035156,-2.6726531982421875,1.514862060546875,0.625,91751.859375,267.4085693359375,280.3051452636719,290.044677734375,0.0005048795137554,0.0048349797725677,0.0109277889132499,11.819732666015623,2.8471221923828125,-3.759689331054688,8.374801635742188,2.448394775390625,6.17138671875
2022-01-11,0,0,292.60333251953125,291.00048828125,-1.4811859130859375,0.8858184814453125,0.0,91660.171875,266.378662109375,280.20965576171875,290.5995788574219,0.0004739048890769,0.0040859691798686,0.007622305303812,14.539352416992188,3.018157958984375,-0.834320068359375,8.175338745117188,2.2222900390625,3.7108001708984375
2022-01-11,6,1,299.7099304199219,288.6998291015625,-0.5148468017578125,2.035873413085937,0.0,91799.390625,266.7313537597656,281.43438720703125,290.6698303222656,0.0002866133581846,0.0021737269125878,0.0098767094314098,16.115768432617188,5.525909423828125,-0.668060302734375,6.667144775390625,1.5989532470703125,2.5835723876953125
2022-01-11,12,2,300.6614685058594,287.7879638671875,0.3700103759765625,1.6238861083984375,0.0,91509.703125,266.8441772460937,280.46337890625,293.4937438964844,0.0001925928081618,0.0034487845841795,0.0093396119773387,18.897491455078125,4.804611206054688,1.1445159912109375,0.988525390625,0.8765716552734375,2.837982177734375
2022-01-11,18,3,294.0887451171875,289.9520874023437,-2.4174957275390625,1.82379150390625,0.0,91674.734375,267.21160888671875,280.775390625,291.5394287109375,0.0001914808381116,0.0028014606796205,0.0101900435984134,17.22607421875,6.637374877929688,-0.4200286865234375,0.52142333984375,1.6107635498046875,5.194488525390625
2022-01-12,0,0,293.4336242675781,292.23455810546875,-1.0936279296875,0.9032135009765624,41.75,91620.59375,266.5965576171875,281.2493896484375,288.9423828125,0.0001835213479353,0.0016240235418081,0.0108860619366168,15.945053100585938,7.34954833984375,2.0372467041015625,-0.01324462890625,3.04718017578125,6.434982299804688
2022-01-12,6,1,300.1781005859375,289.2729797363281,1.1316986083984375,2.733993530273437,0.0,91767.6875,266.4638977050781,281.1363525390625,290.73162841796875,0.0002357040939386,0.0019065435044467,0.0105124078691005,16.083084106445312,5.96136474609375,1.6893157958984375,-0.922393798828125,3.537994384765625,3.615280151367188
2022-01-12,12,2,300.8684387207031,286.99432373046875,1.66705322265625,1.627685546875,0.0,91468.71875,265.8226318359375,280.73992919921875,293.19000244140625,0.0003335932269692,0.0016097882762551,0.00883075222373,15.653549194335938,6.422164916992188,3.2039031982421875,-1.8238525390625,3.074935913085937,2.7454986572265625
2022-01-12,18,3,293.90545654296875,290.6048583984375,-1.36083984375,2.126922607421875,119.875,91677.203125,266.7228698730469,278.3646240234375,291.2337341308594,0.0002960190176963,0.0042425878345966,0.0108825005590915,19.897918701171875,6.21771240234375,-0.100311279296875,1.16265869140625,2.2200164794921875,6.141876220703125
2022-01-13,0,0,292.81939697265625,290.7807922363281,-0.2658843994140625,1.9137115478515625,1.125,91571.265625,265.68902587890625,280.1434326171875,288.8669128417969,0.0003210054710507,0.0013063843362033,0.0110261663794517,18.7974853515625,9.541671752929688,3.0582275390625,-0.12078857421875,5.466232299804688,6.8991546630859375
2022-01-13,6,1,300.03564453125,288.80712890625,1.9344024658203125,2.894195556640625,0.0,91732.203125,265.49542236328125,281.04376220703125,290.38531494140625,0.0003325878642499,0.0014165444299578,0.0106566101312637,17.350753784179688,8.49261474609375,2.788116455078125,-0.1001434326171875,5.591522216796875,4.1787109375
2022-01-13,12,2,300.66375732421875,284.6348876953125,2.20025634765625,1.3182220458984375,0.0,91423.984375,264.8900146484375,280.6455078125,292.8631591796875,0.0005006229039281,0.0017619875725358,0.0075904056429862,17.977218627929688,8.42584228515625,4.39678955078125,1.2860107421875,4.515060424804688,2.412338256835937
2022-01-13,18,3,292.8685302734375,286.68438720703125,-1.21124267578125,0.40460205078125,0.0,91618.78125,266.75421142578125,278.7356872558594,292.5170288085937,0.0003665052354335,0.003503011772409,0.0070264115929603,20.76791381835937,6.5851898193359375,1.4599761962890625,5.670440673828125,5.0450439453125,0.4752349853515625
2022-01-14,0,0,292.278076171875,290.3565368652344,-1.561065673828125,1.24481201171875,16.25,91525.96875,266.0767822265625,281.08953857421875,289.1866760253906,0.0005314468871802,0.0015057404525578,0.0113026611506938,22.14244079589844,12.999343872070312,1.3492279052734375,5.923355102539063,6.2257080078125,5.549041748046875
2022-01-14,6,1,300.18896484375,288.2597351074219,1.321624755859375,2.1096343994140625,0.75,91788.21875,266.131591796875,279.886474609375,290.2286376953125,0.0005474470090121,0.003236808348447,0.0105874650180339,21.219635009765625,9.577545166015623,1.9315948486328125,4.58990478515625,7.0129241943359375,2.959197998046875
2022-01-14,12,2,300.8717041015625,285.8017578125,1.3790740966796875,1.74749755859375,0.0,91386.03125,265.8262939453125,281.07293701171875,293.0259704589844,0.0005815161857753,0.002233583247289,0.0087062045931816,20.858428955078125,10.464691162109377,2.9779052734375,3.6578521728515625,3.73541259765625,2.6335906982421875
2022-01-14,18,3,292.68536376953125,290.41265869140625,-1.511688232421875,1.442626953125,4.0,91625.796875,266.6181030273437,281.2119140625,292.42401123046875,0.0002240090834675,0.0011702210176736,0.0082659423351287,19.6610107421875,8.797622680664062,1.6663665771484375,2.01849365234375,0.6371612548828125,1.1455535888671875
2022-01-15,0,0,292.8124389648437,290.7416381835937,-0.1979522705078125,-1.229888916015625,7.375,91583.8125,267.2227478027344,280.99346923828125,288.9594116210937,7.816099969204515e-05,0.0014360644854605,0.0118032246828079,15.227096557617188,8.956741333007812,2.4040069580078125,-0.189300537109375,2.060211181640625,3.04095458984375
2022-01-15,6,1,299.64373779296875,288.1715393066406,0.017425537109375,1.435821533203125,0.0,91770.578125,267.08062744140625,281.16522216796875,290.5570068359375,0.0001660191774135,0.0018527267966419,0.0105238035321235,14.30047607421875,6.8827972412109375,0.0173492431640625,-3.066497802734375,2.2461700439453125,1.7992095947265625
2022-01-15,12,2,301.2302551269531,286.5585327148437,0.7873687744140625,0.6237030029296875,0.0,91482.1875,266.4935302734375,280.1197509765625,293.6976928710937,0.0002045188302872,0.0035601342096924,0.008286103606224,14.538589477539062,2.413299560546875,1.0397186279296875,-0.7628326416015625,0.81854248046875,0.5632476806640625
2022-01-15,18,3,294.3316650390625,291.177978515625,-3.508758544921875,0.730926513671875,80.25,91749.65625,267.41094970703125,280.9857788085937,290.0269470214844,0.000196274893824,0.0019867706578224,0.0120353363454341,12.37725830078125,7.2089691162109375,-4.60235595703125,0.594085693359375,1.8532562255859373,3.53533935546875
2022-01-16,0,0,293.09625244140625,291.47589111328125,-2.803863525390625,1.056365966796875,59.5,91659.609375,267.74591064453125,279.897216796875,289.1717834472656,0.0001453261211281,0.0013930592685937,0.0107684917747974,12.791213989257812,5.055511474609375,-5.1640167236328125,-1.4722442626953125,1.1355743408203125,3.589202880859375
2022-01-16,6,1,299.92413330078125,288.49365234375,-3.02471923828125,0.8766937255859375,1.75,91912.0625,267.71441650390625,279.9718017578125,290.16845703125,0.0001455143938073,0.0017566778697073,0.0104612223803997,10.852783203125,2.27313232421875,-4.2902374267578125,-2.485321044921875,1.118743896484375,1.0398406982421875
2022-01-16,12,2,301.0364074707031,285.81353759765625,-1.5050506591796875,0.8166351318359375,0.0,91628.53125,267.518798828125,278.9481811523437,292.80108642578125,0.0001551353634567,0.0025765970349311,0.0085981711745262,9.5958251953125,1.99224853515625,-2.194000244140625,-3.1861572265625,-0.5194244384765625,0.720550537109375
2022-01-16,18,3,292.992919921875,291.15509033203125,-4.108184814453125,0.61199951171875,0.875,91913.34375,267.7283630371094,280.41455078125,288.93145751953125,0.0001592396292835,0.0022827254142612,0.0108966790139675,8.705429077148438,2.505126953125,-7.78741455078125,-4.283950805664063,-0.9054412841796876,2.18115234375
2022-01-17,0,0,292.3879699707031,290.2645874023437,-2.708847045898437,-0.07598876953125,22.625,91845.15625,268.2567749023437,278.46783447265625,289.0333251953125,0.0001489702408434,0.0034457566216588,0.0083517292514443,7.418609619140625,1.131866455078125,-6.6674652099609375,-5.72894287109375,-1.957122802734375,1.877197265625
2022-01-17,6,1,298.8641357421875,287.93719482421875,-2.50299072265625,-0.2028961181640625,0.125,92078.640625,266.35723876953125,278.649169921875,289.1878662109375,0.0001701470464468,0.0038035826291888,0.0100218057632446,2.952606201171875,-0.9510040283203124,-3.756790161132813,-2.835906982421875,-1.4559173583984375,-0.526123046875
2022-01-17,12,2,300.2548522949219,286.753173828125,-2.569091796875,-0.804840087890625,0.0,91747.203125,267.5375671386719,279.2073974609375,291.8052978515625,0.0001502405066275,0.0037933893036097,0.0087944529950618,6.8118743896484375,0.97210693359375,-3.586334228515625,-0.647003173828125,-0.477935791015625,-1.3277130126953125
2022-01-17,18,3,291.9488830566406,290.214111328125,-2.94195556640625,0.450408935546875,0.0,92053.21875,267.8170166015625,280.0853271484375,288.59454345703125,0.0001226331514772,0.0026177591644227,0.0106206312775611,7.62847900390625,2.2135162353515625,-6.49310302734375,-1.7336883544921875,-3.454254150390625,-0.756500244140625
2022-01-18,0,0,291.0103759765625,288.73193359375,-2.014556884765625,-0.10302734375,0.0,91919.046875,267.03521728515625,279.06939697265625,288.5583190917969,0.0001356080611003,0.0037443910259753,0.0090600661933422,5.9000396728515625,2.56805419921875,-5.3458251953125,-3.2311248779296875,-2.2294921875,-0.193511962890625
2022-01-18,6,1,298.8962097167969,287.8334350585937,-3.3343048095703125,-0.3036346435546875,0.0,91969.5,267.2632141113281,279.1998291015625,288.9584655761719,0.0002585035399533,0.0045280922204256,0.009552888572216,5.591842651367188,4.2896270751953125,-4.802658081054688,-3.0028533935546875,-0.1283111572265625,-0.7182769775390625
2022-01-18,12,2,299.9873962402344,286.10369873046875,-0.899688720703125,-1.24212646484375,14.6875,91593.859375,266.6507568359375,277.2128601074219,292.1085510253906,0.0002831853926181,0.0068000443279743,0.0081756934523582,8.214141845703125,0.524871826171875,-1.253997802734375,-0.559783935546875,-2.7760009765625,-2.1581573486328125
2022-01-18,18,3,293.5572509765625,288.8765869140625,-2.7498016357421875,0.288177490234375,28.875,91857.546875,267.802734375,282.4495849609375,288.1319580078125,0.0001638655521674,0.0002318736806046,0.0112458877265453,10.466354370117188,-0.892120361328125,-6.222625732421875,-2.717926025390625,-11.949295043945312,-0.3994598388671875
2022-01-19,0,0,292.3487548828125,290.6048583984375,-2.212265014648437,0.4040069580078125,12.625,91745.953125,266.2190246582031,282.02978515625,288.05108642578125,0.0001438183826394,0.0008445610292255,0.0083927623927593,10.32550048828125,-3.533050537109375,-2.064056396484375,-4.704803466796875,-10.89593505859375,-3.7800445556640634
2022-01-19,6,1,298.81982421875,285.6816711425781,-1.433502197265625,-1.25506591796875,0.0,91900.234375,266.714599609375,282.104248046875,289.25506591796875,0.0001437293685739,0.0014551596250385,0.0077191106975078,3.160614013671875,-2.1031036376953125,-2.1593780517578125,-6.659683227539063,-7.286590576171875,-2.270736694335937
2022-01-19,12,2,300.3305053710937,285.16754150390625,-0.7362823486328125,-1.9854278564453125,0.0,91467.609375,267.6397705078125,279.905517578125,292.6676025390625,0.0002109418564941,0.0022601496893912,0.0072346404194831,-3.38934326171875,-0.23468017578125,-1.127960205078125,-7.75994873046875,-7.21844482421875,-3.185089111328125
2022-01-19,18,3,292.006591796875,285.0489196777344,-1.5882110595703125,-0.83612060546875,0.0,91753.21875,267.7098999023437,282.7796630859375,290.1851806640625,0.0002449955791234,0.0005020103417336,0.0074732117354869,-0.772216796875,-3.5689697265625,-1.8498382568359373,-2.5909881591796875,-10.051376342773438,-4.16436767578125
2022-01-20,0,0,289.9159545898437,287.7342224121094,-1.796722412109375,1.38238525390625,0.0,91549.484375,266.486572265625,282.43951416015625,289.1913146972656,0.000229656274314,0.0011085921432822,0.0070963203907012,4.84033203125,-4.192398071289063,1.6700439453125,-7.761642456054687,-9.562225341796877,-3.132537841796875
2022-01-20,6,1,299.47412109375,284.4824523925781,0.6285552978515625,-1.5106658935546875,0.0,91728.828125,267.7216186523437,282.52081298828125,290.5958557128906,0.0002757522743195,0.0015595853328704,0.0073172412812709,4.1874542236328125,-2.647491455078125,0.7032318115234375,-9.857589721679688,-7.9954071044921875,-2.702392578125
2022-01-20,12,2,301.4496459960937,283.3421630859375,0.4798583984375,-2.2436065673828125,0.0,91374.5625,270.73687744140625,281.1976928710937,293.78643798828125,0.0001937170163728,0.0026926405262202,0.0064857229590415,2.5622711181640625,-1.4771881103515625,0.7640533447265625,-10.807113647460938,-9.671859741210938,-4.145187377929688
2022-01-20,18,3,291.91766357421875,284.4738464355469,-1.837921142578125,-0.5708465576171875,0.0,91613.78125,270.5963134765625,281.6547241210937,292.3636474609375,9.873246017377824e-05,0.0027889728080481,0.0067418031394481,-0.22015380859375,-2.0680084228515625,-1.7650146484375,-8.844589233398438,-10.860305786132812,-2.145294189453125
2022-01-21,0,0,291.3106689453125,287.4888916015625,-1.866058349609375,1.4953765869140625,0.0,91527.734375,268.72393798828125,280.26715087890625,291.53253173828125,7.18703813618049e-05,0.0023426301777362,0.0066971965134143,2.7342987060546875,-1.533935546875,1.5403594970703125,-9.690170288085938,-10.609130859375,-1.570465087890625
2022-01-21,6,1,301.11480712890625,284.42315673828125,0.522735595703125,-0.99627685546875,0.0,91764.390625,268.1397705078125,281.0434265136719,292.5574951171875,8.494008216075599e-05,0.0011590246576815,0.0071897096931934,3.631256103515625,0.6924591064453125,0.311309814453125,-7.7707977294921875,-8.601348876953125,-2.458343505859375
2022-01-21,12,2,302.7620849609375,279.73199462890625,0.6212310791015625,-2.577056884765625,0.0,91408.03125,268.7998352050781,279.7290954589844,295.3236999511719,0.0001185388973681,0.004338826984167,0.0052729249000549,2.395263671875,0.4568634033203125,1.1862640380859375,-9.896194458007812,-5.5848541259765625,-5.818389892578125
2022-01-21,18,3,293.705078125,283.5514221191406,-0.987548828125,-0.854248046875,0.0,91635.734375,270.1170654296875,278.98614501953125,294.1630859375,0.000121958044474,0.003386169206351,0.0056681297719478,-0.0905914306640625,0.5839080810546875,0.8391571044921875,-7.034332275390625,-10.32708740234375,-3.5098419189453125
2022-01-22,0,0,291.67926025390625,285.2403564453125,1.5680084228515625,1.12994384765625,0.0,91485.484375,270.02880859375,278.4856872558594,291.5243835449219,0.0001431710988981,0.0036567810457199,0.0068263225257396,-0.1431427001953125,0.5707550048828125,3.159652709960937,-5.4700927734375,-11.310653686523438,-1.813323974609375
2022-01-22,6,1,300.2532958984375,286.0650634765625,2.166656494140625,-0.7723846435546875,0.0,91605.640625,270.2486572265625,280.3330383300781,292.1050720214844,0.0001892397558549,0.0024296229239553,0.0071618109941482,3.1866912841796875,-0.6478424072265625,3.10174560546875,-6.1699066162109375,-11.530670166015623,-1.7262725830078125
2022-01-22,12,2,302.45654296875,281.864013671875,1.5084686279296875,-1.0069122314453125,0.0,91254.3125,270.61639404296875,280.40069580078125,294.8912658691406,0.0002425021521048,0.0031732684001326,0.0063213966786861,6.723388671875,0.9850311279296876,3.1880340576171875,-6.2371978759765625,-7.716888427734375,-2.5602264404296875
2022-01-22,18,3,292.3346252441406,283.8064880371094,0.387237548828125,-2.6624908447265625,0.0,91440.234375,271.030517578125,280.3277282714844,294.03448486328125,0.0001581582182552,0.0020460016094148,0.0062082037329673,7.0809326171875,2.354522705078125,2.103851318359375,-5.2725677490234375,-2.6870880126953125,-2.030853271484375
2022-01-23,0,0,291.8526916503906,285.5636291503906,-0.700927734375,0.2500457763671875,0.0,91386.71875,270.74127197265625,280.2991027832031,291.26470947265625,0.0001500944927101,0.0013988614082336,0.0083519257605075,7.935256958007812,5.705841064453125,1.941375732421875,-5.41265869140625,-5.7175140380859375,0.392608642578125
2022-01-23,6,1,300.6932373046875,286.2786865234375,2.462142944335937,1.0458831787109375,0.0,91568.09375,271.337158203125,280.1424560546875,291.6967468261719,0.0001531569869257,0.0014056626241654,0.0085863955318927,5.2935333251953125,6.2431640625,3.4189605712890625,-6.553024291992188,-4.3085479736328125,1.36981201171875
2022-01-23,12,2,301.4530029296875,283.6722412109375,2.5601806640625,0.303985595703125,0.0,91302.640625,270.9751281738281,279.5068359375,293.78570556640625,0.0001583677803864,0.0036460882984101,0.006684087216854,6.1632232666015625,8.216720581054688,5.0066986083984375,-5.680267333984375,-1.8723907470703125,0.42694091796875
2022-01-23,18,3,292.9509582519531,283.0861511230469,1.3769989013671875,-1.458160400390625,0.0,91491.203125,271.0841064453125,281.2461853027344,291.9451904296875,0.0002245413488708,0.0016772078815847,0.0067858509719371,5.591232299804688,6.7183685302734375,4.0022735595703125,-7.20697021484375,-2.6834716796875,-3.9925689697265625
2022-01-24,0,0,290.2066650390625,286.3018493652344,0.1598968505859375,-1.980438232421875,0.0,91331.984375,271.0836486816406,281.32373046875,290.681640625,0.0002957129618152,0.000523941591382,0.0067902207374572,4.786392211914063,6.95721435546875,1.8093719482421875,-6.79547119140625,-1.6053466796875,-0.075775146484375
2022-01-24,6,1,299.392333984375,284.14483642578125,0.2261505126953125,0.4482421875,0.0,91553.125,271.37847900390625,280.6880187988281,290.336669921875,0.0002577737905085,0.0006341671105474,0.0074863880872726,3.3231658935546875,7.0196533203125,-0.0115509033203125,-6.575592041015625,0.8366241455078125,0.8566436767578125
2022-01-24,12,2,300.5296325683594,281.6419677734375,2.03448486328125,1.221710205078125,0.0,91239.5625,271.2286071777344,281.3650207519531,293.1185913085937,0.0002541102003306,0.0006279319059103,0.0056291073560714,4.257049560546875,5.007110595703125,3.3897705078125,-4.875579833984375,0.9492034912109376,2.145248413085937
2022-01-24,18,3,291.95721435546875,282.501953125,-1.043792724609375,-0.734161376953125,0.0,91432.890625,271.90142822265625,278.68865966796875,292.7406921386719,0.0002344250824535,0.0028392754029482,0.0064413622021675,3.792678833007813,1.2525634765625,1.62158203125,-3.071990966796875,1.8294525146484373,1.843536376953125
2022-01-25,0,0,291.5160827636719,285.762451171875,-0.839752197265625,-0.5378875732421875,33.625,91371.140625,270.94403076171875,283.3793640136719,288.2779846191406,0.0002502807183191,0.0001694218226475,0.0091510638594627,6.511474609375,2.52899169921875,0.2580108642578125,-4.990890502929688,-1.6234283447265625,2.8369293212890625
2022-01-25,6,1,299.32635498046875,286.2882080078125,0.1147308349609375,1.827178955078125,0.0,91574.546875,271.0198974609375,281.8841857910156,289.7541809082031,0.0002166576887248,0.0004624386783689,0.0084736831486225,3.1743927001953125,2.7624053955078125,0.144805908203125,-6.097991943359375,2.108505249023437,2.46533203125
2022-01-25,12,2,300.59100341796875,286.0062866210937,0.782440185546875,1.5348663330078125,0.0,91223.203125,271.01171875,280.0487365722656,292.9587097167969,0.0002077287790598,0.0018363723065704,0.0078596733510494,4.070037841796875,1.650421142578125,1.034271240234375,-4.8138580322265625,0.643157958984375,2.116485595703125
2022-01-25,18,3,292.9682922363281,288.8672180175781,-1.4034271240234375,0.57379150390625,87.75,91471.765625,271.23663330078125,279.36114501953125,290.81982421875,0.0001571746543049,0.00145283062011,0.0109667778015136,2.11083984375,1.8255767822265625,-0.6989593505859375,-6.5615081787109375,-0.223297119140625,2.630279541015625
2022-01-26,0,0,292.955810546875,290.6600341796875,-0.83837890625,2.3602294921875,72.625,91383.46875,271.3460998535156,282.4530639648437,287.9663391113281,0.0001582760451128,0.0013088197447359,0.0119310691952705,-0.3423614501953125,0.651519775390625,0.3035430908203125,-6.705856323242188,0.57379150390625,5.323654174804688
2022-01-26,6,1,298.5587158203125,288.5867004394531,-1.260345458984375,1.7612762451171875,8.0,91594.046875,269.990234375,282.5897216796875,289.740966796875,0.0002103168371831,0.0010417704470455,0.0104290880262851,-0.324859619140625,1.18157958984375,-1.88116455078125,-6.927520751953125,-0.276519775390625,2.308441162109375
2022-01-26,12,2,300.42535400390625,286.9998779296875,-0.222564697265625,1.761566162109375,19.25,91265.0,270.5116271972656,278.232421875,292.9573974609375,0.0001942513044923,0.0068017430603504,0.0089424401521682,-0.3430023193359375,-0.2675323486328125,-0.22808837890625,-8.366104125976562,-1.3046417236328125,2.1960906982421875
2022-01-26,18,3,294.6312255859375,289.3248596191406,-2.593002319335937,0.79473876953125,71.625,91603.453125,269.8870849609375,278.6103515625,289.430419921875,0.0002163074386771,0.007789984345436,0.010981161147356,-1.5764617919921875,1.38214111328125,-3.24945068359375,-8.224685668945312,0.1265716552734375,6.12298583984375
2022-01-27,0,0,293.8314819335937,291.1868591308594,-1.0563507080078125,1.9045867919921875,75.875,91475.203125,269.9219970703125,278.63104248046875,287.823486328125,0.0001764845364959,0.0069866031408309,0.0115138553082942,-0.07769775390625,-0.811737060546875,-0.6556396484375,-8.195281982421875,0.50299072265625,6.3629150390625
2022-01-27,6,1,297.98516845703125,289.23931884765625,-2.24560546875,1.620941162109375,8.25,91639.796875,269.8973388671875,280.0053100585937,289.9852294921875,0.0001577649090904,0.0051178187131881,0.0105227641761302,1.2168121337890625,-4.21905517578125,-3.3334503173828125,-4.719940185546875,-1.2612457275390625,2.042587280273437
2022-01-27,12,2,299.4963073730469,288.4081420898437,-3.0153961181640625,0.3078765869140625,7.5,91303.390625,270.93231201171875,279.2137451171875,292.130615234375,5.149973731022328e-05,0.0075206868350505,0.0100934952497482,0.355560302734375,-1.1881561279296875,-5.2904815673828125,-8.84051513671875,-3.1388702392578125,0.512115478515625
2022-01-27,18,3,293.8053894042969,290.54571533203125,-4.353759765625,0.290008544921875,5.25,91652.59375,270.8040771484375,280.724853515625,287.7559814453125,6.405219028238207e-05,0.0034363041631877,0.0118381865322589,-6.640167236328125,-3.6012725830078125,-8.508453369140625,-6.6920166015625,-2.084075927734375,0.5831298828125
2022-01-28,0,0,293.95831298828125,290.422607421875,-3.19970703125,-0.4750823974609375,50.375,91563.28125,270.9420166015625,277.663818359375,287.6851501464844,9.020815195981412e-05,0.0059836991131305,0.0103821232914924,-8.063461303710938,-4.4329833984375,-9.911087036132812,-7.8562469482421875,-0.13751220703125,0.091156005859375
2022-01-28,6,1,298.1246032714844,287.43096923828125,-5.361053466796875,0.00616455078125,0.0,91794.71875,270.0440368652344,281.671142578125,289.52459716796875,8.896573854144663e-05,0.0021911433432251,0.0094798542559146,-10.00396728515625,-5.1002960205078125,-8.175140380859375,-5.717254638671875,2.5360260009765625,-0.112152099609375
2022-01-28,12,2,297.71881103515625,288.7912902832031,-4.075164794921875,0.556243896484375,10.125,91512.28125,270.36041259765625,282.4583435058594,290.3878173828125,9.883849998004736e-05,0.0014375606551766,0.0100713819265365,-9.43902587890625,-4.910079956054688,-6.734466552734375,-7.143524169921875,-0.06488037109375,0.5792999267578125
2022-01-28,18,3,292.6546630859375,289.1377868652344,-3.2491912841796875,-0.8596954345703125,0.0,91791.53125,270.48681640625,284.678955078125,288.48956298828125,9.394691733177753e-05,0.0009072590619325,0.0103217214345932,-9.786544799804688,-10.357635498046877,-7.108856201171875,-4.335952758789063,-1.524658203125,0.02020263671875
2022-01-29,0,0,291.95245361328125,289.1688842773437,-3.219345092773437,-0.920074462890625,0.0,91653.34375,269.83447265625,284.66534423828125,288.7672424316406,9.883449820335954e-05,0.0006774610374122,0.0084500219672918,-8.700836181640625,-6.131881713867188,-6.75518798828125,-1.81292724609375,5.855728149414063,0.385101318359375
2022-01-29,6,1,298.90301513671875,286.86053466796875,-4.276123046875,0.567413330078125,0.0,91891.90625,268.5955810546875,285.51934814453125,289.62078857421875,0.0001050715509336,0.0015370373148471,0.0098038204014301,-7.752410888671875,-4.256118774414063,-6.719573974609375,-0.6755828857421875,5.638580322265625,0.7830810546875
2022-01-29,12,2,299.273193359375,289.8308410644531,-2.8136444091796875,1.5484466552734375,0.875,91576.46875,268.1591796875,284.6422119140625,291.7333984375,0.0001305442128796,0.0019428834784775,0.0113164074718952,-5.780975341796875,-1.3685302734375,-4.161834716796875,-3.431884765625,5.6522369384765625,2.4288482666015625
2022-01-29,18,3,293.82598876953125,290.5985107421875,-2.837387084960937,0.0776214599609375,4.375,91876.953125,269.00439453125,285.2518920898437,290.2440795898437,0.0001134001358877,0.0014280127361416,0.0112655945122241,-5.77197265625,-0.757537841796875,-2.644439697265625,-4.086196899414063,4.528533935546875,2.51507568359375
2022-01-30,0,0,292.2972106933594,291.0687255859375,-1.669952392578125,0.537841796875,4.25,91674.859375,267.9917297363281,284.7509765625,290.5018615722656,0.0001389446406392,0.0013135652989149,0.0104174688458442,-6.93939208984375,-1.3831634521484375,0.2149810791015625,-4.543960571289063,3.813995361328125,2.79949951171875
2022-01-30,6,1,300.0169677734375,290.15069580078125,-0.6086578369140625,0.7825164794921875,10.5,91835.25,267.9601135253906,284.11895751953125,290.6542663574219,0.0001751536328811,0.0013916152529418,0.0116450488567352,-6.71270751953125,-1.6267242431640625,-0.8255615234375,-5.3270416259765625,4.334396362304688,1.2809600830078125
2022-01-30,12,2,301.8705139160156,288.36962890625,-0.1796417236328125,1.255584716796875,20.25,91427.578125,268.6339111328125,280.12957763671875,294.1440734863281,0.0002031662588706,0.0065936343744397,0.0099097043275833,-6.168304443359375,-0.706878662109375,-0.178070068359375,-4.201446533203125,0.1688995361328125,1.361480712890625
2022-01-30,18,3,295.4403076171875,291.957763671875,-1.5228424072265625,1.2902984619140625,22.75,91714.5625,268.6874084472656,285.55865478515625,291.256591796875,0.0002049557806458,0.000682472018525,0.0123200491070747,-6.63238525390625,1.078033447265625,-1.5575714111328125,-5.815521240234375,0.2465362548828125,1.32177734375
2022-01-31,0,0,293.5454406738281,292.3839111328125,-1.56195068359375,0.8728179931640625,0.125,91531.390625,267.56842041015625,284.826904296875,290.38818359375,0.000253232603427,0.0005781464278697,0.0117477178573608,-5.3497161865234375,-1.237884521484375,1.10736083984375,-7.703125,-0.71337890625,0.71636962890625
2022-01-31,6,1,300.6912536621094,290.7974853515625,-0.4229736328125,0.2705230712890625,0.0,91747.09375,266.8795471191406,285.5256042480469,291.3805236816406,0.0002727840328589,0.000373221701011,0.0115792583674192,-6.9210052490234375,-1.9982147216796875,-0.525177001953125,-6.8202056884765625,-1.8729248046875,-0.209747314453125
2022-01-31,12,2,302.88232421875,288.6905212402344,0.1037445068359375,-0.24267578125,0.4375,91386.15625,267.2302551269531,281.479248046875,295.152587890625,0.0002240219619125,0.0059818923473358,0.0099730491638183,-5.036590576171875,-0.4485015869140625,0.076446533203125,-9.323837280273438,-1.733184814453125,-0.834869384765625
2022-01-31,18,3,296.6722717285156,289.80828857421875,-3.3786163330078125,0.543304443359375,9.0,91650.296875,267.82110595703125,283.8187866210937,291.31011962890625,0.0002264085633214,0.0018181700725108,0.0116730034351348,-6.473800659179688,1.8560943603515625,-4.69976806640625,-7.783126831054687,-4.31280517578125,4.031707763671875
2022-02-01,0,0,294.1354675292969,292.3646850585937,-1.8051300048828125,1.286865234375,1.25,91486.328125,267.259521484375,286.12811279296875,290.271484375,0.0003245882689952,0.0002253816346637,0.0118374414741992,-5.6641693115234375,-5.6933135986328125,0.8287506103515625,-7.614181518554687,-6.1127777099609375,2.1102294921875
2022-02-01,6,1,300.2350158691406,289.8592834472656,-1.0657196044921875,-1.2303924560546875,0.0,91698.203125,267.08428955078125,286.1806335449219,291.352294921875,0.00032346136868,0.0002356680342927,0.0106437318027019,-6.0843505859375,-4.3736419677734375,-1.4989166259765625,-10.957595825195312,-2.869598388671875,-2.1396942138671875
2022-02-01,12,2,302.60382080078125,287.2538452148437,-1.2421875,0.2131500244140625,0.0,91366.421875,267.87432861328125,284.9190673828125,294.9482116699219,0.0002309492992935,0.0004758842405863,0.008491676300764,-6.988296508789063,-3.2072906494140625,-1.75469970703125,-11.99176025390625,-2.593368530273437,0.0017852783203125
2022-02-01,18,3,294.6830444335937,289.43804931640625,-1.9463958740234373,0.7830963134765625,0.0,91594.421875,268.1840209960937,286.73016357421875,291.5230712890625,0.0002002499531954,0.0004321141168475,0.0105685479938983,-9.7598876953125,-7.55596923828125,-1.786895751953125,-9.343643188476562,-3.287811279296875,4.080825805664063
2022-02-02,0,0,292.4252319335937,290.500244140625,-1.705291748046875,0.48504638671875,0.0,91551.0625,268.3500366210937,285.5223999023437,290.6018371582031,0.0001448989642085,0.000325204571709,0.0107179470360279,-9.067291259765623,-4.75640869140625,1.244049072265625,-8.179000854492188,0.2256317138671875,0.9665374755859376
2022-02-02,6,1,301.0689697265625,289.2769470214844,-1.25762939453125,0.7145843505859375,0.0,91714.046875,268.0072631835937,285.2528686523437,291.8518981933594,0.0001812683767639,0.0003906290512531,0.0100102238357067,-8.9752197265625,-4.012710571289063,-1.9365234375,-7.82391357421875,0.26776123046875,0.5498809814453125
2022-02-02,12,2,303.1707458496094,288.59246826171875,-0.4621429443359375,0.2840118408203125,0.0,91444.046875,267.7230529785156,282.9098815917969,295.0009765625,0.0001821617915993,0.0024783769622445,0.0083526633679866,-7.5056610107421875,-0.6577301025390625,-0.5878143310546875,-3.85418701171875,-1.4237823486328125,-0.2729644775390625
2022-02-02,18,3,295.3407287597656,289.2362670898437,-2.841766357421875,1.0621337890625,0.0,91673.75,268.3111267089844,286.471435546875,291.65838623046875,0.0002046165027422,0.0009199385531246,0.009751658886671,-7.0338897705078125,-3.2012481689453125,-1.3094940185546875,-0.013519287109375,-0.892333984375,3.7739105224609375
2022-02-03,0,0,292.6646423339844,290.06121826171875,-1.4417572021484375,1.223052978515625,0.0,91534.515625,268.248291015625,285.4862670898437,290.01513671875,0.0002086686145048,0.0008988920599222,0.0102272350341081,-3.3692169189453125,-1.9515380859375,1.9167327880859373,2.701385498046875,0.0059051513671875,4.2572174072265625
2022-02-03,6,1,299.81903076171875,289.1643371582031,0.9804229736328124,1.91961669921875,0.0,91737.984375,268.12481689453125,284.8584289550781,291.06109619140625,0.0002201185125159,0.0008554733358323,0.0101874619722366,-0.833251953125,-0.1844024658203125,1.5118255615234375,1.4485626220703125,2.1957550048828125,2.1446685791015625
2022-02-03,12,2,301.8043212890625,288.1520690917969,2.3798980712890625,1.60699462890625,0.0,91372.0625,267.52056884765625,283.1264038085937,294.0708923339844,0.0001876855676528,0.001119588734582,0.0089812390506267,2.937042236328125,4.945465087890625,4.0413360595703125,0.5906219482421875,-0.80108642578125,2.0360107421875
2022-02-03,18,3,296.456787109375,288.5758056640625,2.128448486328125,1.41082763671875,1.0,91560.078125,267.5745849609375,282.201904296875,292.92352294921875,0.0001783872285159,0.003042101394385,0.0092087015509605,4.810455322265625,6.2647705078125,6.9054107666015625,0.4274139404296875,-0.061279296875,1.988677978515625
2022-02-04,0,0,292.52783203125,290.0267639160156,1.2163848876953125,1.2171783447265625,0.0,91414.609375,266.25341796875,284.3917236328125,292.0259704589844,0.0001702559384284,0.0005780209321528,0.0047731213271617,7.560623168945312,8.060195922851562,6.733245849609375,-1.98577880859375,-1.3596649169921875,2.31689453125
2022-02-04,6,1,300.55682373046875,283.4537353515625,2.9740753173828125,0.2972869873046875,0.0,91610.265625,266.400146484375,284.33856201171875,291.5257568359375,0.000215565713006,0.00074272044003,0.0055610761046409,9.288192749023438,8.03125,4.4810638427734375,-2.842620849609375,-1.5013275146484375,0.351531982421875
2022-02-04,12,2,302.4051818847656,282.8006591796875,1.666717529296875,-0.4825897216796875,0.0,91286.171875,266.9800109863281,283.071533203125,294.9864196777344,0.0001616886729607,0.0006864564493298,0.0051153935492038,5.69512939453125,6.679229736328125,3.5386505126953125,-7.5268402099609375,-1.5646514892578125,-1.1339569091796875
2022-02-04,18,3,293.655029296875,283.7931823730469,-0.908782958984375,-2.1573486328125,0.0,91500.296875,267.779541015625,283.5159912109375,294.36102294921875,0.0001255530369235,0.0008203010074794,0.0052227489650249,1.1049041748046875,3.58013916015625,-0.2141571044921875,-7.0119171142578125,-1.427276611328125,1.4549407958984375
2022-02-05,0,0,291.7528686523437,288.2412109375,-1.77398681640625,0.08319091796875,0.0,91406.390625,267.3280029296875,283.1045837402344,291.194091796875,0.0001335789274889,0.0006344551220536,0.0071882642805576,-2.2539825439453125,8.158935546875,-1.782318115234375,-3.3775787353515625,-3.643402099609375,1.801666259765625
2022-02-05,6,1,300.19305419921875,287.8936767578125,-0.4006195068359375,2.484344482421875,0.0,91669.359375,266.0403747558594,282.7694702148437,291.5364990234375,0.0001719348219921,0.000582535052672,0.0081552974879741,-1.2784271240234375,5.0938873291015625,-0.292236328125,-4.349853515625,-1.669403076171875,3.3311920166015625
2022-02-05,12,2,302.7452392578125,285.135986328125,0.835968017578125,0.3958587646484375,0.0,91340.796875,267.4252624511719,281.78729248046875,294.894775390625,0.0002416680799797,0.0015456282999366,0.0061653479933738,-0.6525726318359375,2.9404296875,1.3274383544921875,-3.3444976806640625,-3.54241943359375,0.232086181640625
2022-02-05,18,3,294.1504211425781,288.55389404296875,-2.4368133544921875,0.1298675537109375,0.0,91622.34375,267.5350341796875,285.3582763671875,292.5498046875,0.0002434444613754,0.0004271329380571,0.008736103773117,-0.357940673828125,-1.8517913818359373,-2.316024780273437,-0.6778564453125,-4.868942260742188,2.5897674560546875
2022-02-06,0,0,294.0718994140625,292.08990478515625,-3.318954467773437,1.258758544921875,0.25,91600.46875,267.2615966796875,284.5426025390625,289.35675048828125,0.0002407120191492,0.0002972201036754,0.010902464389801,1.7025146484375,-6.0097503662109375,-3.87255859375,-4.821868896484375,0.1372222900390625,4.1911163330078125
2022-02-06,6,1,299.46453857421875,289.982421875,-1.8614349365234373,1.6248321533203125,5.625,91861.484375,267.6793212890625,284.476318359375,290.20458984375,0.0002219956950284,0.000293331220746,0.010563388466835,-2.48406982421875,-4.2945404052734375,-2.672210693359375,-4.606048583984375,0.176788330078125,1.872955322265625
2022-02-06,12,2,301.4382019042969,287.9154663085937,-1.1806182861328125,1.5498199462890625,7.625,91584.96875,268.0773620605469,279.1642150878906,293.3822937011719,0.0002141237928299,0.0068131741136312,0.0093319788575172,-2.4140777587890625,-1.645111083984375,-1.785247802734375,-5.5244140625,-1.99462890625,1.7108917236328125
2022-02-06,18,3,294.89715576171875,290.29254150390625,-3.5608062744140625,1.536529541015625,5.125,91886.03125,268.531494140625,283.5194396972656,289.8304138183594,0.0002184323966503,0.0009317782241851,0.0116920731961727,-3.5653076171875,-3.76263427734375,-5.227294921875,-4.716094970703125,1.10113525390625,4.416427612304688
2022-02-07,0,0,293.43896484375,291.758544921875,-1.5792236328125,1.22467041015625,6.5,91713.125,268.644775390625,283.1223449707031,288.6859741210937,0.0001885239762486,0.0007611266337335,0.0114438459277153,-0.0873260498046875,-5.568267822265625,0.9707489013671876,-3.1899871826171875,0.8314361572265625,2.506698608398437
2022-02-07,6,1,299.0031433105469,289.58770751953125,-0.85260009765625,-0.0599365234375,11.625,91915.765625,268.206298828125,283.6358337402344,290.180419921875,0.0002024276473093,0.0006630693096667,0.0108402613550424,-3.59259033203125,-4.066818237304688,-1.4043426513671875,-2.48748779296875,-0.18499755859375,-0.5611114501953125
2022-02-07,12,2,301.97430419921875,287.0424499511719,-0.7784576416015625,-0.91973876953125,0.0,91576.890625,268.476806640625,279.0599365234375,293.8023986816406,0.0002238075830973,0.0056285411119461,0.0084832347929477,-2.71722412109375,-1.0151519775390625,-1.282318115234375,-1.4156036376953125,-0.4803314208984375,-1.38922119140625
2022-02-07,18,3,294.7830810546875,289.02020263671875,-2.727890014648437,0.5591888427734375,0.0,91829.375,268.165771484375,283.75408935546875,290.52996826171875,0.0002344799722777,0.0006310187745839,0.0101322904229164,-1.5933380126953125,-1.7156524658203125,-4.0927734375,0.34136962890625,-5.08477783203125,2.1826934814453125
2022-02-08,0,0,291.65985107421875,290.2923278808594,-1.9152374267578125,0.0193939208984375,0.0625,91605.59375,269.2896728515625,283.17724609375,289.8927001953125,0.0002113680675392,0.0006936888676136,0.0097997449338436,-0.2704620361328125,-4.3802032470703125,0.4001617431640625,-2.2123260498046875,-0.918182373046875,0.2550506591796875
2022-02-08,6,1,299.9597473144531,288.5090026855469,-0.8548583984375,-1.2312774658203125,0.0,91828.78125,269.29669189453125,283.9114685058594,290.6689453125,0.0001990124583244,0.000702075427398,0.0098838843405246,-0.3179779052734375,-3.269195556640625,-1.016265869140625,-3.2053375244140625,-0.7723541259765625,-2.1304473876953125
2022-02-08,12,2,301.88604736328125,287.4402160644531,-0.4862060546875,-0.1812744140625,0.0,91445.921875,269.20770263671875,280.1818542480469,294.1048278808594,0.0001992197649087,0.0050757611170411,0.0084832124412059,0.2462310791015625,-1.2083587646484375,-0.7479705810546875,-4.988067626953125,0.241851806640625,-0.3708343505859375
2022-02-08,18,3,295.0644836425781,288.48046875,-3.4135284423828125,0.8169097900390625,0.0,91738.28125,269.2259826660156,284.5162353515625,290.4087829589844,0.0001870468549896,0.0006130752153694,0.0097835846245288,-0.0763092041015625,-0.719024658203125,-5.2724151611328125,-1.734100341796875,-0.7169952392578125,2.347991943359375
2022-02-09,0,0,291.6127014160156,288.364013671875,-3.0747528076171875,0.851776123046875,0.0,91554.6875,268.2440185546875,283.3028259277344,290.20574951171875,0.0001699675631243,0.0005987074691802,0.0092300437390804,0.38787841796875,-0.8719024658203125,-4.1519317626953125,-0.8047943115234375,0.962860107421875,-1.2526092529296875
2022-02-09,6,1,299.12713623046875,287.20880126953125,-3.15887451171875,-0.3274688720703125,0.0,91796.515625,268.23651123046875,283.88494873046875,290.56561279296875,0.0001620237308088,0.0005631551612168,0.0089513063430786,-0.616485595703125,-1.293701171875,-4.4205169677734375,-0.095550537109375,1.303314208984375,-1.364410400390625
2022-02-09,12,2,301.2822265625,287.1146850585937,-2.302520751953125,0.2406158447265625,0.0,91446.71875,268.71063232421875,281.8050842285156,293.8154296875,0.0001420314947608,0.0020173341035842,0.0082002021372318,0.51458740234375,0.7660980224609375,-3.126953125,-0.9479522705078124,-0.6495513916015625,-0.0013275146484375
2022-02-09,18,3,293.44049072265625,287.5919189453125,-3.612625122070313,0.9577178955078124,0.0,91705.75,269.7064208984375,285.7938232421875,289.68853759765625,0.0001216152886627,0.0003596020396798,0.0091527178883552,-0.5760650634765625,-3.665283203125,-5.8531036376953125,0.2575836181640625,1.151611328125,2.6146240234375
2022-02-10,0,0,291.343017578125,289.8099975585937,-2.8680877685546875,0.396575927734375,0.625,91544.390625,269.845947265625,283.0663452148437,289.7236328125,0.0001251820067409,0.0005711743142455,0.0086933337152004,-0.5767822265625,-3.8636474609375,-3.229400634765625,0.1251068115234375,3.05377197265625,-0.796630859375
2022-02-10,6,1,299.5986328125,285.2874755859375,-2.232940673828125,-1.4474639892578125,0.0,91774.921875,269.7794189453125,282.9092102050781,290.21453857421875,0.0001643573050387,0.0005196896381676,0.0078585445880889,0.4222259521484375,-3.04150390625,-3.07373046875,2.06549072265625,4.1715850830078125,-2.751251220703125
2022-02-10,12,2,301.32098388671875,283.5862731933594,-1.872100830078125,-1.52520751953125,0.0,91401.875,269.2933349609375,282.73162841796875,293.769287109375,0.0001370132376905,0.0007719001732766,0.0057845897972583,1.2061614990234375,0.06219482421875,-2.879135131835937,-0.7367095947265625,1.8866119384765625,-2.6600341796875
2022-02-10,18,3,293.5714111328125,283.32867431640625,-3.190765380859375,-0.289520263671875,0.0,91726.046875,268.82000732421875,284.0428466796875,290.2030029296875,0.0001391401019645,0.0031437161378562,0.0068558268249034,1.5998687744140625,-1.77447509765625,-8.565597534179688,0.071929931640625,1.8628997802734373,-1.354644775390625
2022-02-11,0,0,291.965576171875,286.03277587890625,-2.6157684326171875,-1.4894561767578125,0.0,91515.9375,268.8759765625,282.944091796875,291.2085876464844,0.0001367785880574,0.0024916594848036,0.0016012357082217,2.556396484375,-2.684661865234375,-8.143783569335938,-1.926605224609375,1.9375457763671875,-4.65728759765625
2022-02-11,6,1,301.1802978515625,277.9993591308594,-4.895751953125,-1.7661895751953125,0.0,91746.078125,268.5133972167969,282.9398193359375,291.71759033203125,0.0001421176129952,0.0045010298490524,0.0039508929476141,2.5353546142578125,-1.903961181640625,-7.8863525390625,0.031768798828125,2.007568359375,-2.742706298828125
2022-02-11,12,2,301.67388916015625,282.40899658203125,-3.8138275146484375,-0.000885009765625,0.0,91404.84375,268.99688720703125,281.54083251953125,293.70574951171875,0.0001268520136363,0.0041466765105724,0.0059192739427089,2.9268341064453125,0.5485992431640625,-6.7914581298828125,-2.264312744140625,0.05596923828125,-0.311309814453125
2022-02-11,18,3,294.04656982421875,287.7667541503906,-3.8754730224609375,-0.6285552978515625,0.0,91720.84375,269.2445068359375,283.14471435546875,290.06610107421875,0.0001545423001516,0.0045001618564128,0.0076879784464836,3.59307861328125,0.0796661376953125,-9.002044677734375,-1.1461639404296875,1.3619537353515625,-2.5278472900390625
2022-02-12,0,0,292.3270874023437,285.0562744140625,-2.848388671875,-0.2972869873046875,0.0,91515.3125,268.9060974121094,282.80047607421875,289.7091979980469,0.0002132995286956,0.0036506236065179,0.0065980367362499,3.563323974609375,1.4673004150390625,-9.720504760742188,-0.686492919921875,-0.7550506591796875,-0.176177978515625
2022-02-12,6,1,300.4027404785156,282.78631591796875,-4.595123291015625,-0.26495361328125,0.0,91751.21875,269.4388427734375,283.03131103515625,290.9809875488281,0.000172755375388,0.0026682766620069,0.0060260146856307,3.38006591796875,0.6315155029296875,-7.178619384765625,0.2268218994140625,-1.6872100830078125,-0.5093536376953125
2022-02-12,12,2,301.6546936035156,284.9241943359375,-2.6178741455078125,-0.253265380859375,0.0,91358.6875,268.5001525878906,281.4749755859375,293.77911376953125,0.0001221420825459,0.0034815673716366,0.007546093314886,3.950271606445313,1.594329833984375,-3.883453369140625,-2.800155639648437,-4.2237396240234375,-0.5983428955078125
2022-02-12,18,3,293.9185485839844,288.82525634765625,-3.2425689697265625,0.390594482421875,0.0,91649.25,268.3919677734375,283.6771850585937,289.429931640625,7.895388989709318e-05,0.0010449192486703,0.0103154741227626,3.1392364501953125,3.421981811523437,-7.2553863525390625,-1.2317657470703125,-1.4487457275390625,1.381927490234375
2022-02-13,0,0,292.57373046875,290.65435791015625,-1.720306396484375,0.42596435546875,0.0,91443.84375,268.4886779785156,282.5415344238281,289.158447265625,7.544028630945832e-05,0.0013561050873249,0.0095177441835403,1.2402191162109375,3.791580200195313,-4.21173095703125,-1.595947265625,-0.3094482421875,-1.314422607421875
2022-02-13,6,1,299.4723815917969,287.20233154296875,-2.2190704345703125,-1.1039886474609375,0.0,91651.828125,268.44580078125,281.6278076171875,290.25177001953125,7.60969560360536e-05,0.0016064010560512,0.0091414786875247,0.0669097900390625,4.051239013671875,-2.88922119140625,1.0881805419921875,-0.987060546875,-1.854400634765625
2022-02-13,12,2,301.8735046386719,284.79718017578125,-2.0538482666015625,0.0015716552734375,0.0,91259.390625,269.0124206542969,278.49346923828125,294.19586181640625,8.36303224787116e-05,0.0069268308579921,0.0076157264411449,2.28216552734375,-0.8755340576171875,-2.8468170166015625,1.1039886474609375,-1.2306365966796875,-0.3913726806640625
2022-02-13,18,3,293.73956298828125,288.115234375,-2.9216766357421875,0.8767852783203125,0.0,91585.328125,268.978271484375,282.1726989746094,289.47998046875,9.576469892635942e-05,0.0015224365051835,0.0102348439395427,2.0218658447265625,5.3512115478515625,-6.2816009521484375,3.041717529296875,-3.599578857421875,2.832748413085937
2022-02-14,0,0,291.3475952148437,289.5302124023437,-2.2916259765625,0.45794677734375,0.0,91382.625,268.8905029296875,281.6733093261719,289.5707397460937,8.757007890380919e-05,0.0010187947191298,0.0091728083789348,1.6452484130859375,-1.51336669921875,-1.4804534912109375,3.5124969482421875,-0.529693603515625,0.6794891357421875
2022-02-14,6,1,299.9322814941406,287.3275146484375,-1.836822509765625,-0.6494903564453125,0.0,91651.9375,269.25909423828125,280.7809753417969,290.5074462890625,4.639849066734314e-05,0.0020448002032935,0.0090946741402149,2.1933746337890625,-0.3100433349609375,-2.2827606201171875,4.069839477539063,3.5087890625,-1.3127593994140625
2022-02-14,12,2,301.70758056640625,284.7989501953125,-0.9392852783203124,-1.189178466796875,10.375,91258.671875,270.1248779296875,278.5225830078125,294.2541198730469,0.0001125662674894,0.0069142282009124,0.007436066865921,3.4452667236328125,-0.253173828125,-1.1298675537109375,-1.9747467041015625,-0.217041015625,-1.5142822265625
2022-02-14,18,3,294.32379150390625,289.3247375488281,-4.113693237304688,1.6383209228515625,13.75,91604.546875,269.68487548828125,278.7451171875,288.7860107421875,0.000106483043055,0.0042245481163263,0.0108164846897125,0.1088714599609375,8.428024291992188,-7.6823577880859375,0.25628662109375,-0.5148468017578125,3.21856689453125
2022-02-15,0,0,292.4521484375,290.5824279785156,-2.452178955078125,0.8961334228515625,5.5,91439.515625,270.507568359375,279.59149169921875,289.3942565917969,9.91244742181152e-05,0.0036408228334039,0.0092111714184284,0.2852020263671875,2.6631622314453125,-1.0866851806640625,2.451385498046875,-3.289794921875,0.1396636962890625
2022-02-15,6,1,299.65771484375,287.4541015625,-1.419891357421875,-0.3621673583984375,1.625,91671.984375,269.5787353515625,278.5233459472656,290.8336181640625,0.0001174543285742,0.003781949635595,0.0090849064290523,2.0806884765625,1.89447021484375,-1.7568817138671875,4.564987182617188,-1.4727020263671875,-1.2110443115234375
2022-02-15,12,2,301.6016540527344,284.7800598144531,0.36126708984375,-1.896026611328125,1.0,91227.734375,269.1260986328125,278.4838562011719,294.3249206542969,0.0007510315626859,0.0068029202520847,0.0073036029934883,3.5172576904296875,-0.115020751953125,0.528106689453125,5.986846923828125,-2.4702606201171875,-2.864242553710937
2022-02-15,18,3,294.8577880859375,286.94549560546875,-4.336273193359375,1.542572021484375,0.0,91549.078125,268.2886962890625,279.443603515625,288.956787109375,0.0004499403294175,0.0051772482693195,0.0101779699325561,1.418701171875,9.598892211914062,-8.507843017578125,5.443939208984375,-0.6217193603515625,2.428131103515625
2022-02-16,0,0,291.0892944335937,289.4227905273437,-1.6710662841796875,0.917724609375,0.0,91357.0,267.7696838378906,280.1712341308594,289.895751953125,0.0001278745767194,0.0029835854656994,0.008519884198904,6.7730712890625,7.905303955078125,-3.40350341796875,2.8638916015625,-4.93267822265625,-0.2708892822265625
2022-02-16,6,1,299.798583984375,286.01318359375,-2.36639404296875,0.0023040771484375,0.0,91483.140625,269.0399169921875,281.6166381835937,291.4345092773437,0.0002346337132621,0.0035892385058104,0.0085647478699684,6.1640625,8.104263305664062,-3.243148803710937,1.1952056884765625,-6.818389892578125,-0.683929443359375
2022-02-16,12,2,301.3438720703125,284.5675048828125,-0.186798095703125,-0.78558349609375,5.0,91010.53125,270.25115966796875,279.5208740234375,295.226318359375,0.0002167563361581,0.0067530684173107,0.0070125199854373,9.703948974609377,-0.1712646484375,-0.427337646484375,0.7731781005859375,-1.7014007568359375,-2.0013427734375
2022-02-16,18,3,295.87994384765625,286.7998046875,-4.3503265380859375,2.0222320556640625,0.0,91359.515625,270.0401611328125,278.8028564453125,289.9203796386719,0.0001622882991796,0.0069155134260654,0.0091509409248828,3.8646087646484375,5.504913330078125,-8.746505737304688,1.46868896484375,-0.7122344970703125,4.118820190429688
2022-02-17,0,0,291.7900390625,288.9942932128906,-1.3616485595703125,0.7037353515625,0.0,91159.359375,268.66021728515625,278.840576171875,291.03497314453125,0.0003903128672391,0.0064421445131301,0.0068393684923648,5.8509368896484375,4.77557373046875,-3.20953369140625,2.56494140625,-1.6658172607421875,2.28106689453125
2022-02-17,6,1,300.8175354003906,282.7279663085937,-2.4066162109375,1.0738677978515625,0.0,91427.40625,270.66217041015625,279.2724914550781,291.809326171875,0.0001478411431889,0.0055836215615272,0.0063584856688976,5.187774658203125,2.748626708984375,-3.4887237548828125,0.216400146484375,-1.218719482421875,1.05889892578125
2022-02-17,12,2,302.2253723144531,283.335205078125,-2.15673828125,-0.1134490966796875,0.0,91019.03125,270.43218994140625,278.9781494140625,294.701171875,0.0001226847380166,0.0062856040894985,0.0064911246299743,5.4102630615234375,0.291748046875,-3.07427978515625,-0.16375732421875,-3.5845489501953125,-0.84979248046875
2022-02-17,18,3,293.9562683105469,287.21600341796875,-3.851242065429688,0.9781646728515624,0.0,91349.421875,269.0152893066406,280.8090209960937,291.09149169921875,0.0001485729735577,0.0048581510782241,0.0082274377346038,4.7059478759765625,5.230316162109375,-11.06182861328125,0.5139923095703125,-0.2954254150390625,0.2384796142578125
2022-02-18,0,0,291.2518920898437,288.0372314453125,-2.1988067626953125,0.711761474609375,0.0,91281.015625,271.0374755859375,280.4513854980469,291.916259765625,9.113128180615604e-05,0.0042858459055423,0.004511259496212,4.064712524414063,2.7386932373046875,-9.773361206054688,-0.95770263671875,0.054473876953125,1.705230712890625
2022-02-18,6,1,299.7021179199219,285.4794921875,-3.489990234375,1.354034423828125,0.0,91523.546875,271.09735107421875,279.7627258300781,290.4248352050781,8.552364306524396e-05,0.0044911699369549,0.0083411484956741,-1.2509765625,1.0585784912109375,-5.736785888671875,-4.965850830078125,0.733795166015625,1.60009765625
2022-02-18,12,2,301.68316650390625,284.99981689453125,-2.940399169921875,0.6797332763671875,0.0,91217.859375,270.80963134765625,279.0089111328125,294.6043701171875,0.0001235236850334,0.0068953074514865,0.0071856155991554,-1.5365753173828125,-1.8574066162109373,-4.4958343505859375,-3.2331695556640625,-2.1498260498046875,0.4080047607421875
2022-02-18,18,3,294.4085693359375,287.67578125,-3.821075439453125,0.6080474853515625,0.0,91600.515625,270.28228759765625,279.7353515625,290.4818115234375,0.0001285295002162,0.0050908848643302,0.0086868144571781,-0.1770172119140625,1.52166748046875,-9.13934326171875,-3.95086669921875,-2.251327514648437,1.890472412109375
2022-02-19,0,0,290.92901611328125,288.8614196777344,-2.4997711181640625,0.5679931640625,0.0,91531.53125,270.4916076660156,280.3414306640625,291.87164306640625,0.0001241243153344,0.0033458590041846,0.0033434981014579,-1.196075439453125,-0.4568634033203125,-9.910659790039062,-3.385955810546875,0.526947021484375,-0.3175811767578125
2022-02-19,6,1,300.58917236328125,283.7352905273437,-3.845169067382813,0.5621490478515625,0.0,91765.0625,269.8226928710937,282.5118408203125,291.37628173828125,0.0001379587338306,0.0022076563909649,0.0066206790506839,-0.7145843505859375,1.2941741943359375,-6.2218017578125,-4.730026245117188,2.778961181640625,0.0863800048828125
2022-02-19,12,2,302.04217529296875,284.771240234375,-2.343536376953125,0.262451171875,0.0,91436.65625,270.053466796875,279.1656494140625,294.4315185546875,9.13321418920532e-05,0.0058077359572052,0.0066794753074646,-7.71923828125,0.8373870849609375,-3.2766265869140625,-10.916885375976562,-1.482177734375,-0.032470703125
2022-02-19,18,3,294.520751953125,287.9107666015625,-3.3584136962890625,0.6802978515625,0.0,91697.6875,269.7567443847656,285.325439453125,290.5443725585937,0.0001613287604413,0.0014099061954766,0.0093135014176368,-8.103668212890625,3.5905303955078125,-6.078903198242188,-11.745391845703123,2.232162475585937,2.3396148681640625
2022-02-20,0,0,291.5507202148437,289.9437866210937,-1.4577789306640625,0.1303253173828125,0.0,91524.15625,269.7365417480469,283.2006225585937,290.69488525390625,0.0002093497605528,0.0021417930256575,0.0082483440637588,-8.788864135742188,6.042282104492188,-1.8201446533203125,-11.269271850585938,-0.5084075927734375,-1.3868255615234375
2022-02-20,6,1,301.3348999023437,285.02313232421875,0.660308837890625,-0.7115478515625,0.0,91755.484375,268.882568359375,282.94561767578125,292.2938232421875,0.0002141208969987,0.0009418255649507,0.0076632238924503,-7.999923706054687,4.8312530517578125,0.7887725830078125,-7.0562744140625,-1.31689453125,-1.776702880859375
2022-02-20,12,2,303.4259338378906,283.8305358886719,0.9769134521484376,-0.862701416015625,0.0,91328.015625,268.92822265625,280.8153076171875,296.15008544921875,0.0002447565784677,0.0043738856911659,0.0059033185243606,-4.33917236328125,1.1815032958984375,1.5179290771484375,-6.256103515625,-1.7277984619140625,-1.759368896484375
2022-02-20,18,3,294.2191467285156,283.7558288574219,-1.597503662109375,-1.0337982177734375,0.0,91536.5625,268.867431640625,281.3734130859375,295.0027160644531,0.000165612087585,0.0034285394940525,0.0062222965061664,-4.11920166015625,6.489288330078125,-0.2119140625,-6.707046508789063,-1.4843597412109375,-2.9418487548828125
2022-02-21,0,0,291.758544921875,288.2591857910156,-1.614501953125,0.8595733642578125,0.0,91405.625,268.0705261230469,284.281982421875,292.4631652832031,0.0001491758885094,0.0006147648673504,0.0070644170045852,-2.01812744140625,5.744232177734375,1.3543853759765625,-7.623611450195312,-3.0337066650390625,0.1776885986328125
2022-02-21,6,1,301.573486328125,286.1502990722656,0.302398681640625,-1.327789306640625,0.0,91608.21875,268.374755859375,283.64825439453125,293.23846435546875,0.0001705875474726,0.0007785623893141,0.008101038634777,-1.2192840576171875,4.3330078125,0.1129608154296875,-9.688629150390623,-4.351852416992188,-2.272079467773437
2022-02-21,12,2,304.030029296875,285.240478515625,0.7035980224609375,-1.4208984375,0.0,91268.671875,268.4906005859375,280.4935607910156,296.2813720703125,0.0001312250096816,0.0062521509826183,0.0070148147642612,0.1179046630859375,-1.4509429931640625,0.7049407958984375,-11.2567138671875,-2.102508544921875,-2.2774658203125
2022-02-21,18,3,295.6295166015625,285.7108459472656,-1.2358245849609375,-1.3203582763671875,0.0,91552.875,269.1064453125,280.02587890625,295.0844116210937,0.0001315288973273,0.0060829780995845,0.0070606730878353,-3.230331420898437,-2.6867828369140625,-1.479217529296875,-12.46502685546875,1.057891845703125,-5.164108276367188
2022-02-22,0,0,293.5980834960937,290.9876708984375,-1.728668212890625,1.1961517333984375,10.0,91443.75,268.5316162109375,281.6025390625,292.99920654296875,0.0001164925779448,0.0014410931617021,0.0090108290314674,-6.292160034179688,-0.9899139404296876,-2.253265380859375,-9.134567260742188,-3.931365966796875,1.3857574462890625
2022-02-22,6,1,302.07476806640625,289.5584716796875,-1.59765625,0.959869384765625,0.25,91724.375,267.93505859375,281.65264892578125,293.5448608398437,0.0001334395055891,0.0028948371764272,0.0097693912684917,-7.9710693359375,-6.5699615478515625,-2.500701904296875,-4.5523223876953125,-4.179779052734375,0.76959228515625
2022-02-22,12,2,303.4460144042969,286.343505859375,-2.6952362060546875,0.972564697265625,0.0,91407.984375,268.34259033203125,279.8257141113281,295.7215576171875,0.0001392593112541,0.007679671049118,0.0080488622188568,-7.210113525390625,-2.8985595703125,-4.4274444580078125,-3.067169189453125,-2.084091186523437,0.974517822265625
2022-02-22,18,3,296.0623474121094,289.3133239746094,-3.5526580810546875,1.6263275146484375,0.0,91759.0,268.44384765625,282.7377319335937,291.8051147460937,0.000145103505929,0.0022658719681203,0.0097027830779552,-6.250900268554688,-6.842987060546875,-8.488128662109375,-1.8893890380859373,-3.7077484130859375,3.880203247070313
2022-02-23,0,0,292.8673095703125,290.6127319335937,-2.678985595703125,1.36669921875,0.0,91704.484375,268.10614013671875,281.390380859375,291.093994140625,0.0001443973014829,0.0017372176516801,0.0075624659657478,-4.978240966796875,-6.2005462646484375,-7.8793792724609375,-2.6840057373046875,-3.155258178710937,3.319320678710937
2022-02-23,6,1,300.87353515625,285.2764892578125,-3.710784912109375,0.8231658935546875,0.0,91959.125,268.12615966796875,281.6563720703125,291.83697509765625,0.0001533577305963,0.0014002746902406,0.0080468766391277,-4.9301605224609375,-8.496231079101562,-5.7732696533203125,-2.76507568359375,-1.712554931640625,0.477996826171875
2022-02-23,12,2,302.295166015625,282.80633544921875,-3.9980316162109375,0.4367828369140625,0.0,91649.625,268.0204467773437,280.721435546875,294.46099853515625,0.0001516865449957,0.0027168439701199,0.0064739920198917,-2.4168853759765625,-4.9078521728515625,-6.604583740234375,-0.375396728515625,-2.4652557373046875,0.3470001220703125
2022-02-23,18,3,294.4156494140625,287.0174255371094,-3.770660400390625,1.365081787109375,0.0,91930.3125,267.4886474609375,283.27783203125,290.3401184082031,0.0001569504674989,0.00084262015298,0.0093155689537525,-2.30133056640625,-8.644927978515625,-6.81451416015625,-0.6544952392578125,-0.8040771484375,2.5205078125
2022-02-24,0,0,291.57440185546875,289.83612060546875,-2.7525177001953125,0.728271484375,0.375,91889.46875,266.8526611328125,282.0765380859375,289.40447998046875,0.0001576993818162,0.0007963581010699,0.0067812539637088,-1.3881072998046875,-6.8665313720703125,-4.444122314453125,-0.29425048828125,0.845672607421875,0.37420654296875
2022-02-24,6,1,300.021484375,280.7214050292969,-2.571685791015625,0.57305908203125,0.0,92056.609375,266.1107177734375,282.291259765625,290.97564697265625,0.0001779085432644,0.0006884895265102,0.004988320171833,-1.6179962158203125,-6.1004638671875,-3.7317047119140634,-0.7137298583984375,1.3922576904296875,0.2925872802734375
2022-02-24,12,2,301.908447265625,280.5372314453125,-2.494125366210937,0.60906982421875,0.0,91679.4375,265.9953918457031,281.4880065917969,294.33843994140625,0.0001769246155163,0.0011281562037765,0.00507178530097,-0.2730865478515625,-2.5033721923828125,-3.8119964599609375,-0.4246673583984375,-1.4029083251953125,0.44354248046875
2022-02-24,18,3,294.4674072265625,284.8326721191406,-2.8994140625,0.7186431884765625,0.0,91899.953125,266.7186279296875,283.3369140625,291.4818725585937,0.0001439084298908,0.000739564653486,0.0071363635361194,3.029891967773437,-2.741668701171875,-3.941574096679688,0.1282501220703125,-0.33245849609375,2.230194091796875
2022-02-25,0,0,290.75201416015625,288.7428283691406,-2.22149658203125,0.0384979248046875,0.0,91784.671875,265.627197265625,281.8588562011719,291.1653137207031,0.0001551556342747,0.0007439746987074,0.0054882429540157,2.777984619140625,-4.037277221679688,-2.5382843017578125,-1.571533203125,-0.6509246826171875,-3.9013519287109375
2022-02-25,6,1,301.5860595703125,280.7900390625,-2.250640869140625,-0.964813232421875,0.0,91952.671875,265.938720703125,282.1668701171875,292.088134765625,0.0001418920437572,0.0007564465049654,0.0048024840652942,3.457489013671875,-4.2754974365234375,-3.524261474609375,0.0352325439453125,-0.4625091552734375,-1.90673828125
2022-02-25,12,2,303.2698974609375,277.37420654296875,-2.67730712890625,-0.4716796875,0.0,91543.59375,265.974853515625,280.19146728515625,295.90673828125,0.0001807647640816,0.0028284909203648,0.0034149754792451,5.073013305664063,-2.5864410400390625,-4.975265502929688,0.12066650390625,-2.4904327392578125,-1.277801513671875
2022-02-25,18,3,294.2577209472656,283.2444763183594,-3.43499755859375,0.5967254638671875,0.0,91802.515625,265.8207397460937,282.2500915527344,292.54571533203125,0.0001925567921716,0.0007611836772412,0.0053359568119049,6.474655151367188,-4.9429931640625,-6.5201416015625,-0.7392578125,-1.482513427734375,0.143798828125
2022-02-26,0,0,291.644775390625,290.04559326171875,-2.808929443359375,0.812103271484375,0.375,91697.765625,265.8065185546875,282.0185241699219,292.59039306640625,0.0002032800548477,0.0007865966763347,0.001618209760636,6.736236572265625,-3.0946197509765625,-4.71044921875,-1.42742919921875,1.5089569091796875,-0.948577880859375
2022-02-26,6,1,300.2631530761719,282.1815185546875,-2.8964080810546875,1.03955078125,0.0,91971.5,265.54962158203125,282.4422302246094,290.8594665527344,0.0002036290534306,0.0017630173824727,0.0050009563565254,4.90887451171875,0.1334228515625,-4.5997314453125,-1.4747467041015625,2.85076904296875,1.0573272705078125
2022-02-26,12,2,302.2831726074219,281.7308349609375,-2.8127593994140625,1.01806640625,0.0,91598.21875,266.166259765625,280.5735168457031,294.3843994140625,0.0001870689739007,0.0025990894064307,0.0051098316907882,4.384307861328125,0.78369140625,-4.38653564453125,-2.7984619140625,-2.3891754150390625,1.107269287109375
2022-02-26,18,3,295.11358642578125,288.4465026855469,-3.9705810546875,1.222137451171875,0.0,91904.078125,266.9156799316406,282.51824951171875,290.4037475585937,0.0001449601259082,0.001219704048708,0.009307287633419,2.615997314453125,-0.5550079345703125,-7.296173095703125,-0.03326416015625,-1.28985595703125,3.159210205078125
2022-02-27,0,0,292.78759765625,291.0314025878906,-2.750518798828125,0.896820068359375,2.125,91787.6875,266.80084228515625,281.124755859375,290.0164489746094,0.0001432139106327,0.0009271383751183,0.0074848495423793,2.845809936523437,-2.098388671875,-4.22247314453125,-0.844482421875,-1.5641632080078125,1.2896575927734375
2022-02-27,6,1,300.34820556640625,286.0833435058594,-2.250946044921875,0.3901824951171875,0.0,91968.8125,267.7039794921875,281.48931884765625,291.13134765625,0.000146647245856,0.0005974173545837,0.0075658522546291,2.3302001953125,-3.0566864013671875,-3.1572265625,-2.7285919189453125,-1.8034515380859373,0.0227203369140625
2022-02-27,12,2,302.83087158203125,284.07525634765625,-2.0240478515625,-0.3782196044921875,0.0,91570.109375,267.4511108398437,279.4734802246094,294.75341796875,0.0001551565801491,0.004300576634705,0.006207562983036,2.177001953125,-1.4949493408203125,-2.738250732421875,-4.8256683349609375,-2.8130340576171875,-0.9702301025390624
2022-02-27,18,3,295.5592346191406,286.3394470214844,-3.8183441162109375,0.899017333984375,0.0,91861.84375,267.54736328125,282.3902587890625,290.933837890625,0.0002403441612841,0.0006948194932192,0.00888092815876,1.8877105712890625,-1.3470306396484375,-7.69183349609375,-3.2674560546875,-1.118804931640625,3.491439819335937
2022-02-28,0,0,292.724609375,286.8705139160156,-2.203231811523437,0.2671966552734375,0.0,91742.0625,267.0494079589844,281.2129211425781,290.4296264648437,0.0002514423104003,0.0004555282648652,0.0076941810548305,2.8928375244140625,-3.97979736328125,-3.564071655273437,-2.650863647460937,-1.1219024658203125,-0.74566650390625
2022-02-28,6,1,300.9953918457031,284.21551513671875,-2.2838134765625,-0.1023406982421875,0.0,91919.96875,267.5318298339844,281.6329345703125,292.0209350585937,0.000201022499823,0.0003758857492357,0.0056147649884223,0.82373046875,-3.503448486328125,-3.175048828125,-4.241744995117188,0.0451812744140625,-0.6407623291015625
2022-02-28,12,2,302.80859375,281.08380126953125,-1.747467041015625,0.7227020263671875,0.0,91525.1875,267.245849609375,279.22613525390625,294.97930908203125,0.0002913572825491,0.0045790374279022,0.0048380456864833,1.371429443359375,-1.9971771240234373,-2.4556884765625,-4.703384399414063,-0.9474029541015624,0.7026519775390625
2022-02-28,18,3,295.8902587890625,286.58837890625,-3.575653076171875,1.7879180908203125,0.0,91849.609375,266.2829284667969,279.268310546875,291.85211181640625,0.0004096401389688,0.0039099054411053,0.0083154458552598,1.0975189208984375,0.98297119140625,-7.786895751953125,-4.210968017578125,-2.089935302734375,6.290817260742188
2022-03-01,0,0,293.1768493652344,289.4082336425781,-2.4696044921875,0.22222900390625,0.0,91687.796875,266.124755859375,280.4500732421875,292.0791015625,0.0004129509907215,0.0009511620737612,0.006244670599699,0.151397705078125,-3.979522705078125,-4.283233642578125,-1.3951263427734375,-0.6305084228515625,2.080169677734375
2022-03-01,6,1,302.46685791015625,282.67431640625,-3.0650634765625,0.759796142578125,0.0,91906.625,267.134521484375,279.18731689453125,292.9462890625,0.0003681464586406,0.0022063166834414,0.0059603527188301,0.3224334716796875,-3.641189575195313,-4.361572265625,-0.9921417236328124,-1.373779296875,0.6011962890625
2022-03-01,12,2,303.21923828125,283.15606689453125,-3.0357818603515625,0.8683319091796875,0.0,91591.859375,267.9984741210937,279.3412170410156,295.24859619140625,0.0003667694982141,0.0056114736944437,0.0056655835360288,2.3665313720703125,-3.078475952148437,-4.4876708984375,-3.497222900390625,-0.537139892578125,0.9155731201171876
2022-03-01,18,3,295.48699951171875,280.28204345703125,-4.321945190429688,0.9897308349609376,0.0,91851.96875,266.81964111328125,280.9198303222656,291.9075927734375,0.0004037336912006,0.0035999219398945,0.0060500428080558,4.040328979492188,-3.367889404296875,-11.232345581054688,-2.166290283203125,-1.97564697265625,3.94659423828125
2022-03-02,0,0,293.1944274902344,279.6084899902344,-3.1780548095703125,0.376495361328125,0.0,91680.515625,267.92919921875,280.24188232421875,291.92095947265625,0.0004100244259461,0.0008952226489782,0.0036520971916615,2.8375396728515625,-4.9150238037109375,-8.4610595703125,-2.5170135498046875,-4.4612579345703125,-0.1920013427734375
2022-03-02,6,1,302.044921875,277.0824584960937,-4.3277130126953125,0.3763580322265625,0.0,91898.03125,268.2525939941406,281.40533447265625,292.7890014648437,0.0003847441403195,0.0003577331081032,0.0031848535872995,2.7008819580078125,-7.0535888671875,-6.53924560546875,-4.0914459228515625,-2.5124664306640625,-0.0081939697265625
2022-03-02,12,2,302.19708251953125,274.88330078125,-3.1915435791015625,0.5042266845703125,0.0,91519.5625,268.4068603515625,279.5536193847656,294.6090087890625,0.000329504488036,0.0021482093725353,0.0034324938897043,4.591079711914063,-4.907012939453125,-5.951568603515625,-4.8412628173828125,-1.28131103515625,0.5500946044921875
2022-03-02,18,3,294.7052001953125,282.2469787597656,-3.8719329833984375,0.3455657958984375,0.0,91790.15625,268.91241455078125,282.5634460449219,291.32977294921875,0.0003587622195482,0.0003102223854511,0.0065501555800437,5.023483276367188,-6.59442138671875,-9.498870849609377,-3.111724853515625,-0.1881866455078125,1.9945526123046875
2022-03-03,0,0,291.885498046875,281.2305908203125,-2.45703125,-0.4198150634765625,0.0,91580.328125,268.796630859375,281.76971435546875,291.4132080078125,0.0004078524652868,0.0009391144849359,0.0027315998449921,4.9679718017578125,-6.0521087646484375,-9.328460693359377,-4.1396484375,2.364120483398437,0.7921295166015625
2022-03-03,6,1,301.6368408203125,279.4288330078125,-5.9549713134765625,-0.4695281982421875,0.0,91822.671875,268.7431945800781,280.6897888183594,292.4864501953125,0.0003903394099324,0.0021458638366311,0.004678901284933,5.9330596923828125,-6.33978271484375,-9.924896240234377,-5.2187042236328125,1.2248382568359375,-1.0017852783203125
2022-03-03,12,2,302.1716003417969,281.3311767578125,-4.7681427001953125,-0.6288909912109375,0.0,91480.40625,267.0388488769531,279.62677001953125,294.4252319335937,0.0004266088362783,0.0041062617674469,0.0057999826967716,4.287765502929688,-6.014678955078125,-8.250335693359375,-6.693115234375,-1.09649658203125,-1.328155517578125
2022-03-03,18,3,294.287841796875,284.2420654296875,-2.1285400390625,-1.2575836181640625,0.0,91830.796875,267.6732788085937,281.39044189453125,291.4458923339844,0.0004358605947345,0.003349513746798,0.0052507631480693,2.9744873046875,-5.030288696289063,-7.0426177978515625,-7.150161743164063,-0.037628173828125,-4.4352569580078125
2022-03-04,0,0,292.7650451660156,285.6925964355469,-1.4310150146484375,-1.8937530517578125,0.0,91584.234375,268.45074462890625,281.2388916015625,291.9642944335937,0.0004519713111221,0.0044513903558254,0.0022986964322626,4.510055541992188,-3.656661987304688,-10.177291870117188,-4.4908447265625,-1.965240478515625,-5.455490112304688
2022-03-04,6,1,302.90631103515625,276.38067626953125,-4.2837677001953125,-2.241119384765625,0.0,91808.4375,268.4510498046875,280.82427978515625,293.2205810546875,0.0004715011455118,0.0044117420911788,0.0034196595661342,3.882568359375,-7.1684112548828125,-7.455902099609375,-3.7604827880859375,-3.944015502929688,-3.70745849609375
2022-03-04,12,2,302.7201538085937,282.09185791015625,-3.981857299804688,-2.1628875732421875,0.0,91429.109375,267.622314453125,279.6434936523437,295.1222839355469,0.0003971199039369,0.0048449113965034,0.0054402835667133,6.109619140625,-4.841796875,-6.717864990234375,-5.83868408203125,-4.2690277099609375,-3.845993041992188
2022-03-04,18,3,294.1202697753906,285.38348388671875,-2.783966064453125,-1.11187744140625,0.0,91790.59375,268.089111328125,280.03326416015625,292.1217956542969,0.0004026083042845,0.0039245570078492,0.0033845829311758,5.78240966796875,-2.8806915283203125,-7.443954467773437,-1.876922607421875,-4.25018310546875,-5.2149658203125
2022-03-05,0,0,293.0867004394531,285.76953125,-2.0931549072265625,-1.18719482421875,0.0,91597.515625,267.66552734375,279.7308959960937,291.8471069335937,0.0004072289448231,0.0026077714283019,0.0030571296811103,7.37188720703125,-2.180282592773437,-10.414306640625,1.2021942138671875,-3.347747802734375,-7.008071899414063
2022-03-05,6,1,302.096923828125,283.2689819335937,-4.01507568359375,-2.3416290283203125,0.0,91736.109375,267.37274169921875,280.1473693847656,293.10430908203125,0.00046778912656,0.0026818781625479,0.0059388317167758,9.818222045898438,-4.307647705078125,-6.7379913330078125,0.4101409912109375,-4.0104827880859375,-4.079269409179688
2022-03-05,12,2,302.8885803222656,283.4449462890625,-3.1551513671875,-2.494491577148437,0.0,91405.5625,267.783203125,279.2430419921875,295.216796875,0.0005017986986786,0.0057093538343906,0.0057878270745277,10.835800170898438,-3.672760009765625,-4.986495971679688,0.605316162109375,-3.5313873291015625,-4.072189331054688
2022-03-05,18,3,295.54669189453125,286.6023254394531,-3.640945434570313,-1.0274505615234375,0.0,91662.640625,267.2127685546875,279.71112060546875,292.7427978515625,0.0005623358301818,0.0030090173240751,0.0057972818613052,11.241592407226562,-1.316009521484375,-7.40814208984375,4.88531494140625,-3.7266998291015625,-6.86065673828125
2022-03-06,0,0,293.89422607421875,287.6600036621094,-3.2445526123046875,-0.5337677001953125,0.0,91485.40625,267.7631530761719,279.2533874511719,291.6006774902344,0.0005099347326904,0.0028036215808242,0.0054756514728069,15.244659423828123,-3.534896850585937,-11.277572631835938,5.5190277099609375,-3.4283599853515625,-6.9710540771484375
2022-03-06,6,1,301.68603515625,283.66802978515625,-5.1574554443359375,-2.532012939453125,0.0,91674.734375,268.17633056640625,279.9071655273437,292.8861999511719,4.878237086813897e-05,0.0041904132813215,0.0064559131860733,7.28729248046875,-5.98748779296875,-8.510299682617188,-2.3916015625,-3.635711669921875,-4.3665924072265625
2022-03-06,12,2,301.67022705078125,286.0707397460937,-5.33148193359375,-0.9110565185546876,16.5,91427.53125,268.80126953125,278.9425048828125,293.71246337890625,0.0002125846076523,0.007518496364355,0.0086213275790214,2.3326416015625,-1.69305419921875,-9.543182373046877,-4.4866485595703125,-2.1461944580078125,-1.81817626953125
2022-03-06,18,3,294.8707275390625,287.0673522949219,-3.895950317382813,-1.44818115234375,0.0,91736.40625,269.1668701171875,279.5302734375,290.9354858398437,0.0002514400403015,0.004733920097351,0.0073267705738544,0.9131622314453124,-2.2727813720703125,-8.82550048828125,-0.2277679443359375,0.6113128662109375,-6.1934967041015625
2022-03-07,0,0,292.8062744140625,289.881591796875,-3.45068359375,0.4662628173828125,0.0,91514.96875,268.392333984375,280.1798095703125,289.26885986328125,0.0002236466389149,0.005750335752964,0.0115732681006193,1.473785400390625,-6.03668212890625,-11.601943969726562,-3.099151611328125,4.2958831787109375,3.3321533203125
2022-03-07,6,1,299.676025390625,289.8245849609375,-4.728973388671875,1.206756591796875,0.0,91682.78125,268.59771728515625,281.989990234375,291.28985595703125,0.0002387023560004,0.0059128664433956,0.0114928185939788,-1.0311737060546875,-4.978073120117188,-7.51739501953125,0.1015625,2.8738555908203125,1.7389678955078125
2022-03-07,12,2,297.34716796875,292.0752868652344,-3.689178466796875,1.10540771484375,92.75,91474.453125,269.0006103515625,281.7274780273437,290.8055419921875,0.0002112712827511,0.0079418942332267,0.0127418860793113,-0.1249542236328125,-3.42681884765625,-6.487030029296875,2.259124755859375,2.328231811523437,1.5305938720703125
2022-03-07,18,3,294.0699768066406,291.7161865234375,-3.0558319091796875,1.0025177001953125,10.5,91750.40625,268.0039367675781,281.2846069335937,290.1296081542969,0.000211742328247,0.0074981600046157,0.0112270712852478,1.154876708984375,-2.3333892822265625,-9.948226928710938,0.0116119384765625,2.3914947509765625,3.104476928710937
2022-03-08,0,0,293.2367248535156,291.17681884765625,-2.41937255859375,0.5019683837890625,0.0,91582.046875,267.5145263671875,280.6658935546875,290.6931457519531,0.0002217393630417,0.0062735192477703,0.0085093528032302,-0.1759490966796875,-2.8640594482421875,-8.127212524414062,0.7831268310546875,0.49578857421875,4.699020385742188
2022-03-08,6,1,301.46417236328125,285.3822021484375,-3.125396728515625,1.9862823486328125,0.0,91730.09375,267.18914794921875,282.22674560546875,291.9599914550781,0.0002130781649611,0.0044088996946811,0.0083288960158824,-0.6730194091796875,-3.377105712890625,-4.5468597412109375,2.774200439453125,0.0516204833984375,2.7404327392578125
2022-03-08,12,2,302.93963623046875,285.5198974609375,-3.120223999023437,0.6452178955078125,0.0,91351.875,266.9935302734375,280.9842224121094,295.4525451660156,0.0002652632538229,0.0055999858304858,0.0075146071612834,2.3866729736328125,-0.633697509765625,-4.7165069580078125,2.1122283935546875,-2.538482666015625,0.5662689208984375
2022-03-08,18,3,296.501953125,287.1591796875,-4.209228515625,1.41064453125,0.0,91672.34375,267.51806640625,280.339599609375,291.431396484375,0.0001793279516277,0.0057096593081951,0.0100115984678268,1.028167724609375,3.308990478515625,-10.138656616210938,-0.4358062744140625,-3.6519927978515625,4.698272705078125
2022-03-09,0,0,293.9248962402344,289.63299560546875,-2.220916748046875,1.063629150390625,0.0,91552.078125,267.2575378417969,280.50439453125,292.11993408203125,0.0003035650588572,0.0035675012040883,0.008088544011116,4.13690185546875,-3.4835968017578125,-7.025802612304688,-1.208221435546875,-3.3020172119140625,2.3155975341796875
2022-03-09,6,1,303.251953125,283.3420715332031,-3.07330322265625,-0.1160125732421875,0.0,91667.296875,267.0901184082031,282.5433349609375,294.3670654296875,0.0003435048274695,0.0019181063398718,0.0064866207540035,1.622406005859375,-4.881103515625,-4.837066650390625,1.0518035888671875,-0.0106658935546875,-0.5634765625
2022-03-09,12,2,304.088623046875,282.0595092773437,-3.49407958984375,0.9229278564453124,0.0,91294.59375,267.654296875,280.8212280273437,296.76007080078125,0.0006388525944203,0.0056348890066146,0.0057704783976078,3.886276245117188,-3.5974578857421875,-5.795684814453125,-1.7729339599609375,-0.389312744140625,1.289276123046875
2022-03-09,18,3,296.3661499023437,284.9371337890625,-4.1143951416015625,0.66278076171875,0.0,91623.9375,267.1000671386719,280.5966491699219,293.37615966796875,0.0007255428936332,0.0054312981665134,0.0074563100934028,3.4719696044921875,1.263458251953125,-10.673355102539062,0.39849853515625,-3.909027099609375,1.62054443359375
2022-03-10,0,0,293.6826477050781,287.0597839355469,-2.3565216064453125,0.780670166015625,0.0,91441.921875,266.8736877441406,280.5848388671875,294.0769348144531,0.0004721090663224,0.0044378116726875,0.005901588127017,4.962158203125,-1.496246337890625,-9.108383178710938,1.7147979736328125,-3.900070190429688,-0.032318115234375
2022-03-10,6,1,303.5487060546875,283.127685546875,-4.023849487304688,0.981475830078125,0.0,91657.375,266.7518005371094,280.7838439941406,294.68701171875,0.0002948143519461,0.0034866009373217,0.0059718713164329,3.462860107421875,-3.459442138671875,-6.234664916992188,-1.1475830078125,-3.772140502929688,0.795196533203125
2022-03-10,12,2,304.3267822265625,282.3819274902344,-2.4091033935546875,0.29095458984375,0.0,91307.5625,267.5538330078125,281.1905517578125,297.17242431640625,0.0002262945054098,0.0053617320954799,0.0054212473332881,2.46136474609375,-2.762542724609375,-3.978683471679688,0.141357421875,-2.260482788085937,-0.30328369140625
2022-03-10,18,3,296.9615173339844,286.4813842773437,-3.553253173828125,0.7624359130859375,0.0,91623.359375,266.2828369140625,280.5091552734375,292.835693359375,0.0002634890261106,0.0054976940155029,0.0084972456097602,2.4237518310546875,1.4640960693359375,-9.493637084960938,1.5093536376953125,-3.4081268310546875,2.6043701171875
2022-03-11,0,0,293.03826904296875,285.00897216796875,-2.297393798828125,0.0659942626953125,0.0,91459.859375,266.958740234375,280.653564453125,293.75567626953125,0.0002169989747926,0.0030804986599832,0.0054836384952068,2.518768310546875,-4.662765502929688,-7.7852020263671875,3.897430419921875,-5.5267181396484375,-0.1779327392578125
2022-03-11,6,1,303.9239807128906,280.7709655761719,-4.163497924804688,-0.5956878662109375,0.0,91641.21875,266.63690185546875,280.6417236328125,295.29254150390625,0.0003510999958962,0.0034798679407685,0.0044298768043518,2.2407989501953125,-7.492843627929687,-6.4088897705078125,3.5081787109375,-4.8920440673828125,-1.356109619140625
2022-03-11,12,2,304.2660827636719,280.5580139160156,-3.82659912109375,-0.17462158203125,0.0,91272.0625,266.8847045898437,280.9283447265625,296.9844970703125,0.0003575556911528,0.0048185996711254,0.004904918372631,4.66265869140625,-5.284149169921875,-6.4700775146484375,2.5404205322265625,-1.90924072265625,-0.7156219482421875
2022-03-11,18,3,296.6488037109375,284.9340209960937,-3.830886840820313,0.8142242431640625,0.0,91587.046875,266.320068359375,281.2783203125,293.64471435546875,0.0002437047951389,0.0036053769290447,0.0066907331347465,4.944839477539063,-2.9716339111328125,-10.848037719726562,2.680755615234375,-3.1380157470703125,0.1394195556640625
2022-03-12,0,0,293.7781982421875,283.0124206542969,-2.41876220703125,0.1226043701171875,0.0,91450.09375,266.24884033203125,280.61236572265625,293.440673828125,0.000308075454086,0.0032998865935951,0.0048447102308273,3.730056762695313,-4.257049560546875,-9.37908935546875,6.11065673828125,-3.8973236083984375,1.270477294921875
2022-03-12,6,1,303.7783203125,279.63653564453125,-4.485031127929688,-0.5117034912109375,0.0,91588.703125,266.2874755859375,280.64678955078125,295.2152099609375,0.0005419745575636,0.0035007591359317,0.0046999640762805,4.8239593505859375,-5.604293823242188,-6.863800048828125,6.021270751953125,-4.1792755126953125,-1.268463134765625
2022-03-12,12,2,304.40167236328125,281.5870056152344,-3.4646759033203125,-0.610809326171875,0.0,91252.453125,267.29718017578125,281.1174621582031,297.1866149902344,0.0008658575825393,0.0050423145294189,0.0051281228661537,5.656768798828125,-4.5455474853515625,-5.6103057861328125,4.642181396484375,-2.513519287109375,-1.4633636474609375
2022-03-12,18,3,296.90484619140625,283.81103515625,-3.8029937744140634,0.4780120849609375,0.0,91572.484375,266.6642150878906,281.1004638671875,293.6922912597656,0.0009209280833601,0.0044796564616262,0.0070708729326725,5.177520751953125,-2.341049194335937,-11.94171142578125,3.2411041259765625,-2.8516845703125,-0.714935302734375
2022-03-13,0,0,294.982421875,281.3890075683594,-2.791351318359375,0.0475616455078125,0.0,91419.5,266.5511474609375,281.2702331542969,293.24371337890625,0.0009725191630423,0.0024842203129082,0.0060035996139049,3.629470825195313,-5.474884033203125,-9.724777221679688,5.285202026367188,-2.484649658203125,-0.28656005859375
2022-03-13,6,1,303.6897888183594,282.7933654785156,-5.01287841796875,-0.9486083984375,0.0,91626.65625,266.5631408691406,281.862060546875,294.94873046875,0.0010276236571371,0.002530581317842,0.0061677023768424,2.5875396728515625,-7.5751495361328125,-7.83087158203125,6.1306915283203125,-1.2129058837890625,-1.6698150634765625
2022-03-13,12,2,304.455322265625,283.0414123535156,-4.06695556640625,0.0553436279296875,0.0,91312.734375,267.7050170898437,281.1611328125,297.23712158203125,0.0012598156463354,0.0061991997063159,0.0062630921602249,3.682525634765625,-5.638336181640625,-6.875579833984375,3.7506256103515625,-1.9383392333984373,-0.4396514892578125
2022-03-13,18,3,297.5241394042969,285.4208984375,-3.47637939453125,0.9779815673828124,0.0,91651.4375,267.5487060546875,282.42315673828125,293.4037780761719,0.001062661409378,0.0038167627062648,0.0077684186398983,3.2028350830078125,-3.8030853271484375,-10.281631469726562,2.6562957763671875,-1.7527008056640625,0.7441558837890625
2022-03-14,0,0,293.85174560546875,286.3186340332031,-2.16424560546875,-0.114776611328125,0.0,91519.296875,267.6490478515625,282.1966552734375,293.5262451171875,0.0009891130030155,0.0026184883899986,0.0062676779925823,0.664459228515625,-2.809814453125,-7.5034027099609375,3.770782470703125,-2.0372772216796875,-1.7288818359375
2022-03-14,6,1,304.1290283203125,284.6619873046875,-3.600433349609375,-2.031280517578125,0.0,91669.28125,268.35546875,282.706787109375,295.2823791503906,0.0009824407752603,0.0027831881307065,0.0072702458128333,1.795440673828125,-3.935989379882813,-5.4544677734375,2.765380859375,-2.4252166748046875,-3.54840087890625
2022-03-14,12,2,305.3055419921875,285.82843017578125,-2.948028564453125,-0.9001007080078125,0.0,91261.953125,268.3385314941406,281.7596130371094,297.9580078125,0.00079717929475,0.0067340247333049,0.0067619998008012,4.310791015625,-3.747512817382813,-4.482269287109375,-1.14111328125,-2.4463653564453125,-1.746307373046875
2022-03-14,18,3,297.8378601074219,285.48504638671875,-3.3392791748046875,0.893890380859375,0.0,91600.0625,267.680908203125,281.4914245605469,293.7966003417969,0.00086190411821,0.0060820505023002,0.0085153095424175,1.05950927734375,3.330047607421875,-8.056869506835938,0.0718994140625,-3.814117431640625,1.9887847900390625
2022-03-15,0,0,294.2076416015625,289.77685546875,-1.8505096435546875,-0.1990509033203125,0.0,91430.1875,267.9266967773437,280.9911499023437,294.3030700683594,0.0008860968519002,0.0054319389164447,0.0067476518452167,3.189422607421875,1.5306243896484375,-4.6166534423828125,-2.2754669189453125,-4.980438232421875,-2.2176055908203125
2022-03-15,6,1,303.7442626953125,284.15557861328125,-1.6004180908203125,-1.410675048828125,0.0,91560.125,268.76971435546875,281.0421142578125,295.41070556640625,0.0009081759490072,0.0041966801509261,0.0067083537578582,4.0738067626953125,-0.8851318359375,-2.27386474609375,-3.217758178710937,-6.4651947021484375,-2.568695068359375
2022-03-15,12,2,305.3796691894531,280.5198974609375,-1.1598663330078125,-2.442733764648437,0.0,91190.796875,268.98004150390625,281.6076965332031,297.6967468261719,0.0005733508151024,0.0043063573539257,0.0042951516807079,4.4600677490234375,-2.2604217529296875,-2.0290069580078125,-1.5397186279296875,-3.200424194335937,-3.971115112304688
2022-03-15,18,3,296.6019897460937,281.5748291015625,-2.400604248046875,-0.22882080078125,0.0,91508.34375,268.7704467773437,280.87567138671875,295.310546875,0.0003296607173979,0.003982744179666,0.0054263286292552,-0.93145751953125,3.0684051513671875,-4.704391479492188,-0.934600830078125,0.569122314453125,-0.4542083740234375
2022-03-16,0,0,293.31463623046875,287.27691650390625,-1.6784820556640625,1.9669189453125,0.0,91333.203125,270.9027709960937,280.07208251953125,294.0424499511719,0.0002364595420658,0.0035503981634974,0.0067365653812885,-0.479766845703125,0.7426605224609375,-1.097747802734375,2.586181640625,-7.295974731445312,1.70361328125
2022-03-16,6,1,303.3623046875,287.0198974609375,0.7978515625,-1.048828125,0.0,91509.640625,270.2578125,280.1948547363281,295.0764465332031,0.0003620681818574,0.0041055167093873,0.0072275660932064,1.9948883056640625,-5.463775634765625,0.535919189453125,2.479583740234375,-10.165985107421877,-2.111724853515625
2022-03-16,12,2,305.5849914550781,280.9744873046875,-1.8260345458984373,-1.95904541015625,0.0,91089.671875,269.2221374511719,282.5826416015625,298.7270812988281,0.0001991088938666,0.0048088245093822,0.0048763267695903,3.231903076171875,-4.417266845703125,-3.460113525390625,-1.70135498046875,-3.74102783203125,-3.658370971679688
2022-03-16,18,3,297.9033203125,280.5731201171875,-2.965072631835937,0.863433837890625,0.0,91443.203125,268.7620849609375,281.76251220703125,295.83941650390625,0.000190297330846,0.0043987706303596,0.0060961209237575,-1.169342041015625,0.783538818359375,-8.385116577148438,1.86773681640625,-1.3803558349609375,2.59552001953125
2022-03-17,0,0,294.401123046875,286.288818359375,-1.7301788330078125,0.64495849609375,0.0,91245.453125,269.784912109375,280.93658447265625,295.7326354980469,0.0003765919245779,0.0048433635383844,0.004831317346543,3.0307769775390625,-3.5207977294921875,-5.672378540039063,4.39813232421875,-6.25103759765625,-0.711883544921875
2022-03-17,6,1,304.67889404296875,284.25421142578125,-2.4274139404296875,-2.007431030273437,0.0,91417.59375,269.4554138183594,280.8185729980469,296.8086242675781,0.0003886031918227,0.0041256165131926,0.0051610954105854,1.9537811279296875,-6.860366821289063,-4.027618408203125,2.69134521484375,-6.813079833984375,-3.58453369140625
2022-03-17,12,2,305.62237548828125,280.9931335449219,-2.5501708984375,-0.317413330078125,0.0,91076.765625,268.74761962890625,283.1080627441406,299.17291259765625,0.0004109633155167,0.0046728365123271,0.0047731027007102,4.145416259765625,-4.826324462890625,-5.397552490234375,0.1924896240234375,-2.19622802734375,-1.0462799072265625
2022-03-17,18,3,298.8287048339844,282.3051452636719,-1.990753173828125,2.1362762451171875,0.0,91413.828125,268.05059814453125,282.5303955078125,296.75592041015625,0.0003142552450299,0.0046923980116844,0.0056043043732643,1.682098388671875,-0.4257049560546875,-7.58349609375,0.840606689453125,-4.6898956298828125,5.6653900146484375
2022-03-18,0,0,296.1901550292969,284.7057189941406,-0.3264312744140625,2.024505615234375,2.625,91270.28125,266.4496765136719,282.0062255859375,294.566162109375,0.0006247234996408,0.0049127712845802,0.0064104832708835,2.709320068359375,-2.010848999023437,-2.07379150390625,2.7694854736328125,-7.222244262695312,5.799118041992188
2022-03-18,6,1,303.83697509765625,287.5091552734375,0.8166961669921875,1.40185546875,0.0,91438.453125,266.6014709472656,281.85723876953125,295.578857421875,0.0011457803193479,0.0045954585075378,0.007886379957199,2.4772186279296875,-4.3390045166015625,0.735504150390625,3.884231567382813,-8.796737670898438,1.5488739013671875
2022-03-18,12,2,305.7916564941406,283.3291015625,-0.684051513671875,0.3323822021484375,0.0,90992.890625,267.28387451171875,282.9892578125,299.1630859375,0.0008416702039539,0.0057231672108173,0.0058327503502368,5.907150268554688,-3.00244140625,-1.7487640380859375,1.2271270751953125,-2.2450714111328125,-0.4651336669921875
2022-03-18,18,3,298.25848388671875,281.2218322753906,-0.8242034912109375,2.0200958251953125,13.0,91346.5,267.297607421875,282.21990966796875,297.0287475585937,0.0009267872665077,0.0065085180103778,0.0064158588647842,1.6405181884765625,0.8185272216796875,-2.6546173095703125,3.064193725585937,-0.535919189453125,8.571548461914062
2022-03-19,0,0,294.8248596191406,292.0311889648437,0.972381591796875,1.247222900390625,580.625,91229.984375,264.7793884277344,282.26715087890625,294.54473876953125,0.0024071149528026,0.0044881887733936,0.0086510851979255,4.4239349365234375,-2.833160400390625,4.3687896728515625,3.4676971435546875,-1.1016387939453125,4.253387451171875
2022-03-19,6,1,303.3043518066406,290.275146484375,2.966217041015625,0.89141845703125,108.25,91415.640625,265.88848876953125,282.2188720703125,295.0950927734375,0.0013977764174342,0.0047856718301773,0.0097554102540016,4.7226409912109375,-0.78607177734375,4.294952392578125,6.711090087890625,-2.1210479736328125,1.2642059326171875
2022-03-19,12,2,303.64013671875,287.4795227050781,0.812591552734375,-0.2324981689453125,12.875,91002.0625,265.223388671875,282.1217956542969,297.18902587890625,0.0025149793364107,0.0073596872389316,0.0085611045360565,8.781646728515625,-1.643585205078125,0.4339752197265625,-0.4883270263671875,-1.5209808349609375,-0.631011962890625
2022-03-19,18,3,296.77276611328125,289.7392578125,1.5790252685546875,0.13037109375,200.5,91373.34375,265.42431640625,280.795654296875,294.5625,0.0040030926465988,0.0080250892788171,0.0098235309123992,4.1127777099609375,-2.856552124023437,2.8508453369140625,-1.3507232666015625,0.3875885009765625,-2.196441650390625
2022-03-20,0,0,296.34527587890625,290.5131530761719,1.772216796875,0.1116790771484375,80.0,91270.53125,266.0166015625,281.8739624023437,292.688720703125,0.0041778571903705,0.007776916027069,0.0099747888743877,1.3954010009765625,0.4741668701171875,4.6209716796875,-0.283111572265625,-0.53717041015625,0.2441558837890625
2022-03-20,6,1,299.2095947265625,289.5639038085937,2.113388061523437,1.4020233154296875,29.125,91470.15625,265.6201171875,281.42822265625,293.0340576171875,0.0039723357185721,0.0071491450071334,0.0092311426997184,2.070663452148437,-3.5641021728515625,3.9909820556640634,4.060028076171875,-2.7810211181640625,0.8283538818359375
2022-03-20,12,2,301.0775146484375,289.8495788574219,2.093902587890625,-0.4122772216796875,0.5,91106.046875,266.12677001953125,282.46697998046875,294.41363525390625,0.0032132137566804,0.0064723566174507,0.0095897801220417,8.889068603515625,-4.0411376953125,2.3455047607421875,2.9776153564453125,-1.464996337890625,-1.3256683349609375
2022-03-20,18,3,296.474609375,291.3470458984375,1.8981475830078125,1.1285247802734375,205.125,91402.234375,265.65496826171875,282.2174072265625,293.2901611328125,0.0035392441786825,0.0062930323183536,0.0119187720119953,4.8544921875,-6.29949951171875,4.471588134765625,1.49664306640625,-0.4840545654296875,-0.3005218505859375
2022-03-21,0,0,294.989990234375,293.2341613769531,1.54840087890625,0.3006744384765625,362.25,91262.46875,265.85064697265625,282.47088623046875,292.8330078125,0.0005756714381277,0.0062467977404594,0.0114380940794944,6.20721435546875,-3.272445678710937,2.352874755859375,4.72161865234375,0.961212158203125,-2.520980834960937
2022-03-21,6,1,302.43670654296875,291.4377136230469,0.9370574951171876,-0.1771240234375,193.5,91405.375,268.05242919921875,282.80322265625,294.68951416015625,0.0002148713683709,0.0056971590965986,0.0117926634848117,9.745025634765623,-4.745086669921875,0.7689361572265625,3.31365966796875,-2.4109649658203125,-0.70465087890625
2022-03-21,12,2,301.64459228515625,290.6270751953125,-1.67950439453125,-1.98406982421875,114.875,91090.546875,266.63934326171875,283.1785888671875,295.3744201660156,0.0035475674085319,0.009175170212984,0.0118684694170951,5.8556060791015625,-1.6302490234375,-1.881744384765625,-0.96527099609375,-1.3929595947265625,-2.169921875
2022-03-21,18,3,296.9953308105469,292.07769775390625,1.6583099365234375,1.6667022705078125,115.125,91458.09375,266.74365234375,281.5198974609375,293.2486572265625,0.0045183300971984,0.0092117488384246,0.0113192684948444,1.772552490234375,-5.174041748046875,-0.5730438232421875,0.4980621337890625,-5.164215087890625,2.6029052734375
2022-03-22,0,0,295.164794921875,292.65057373046875,1.065643310546875,1.2074432373046875,196.125,91327.703125,266.1963806152344,282.1288452148437,292.31109619140625,0.0043582767248153,0.0082366503775119,0.0114451311528682,1.39569091796875,-4.8355712890625,0.5279083251953125,2.8352813720703125,-4.640670776367188,2.344940185546875
2022-03-22,6,1,300.0201721191406,291.77752685546875,1.6770172119140625,0.832550048828125,150.25,91531.453125,266.8837890625,282.50177001953125,292.91656494140625,0.0042694397270679,0.0076765418052673,0.0117043256759643,1.173828125,-6.7496337890625,1.052764892578125,4.9635772705078125,-3.3165283203125,0.014190673828125
2022-03-22,12,2,302.2703857421875,292.72772216796875,1.504150390625,-0.4141998291015625,150.25,91156.640625,266.6590881347656,283.43035888671875,294.91778564453125,0.0034887420479208,0.0074286945164203,0.0123905166983604,4.099090576171875,-5.8948822021484375,1.587066650390625,2.109832763671875,-0.895355224609375,-2.131011962890625
2022-03-22,18,3,297.14697265625,291.2040405273437,-0.74835205078125,1.34271240234375,113.25,91390.78125,266.63201904296875,282.7362060546875,295.5313720703125,0.0015044715255498,0.008268442004919,0.0108467303216457,6.88232421875,-4.2740631103515625,-3.608688354492188,0.032073974609375,-0.0316925048828125,-0.942230224609375
2022-03-23,0,0,295.5946655273437,291.9645080566406,-1.130279541015625,-0.4192657470703125,64.875,91227.0,267.94122314453125,283.01202392578125,294.17926025390625,0.0004557843785732,0.0061709936708211,0.0113253332674503,5.7248382568359375,-7.259490966796875,-3.101837158203125,-1.804351806640625,0.1680145263671875,2.5221710205078125
2022-03-23,6,1,303.40631103515625,292.45294189453125,-1.6398773193359375,0.89013671875,154.875,91412.015625,269.45953369140625,283.21221923828125,295.4716186523437,0.0002253731945529,0.0054990835487842,0.011961854994297,4.220458984375,-8.527481079101562,-2.6798858642578125,0.3858184814453125,-1.646087646484375,0.7396697998046875
2022-03-23,12,2,303.4534912109375,289.5589599609375,-2.6821746826171875,1.6648712158203125,3.875,91031.6875,269.16796875,282.85748291015625,297.3262939453125,0.0013441294431686,0.0082516409456729,0.0099462568759918,4.99810791015625,-5.869552612304688,-5.103424072265625,-0.568145751953125,-2.43292236328125,1.8199615478515625
2022-03-23,18,3,297.9412841796875,290.99639892578125,-0.8347320556640625,1.4667205810546875,230.375,91375.84375,267.85223388671875,282.9686584472656,294.8258972167969,0.0014653990510851,0.0065531209111213,0.0119790099561214,3.975509643554688,-6.849151611328125,-3.7234039306640634,-3.362167358398437,-1.993560791015625,6.0352630615234375
2022-03-24,0,0,296.50457763671875,292.3253173828125,-1.0763702392578125,0.417388916015625,276.5,91220.46875,267.1812744140625,283.11676025390625,292.7670288085937,0.0024542035534977,0.0050527714192867,0.0127561949193477,3.6363677978515625,-8.677719116210938,0.22528076171875,-0.6740875244140625,-3.68670654296875,2.8659820556640625
2022-03-24,6,1,302.39459228515625,292.2839050292969,-0.2812042236328125,1.08746337890625,287.5,91498.890625,266.6204833984375,283.0096435546875,293.6365661621094,0.0027134963311254,0.0044509209692478,0.0126530490815639,2.704986572265625,-10.086822509765623,-0.8803253173828125,1.3821258544921875,-4.847213745117188,1.0122833251953125
2022-03-24,12,2,303.69549560546875,289.31317138671875,-2.757553100585937,0.4135894775390625,10.5,91071.671875,269.17095947265625,282.70721435546875,296.7544250488281,0.001839333679527,0.0078564472496509,0.0104790925979614,5.0197296142578125,-6.291168212890625,-5.0369720458984375,-0.7815093994140625,-2.1102447509765625,0.1754913330078125
2022-03-24,18,3,298.81451416015625,290.275390625,-1.94940185546875,1.6441802978515625,96.5,91408.9375,267.97564697265625,282.92340087890625,294.51837158203125,0.0010860508773475,0.0063501931726932,0.0117656961083412,0.4096527099609375,-8.875930786132812,-2.6480255126953125,-5.0213165283203125,-2.417510986328125,6.1837158203125
2022-03-25,0,0,296.4424133300781,292.1455078125,-0.3609161376953125,1.1492462158203125,78.75,91305.953125,267.8739013671875,283.1591186523437,292.23760986328125,0.0008037600200623,0.0056611634790897,0.0121912732720375,1.96002197265625,-10.34344482421875,1.2267303466796875,-1.814971923828125,-2.9251708984375,3.592636108398437
2022-03-25,6,1,302.9248046875,291.691162109375,-0.5728607177734375,0.4547119140625,155.375,91544.875,269.410888671875,283.5028076171875,293.96441650390625,0.0006701974198222,0.005681712180376,0.0121993534266948,-2.4467010498046875,-10.094268798828123,-1.003448486328125,2.7284698486328125,-1.356536865234375,0.30389404296875
2022-03-25,12,2,303.6483154296875,291.0917358398437,-1.431884765625,0.1139068603515625,30.25,91276.0625,267.4552001953125,282.84527587890625,295.89508056640625,0.003782422048971,0.0086925104260444,0.0114134140312671,-1.4157257080078125,-4.052886962890625,-2.3785552978515625,0.8929595947265625,-0.918670654296875,0.5927581787109375
2022-03-25,18,3,298.35430908203125,291.0733642578125,-1.6710662841796875,2.1437530517578125,68.5,91589.515625,268.629150390625,283.52862548828125,294.2734375,0.0014089629985392,0.0058602802455425,0.0122872181236743,0.4889373779296875,-6.0953216552734375,-1.4483184814453125,2.334823608398437,-1.809356689453125,6.173110961914063
2022-03-26,0,0,295.84600830078125,292.18798828125,-0.444183349609375,1.6380615234375,121.5,91457.515625,268.5802001953125,284.24273681640625,292.40460205078125,0.00134770385921,0.0038226665928959,0.0130347199738025,1.888092041015625,-8.892013549804688,3.615814208984375,1.3376007080078125,-0.834808349609375,2.8712310791015625
2022-03-26,6,1,303.0028686523437,292.06988525390625,-0.1307525634765625,-0.218170166015625,257.75,91744.453125,269.318359375,283.8723449707031,294.1996154785156,0.0011959394905716,0.0051737092435359,0.013220764696598,0.47119140625,-6.735198974609375,-0.3074798583984375,3.9173736572265625,-0.639678955078125,-0.6055755615234375
2022-03-26,12,2,304.40740966796875,290.8320617675781,-2.191925048828125,0.2202911376953125,110.0,91380.390625,268.9482727050781,283.6695861816406,296.8157958984375,0.0021130479872226,0.0078326798975467,0.0118186920881271,-0.606414794921875,-2.711700439453125,-3.004119873046875,3.50213623046875,-2.618865966796875,-0.2494049072265625
2022-03-26,18,3,298.6946716308594,292.7665100097656,-0.2769927978515625,1.76446533203125,211.625,91683.421875,269.3676452636719,283.91796875,294.19854736328125,0.0015879266429692,0.0053568594157695,0.0135256648063659,-1.9475860595703125,-7.6652679443359375,-1.600128173828125,2.284332275390625,-3.8310394287109375,6.130172729492188
2022-03-27,0,0,296.54376220703125,293.53912353515625,-0.71429443359375,1.835357666015625,141.375,91540.4375,269.607421875,283.5176086425781,292.44500732421875,0.0009366935119032,0.002673199865967,0.0130392350256443,-1.97607421875,-9.165512084960938,2.0506591796875,3.2206268310546875,-5.149688720703125,4.1705169677734375
2022-03-27,6,1,303.8451538085937,291.8510131835937,-1.0115509033203125,-0.0491790771484375,81.125,91764.15625,268.7464599609375,283.3811950683594,294.9795837402344,0.0012281646486371,0.0032433227170258,0.0119128376245498,-2.946273803710937,-11.7186279296875,-1.7236328125,3.846115112304688,-5.716110229492188,-0.49371337890625
2022-03-27,12,2,305.7310791015625,288.31085205078125,-2.81170654296875,-0.07904052734375,0.0,91355.484375,269.5130615234375,282.63580322265625,298.4374389648437,0.0011846013367176,0.0083807595074176,0.0089029744267463,-1.1392974853515625,-5.00506591796875,-5.227951049804688,1.2238311767578125,-3.865966796875,-1.0424652099609375
2022-03-27,18,3,298.57861328125,290.388916015625,-1.5189361572265625,1.25506591796875,7.625,91675.75,268.5473022460937,284.06793212890625,295.730712890625,0.0012034666724503,0.0040173241868615,0.011155717074871,-3.016830444335937,-9.0157470703125,-3.814407348632813,1.0427703857421875,-2.406005859375,2.5155181884765625
2022-03-28,0,0,295.8594970703125,291.85760498046875,-0.6894683837890625,1.608673095703125,9.625,91511.71875,268.2792358398437,283.533203125,293.6381530761719,0.0007413197308778,0.0040495903231203,0.0119571909308433,1.8023223876953125,-10.604995727539062,0.405059814453125,1.511505126953125,-4.0313568115234375,4.42315673828125
2022-03-28,6,1,304.111083984375,291.1021423339844,-1.549652099609375,0.5356903076171875,10.25,91697.78125,267.4385986328125,283.2489013671875,295.5347595214844,0.0009812479838728,0.004670675843954,0.0109476894140243,0.9394073486328124,-9.881088256835938,-2.5958709716796875,0.9669647216796876,-3.990036010742188,0.1703643798828125
2022-03-28,12,2,305.68682861328125,289.314208984375,-2.0905303955078125,0.9287567138671876,0.0,91308.203125,268.3583984375,283.08837890625,299.06036376953125,0.0005176183767616,0.0080425813794136,0.0082932785153388,-1.9151763916015625,-3.829833984375,-4.592315673828125,-3.791259765625,-3.4889678955078125,0.5963592529296875
2022-03-28,18,3,299.029541015625,289.61053466796875,-1.1790924072265625,1.4180908203125,0.875,91592.765625,268.29937744140625,283.1873779296875,295.4993896484375,0.0004101074300706,0.0072687231004238,0.0111397318542003,-7.252517700195312,-0.576263427734375,-2.420562744140625,-2.3120269775390625,-7.0277862548828125,7.2285308837890625
2022-03-29,0,0,296.62860107421875,291.0665283203125,0.36639404296875,1.778106689453125,81.625,91421.640625,270.19287109375,283.4124755859375,293.54693603515625,0.0001620628027012,0.0054846964776515,0.0122498944401741,-10.465438842773438,-5.134490966796875,1.08624267578125,0.858551025390625,-6.11761474609375,3.9393157958984375
2022-03-29,6,1,303.53436279296875,291.5067749023437,-0.618621826171875,0.3323822021484375,94.25,91618.84375,269.185791015625,283.0929260253906,295.1581726074219,0.0001490547292632,0.0059491461142897,0.0115810856223106,-12.168548583984377,-5.558273315429688,-1.24395751953125,-1.3216094970703125,-5.677337646484375,-0.0221710205078125
2022-03-29,12,2,306.4219970703125,289.27862548828125,-0.9788055419921876,1.2990264892578125,0.125,91233.390625,268.7093811035156,283.270263671875,299.0116882324219,0.0002060355182038,0.0082434564828872,0.0088889859616756,-11.896560668945312,-3.510360717773437,-2.4684600830078125,-4.413543701171875,-5.43829345703125,0.501617431640625
2022-03-29,18,3,299.5773010253906,290.0547180175781,-1.17535400390625,1.480712890625,22.25,91498.609375,269.11669921875,282.6547241210937,296.0618591308594,0.0001170536270365,0.0084108933806419,0.0106291808187961,-16.275955200195312,-0.0658721923828125,-2.19970703125,-5.0858001708984375,-5.367706298828125,5.988372802734375
2022-03-30,0,0,297.6636962890625,292.0702514648437,1.5493927001953125,0.891845703125,318.875,91402.015625,269.57232666015625,281.9388427734375,293.8119812011719,9.170328848995268e-05,0.0080349259078502,0.0124268010258674,-13.620529174804688,-4.470062255859375,2.181991577148437,-3.1151275634765625,-4.680389404296875,3.07891845703125
2022-03-30,6,1,303.510986328125,291.59832763671875,0.0425872802734375,-0.101165771484375,166.375,91593.640625,269.3727111816406,282.724365234375,295.14996337890625,7.786991773173213e-05,0.0061673708260059,0.0115973614156246,-12.936386108398438,-5.4106292724609375,-0.2628326416015625,-2.63116455078125,-6.790374755859375,-0.1846160888671875
2022-03-30,12,2,305.5761413574219,290.7166748046875,-0.1359100341796875,-0.375396728515625,3.25,91227.125,268.8504943847656,283.2180480957031,298.5404663085937,9.994370338972658e-05,0.0083829574286937,0.0093156918883323,-11.70892333984375,-5.968231201171875,-1.1798248291015625,-5.357223510742188,-3.2807159423828125,-1.1665496826171875
2022-03-30,18,3,299.88006591796875,289.11798095703125,-0.7958984375,1.687347412109375,19.75,91509.890625,268.66387939453125,282.3109741210937,296.10565185546875,8.561393769923598e-05,0.0086319111287593,0.0106299594044685,-14.593719482421877,-2.17864990234375,-0.60455322265625,-8.107986450195312,-5.2525787353515625,6.115966796875
2022-03-31,0,0,297.1678466796875,291.1647033691406,1.875030517578125,0.3332061767578125,220.375,91387.125,269.57684326171875,282.02886962890625,294.0918273925781,9.44563071243465e-05,0.0073427204042673,0.0107449069619178,-16.363037109375,-4.562667846679688,3.7104339599609375,-6.06640625,-7.26922607421875,3.728683471679688
2022-03-31,6,1,302.9862976074219,292.82891845703125,1.7227935791015625,0.8116302490234375,422.125,91637.53125,269.197509765625,282.0584411621094,294.37725830078125,0.0001062466180883,0.0059079602360725,0.0130469799041748,-16.041473388671875,-5.47052001953125,2.376007080078125,-4.5792236328125,-5.410369873046875,0.8994293212890625
2022-03-31,12,2,305.4410705566406,290.2769470214844,0.2261505126953125,0.417755126953125,9.0,91244.828125,269.1428527832031,283.4526062011719,297.9599304199219,9.076762944459917e-05,0.0078532211482524,0.0099837444722652,-14.032485961914062,-6.4106292724609375,-0.8712921142578125,-6.641632080078125,-4.1846771240234375,-0.36614990234375
2022-03-31,18,3,299.05694580078125,291.18658447265625,-1.0883636474609375,1.470703125,76.5,91504.265625,270.42120361328125,282.8476867675781,296.75067138671875,8.728796092327684e-05,0.0078233815729618,0.0107092149555683,-14.335983276367188,-3.4290924072265625,-1.4095306396484375,-5.3181915283203125,-5.4554290771484375,3.526580810546875
2022-04-01,0,0,298.0158996582031,291.5922241210937,1.45068359375,0.427520751953125,185.125,91402.5,271.71417236328125,282.5758056640625,293.6397705078125,9.492917160969228e-05,0.0065767467021942,0.0114423595368862,-11.6016845703125,-6.625640869140625,2.771224975585937,-1.269012451171875,-6.8763275146484375,2.912109375
2022-04-01,6,1,303.23907470703125,292.4488525390625,0.6357879638671875,1.170379638671875,276.75,91616.875,271.5987548828125,282.64532470703125,295.0962219238281,0.0001306838821619,0.0048060789704322,0.0120846070349216,-10.70318603515625,-8.395401000976562,0.7292022705078125,0.537109375,-3.630661010742188,1.2170562744140625
2022-04-01,12,2,303.40869140625,290.2603759765625,-0.39605712890625,2.192245483398437,12.0,91286.109375,270.6727905273437,282.91650390625,297.3128356933594,0.0001762286119628,0.008265484124422,0.010064709931612,-9.156005859375,-6.367843627929688,-1.736663818359375,-1.2628631591796875,-4.97747802734375,2.284515380859375
2022-04-01,18,3,297.34588623046875,290.5053405761719,-0.8798980712890625,1.7323150634765625,64.375,91584.296875,270.88922119140625,282.9735717773437,295.78912353515625,0.0001153232151409,0.0074030980467796,0.010534580796957,-10.994338989257812,-3.187606811523437,-1.7898101806640625,0.4655609130859375,-5.82012939453125,5.032974243164063
2022-04-02,0,0,296.047119140625,291.641357421875,0.2785491943359375,1.7153778076171875,227.25,91498.90625,270.70947265625,282.865234375,292.6539306640625,0.0001654429797781,0.0040432540699839,0.0123536139726638,-8.530654907226562,-8.5726318359375,3.2637939453125,3.1134796142578125,-7.285232543945312,4.2027435302734375
2022-04-02,6,1,302.0712890625,292.9716491699219,0.410858154296875,0.856781005859375,312.125,91760.625,269.6728515625,282.3616638183594,293.8077697753906,0.0002145027538063,0.0041846111416816,0.0128781870007514,-7.595855712890625,-10.42974853515625,0.508758544921875,3.1192779541015625,-5.2904052734375,0.759246826171875
2022-04-02,12,2,304.6822509765625,290.4149475097656,-0.772216796875,0.7086181640625,17.25,91365.453125,269.5216979980469,282.5467529296875,297.31524658203125,0.0002213226252933,0.0079255998134613,0.0099281296133995,-6.087799072265625,-7.1876373291015625,-2.2968292236328125,1.3307952880859375,-5.566574096679688,0.345733642578125
2022-04-02,18,3,297.782470703125,290.90234375,-1.5453338623046875,0.905426025390625,10.75,91612.390625,268.8475036621094,283.00372314453125,295.5982666015625,0.0001768391084624,0.0044932020828127,0.0102798864245414,-8.972640991210938,-9.432662963867188,-2.934432983398437,1.091400146484375,-8.036087036132812,4.3746490478515625
2022-04-03,0,0,295.6247253417969,292.1197814941406,-1.3410797119140625,1.503814697265625,123.875,91476.921875,268.9135131835937,282.6747436523437,293.499267578125,0.0001794051931938,0.0037958819884806,0.0108883567154407,-7.56219482421875,-12.814178466796877,-1.516357421875,2.830291748046875,-7.0,3.0670318603515625
2022-04-03,6,1,303.0499267578125,291.1216735839844,-1.4162139892578125,0.438201904296875,0.0,91670.40625,267.89813232421875,282.598388671875,294.60028076171875,0.0001797149598132,0.0037097395397722,0.0107841081917285,-7.1121826171875,-12.91485595703125,-2.42138671875,1.7091522216796875,-2.818359375,0.2259368896484375
2022-04-03,12,2,305.70733642578125,287.05615234375,-2.996063232421875,0.33953857421875,0.0,91267.703125,267.49908447265625,282.50067138671875,298.4271240234375,0.0001856761373346,0.0071702450513839,0.0075674168765544,-6.3516998291015625,-5.6685333251953125,-5.9957427978515625,-1.3724212646484375,-3.408477783203125,-0.2403564453125
2022-04-03,18,3,298.03692626953125,288.7921142578125,-2.0404510498046875,1.41180419921875,0.0,91520.109375,266.9519348144531,283.2330017089844,296.42388916015625,0.000221561640501,0.0039521399885416,0.0080381855368614,-8.350967407226562,-10.485549926757812,-5.661788940429688,-3.229278564453125,-4.73223876953125,1.335693359375
2022-04-04,0,0,295.45849609375,291.260009765625,-1.6064910888671875,1.490936279296875,52.0,91487.84375,267.7686767578125,282.36590576171875,293.9885559082031,0.0001734022807795,0.0042510163038969,0.0087569281458854,-8.702713012695312,-11.317977905273438,-3.3966827392578125,-1.5387725830078125,-5.428756713867188,3.71099853515625
2022-04-04,6,1,303.2689819335937,290.50445556640625,-1.620574951171875,1.636474609375,6.375,91655.1875,268.0365600585937,282.49664306640625,294.603271484375,0.0001259028067579,0.0046453811228275,0.0107695944607257,-6.514434814453125,-11.89654541015625,-2.957260131835937,1.7542877197265625,-5.769622802734375,2.0079498291015625
2022-04-04,12,2,304.96142578125,285.88336181640625,-2.6151275634765625,1.7089996337890625,1.875,91395.25,267.86505126953125,283.0023193359375,298.1201477050781,0.0001148482842836,0.007202923297882,0.0079380460083484,-4.1377716064453125,-4.2547454833984375,-5.92559814453125,-2.0181884765625,-5.0812530517578125,2.552886962890625
2022-04-04,18,3,298.34674072265625,288.61285400390625,-2.999542236328125,1.630340576171875,60.5,91728.859375,267.3641052246094,282.9499816894531,296.1917724609375,0.0001460092025808,0.0056184791028499,0.0075695626437664,-7.364349365234375,-5.8670806884765625,-7.75103759765625,-4.493438720703125,-4.789398193359375,2.41387939453125
2022-04-05,0,0,294.937255859375,293.07781982421875,-1.857666015625,2.354721069335937,278.375,91679.953125,267.77197265625,282.3009948730469,294.7207336425781,7.219085819087923e-05,0.0042658597230911,0.0057145319879055,-11.3204345703125,-8.512542724609375,-6.607666015625,-2.1031951904296875,-7.091567993164063,3.14849853515625
2022-04-05,6,1,303.1810913085937,289.839599609375,-1.1166839599609375,1.827545166015625,36.5,91865.703125,268.9710693359375,281.9732666015625,293.5586242675781,0.0001026634854497,0.0041707083582878,0.0100654624402523,-7.3847198486328125,-11.930465698242188,-2.2696685791015625,1.63250732421875,-5.950942993164063,2.371078491210937
2022-04-05,12,2,304.9017639160156,286.16424560546875,-3.1427154541015625,1.8453826904296875,0.0,91487.0,269.16021728515625,282.1948547363281,297.29034423828125,8.852838072925806e-05,0.0059405155479907,0.0070605129003524,-1.0087127685546875,-6.091064453125,-6.40447998046875,0.9126739501953124,-5.28936767578125,2.57916259765625
2022-04-05,18,3,298.4373779296875,288.0711669921875,-2.772216796875,1.8210601806640625,24.5,91811.921875,268.69976806640625,282.63848876953125,295.40240478515625,9.122054325416684e-05,0.0040815705433487,0.0076609328389167,-2.36199951171875,-8.700592041015625,-6.0471954345703125,0.799591064453125,-4.85736083984375,2.9005279541015625
2022-04-06,0,0,294.48858642578125,291.79742431640625,-0.8014068603515625,1.7711334228515625,79.25,91699.84375,268.5230712890625,282.2699584960937,294.2178039550781,0.0001213890063809,0.0040486217476427,0.0063383504748344,-3.4459686279296875,-9.61920166015625,-2.649505615234375,3.8555908203125,-7.3988037109375,2.5150146484375
2022-04-06,6,1,303.85369873046875,289.525146484375,-0.3622894287109375,0.424591064453125,0.0,91877.796875,267.7899780273437,281.89263916015625,294.3143310546875,0.0002512726932764,0.0039254613220691,0.0097253397107124,-3.56585693359375,-10.899185180664062,-1.002899169921875,2.1330108642578125,-2.8553009033203125,0.1091766357421875
2022-04-06,12,2,306.138671875,286.11395263671875,-2.46502685546875,0.63165283203125,0.0,91393.703125,268.1719970703125,282.695068359375,298.7660217285156,0.0003594558220356,0.0067078173160552,0.0069732330739498,-3.802978515625,-4.798751831054688,-5.310394287109375,-0.5437774658203125,-3.4635009765625,-0.02166748046875
2022-04-06,18,3,298.1193542480469,287.6736755371094,-2.1798095703125,1.3180999755859375,36.375,91810.25,267.7492370605469,282.893310546875,294.776611328125,0.0002603312314022,0.0052635073661804,0.0096496753394603,-6.278106689453125,-3.16473388671875,-5.50506591796875,-3.2755889892578125,-6.736602783203125,5.441131591796875
2022-04-07,0,0,295.0166015625,290.5216064453125,-0.990386962890625,1.7186737060546875,33.875,91604.359375,268.832763671875,282.4609375,293.238037109375,0.0002247195079689,0.004144474864006,0.0099657364189624,-3.746536254882813,-11.274154663085938,-1.1509246826171875,1.865386962890625,-7.577713012695312,2.2377166748046875
2022-04-07,6,1,304.0596923828125,289.19091796875,-1.4678802490234375,-0.7189788818359375,0.0,91733.203125,267.8363037109375,283.0317687988281,295.4506530761719,0.0002582592424005,0.0045673106797039,0.0091886296868324,-3.963302612304688,-12.451004028320312,-2.447601318359375,2.69085693359375,-8.893524169921875,-1.4501190185546875
2022-04-07,12,2,306.0384826660156,286.0526733398437,-3.49627685546875,-0.9055328369140624,0.0,91330.03125,267.98779296875,283.08795166015625,299.13067626953125,0.0003822490107268,0.0063278637826442,0.0064367204904556,-1.52655029296875,-6.1287689208984375,-6.942306518554688,-1.391357421875,-4.249542236328125,-2.432479858398437
2022-04-07,18,3,298.26153564453125,288.4682312011719,-3.2570343017578125,0.986419677734375,3.0,91656.8125,267.9133605957031,283.3211364746094,295.14459228515625,0.0011689038947224,0.003916629590094,0.0093733370304107,-4.6614532470703125,-9.47711181640625,-7.6670074462890625,-3.3123016357421875,-6.424896240234375,1.0976715087890625
2022-04-08,0,0,295.03680419921875,292.8345947265625,-1.57037353515625,1.0089111328125,8.0,91533.5,268.0437316894531,283.04901123046875,294.26287841796875,0.002050545765087,0.0033780694939196,0.0074259936809539,-7.5677490234375,-8.673355102539062,-3.5788116455078125,1.0633544921875,-5.38861083984375,1.05767822265625
2022-04-08,6,1,303.70025634765625,290.0074157714844,-1.093536376953125,0.971160888671875,0.0,91647.4375,267.2255249023437,283.64093017578125,294.71490478515625,0.0029273394029587,0.0048650652170181,0.0101504735648632,-5.648773193359375,-9.318145751953123,-1.9000396728515625,1.87396240234375,-4.225799560546875,0.868194580078125
2022-04-08,12,2,306.357666015625,286.97930908203125,-2.74383544921875,0.1822662353515625,0.0,91247.921875,267.401123046875,282.7577514648437,298.3406677246094,0.0029783844947814,0.0070613697171211,0.0085011720657348,-4.112472534179688,-4.0461273193359375,-5.50567626953125,0.9356536865234376,-5.389923095703125,-0.9017333984375
2022-04-08,18,3,298.2236328125,291.593505859375,-2.4320068359375,2.0593414306640625,183.125,91605.1875,267.90673828125,284.2489013671875,292.97125244140625,0.0021068246569484,0.0026997607201337,0.0133189931511878,-5.7159576416015625,-5.823898315429688,-5.48968505859375,-2.488800048828125,-6.567153930664063,5.67449951171875
2022-04-09,0,0,296.60223388671875,293.8006591796875,-0.519378662109375,1.56927490234375,311.875,91466.4375,268.5480041503906,284.191162109375,291.8370361328125,0.0008837573695927,0.0020038355141878,0.0133426673710346,-6.264175415039063,-7.3255615234375,-0.0501251220703125,-1.1680450439453125,-4.515640258789063,3.232879638671875
2022-04-09,6,1,303.7833251953125,290.9119567871094,-0.04766845703125,-0.2620849609375,0.0,91517.71875,268.19049072265625,284.1737060546875,294.7784729003906,0.0006256662309169,0.0027305164840072,0.0114927440881729,-7.169357299804688,-9.178115844726562,-0.4170379638671875,-0.5819244384765625,-5.288253784179688,-0.637176513671875
2022-04-09,12,2,305.8571472167969,286.5373229980469,-2.5677490234375,-0.254547119140625,1.25,91152.234375,268.5885314941406,282.8638916015625,298.99078369140625,0.0006797942332923,0.0077672414481639,0.0078625604510307,-6.6145782470703125,-5.067794799804688,-4.9687042236328125,-2.285430908203125,-4.773971557617188,-1.5713653564453125
2022-04-09,18,3,298.4916381835937,290.304443359375,-2.394866943359375,2.068344116210937,369.625,91552.765625,268.92120361328125,283.2168884277344,293.0037841796875,0.0006770703475922,0.0062631107866764,0.0131796449422836,-9.5260009765625,-4.18780517578125,-5.28228759765625,-3.631027221679688,-6.8748779296875,5.4852142333984375
2022-04-10,0,0,295.9659423828125,292.6161499023437,0.2040557861328125,1.41253662109375,284.625,91415.5,269.0097045898437,283.0579833984375,291.9571228027344,0.0017433653119951,0.0039646187797188,0.0134239979088306,-8.403762817382812,-10.294265747070312,0.6381988525390625,0.1542205810546875,-6.3222198486328125,1.604248046875
2022-04-10,6,1,304.1881103515625,289.826171875,-1.3032073974609375,-0.716552734375,0.0,91529.296875,268.2826538085937,283.91064453125,294.91290283203125,0.0035317279398441,0.0044033238664269,0.0107096470892429,-8.52911376953125,-11.678436279296877,-2.0122833251953125,-0.2177581787109375,-6.864105224609375,-1.3403472900390625
2022-04-10,12,2,305.5343933105469,286.8787536621094,-2.86346435546875,-0.4250946044921875,0.0,91171.265625,268.3392333984375,282.25811767578125,298.05810546875,0.003688083961606,0.0075975507497787,0.0079668462276458,-6.5732421875,-4.964157104492188,-4.72393798828125,-1.2228240966796875,-4.6111602783203125,-1.430419921875
2022-04-10,18,3,298.5814819335937,290.4853820800781,-2.2186279296875,1.4519500732421875,66.375,91474.453125,268.105712890625,283.5865783691406,293.90313720703125,0.003614374436438,0.0034075994044542,0.0118900462985038,-9.53460693359375,-7.232879638671875,-6.040496826171875,-2.568206787109375,-4.501144409179688,2.030624389648437
2022-04-11,0,0,295.9534912109375,292.83856201171875,-0.9904327392578124,0.7174530029296875,97.875,91310.953125,268.3641357421875,283.39678955078125,293.5433349609375,0.003645681310445,0.0032252811361104,0.0112549997866153,-11.143020629882812,-9.132614135742188,-0.864227294921875,1.567626953125,-4.972625732421875,-1.3544921875
2022-04-11,6,1,304.4794311523437,289.3896484375,-0.618865966796875,-1.1429595947265625,17.75,91500.015625,267.75848388671875,283.9912414550781,294.1043701171875,0.0037402769085019,0.0032227109186351,0.0117365457117557,-9.314727783203123,-12.258163452148438,-1.490020751953125,2.4970245361328125,-4.0555572509765625,-1.9123687744140625
2022-04-11,12,2,306.3512878417969,285.37677001953125,-3.4181060791015625,-0.76812744140625,0.0,91029.8125,268.69439697265625,283.0465087890625,299.1522827148437,0.0040617994964122,0.0080253556370735,0.0082534067332744,-5.381103515625,-4.737350463867188,-5.8935546875,2.830047607421875,-4.12591552734375,-2.063140869140625
2022-04-11,18,3,298.6780090332031,293.78326416015625,-2.5700225830078125,1.8074188232421875,1192.25,91434.546875,269.14453125,284.0910949707031,293.860107421875,0.003584652673453,0.0034683323465287,0.0132566727697849,-7.81475830078125,-6.7853851318359375,-7.738479614257812,-0.2428436279296875,-3.769622802734375,0.3818817138671875
2022-04-12,0,0,297.3515014648437,294.7383117675781,-0.8451995849609375,1.1144866943359375,1162.25,91226.3125,268.6580810546875,284.635498046875,293.47967529296875,0.0037651092279702,0.0016599264927208,0.0093517079949378,-7.796844482421875,-9.479690551757812,-4.964889526367188,2.5204010009765625,-4.8461761474609375,-0.6345672607421875
2022-04-12,6,1,304.4956970214844,290.0030517578125,-1.648193359375,0.843048095703125,0.0,91443.125,267.6719970703125,284.4724426269531,294.0845031738281,0.0044082179665565,0.0027586661744862,0.0113663449883461,-8.005889892578125,-12.409347534179688,-2.6989288330078125,3.414031982421875,-2.1971893310546875,0.6553802490234375
2022-04-12,12,2,305.13494873046875,286.8829345703125,-2.496200561523437,1.6302642822265625,0.0,91011.265625,268.271484375,282.9945678710937,297.84185791015625,0.0039523057639598,0.008198644965887,0.0095183104276657,-4.912872314453125,-5.985275268554688,-4.408203125,3.344696044921875,-4.7154083251953125,1.223114013671875
2022-04-12,18,3,298.128173828125,293.9535522460937,-1.7478790283203125,2.2395172119140625,677.75,91328.203125,268.39215087890625,284.6795654296875,293.0125732421875,0.00251598469913,0.003191836643964,0.0141730681061744,-5.25640869140625,-7.824050903320312,-6.76470947265625,1.235595703125,-3.5853271484375,3.435577392578125
2022-04-13,0,0,297.4132080078125,294.28436279296875,-0.9517974853515624,0.449615478515625,1028.0,91136.375,268.33184814453125,284.890869140625,292.96417236328125,0.0024212023708969,0.0045145824551582,0.011448822915554,-5.600433349609375,-8.5029296875,-5.577178955078125,2.522079467773437,-0.7540740966796875,-0.54925537109375
2022-04-13,6,1,303.97998046875,292.8341064453125,-3.420883178710937,1.7730255126953125,1149.625,91326.59375,268.11676025390625,284.2764892578125,294.7795104980469,0.0017511220648884,0.0083962157368659,0.0144508592784404,-5.989517211914063,-8.714157104492188,-5.0563812255859375,1.4412841796875,-0.5523223876953125,2.233856201171875
2022-04-13,12,2,298.8724060058594,294.4296264648437,-2.021957397460937,0.84783935546875,1353.25,91180.390625,266.7088623046875,284.06072998046875,293.8140869140625,0.0036204745993018,0.0093263424932956,0.0143879316747188,-6.8624420166015625,-6.6906585693359375,-5.499755859375,0.0586700439453125,-1.4134979248046875,4.0919189453125
2022-04-13,18,3,296.37994384765625,293.819091796875,-0.789154052734375,2.05120849609375,1139.625,91358.09375,267.62127685546875,283.8935241699219,292.9745483398437,0.0028501392807811,0.0078931041061878,0.0140250883996486,-10.522323608398438,-5.129898071289063,-4.195709228515625,2.5831451416015625,-2.11041259765625,5.43963623046875
2022-04-14,0,0,295.9819030761719,294.3399353027344,0.91363525390625,0.9745941162109376,761.875,91243.75,267.69903564453125,283.03778076171875,292.9343566894531,0.0024852771311998,0.0063959583640098,0.0123078748583793,-7.750732421875,-5.013641357421875,-0.89300537109375,5.3752288818359375,-1.77239990234375,4.013824462890625
2022-04-14,6,1,301.5020751953125,293.9408874511719,0.2659759521484375,1.9969635009765625,462.0,91445.859375,267.4217224121094,283.954833984375,293.13775634765625,0.0034913434647023,0.0065512172877788,0.013904258608818,-6.408981323242188,-3.841232299804688,-0.33209228515625,7.099655151367188,1.0575714111328125,2.7944793701171875
2022-04-14,12,2,302.3343811035156,292.3822631835937,0.051116943359375,1.5828399658203125,534.625,91074.609375,268.1900939941406,283.5566711425781,295.9514465332031,0.0051499158143997,0.0091332346200943,0.0134256109595298,1.4166717529296875,-3.3347930908203125,0.1441802978515625,9.304092407226562,0.2484893798828125,-0.068756103515625
2022-04-14,18,3,295.3533935546875,293.5672607421875,1.66998291015625,1.5909271240234375,661.0,91524.03125,268.1598205566406,282.85406494140625,293.2838134765625,0.004963869228959,0.0076013207435607,0.01317635551095,2.1673583984375,-4.43341064453125,-0.7718048095703125,6.74237060546875,1.061767578125,0.7085723876953125
2022-04-15,0,0,294.6766357421875,293.1004333496094,1.183837890625,1.04998779296875,145.25,91188.5625,268.4510498046875,284.5410461425781,295.23828125,0.0041255392134189,0.0070578679442405,0.0104723908007144,7.221755981445312,0.857177734375,-0.9800567626953124,11.455108642578123,0.7770233154296875,-1.6251983642578125
2022-04-15,6,1,302.7378234863281,291.771728515625,0.9359130859375,-0.4122772216796875,433.0,91432.859375,267.13104248046875,284.4324035644531,294.783935546875,0.0042006224393844,0.007183339446783,0.0131168588995933,7.6213836669921875,-1.4194793701171875,0.56951904296875,10.59771728515625,1.8302764892578125,-0.8500213623046875
2022-04-15,12,2,303.22833251953125,293.61248779296875,0.9673004150390624,1.0289306640625,354.875,91113.09375,267.8673095703125,283.4728698730469,296.1720886230469,0.0043245665729045,0.0099518597126007,0.0124444589018821,10.51141357421875,-2.11053466796875,1.892425537109375,9.034133911132812,-2.2953338623046875,-1.2718505859375
2022-04-15,18,3,296.42559814453125,293.3752136230469,0.6331787109375,1.201751708984375,438.0,91370.578125,267.3194580078125,284.387939453125,295.7396850585937,0.003878814401105,0.0081877633929252,0.0104317739605903,10.685043334960938,-2.9024810791015625,-0.2358245849609375,3.355941772460937,2.15997314453125,-3.0967559814453125
2022-04-16,0,0,295.509521484375,293.5673217773437,1.468170166015625,0.1704864501953125,438.125,91174.453125,266.9187316894531,284.8627014160156,293.996826171875,0.0031548112165182,0.0067621953785419,0.0109410844743251,9.34844970703125,-2.981552124023437,1.6090850830078125,1.214752197265625,-0.3050994873046875,-3.97967529296875
2022-04-16,6,1,303.6368713378906,292.4610290527344,0.137451171875,-1.050048828125,482.875,91313.6875,266.6131591796875,285.46063232421875,295.7548828125,0.0033231237903237,0.0048867091536521,0.0126957185566425,6.7076568603515625,-2.4178009033203125,-0.2399444580078125,0.6461029052734375,0.6608734130859375,-1.8314666748046875
2022-04-16,12,2,302.617431640625,291.1898803710937,-0.02581787109375,-0.9197540283203124,82.375,90938.828125,268.12652587890625,283.8472595214844,297.12994384765625,0.0036358130164444,0.0091088414192199,0.0114524103701114,6.249481201171875,-2.736053466796875,-1.307952880859375,2.3300933837890625,1.0673828125,-0.0394439697265625
2022-04-16,18,3,295.37823486328125,292.34820556640625,1.998260498046875,-2.1980133056640625,755.625,91367.984375,267.4716796875,283.1783752441406,294.8740234375,0.0028982488438487,0.0091797672212123,0.0122448466718196,6.1929931640625,-0.55889892578125,2.085968017578125,2.7459259033203125,1.131683349609375,-1.91815185546875
2022-04-17,0,0,294.35992431640625,293.04718017578125,1.23651123046875,-0.891845703125,286.625,91180.78125,266.34088134765625,284.4044189453125,294.1537475585937,0.002444873098284,0.0063738115131855,0.0112411752343177,4.9521331787109375,4.8947601318359375,-0.032806396484375,5.219253540039063,-1.9945526123046875,-2.002914428710937
2022-04-17,6,1,302.6884155273437,293.1884765625,1.5721435546875,-0.85003662109375,625.375,91393.953125,266.8321533203125,283.14532470703125,294.9269714355469,0.0018026244360953,0.0082008317112922,0.0129835568368434,3.91485595703125,3.678070068359375,1.93560791015625,4.250091552734375,-1.3662261962890625,-1.4040679931640625
2022-04-17,12,2,301.41552734375,294.9702453613281,1.18951416015625,-1.3958587646484375,848.875,91169.34375,267.611328125,283.1561889648437,294.31414794921875,0.002639019396156,0.0098904818296432,0.0130424946546554,5.84613037109375,1.2653656005859375,-0.2818450927734375,1.175567626953125,-0.7733612060546875,-4.655075073242188
2022-04-17,18,3,296.37841796875,293.52734375,2.738998413085937,0.55255126953125,958.0,91515.625,266.96856689453125,282.7552490234375,293.6158447265625,0.0032450682483613,0.0092102475464344,0.0125939734280109,2.439437866210937,-1.9244232177734373,2.545639038085937,-1.1396942138671875,0.3603515625,-2.5304718017578125
2022-04-18,0,0,295.337646484375,293.2969055175781,2.187103271484375,-0.26910400390625,635.625,91411.828125,267.2680358886719,283.1337890625,293.11669921875,0.0025106081739068,0.0078034028410911,0.0117323361337184,1.8606109619140625,-1.9935302734375,1.9728546142578125,-1.6481781005859375,-1.7392120361328125,-4.45196533203125
2022-04-18,6,1,301.9300537109375,292.1177978515625,0.241851806640625,-2.0944976806640625,553.25,91579.21875,267.8080139160156,283.6130676269531,293.7357177734375,0.0021631089039146,0.0060476250946521,0.0134665369987487,1.4470367431640625,-2.6605987548828125,0.0174407958984375,-0.695068359375,-2.47662353515625,-3.193695068359375
2022-04-18,12,2,303.7399597167969,291.8485107421875,-1.13079833984375,-1.4283447265625,679.0,91282.046875,268.40478515625,283.1499328613281,295.8016357421875,0.0024998795706778,0.0100365877151489,0.0130361653864383,1.240478515625,-4.77325439453125,-2.815704345703125,-1.61834716796875,-3.989303588867188,-4.070602416992188
2022-04-18,18,3,295.58465576171875,293.2640991210937,1.9761962890625,0.566986083984375,1664.25,91636.46875,267.1439514160156,283.8197021484375,294.8403625488281,0.0031612489838153,0.0067490674555301,0.0121156461536884,0.7672576904296875,-10.06622314453125,-1.2630157470703125,-0.68804931640625,-4.120895385742188,-0.592041015625
2022-04-19,0,0,295.2816162109375,292.9711303710937,1.3271484375,-0.721435546875,540.0,91520.328125,266.68658447265625,283.6435546875,293.7635498046875,0.0040724650025367,0.0067816749215126,0.0117899850010871,-0.084991455078125,-10.900711059570312,-0.5811920166015625,-0.9021759033203124,-1.0811614990234375,-3.780548095703125
2022-04-19,6,1,303.5509033203125,292.46209716796875,-0.341888427734375,-1.008544921875,677.125,91678.65625,266.3700256347656,284.1485290527344,294.9644775390625,0.0038667051121592,0.0065425392240285,0.0128602683544158,-1.971649169921875,-10.161529541015623,-1.31939697265625,-1.445587158203125,-1.5831146240234375,-1.7632293701171875
2022-04-19,12,2,302.6634521484375,292.30633544921875,-0.3597564697265625,0.0454559326171875,220.875,91363.171875,267.48602294921875,282.8314208984375,297.6007385253906,0.0035899099893867,0.0091915838420391,0.0103882551193237,-2.4737548828125,-5.7557525634765625,-2.85565185546875,-0.8605499267578125,-2.981414794921875,-1.5941314697265625
2022-04-19,18,3,298.203125,292.6127624511719,1.1448211669921875,-1.224853515625,635.0,91596.703125,267.1491394042969,283.750732421875,295.7139587402344,0.003563335398212,0.0074930004775524,0.0109442472457885,0.22943115234375,-8.1700439453125,0.2073516845703125,-2.6089324951171875,-3.2704010009765625,-3.72283935546875
2022-04-20,0,0,296.2020263671875,293.19256591796875,0.8569488525390625,-1.0899658203125,284.125,91385.25,267.35308837890625,284.8153686523437,294.813232421875,0.0035705147311091,0.0044060666114091,0.0105808563530445,0.8614501953125,-9.41876220703125,-2.6459503173828125,-0.930267333984375,-2.063018798828125,-1.6138153076171875
2022-04-20,6,1,304.53302001953125,291.30914306640625,-1.3929901123046875,0.3072052001953125,210.75,91472.203125,267.92596435546875,285.4086303710937,296.30279541015625,0.0033510222565382,0.003944142255932,0.0118223167955875,0.537445068359375,-9.38140869140625,-2.458724975585937,-1.680755615234375,-4.3566741943359375,-0.0751800537109375
2022-04-20,12,2,305.5297241210937,290.228271484375,-1.582122802734375,1.2255706787109375,1.0,91148.453125,268.1533203125,283.67333984375,299.44500732421875,0.0031368073541671,0.0082671344280242,0.0088064968585968,0.7937469482421875,-5.7337188720703125,-4.902587890625,-3.8838043212890634,-4.327362060546875,1.03607177734375
2022-04-20,18,3,299.0511779785156,291.798583984375,-1.414642333984375,1.3095245361328125,133.25,91376.0625,267.7578125,284.8202819824219,296.5238342285156,0.0027121829334646,0.0051277317106723,0.011508036404848,-1.964019775390625,-7.6508636474609375,-2.65106201171875,-4.956314086914063,-2.9392547607421875,4.61480712890625
2022-04-21,0,0,296.96270751953125,293.4574279785156,-1.4298095703125,1.0362701416015625,1211.375,91288.28125,268.8070983886719,284.125,294.9136962890625,0.0025694861542433,0.0032946758437901,0.0125479735434055,-2.37091064453125,-10.543075561523438,-1.8889617919921875,-2.0929107666015625,-1.9613800048828125,2.219711303710937
2022-04-21,6,1,304.283203125,292.8735656738281,-1.4199676513671875,1.3544464111328125,273.25,91381.703125,268.89483642578125,284.249267578125,295.9006652832031,0.0021176736336201,0.0044470615684986,0.0126196220517158,-3.224395751953125,-12.6455078125,-2.3103485107421875,-0.6080780029296875,-1.563262939453125,1.4062652587890625
2022-04-21,12,2,305.38067626953125,289.023681640625,-2.00189208984375,1.6786041259765625,0.0,91098.609375,269.42999267578125,283.38751220703125,298.815185546875,0.0014881917741149,0.0079934336245059,0.0090135782957077,-3.243759155273437,-5.917755126953125,-5.1683197021484375,-0.063934326171875,-3.583358764648437,2.7011260986328125
2022-04-21,18,3,298.3788146972656,290.3797302246094,-1.981292724609375,1.6840362548828125,31.25,91432.703125,269.2686767578125,284.4564208984375,296.20819091796875,0.0010395955760031,0.0045132171362638,0.0103093050420284,-4.8463287353515625,-7.285018920898437,-3.878494262695313,1.5008087158203125,-5.8372802734375,4.05780029296875
2022-04-22,0,0,295.7276916503906,292.900634765625,-1.2301177978515625,1.4908294677734375,262.0,91391.6875,269.309814453125,284.0701599121094,293.7086181640625,0.0010131497401744,0.0038945742417126,0.0111053809523582,-4.040786743164063,-11.678024291992188,-1.588836669921875,3.123626708984375,-4.269195556640625,2.1183319091796875
2022-04-22,6,1,303.97979736328125,290.9786071777344,-1.0047607421875,0.25555419921875,0.125,91512.5625,269.4253234863281,284.15252685546875,294.7521667480469,0.0008354953024536,0.0022490846458822,0.0114949010312557,-4.368453979492188,-14.612060546875,-1.712738037109375,4.17578125,-2.8894195556640625,-0.0519256591796875
2022-04-22,12,2,304.9570007324219,289.5043334960937,-3.374420166015625,2.0957794189453125,0.0,91185.921875,268.5110778808594,283.64801025390625,297.5139465332031,0.0012130998075008,0.0067256353795528,0.0099077448248863,-2.8852081298828125,-6.189620971679688,-7.204833984375,1.9810333251953125,-4.3153076171875,3.3523712158203125
2022-04-22,18,3,298.1900939941406,291.903564453125,-2.779769897460937,1.5330352783203125,274.25,91521.875,268.33233642578125,283.8353576660156,294.4798583984375,0.0006340912077575,0.00328184152022,0.0123178884387016,-5.805511474609375,-7.750457763671875,-5.4966583251953125,2.951889038085937,-0.8499755859375,3.735275268554688
2022-04-23,0,0,295.7530517578125,293.998291015625,-1.840301513671875,1.233978271484375,447.5,91386.8125,268.3847045898437,284.00408935546875,292.8538818359375,0.0009905926417559,0.0025466037914156,0.0128076374530792,-5.536590576171875,-11.901748657226562,-3.731979370117188,3.418930053710937,-5.3997344970703125,2.7633514404296875
2022-04-23,6,1,303.1181945800781,291.04840087890625,-1.247222900390625,1.3588409423828125,34.5,91603.703125,267.6162109375,283.53936767578125,294.5711364746094,0.0009978499729186,0.0029013336170464,0.0119255557656288,-7.39312744140625,-12.186782836914062,-2.103424072265625,2.827255249023437,-2.62689208984375,1.525360107421875
2022-04-23,12,2,303.9130249023437,288.5491943359375,-2.170013427734375,1.2451171875,0.0,91244.046875,269.048583984375,283.1690368652344,297.31402587890625,0.0021778882946819,0.0055212639272212,0.008887268602848,-2.4529571533203125,-7.034347534179688,-4.332489013671875,2.432525634765625,-4.994384765625,1.335845947265625
2022-04-23,18,3,297.922119140625,291.1036682128906,-1.1544342041015625,2.2366180419921875,239.375,91589.640625,267.0301513671875,283.399658203125,294.1421813964844,0.002306985668838,0.0044225789606571,0.0124144554138183,-4.3900146484375,-6.521896362304688,-3.326416015625,-1.8314208984375,-3.2446441650390625,5.240005493164063
2022-04-24,0,0,296.1061096191406,293.22186279296875,-0.4830780029296875,1.086456298828125,419.75,91397.046875,267.5496826171875,283.6807861328125,293.61895751953125,0.0031370755750685,0.0032759807072579,0.0125932916998863,-4.97674560546875,-7.3074188232421875,-1.371917724609375,-0.5445556640625,-1.6112213134765625,2.1112060546875
2022-04-24,6,1,303.6441345214844,290.9593811035156,-0.2482757568359375,-1.01104736328125,52.0,91528.78125,267.50537109375,283.67559814453125,295.0539245605469,0.0025192184839397,0.0047294571995735,0.0118164382874965,-6.443756103515625,-9.398468017578123,-0.8236083984375,-0.076080322265625,-0.40447998046875,-1.72711181640625
2022-04-24,12,2,306.2225952148437,287.363525390625,-0.6278228759765625,0.742218017578125,0.0,91107.34375,267.4609680175781,283.87420654296875,299.864013671875,0.0045002363622188,0.0069240368902683,0.007385142147541,-3.90631103515625,-5.589874267578125,-3.0001678466796875,4.864105224609375,-3.6214752197265625,0.372039794921875
2022-04-24,18,3,299.00396728515625,289.38726806640625,-1.7293243408203125,1.1538238525390625,0.0,91400.359375,268.20220947265625,283.8055419921875,296.0112609863281,0.0039155879057943,0.0061888806521892,0.0106311254203319,1.535247802734375,-3.776031494140625,-4.414077758789063,3.97821044921875,-4.5701904296875,5.204315185546875
2022-04-25,0,0,296.88690185546875,291.8592529296875,-0.7281494140625,1.5181884765625,85.375,91281.71875,267.1727294921875,283.42462158203125,295.1854248046875,0.0039896368980407,0.0046501569449901,0.009119126945734,1.5155029296875,-7.3059234619140625,-3.502044677734375,0.8707275390625,-3.056854248046875,3.77960205078125
2022-04-25,6,1,304.86065673828125,290.06591796875,-0.89337158203125,0.988006591796875,1.375,91441.28125,266.933837890625,284.1455078125,296.1996765136719,0.0042209178209304,0.0051651634275913,0.0105122402310371,-2.784164428710937,-7.679229736328125,-1.7528228759765625,2.5592803955078125,-3.56256103515625,0.9556732177734376
2022-04-25,12,2,305.3492126464844,288.81597900390625,-1.2025146484375,1.257659912109375,0.0,91066.6875,267.8909912109375,283.756103515625,299.8299560546875,0.0039396057836711,0.0082257091999053,0.0084408484399318,-2.040985107421875,-4.613296508789063,-3.0902862548828125,0.3090972900390625,-3.04803466796875,1.2533416748046875
2022-04-25,18,3,298.733154296875,289.6490478515625,-1.23846435546875,1.5856781005859375,0.0,91417.390625,266.94903564453125,284.58038330078125,296.5599975585937,0.0034461852628737,0.0071704946458339,0.0099299885332584,-3.785598754882813,-3.822921752929688,-0.3201446533203125,0.801300048828125,-5.369110107421875,4.772262573242188
2022-04-26,0,0,297.144287109375,292.25604248046875,0.943817138671875,-1.24273681640625,679.5,91338.0625,267.82696533203125,283.8409729003906,293.6649780273437,0.0022256935480982,0.0057109743356704,0.011598452925682,-2.376190185546875,-9.737594604492188,1.640533447265625,3.596282958984375,-3.28173828125,0.0206451416015625
2022-04-26,6,1,304.5529479980469,291.6618347167969,-0.9078521728515624,0.334716796875,56.25,91430.640625,267.8431091308594,284.6423645019531,296.4019470214844,0.002293529221788,0.0046093575656414,0.0116849020123481,-2.0867462158203125,-9.216812133789062,-1.632904052734375,2.6612091064453125,-2.978729248046875,0.002716064453125
2022-04-26,12,2,306.2372436523437,290.0528564453125,-1.8909912109375,1.26470947265625,0.0,91119.46875,267.24298095703125,283.62188720703125,299.5351257324219,0.0024750554002821,0.0087056718766689,0.0091547295451164,-1.2994537353515625,-5.505386352539063,-4.37786865234375,-0.73785400390625,-3.4400634765625,1.0152587890625
2022-04-26,18,3,298.85711669921875,289.3676147460937,-1.247161865234375,1.4365386962890625,0.0,91416.359375,267.40185546875,284.7608337402344,296.6939697265625,0.002314395038411,0.0064015835523605,0.0105646848678588,-3.50872802734375,-6.955978393554688,-2.7674560546875,-1.5405426025390625,-5.5608673095703125,5.9181976318359375
2022-04-27,0,0,296.906494140625,291.4259033203125,-1.2564239501953125,1.1743927001953125,78.5,91317.171875,267.8646850585937,283.9009094238281,295.26336669921875,0.0013558294158428,0.005659595131874,0.0112645626068115,-2.547103881835937,-8.984481811523438,-1.118621826171875,1.337188720703125,-2.4710845947265625,3.392562866210937
2022-04-27,6,1,305.254638671875,291.92138671875,-1.86358642578125,0.7705078125,47.875,91408.0,267.90509033203125,284.72711181640625,296.9543151855469,0.0011128003243356,0.0052779577672481,0.0112819038331508,-2.480316162109375,-10.399978637695312,-3.01666259765625,0.908721923828125,-2.9731597900390625,0.58953857421875
2022-04-27,12,2,306.69061279296875,290.1698608398437,-2.110931396484375,0.6208343505859375,0.0,91033.546875,268.23028564453125,284.1283569335937,300.1894226074219,0.001280675176531,0.0090488009154796,0.0093416795134544,-1.9513702392578125,-5.9075927734375,-5.1349945068359375,0.1937255859375,-3.304046630859375,0.408966064453125
2022-04-27,18,3,299.86376953125,290.00897216796875,-2.04010009765625,1.69549560546875,0.0,91365.890625,268.4560546875,284.87762451171875,297.05487060546875,0.0008696478325873,0.0047939233481884,0.010910864919424,-2.9576568603515625,-9.58648681640625,-3.721389770507813,-1.3919219970703125,-5.199478149414063,5.47210693359375
2022-04-28,0,0,297.590087890625,292.027099609375,0.3344573974609375,1.9202117919921875,754.75,91391.6875,267.67071533203125,283.91070556640625,294.3263854980469,0.0009206579998135,0.0051400139927864,0.0129945240914821,-5.1278228759765625,-9.140213012695312,1.8926544189453125,-1.6748046875,-2.6578369140625,4.944000244140625
2022-04-28,6,1,304.46295166015625,292.599365234375,0.1104583740234375,1.1078033447265625,307.375,91516.34375,267.8095703125,284.9136962890625,296.1849060058594,0.0005956261884421,0.0048499330878257,0.0124342665076255,-6.279556274414063,-8.99688720703125,-0.22064208984375,0.4508819580078125,-3.4952392578125,1.144195556640625
2022-04-28,12,2,306.4803771972656,290.1072998046875,-1.6523590087890625,0.807769775390625,0.0,91146.671875,268.1166076660156,283.44293212890625,299.5028076171875,0.0017203495372086,0.0087152160704135,0.00911296159029,-5.26458740234375,-6.852508544921875,-3.841278076171875,-2.2633056640625,-2.97955322265625,0.4515380859375
2022-04-28,18,3,299.8593444824219,288.8490600585937,-1.4476318359375,0.831817626953125,14.625,91568.375,267.14178466796875,284.4307556152344,297.3257141113281,0.0013946702238172,0.0064709484577178,0.0100650340318679,-6.184478759765625,-5.841522216796875,-0.541748046875,-0.4185943603515625,-6.7375030517578125,4.6463775634765625
2022-04-29,0,0,297.6783447265625,294.4180908203125,1.6364898681640625,-2.18585205078125,1437.25,91463.265625,266.71502685546875,284.7486267089844,295.5027160644531,0.0026808113325387,0.0050107166171073,0.0114818774163723,-3.759979248046875,-10.37872314453125,3.56561279296875,1.9835052490234373,-4.2943115234375,-3.405853271484375
2022-04-29,6,1,306.405029296875,291.135986328125,-1.2657470703125,-2.3435211181640625,80.0,91470.4375,266.7364501953125,285.4853515625,298.6440124511719,0.0037042251788079,0.0056844763457775,0.0101273097097873,-1.0999755859375,-9.186904907226562,-2.310287475585937,3.08868408203125,-5.303192138671875,-3.61383056640625
2022-04-29,12,2,307.1678161621094,289.713134765625,-0.7673797607421875,-1.610870361328125,0.0,91089.75,267.3072509765625,284.75445556640625,301.2396240234375,0.0037759663537144,0.0077133737504482,0.007810965180397,-0.8748626708984375,-5.9363555908203125,-3.2304840087890625,-2.2672576904296875,-2.954559326171875,-3.306549072265625
2022-04-29,18,3,300.8116455078125,288.08526611328125,-1.7287445068359375,2.10211181640625,0.0,91400.78125,267.659912109375,284.4115600585937,297.8293762207031,0.0021840042900294,0.0072192624211311,0.00903732329607,-2.8624725341796875,-2.9391326904296875,-1.5307159423828125,-5.070602416992188,-3.2330322265625,8.73358154296875
2022-04-30,0,0,297.18670654296875,294.76446533203125,2.89837646484375,0.9599761962890624,1567.625,91324.640625,267.94000244140625,284.0749816894531,295.2130126953125,0.0018197039607912,0.0076733268797397,0.0117796473205089,-2.04632568359375,-4.581558227539063,6.128692626953125,-0.881195068359375,-8.456741333007812,1.36529541015625
2022-04-30,6,1,304.130859375,293.2967834472656,2.89111328125,-1.8050079345703125,666.0,91478.109375,268.16998291015625,284.62762451171875,296.3238220214844,0.0024305905681103,0.0062635578215122,0.0134460963308811,-1.216583251953125,-5.27874755859375,4.099380493164063,2.7807769775390625,-6.2775726318359375,-2.907333374023437
2022-04-30,12,2,306.23760986328125,291.64678955078125,-0.1141510009765625,-1.1492919921875,0.0,91054.171875,268.3656005859375,284.2820739746094,300.03326416015625,0.0024291777517646,0.008686326444149,0.0092930011451244,1.907684326171875,-5.43707275390625,-1.1041412353515625,-0.11456298828125,-6.076080322265625,-3.5155792236328125
2022-04-30,18,3,298.6091003417969,289.0565185546875,1.086456298828125,-1.0735626220703125,7.0,91207.828125,268.80914306640625,284.3714599609375,299.2185974121094,0.0018875440582633,0.0077094361186027,0.0095004960894584,2.97613525390625,-7.43072509765625,0.4791717529296875,-0.25787353515625,-2.758026123046875,-6.0222930908203125
2022-05-01,0,0,297.53448486328125,293.4691772460937,1.73455810546875,-0.139312744140625,1223.75,91174.359375,268.074951171875,284.16650390625,295.0829467773437,0.0013689477927982,0.0064965225756168,0.0139703378081321,2.1406402587890625,-6.9392852783203125,2.66656494140625,-2.531845092773437,-4.4659423828125,-6.6610260009765625
2022-05-01,6,1,304.43182373046875,293.6063842773437,1.78814697265625,-2.5517120361328125,710.75,91304.671875,268.75054931640625,284.34259033203125,296.7881774902344,0.000698754331097,0.0059623382985591,0.0135697051882743,0.6708831787109375,-6.4642181396484375,2.294036865234375,-3.207733154296875,-4.2909088134765625,-4.2679443359375
2022-05-01,12,2,304.4229736328125,289.5920715332031,-0.4270782470703125,-1.6790008544921875,415.25,90995.21875,268.714599609375,283.7074584960937,298.2400207519531,0.0027715563774108,0.0110312402248382,0.0125585049390792,-3.595443725585937,-0.567352294921875,-0.3240814208984375,-6.174606323242188,-4.5539093017578125,-3.3485107421875
2022-05-01,18,3,296.5177917480469,293.38037109375,2.0651397705078125,1.7142791748046875,1927.875,91356.703125,266.83380126953125,283.93914794921875,296.06256103515625,0.00358682195656,0.0092790573835372,0.0118775032460689,-1.26922607421875,-3.35888671875,-1.0703125,-2.256866455078125,-4.2530059814453125,1.117431640625
2022-05-02,0,0,295.8458251953125,293.5931396484375,3.18170166015625,0.14892578125,946.0,91232.15625,267.04913330078125,284.15087890625,295.3150939941406,0.0036093888338655,0.0078783370554447,0.0115308798849582,-2.880111694335937,-5.2301025390625,6.7005157470703125,0.9155426025390624,-3.869842529296875,-0.5670928955078125
2022-05-02,6,1,303.7538452148437,292.3881225585937,2.037933349609375,-2.952117919921875,397.875,91292.6875,267.3939819335937,285.124267578125,295.89111328125,0.0040652528405189,0.0053282603621482,0.0131000243127346,-1.7037200927734375,-3.791168212890625,2.9852447509765625,2.8946685791015625,-3.485702514648437,-4.645919799804688
2022-05-02,12,2,305.308837890625,291.71197509765625,-0.2498321533203125,-1.392333984375,0.0,90997.484375,266.9689025878906,283.4393005371094,299.3753356933594,0.0038573276251554,0.0088597387075424,0.0090905614197254,0.7017669677734375,-0.5912322998046875,-0.3484649658203125,0.3347015380859375,-6.50665283203125,-4.1947021484375
2022-05-02,18,3,299.2843933105469,290.685791015625,2.431427001953125,1.701202392578125,408.25,91267.328125,267.4580078125,283.44317626953125,297.2391662597656,0.0022026943042874,0.0084315575659275,0.0105177834630012,-0.2159423828125,-4.2684326171875,3.413238525390625,-2.244598388671875,-4.786422729492188,-0.3458251953125
2022-05-03,0,0,296.4580383300781,294.1258544921875,1.56256103515625,0.2434234619140625,1005.75,91209.546875,268.37371826171875,284.114013671875,295.6142578125,0.0015232828445732,0.0068076290190219,0.0114211477339267,-2.6555328369140625,-5.6360931396484375,4.0740966796875,-1.962188720703125,-5.4640045166015625,-1.349517822265625
2022-05-03,6,1,303.71014404296875,293.23248291015625,0.546478271484375,-2.4635467529296875,376.75,91349.140625,268.90997314453125,284.6686706542969,296.2615661621094,0.001079682726413,0.0059394538402557,0.013174396008253,-2.6300811767578125,-7.530105590820312,0.347259521484375,0.807525634765625,-3.2475738525390625,-3.692962646484375
2022-05-03,12,2,305.6350402832031,292.6450500488281,-0.783050537109375,-0.7157745361328125,57.0,91071.5625,267.5889892578125,284.0722045898437,298.5604858398437,0.002801141468808,0.0096161924302577,0.0110894069075584,-2.73260498046875,-2.2555694580078125,-1.3664093017578125,-5.7597503662109375,-3.4662628173828125,-2.270843505859375
2022-05-03,18,3,297.2802734375,292.4032592773437,0.338470458984375,1.0802154541015625,462.0,91368.65625,267.4933776855469,283.81768798828125,296.9845886230469,0.0026551126502454,0.0093879513442516,0.0113397240638732,-6.1937408447265625,-2.841659545898437,-2.3160552978515625,-4.102447509765625,-4.3656768798828125,1.0576934814453125
2022-05-04,0,0,296.4449157714844,292.52252197265625,0.872161865234375,0.9302825927734376,99.75,91290.109375,269.24005126953125,284.1019287109375,295.0389099121094,0.0010728922206908,0.0079302415251731,0.0116934590041637,-5.415435791015625,-6.0297698974609375,-0.519134521484375,-1.9572906494140625,-4.2103118896484375,2.90509033203125
2022-05-04,6,1,304.05133056640625,292.5233459472656,-0.162567138671875,-1.6085052490234375,80.625,91448.03125,269.7733154296875,284.9298095703125,295.78228759765625,0.0008445899002254,0.0059580877423286,0.0128122754395008,-5.647369384765625,-6.19305419921875,-0.503448486328125,-1.63763427734375,-3.087982177734375,-2.488143920898437
2022-05-04,12,2,302.46441650390625,291.52276611328125,-2.1823272705078125,-0.11102294921875,1462.625,91210.046875,269.8501892089844,284.1351013183594,294.70880126953125,0.0021568622905761,0.0109461545944213,0.0147269666194915,-3.2317047119140625,-2.42340087890625,-4.79559326171875,-5.3438262939453125,-3.954620361328125,-1.4604339599609375
2022-05-04,18,3,295.6353759765625,292.23016357421875,2.0855865478515625,1.550506591796875,1648.25,91532.21875,267.8213806152344,283.8441162109375,293.3651123046875,0.0038475827313959,0.0099238380789756,0.0145981051027774,-2.8582000732421875,-4.668121337890625,-0.1048736572265625,-6.7275390625,-5.4010162353515625,1.1543426513671875
2022-05-05,0,0,295.4583740234375,293.55126953125,1.8636627197265625,-0.6637115478515625,665.25,91290.390625,268.2783203125,284.3093566894531,294.0937805175781,0.0021330160088837,0.0083792433142662,0.0133556500077247,-2.0081329345703125,-1.97698974609375,2.3873443603515625,-3.0876617431640625,-4.4324493408203125,-3.368927001953125
2022-05-05,6,1,303.14361572265625,294.0687255859375,1.000701904296875,-1.5771026611328125,1293.125,91428.4375,268.9218444824219,283.82525634765625,294.7618713378906,0.0025451779365539,0.0079866237938404,0.0150003209710121,0.6340484619140625,-3.37054443359375,1.0872802734375,-3.644256591796875,-5.596588134765625,-2.50848388671875
2022-05-05,12,2,300.6682434082031,294.2241516113281,-2.68951416015625,0.7550201416015625,1612.375,91115.875,269.07623291015625,284.1679992675781,294.6185302734375,0.0038984310813248,0.010632187128067,0.0146102681756019,-2.78973388671875,-1.7769622802734375,-3.7659759521484375,-5.3394927978515625,-5.60577392578125,-1.2040557861328125
2022-05-05,18,3,295.96441650390625,293.9619445800781,1.061920166015625,0.0478973388671875,1188.125,91361.28125,267.3690795898437,284.9112548828125,295.4505615234375,0.0041382401250302,0.0075338371098041,0.0127727873623371,-2.02874755859375,-7.2334136962890625,-1.864166259765625,-3.902496337890625,-2.948455810546875,-0.2678985595703125
2022-05-06,0,0,295.5684509277344,293.7706604003906,0.4885406494140625,-0.323516845703125,489.625,91245.453125,267.3226318359375,284.1943664550781,294.25994873046875,0.0035587409511208,0.0056757852435112,0.0123954713344573,-0.9090728759765624,-7.06396484375,0.459869384765625,-4.42462158203125,-1.2185211181640625,0.261932373046875
2022-05-06,6,1,303.48846435546875,293.9857482910156,0.666534423828125,-0.5529327392578125,752.25,91348.546875,267.78448486328125,284.2589111328125,295.49908447265625,0.002655868185684,0.0052991621196269,0.0138837657868862,-1.94683837890625,-5.7149810791015625,0.4794769287109375,-3.143417358398437,-6.34246826171875,-1.1136932373046875
2022-05-06,12,2,301.8475036621094,292.7774963378906,0.7140960693359375,0.4292144775390625,180.5,91056.21875,268.1688537597656,283.58526611328125,296.2559814453125,0.0041465116664767,0.0082245469093322,0.0122968293726444,-0.052337646484375,-5.44232177734375,-0.945709228515625,-2.562957763671875,-6.018646240234375,-0.89691162109375
2022-05-06,18,3,295.4490661621094,293.81109619140625,1.75360107421875,-0.343414306640625,441.125,91374.0,267.3095397949219,283.07427978515625,295.43072509765625,0.0031606871634721,0.0084878839552402,0.0124596804380416,0.5210418701171875,-6.234710693359375,0.912994384765625,-2.6510467529296875,-5.3063507080078125,-0.9042816162109376
2022-05-07,0,0,295.6844177246094,293.2713623046875,0.2869873046875,0.70806884765625,590.25,91214.84375,267.08160400390625,284.21075439453125,295.9877624511719,0.0040211118757724,0.006636157631874,0.0101440548896789,1.4070587158203125,-4.26593017578125,-1.051055908203125,-3.1657257080078125,-6.3290863037109375,1.931121826171875
2022-05-07,6,1,303.5400390625,293.1865539550781,2.3014373779296875,-1.386505126953125,597.75,91341.5625,268.2654113769531,284.3545227050781,295.8081359863281,0.003726752474904,0.0061562433838844,0.0134657770395278,0.9771881103515624,-6.391448974609375,3.0812225341796875,-3.5977325439453125,-6.78973388671875,-2.2730255126953125
2022-05-07,12,2,304.5881652832031,293.1721496582031,0.3636932373046875,-0.9126129150390624,66.625,90985.71875,267.5596923828125,284.4536437988281,298.4853515625,0.0041504548862576,0.0079070776700973,0.0097209028899669,1.6927337646484375,-5.199005126953125,0.096343994140625,-5.916748046875,-6.47296142578125,-4.292236328125
2022-05-07,18,3,296.31268310546875,293.40234375,2.1080474853515625,1.746063232421875,588.5,91242.4375,267.7962951660156,283.123291015625,296.2037353515625,0.0024913961533457,0.0092502161860466,0.0113907121121883,-1.1468963623046875,-4.994796752929688,2.486907958984375,-3.9474945068359375,-6.696807861328125,-1.21441650390625
2022-05-08,0,0,296.4730529785156,293.88446044921875,1.6217498779296875,-0.2630767822265625,738.75,91082.84375,266.8974609375,284.21258544921875,295.71044921875,0.003073610831052,0.0058658644556999,0.0112123899161815,2.548370361328125,-5.6236572265625,2.5035400390625,-1.9567108154296875,-5.5030670166015625,-1.844696044921875
2022-05-08,6,1,303.4305419921875,292.9740600585937,1.8944091796875,-1.87322998046875,398.625,91136.0625,268.5555419921875,284.3861083984375,297.1358337402344,0.0016664578579366,0.0068099685013294,0.012667242437601,4.9180450439453125,-2.911972045898437,2.6171875,-1.3515625,-7.730743408203125,-3.056365966796875
2022-05-08,12,2,303.064697265625,292.8859558105469,0.002166748046875,-1.0332489013671875,117.625,90809.140625,268.6146240234375,284.1299743652344,297.3589782714844,0.0036920621059834,0.0100996568799018,0.0118909552693367,3.1489715576171875,-0.9876708984375,-1.7544097900390625,-5.30743408203125,-5.8582916259765625,-4.279937744140625
2022-05-08,18,3,296.330078125,292.7230529785156,1.95220947265625,0.56072998046875,274.0,91141.078125,267.6436767578125,283.7135009765625,294.26239013671875,0.0040441136807203,0.0093072280287742,0.0124344564974308,0.7345733642578125,-5.031768798828125,3.221771240234375,-6.966949462890625,-4.98284912109375,-0.704681396484375
2022-05-09,0,0,295.43634033203125,293.0461120605469,2.5194549560546875,0.3328857421875,272.25,90948.28125,267.466552734375,284.6719970703125,294.49481201171875,0.0042024031281471,0.0070676878094673,0.0106734409928321,2.48309326171875,-4.151214599609375,3.791702270507813,-4.335479736328125,-11.836029052734377,-1.3264007568359375
2022-05-09,6,1,302.3349304199219,293.9204406738281,3.504501342773437,-1.034332275390625,731.375,91063.3125,266.72662353515625,284.57379150390625,295.3780517578125,0.0037609869614243,0.0060639902949333,0.014243010431528,2.992294311523437,-8.613250732421875,5.23565673828125,-6.525787353515625,-9.815170288085938,-2.216415405273437
2022-05-09,12,2,302.34039306640625,295.0564270019531,0.9766998291015624,-0.0929107666015625,209.875,90745.5625,268.08721923828125,283.83966064453125,297.8526916503906,0.0029221109580248,0.0080282464623451,0.0111528560519218,3.531707763671875,-1.9971923828125,2.5396881103515625,-11.042343139648438,-9.796722412109377,-3.235748291015625
2022-05-09,18,3,295.577392578125,293.4481811523437,3.506805419921875,0.7036590576171875,342.875,90895.5,268.8828125,285.7757568359375,295.2974853515625,0.0033734121825546,0.006785824894905,0.0131574422121047,1.2362213134765625,-0.8830108642578125,8.819732666015625,-7.901123046875,-13.560455322265623,-2.5186767578125
2022-05-10,0,0,295.9595947265625,294.28497314453125,4.203384399414063,0.7311859130859375,748.5,90892.375,268.364013671875,283.548828125,291.69110107421875,0.0047796107828617,0.0081866718828678,0.0142773352563381,3.887481689453125,0.922576904296875,12.886260986328123,-8.638290405273438,-11.764328002929688,-2.95281982421875
2022-05-10,6,1,298.169677734375,293.69000244140625,5.513839721679688,-0.76226806640625,726.375,91061.09375,268.84039306640625,284.3768920898437,292.2540283203125,0.0050318501889705,0.0065620020031929,0.0150075331330299,-0.7127838134765625,1.173858642578125,11.034454345703123,-8.521942138671875,-13.454376220703123,-3.2550201416015625
2022-05-10,12,2,298.45166015625,295.44598388671875,4.24224853515625,0.360565185546875,755.5,90824.375,269.6950988769531,282.9568786621094,294.1410827636719,0.0059271231293678,0.0060220137238502,0.0145323276519775,-6.42138671875,3.328842163085937,11.281753540039062,-7.952850341796875,-16.512039184570312,-3.4992218017578125
2022-05-10,18,3,295.08233642578125,292.65216064453125,4.607818603515625,1.47802734375,469.25,90975.078125,269.6927490234375,283.24688720703125,294.6307983398437,0.0057359524071216,0.0077559240162372,0.0087333545088768,-6.355484008789063,-0.460845947265625,15.594024658203123,-1.64031982421875,-19.66636657714844,-1.7468719482421875
2022-05-11,0,0,294.7918701171875,294.19122314453125,5.19085693359375,0.13214111328125,343.125,90812.78125,269.6687316894531,283.7403564453125,293.42352294921875,0.0057676471769809,0.0076560601592063,0.0109897926449775,-2.3556671142578125,-0.943084716796875,16.118087768554688,-4.0469970703125,-15.158782958984377,0.335693359375
2022-05-11,6,1,296.8886108398437,292.6482238769531,6.603561401367188,0.51177978515625,295.75,91031.265625,269.5567626953125,283.27593994140625,292.9205322265625,0.0054378844797611,0.0077604874968528,0.0108519904315471,-1.310272216796875,2.8095703125,17.98486328125,0.5551910400390625,-18.708251953125,-3.384674072265625
2022-05-11,12,2,296.7533569335937,292.7157592773437,6.1583404541015625,0.4110870361328125,64.0,90824.53125,271.3261108398437,282.044921875,291.4708251953125,0.0053705349564552,0.0070369243621826,0.0132404267787933,-5.000701904296875,4.852584838867188,16.92669677734375,-2.576568603515625,-11.540145874023438,-0.917755126953125
2022-05-11,18,3,294.12353515625,291.7128295898437,4.416275024414063,0.459228515625,4.875,91133.890625,270.182861328125,282.2588806152344,292.2913818359375,0.0051562674343585,0.0102673806250095,0.0109340399503707,-5.0537872314453125,0.7732086181640625,14.438751220703123,-2.374603271484375,-16.731689453125,-2.88671875
2022-05-12,0,0,293.90478515625,292.74774169921875,3.2398834228515625,0.8660125732421875,40.75,91000.40625,271.1258544921875,283.337890625,290.60357666015625,0.0054305009543895,0.0111272372305393,0.0130877085030078,-3.751556396484375,-3.405853271484375,13.248336791992188,-2.052978515625,-13.224777221679688,-1.7113800048828125
2022-05-12,6,1,295.0215759277344,294.0767517089844,3.805862426757813,1.813934326171875,46.75,91166.859375,270.7693786621094,283.7699584960937,290.5497436523437,0.0058736093342304,0.0114491917192935,0.0146961063146591,-1.8768157958984373,1.313873291015625,12.793563842773438,1.6376953125,-13.034225463867188,-1.3979949951171875
2022-05-12,12,2,294.8509216308594,293.94110107421875,3.509490966796875,2.3102569580078125,13.875,90928.421875,271.500244140625,284.160400390625,290.7401428222656,0.0055858083069324,0.0117864049971103,0.0147443488240242,-2.4895477294921875,0.1303253173828125,12.239883422851562,0.123443603515625,-13.15826416015625,0.61920166015625
2022-05-12,18,3,294.20849609375,293.7814636230469,3.808914184570313,1.512542724609375,51.625,91135.984375,270.4371337890625,284.7865600585937,291.0173034667969,0.0058255493640899,0.0119647644460201,0.0150622986257076,-1.460235595703125,-2.701568603515625,13.669998168945312,-2.050521850585937,-9.410324096679688,-0.2030181884765625
2022-05-13,0,0,294.30303955078125,293.98699951171875,3.236846923828125,0.056182861328125,36.5,91069.5,270.1839904785156,284.5304260253906,290.962158203125,0.005365815013647,0.0113440062850713,0.014870673418045,-2.162322998046875,-3.278305053710937,9.938491821289062,-3.9508209228515625,-8.598251342773438,-4.281784057617188
2022-05-13,6,1,298.40191650390625,294.26177978515625,4.941375732421875,-0.547332763671875,1.5,91146.015625,271.2033996582031,285.9751281738281,291.676513671875,0.0041181296110153,0.0087981037795543,0.0146714113652706,-4.7296905517578125,-5.411590576171875,8.939193725585938,-1.7252655029296875,-6.8257598876953125,-4.989059448242188
2022-05-13,12,2,299.5582580566406,294.86297607421875,2.3556060791015625,0.03948974609375,387.0,90882.4375,271.55029296875,285.13629150390625,293.9781188964844,0.0042628124356269,0.0106733553111553,0.015328699722886,-1.4120635986328125,-1.5678558349609375,5.726715087890625,-2.122100830078125,-8.937362670898438,-4.268081665039063
2022-05-13,18,3,295.8402099609375,294.30230712890625,2.4160308837890625,1.5215301513671875,243.625,91108.90625,270.14581298828125,285.0714111328125,293.0275573730469,0.0043345652520656,0.0093425400555133,0.0158207900822162,-2.1053466796875,-5.96087646484375,6.889129638671875,-1.18560791015625,-7.30426025390625,-2.0399169921875
2022-05-14,0,0,296.6602478027344,294.6599426269531,3.22772216796875,0.858856201171875,253.75,91007.53125,270.26739501953125,285.1557006835937,293.0330810546875,0.0032112069893628,0.0085918754339218,0.0146247707307338,-3.7319183349609375,-5.304489135742188,7.24493408203125,-1.294769287109375,-5.152496337890625,-3.028228759765625
2022-05-14,6,1,300.9974670410156,295.1842346191406,3.84136962890625,-0.2438201904296875,492.875,91214.171875,271.35235595703125,284.67193603515625,292.6976928710937,0.0027650615666061,0.0088487118482589,0.015649177134037,-5.191192626953125,-2.983749389648437,5.9958038330078125,2.29022216796875,-3.550079345703125,-1.08734130859375
2022-05-14,12,2,301.6208190917969,295.902587890625,1.6888580322265625,-1.0584564208984375,954.375,90974.734375,270.15045166015625,284.6063842773437,295.52587890625,0.0034986389800906,0.0104019530117511,0.0155606716871261,-5.335235595703125,-0.5288238525390625,3.1654052734375,1.5135650634765625,-4.410919189453125,-3.2034149169921875
2022-05-14,18,3,296.3641357421875,295.5063171386719,1.7094879150390625,1.656890869140625,542.0,91266.328125,270.0150451660156,284.76385498046875,293.2955322265625,0.00413404032588,0.0097627341747283,0.0152526497840881,-3.906341552734375,-6.2791900634765625,4.8399505615234375,2.4390869140625,-5.70831298828125,-2.9165191650390625
2022-05-15,0,0,295.886474609375,294.44537353515625,2.4151763916015625,1.035491943359375,317.75,91172.546875,269.27978515625,284.6617431640625,292.341552734375,0.0042327903211116,0.0074651315808296,0.0143809616565704,-4.9994964599609375,-9.015396118164062,6.153732299804688,0.0097198486328125,-3.5390167236328125,-3.8434906005859375
2022-05-15,6,1,301.2223815917969,294.2079467773437,2.02783203125,-1.0110931396484375,427.5,91242.6875,269.44903564453125,285.6000366210937,294.123046875,0.0040595903992652,0.0094143934547901,0.0151485167443752,-6.610641479492188,-4.585906982421875,2.5484771728515625,1.510345458984375,-0.8113250732421875,-1.8060150146484373
2022-05-15,12,2,300.3798522949219,295.65625,1.7075042724609375,-0.37396240234375,1617.375,91043.15625,270.0628356933594,284.6707763671875,294.8681640625,0.0038793631829321,0.010178305208683,0.0149697177112102,-6.66900634765625,-2.5535888671875,4.803375244140625,2.14752197265625,-5.6533203125,-3.105010986328125
2022-05-15,18,3,297.09490966796875,295.6908569335937,1.7712860107421875,1.6181182861328125,749.875,91306.40625,269.7608947753906,284.84381103515625,293.1037902832031,0.0039304075762629,0.0089027844369411,0.0150110013782978,-4.5551300048828125,-8.36224365234375,3.990081787109375,0.4454803466796875,-5.4473876953125,-1.5511627197265625
2022-05-16,0,0,296.42974853515625,295.0346984863281,2.548980712890625,0.35498046875,93.5,91144.109375,269.86895751953125,284.786376953125,293.3974609375,0.0041556973010301,0.0075734443962574,0.0142349004745483,-9.080764770507812,-8.371658325195312,5.1100921630859375,0.748809814453125,-4.901138305664063,-2.734161376953125
2022-05-16,6,1,300.43963623046875,294.81182861328125,2.3876190185546875,-1.1846160888671875,528.5,91271.453125,270.2430419921875,284.28350830078125,292.7071838378906,0.0036817509680986,0.0089239887893199,0.0156901888549327,-6.29034423828125,-7.140670776367188,3.556671142578125,2.9636688232421875,-5.0070343017578125,-2.538238525390625
2022-05-16,12,2,297.7284240722656,295.0484619140625,-2.160430908203125,-0.844635009765625,1565.25,90892.0625,270.32489013671875,285.02764892578125,294.438232421875,0.005715288221836,0.0104849003255367,0.0154458060860633,-3.570953369140625,-4.9866485595703125,-3.023300170898437,4.13055419921875,-3.3581085205078125,-4.40472412109375
2022-05-16,18,3,294.8671875,294.16534423828125,1.1735382080078125,0.135894775390625,543.5,91165.859375,270.017578125,284.95172119140625,293.87506103515625,0.0054061748087406,0.0101807080209255,0.0149301290512084,-3.817825317382813,-6.870162963867188,-3.175750732421875,10.814926147460938,-1.8337249755859373,-2.18780517578125
2022-05-17,0,0,295.5665588378906,294.5250244140625,0.3519744873046875,-0.0091552734375,252.375,90924.71875,270.2159423828125,284.8812866210937,293.3911437988281,0.0054487362504005,0.0102728381752967,0.0142077431082725,0.8235626220703125,-10.046646118164062,-5.1876068115234375,10.587478637695312,0.577362060546875,-1.857940673828125
2022-05-17,6,1,300.24169921875,294.67742919921875,-1.0495758056640625,-0.510040283203125,320.875,91120.15625,269.93316650390625,284.2930908203125,292.98504638671875,0.0047053024172782,0.0107345059514045,0.0155627056956291,-3.867019653320313,-8.682601928710938,-3.1795196533203125,14.276962280273438,1.3534393310546875,0.051727294921875
2022-05-17,12,2,299.1357421875,296.21209716796875,-0.54345703125,-0.57696533203125,1291.625,90815.53125,270.8048095703125,284.91619873046875,293.6612548828125,0.004917450249195,0.0102860033512115,0.0160585865378379,-1.3996734619140625,-3.658660888671875,-2.6922607421875,11.729782104492188,-0.54296875,-3.2989501953125
2022-05-17,18,3,294.8997802734375,294.08221435546875,-0.7558135986328125,0.542449951171875,1102.375,91109.265625,270.7225952148437,284.29412841796875,293.18267822265625,0.0059946216642856,0.010195855051279,0.0157971568405628,-2.04693603515625,-5.4285888671875,-4.00091552734375,9.568038940429688,1.9870452880859373,0.30548095703125
2022-05-18,0,0,294.9271240234375,293.2716064453125,-1.2959136962890625,-1.15185546875,40.875,90948.34375,270.5014038085937,283.7108154296875,292.1054077148437,0.0058679915964603,0.0110968984663486,0.01498669013381,0.2357635498046875,-8.11236572265625,-5.915054321289063,15.227981567382812,2.5123291015625,1.63177490234375
2022-05-18,6,1,299.43804931640625,294.4222412109375,-2.8101806640625,0.6944427490234375,303.5,91042.078125,271.8593444824219,284.077392578125,292.3800354003906,0.0042436495423316,0.0110462047159671,0.0156767033040523,-4.750534057617188,-5.533004760742188,-4.633575439453125,18.060821533203125,9.04840087890625,1.632904052734375
2022-05-18,12,2,298.774169921875,294.536376953125,-1.5428009033203125,1.22454833984375,101.5,90847.78125,271.0991516113281,284.6019897460937,292.98065185546875,0.0057934373617172,0.0095968171954154,0.0154894702136516,-2.58514404296875,-3.938796997070313,-4.7018890380859375,16.609725952148438,4.7206878662109375,2.9456787109375
2022-05-18,18,3,295.417724609375,293.84429931640625,0.114227294921875,1.8302764892578125,188.625,91098.828125,270.4404296875,284.61114501953125,291.7410888671875,0.0052236430346965,0.0090348646044731,0.0149420723319053,-3.114471435546875,-1.45849609375,-0.7357177734375,17.67523193359375,8.640182495117188,4.33343505859375
2022-05-19,0,0,294.5614624023437,293.2504272460937,2.543731689453125,3.153549194335937,12.375,91033.96875,270.588134765625,285.71441650390625,289.50079345703125,0.005271840840578,0.0089195631444454,0.013530358672142,-3.8951568603515625,1.5020599365234375,5.3612213134765625,13.84393310546875,8.904495239257812,5.79180908203125
2022-05-19,6,1,295.7367248535156,291.7350769042969,5.299774169921875,3.6457672119140634,4.0,91271.703125,270.6204833984375,284.18212890625,289.59991455078125,0.0054519772529602,0.0102512687444686,0.0133307427167892,1.1634521484375,7.666961669921875,11.689315795898438,16.176498413085938,8.909805297851562,3.9842529296875
2022-05-19,12,2,295.3548583984375,292.5806884765625,3.954788208007813,2.3138427734375,1.25,91071.515625,272.04205322265625,283.8228454589844,289.1273803710937,0.0047883950173854,0.0111314505338668,0.0127516984939575,0.2496795654296875,8.751815795898438,10.915786743164062,13.115432739257812,1.6116943359375,2.7116851806640625
2022-05-19,18,3,292.983642578125,290.561767578125,3.464828491210937,2.6007232666015625,1.875,91295.609375,271.4407043457031,283.7451171875,288.93212890625,0.0044475458562374,0.0105914063751697,0.0113674812018871,6.09375,13.59320068359375,14.274932861328123,11.439071655273438,0.44439697265625,1.70684814453125
2022-05-20,0,0,294.14111328125,290.2934875488281,3.46893310546875,1.1473846435546875,4.0,91244.046875,270.093505859375,282.7948608398437,290.05792236328125,0.0047400072216987,0.0092427767813205,0.01167943328619,6.0403594970703125,15.274444580078123,15.354293823242188,3.699661254882813,2.321151733398437,2.1422271728515625
2022-05-20,6,1,299.33233642578125,293.0548400878906,6.4105377197265625,1.3562774658203125,27.25,91320.484375,270.1913452148437,283.3236999511719,292.0693664550781,0.004484087228775,0.0098707750439643,0.0139363035559654,5.4978790283203125,14.991165161132812,11.55084228515625,4.006118774414063,1.752227783203125,2.36578369140625
2022-05-20,12,2,297.3848876953125,294.1769104003906,4.376007080078125,0.173858642578125,50.25,91179.078125,269.8385009765625,283.56231689453125,292.0418701171875,0.0036233027931302,0.0103775598108768,0.0143139287829399,10.374343872070312,13.67059326171875,12.5074462890625,3.88201904296875,2.332977294921875,-0.7449798583984375
2022-05-20,18,3,294.684814453125,293.00457763671875,3.4066619873046875,0.7920074462890625,0.5,91370.453125,269.2815856933594,285.3752746582031,290.7039489746094,0.0036818070802837,0.006301749497652,0.013705899938941,12.735336303710938,14.527908325195312,12.06341552734375,2.347930908203125,2.751083374023437,-0.2312164306640625
2022-05-21,0,0,294.5048522949219,292.78680419921875,4.098785400390625,0.7275390625,0.25,91192.453125,269.6602478027344,285.0438232421875,290.317138671875,0.0034574836026877,0.0064772553741931,0.0126230157911777,11.702102661132812,16.239822387695312,14.832122802734377,1.323333740234375,2.203582763671875,0.176025390625
2022-05-21,6,1,299.8539123535156,292.081787109375,6.36724853515625,-1.1962127685546875,0.125,91343.875,270.26727294921875,283.9188232421875,291.6254272460937,0.0039748484268784,0.008254449814558,0.0118608213961124,10.255508422851562,17.219802856445312,10.733734130859377,3.1357879638671875,2.327987670898437,-2.1149139404296875
2022-05-21,12,2,299.58135986328125,291.9475402832031,4.0777130126953125,-0.89569091796875,0.0,91137.5625,270.010986328125,283.0739440917969,292.39996337890625,0.0043806508183479,0.0098090730607509,0.0122375264763832,12.66046142578125,16.271133422851562,9.698150634765623,2.0873260498046875,-0.3467559814453125,-3.565902709960937
2022-05-21,18,3,295.3599853515625,292.490478515625,3.624221801757813,1.135467529296875,6.25,91235.140625,269.7916259765625,284.12017822265625,291.9642333984375,0.0049415193498134,0.0102261640131473,0.0112482979893684,9.255905151367188,5.221923828125,12.336929321289062,-1.8942108154296875,-6.710952758789063,-2.5943756103515625
2022-05-22,0,0,294.79180908203125,293.3597412109375,3.713134765625,0.8310699462890625,8.375,91127.671875,268.8467712402344,284.0420227050781,291.9279479980469,0.0049951542168855,0.0098788030445575,0.0117576643824577,4.135299682617188,3.11468505859375,13.529525756835938,-0.9043731689453124,-7.0015869140625,-2.2910614013671875
2022-05-22,6,1,300.1734619140625,293.06060791015625,5.9736328125,0.1100921630859375,59.5,91220.390625,268.9334716796875,283.84625244140625,292.96417236328125,0.0046979635953903,0.0089075062423944,0.0134315006434917,4.627853393554688,2.5479736328125,10.53436279296875,-3.6000213623046875,-6.388092041015625,-1.0223541259765625
2022-05-22,12,2,299.65386962890625,294.4180908203125,4.410171508789063,1.06341552734375,452.75,90968.453125,269.2968139648437,283.8788452148437,293.0786437988281,0.0025838233996182,0.0090180113911628,0.0142459906637668,5.079513549804688,5.376022338867188,11.947113037109377,-4.571746826171875,-5.903732299804688,0.578582763671875
2022-05-22,18,3,295.47900390625,293.81280517578125,4.4788360595703125,0.520660400390625,13.875,91176.390625,269.7098999023437,285.2304077148437,291.7830810546875,0.0002910667099058,0.005928598344326,0.0135289691388607,4.4647979736328125,1.3430023193359375,13.835723876953123,-5.226654052734375,-5.859298706054688,-2.66302490234375
2022-05-23,0,0,296.10272216796875,293.7074584960937,3.914352416992188,-0.395233154296875,50.125,91042.625,270.529541015625,285.9979248046875,290.6722412109375,0.0001491779403295,0.0027563332114368,0.0134982168674469,-0.530670166015625,-1.2683258056640625,11.79949951171875,-6.0623779296875,-4.4268646240234375,-4.6812591552734375
2022-05-23,6,1,301.5710754394531,293.1688232421875,4.51104736328125,-1.9190216064453125,88.25,91158.21875,271.0628967285156,285.6649780273437,293.5009765625,0.0004245368763804,0.0027068823110312,0.0132752582430839,-1.678466796875,-0.0059356689453125,7.0477294921875,-8.0477294921875,-1.97723388671875,-3.219589233398437
2022-05-23,12,2,303.3433837890625,293.06610107421875,2.39434814453125,-0.750885009765625,201.375,90903.328125,271.0875549316406,285.46173095703125,296.26806640625,0.0005268165841698,0.0045393332839012,0.0128458216786384,-1.2034454345703125,5.2150726318359375,5.794891357421875,-6.361373901367188,-3.500518798828125,-2.5076904296875
2022-05-23,18,3,297.9376525878906,294.7435913085937,2.9342041015625,0.05792236328125,606.625,91186.125,270.6339111328125,285.55780029296875,293.4700927734375,0.0004947681445628,0.0040872916579246,0.0144293531775474,-1.5802459716796875,2.088851928710937,7.9482574462890625,-3.622756958007813,-5.9913482666015625,-3.75079345703125
2022-05-24,0,0,296.47320556640625,294.4077453613281,2.6287841796875,0.0453338623046875,34.75,91164.546875,270.2391357421875,284.74774169921875,292.0395812988281,0.0003999138716608,0.0028378120623528,0.0127517506480216,-1.30462646484375,-1.176788330078125,8.3216552734375,-2.509429931640625,-5.866729736328125,-4.731689453125
2022-05-24,6,1,302.28887939453125,293.1361694335937,2.8181610107421875,-1.5622406005859375,62.0,91359.609375,269.794921875,283.56158447265625,293.73602294921875,0.0003452736418694,0.0052503086626529,0.0135123692452907,-2.385223388671875,-0.13555908203125,4.071548461914063,-4.0001068115234375,-2.2229461669921875,-2.7301025390625
2022-05-24,12,2,304.08526611328125,293.462158203125,1.4636077880859375,-0.911376953125,289.375,91151.828125,269.7949523925781,284.59783935546875,295.95758056640625,0.0002263069618493,0.0059155784547328,0.0130620598793029,-3.22900390625,1.7399749755859375,2.815277099609375,-3.8933258056640634,-4.5386505126953125,-2.5759429931640625
2022-05-24,18,3,297.8866577148437,295.0025634765625,2.5131378173828125,-0.1139678955078125,632.625,91441.96875,269.59979248046875,283.90899658203125,293.58905029296875,0.0002760200295597,0.0065264739096164,0.014868751168251,-4.5308380126953125,-1.3002166748046875,5.340972900390625,-3.409332275390625,-3.9970703125,-2.7056427001953125
2022-05-25,0,0,296.5745849609375,294.7418212890625,2.073959350585937,-0.5372314453125,257.375,91334.15625,268.963134765625,284.4334716796875,292.992919921875,0.0002877446822822,0.0046903155744075,0.0141686350107193,-4.4446868896484375,-2.1326141357421875,4.956451416015625,-1.24908447265625,-3.9765472412109375,-4.5249786376953125
2022-05-25,6,1,302.00213623046875,294.56182861328125,1.245880126953125,-2.6045684814453125,581.875,91521.515625,269.058837890625,283.5565795898437,293.2644348144531,0.0003298986703157,0.007097378373146,0.0144070461392402,-2.508697509765625,-3.0943145751953125,1.5812530517578125,-2.30804443359375,-3.466522216796875,-4.081954956054688
2022-05-25,12,2,301.9404602050781,294.02313232421875,0.8787841796875,-1.2433929443359375,538.5,91205.328125,269.212890625,284.1431579589844,295.03253173828125,0.0006216408219188,0.0075729750096797,0.0135129876434803,-0.057403564453125,-1.2548370361328125,1.2594757080078125,-3.710617065429688,-0.7852783203125,-2.9190673828125
2022-05-25,18,3,297.48016357421875,294.53680419921875,1.3850555419921875,0.8590545654296875,406.125,91468.1875,269.3092041015625,283.60943603515625,294.7471923828125,0.0006823840085417,0.0075778067111968,0.0131945274770259,0.932952880859375,-2.29180908203125,2.1951904296875,-2.6024322509765625,-1.167510986328125,-1.310302734375
2022-05-26,0,0,296.38336181640625,294.647705078125,1.4681854248046875,0.0843658447265625,502.75,91393.875,268.53350830078125,283.82098388671875,293.1480712890625,0.0006790063343942,0.0065280459821224,0.0139379613101482,0.65045166015625,-2.4974365234375,3.346343994140625,-2.4102935791015625,-1.4452972412109375,-1.7722015380859375
2022-05-26,6,1,302.6275939941406,294.9096374511719,2.6106414794921875,-0.0273590087890625,1471.75,91494.828125,268.9036865234375,283.1307373046875,293.5985107421875,0.00065100309439,0.0073037929832935,0.0149595700204372,1.21307373046875,-2.1954803466796875,3.671829223632813,-3.2923126220703125,-0.2026214599609375,-0.47808837890625
2022-05-26,12,2,301.450439453125,294.11041259765625,1.7689208984375,0.3245391845703125,509.75,91214.4375,268.3268127441406,283.5581359863281,295.1839599609375,0.0024898548144847,0.0079772025346755,0.0132910870015621,-1.055328369140625,1.7698211669921875,4.206939697265625,-3.5437164306640625,-0.83489990234375,-2.726531982421875
2022-05-26,18,3,296.1112060546875,293.816650390625,2.779052734375,1.3387298583984375,671.125,91502.640625,267.3143920898437,284.2567749023437,292.8057861328125,0.0022829982917755,0.007222481071949,0.0137230418622493,-1.093841552734375,0.3260650634765625,8.218795776367188,-3.483245849609375,0.971893310546875,-2.234039306640625
2022-05-27,0,0,296.2940673828125,294.155029296875,2.657135009765625,0.21258544921875,268.125,91374.296875,267.3890380859375,283.69610595703125,292.86328125,0.0027685277163982,0.0080197863280773,0.0079965740442276,-1.508270263671875,1.2820587158203125,9.520401000976562,-2.273162841796875,0.7440032958984375,-3.5330810546875
2022-05-27,6,1,301.2530822753906,291.8292541503906,3.8853912353515625,-1.68182373046875,27.75,91517.1875,267.9860534667969,283.397216796875,292.106689453125,0.0024315696209669,0.0080183185636997,0.0123422406613826,0.3298187255859375,1.4954833984375,6.1291046142578125,1.36761474609375,-0.179412841796875,-2.9400634765625
2022-05-27,12,2,302.8410949707031,291.2753295898437,2.251617431640625,-0.438934326171875,22.375,91189.25,268.281005859375,283.0037841796875,295.6962585449219,0.0016790726222097,0.0088826082646846,0.0116012953221797,1.7215423583984375,2.204818725585937,4.2521514892578125,-0.5813446044921875,0.1396484375,-2.1189727783203125
2022-05-27,18,3,296.91998291015625,293.99664306640625,2.64654541015625,1.2522735595703125,121.375,91405.90625,268.43292236328125,283.49627685546875,292.80718994140625,0.0019610405433923,0.0080280154943466,0.0125839672982692,1.4754486083984375,3.0555877685546875,7.7546539306640625,-0.9298248291015624,-0.409759521484375,-2.6134185791015625
2022-05-28,0,0,296.20953369140625,293.95660400390625,2.6879425048828125,0.0042724609375,55.75,91277.515625,267.7161865234375,283.9703369140625,292.5599365234375,0.0029111315961927,0.0082063935697078,0.0101974867284297,1.47955322265625,2.8873291015625,7.980300903320312,0.2132720947265625,-1.047088623046875,-3.0398101806640625
2022-05-28,6,1,301.73370361328125,292.0483093261719,4.021896362304688,-0.8732757568359375,177.75,91420.6875,268.7857666015625,283.4784545898437,292.6342163085937,0.0031847483478486,0.0080983415246009,0.0131927616894245,4.063446044921875,0.4593658447265625,6.1779327392578125,-0.8444366455078125,-0.898712158203125,-1.78369140625
2022-05-28,12,2,303.1614990234375,292.16070556640625,3.0361785888671875,-0.2513427734375,17.875,91127.53125,268.96270751953125,283.5886535644531,295.28631591796875,0.0019686662126332,0.0077213384211063,0.0117195211350917,2.2393951416015625,1.504608154296875,5.71173095703125,-2.8156280517578125,0.5922698974609375,-1.6989593505859375
2022-05-28,18,3,297.1611022949219,293.9097900390625,3.1876373291015625,0.9206390380859376,54.75,91392.734375,268.5666809082031,283.6777648925781,292.26287841796875,0.0017764966469258,0.0075238198041915,0.0132824592292308,0.596893310546875,0.8484344482421875,7.705291748046875,-1.9329986572265625,1.2723236083984375,-0.9684906005859376
2022-05-29,0,0,295.29833984375,293.5875244140625,2.8574981689453125,0.0490875244140625,49.75,91289.6875,268.118408203125,283.255615234375,292.0555419921875,0.0015572700649499,0.0073351636528968,0.0116421803832054,-0.004913330078125,-0.32513427734375,8.755538940429688,-0.552398681640625,1.24310302734375,-2.7152557373046875
2022-05-29,6,1,301.3290405273437,293.16363525390625,3.639556884765625,-0.839813232421875,65.875,91368.828125,269.0362548828125,283.0252990722656,292.75311279296875,0.0014606222975999,0.0072677209973335,0.0131153613328933,1.55303955078125,-0.0312957763671875,5.483810424804688,-0.0925750732421875,1.641082763671875,-1.6635284423828125
2022-05-29,12,2,302.4991455078125,292.3681640625,2.108367919921875,-0.592498779296875,4.75,91115.59375,268.8538818359375,283.7835388183594,295.0204772949219,0.0016449056565761,0.0070109702646732,0.0120916180312633,3.7565765380859375,1.7560882568359375,3.885772705078125,-0.243316650390625,0.467010498046875,-1.777984619140625
2022-05-29,18,3,297.5644836425781,292.889892578125,2.201889038085937,0.9308929443359376,8.625,91313.59375,268.18084716796875,284.73028564453125,293.7177124023437,0.0021036230027675,0.0065189152956008,0.0122183933854103,3.691650390625,-0.395538330078125,5.975341796875,0.214019775390625,0.655059814453125,-0.289703369140625
2022-05-30,0,0,295.598388671875,293.56317138671875,2.9326629638671875,-0.1259002685546875,9.375,91220.5625,268.63555908203125,283.5848693847656,291.7294311523437,0.0028506568633019,0.0075492821633815,0.012992288917303,4.8460235595703125,-2.396697998046875,6.659088134765625,0.89813232421875,-1.0274810791015625,-2.1302490234375
2022-05-30,6,1,301.20465087890625,293.4818725585937,3.045028686523437,-0.268280029296875,184.375,91318.0625,269.76727294921875,283.2989501953125,292.7421264648437,0.0025705934967845,0.0073746778070926,0.0138619318604469,3.1212615966796875,-3.742019653320313,4.3359375,0.2046051025390625,-0.94354248046875,-0.665313720703125
2022-05-30,12,2,301.8841857910156,294.1322021484375,1.487274169921875,-1.2058258056640625,210.125,91012.3125,269.1755065917969,284.20379638671875,294.8993530273437,0.003234215080738,0.0078795999288558,0.0137316919863224,2.594207763671875,-1.4240570068359375,2.6278228759765625,-0.91070556640625,-0.80682373046875,-2.5024871826171875
2022-05-30,18,3,296.9385986328125,293.0057678222656,1.671844482421875,2.0475616455078125,215.125,91306.890625,267.4838256835937,283.3349609375,293.8046875,0.0031160512007772,0.0084853880107402,0.0135242752730846,2.438140869140625,-3.4092254638671875,5.51837158203125,-0.610870361328125,-1.2305755615234375,0.902435302734375
2022-05-31,0,0,295.90093994140625,294.039794921875,3.2600860595703125,0.3534088134765625,265.75,91169.90625,267.6972045898437,284.6473388671875,292.1998291015625,0.0044308118522167,0.0052424632012844,0.01321074180305,2.438507080078125,-2.805145263671875,7.4847412109375,0.994384765625,-2.4589080810546875,-1.7810516357421875
2022-05-31,6,1,301.45343017578125,293.80914306640625,3.29681396484375,-1.3565216064453125,459.0,91268.0,267.8863525390625,284.01239013671875,293.25555419921875,0.0044141262769699,0.0055172592401504,0.014204891398549,2.1127166748046875,-2.9669189453125,4.785934448242188,-0.8689422607421875,-1.7454833984375,-2.4053497314453125
2022-05-31,12,2,300.6472473144531,293.471435546875,1.9469451904296875,-1.40875244140625,685.25,90969.53125,268.4263916015625,283.70050048828125,295.00567626953125,0.0032686544582247,0.0086667351424694,0.0142182633280754,0.288665771484375,0.6922760009765625,3.881423950195313,-2.6871337890625,0.94635009765625,-3.1917724609375
2022-05-31,18,3,295.30810546875,293.617919921875,2.7467041015625,0.6481475830078125,252.5,91310.4375,268.0562438964844,283.497802734375,292.5778503417969,0.0032910555601119,0.0085522308945655,0.0139057710766792,-1.6078643798828125,-0.124298095703125,6.56964111328125,-1.7309417724609375,-0.8824920654296875,-1.7430419921875
2022-06-01,0,0,296.0559997558594,294.3686218261719,3.0364990234375,0.1846160888671875,269.75,91153.703125,266.6015014648437,283.10418701171875,291.7347412109375,0.0043033696711063,0.0093391016125679,0.0129426345229148,-1.390350341796875,-1.17376708984375,8.513412475585938,-1.5339508056640625,0.31866455078125,-4.17816162109375
2022-06-01,6,1,300.62158203125,293.14013671875,3.49517822265625,-1.26904296875,290.0,91264.96875,266.974365234375,284.0962219238281,292.67059326171875,0.0042740441858768,0.0084316246211528,0.0139741022139787,-4.9778900146484375,0.6766510009765625,5.073638916015625,-3.0742645263671875,2.112152099609375,-2.05792236328125
2022-06-01,12,2,300.7208557128906,295.79052734375,2.7053985595703125,-1.377532958984375,1481.75,91060.625,268.0470886230469,284.11248779296875,293.6471252441406,0.0029876404441893,0.0088277794420719,0.0147820599377155,-3.72589111328125,2.56707763671875,7.30633544921875,0.724456787109375,0.282257080078125,-3.087158203125
2022-06-01,18,3,297.03253173828125,294.3499755859375,2.2538299560546875,-0.1442718505859375,916.125,91307.59375,267.3404541015625,284.2252197265625,292.856689453125,0.0030043493025004,0.0076822116971015,0.0145029947161674,-3.740646362304688,-0.290679931640625,5.9913482666015625,-0.380035400390625,0.0652008056640625,-2.475494384765625
2022-06-02,0,0,295.8912353515625,294.24951171875,2.9975128173828125,-0.4622039794921875,335.25,91158.640625,267.37115478515625,284.51617431640625,292.821044921875,0.0034840719308704,0.0064577683806419,0.0124326683580875,-3.054306030273437,-0.9763946533203124,6.306396484375,0.99774169921875,0.1560211181640625,-4.3157958984375
2022-06-02,6,1,301.37115478515625,293.9257202148437,3.7080078125,-0.7543182373046875,234.0,91276.859375,267.6820068359375,284.53173828125,293.4723815917969,0.0036384523846209,0.0063520297408103,0.0135843120515346,-6.602508544921875,-1.752349853515625,5.7566680908203125,-1.2299041748046875,-0.527557373046875,-1.7696990966796875
2022-06-02,12,2,303.1005859375,293.8624267578125,2.2849884033203125,0.0498809814453125,424.5,91028.234375,268.1712646484375,284.30206298828125,295.8167724609375,0.0028142943046987,0.0073102749884128,0.0137466825544834,-5.24169921875,-0.17523193359375,3.72772216796875,-1.3643646240234375,-0.5501708984375,-0.4737396240234375
2022-06-02,18,3,295.72564697265625,294.3436889648437,3.2167205810546875,0.0020599365234375,347.625,91261.6875,267.7074279785156,284.53631591796875,293.2594909667969,0.0032425397075712,0.0073245130479335,0.0136414989829063,-4.48876953125,-2.9231414794921875,6.4826507568359375,-0.1801300048828125,-0.559814453125,-2.4899444580078125
2022-06-03,0,0,295.2134704589844,293.8872985839844,2.659637451171875,-1.191741943359375,106.5,91093.203125,267.40045166015625,285.0281066894531,293.3868408203125,0.0031627630814909,0.0065410286188125,0.0125549407675862,-0.440155029296875,-5.1629638671875,5.8592376708984375,-0.205078125,-0.5517730712890625,-4.9559478759765625
2022-06-03,6,1,301.26397705078125,294.2186279296875,2.957489013671875,-0.47100830078125,687.375,91177.46875,267.5882568359375,285.1068725585937,293.4104919433594,0.0029805758967995,0.0065311677753925,0.0145137384533882,-1.38824462890625,-6.460235595703125,4.2182464599609375,-2.235504150390625,0.2462158203125,-1.1659088134765625
2022-06-03,12,2,303.75567626953125,295.0252380371094,2.214813232421875,-0.1543731689453125,1745.0,90934.0625,268.34918212890625,285.2171325683594,297.45587158203125,0.0027434008661657,0.0075773335993289,0.014792688190937,-3.57904052734375,-4.436447143554688,2.7146148681640625,-5.7617950439453125,-0.15869140625,-1.0745086669921875
2022-06-03,18,3,295.70513916015625,294.25927734375,2.633895874023437,0.84564208984375,693.875,91296.328125,266.75262451171875,284.5912475585937,293.7684631347656,0.0037743190769106,0.0069142282009124,0.0139386057853698,-6.596160888671875,-6.1455841064453125,7.83282470703125,-4.040130615234375,0.417510986328125,-1.5464935302734375
2022-06-04,0,0,295.879150390625,293.79656982421875,2.7749176025390625,-0.1291046142578125,391.875,91103.671875,267.04656982421875,285.2569885253906,294.9989013671875,0.0035169394686818,0.0062349438667297,0.0122117502614855,-6.715103149414063,-6.72979736328125,4.828704833984375,-2.849349975585937,2.3326416015625,-1.644439697265625
2022-06-04,6,1,302.08807373046875,294.23846435546875,1.99273681640625,-1.918365478515625,1475.5,91161.890625,266.8377685546875,284.95684814453125,294.6937255859375,0.0030289071146398,0.0069476924836635,0.0146012306213378,-6.431808471679688,-6.208786010742188,2.680770874023437,1.517822265625,1.59173583984375,-3.332427978515625
2022-06-04,12,2,303.9332275390625,294.8608703613281,-0.584228515625,-0.6393585205078125,1187.0,90980.109375,268.2161865234375,284.0662841796875,297.06866455078125,0.0024291926529258,0.0091153420507907,0.0133670158684253,-1.78497314453125,-3.91705322265625,-1.40325927734375,0.7396697998046875,0.1985626220703125,-2.2078094482421875
2022-06-04,18,3,295.6659240722656,294.3006591796875,0.9005279541015625,1.0159759521484375,540.625,91199.953125,267.283447265625,284.80517578125,295.72918701171875,0.0034053793642669,0.0081944949924945,0.0127268880605697,-3.3502960205078125,-4.840850830078125,1.8220367431640625,-2.356307983398437,-1.213287353515625,0.075897216796875
2022-06-05,0,0,295.5966796875,294.4983825683594,3.269561767578125,0.8729705810546875,554.5,91093.90625,266.95806884765625,285.1940612792969,294.2987365722656,0.0037621830124408,0.0089030489325523,0.0120824724435806,-4.9972686767578125,-5.433853149414063,5.2416534423828125,-3.50299072265625,-3.917236328125,-0.05828857421875
2022-06-05,6,1,301.595703125,295.40936279296875,2.8760528564453125,-0.3274383544921875,1653.75,91215.796875,266.83209228515625,284.930419921875,294.0756530761719,0.0031081142369657,0.0093612521886825,0.0147121027112007,-6.5589599609375,-6.644943237304688,4.39617919921875,-2.282806396484375,-1.4146728515625,-0.8763580322265625
2022-06-05,12,2,302.627197265625,294.7665100097656,1.323883056640625,-1.61029052734375,990.75,90979.296875,268.58673095703125,284.3132019042969,295.4798583984375,0.0031554913148283,0.0096440389752388,0.0141038633882999,-9.1474609375,-3.64910888671875,3.1708221435546875,-3.0771636962890625,-1.9540252685546875,-3.8522796630859375
2022-06-05,18,3,295.21539306640625,294.3399658203125,1.466094970703125,0.81488037109375,973.75,91239.90625,267.3289794921875,284.4696960449219,294.3620300292969,0.0038934221956878,0.0080995112657547,0.0145344026386737,-7.6350250244140625,-5.9505615234375,4.0636138916015625,-2.111801147460937,0.6537933349609375,-0.8714447021484375
2022-06-06,0,0,294.4410705566406,293.5198974609375,2.26007080078125,-1.856536865234375,200.25,91157.1875,268.02996826171875,283.8436279296875,292.32440185546875,0.0035626236349344,0.0061230733990669,0.013577776029706,-5.81231689453125,-2.29095458984375,5.8182373046875,1.3566131591796875,2.2346649169921875,-5.1869659423828125
2022-06-06,6,1,299.7236633300781,293.4483642578125,3.3223114013671875,-0.065826416015625,927.375,91233.953125,267.0688171386719,285.3291931152344,293.6141967773437,0.0038307190407067,0.0056311748921871,0.0146653987467288,-4.5981292724609375,-1.1658477783203125,5.0348663330078125,-0.12078857421875,2.94451904296875,-0.2093658447265625
2022-06-06,12,2,302.5600891113281,294.5918273925781,0.679168701171875,-2.013031005859375,299.25,91053.203125,268.1876220703125,283.7899780273437,295.2811584472656,0.0037773707881569,0.0072019547224044,0.0123164802789688,-1.63226318359375,1.17626953125,2.4543609619140625,0.9379425048828124,1.8533477783203125,-4.5902099609375
2022-06-06,18,3,294.91815185546875,293.68121337890625,0.819671630859375,1.2734527587890625,299.5,91278.5,267.88922119140625,284.7205505371094,294.01544189453125,0.004202052950859,0.0066964067518711,0.0124450586736202,-1.8034820556640625,0.383026123046875,2.79736328125,-2.244781494140625,-0.2083282470703125,-0.949951171875
2022-06-07,0,0,294.82525634765625,293.7147827148437,2.906402587890625,0.6141357421875,675.25,91124.296875,267.83203125,284.59539794921875,292.3724975585937,0.0041898936033248,0.0067550987005233,0.0136701390147209,-2.237045288085937,-0.9077606201171876,7.65130615234375,-2.648223876953125,-0.9040679931640624,1.334075927734375
2022-06-07,6,1,298.6448974609375,293.85546875,3.75555419921875,0.7429046630859375,979.0,91308.453125,266.81085205078125,284.1156616210937,292.26025390625,0.0043970420956611,0.0068899467587471,0.0149643048644065,-4.5310821533203125,-1.209197998046875,5.9984130859375,-2.6062164306640625,-0.2738189697265625,0.97161865234375
2022-06-07,12,2,300.05615234375,295.35968017578125,3.457763671875,-0.1185455322265625,638.75,91172.6875,268.5845947265625,283.6029663085937,293.8510131835937,0.0038775389548391,0.0080453492701053,0.0136182866990566,-3.695220947265625,2.162841796875,7.8997802734375,-3.630081176757813,0.862701416015625,-0.171600341796875
2022-06-07,18,3,296.3434753417969,294.00128173828125,3.907150268554688,0.09881591796875,328.25,91323.046875,267.1053771972656,284.754150390625,292.7280578613281,0.0036397795192897,0.0070563964545726,0.0127465464174747,-4.683990478515625,-1.920135498046875,10.069854736328123,-3.2462921142578125,-0.6854400634765625,-1.9224700927734373
2022-06-08,0,0,294.9547424316406,293.5541381835937,3.46392822265625,0.2541656494140625,49.0,91201.484375,267.33709716796875,284.75732421875,292.37896728515625,0.0034805175382643,0.0071722604334354,0.0119283944368362,-3.3631744384765625,-4.4188385009765625,12.256790161132812,-1.462066650390625,-1.006622314453125,-2.414520263671875
2022-06-08,6,1,300.67449951171875,293.59039306640625,4.701919555664063,-0.4147186279296875,192.5,91284.8125,266.96044921875,284.9545288085937,293.298828125,0.0036583263427019,0.0069660693407058,0.0134296454489231,-3.1272735595703125,-4.6163330078125,7.1865081787109375,0.019805908203125,0.2011566162109375,-0.9942169189453124
2022-06-08,12,2,302.0155029296875,293.36065673828125,2.9292144775390625,-0.1930999755859375,407.0,91068.203125,268.1268920898437,284.5243530273437,294.6304931640625,0.0040075127035379,0.008365336805582,0.013918038457632,-2.340316772460937,-0.9714202880859376,6.1026153564453125,-0.0855865478515625,0.657135009765625,-1.22198486328125
2022-06-08,18,3,297.2412109375,294.0320129394531,4.102462768554688,0.87042236328125,189.875,91278.21875,267.3251953125,285.0674133300781,292.58447265625,0.0034913413692265,0.0074691101908683,0.0132533200085163,-3.355331420898437,-2.74273681640625,9.889068603515623,1.2594757080078125,1.4684600830078125,-0.3770751953125
2022-06-09,0,0,296.51922607421875,293.90997314453125,3.7881011962890634,-0.58502197265625,151.5,91172.078125,268.0239562988281,284.31854248046875,290.5006103515625,0.0034632652532309,0.0087850764393806,0.014313269406557,-2.8980712890625,-3.8554534912109375,10.334930419921877,1.464752197265625,2.76995849609375,-3.328857421875
2022-06-09,6,1,300.73876953125,293.0961608886719,4.4339447021484375,0.0529327392578125,204.0,91227.28125,268.2015991210937,284.790283203125,293.028076171875,0.0032238434068858,0.0079825371503829,0.0140243507921695,-2.227264404296875,-3.3868408203125,6.8214263916015625,1.08880615234375,4.4726409912109375,-0.135162353515625
2022-06-09,12,2,302.48095703125,293.17071533203125,3.163055419921875,0.665191650390625,83.0,91024.40625,268.39263916015625,283.9491577148437,295.1932373046875,0.0030960850417613,0.0085591487586498,0.0128299072384834,-0.46844482421875,1.6028289794921875,7.070709228515625,1.2122344970703125,3.830230712890625,1.1066436767578125
2022-06-09,18,3,296.8634033203125,292.5384521484375,3.2395782470703125,0.483734130859375,9.75,91284.078125,267.6759033203125,284.2936096191406,292.847900390625,0.0031004867050796,0.0083700567483901,0.0128255859017372,-1.2755126953125,2.9610748291015625,8.055419921875,3.1017303466796875,5.6239166259765625,0.01861572265625
2022-06-10,0,0,295.4835510253906,293.497802734375,2.786972045898437,0.499481201171875,21.5,91154.15625,266.8995361328125,285.7362670898437,292.4713439941406,0.0033782189711928,0.0058664232492446,0.0119266770780086,-0.5583343505859375,4.0390167236328125,11.607269287109377,1.13616943359375,6.217559814453125,2.2428436279296875
2022-06-10,6,1,300.9619140625,292.9671325683594,4.774703979492188,1.50384521484375,110.875,91336.328125,267.3027648925781,285.21343994140625,293.119140625,0.003187725553289,0.0055168457329273,0.0131938345730304,0.8759613037109375,5.901275634765625,8.758819580078125,0.405181884765625,4.432418823242188,2.142913818359375
2022-06-10,12,2,301.8186340332031,293.46221923828125,3.4208526611328125,0.993865966796875,8.5,91093.1875,268.5493469238281,284.44708251953125,293.9957275390625,0.002760631032288,0.006866481155157,0.0133685395121574,-0.027313232421875,7.147247314453125,7.55194091796875,-0.16192626953125,1.52362060546875,1.523406982421875
2022-06-10,18,3,296.02557373046875,292.75506591796875,3.2074737548828125,0.76885986328125,0.0,91387.59375,268.38409423828125,284.9270935058594,291.7684326171875,0.0026832334697246,0.0066138319671154,0.0120409056544303,-0.471893310546875,5.10980224609375,10.282058715820312,1.862548828125,2.8665924072265625,0.3332366943359375
2022-06-11,0,0,294.0823974609375,293.2615966796875,3.049285888671875,1.350128173828125,0.0,91275.796875,267.7762451171875,284.29449462890625,290.98944091796875,0.0030270938295871,0.0079497992992401,0.0124412663280963,1.9197998046875,5.0106353759765625,12.413787841796877,0.2121734619140625,2.3595123291015625,2.30816650390625
2022-06-11,6,1,299.65777587890625,293.1675109863281,5.40606689453125,1.7693328857421875,5.25,91372.59375,268.6292724609375,283.92889404296875,293.10760498046875,0.0026467258576303,0.0082937218248844,0.0126771628856658,0.0168609619140625,3.490219116210937,8.851699829101562,-1.130859375,3.8768463134765625,2.6916961669921875
2022-06-11,12,2,301.7519226074219,293.5360717773437,3.3725128173828125,0.9582366943359376,75.0,91194.640625,268.2022705078125,283.7054748535156,293.8031616210937,0.0027088327333331,0.0081237219274044,0.0137452073395252,-0.2821807861328125,4.6889495849609375,6.823150634765625,0.0853118896484375,2.011444091796875,1.50830078125
2022-06-11,18,3,296.36199951171875,293.1106872558594,3.576156616210937,0.933441162109375,0.0,91425.28125,268.541748046875,283.6995849609375,291.67498779296875,0.0024214184377342,0.0081166438758373,0.013018999248743,-0.954864501953125,5.1616973876953125,10.289520263671877,0.8454437255859375,1.5869140625,0.5223846435546875
2022-06-12,0,0,294.9268798828125,293.38299560546875,2.5435333251953125,1.07147216796875,6.25,91264.984375,267.56817626953125,283.9137268066406,292.3836364746094,0.0027288505807518,0.0091335698962211,0.0116336084902286,3.020980834960937,6.664810180664063,10.6783447265625,3.4171905517578125,0.934722900390625,0.2083740234375
2022-06-12,6,1,301.2362060546875,293.397216796875,4.0484161376953125,0.93414306640625,51.625,91379.171875,268.4071044921875,283.84527587890625,292.7776184082031,0.0027941861189901,0.0088213235139846,0.0132272839546203,1.07037353515625,3.930465698242188,6.244888305664063,1.744873046875,0.5301361083984375,1.0379180908203125
2022-06-12,12,2,300.4357604980469,294.6491394042969,3.5687408447265625,1.5,748.625,91137.28125,269.1063842773437,283.26824951171875,293.70343017578125,0.0026412641163915,0.0094764381647109,0.0146445110440254,-0.3868560791015625,4.372406005859375,7.512771606445312,-0.20361328125,0.0429229736328125,3.2529754638671875
2022-06-12,18,3,295.42022705078125,293.38385009765625,3.362518310546875,1.0228424072265625,58.0,91465.90625,268.20135498046875,283.979736328125,291.36328125,0.0031094402074813,0.0088396780192852,0.0134912524372339,0.7052459716796875,2.051483154296875,10.879653930664062,2.980926513671875,0.0105133056640625,0.908477783203125
2022-06-13,0,0,294.7309875488281,292.7450561523437,3.011947631835937,0.4727020263671875,26.5,91412.625,267.9656982421875,282.9317932128906,292.4119873046875,0.0042664483189582,0.0089083313941955,0.0113449804484844,-0.381683349609375,4.0395050048828125,10.946853637695312,1.5883026123046875,1.7861480712890625,-0.28399658203125
2022-06-13,6,1,300.0956726074219,292.6744384765625,3.78814697265625,0.057464599609375,176.25,91485.4375,269.5370483398437,283.5397644042969,291.8813171386719,0.0035439745988696,0.0085992589592933,0.0138641223311424,-1.69122314453125,3.2733917236328125,5.99755859375,2.889617919921875,2.1402130126953125,-0.351226806640625
2022-06-13,12,2,301.8326416015625,293.4755859375,2.6126861572265625,-0.081787109375,22.5,91205.921875,268.6298828125,283.7195129394531,294.75250244140625,0.0033113791141659,0.0074490346014499,0.0126869827508926,-1.517913818359375,5.1139678955078125,5.4743499755859375,-0.956207275390625,1.1904296875,-0.6376953125
2022-06-13,18,3,296.2060546875,293.432861328125,2.8769989013671875,0.843414306640625,10.5,91450.875,268.19647216796875,283.19158935546875,292.7554931640625,0.0031326578464359,0.0076384358108043,0.0125530995428562,-2.455810546875,4.605010986328125,7.3979644775390625,0.4900665283203125,-1.2372894287109375,0.0399169921875
2022-06-14,0,0,294.8460998535156,293.0136108398437,2.6841278076171875,0.42572021484375,0.0,91352.09375,267.364013671875,282.462646484375,292.48468017578125,0.0034860975574702,0.0079472698271274,0.0119751803576946,-1.50567626953125,2.989898681640625,7.9123382568359375,1.2959442138671875,-1.4073486328125,-0.4669036865234375
2022-06-14,6,1,301.5143737792969,293.326416015625,3.1485748291015625,-0.627655029296875,234.5,91371.109375,268.6930847167969,283.77935791015625,292.9702453613281,0.0030067488551139,0.0072915069758892,0.0139240138232707,-0.29351806640625,2.9357452392578125,4.6097412109375,-1.6390228271484375,-2.78485107421875,-1.1278076171875
2022-06-14,12,2,302.1707763671875,294.1892395019531,2.2989959716796875,0.545135498046875,1026.625,91147.984375,268.99884033203125,283.5340576171875,295.00665283203125,0.0037575347814708,0.0095046460628509,0.0140569694340229,-4.07318115234375,1.8987884521484373,4.4280548095703125,-3.052352905273437,-1.9896087646484373,0.213775634765625
2022-06-14,18,3,295.60211181640625,293.9080505371094,2.0015869140625,0.3912200927734375,1082.25,91393.234375,267.906982421875,283.4713134765625,292.5644226074219,0.0046191625297069,0.0098626799881458,0.0140983946621418,-1.6868133544921875,2.643463134765625,6.793548583984375,-0.63604736328125,-2.289459228515625,-2.262542724609375
2022-06-15,0,0,294.6758728027344,293.8291015625,2.4109039306640625,-0.1772308349609375,108.5,91161.375,268.3741149902344,284.2236328125,292.67486572265625,0.0048860795795917,0.0081511475145816,0.0121881514787673,-0.3538970947265625,3.4550018310546875,5.2886962890625,3.97509765625,-3.879196166992188,-4.46417236328125
2022-06-15,6,1,298.9512939453125,293.544921875,3.3117218017578125,-2.5347900390625,81.5,91378.515625,268.6364440917969,283.66925048828125,291.6647644042969,0.0040150042623281,0.0080362297594547,0.0138428546488285,-0.413238525390625,0.68035888671875,5.14923095703125,3.296142578125,-4.938995361328125,-4.085494995117188
2022-06-15,12,2,301.134765625,293.12744140625,2.1657257080078125,-1.3947906494140625,41.5,91032.515625,269.57666015625,283.84051513671875,294.01373291015625,0.0035545923747122,0.0086010955274105,0.0133130028843879,-0.9304351806640624,2.2863311767578125,3.844650268554688,0.193603515625,-3.453598022460937,-3.2488555908203125
2022-06-15,18,3,296.1697998046875,293.6068115234375,2.2789764404296875,0.8427581787109375,189.25,91389.84375,268.81396484375,282.92340087890625,292.29010009765625,0.0032911649905145,0.0093172267079353,0.0138034336268901,-3.0105438232421875,1.8110504150390625,5.6907501220703125,-0.847503662109375,-4.149383544921875,-2.535247802734375
2022-06-16,0,0,295.1820678710937,293.8782958984375,1.555450439453125,0.210601806640625,42.0,91199.125,268.4146728515625,283.1922607421875,292.70428466796875,0.0039420290850102,0.0084559768438339,0.0128445364534854,-5.8863677978515625,0.0511932373046875,4.09527587890625,4.55084228515625,-1.2528533935546875,-1.1185302734375
2022-06-16,6,1,300.4241027832031,294.5875244140625,2.965362548828125,-0.029815673828125,615.0,91325.0,269.3443603515625,283.32672119140625,292.21923828125,0.0034192649181932,0.0087386667728424,0.0148378498852252,-6.8712005615234375,-0.9881744384765624,4.585464477539063,4.082855224609375,-0.3871307373046875,-0.32354736328125
2022-06-16,12,2,299.6575927734375,294.5584716796875,2.7675323486328125,-1.536468505859375,1009.0,91044.3125,269.2836608886719,283.6400756835937,293.8453674316406,0.0034004859626293,0.0089338161051273,0.0143759846687316,-5.96551513671875,-0.5353240966796875,5.00775146484375,1.61920166015625,1.339569091796875,-2.929656982421875
2022-06-16,18,3,294.97613525390625,293.9876708984375,2.017974853515625,0.1569061279296875,244.25,91353.71875,268.62432861328125,283.61456298828125,290.75732421875,0.0042687952518463,0.0075813755393028,0.0147624649107456,-9.0743408203125,0.6392974853515625,5.44110107421875,4.780609130859375,-0.862060546875,-3.365097045898437
2022-06-17,0,0,294.90380859375,293.71734619140625,-0.065338134765625,0.0624847412109375,111.25,91199.34375,268.66412353515625,283.7557373046875,292.0588073730469,0.0050645843148231,0.0070996209979057,0.0131611116230487,-2.0202789306640625,6.77960205078125,3.0990447998046875,1.5051422119140625,0.87701416015625,0.3129730224609375
2022-06-17,6,1,299.8861694335937,293.1820678710937,1.781524658203125,-0.4092559814453125,3.875,91294.59375,269.1582336425781,284.0980224609375,292.2513427734375,0.0040539130568504,0.0080102309584617,0.0134449433535337,-3.092010498046875,-1.256744384765625,2.1911163330078125,0.2446746826171875,3.160400390625,-0.838409423828125
2022-06-17,12,2,301.595458984375,292.9667663574219,-0.1032867431640625,1.578033447265625,273.5,91017.109375,269.5803527832031,283.37359619140625,294.46551513671875,0.0033511526416987,0.0099427737295627,0.0139970332384109,-5.770675659179688,-0.7354583740234375,0.0999908447265625,-0.241363525390625,1.55303955078125,1.92340087890625
2022-06-17,18,3,295.8175048828125,294.38409423828125,1.461822509765625,1.7120208740234375,478.0,91261.890625,268.85418701171875,283.5674743652344,291.55279541015625,0.0049801208078861,0.0098530426621437,0.0148354023694992,-8.953659057617188,-0.1297607421875,4.47265625,1.126220703125,0.7899322509765625,2.3719024658203125
2022-06-18,0,0,294.9836730957031,294.17596435546875,0.23443603515625,0.7208099365234375,148.5,91173.5,268.6523132324219,284.1405944824219,291.7776184082031,0.0045303246006369,0.0089317485690116,0.0142200849950313,-7.434890747070312,-0.060546875,2.8031005859375,2.916900634765625,-0.0021820068359375,0.99755859375
2022-06-18,6,1,299.6470947265625,294.0844116210937,1.7562255859375,0.4324188232421875,1768.75,91330.375,269.916015625,283.031494140625,291.5207824707031,0.0040122382342815,0.0098791643977165,0.0142333842813968,-6.4279632568359375,-1.4057159423828125,1.92755126953125,4.405044555664063,1.13470458984375,-0.0079498291015625
2022-06-18,12,2,300.138427734375,294.73419189453125,0.986175537109375,0.5314178466796875,431.5,91109.6875,269.8886413574219,283.5224304199219,292.8719177246094,0.0042941058054566,0.0104037895798683,0.0148448199033737,-4.5308837890625,-0.6274261474609375,1.9578704833984373,5.35052490234375,3.659469604492188,1.061309814453125
2022-06-18,18,3,295.03387451171875,294.0000305175781,1.2275543212890625,0.65625,255.75,91342.640625,269.1968994140625,283.8764038085937,291.5829467773437,0.0042093321681022,0.009027998894453,0.0147794764488935,-5.71160888671875,0.2672576904296875,5.2170257568359375,7.590484619140625,2.311004638671875,-2.0037078857421875
2022-06-19,0,0,295.08038330078125,293.7994384765625,1.99346923828125,0.2176361083984375,20.25,91242.171875,269.436279296875,282.8238830566406,290.8700256347656,0.0040167095139622,0.0097367577254772,0.0136106945574283,-3.113433837890625,1.7475433349609375,5.6547698974609375,8.0909423828125,2.043212890625,-1.5469970703125
2022-06-19,6,1,299.91082763671875,293.5658874511719,2.3583984375,0.2697601318359375,405.25,91378.4375,270.0874328613281,283.29364013671875,291.71466064453125,0.0034021574538201,0.00941838696599,0.0143237113952636,-2.41741943359375,1.9835357666015625,3.5756378173828125,7.361572265625,2.190536499023437,-0.12469482421875
2022-06-19,12,2,300.3717041015625,294.1597595214844,2.2120361328125,1.36517333984375,1141.875,91098.59375,269.2516174316406,283.6247863769531,294.17608642578125,0.0039002059493213,0.0095559693872928,0.0142558701336383,-0.07073974609375,4.108200073242188,5.24786376953125,2.324081420898437,2.1910858154296875,2.1988067626953125
2022-06-19,18,3,294.9127502441406,293.5482788085937,2.888336181640625,0.1612091064453125,144.625,91351.0625,269.33380126953125,283.6417236328125,291.4935302734375,0.0036257684696465,0.0094244927167892,0.0137562043964862,-1.2455902099609375,3.825393676757813,9.080551147460938,4.182830810546875,-0.0779876708984375,-3.1081085205078125
2022-06-20,0,0,294.9926452636719,293.416748046875,2.6075897216796875,-0.2704315185546875,1.0,91213.984375,269.1368713378906,283.7391052246094,291.4168701171875,0.0039331139996647,0.0103755984455347,0.0123503878712654,1.4079742431640625,5.0191497802734375,9.310012817382812,2.2209930419921875,0.4604339599609375,-5.296310424804688
2022-06-20,6,1,299.45867919921875,292.9833374023437,3.426986694335937,-0.8350830078125,23.5,91304.359375,269.77203369140625,283.7149658203125,292.2337646484375,0.0036360453814268,0.010068405419588,0.013623721897602,0.77301025390625,5.724884033203125,5.15234375,1.253143310546875,-0.90570068359375,-1.4766845703125
2022-06-20,12,2,299.48907470703125,293.7489624023437,2.58306884765625,1.2165985107421875,840.0,91026.265625,269.402099609375,283.36260986328125,293.051513671875,0.0036239444743841,0.0110137574374675,0.0140837915241718,1.972900390625,7.566055297851562,7.3042144775390625,0.9830780029296876,0.3869781494140625,0.5933074951171875
2022-06-20,18,3,295.28106689453125,293.1503295898437,3.5878448486328125,0.34259033203125,45.125,91267.40625,268.849609375,283.5436706542969,290.9374084472656,0.004094511270523,0.0109524801373481,0.0140173770487308,3.298736572265625,8.2318115234375,10.270050048828123,1.9232330322265625,-1.967010498046875,-2.2724151611328125
2022-06-21,0,0,295.0018005371094,293.69940185546875,3.303955078125,0.831787109375,11.0,91103.078125,268.36639404296875,283.28076171875,289.8865661621094,0.0043569914996623,0.0092475563287734,0.0139438658952713,3.817047119140625,8.269149780273438,12.076995849609377,1.8332061767578125,-1.519439697265625,-1.2781829833984375
2022-06-21,6,1,298.9615478515625,293.3836975097656,5.2316436767578125,0.0616607666015625,81.5,91196.890625,269.1404113769531,283.23455810546875,291.32598876953125,0.0040240176022052,0.0097944810986518,0.0139748305082321,4.010513305664063,7.19976806640625,8.58026123046875,2.0093994140625,-0.8835601806640625,-0.2971038818359375
2022-06-21,12,2,297.06402587890625,294.1327514648437,3.26434326171875,0.196044921875,150.25,90997.578125,269.1361083984375,283.4847412109375,291.6669921875,0.0047128647565841,0.0090396367013454,0.0138310864567756,3.4305572509765625,9.93585205078125,10.557846069335938,4.06103515625,-0.6827545166015625,-0.2547760009765625
2022-06-21,18,3,294.4302978515625,293.0567626953125,3.3665008544921875,1.460205078125,35.75,91184.21875,268.53057861328125,284.3340148925781,290.18438720703125,0.0046452581882476,0.0076871216297149,0.0136131569743156,3.5255889892578125,11.03350830078125,11.366668701171877,4.0717620849609375,-0.76416015625,0.3209991455078125
2022-06-22,0,0,294.60858154296875,293.4427795410156,2.583740234375,1.7766265869140625,32.0,91078.453125,268.1336669921875,283.3785705566406,289.9256286621094,0.0048820115625858,0.0079243443906307,0.013587363064289,4.60137939453125,7.216796875,11.027313232421877,-0.4531707763671875,0.532257080078125,2.3824920654296875
2022-06-22,6,1,298.43768310546875,292.7240295410156,4.932525634765625,0.9277496337890624,64.5,91297.328125,269.62310791015625,283.1351928710937,291.0286865234375,0.0044596716761589,0.0083577223122119,0.0136706791818141,2.669540405273437,4.039215087890625,7.43011474609375,1.330718994140625,1.4657745361328125,0.690032958984375
2022-06-22,12,2,299.1535339355469,293.0816345214844,2.838714599609375,1.0372314453125,114.25,91156.296875,268.4830017089844,283.5030517578125,292.921875,0.0049636475741863,0.0096065998077392,0.0136707201600074,3.615081787109375,5.6756134033203125,6.987838745117188,2.1568756103515625,0.672088623046875,2.008285522460937
2022-06-22,18,3,295.23712158203125,293.12237548828125,2.8305206298828125,1.742279052734375,64.5,91425.46875,268.4981689453125,283.4750671386719,291.0923767089844,0.0045181028544902,0.009621700271964,0.0134817138314247,2.0673065185546875,5.769302368164063,9.905303955078123,1.294097900390625,2.363677978515625,2.91839599609375
2022-06-23,0,0,295.2182312011719,293.5780029296875,1.877105712890625,1.021331787109375,26.25,91222.921875,268.1099853515625,284.01531982421875,291.9103088378906,0.0047332551330327,0.0085075870156288,0.0127428285777568,1.3022918701171875,7.261093139648437,9.73944091796875,3.912261962890625,2.6816558837890625,1.297119140625
2022-06-23,6,1,298.22613525390625,292.970458984375,4.325347900390625,2.3099822998046875,116.25,91380.921875,269.04168701171875,283.28082275390625,292.07666015625,0.0042531974613666,0.0088928155601024,0.0136047601699829,0.637847900390625,6.978729248046875,7.347579956054687,3.984954833984375,0.2004852294921875,3.168701171875
2022-06-23,12,2,299.3074951171875,294.11376953125,3.17791748046875,1.83856201171875,138.25,91135.125,268.98956298828125,283.9817199707031,292.50506591796875,0.0039137187413871,0.0089000239968299,0.0143705904483795,2.358642578125,7.79510498046875,7.634857177734375,1.54864501953125,3.0028076171875,3.0178375244140625
2022-06-23,18,3,295.6358337402344,293.6462707519531,2.8643341064453125,2.3567657470703125,3.25,91353.703125,268.281982421875,284.0770874023437,291.69708251953125,0.0039924774318933,0.0089170560240745,0.0135809332132339,2.489044189453125,7.609283447265625,10.594436645507812,3.163436889648437,1.5376434326171875,3.740646362304688
2022-06-24,0,0,295.3191833496094,293.4462585449219,3.869110107421875,1.75341796875,2.75,91246.21875,268.2466125488281,283.87322998046875,291.05816650390625,0.0036800326779484,0.0082215256989002,0.0136198252439498,1.50567626953125,9.193389892578123,15.245315551757812,2.380340576171875,1.163848876953125,5.55706787109375
2022-06-24,6,1,299.8959350585937,293.2583312988281,6.3631134033203125,1.5686187744140625,92.0,91307.671875,268.97760009765625,284.03399658203125,291.86724853515625,0.0032470386940985,0.008265908807516,0.0139994733035564,2.9242706298828125,16.23785400390625,11.891357421875,1.7945098876953125,2.536605834960937,2.4503631591796875
2022-06-24,12,2,300.6933898925781,291.9786376953125,4.6439056396484375,0.8992156982421875,27.0,91025.984375,268.8837890625,284.59039306640625,292.9171142578125,0.0036523838061839,0.0094000566750764,0.0137577354907989,5.6915130615234375,14.214767456054688,9.911346435546877,3.394927978515625,0.4210968017578125,1.00860595703125
2022-06-24,18,3,295.20123291015625,292.0396728515625,3.3914031982421875,1.8057861328125,0.0,91255.859375,268.8139038085937,283.5308837890625,290.69732666015625,0.004211489111185,0.0091111809015274,0.0134183578193187,8.569732666015625,14.232315063476562,11.93170166015625,2.7765045166015625,0.83123779296875,1.9414825439453125
2022-06-25,0,0,295.312255859375,292.967041015625,4.2985687255859375,1.6025390625,0.0,91020.9375,268.81890869140625,284.1828918457031,289.957275390625,0.0041861496865749,0.0082944333553314,0.0135509856045246,9.125091552734377,13.916275024414062,15.3974609375,1.8447113037109373,-0.9443817138671876,3.302001953125
2022-06-25,6,1,298.8628845214844,292.65545654296875,6.51531982421875,1.1177978515625,40.25,91148.140625,269.07977294921875,283.6130676269531,291.9222717285156,0.0044761970639228,0.0079830214381217,0.0137645043432712,5.858795166015625,17.016586303710938,11.747421264648438,0.4663238525390625,-3.095977783203125,1.290313720703125
2022-06-25,12,2,299.0935363769531,292.9022521972656,5.024688720703125,1.801055908203125,2.75,90903.5,269.28515625,283.27001953125,291.98797607421875,0.0044532418251037,0.0077009424567222,0.0137866176664829,3.898223876953125,18.17041015625,12.957107543945312,1.1117401123046875,-2.098968505859375,2.410385131835937
2022-06-25,18,3,295.38983154296875,293.30621337890625,4.12396240234375,1.5277862548828125,7.75,91114.515625,268.7384033203125,284.1883850097656,289.9205017089844,0.0046952292323112,0.0062258467078208,0.0139993838965892,2.17596435546875,18.205642700195312,14.409698486328123,1.7452545166015625,-1.8865814208984373,2.1452789306640625
2022-06-26,0,0,295.2502136230469,292.9380187988281,4.5410003662109375,1.21234130859375,11.5,90971.859375,267.8013916015625,283.971435546875,290.12408447265625,0.0045526623725891,0.0065318644046783,0.0138831362128257,2.61041259765625,17.486953735351562,15.089340209960938,2.637786865234375,-1.2515716552734375,1.976287841796875
2022-06-26,6,1,300.17108154296875,291.831787109375,6.97271728515625,0.8450469970703125,5.0,91154.90625,267.9210205078125,282.973388671875,292.14569091796875,0.0042434185743331,0.0086149722337722,0.0134993530809879,4.6717376708984375,16.14605712890625,13.04144287109375,2.9281158447265625,-1.5364990234375,1.2674713134765625
2022-06-26,12,2,300.5666198730469,292.2577514648437,4.405242919921875,0.89776611328125,0.25,90992.59375,268.0673217773437,282.900634765625,293.5000305175781,0.0037606316618621,0.0077886618673801,0.0126745291054248,5.8833770751953125,13.34552001953125,11.043807983398438,1.8874664306640625,-1.256683349609375,1.262237548828125
2022-06-26,18,3,295.28143310546875,292.2669677734375,3.5280303955078125,1.8014373779296875,5.25,91334.359375,268.53521728515625,283.6421203613281,289.8457946777344,0.0032443334348499,0.0056042335927486,0.0138227716088294,5.97998046875,11.524856567382812,12.45428466796875,-0.0638885498046875,1.4215240478515625,2.563323974609375
2022-06-27,0,0,295.493896484375,292.9921875,3.5391998291015625,1.7542724609375,7.0,91163.296875,268.91455078125,284.1582946777344,289.3714904785156,0.0036607389338314,0.0076985508203506,0.0130187273025512,6.340988159179688,9.299102783203123,12.343734741210938,-0.2599334716796875,-0.58673095703125,3.012969970703125
2022-06-27,6,1,299.32086181640625,292.06475830078125,6.4115753173828125,1.014739990234375,4.0,91285.890625,269.6963806152344,284.63800048828125,292.04150390625,0.0027823911514133,0.0056328065693378,0.0122298188507556,5.928726196289063,11.15728759765625,12.048858642578123,-2.057220458984375,-2.06787109375,1.65631103515625
2022-06-27,12,2,299.7191467285156,292.8510131835937,3.934051513671875,0.1547393798828125,7.75,91127.203125,269.62554931640625,283.05877685546875,293.22418212890625,0.0030867008026689,0.0086735598742961,0.0131614357233047,3.19964599609375,11.504348754882812,10.283615112304688,-2.024276733398437,-2.9129180908203125,-0.3724365234375
2022-06-27,18,3,295.139892578125,292.4003601074219,3.1699676513671875,1.0437774658203125,5.5,91449.46875,268.813720703125,282.6715087890625,290.3191223144531,0.0032558019738644,0.0080563724040985,0.0134572684764862,1.283050537109375,9.484054565429688,11.391632080078123,-0.85406494140625,-1.7263946533203125,-0.4834442138671875
2022-06-28,0,0,294.369873046875,292.76336669921875,3.1417236328125,0.44964599609375,0.0,91215.03125,269.4457702636719,284.340576171875,290.13067626953125,0.0038890235591679,0.0073649138212203,0.0120261833071708,3.361328125,7.24822998046875,12.385269165039062,0.7982330322265625,-2.9180450439453125,-1.6615447998046875
2022-06-28,6,1,298.7301025390625,292.30078125,5.0069580078125,0.38446044921875,9.5,91321.25,268.65948486328125,284.36846923828125,291.7997741699219,0.004261314868927,0.006798505783081,0.0129837170243263,3.926910400390625,6.0609893798828125,9.620269775390623,0.4351654052734375,-0.7840728759765625,-0.022186279296875
2022-06-28,12,2,299.3011779785156,293.306396484375,3.189788818359375,0.0884552001953125,13.25,91081.046875,269.0558166503906,283.6629638671875,292.55255126953125,0.0039371056482195,0.0094646215438842,0.0134770218282938,5.6341552734375,7.0626220703125,8.156723022460938,0.6550750732421875,-2.2138214111328125,-0.3243255615234375
2022-06-28,18,3,295.13458251953125,293.2109069824219,2.56976318359375,0.8700408935546875,11.25,91271.484375,268.83648681640625,283.9564514160156,290.63970947265625,0.0035150703042745,0.0099053382873535,0.0142476111650466,6.512115478515625,6.937667846679688,8.863204956054688,-1.0233001708984375,-4.196044921875,-1.7482452392578125
2022-06-29,0,0,295.2517395019531,293.41412353515625,3.40252685546875,1.2297515869140625,2.0,91130.4375,269.53778076171875,282.8646850585937,290.3984375,0.0035668294876813,0.0101823918521404,0.0140754841268062,1.8873138427734373,6.738311767578125,11.387039184570312,-1.5016021728515625,-2.37078857421875,-1.4832763671875
2022-06-29,6,1,299.80523681640625,293.8741760253906,5.4607696533203125,0.29681396484375,26.5,91196.34375,269.13104248046875,283.3861389160156,292.1044006347656,0.0035150740295648,0.0100801028311252,0.0140471681952476,1.069915771484375,5.911834716796875,9.4915771484375,2.783203125,-3.4077301025390625,-0.4998626708984375
2022-06-29,12,2,298.9748229980469,294.3194274902344,4.37176513671875,1.007843017578125,415.75,90937.3125,269.4342041015625,283.98455810546875,292.4522705078125,0.0044754818081855,0.009463794529438,0.015514250844717,2.8574371337890625,9.76910400390625,11.66156005859375,3.1058807373046875,-0.3295440673828125,0.339630126953125
2022-06-29,18,3,294.8626403808594,293.25860595703125,3.63519287109375,-0.7388763427734375,0.875,91143.640625,269.7447814941406,284.60772705078125,291.0779113769531,0.0052114464342594,0.0086649134755134,0.0134759731590747,7.052413940429688,11.301589965820312,13.191909790039062,3.266937255859375,-4.088287353515625,-5.31805419921875
2022-06-30,0,0,295.0013427734375,293.53277587890625,3.095916748046875,0.8751068115234375,10.375,90988.0625,270.08453369140625,283.652587890625,289.81903076171875,0.004329752177,0.0100288391113281,0.0139241442084312,7.3850250244140625,8.572128295898438,11.676925659179688,2.02520751953125,-2.84478759765625,-1.3097076416015625
2022-06-30,6,1,298.8755798339844,293.9934387207031,4.6924591064453125,-0.3169708251953125,92.875,91160.4375,269.7591552734375,283.742431640625,291.8741760253906,0.0043474026024341,0.0097693316638469,0.0145608149468898,5.464324951171875,8.335464477539062,7.9743499755859375,2.204132080078125,-2.9267578125,-1.0798797607421875
2022-06-30,12,2,297.541748046875,294.23419189453125,3.286346435546875,1.323333740234375,605.375,90935.203125,269.91912841796875,283.85272216796875,292.6427307128906,0.0053578093647956,0.0108321569859981,0.0150207094848155,6.702316284179688,9.517349243164062,10.850875854492188,-2.32904052734375,-2.7617645263671875,0.5687255859375
2022-06-30,18,3,294.92535400390625,293.3238525390625,4.7564544677734375,0.599700927734375,3.5,91227.25,268.9026794433594,283.78680419921875,290.6375732421875,0.0047948807477951,0.010012000799179,0.0145642198622226,1.9311981201171875,11.351318359375,14.36456298828125,1.2375640869140625,-6.4598541259765625,-2.1055145263671875
2022-07-01,0,0,294.96417236328125,293.3541564941406,3.493927001953125,0.526519775390625,0.0,91077.09375,269.57879638671875,284.2245483398437,290.6474609375,0.0044905059039592,0.009968489408493,0.0141717754304409,2.49432373046875,10.4957275390625,12.932998657226562,2.3589630126953125,-4.5607452392578125,-1.9611358642578125
2022-07-01,6,1,299.6864013671875,293.4068603515625,6.69073486328125,-2.1534423828125,23.75,91194.796875,269.9503173828125,284.6363525390625,291.94830322265625,0.0041928775608539,0.0099117457866668,0.0146071091294288,2.8827056884765625,10.192123413085938,11.585372924804688,0.4550018310546875,-5.11572265625,-3.8262939453125
2022-07-01,12,2,298.6312255859375,294.4449157714844,4.097015380859375,-0.361968994140625,144.0,90949.90625,269.400146484375,284.3861389160156,292.5611572265625,0.0051173567771911,0.0107425153255462,0.0143886432051658,3.5406951904296875,10.436691284179688,12.829727172851562,-1.5727386474609375,-1.84844970703125,-2.8291015625
2022-07-01,18,3,295.341552734375,292.70416259765625,3.9829254150390634,-0.416900634765625,2.375,91219.65625,269.07733154296875,284.5992431640625,290.13946533203125,0.0044703297317028,0.0094105675816535,0.0142876021564006,2.8701324462890625,10.68243408203125,12.773193359375,-1.425628662109375,-5.327316284179688,-3.6522369384765625
2022-07-02,0,0,295.9815673828125,293.897216796875,3.4338531494140625,-0.200927734375,35.0,91045.203125,269.25311279296875,284.6829833984375,290.745849609375,0.0041178874671459,0.0096062272787094,0.0148254781961441,5.003265380859375,9.111846923828123,11.540008544921877,1.8819580078125,-5.266128540039063,-2.9015350341796875
2022-07-02,6,1,299.7213134765625,293.18359375,6.2971954345703125,-2.61358642578125,0.75,91056.171875,269.7388916015625,284.67724609375,292.4720458984375,0.0044737309217453,0.0091392155736684,0.0139708556234836,7.48388671875,8.870620727539062,10.560745239257812,0.764556884765625,-5.061187744140625,-4.4294281005859375
2022-07-02,12,2,298.8143920898437,294.437744140625,3.735809326171875,-0.473114013671875,295.0,90874.234375,270.0980529785156,284.35308837890625,292.79754638671875,0.004468947649002,0.0096232555806636,0.0143095813691616,7.540420532226562,8.496719360351562,10.634933471679688,-0.35400390625,-4.2996978759765625,-3.1001129150390625
2022-07-02,18,3,296.4118347167969,292.9935913085937,3.7266998291015625,-0.4868621826171875,52.5,91153.421875,269.3914794921875,283.8475341796875,290.6092834472656,0.0044616088271141,0.0098561830818653,0.0146471299231052,7.300628662109375,6.970916748046875,11.574005126953123,-1.4303131103515625,-4.200775146484375,-4.3736572265625
2022-07-03,0,0,296.06597900390625,293.08203125,3.946624755859375,-0.36273193359375,57.0,90982.140625,268.2140197753906,284.24151611328125,290.1783447265625,0.0048286467790603,0.0109044648706913,0.0142776034772396,5.4373626708984375,5.755096435546875,12.021881103515623,-2.997543334960937,-2.7563934326171875,-3.669189453125
2022-07-03,6,1,298.3051147460937,293.1451416015625,6.29547119140625,-1.494659423828125,9.25,91158.75,269.5263061523437,284.0457763671875,291.7237854003906,0.0046547539532184,0.0105182509869337,0.0140819735825061,3.518646240234375,8.47259521484375,11.051925659179688,-1.2094879150390625,-2.615463256835937,-2.8957977294921875
2022-07-03,12,2,298.6988830566406,294.6156616210937,4.2361602783203125,0.5618743896484375,13.75,90919.765625,269.6518859863281,283.75732421875,292.61383056640625,0.004883088171482,0.0102967657148838,0.0139240436255931,3.5214996337890625,9.682907104492188,11.44708251953125,0.9620361328125,0.3770599365234375,-0.7782440185546875
2022-07-03,18,3,295.279541015625,292.900390625,4.0809326171875,1.0309906005859375,0.25,91205.828125,268.9818725585937,284.3450927734375,289.9847412109375,0.0045950748026371,0.0094399191439151,0.0140045564621686,3.9959564208984375,11.327377319335938,13.1348876953125,3.6359710693359375,0.8873138427734375,-0.502349853515625
2022-07-04,0,0,294.90301513671875,294.1290588378906,3.8743896484375,3.1611328125,11.0,91066.0,268.5714111328125,282.8715209960937,289.93707275390625,0.0052393777295947,0.0106885395944118,0.0139621570706367,6.877609252929688,15.59814453125,14.298294067382812,1.674102783203125,-0.5630950927734375,6.7475128173828125
2022-07-04,6,1,296.6905517578125,294.0016174316406,5.919448852539063,1.0306396484375,3.875,91192.515625,269.861572265625,283.5142822265625,290.5340881347656,0.0046425200998783,0.0105187520384788,0.0145243220031261,10.12652587890625,16.98040771484375,11.69195556640625,-1.107452392578125,-4.1775970458984375,-0.54229736328125
2022-07-04,12,2,297.36114501953125,294.29443359375,3.82562255859375,-0.301910400390625,115.0,90903.765625,269.7590637207031,284.14599609375,292.0813293457031,0.0057690441608428,0.0089857168495655,0.0145693309605121,9.69085693359375,16.480621337890625,12.201873779296877,-1.1024932861328125,-0.6604156494140625,-0.7023773193359375
2022-07-04,18,3,294.5428771972656,292.7907409667969,4.7823486328125,0.4452972412109375,60.25,91174.53125,269.2767028808594,284.84033203125,289.7470092773437,0.0054691173136234,0.0087702684104442,0.0140373259782791,8.46795654296875,14.9375,15.904586791992188,-1.0353546142578125,0.218963623046875,-1.06884765625
2022-07-05,0,0,294.79351806640625,293.2095947265625,5.21893310546875,1.07940673828125,13.125,90976.84375,269.2962341308594,284.0364074707031,290.1856994628906,0.0048301704227924,0.009934939444065,0.0139181390404701,10.5032958984375,15.212265014648438,17.3668212890625,0.37017822265625,0.2837982177734375,0.380218505859375
2022-07-05,6,1,297.474365234375,293.66766357421875,7.115768432617188,0.7249908447265625,32.25,91042.515625,269.49224853515625,283.6217041015625,291.3076171875,0.0054355598986148,0.0090261995792388,0.0143659077584743,9.0096435546875,17.155807495117188,15.741851806640623,-0.3908233642578125,0.537506103515625,-0.1061859130859375
2022-07-05,12,2,295.8001403808594,293.81915283203125,5.055450439453125,0.701202392578125,73.25,90850.390625,270.4075927734375,284.10467529296875,290.51531982421875,0.0059683807194232,0.0088833905756473,0.0144375339150428,10.55401611328125,17.190322875976562,15.393646240234377,1.4857940673828125,0.5984649658203125,-0.0816192626953125
2022-07-05,18,3,293.76446533203125,293.27960205078125,4.1219329833984375,0.7751007080078125,40.0,91090.28125,269.567138671875,284.2162475585937,290.3885498046875,0.005693219602108,0.009787667542696,0.0143754053860902,11.193466186523438,17.409515380859375,15.290512084960938,-1.6672515869140625,-3.5769805908203125,-0.03851318359375
2022-07-06,0,0,295.04302978515625,293.01788330078125,5.070816040039063,0.8612518310546875,73.5,90988.828125,269.5354309082031,283.8497619628906,290.3409423828125,0.0055562555789947,0.00943199172616,0.0139411631971597,11.636703491210938,15.433517456054688,16.972381591796875,-0.023040771484375,-2.549545288085937,-0.697357177734375
2022-07-06,6,1,296.468994140625,293.744140625,6.1551513671875,0.4850616455078125,124.0,91179.859375,269.3344116210937,283.9012451171875,291.0515441894531,0.0053857751190662,0.008939903229475,0.0136206001043319,11.531021118164062,14.034530639648438,14.326797485351562,0.56329345703125,-1.9697113037109373,-0.960418701171875
2022-07-06,12,2,296.21942138671875,293.4788818359375,4.5892181396484375,1.4776611328125,124.75,91095.109375,269.2544860839844,283.89453125,290.8209228515625,0.005352328531444,0.0087409690022468,0.0139424353837966,10.047698974609377,13.28125,14.124313354492188,-2.260223388671875,-1.5027618408203125,1.0050506591796875
2022-07-06,18,3,294.33209228515625,292.7125549316406,3.7247467041015625,0.708892822265625,30.5,91354.4375,269.1259765625,282.90936279296875,290.31646728515625,0.0055673886090517,0.0105203911662101,0.0141865983605384,11.122573852539062,17.188888549804688,13.863357543945312,-3.833770751953125,-5.6747894287109375,-0.60797119140625
2022-07-07,0,0,295.0537414550781,293.321044921875,4.2365570068359375,0.9727935791015624,21.875,91243.953125,269.5827331542969,283.8423156738281,289.881103515625,0.0049462430179119,0.0083396434783935,0.013817299157381,6.3941802978515625,13.162017822265623,15.244216918945312,-0.9601287841796876,-4.04498291015625,-0.9706878662109376
2022-07-07,6,1,296.9432067871094,293.9093322753906,6.34716796875,-0.7615509033203125,179.5,91369.171875,268.8084716796875,284.00982666015625,291.3482360839844,0.0054004807025194,0.0093205273151397,0.0139670222997665,7.346542358398437,11.710205078125,14.871795654296877,-4.074508666992188,-4.669692993164063,-3.36297607421875
2022-07-07,12,2,296.50933837890625,293.1959228515625,4.528564453125,1.4727325439453125,83.5,91255.953125,269.2236022949219,282.8293151855469,290.6213684082031,0.0052240248769521,0.0098851583898067,0.0137275010347366,8.993331909179688,10.9986572265625,13.4678955078125,-1.8782196044921875,-3.272125244140625,0.287322998046875
2022-07-07,18,3,294.1806030273437,292.6170654296875,4.984542846679688,0.2925262451171875,12.5,91431.6875,269.34478759765625,283.55029296875,289.9345092773437,0.0049446113407611,0.0101066529750823,0.0137578807771205,4.6835479736328125,14.375244140625,16.457931518554688,-0.387786865234375,-4.6370391845703125,-2.5438232421875
2022-07-08,0,0,294.4188537597656,292.7113647460937,5.4217529296875,0.4893798828125,11.25,91205.96875,269.2343139648437,282.3106994628906,289.8172607421875,0.0053675547242164,0.010293498635292,0.0137349851429462,4.591720581054688,16.595733642578125,17.632553100585938,-3.6466064453125,-2.275497436523437,-0.539703369140625
2022-07-08,6,1,296.5047607421875,292.9173278808594,7.770339965820312,-1.462371826171875,21.375,91325.0625,269.37261962890625,283.51824951171875,290.68463134765625,0.005360621958971,0.0086342766880989,0.0136293359100818,4.258514404296875,17.92315673828125,16.785751342773438,-0.4474639892578125,-3.5324249267578125,-4.78643798828125
2022-07-08,12,2,296.9091186523437,293.60302734375,5.154067993164063,-1.1889190673828125,5.375,91101.421875,269.4176025390625,283.0807189941406,291.0791015625,0.0052922368049621,0.0094231311231851,0.0137276547029614,10.25970458984375,15.111068725585938,14.44183349609375,0.6801910400390625,-1.80645751953125,-4.4473724365234375
2022-07-08,18,3,294.2926025390625,293.13189697265625,3.953414916992188,0.898895263671875,38.125,91270.0,269.2430419921875,283.55328369140625,290.32183837890625,0.0055065676569938,0.0097634941339492,0.0144766494631767,10.42999267578125,17.555221557617188,14.234786987304688,-0.48175048828125,-4.823577880859375,-1.174957275390625
2022-07-09,0,0,294.81134033203125,293.24169921875,4.433135986328125,0.4301300048828125,67.75,91021.078125,269.3249206542969,283.5904541015625,289.7592163085937,0.0054580122232437,0.0083876773715019,0.0139250010251998,10.69757080078125,15.522857666015623,15.11212158203125,-1.435272216796875,-4.740493774414063,-2.471298217773437
2022-07-09,6,1,296.7626342773437,294.06597900390625,6.2227783203125,-0.4744873046875,61.0,91143.28125,269.2783508300781,283.4228515625,290.82763671875,0.0054140873253345,0.0079183541238307,0.013610465452075,12.583663940429688,14.10333251953125,17.902191162109375,-2.9270477294921875,-4.877609252929688,-4.67803955078125
2022-07-09,12,2,295.7048034667969,293.465087890625,5.97332763671875,0.1436920166015625,109.0,90946.75,269.07110595703125,283.33453369140625,290.7539367675781,0.0050580278038978,0.0097882263362407,0.0141606871038675,16.094207763671875,17.082122802734375,17.410690307617188,-2.6941680908203125,-3.0669708251953125,-1.4393157958984375
2022-07-09,18,3,294.2481384277344,292.87408447265625,5.7934417724609375,-0.39593505859375,2.0,91148.296875,269.28826904296875,283.3038635253906,289.4935913085937,0.0045211631804704,0.0079070851206779,0.0136060826480388,14.452728271484377,18.996566772460938,17.974334716796875,-1.2473602294921875,-7.0860443115234375,-3.5902252197265625
2022-07-10,0,0,294.6523132324219,292.9241943359375,5.044967651367188,0.4444122314453125,14.5,91046.53125,268.49530029296875,282.60223388671875,289.8995056152344,0.0048103705048561,0.009041141718626,0.0140035077929496,15.139602661132812,18.68470764160156,15.928543090820312,-2.084213256835937,-7.30908203125,-1.93798828125
2022-07-10,6,1,297.5855712890625,293.9892578125,7.654190063476562,-1.1157073974609375,51.5,91167.234375,268.9190979003906,283.27099609375,290.97637939453125,0.0049089975655078,0.0081802122294902,0.0138495713472366,11.266220092773438,18.50579833984375,15.30731201171875,1.2165374755859375,-7.522323608398437,-3.394195556640625
2022-07-10,12,2,296.974609375,294.34576416015625,4.89788818359375,-0.856719970703125,204.5,91055.71875,269.0872497558594,282.9700622558594,290.72515869140625,0.0052586421370506,0.0079741440713405,0.0141797661781311,10.608749389648438,18.915283203125,15.01861572265625,0.815155029296875,-7.007369995117188,-4.153594970703125
2022-07-10,18,3,294.45465087890625,293.10260009765625,5.1778564453125,0.6237640380859375,31.0,91301.6875,268.6864929199219,283.5411376953125,289.78485107421875,0.0051119364798069,0.0069062374532222,0.0139679200947284,13.899826049804688,16.79736328125,17.160552978515625,0.216827392578125,-8.124496459960938,-1.7019805908203125
2022-07-11,0,0,294.82452392578125,293.0477905273437,4.9984130859375,0.436920166015625,18.0,91194.125,268.6615905761719,282.8865966796875,289.6849975585937,0.0047498196363449,0.007932636886835,0.0139494705945253,14.163299560546877,16.408920288085938,15.771575927734377,-0.7798919677734375,-6.994888305664063,-2.175628662109375
2022-07-11,6,1,296.86932373046875,293.3067626953125,5.819122314453125,-0.6311492919921875,260.75,91393.21875,268.72674560546875,282.5672607421875,289.92193603515625,0.0053213434293866,0.008546981960535,0.0133681502193212,12.20111083984375,18.13372802734375,17.796722412109375,-2.615142822265625,-7.264236450195312,-4.5943756103515625
2022-07-11,12,2,296.26727294921875,294.1435241699219,5.0836944580078125,-0.1106414794921875,180.25,91236.484375,268.4476928710937,282.7066345214844,290.736083984375,0.0050249621272087,0.0078632272779941,0.0136749781668186,15.184539794921877,19.580841064453125,16.245086669921875,-1.8402862548828125,-4.259552001953125,-3.1570587158203125
2022-07-11,18,3,294.2540283203125,292.940673828125,5.076904296875,1.3986053466796875,24.5,91424.421875,269.1223449707031,282.616943359375,289.89483642578125,0.004251280799508,0.007310464978218,0.0138903707265853,13.176254272460938,19.06231689453125,17.34088134765625,-2.2186737060546875,-5.50933837890625,0.02276611328125
2022-07-12,0,0,294.3369445800781,292.5675048828125,5.6684112548828125,0.6597900390625,2.0,91268.34375,268.4366455078125,282.76025390625,288.88800048828125,0.0040448126383125,0.0084346942603588,0.0131186731159687,12.4002685546875,19.317886352539062,17.57635498046875,-2.2307891845703125,-3.3513336181640625,-1.057952880859375
2022-07-12,6,1,299.8926086425781,292.1026916503906,8.121200561523438,-0.1207733154296875,9.0,91306.15625,268.97381591796875,283.30718994140625,291.28973388671875,0.0036745676770806,0.0082168169319629,0.0129845514893531,14.1676025390625,19.718414306640625,15.245376586914062,0.863006591796875,-4.4249267578125,-1.01312255859375
2022-07-12,12,2,298.49188232421875,292.9520874023437,6.0908050537109375,0.326202392578125,2.25,91068.90625,269.5436096191406,283.1791381835937,291.5823059082031,0.0036358931101858,0.0083735957741737,0.0134621951729059,18.54034423828125,18.92523193359375,14.77386474609375,-0.581756591796875,-3.77813720703125,-0.5376434326171875
2022-07-12,18,3,295.11505126953125,292.15533447265625,6.0926361083984375,0.3596343994140625,1.5,91289.453125,269.4755859375,283.0837097167969,289.57720947265625,0.0046363659203052,0.0089887604117393,0.0135890394449234,16.894668579101562,20.56768798828125,18.44683837890625,-1.9620208740234373,-5.77130126953125,-1.3292694091796875
2022-07-13,0,0,295.02490234375,292.4432067871094,5.664077758789063,1.1456756591796875,4.875,91063.609375,269.576171875,282.5343017578125,289.101318359375,0.0051396712660789,0.0089578852057456,0.0132848434150218,17.780975341796875,23.237380981445312,17.512786865234375,-1.579803466796875,-2.058090209960937,0.29559326171875
2022-07-13,6,1,297.4324951171875,292.351806640625,9.45867919921875,0.8196563720703125,0.25,91117.65625,268.9608764648437,283.1066589355469,290.8019714355469,0.004718828946352,0.0094215795397758,0.0132995899766683,17.234481811523438,23.732925415039062,16.8985595703125,-2.5359039306640625,-1.8651885986328125,1.10699462890625
2022-07-13,12,2,296.411376953125,292.9310302734375,6.769378662109375,-0.1562957763671875,69.875,90902.234375,269.11199951171875,283.251220703125,290.60858154296875,0.0053296498954296,0.0083410330116748,0.0138760954141616,18.9765625,21.153472900390625,18.08949279785156,-0.5572967529296875,-4.5801544189453125,-1.6434173583984375
2022-07-13,18,3,294.2518310546875,292.30548095703125,5.92523193359375,1.2247314453125,9.125,91112.953125,269.6431579589844,282.9469299316406,289.334228515625,0.0045586079359054,0.0089576840400695,0.0135554037988185,18.302642822265625,22.75410461425781,18.702850341796875,-0.7438201904296875,-3.9058685302734375,0.9793701171875
2022-07-14,0,0,294.79217529296875,292.4603271484375,6.076904296875,1.4356689453125,2.75,90865.671875,269.7406005859375,282.5269775390625,289.754150390625,0.0041254106909036,0.0091951079666614,0.0137233920395374,16.491806030273438,24.70858764648437,18.788253784179688,-3.598495483398437,-5.053070068359375,1.83734130859375
2022-07-14,6,1,298.03533935546875,293.4638977050781,9.474212646484377,1.3376007080078125,25.75,90987.515625,269.9013061523437,282.4071044921875,291.4288330078125,0.0049644857645034,0.0093688070774078,0.0135040692985057,14.576019287109377,20.964096069335938,18.82406616210937,-2.166412353515625,-2.7030181884765625,2.054779052734375
2022-07-14,12,2,297.33306884765625,292.4296569824219,6.918380737304688,1.361114501953125,12.625,90813.875,270.1679992675781,282.8080749511719,291.0426025390625,0.0047798715531826,0.0092512406408786,0.0133272856473922,14.152206420898438,20.935104370117188,18.464279174804688,-1.3717041015625,-2.418930053710937,2.250335693359375
2022-07-14,18,3,294.5401306152344,292.23736572265625,5.80792236328125,1.8280181884765625,13.5,91088.3125,270.4630126953125,282.63751220703125,289.7192687988281,0.0042405426502227,0.0086704492568969,0.0135526210069656,9.214599609375,21.48388671875,17.623550415039062,-1.395416259765625,-1.261322021484375,3.0719451904296875
2022-07-15,0,0,294.8312072753906,292.04791259765625,5.764862060546875,1.4825286865234375,9.75,90909.734375,270.47955322265625,283.15924072265625,289.3778991699219,0.0030388953164219,0.0082717137411236,0.0134138241410255,5.026947021484375,21.0491943359375,17.427597045898438,2.2416534423828125,-0.160980224609375,1.8531341552734373
2022-07-15,6,1,298.21466064453125,292.2520751953125,6.70416259765625,0.7575225830078125,65.875,91140.578125,269.50738525390625,283.1265563964844,291.5419921875,0.0024949978105723,0.0092646777629852,0.0139889977872371,5.929656982421875,18.373519897460938,14.389053344726562,-1.4406585693359375,-1.37548828125,0.8116455078125
2022-07-15,12,2,298.6954040527344,292.8755187988281,4.92706298828125,0.9823760986328124,0.0,90995.71875,269.47705078125,283.483642578125,291.40386962890625,0.0041284887120127,0.0091889090836048,0.0134040936827659,8.769424438476562,17.847930908203125,14.099212646484377,-0.8592071533203125,-3.226547241210937,0.0745849609375
2022-07-15,18,3,294.85577392578125,292.5590209960937,4.577804565429688,0.827911376953125,10.25,91218.203125,270.2904968261719,284.1010437011719,289.89569091796875,0.0034151328727602,0.0090462863445281,0.0140492059290409,4.9527130126953125,16.985946655273438,15.07550048828125,-1.248260498046875,-4.3521728515625,-0.5584716796875
2022-07-16,0,0,295.2492370605469,293.097900390625,4.5103912353515625,1.250213623046875,23.0,91053.171875,269.5619812011719,284.3682556152344,290.2261962890625,0.0043130060657858,0.0089006461203098,0.014367938041687,5.1991119384765625,17.5968017578125,14.841690063476562,-2.5825958251953125,-2.87884521484375,0.56280517578125
2022-07-16,6,1,299.0767822265625,293.84381103515625,7.417587280273437,0.0836334228515625,62.75,91172.625,268.5604858398437,283.7637023925781,292.13525390625,0.0043383128941059,0.0099926963448524,0.0143481716513633,4.963897705078125,15.395584106445312,13.525131225585938,0.107421875,-2.431060791015625,-0.12518310546875
2022-07-16,12,2,295.93328857421875,293.7662353515625,4.1884765625,0.2755889892578125,156.0,91084.953125,269.2040405273437,283.7535400390625,291.02655029296875,0.0048881098628044,0.0114212129265069,0.0144640430808067,6.652008056640625,18.0577392578125,13.570892333984377,-0.27374267578125,-2.5718536376953125,-1.6396942138671875
2022-07-16,18,3,294.36968994140625,292.8656005859375,3.752777099609375,1.3186798095703125,7.5,91331.046875,268.9718017578125,284.31207275390625,290.3143005371094,0.0046206638216972,0.0092991404235363,0.0145513042807579,4.2421417236328125,16.460784912109375,14.567535400390623,-0.6905517578125,-1.601898193359375,0.6094512939453125
2022-07-17,0,0,295.7640380859375,293.994873046875,4.78216552734375,-0.6262054443359375,59.75,91120.25,268.97955322265625,285.45904541015625,290.5678405761719,0.0052853226661682,0.0086720138788223,0.014381468296051,4.3976593017578125,13.807830810546877,15.363327026367188,0.8838348388671875,-0.67230224609375,-3.624755859375
2022-07-17,6,1,298.81494140625,294.0063781738281,5.9007720947265625,-1.8061981201171875,52.25,91277.671875,268.7523498535156,284.6283569335937,291.65576171875,0.0049202851951122,0.0100132301449775,0.014041144400835,6.6545257568359375,11.04266357421875,11.88641357421875,1.20794677734375,-1.585113525390625,-4.7353363037109375
2022-07-17,12,2,298.6214904785156,294.58612060546875,3.68060302734375,0.322845458984375,412.0,91136.234375,268.7487487792969,283.6744384765625,292.6392822265625,0.0044032279402017,0.0111502334475517,0.014273565262556,5.544357299804688,10.108566284179688,10.90057373046875,2.2520751953125,-1.21405029296875,-2.213287353515625
2022-07-17,18,3,295.0037841796875,293.31475830078125,3.585922241210937,0.8446807861328125,25.25,91334.015625,268.5092468261719,284.43365478515625,290.8062744140625,0.0042295809835195,0.0101364329457283,0.0147143639624118,5.96881103515625,8.933502197265625,13.110198974609377,2.6646270751953125,-0.69580078125,-1.0883026123046875
2022-07-18,0,0,295.10748291015625,293.5336303710937,3.701416015625,0.24993896484375,73.0,91181.65625,268.79510498046875,284.05548095703125,290.41864013671875,0.0041563920676708,0.0099986121058464,0.0144982822239398,5.214996337890625,8.837387084960938,12.628204345703123,4.883453369140625,-0.6593475341796875,-2.608917236328125
2022-07-18,6,1,297.85797119140625,293.20703125,5.60260009765625,-1.302978515625,44.625,91359.484375,268.4769287109375,283.9637756347656,291.30841064453125,0.0045919846743345,0.0096618793904781,0.0139245986938476,4.1793060302734375,6.6263580322265625,10.199188232421877,5.37774658203125,-0.51544189453125,-2.8023681640625
2022-07-18,12,2,297.5584716796875,294.1108703613281,2.085479736328125,0.486114501953125,124.75,91215.5,268.8191223144531,283.1919250488281,291.501708984375,0.0047095268964767,0.0097336769104003,0.0137700401246547,7.1957550048828125,7.546707153320312,8.35699462890625,5.737808227539063,-0.640777587890625,-2.2290802001953125
2022-07-18,18,3,294.52490234375,293.13214111328125,2.8861236572265625,1.16180419921875,42.25,91387.078125,269.22369384765625,283.7772216796875,290.6182861328125,0.0051560793071985,0.0096241012215614,0.0134355574846267,6.533966064453125,4.3033294677734375,9.113616943359377,4.168060302734375,-0.0419921875,-2.0892791748046875
2022-07-19,0,0,294.4637451171875,293.3216857910156,2.51300048828125,0.46185302734375,0.0,91231.671875,269.8744812011719,283.70562744140625,291.6182861328125,0.0038573262281715,0.0094947293400764,0.0124423094093799,4.360931396484375,0.8489837646484375,9.571197509765623,3.4329833984375,1.57025146484375,-0.2647247314453125
2022-07-19,6,1,298.71795654296875,293.4642944335937,3.816818237304688,-0.7633209228515625,4.25,91413.21875,270.27545166015625,283.31414794921875,290.4950256347656,0.0036721054930239,0.0099212601780891,0.0137494839727878,-0.37158203125,1.7263946533203125,5.387863159179688,6.9564208984375,0.5059661865234375,-1.183319091796875
2022-07-19,12,2,301.1029663085937,293.99005126953125,1.9752655029296875,-0.812530517578125,64.5,91061.15625,270.59814453125,284.1668701171875,293.9958801269531,0.0022458545863628,0.0087367706000804,0.0141641944646835,-1.189788818359375,1.47344970703125,2.9842681884765625,5.6649932861328125,0.7945709228515625,-1.897430419921875
2022-07-19,18,3,295.8604736328125,294.205078125,2.2655181884765625,-0.481414794921875,45.5,91363.09375,269.6768798828125,283.6678466796875,292.3314819335937,0.0023194269742816,0.0087493862956762,0.0144433733075857,0.1841888427734375,0.0891876220703125,4.955535888671875,3.3791961669921875,0.6507568359375,-2.476654052734375
2022-07-20,0,0,295.4873046875,293.5919189453125,2.005340576171875,-1.6489715576171875,2.25,91282.265625,269.8350830078125,283.05303955078125,291.8248291015625,0.0023399349302053,0.0081876702606678,0.0133973956108093,0.667999267578125,1.070098876953125,4.0277862548828125,1.0725860595703125,0.6807708740234375,-4.433929443359375
2022-07-20,6,1,300.0541381835937,293.3452453613281,2.1393280029296875,-1.6932525634765625,8.5,91347.109375,270.4323425292969,284.4508056640625,292.829833984375,0.0021077967248857,0.0085212625563144,0.0137020479887723,0.51910400390625,0.1192779541015625,2.929046630859375,0.5596466064453125,1.6410369873046875,-2.795928955078125
2022-07-20,12,2,299.2065124511719,294.87384033203125,1.5411529541015625,-0.4339599609375,637.25,91117.984375,269.3920288085937,283.7864685058594,293.3926086425781,0.0039571346715092,0.009382352232933,0.0141417495906353,-0.8488006591796875,1.886505126953125,2.8570556640625,-2.014556884765625,0.13873291015625,-3.463226318359375
2022-07-20,18,3,295.264892578125,293.8866882324219,2.29010009765625,-0.11627197265625,112.75,91426.84375,268.9696044921875,282.9389343261719,291.40338134765625,0.0040221977978944,0.0093826539814472,0.0145985372364521,-0.6891937255859375,2.483978271484375,7.276824951171875,-1.706390380859375,-0.274505615234375,-4.78045654296875
2022-07-21,0,0,295.31005859375,293.7279052734375,2.6473541259765625,-0.6412811279296875,3.25,91208.546875,268.61993408203125,284.868408203125,291.6639404296875,0.0036693713627755,0.0090855658054351,0.0131278727203607,-1.7710113525390625,2.939315795898437,5.573776245117188,-1.0219879150390625,-0.335235595703125,-5.4795684814453125
2022-07-21,6,1,298.83447265625,293.1220703125,3.1917266845703125,-2.670074462890625,0.0,91345.40625,268.9164428710937,283.19952392578125,291.64654541015625,0.0035215993411839,0.0101586803793907,0.0135413967072963,-0.31768798828125,1.3057861328125,5.098876953125,1.2149200439453125,-1.2660064697265625,-4.481719970703125
2022-07-21,12,2,300.3592529296875,293.8770751953125,2.205169677734375,-1.49053955078125,321.25,91065.90625,269.11834716796875,284.2583312988281,293.704345703125,0.0033102345187216,0.0097542516887187,0.0146296210587024,-0.23712158203125,2.2598876953125,4.2647857666015625,-0.09136962890625,-1.48394775390625,-4.3643798828125
2022-07-21,18,3,295.6697082519531,293.3468322753906,2.3302154541015625,0.6351776123046875,197.0,91435.46875,269.26910400390625,283.08770751953125,291.5171203613281,0.0029653736855834,0.010371621698141,0.0143177881836891,2.05316162109375,1.0515289306640625,6.451690673828125,-2.95220947265625,-2.2716064453125,-4.816207885742188
2022-07-22,0,0,294.6957397460937,293.5699462890625,2.8472137451171875,-1.10736083984375,15.0,91263.484375,268.62762451171875,283.3408203125,291.1164855957031,0.0034662617836147,0.0106147564947605,0.013311643153429,1.808624267578125,0.693389892578125,6.36212158203125,-2.680419921875,2.1586151123046875,-4.3423919677734375
2022-07-22,6,1,296.689697265625,293.322509765625,2.744903564453125,-2.390960693359375,80.0,91388.21875,267.9827880859375,283.1240234375,290.8007202148437,0.003669774159789,0.0106994584202766,0.0139800123870372,1.9549560546875,3.6513824462890634,4.964202880859375,0.6961822509765625,0.6310577392578125,-4.290496826171875
2022-07-22,12,2,298.54180908203125,293.9136962890625,2.996856689453125,-0.405609130859375,133.5,91143.984375,268.7392272949219,283.37078857421875,292.1044311523437,0.0037052959669381,0.0094595402479171,0.0142339952290058,3.5205841064453125,5.871673583984375,6.1102142333984375,-0.57025146484375,-0.2850341796875,-1.525726318359375
2022-07-22,18,3,295.00946044921875,293.71014404296875,1.9759063720703125,0.61236572265625,154.125,91374.3125,267.3953857421875,284.01104736328125,290.859619140625,0.0041827429085969,0.0086551047861576,0.0142190419137477,4.457077026367188,4.831710815429688,7.73431396484375,0.5579986572265625,-1.1307525634765625,-2.637680053710937
2022-07-23,0,0,294.6791076660156,293.390869140625,2.409942626953125,0.1282806396484375,6.0,91221.71875,268.3627319335937,282.93170166015625,290.88201904296875,0.0037040140014141,0.0083248391747474,0.0120289474725723,5.3287506103515625,6.472869873046875,8.988067626953125,0.82159423828125,-2.4900360107421875,-4.97711181640625
2022-07-23,6,1,297.9627685546875,292.9476928710937,4.792510986328125,-1.1356658935546875,16.0,91307.59375,268.09637451171875,283.777587890625,291.2321472167969,0.0039597162976861,0.0074184089899063,0.0133006870746612,4.8921661376953125,6.683807373046875,8.0753173828125,2.693389892578125,-0.9102325439453124,-2.4286651611328125
2022-07-23,12,2,298.78741455078125,294.4226989746094,3.0879669189453125,-0.445648193359375,127.0,91079.8125,268.06298828125,283.0773010253906,291.87115478515625,0.0050059854984283,0.0087133571505546,0.0137903057038784,7.557464599609375,8.595443725585938,8.6318359375,1.6631927490234375,-2.034423828125,-3.26190185546875
2022-07-23,18,3,294.19390869140625,293.2640991210937,2.486175537109375,0.628631591796875,8.75,91352.65625,268.3396911621094,283.20806884765625,290.3780517578125,0.004413403570652,0.0078276079148054,0.0136436112225055,8.27813720703125,7.083892822265625,8.229690551757812,0.7160186767578125,-1.51446533203125,-1.1334075927734375
2022-07-24,0,0,294.57147216796875,292.9462280273437,3.4967498779296875,0.664093017578125,10.625,91201.0,268.11395263671875,283.32958984375,289.29986572265625,0.0046283341944217,0.0080335959792137,0.0130877457559108,7.329132080078125,8.028518676757812,10.95220947265625,-1.2882843017578125,-2.0130157470703125,-1.1251983642578125
2022-07-24,6,1,298.65582275390625,292.56561279296875,5.3665618896484375,-1.504058837890625,26.0,91332.625,268.1749267578125,283.407470703125,291.2099609375,0.0048727020621299,0.0083118937909603,0.0133814178407192,6.3199462890625,8.759811401367188,9.240036010742188,-1.9889068603515625,-2.286849975585937,-2.8808135986328125
2022-07-24,12,2,299.0068054199219,293.11492919921875,2.9604949951171875,-0.551422119140625,54.5,91139.203125,268.4791564941406,282.9428405761719,292.275146484375,0.0052461884915828,0.0080443583428859,0.0132363997399806,4.0601806640625,8.12823486328125,7.736663818359375,-1.3563232421875,-2.2633819580078125,-2.24542236328125
2022-07-24,18,3,295.15679931640625,292.7833557128906,2.506866455078125,-0.94769287109375,26.0,91416.984375,268.49285888671875,283.22369384765625,290.90411376953125,0.0050524845719337,0.0072532407939434,0.0128855369985103,2.416595458984375,6.8482513427734375,8.652587890625,-1.854461669921875,-3.55364990234375,-3.00079345703125
2022-07-25,0,0,294.68035888671875,293.1036376953125,2.794052124023437,-0.9277191162109376,1.75,91273.71875,268.27166748046875,283.3572998046875,290.1121826171875,0.0048682801425457,0.0059360358864068,0.0124001018702983,0.4979705810546875,6.995025634765625,10.663864135742188,-0.6501617431640625,-2.1982879638671875,-6.4630279541015625
2022-07-25,6,1,298.2465209960937,292.3673095703125,4.3021392822265625,-2.1480712890625,8.625,91431.203125,267.9501647949219,283.1202697753906,291.58380126953125,0.0048246569931507,0.0065269581973552,0.0127019602805376,-0.3926239013671875,6.478118896484375,7.638580322265625,0.1009368896484375,-4.278167724609375,-4.799560546875
2022-07-25,12,2,299.6552124023437,294.31304931640625,2.0437469482421875,-0.6534423828125,173.25,91137.09375,268.7120361328125,283.3878173828125,292.6009216308594,0.0044780597090721,0.0075697675347328,0.0138430371880531,-0.0763702392578125,4.96734619140625,5.98779296875,-1.9909515380859373,-4.2392425537109375,-3.60040283203125
2022-07-25,18,3,295.49005126953125,292.88134765625,1.4455108642578125,-0.320587158203125,65.75,91496.65625,267.4940795898437,282.80401611328125,291.3124389648437,0.0047585181891918,0.0083486251533031,0.01351785287261,-3.357894897460937,2.7948760986328125,6.08489990234375,-3.7695465087890634,-3.564804077148437,-2.7649688720703125
2022-07-26,0,0,294.59552001953125,292.90435791015625,2.0540008544921875,-0.1557464599609375,45.0,91396.515625,268.1068420410156,281.90167236328125,290.5870361328125,0.0047611109912395,0.0087013198062777,0.0129973106086254,-5.59521484375,2.9838409423828125,7.0829620361328125,-2.7563934326171875,-1.2869720458984375,-4.169677734375
2022-07-26,6,1,297.9494323730469,293.8133544921875,2.9726104736328125,-3.323837280273437,6.5,91494.890625,268.28155517578125,282.720458984375,290.5490417480469,0.0038026007823646,0.0083486437797546,0.0132401585578918,-10.2283935546875,2.546600341796875,4.860641479492188,-1.0859832763671875,-1.330780029296875,-6.09014892578125
2022-07-26,12,2,298.26531982421875,293.3138732910156,0.701812744140625,-1.2508544921875,179.5,91274.671875,268.634033203125,282.6457214355469,292.0865173339844,0.0048019923269748,0.0081011652946472,0.0131019949913024,-4.254791259765625,1.1097259521484375,2.9935760498046875,1.441925048828125,-2.753692626953125,-6.187667846679688
2022-07-26,18,3,295.02313232421875,293.3408508300781,1.17901611328125,-1.2185211181640625,55.25,91453.671875,268.8494873046875,282.9345703125,290.8680114746094,0.0037469207309186,0.0087279751896858,0.0137580949813127,-7.80615234375,-0.5621337890625,2.1523590087890625,3.30767822265625,-2.8154449462890625,-4.976974487304688
2022-07-27,0,0,294.70477294921875,293.25634765625,1.1060638427734375,-1.312103271484375,0.0,91307.90625,267.954833984375,282.0117492675781,290.05035400390625,0.0042698457837104,0.0096490830183029,0.0134628787636756,-8.487884521484375,-2.472198486328125,0.8684844970703125,3.771209716796875,-0.0002899169921875,-4.6029815673828125
2022-07-27,6,1,299.4636535644531,294.0522155761719,0.6099395751953125,-1.3538360595703125,1088.5,91418.8125,268.3446655273437,283.2795104980469,290.7650146484375,0.0029700212180614,0.0091343782842159,0.013878796249628,-10.7166748046875,-1.814727783203125,-0.3596954345703125,7.0700531005859375,-0.1687774658203125,-3.203842163085937
2022-07-27,12,2,299.1089172363281,295.1234741210937,-1.19512939453125,-0.0977935791015625,568.5,91107.3125,269.4204406738281,283.4297790527344,292.9609069824219,0.0032732642721384,0.0101032853126525,0.0146082304418087,-7.979522705078125,-3.89495849609375,-4.511199951171875,4.273727416992188,1.7855987548828125,-0.8700714111328125
2022-07-27,18,3,295.4138488769531,294.416015625,-0.41912841796875,0.1741790771484375,303.25,91476.0625,268.4016418457031,283.08221435546875,291.35308837890625,0.0030749249272048,0.009855855256319,0.0146506130695343,-9.782958984375,-3.4039764404296875,-2.2944793701171875,3.275741577148437,2.7758026123046875,4.868331909179688
2022-07-28,0,0,295.3302001953125,294.176513671875,0.4274444580078125,-0.3751220703125,20.75,91323.953125,268.3880310058594,283.9101867675781,290.57354736328125,0.0023227306082844,0.0079986862838268,0.0140072256326675,-11.698776245117188,-3.658157348632813,0.4927520751953125,2.844146728515625,3.368743896484375,1.7262725830078125
2022-07-28,6,1,300.284912109375,294.1210327148437,-1.0951385498046875,0.4536285400390625,77.25,91461.8125,268.1366577148437,284.05322265625,292.3231811523437,0.002741489559412,0.0076343566179275,0.0139038302004337,-12.707183837890623,-4.058319091796875,-1.913909912109375,1.5018768310546875,1.6266326904296875,0.3366241455078125
2022-07-28,12,2,301.51129150390625,294.6669921875,-0.2869110107421875,0.05950927734375,684.25,91152.140625,269.13525390625,283.78729248046875,294.52349853515625,0.00247856345959,0.008846428245306,0.0147993303835392,-11.62506103515625,-4.1143341064453125,-0.78131103515625,0.7480621337890625,-0.3898468017578125,-0.363311767578125
2022-07-28,18,3,295.8831787109375,294.4931640625,-0.5375823974609375,0.2233734130859375,500.0,91579.3125,267.7376708984375,283.77020263671875,291.7957763671875,0.0033279950730502,0.0082636922597885,0.0141856707632541,-8.330307006835938,-2.214263916015625,-2.529693603515625,0.67156982421875,0.2540435791015625,1.2091217041015625
2022-07-29,0,0,295.455322265625,293.8536376953125,-0.1533050537109375,-0.721923828125,128.25,91397.140625,267.3251953125,282.9684143066406,292.0528564453125,0.0026421451475471,0.0082298517227172,0.0135896168649196,-6.038360595703125,-3.82830810546875,-0.0078887939453125,-0.047637939453125,-2.35662841796875,-0.3158721923828125
2022-07-29,6,1,301.75592041015625,294.83740234375,-1.4598388671875,-0.410919189453125,864.25,91420.703125,267.65069580078125,284.3524780273437,293.2723999023437,0.0023351039271801,0.0073653608560562,0.0145981311798095,-4.577072143554688,-4.8880615234375,-2.30322265625,-3.5483551025390625,-2.1156005859375,-0.8173980712890625
2022-07-29,12,2,300.8960266113281,295.6881103515625,-0.93048095703125,1.831268310546875,2017.0,91137.5,269.2444152832031,283.8655700683594,294.160400390625,0.0023785892408341,0.009021908044815,0.0153114907443523,-5.8351898193359375,-4.4649810791015625,-2.3761749267578125,-5.475830078125,-3.833984375,2.861602783203125
2022-07-29,18,3,295.6867370605469,294.0594177246094,1.1383819580078125,-1.47198486328125,427.0,91430.609375,268.4547119140625,283.74371337890625,292.2601318359375,0.003065723227337,0.0087653398513793,0.0152315497398376,-6.304489135742188,-4.887908935546875,0.4284210205078125,-3.3052215576171875,-2.3353271484375,2.343368530273437
2022-07-30,0,0,295.4209899902344,293.87078857421875,1.1591644287109375,-0.914093017578125,147.25,91333.765625,268.5738830566406,282.9096069335937,290.91973876953125,0.0026559033431112,0.0081295073032379,0.0137547627091407,-3.818923950195313,-3.962188720703125,3.703704833984375,-1.0153961181640625,-2.5536346435546875,-1.87762451171875
2022-07-30,6,1,300.44677734375,294.8450927734375,1.6275482177734375,-1.207794189453125,1984.375,91377.84375,268.8309936523437,283.7793273925781,291.9472351074219,0.0021279386710375,0.0077715888619422,0.0148061476647853,-5.9169921875,-3.085662841796875,2.0355987548828125,-0.86175537109375,-2.201141357421875,-2.759872436523437
2022-07-30,12,2,300.8570861816406,294.8917541503906,-0.3534393310546875,0.032440185546875,1411.75,90979.78125,269.5689392089844,284.1478881835937,294.9516906738281,0.00443846732378,0.0083009302616119,0.0151180811226367,-5.450729370117188,-3.205673217773437,1.161712646484375,-2.2009429931640625,-2.8443756103515625,-3.4109344482421875
2022-07-30,18,3,294.9845886230469,293.83953857421875,-0.275848388671875,0.620330810546875,867.25,91333.84375,268.9354858398437,283.3883361816406,290.8735656738281,0.0050763227045536,0.008666556328535,0.0150563567876815,-5.757415771484375,1.05145263671875,2.39752197265625,0.3709259033203125,-3.26068115234375,-0.79681396484375
2022-07-31,0,0,296.06256103515625,294.48486328125,0.96368408203125,-0.132659912109375,188.0,91107.609375,269.1344299316406,283.4052124023437,291.3988647460937,0.0040352442301809,0.0090326890349388,0.0147504247725009,-6.0969085693359375,-1.382293701171875,2.36865234375,0.9526214599609376,-2.9962158203125,-5.6303253173828125
2022-07-31,6,1,300.8240051269531,294.510009765625,0.8335723876953125,-1.756072998046875,1197.5,91224.671875,269.8340148925781,283.3197631835937,292.1542053222656,0.0033261913340538,0.0092598237097263,0.0155674070119857,-6.6772308349609375,-2.1470947265625,0.717620849609375,-0.2968292236328125,-2.7980499267578125,-3.0447235107421875
2022-07-31,12,2,299.97772216796875,295.1922607421875,0.498687744140625,-1.271026611328125,1210.75,90888.875,269.2445068359375,284.2291259765625,293.9559020996094,0.005036786198616,0.0089726075530052,0.0148090310394763,-5.989517211914063,-1.397552490234375,1.3488311767578125,-0.196197509765625,-1.849151611328125,-4.1782989501953125
2022-07-31,18,3,296.0360717773437,294.9906921386719,0.862548828125,0.2652587890625,563.5,91264.578125,269.1080322265625,282.7804870605469,291.14215087890625,0.0054217055439949,0.0095249898731708,0.0149084143340587,-7.168472290039063,-2.7661285400390625,3.1668853759765625,-0.19390869140625,-2.6420135498046875,-3.2288818359375
2022-08-01,0,0,295.4405517578125,294.3599853515625,1.3626861572265625,-0.6885986328125,149.75,91126.40625,269.3293762207031,283.7644348144531,290.9358825683594,0.0047006420791149,0.0082733854651451,0.0148204043507575,-9.247467041015623,-3.699172973632813,3.942901611328125,-0.785797119140625,-2.019989013671875,-5.2612152099609375
2022-08-01,6,1,300.0585632324219,294.7980651855469,1.4672698974609375,-2.5828857421875,1562.0,91177.859375,269.96563720703125,283.6215209960937,291.7914428710937,0.0036286758258938,0.0085245352238416,0.0154889672994613,-8.69598388671875,-3.848968505859375,1.650543212890625,0.6292877197265625,-0.1094970703125,-5.057342529296875
2022-08-01,12,2,300.4624328613281,295.1778564453125,0.307708740234375,-1.5914154052734375,564.75,90824.296875,269.62603759765625,284.08709716796875,294.0352783203125,0.0043433122336864,0.0098231881856918,0.0149382688105106,-6.593536376953125,-3.0472412109375,0.1448516845703125,1.0908050537109375,-1.5638275146484375,-4.6700439453125
2022-08-01,18,3,295.3910217285156,294.1244506835937,1.2459716796875,-1.4776763916015625,290.25,91102.546875,269.4964599609375,283.7255249023437,292.687255859375,0.0051705539226531,0.0083767361938953,0.0149310790002346,-7.2238616943359375,-0.839813232421875,1.2391204833984375,3.066864013671875,-0.66094970703125,-6.81097412109375
2022-08-02,0,0,294.60321044921875,293.60235595703125,0.54840087890625,-1.699798583984375,29.5,90924.3125,269.1215209960937,284.2281188964844,291.54400634765625,0.0049639418721199,0.0075539387762546,0.0129138454794883,-5.299606323242188,-3.476531982421875,-2.37030029296875,3.63525390625,1.606842041015625,-6.3290863037109375
2022-08-02,6,1,299.2232666015625,293.9917297363281,1.1822967529296875,-2.847274780273437,614.75,91063.859375,268.8636474609375,283.0577087402344,291.8455810546875,0.0033246062230318,0.0089191868901252,0.0148902051150798,-9.704238891601562,-3.853759765625,1.1519012451171875,2.795745849609375,-0.5041961669921875,-4.499908447265625
2022-08-02,12,2,298.77130126953125,294.8797607421875,-1.2850341796875,-0.8614349365234375,776.5,90760.25,269.17535400390625,283.7674865722656,292.99395751953125,0.0038056897465139,0.0085772648453712,0.0150882937014102,-8.025711059570312,-2.373016357421875,-1.1893157958984375,-0.1935882568359375,-0.6440582275390625,-5.5449066162109375
2022-08-02,18,3,294.9732666015625,293.62921142578125,-0.6274566650390625,-0.4185028076171875,488.25,91100.578125,268.0497436523437,283.95916748046875,291.17791748046875,0.004890002310276,0.0088042207062244,0.0144840218126773,-10.896484375,-1.5181121826171875,-0.4818267822265625,-1.6806182861328125,-3.005523681640625,-5.48199462890625
2022-08-03,0,0,294.8427734375,293.6932983398437,1.61163330078125,-0.59027099609375,99.5,90866.375,268.5041809082031,283.63873291015625,291.3585205078125,0.0051437309011816,0.0083922669291496,0.0146521739661693,-4.02508544921875,-4.44598388671875,0.724700927734375,1.2053985595703125,-2.729965209960937,-4.2723236083984375
2022-08-03,6,1,297.2974853515625,294.5694580078125,1.2115936279296875,-1.5461883544921875,888.75,91072.828125,268.7167663574219,283.0368957519531,291.06182861328125,0.005000939592719,0.00952716358006,0.0151046328246593,-3.3290557861328125,-4.479507446289063,-0.2013702392578125,1.12274169921875,-3.6646575927734375,-5.2616119384765625
2022-08-03,12,2,297.2220458984375,294.640380859375,-0.570892333984375,-0.2756195068359375,463.25,90818.03125,269.48388671875,283.65191650390625,292.02880859375,0.0058102309703826,0.0097584761679172,0.0153409130871295,-2.66571044921875,-3.306137084960937,-0.287841796875,-3.1020965576171875,-2.2035064697265625,-1.83447265625
2022-08-03,18,3,295.26129150390625,294.450927734375,1.5985870361328125,-0.522552490234375,295.5,91084.921875,269.5081481933594,283.58380126953125,291.9781494140625,0.0056865159422159,0.0094908438622951,0.0147972628474235,-5.002731323242188,1.1383209228515625,3.9462890625,-4.630767822265625,0.6935882568359375,-3.090362548828125
2022-08-04,0,0,295.3783874511719,294.2935791015625,1.71185302734375,-1.361968994140625,191.5,90883.984375,269.0959777832031,283.196044921875,290.76837158203125,0.0052208378911018,0.010281529277563,0.0149179734289646,-1.6365814208984375,-0.132476806640625,3.2879791259765625,-0.00299072265625,-2.53997802734375,-6.0716094970703125
2022-08-04,6,1,297.3653259277344,293.99169921875,1.5373992919921875,-1.1229400634765625,536.25,91062.296875,269.2900695800781,282.6947937011719,291.30035400390625,0.0052877087146043,0.010482981801033,0.0148259252309799,0.579437255859375,-0.387054443359375,1.0885162353515625,0.15936279296875,-1.146240234375,-3.302734375
2022-08-04,12,2,296.0811462402344,294.4980163574219,1.195526123046875,1.1617584228515625,236.25,90865.59375,269.7652587890625,283.6968688964844,291.4122619628906,0.0058921370655298,0.0103417709469795,0.0152306891977787,2.192413330078125,3.79498291015625,1.0934295654296875,-0.9062957763671876,0.6539764404296875,0.4674530029296875
2022-08-04,18,3,294.1039733886719,293.11920166015625,2.594390869140625,2.1894073486328125,179.75,91095.96875,269.4754943847656,283.2529602050781,291.1190795898437,0.0057323481887578,0.010639514774084,0.0144272819161415,3.441024780273437,9.823501586914062,10.337127685546877,-0.6378021240234375,-0.5560760498046875,2.062469482421875
2022-08-05,0,0,294.6079406738281,293.2628173828125,4.434051513671875,1.3282623291015625,2.5,90970.953125,268.9060363769531,283.59735107421875,290.0369873046875,0.0051801726222038,0.0074304193258285,0.0137021467089653,4.51617431640625,15.00555419921875,15.30035400390625,-0.0386810302734375,1.65234375,2.5146942138671875
2022-08-05,6,1,297.9906005859375,293.7058410644531,6.23828125,1.8040771484375,104.0,91105.703125,269.3910522460937,283.69805908203125,291.1669616699219,0.0053489580750465,0.0093595571815967,0.0135816596448421,5.95721435546875,14.976638793945312,16.711151123046875,2.6814727783203125,-1.348602294921875,1.7625274658203125
2022-08-05,12,2,294.957763671875,293.1817932128906,5.6425323486328125,1.9143524169921875,38.75,90995.015625,269.2865905761719,283.6376647949219,290.2803039550781,0.0054667517542839,0.0095109231770038,0.0140412636101245,10.9244384765625,18.399200439453125,16.717208862304688,-2.708160400390625,1.6463775634765625,3.131805419921875
2022-08-05,18,3,293.81890869140625,292.47857666015625,5.5322265625,2.5689239501953125,3.75,91170.828125,269.7839050292969,282.9908752441406,289.65264892578125,0.0054092435166239,0.0096837505698204,0.0137620121240615,12.8558349609375,19.501052856445312,18.07832336425781,-2.916107177734375,0.544586181640625,4.386276245117188
2022-08-06,0,0,293.98748779296875,292.5375366210937,5.860031127929688,1.41448974609375,0.0,90987.3125,269.376708984375,283.2951965332031,289.785400390625,0.0049901381134986,0.0093222595751285,0.0137656368315219,10.647979736328123,22.631256103515625,18.54598999023437,-1.4562225341796875,-0.6939849853515625,1.8494415283203125
2022-08-06,6,1,297.6566772460937,293.54180908203125,8.32330322265625,0.3440093994140625,19.25,91067.546875,268.99951171875,283.15399169921875,291.5318298339844,0.0049988925457,0.0091758966445922,0.0137784779071807,12.703933715820312,18.976333618164062,16.418731689453125,0.1122589111328125,-1.1155853271484375,-0.5095977783203125
2022-08-06,12,2,296.4361572265625,293.36083984375,5.2893829345703125,0.7005615234375,33.75,90899.296875,269.99237060546875,283.0878295898437,290.91717529296875,0.0054930001497268,0.0099637582898139,0.0142108555883169,13.146408081054688,17.636367797851562,15.744598388671877,1.385101318359375,-0.256439208984375,-0.1075592041015625
2022-08-06,18,3,294.3248291015625,292.87030029296875,4.67138671875,1.4897613525390625,7.75,91118.265625,269.1874389648437,283.14892578125,290.2904663085937,0.0046479813754558,0.0100142881274223,0.0143620036542415,10.36651611328125,19.930816650390625,15.970565795898438,2.911956787109375,0.157440185546875,2.159286499023437
2022-08-07,0,0,294.6922607421875,293.0873107910156,4.7450714111328125,1.360809326171875,5.75,90914.390625,269.5595703125,283.52996826171875,290.06170654296875,0.0055966228246688,0.0091206394135952,0.0141721740365028,12.572296142578123,20.009445190429688,16.533798217773438,2.507308959960937,-2.6234283447265625,1.998016357421875
2022-08-07,6,1,296.3306884765625,293.9201354980469,5.88238525390625,1.1300811767578125,35.0,91010.765625,269.0740966796875,283.7332458496094,291.3573608398437,0.004639022052288,0.0089917257428169,0.0142022874206304,13.818634033203123,17.861312866210938,14.736129760742188,4.342575073242188,-2.084930419921875,0.6627349853515625
2022-08-07,12,2,296.8926696777344,293.6757202148437,4.945159912109375,1.067291259765625,13.5,90792.421875,270.19097900390625,283.7518920898437,291.42047119140625,0.0045071188360452,0.0091220811009407,0.0145402699708938,13.497390747070312,18.633102416992188,14.598251342773438,2.2929840087890625,-0.107513427734375,1.15966796875
2022-08-07,18,3,295.23321533203125,292.798583984375,4.6961822509765625,1.2139434814453125,10.25,91082.8125,269.33544921875,283.8719482421875,290.192626953125,0.0042724469676613,0.0083270967006683,0.0144291073083877,13.924209594726562,19.57476806640625,15.125839233398438,-1.2305908203125,-2.16259765625,0.900238037109375
2022-08-08,0,0,295.2543334960937,293.16729736328125,5.542282104492188,1.23187255859375,6.5,90859.0625,269.4889831542969,283.546630859375,289.8426513671875,0.0036159476730972,0.0086595304310321,0.0140000889077782,13.180755615234377,21.81036376953125,16.826858520507812,-1.70953369140625,-1.24053955078125,1.30413818359375
2022-08-08,6,1,298.1593017578125,293.4228210449219,5.8742523193359375,1.503173828125,56.5,91007.765625,269.87322998046875,283.2738342285156,291.014404296875,0.0040550529956817,0.0091201402246952,0.0142320618033409,10.987838745117188,21.808334350585938,15.386566162109377,1.24560546875,0.6568756103515625,2.00634765625
2022-08-08,12,2,297.045166015625,293.11773681640625,6.593276977539063,1.72650146484375,2.0,90787.40625,270.28643798828125,283.1728515625,291.192138671875,0.0045022517442703,0.0097836479544639,0.0142596941441297,14.469512939453123,20.50204467773437,16.857864379882812,1.540069580078125,0.5863800048828125,3.0885009765625
2022-08-08,18,3,295.1474304199219,292.0843811035156,5.6742706298828125,1.857025146484375,2.25,91040.328125,271.1176147460937,283.5263671875,289.85382080078125,0.0030086573679,0.0088258646428585,0.0138434097170829,11.710968017578123,22.433319091796875,17.81884765625,2.59228515625,1.7065582275390625,3.0258026123046875
2022-08-09,0,0,294.8497314453125,291.9774169921875,5.860107421875,1.843994140625,0.0,90906.15625,270.53814697265625,283.9968566894531,289.3550109863281,0.0026210730429738,0.0063807256519794,0.0131315719336271,11.368865966796877,23.054122924804688,17.447372436523438,0.864654541015625,3.398223876953125,3.644378662109375
2022-08-09,6,1,298.14532470703125,292.4447021484375,8.245086669921875,2.683197021484375,4.5,91011.296875,270.58154296875,283.5942687988281,291.24053955078125,0.0024803034029901,0.0069458074867725,0.0133770760148763,10.653076171875,23.31114196777344,15.805038452148438,1.48211669921875,3.2097625732421875,4.7499542236328125
2022-08-09,12,2,298.4501342773437,292.6095275878906,6.319137573242188,1.757415771484375,0.5,90830.109375,271.76275634765625,282.7079467773437,291.3837890625,0.0023679006844758,0.0083360038697719,0.0133752115070819,13.793655395507812,22.466781616210938,15.477096557617188,2.0442047119140625,1.0173492431640625,2.7690887451171875
2022-08-09,18,3,294.69195556640625,292.0053100585937,5.144821166992188,2.0671539306640625,0.5,91034.828125,272.3201904296875,283.40802001953125,289.2417297363281,0.0015603473875671,0.0067638717591762,0.0132580399513244,13.006301879882812,23.436325073242188,16.6512451171875,1.7582550048828125,3.3377227783203125,4.119354248046875
2022-08-10,0,0,295.0899963378906,292.55352783203125,5.6471099853515625,1.7564239501953125,7.0,90866.90625,271.67108154296875,283.37225341796875,289.10870361328125,0.0019251389894634,0.0069181621074676,0.0132847689092159,8.560989379882812,26.0096435546875,16.755935668945312,4.085906982421875,2.10980224609375,3.171417236328125
2022-08-10,6,1,299.24151611328125,291.80810546875,8.567718505859375,1.49371337890625,19.0,91022.09375,272.0449523925781,283.06317138671875,291.5238342285156,0.0016536184120923,0.0086653307080268,0.0130759142339229,10.848785400390623,25.400177001953125,15.90081787109375,3.985198974609375,-0.1223297119140625,2.580184936523437
2022-08-10,12,2,298.927734375,292.6994323730469,5.8228607177734375,1.43963623046875,9.0,90845.515625,272.5061950683594,282.54644775390625,292.0516967773437,0.0016830707900226,0.0091232508420944,0.0133267622441053,14.563369750976562,21.35752868652344,13.987533569335938,3.284027099609375,-1.2642364501953125,2.501312255859375
2022-08-10,18,3,295.54669189453125,292.42974853515625,5.3657989501953125,2.4070587158203125,0.25,91081.734375,272.9649963378906,283.6693725585937,289.02587890625,0.0011954749934375,0.0082008950412273,0.0131899304687976,12.340133666992188,21.60932922363281,17.186050415039062,3.250106811523437,-0.1357421875,3.9150390625
2022-08-11,0,0,295.154296875,292.6489562988281,5.531097412109375,1.503143310546875,0.0,91004.796875,271.88751220703125,284.370849609375,289.3432922363281,0.0011575573589652,0.0074358731508255,0.013005431741476,9.286941528320312,21.448028564453125,17.769195556640625,3.977005004882813,0.0511322021484375,1.7885284423828125
2022-08-11,6,1,299.1332397460937,292.3598327636719,8.43463134765625,1.0051727294921875,0.0,91155.828125,271.410888671875,283.2448425292969,292.187255859375,0.0014939219690859,0.0097138211131095,0.0131699740886688,8.869384765625,19.431686401367188,15.36517333984375,3.282867431640625,-0.935882568359375,1.7236175537109375
2022-08-11,12,2,299.3607788085937,293.21307373046875,5.33978271484375,1.4340057373046875,0.0,91014.171875,271.6732177734375,283.7041015625,291.9759521484375,0.0024129466619342,0.0084142908453941,0.0137574858963489,12.1083984375,17.176849365234375,13.906463623046877,4.1151885986328125,-1.399139404296875,1.5578765869140625
2022-08-11,18,3,295.6697082519531,292.45263671875,5.4717559814453125,1.0495452880859375,2.0,91306.53125,270.25048828125,284.7518310546875,289.57470703125,0.001767415786162,0.0083199813961982,0.0137371942400932,8.34283447265625,15.925064086914062,17.558013916015625,2.022216796875,0.2220306396484375,0.505126953125
2022-08-12,0,0,295.0345458984375,292.4998779296875,5.00286865234375,0.8834228515625,0.5,91197.65625,269.13397216796875,284.55059814453125,289.31365966796875,0.0018869573250412,0.0076260678470134,0.0131598636507987,6.5410003662109375,15.690704345703123,16.571929931640625,3.067901611328125,1.72161865234375,0.1795501708984375
2022-08-12,6,1,298.8458251953125,292.4062805175781,7.731964111328125,-0.2869720458984375,9.0,91307.625,269.29058837890625,284.780029296875,291.8931884765625,0.0017256340943276,0.0071750469505786,0.0129099935293197,7.372268676757812,14.68719482421875,14.160476684570312,1.7311248779296875,0.670013427734375,-0.8087158203125
2022-08-12,12,2,299.67364501953125,293.2201538085937,4.5520782470703125,0.6227874755859375,18.0,91120.15625,269.3617553710937,282.72216796875,293.15625,0.0023376140743494,0.0089499540627002,0.0132914744317531,8.505142211914062,13.235504150390623,11.746246337890623,-2.7871246337890625,-1.2816925048828125,0.4565887451171875
2022-08-12,18,3,295.09912109375,292.60174560546875,3.3041534423828125,0.8498382568359375,0.25,91437.9375,269.196044921875,283.16656494140625,289.4057006835937,0.0018559135496616,0.0087252557277679,0.0132247172296047,5.7719573974609375,12.258804321289062,12.270492553710938,-4.3931427001953125,-0.4644317626953125,-0.356536865234375
2022-08-13,0,0,294.9501342773437,292.63238525390625,3.214996337890625,1.025146484375,3.0,91270.765625,268.4075927734375,283.99884033203125,289.0448913574219,0.0020764216315001,0.0074757598340511,0.0131563246250152,6.5099639892578125,12.28564453125,11.744552612304688,-4.479461669921875,-0.7494049072265625,-1.34039306640625
2022-08-13,6,1,299.4730834960937,292.2342224121094,6.0936431884765625,-0.3015899658203125,5.75,91300.4375,268.8731384277344,284.5582275390625,292.15802001953125,0.0020654497202485,0.0070763565599918,0.0122675560414791,7.349609375,11.296218872070312,12.579544067382812,-1.88427734375,-2.3587799072265625,-1.8350067138671875
2022-08-13,12,2,299.4462280273437,293.01953125,4.5368194580078125,-0.80859375,39.5,91153.984375,268.99273681640625,283.247314453125,292.3857116699219,0.0023284160997718,0.0090095326304435,0.0134737901389598,9.761734008789062,8.860122680664062,11.37664794921875,-2.119415283203125,-3.7352294921875,-2.65252685546875
2022-08-13,18,3,294.75994873046875,291.53961181640625,3.9510345458984375,-0.240386962890625,0.0,91404.390625,269.7335205078125,283.5604248046875,290.0885314941406,0.0018012265209108,0.0084951184689998,0.0120319686830043,9.759017944335938,8.357025146484375,13.105850219726562,-3.113250732421875,-3.1226043701171875,-4.11785888671875
2022-08-14,0,0,294.0001220703125,291.85595703125,3.695831298828125,0.274688720703125,0.0,91277.140625,269.9331359863281,283.7779541015625,289.1495361328125,0.0014620197471231,0.0083726271986961,0.0122019536793231,9.4892578125,6.42431640625,13.946670532226562,-3.49609375,-2.5957489013671875,-2.8071441650390625
2022-08-14,6,1,297.99346923828125,291.84625244140625,5.6080322265625,-0.998779296875,6.25,91467.90625,269.7964172363281,284.4464111328125,290.8755798339844,0.001315492670983,0.0071643032133579,0.0121751353144645,10.059661865234377,5.029464721679688,11.550277709960938,-5.2170257568359375,-1.2362518310546875,-2.8232574462890625
2022-08-14,12,2,298.7809143066406,293.1737976074219,3.1986541748046875,-0.1064453125,50.5,91256.03125,268.806396484375,285.060791015625,292.3161926269531,0.0019868544768542,0.0065144505351781,0.0130828544497489,11.02716064453125,6.0467071533203125,8.39105224609375,-7.544403076171875,-2.0792694091796875,-1.493865966796875
2022-08-14,18,3,294.98199462890625,292.95928955078125,3.009796142578125,0.2825164794921875,10.5,91467.46875,268.6051025390625,284.36968994140625,290.5157470703125,0.0023425286635756,0.0067109316587448,0.0131934322416782,8.7333984375,6.8766937255859375,9.179580688476562,-8.594650268554688,-2.484619140625,-1.7437286376953125
2022-08-15,0,0,294.8050231933594,293.2651672363281,3.0999298095703125,0.77423095703125,9.75,91361.203125,268.30352783203125,284.209716796875,289.1073913574219,0.0018341948743909,0.007240954786539,0.012487307190895,10.299545288085938,4.0193939208984375,11.069168090820312,-6.030975341796875,-3.267578125,-3.1407623291015625
2022-08-15,6,1,298.86114501953125,292.4846496582031,4.559249877929688,-0.6107940673828125,8.75,91528.140625,268.7465209960937,283.750732421875,291.1963806152344,0.001699834363535,0.0075679384171962,0.0124049633741378,8.000045776367188,2.369476318359375,8.101654052734375,-6.1310882568359375,-1.142486572265625,-2.1128692626953125
2022-08-15,12,2,300.0568542480469,293.3846740722656,2.2613067626953125,0.308074951171875,27.5,91308.96875,268.7915954589844,284.3621826171875,292.563232421875,0.0015671709552407,0.0073077715933322,0.0134305506944656,6.1518402099609375,1.2317047119140625,4.864669799804688,-4.53424072265625,-0.70269775390625,0.0955352783203125
2022-08-15,18,3,294.9212646484375,293.4364013671875,1.601318359375,0.0540618896484375,3.75,91504.90625,268.5755920410156,283.4913330078125,291.4100341796875,0.0015085581690073,0.0072385594248771,0.0136571265757083,4.891082763671875,0.687469482421875,4.341949462890625,-3.32135009765625,2.40106201171875,-0.3172149658203125
2022-08-16,0,0,294.08709716796875,292.6585693359375,1.56134033203125,-0.627105712890625,0.0,91391.265625,268.1531982421875,283.3111572265625,291.24298095703125,0.001369705889374,0.0074307546019554,0.0124093666672706,2.279159545898437,2.96331787109375,4.38922119140625,-0.3625335693359375,0.813262939453125,1.4316864013671875
2022-08-16,6,1,300.6982116699219,292.81365966796875,2.9775543212890625,0.54052734375,0.0,91465.71875,268.213134765625,284.92547607421875,291.7463684082031,0.0012488721404224,0.0066763758659362,0.0126672051846981,2.485504150390625,1.698486328125,4.449874877929688,0.6350860595703125,0.4326171875,1.0079345703125
2022-08-16,12,2,301.84991455078125,292.89361572265625,1.81884765625,0.1033782958984375,2.25,91181.921875,268.7631225585937,284.5413818359375,294.6369934082031,0.0012271699961274,0.006584346294403,0.0126050300896167,2.4496307373046875,1.41845703125,3.8526458740234375,0.116424560546875,2.33258056640625,-0.4430999755859375
2022-08-16,18,3,296.957275390625,293.0142822265625,1.339935302734375,-1.991668701171875,6.5,91522.203125,268.36090087890625,283.24188232421875,292.64080810546875,0.0012452839873731,0.0062938220798969,0.0131913498044013,2.064453125,0.832183837890625,3.382675170898437,0.255126953125,2.768402099609375,-2.562652587890625
2022-08-17,0,0,294.503173828125,292.7036437988281,0.8804168701171875,-1.2397003173828125,0.0,91430.21875,268.6039428710937,284.19586181640625,291.76287841796875,0.0012164760846644,0.0056350715458393,0.0120827406644821,1.8673095703125,3.5111846923828125,4.1193389892578125,-2.301483154296875,2.9866943359375,-1.730316162109375
2022-08-17,6,1,300.97540283203125,292.7076416015625,2.43292236328125,-0.0022430419921875,7.25,91483.875,269.3963317871094,284.84405517578125,292.2177124023437,0.0010879214387387,0.0051468424499034,0.0126938112080097,-2.083847045898437,3.628997802734375,3.4823760986328125,-1.8677825927734373,-0.0572967529296875,0.0290985107421875
2022-08-17,12,2,301.7261962890625,293.3376770019531,2.38470458984375,-0.8338470458984375,48.0,91208.59375,269.3771667480469,284.1645202636719,294.30780029296875,0.0014321976341307,0.0069672018289566,0.0125657673925161,-1.724853515625,2.633407592773437,5.241973876953125,-2.0398712158203125,-2.2777862548828125,-2.142578125
2022-08-17,18,3,296.8707275390625,292.7843017578125,2.284332275390625,-2.3883819580078125,8.0,91466.875,268.0011291503906,283.6226806640625,291.7225341796875,0.0015928952489048,0.0068898014724254,0.0132926031947135,-3.0175323486328125,-0.0990753173828125,6.2198486328125,-0.335601806640625,-2.5865631103515625,-6.25933837890625
2022-08-18,0,0,295.16241455078125,292.8994140625,2.162948608398437,-1.8367767333984373,8.75,91345.96875,268.86627197265625,283.561767578125,291.69891357421875,0.0026290549430996,0.0078441090881824,0.0124461725354194,-2.627426147460937,2.3228759765625,6.6718597412109375,-1.0960235595703125,-1.0661773681640625,-7.1756744384765625
2022-08-18,6,1,299.5680236816406,293.0579833984375,3.33270263671875,-3.112777709960937,16.0,91431.984375,269.3922119140625,283.68768310546875,292.00604248046875,0.0026631557848304,0.0082988254725933,0.0128368102014064,-1.573394775390625,2.5115509033203125,5.3394317626953125,-0.91259765625,-1.0757293701171875,-5.168304443359375
2022-08-18,12,2,301.2754211425781,293.6083984375,2.0839996337890625,-2.0219268798828125,62.25,91219.359375,269.43218994140625,283.7393798828125,294.07037353515625,0.0025158687494695,0.0079127922654151,0.0131408516317605,-1.7624359130859375,4.620773315429688,4.465499877929688,-1.494110107421875,-3.250961303710937,-4.7751312255859375
2022-08-18,18,3,296.4284362792969,293.74371337890625,2.604888916015625,-1.0928497314453125,75.0,91420.890625,269.08123779296875,283.534912109375,291.61737060546875,0.0023510283790528,0.0083583816885948,0.0138812363147735,-0.7923736572265625,1.855224609375,8.02728271484375,-0.475189208984375,-2.5247955322265625,-5.538970947265625
2022-08-19,0,0,295.0723876953125,293.21099853515625,3.054168701171875,-1.331451416015625,0.0,91293.453125,268.50048828125,283.295166015625,290.9830322265625,0.0027426260057836,0.0086299441754817,0.0124626383185386,-0.7685089111328125,3.25537109375,8.70361328125,-0.466156005859375,-2.073394775390625,-7.891677856445312
2022-08-19,6,1,299.10797119140625,293.0069580078125,4.532318115234375,-2.242034912109375,6.25,91404.015625,268.6916809082031,283.2826538085937,291.8831787109375,0.0026824120432138,0.0081736072897911,0.0130951628088951,-1.6927337646484375,3.996292114257813,7.5780029296875,-1.320892333984375,-2.70928955078125,-4.0760040283203125
2022-08-19,12,2,300.11669921875,293.65191650390625,3.26123046875,-2.489044189453125,7.25,91217.8125,269.4068908691406,283.97540283203125,292.5088195800781,0.0021453700028359,0.0073933713138103,0.0135341621935367,-0.2199249267578125,5.03143310546875,7.337860107421875,-0.8379974365234375,-3.3938751220703125,-6.292770385742188
2022-08-19,18,3,295.9721374511719,293.26885986328125,2.876953125,-1.1680450439453125,0.0,91444.765625,269.9993896484375,283.60614013671875,290.96368408203125,0.0020738553721457,0.0074214600026607,0.0126542262732982,-0.2870635986328125,4.497360229492188,9.605331420898438,0.533447265625,-3.3651123046875,-5.135498046875
2022-08-20,0,0,294.37384033203125,292.88592529296875,2.9139862060546875,-0.9467926025390624,0.5,91403.046875,269.51287841796875,283.0224304199219,290.55523681640625,0.0018364258576184,0.0089903846383094,0.0124380066990852,1.8822479248046875,4.2108154296875,10.213424682617188,-0.0741729736328125,-3.007080078125,-7.52587890625
2022-08-20,6,1,297.2496337890625,292.7855529785156,4.31207275390625,-1.322998046875,7.0,91482.140625,269.46881103515625,282.98388671875,291.8623046875,0.001833765534684,0.0095617771148681,0.0127858929336071,3.630218505859375,5.06231689453125,7.469619750976562,0.01025390625,-2.769515991210937,-3.123275756835937
2022-08-20,12,2,299.98150634765625,293.9296875,2.719711303710937,0.054718017578125,86.25,91137.453125,270.11334228515625,283.2913818359375,293.2049865722656,0.0019081027712672,0.0101680122315883,0.013696176931262,4.91278076171875,6.135101318359375,8.30169677734375,0.164215087890625,-2.8033447265625,-2.04840087890625
2022-08-20,18,3,296.0672912597656,293.57916259765625,3.2942047119140625,-0.75152587890625,0.0,91348.671875,269.74176025390625,283.58447265625,291.04791259765625,0.0023987768217921,0.0081563107669353,0.0139732211828231,6.06390380859375,5.888717651367188,9.665206909179688,-1.43603515625,-2.2824249267578125,-3.6437835693359375
2022-08-21,0,0,295.49884033203125,293.73638916015625,3.037948608398437,-0.1413421630859375,11.25,91320.125,269.3216552734375,283.1240234375,289.5902709960937,0.00254110340029,0.0097489431500434,0.0138254538178443,6.845474243164063,5.53448486328125,9.435745239257812,-0.6770172119140625,-1.2014923095703125,-3.481048583984375
2022-08-21,6,1,299.5723571777344,293.7445678710937,4.2853851318359375,-0.595916748046875,205.5,91380.0,269.442138671875,282.9872741699219,291.21539306640625,0.0026626971084624,0.0098314359784126,0.0143633112311363,6.760162353515625,7.0464935302734375,7.275299072265625,-0.6099395751953125,-0.306793212890625,-1.251251220703125
2022-08-21,12,2,297.866455078125,294.5899658203125,3.6120452880859375,-0.785919189453125,481.0,91173.234375,268.7508850097656,283.20086669921875,292.1397705078125,0.0036497667897492,0.0095682218670845,0.0147727914154529,5.967926025390625,8.120925903320312,10.66754150390625,-2.4213104248046875,-2.83282470703125,-3.497344970703125
2022-08-21,18,3,294.93328857421875,293.7499389648437,3.543319702148437,-0.172088623046875,11.25,91353.1875,268.5252685546875,283.66143798828125,290.3758850097656,0.0032220184803009,0.0095395743846893,0.0136317554861307,5.5379638671875,8.50543212890625,11.74627685546875,-2.54290771484375,-3.517425537109375,-3.7298736572265625
2022-08-22,0,0,295.7709045410156,293.3655090332031,3.860061645507813,-0.716217041015625,5.75,91161.875,269.4560546875,283.864501953125,289.27423095703125,0.0017633694224059,0.0083188004791736,0.0134288538247346,4.768234252929688,9.195785522460938,12.247573852539062,-2.772674560546875,-3.595245361328125,-4.7584991455078125
2022-08-22,6,1,298.98834228515625,293.467041015625,5.86016845703125,-1.1316375732421875,15.75,91266.359375,269.5928039550781,284.0565185546875,291.4274597167969,0.0017255104612559,0.0080888643860816,0.0135292690247297,4.4264678955078125,10.61871337890625,10.989990234375,-0.4370880126953125,-4.3603057861328125,-2.4980926513671875
2022-08-22,12,2,298.0927734375,294.14129638671875,3.3393707275390625,0.4568939208984375,447.25,91111.4375,268.916015625,283.14910888671875,291.90936279296875,0.0047007575631141,0.0100629441440105,0.0138325244188308,6.67059326171875,9.835418701171877,11.738540649414062,-1.186187744140625,-6.459640502929688,-2.4268341064453125
2022-08-22,18,3,294.7645263671875,293.1981811523437,3.8444671630859375,0.022064208984375,8.5,91389.921875,268.20819091796875,282.80718994140625,289.896484375,0.0042739510536193,0.0094219483435153,0.0138442181050777,5.0443267822265625,7.654815673828125,12.35809326171875,-1.2512664794921875,-6.032073974609375,-4.0357208251953125
2022-08-23,0,0,294.7836303710937,293.1347961425781,2.784164428710937,0.4989471435546875,0.0,91217.9375,267.81610107421875,283.0012512207031,289.807373046875,0.0042522884905338,0.0085271373391151,0.0131629668176174,4.203369140625,6.0191497802734375,11.044723510742188,-0.79693603515625,-5.05145263671875,-3.2818145751953125
2022-08-23,6,1,299.61669921875,292.99969482421875,5.495208740234375,-1.100677490234375,8.0,91267.1875,269.6713562011719,283.83624267578125,292.3270263671875,0.0038326079957187,0.006325613707304,0.0128223113715648,1.939453125,6.32666015625,9.82318115234375,1.4826812744140625,-3.008575439453125,-2.424789428710937
2022-08-23,12,2,298.900146484375,294.0773010253906,3.417205810546875,-0.4197235107421875,160.25,91171.90625,268.4725646972656,282.9627685546875,292.148681640625,0.0044754296541213,0.0090262331068515,0.0134827494621276,0.477020263671875,3.984954833984375,9.479171752929688,1.26922607421875,-5.237396240234375,-3.907989501953125
2022-08-23,18,3,294.4801025390625,293.1439208984375,3.3125762939453125,-0.473236083984375,17.5,91486.625,268.89630126953125,282.69775390625,290.244873046875,0.0041782185435295,0.009326159954071,0.0135479010641574,-0.2274322509765625,2.23577880859375,10.711074829101562,2.5664825439453125,-4.8199615478515625,-5.0396575927734375
2022-08-24,0,0,294.4169616699219,293.37237548828125,3.28314208984375,-0.7585296630859375,12.25,91418.25,267.6379699707031,282.16229248046875,289.17657470703125,0.0046872571110725,0.0085659474134445,0.013078223913908,-0.753692626953125,1.9647979736328125,10.45068359375,0.0268096923828125,-3.2861785888671875,-5.705474853515625
2022-08-24,6,1,298.47296142578125,292.94268798828125,3.831008911132813,-1.9530181884765625,218.75,91543.0,268.28253173828125,281.78912353515625,290.22271728515625,0.0043853297829627,0.00910634547472,0.0137771926820278,-2.00042724609375,1.813629150390625,6.6956634521484375,1.259613037109375,-3.56207275390625,-4.0212249755859375
2022-08-24,12,2,297.66961669921875,293.946533203125,2.4046630859375,-0.1507568359375,279.75,91214.234375,268.5413818359375,282.715576171875,292.6705322265625,0.0045730844140052,0.0081995911896228,0.0129907131195068,-1.218536376953125,2.2290496826171875,5.1714630126953125,-0.1336517333984375,-3.541488647460937,-3.620941162109375
2022-08-24,18,3,294.15826416015625,293.22857666015625,2.485580444335937,-1.0706787109375,66.25,91431.984375,268.48223876953125,283.0609130859375,290.5799865722656,0.0043416582047939,0.0082756876945495,0.0138410925865173,-3.1037750244140625,2.363510131835937,7.734649658203125,0.7854156494140625,-2.6626129150390625,-6.3343353271484375
2022-08-25,0,0,294.7269897460937,293.52178955078125,2.53515625,-1.44659423828125,11.75,91303.953125,268.1047058105469,282.86529541015625,289.2496643066406,0.0041882283985614,0.008688636124134,0.0134009532630443,-3.3633270263671875,1.862823486328125,4.284393310546875,0.9044036865234376,-2.2311553955078125,-8.458511352539062
2022-08-25,6,1,298.6420288085937,293.9398193359375,2.027984619140625,-3.282821655273437,237.875,91429.078125,268.3184814453125,282.3872375488281,290.1913452148437,0.0040923692286014,0.0093691647052764,0.0134911052882671,-3.13427734375,-1.9111785888671875,2.839950561523437,1.7988433837890625,-2.510650634765625,-7.41009521484375
2022-08-25,12,2,298.22576904296875,294.1732788085937,1.665069580078125,-1.00164794921875,344.25,91082.8125,268.6973876953125,282.63140869140625,292.3660888671875,0.0046071000397205,0.0094038322567939,0.0135722309350967,-1.04083251953125,-0.4984588623046875,3.2872467041015625,0.0557708740234375,-2.0494384765625,-5.032745361328125
2022-08-25,18,3,294.8197326660156,293.62945556640625,2.133209228515625,-0.851898193359375,116.5,91352.140625,268.4143981933594,282.88409423828125,290.14141845703125,0.0047966092824935,0.0091527365148067,0.0141385421156883,-3.467926025390625,-2.293930053710937,4.984619140625,0.98541259765625,-2.0365447998046875,-4.698898315429688
2022-08-26,0,0,294.6285095214844,293.7075500488281,2.204742431640625,-1.1712188720703125,50.75,91208.03125,268.8212890625,282.23699951171875,290.0216064453125,0.0045364797115325,0.0096968039870262,0.0134263467043638,-5.463394165039063,-0.649139404296875,4.640670776367188,0.5371246337890625,-2.8773345947265625,-7.024200439453125
2022-08-26,6,1,298.80157470703125,293.57427978515625,1.89666748046875,-2.9836883544921875,83.25,91321.625,269.31915283203125,282.971435546875,290.7666015625,0.0038116190116852,0.0091856308281421,0.0139520466327667,-6.822036743164063,-1.5996246337890625,2.664093017578125,1.484954833984375,-1.4135284423828125,-4.91864013671875
2022-08-26,12,2,298.2161865234375,294.8297119140625,0.368896484375,-0.372833251953125,857.625,91053.765625,268.9770202636719,282.9776611328125,292.615234375,0.004312090575695,0.0092306323349475,0.0140230692923069,-5.059722900390625,-1.4414520263671875,0.6738739013671875,-1.270355224609375,-0.3338623046875,-4.7803497314453125
2022-08-26,18,3,294.53399658203125,293.50299072265625,1.4834747314453125,0.16351318359375,322.75,91394.421875,267.8457336425781,283.1453857421875,290.5372314453125,0.0044591948390007,0.0088062472641468,0.0144191216677427,-6.638092041015625,-1.4476165771484375,2.018402099609375,-0.83795166015625,-1.7022552490234375,-3.38238525390625
2022-08-27,0,0,294.1876525878906,293.1049194335937,2.194915771484375,-1.3192901611328125,93.75,91197.65625,267.501953125,282.94500732421875,290.6326904296875,0.0038406872190535,0.0080196931958198,0.0140241235494613,-8.505264282226562,-0.215789794921875,2.358871459960937,0.583526611328125,-0.0882110595703125,-3.076751708984375
2022-08-27,6,1,298.15545654296875,294.3917541503906,2.32147216796875,-2.1125946044921875,623.25,91370.078125,267.7502136230469,282.499267578125,290.3734130859375,0.0031879453454166,0.0083194486796855,0.0140384174883365,-8.723968505859375,-0.0243072509765625,3.3926544189453125,0.97418212890625,-0.7226715087890625,-5.189498901367188
2022-08-27,12,2,298.7925109863281,294.4764404296875,1.55224609375,-0.857025146484375,928.0,91021.25,267.9154663085937,282.699951171875,293.3865051269531,0.0038924561813473,0.0094557888805866,0.0141067840158939,-4.834564208984375,0.7929534912109375,3.341552734375,-0.774749755859375,-3.261459350585937,-3.6662445068359375
2022-08-27,18,3,294.4631652832031,293.43212890625,1.9785614013671875,-1.3516693115234375,242.0,91445.703125,267.9435729980469,282.8511657714844,289.9480285644531,0.0050015747547149,0.0090014599263668,0.0139441937208175,-4.296295166015625,0.876373291015625,5.076705932617188,-0.39532470703125,-2.9105224609375,-5.712371826171875
2022-08-28,0,0,294.02838134765625,292.935791015625,2.6249237060546875,-0.681182861328125,39.5,91198.953125,268.108642578125,282.6590881347656,290.1524963378906,0.0051543042063713,0.0073806047439575,0.0130811110138893,-3.7470703125,-3.0411376953125,7.22393798828125,0.22735595703125,-1.6682586669921875,-7.426361083984375
2022-08-28,6,1,297.62628173828125,293.58074951171875,1.5341949462890625,-4.162872314453125,83.5,91332.671875,268.6273803710937,282.6869812011719,289.9349060058594,0.0049348585307598,0.0083681941032409,0.0141691192984581,-1.8584442138671875,-2.173675537109375,1.3001708984375,1.458740234375,-2.320404052734375,-6.4185638427734375
2022-08-28,12,2,297.2825622558594,294.27813720703125,-0.1347503662109375,-1.6542816162109375,237.25,91010.015625,269.8170166015625,282.9515991210937,292.22027587890625,0.0042210854589939,0.0083467997610569,0.0138519965112209,-1.9446868896484373,-1.1030731201171875,1.6982269287109375,-0.788299560546875,-2.303497314453125,-5.5171661376953125
2022-08-28,18,3,295.2734375,294.14117431640625,0.4916839599609375,-1.13861083984375,202.25,91289.453125,269.09033203125,282.61181640625,292.15240478515625,0.0044557284563779,0.0088746286928653,0.01331003382802,-6.02130126953125,-1.5096435546875,1.2483062744140625,-2.0489501953125,-3.3043975830078125,-4.8690185546875
2022-08-29,0,0,294.773193359375,293.5005798339844,0.9014739990234376,-1.462860107421875,131.5,91249.234375,268.06805419921875,282.4503479003906,290.4754943847656,0.0046992404386401,0.0095001347362995,0.014037050306797,-6.909347534179688,-2.8115692138671875,1.84765625,-2.034164428710937,-3.27056884765625,-6.065155029296875
2022-08-29,6,1,298.65948486328125,295.2855224609375,1.305511474609375,-1.588531494140625,733.0,91477.046875,268.6372985839844,282.51739501953125,292.013427734375,0.0048557743430137,0.0095628574490547,0.0145989581942558,-8.18994140625,-3.827713012695313,1.06036376953125,-1.5676116943359375,-2.287094116210937,-3.57110595703125
2022-08-29,12,2,298.06072998046875,295.2652282714844,0.2085113525390625,-1.927490234375,522.75,91121.25,269.37969970703125,283.8203430175781,292.33209228515625,0.0050704218447208,0.010060366243124,0.0153717212378978,-7.204681396484375,-4.256927490234375,-0.587005615234375,0.4748992919921875,-1.7514801025390625,-4.9394073486328125
2022-08-29,18,3,294.60064697265625,293.71160888671875,0.452911376953125,-0.012420654296875,333.5,91402.890625,269.0111083984375,283.34375,290.35595703125,0.0047002434730529,0.0099408999085426,0.0146666429936885,-7.449310302734375,-3.5874481201171875,-2.730224609375,2.326446533203125,0.9439849853515624,-1.3562164306640625
2022-08-30,0,0,295.4151611328125,294.0614013671875,-0.259765625,-0.911651611328125,24.0,91268.9375,268.8533935546875,283.1229248046875,290.35858154296875,0.0032899593934416,0.0095029398798942,0.0143012776970863,-7.6626129150390625,-4.682907104492188,-3.575042724609375,4.274383544921875,0.2859649658203125,-0.04144287109375
2022-08-30,6,1,300.1495361328125,294.5543212890625,-1.8996429443359373,1.355987548828125,561.0,91421.453125,269.2764892578125,283.379638671875,292.3510131835937,0.0025542413350194,0.0092803537845611,0.0140109322965145,-10.5391845703125,-6.477996826171875,-3.538421630859375,4.706787109375,1.0778045654296875,1.68292236328125
2022-08-30,12,2,301.29541015625,293.8780822753906,-1.6796875,0.2452850341796875,211.25,91090.265625,269.8261413574219,284.4069519042969,294.2869873046875,0.0017276995349675,0.009032417088747,0.0136096514761447,-11.970809936523438,-4.65362548828125,-4.2689361572265625,3.526885986328125,2.342529296875,-0.653961181640625
2022-08-30,18,3,296.1414794921875,294.4325866699219,-2.022735595703125,1.30084228515625,115.0,91418.4375,268.25396728515625,283.60382080078125,292.14556884765625,0.0028509211260825,0.0086084194481372,0.0140798781067132,-13.951126098632812,-3.151214599609375,-5.064453125,1.8709869384765625,2.094573974609375,2.7457427978515625
2022-08-31,0,0,295.3742370605469,293.75592041015625,-1.239349365234375,0.380706787109375,241.75,91252.234375,267.8876342773437,283.2010803222656,291.5906066894531,0.0028402984607964,0.0086516607552766,0.014078039675951,-14.365447998046877,-4.4811553955078125,-4.4483489990234375,0.033416748046875,0.3419036865234375,2.22003173828125
2022-08-31,6,1,300.55670166015625,294.076171875,-1.9582977294921875,1.014373779296875,1320.75,91325.296875,267.85943603515625,283.11737060546875,292.35076904296875,0.003842377802357,0.0086822658777236,0.0149107165634632,-14.72137451171875,-6.237945556640625,-3.275726318359375,-1.5300140380859375,0.3569793701171875,1.2251739501953125
2022-08-31,12,2,296.5403137207031,294.1695556640625,-2.0040740966796875,1.6213226318359375,487.5,91092.03125,268.88848876953125,283.75152587890625,293.0785522460937,0.0047257132828235,0.0082135293632745,0.0139661729335784,-11.505020141601562,-7.07171630859375,-5.3481292724609375,-3.552032470703125,-0.5207061767578125,2.3674468994140625
2022-08-31,18,3,294.7305908203125,293.76043701171875,-0.3978118896484375,0.7570953369140625,296.75,91335.84375,268.0868530273437,283.1932983398437,292.51544189453125,0.0046460218727588,0.0080657042562961,0.0128689743578433,-11.94793701171875,-5.9772796630859375,-0.5939483642578125,3.123031616210937,0.1890411376953125,3.4263458251953125
2022-09-01,0,0,294.58013916015625,293.5533752441406,0.6190643310546875,-0.468505859375,91.25,91207.3125,268.73681640625,282.4723815917969,291.92205810546875,0.0043461876921355,0.0080640837550163,0.0127725042402744,-11.347152709960938,-7.2559051513671875,2.309906005859375,4.850387573242188,-1.3657989501953125,-0.2091217041015625
2022-09-01,6,1,299.6231994628906,293.5477905273437,0.2548828125,-0.4124908447265625,300.5,91347.125,267.18316650390625,283.2843017578125,291.8500366210937,0.0044977981597185,0.0074438452720642,0.014107808470726,-12.098922729492188,-6.1380157470703125,-0.2100830078125,0.6805572509765625,0.043182373046875,-1.0889129638671875
2022-09-01,12,2,296.1322937011719,293.81988525390625,-1.7920074462890625,0.7965545654296875,228.0,91106.953125,268.43487548828125,283.490478515625,291.4273681640625,0.0049208514392375,0.0092582702636718,0.0133230648934841,-14.926040649414062,-8.365219116210938,-5.5489349365234375,6.764678955078125,-2.8962554931640625,-0.0428619384765625
2022-09-01,18,3,294.30352783203125,293.613525390625,0.6204986572265625,0.3073883056640625,142.25,91351.796875,269.3066711425781,282.577880859375,291.5100402832031,0.0037069565150886,0.0095644183456897,0.0132799670100212,-15.951461791992188,-8.969528198242188,-1.5067138671875,10.8988037109375,0.323760986328125,1.3120880126953125
2022-09-02,0,0,294.93670654296875,293.630859375,-1.053558349609375,0.211517333984375,46.75,91284.09375,269.2757263183594,283.1152648925781,290.5609130859375,0.0035483220126479,0.008658543229103,0.0127364136278629,-12.148727416992188,-7.0431060791015625,-2.4781036376953125,9.846099853515623,2.492904663085937,0.8046112060546875
2022-09-02,6,1,299.3442077636719,292.8466491699219,-1.3815155029296875,1.763092041015625,0.0,91400.078125,269.0718688964844,283.4541320800781,292.0429382324219,0.0030343967955559,0.008648045361042,0.0130808167159557,-11.1578369140625,-4.247039794921875,-2.247528076171875,7.199142456054688,4.543258666992188,2.3172149658203125
2022-09-02,12,2,300.25946044921875,293.6417236328125,-0.0601043701171875,1.4014434814453125,5.5,91188.203125,269.0928955078125,283.5973815917969,293.281005859375,0.0025961732026189,0.0092937014997005,0.0135448947548866,-8.129348754882812,-1.8914642333984373,-0.3763885498046875,4.3531341552734375,3.4515533447265625,1.634124755859375
2022-09-02,18,3,295.3341979980469,293.7367553710937,0.328125,1.4050140380859375,6.25,91394.15625,268.2225341796875,284.0630187988281,292.01788330078125,0.0028364551253616,0.0090299136936664,0.0140878669917583,-9.540985107421877,-2.185897827148437,0.1530914306640625,3.0636138916015625,2.7806549072265625,2.3730926513671875
2022-09-03,0,0,295.4420166015625,293.8408203125,0.9076385498046876,0.7630462646484375,96.25,91344.671875,267.556640625,283.6341552734375,290.69146728515625,0.0027493743691593,0.0089679732918739,0.0143970474600791,-7.817520141601562,-3.669601440429688,2.360595703125,1.102508544921875,2.9613037109375,1.9705657958984373
2022-09-03,6,1,300.59820556640625,293.9322509765625,-0.1597442626953125,0.0364227294921875,249.25,91427.328125,268.30181884765625,284.36968994140625,293.06951904296875,0.0023671276867389,0.0084432959556579,0.0140264891088008,-9.154251098632812,-2.7367706298828125,-0.4591827392578125,0.305419921875,2.7945556640625,-0.22882080078125
2022-09-03,12,2,301.17938232421875,294.920166015625,-0.430908203125,1.0757904052734375,609.75,91073.234375,269.7943115234375,283.9197998046875,293.8397216796875,0.0025237381923943,0.0095831379294395,0.0149154551327228,-7.7400360107421875,-1.3797607421875,-0.2054443359375,-2.2741241455078125,1.8658447265625,1.3973236083984375
2022-09-03,18,3,295.116455078125,294.0355529785156,0.76837158203125,-0.780364990234375,540.75,91420.75,267.94903564453125,284.35498046875,292.53643798828125,0.0029765600338578,0.0084885582327842,0.0146223604679107,-7.1350860595703125,-1.4900665283203125,1.436737060546875,1.489654541015625,-0.3529815673828125,0.38055419921875
2022-09-04,0,0,295.96343994140625,294.3624572753906,0.8317413330078125,-0.5133514404296875,145.25,91287.984375,268.3977966308594,283.9066162109375,291.091796875,0.0029395930469036,0.0085282400250434,0.0142214223742485,-2.352890014648437,-3.6520843505859375,2.0222320556640625,1.2449188232421875,-1.989166259765625,-0.9843597412109376
2022-09-04,6,1,300.8212280273437,294.1205444335937,1.149810791015625,-1.6226654052734375,269.75,91364.984375,269.1705322265625,284.6295166015625,292.4718017578125,0.0027337172068655,0.0075709894299507,0.0148455761373043,-3.039886474609375,-3.591888427734375,1.25091552734375,-2.84381103515625,1.5250244140625,-2.089218139648437
2022-09-04,12,2,300.9970092773437,294.92315673828125,-0.012481689453125,-1.2667083740234375,532.0,91066.984375,269.5330810546875,284.3636779785156,293.51568603515625,0.0036360025405883,0.0088682249188423,0.0140984281897544,-4.272720336914063,-3.462753295898437,0.0296173095703125,-2.738922119140625,-1.1962890625,-3.972335815429688
2022-09-04,18,3,295.26715087890625,294.419677734375,1.2619476318359375,-0.621551513671875,489.25,91451.0625,268.4205017089844,284.00311279296875,290.7187805175781,0.0041246712207794,0.0076047480106353,0.0145094655454158,-4.09307861328125,-4.5769805908203125,-0.693267822265625,-2.087890625,-2.779754638671875,-3.49951171875
2022-09-05,0,0,295.24591064453125,293.69793701171875,1.1732940673828125,-0.36285400390625,59.0,91355.09375,269.2064208984375,282.6147155761719,290.487060546875,0.0043468801304697,0.0091238096356391,0.0142266172915697,-5.455291748046875,-3.816329956054688,2.343048095703125,-2.7562408447265625,1.7360687255859375,-2.8156280517578125
2022-09-05,6,1,299.9623413085937,293.73638916015625,1.4907379150390625,-2.49639892578125,69.0,91359.25,268.8800048828125,284.84930419921875,293.27764892578125,0.0028378872666507,0.0067816786468029,0.0138252303004264,-10.764389038085938,-1.40716552734375,1.8394775390625,0.1480560302734375,-0.44207763671875,-3.7083740234375
2022-09-05,12,2,300.89898681640625,294.388916015625,0.0022735595703125,-0.09466552734375,757.5,90990.9375,269.5453491210937,283.9209289550781,293.57623291015625,0.0039780531078577,0.0093676224350929,0.0146601013839244,-5.578826904296875,-1.819854736328125,-1.3077239990234375,-0.56878662109375,0.4716949462890625,-1.0626678466796875
2022-09-05,18,3,295.5987548828125,294.1357421875,-0.695556640625,0.5185699462890625,835.75,91384.703125,268.34356689453125,283.4161071777344,290.85162353515625,0.0041849352419376,0.0086027942597866,0.0145524740219116,-6.0440673828125,-1.0016937255859375,-1.500701904296875,-0.3117523193359375,3.4604644775390625,1.9387969970703125
2022-09-06,0,0,294.86016845703125,293.4299011230469,1.1729278564453125,-0.694244384765625,30.5,91180.546875,268.08795166015625,283.0584411621094,291.41876220703125,0.0043212920427322,0.0080131888389587,0.0133063904941082,-4.580078125,-2.8237762451171875,2.5196075439453125,-0.4020843505859375,2.785751342773437,0.276947021484375
2022-09-06,6,1,300.0978088378906,293.69775390625,1.263397216796875,0.782501220703125,45.75,91310.703125,268.2987976074219,284.1082458496094,292.4716796875,0.00413035787642,0.0084311366081237,0.0137070342898368,-3.6794586181640634,-3.836090087890625,1.30328369140625,1.354736328125,3.22509765625,1.032196044921875
2022-09-06,12,2,299.8271179199219,294.541259765625,0.6272735595703125,1.655975341796875,1083.25,91016.96875,269.355224609375,283.188720703125,293.8283996582031,0.0044665150344371,0.0100524649024009,0.0150438323616981,-2.607528686523437,-1.03973388671875,1.516143798828125,-0.6272735595703125,4.714447021484375,2.708953857421875
2022-09-06,18,3,294.9012451171875,293.7032775878906,1.15777587890625,0.7903289794921875,245.0,91356.25,268.5614318847656,283.47119140625,291.07794189453125,0.0053538046777248,0.0086884349584579,0.013980146497488,0.6940765380859375,-0.7446746826171875,6.9542388916015625,2.892486572265625,4.1804962158203125,4.115890502929688
2022-09-07,0,0,294.9696655273437,294.003173828125,2.5704803466796875,0.980133056640625,171.5,91182.046875,268.4114990234375,283.00323486328125,291.0162658691406,0.0047091543674468,0.0080660469830036,0.0136187821626663,4.6098480224609375,0.1704254150390625,7.1547698974609375,1.1111602783203125,1.4371185302734375,0.647430419921875
2022-09-07,6,1,298.5301818847656,293.449951171875,3.1556549072265625,1.77227783203125,220.25,91322.8125,268.5426940917969,283.496826171875,291.33233642578125,0.0045010857284069,0.0081368386745452,0.0144011415541172,2.555694580078125,1.230987548828125,4.1768646240234375,-2.6787261962890625,3.6684722900390634,1.8095703125
2022-09-07,12,2,296.7451171875,293.6877136230469,3.303802490234375,0.74554443359375,54.25,91136.046875,268.9829406738281,282.7523803710937,291.408203125,0.0051535107195377,0.0094586014747619,0.0136993192136287,1.7810821533203125,3.0616455078125,8.674041748046875,-4.28497314453125,1.2874755859375,3.2409210205078125
2022-09-07,18,3,294.2205810546875,293.11846923828125,2.6810760498046875,1.550323486328125,18.75,91402.71875,268.6932373046875,282.72314453125,291.193603515625,0.0050438363105058,0.0096576623618602,0.0125897303223609,2.3107147216796875,5.234375,10.807846069335938,-1.7635650634765625,-0.600921630859375,2.489715576171875
2022-09-08,0,0,294.3504638671875,293.1580810546875,3.5548248291015625,1.0496368408203125,28.25,91200.0625,268.25732421875,282.789306640625,290.3700561523437,0.0050034620799124,0.0086487531661987,0.0132517963647842,1.4127349853515625,9.025405883789062,13.188812255859377,-3.545135498046875,1.000396728515625,1.735015869140625
2022-09-08,6,1,296.6766357421875,293.6764831542969,4.71710205078125,0.7125701904296875,176.25,91296.5625,268.5789489746094,283.37469482421875,291.1083984375,0.0053036548197269,0.0080810859799385,0.0135191120207309,3.17169189453125,9.008636474609377,9.74102783203125,-0.9492340087890624,-0.6178131103515625,0.3390045166015625
2022-09-08,12,2,296.4942932128906,294.67510986328125,2.22674560546875,1.5866546630859375,162.5,91034.40625,268.6334228515625,283.9361572265625,291.370361328125,0.0051345936954021,0.008798960596323,0.0134356580674648,13.231613159179688,7.6972503662109375,7.667144775390625,2.9379425048828125,-1.4871826171875,1.7924957275390625
2022-09-08,18,3,294.18408203125,293.6166687011719,2.559173583984375,1.344451904296875,0.0,91275.140625,268.4677734375,283.2379150390625,290.72930908203125,0.0043260045349597,0.0093113258481025,0.0133922863751649,13.129592895507812,7.4228363037109375,10.442214965820312,1.3424835205078125,0.30731201171875,2.51373291015625
2022-09-09,0,0,294.7159118652344,293.51348876953125,2.588226318359375,0.801422119140625,0.25,91119.671875,268.29022216796875,283.4800109863281,290.5447082519531,0.0041852290742099,0.0090793464332818,0.0135301686823368,14.638107299804688,8.863601684570312,11.25189208984375,3.8967437744140634,-0.4561309814453125,1.72113037109375
2022-09-09,6,1,298.94012451171875,293.44708251953125,4.674530029296875,1.766021728515625,45.25,91335.609375,268.9324035644531,283.9218444824219,291.944580078125,0.0035038159694522,0.0091959107667207,0.0137998461723327,13.705123901367188,8.257110595703125,7.4583740234375,1.721466064453125,0.5565643310546875,2.0137176513671875
2022-09-09,12,2,298.83563232421875,294.2294311523437,3.55078125,2.08648681640625,85.5,90954.765625,269.90350341796875,284.89801025390625,292.2779541015625,0.0043257996439933,0.0093103908002376,0.0145258232951164,13.094528198242188,8.624099731445312,9.688934326171877,1.5010986328125,0.5815582275390625,4.06195068359375
2022-09-09,18,3,295.3788757324219,293.38641357421875,3.920745849609375,1.558258056640625,0.5,91267.40625,269.42498779296875,284.4747009277344,290.6440124511719,0.0034392273519188,0.0093564055860042,0.0142146162688732,12.132781982421877,9.521163940429688,13.095962524414062,-0.66265869140625,0.2821044921875,2.7122039794921875
2022-09-10,0,0,295.3050537109375,293.4197692871094,3.936004638671875,1.129180908203125,6.25,91120.546875,269.0946960449219,284.1734619140625,289.95233154296875,0.0040169232524931,0.0089143738150596,0.0141380429267883,9.8514404296875,12.748367309570312,13.8585205078125,0.1902923583984375,-0.2078094482421875,1.9189300537109373
2022-09-10,6,1,298.4486083984375,293.30615234375,6.3675384521484375,0.7458953857421875,0.375,91295.15625,268.7250366210937,283.7344665527344,291.42755126953125,0.00450424477458,0.0098327621817588,0.0140446089208126,11.051620483398438,14.31524658203125,10.870956420898438,-0.1871490478515625,-0.422821044921875,0.942657470703125
2022-09-10,12,2,297.3435363769531,294.5797119140625,3.5303497314453125,2.18841552734375,104.75,91020.640625,269.588134765625,283.9889221191406,291.62432861328125,0.0050524994730949,0.0102441534399986,0.0139723122119903,9.92034912109375,15.330490112304688,12.147109985351562,-1.2055511474609375,0.1034698486328125,3.0880279541015625
2022-09-10,18,3,294.79815673828125,293.13775634765625,4.0828399658203125,1.33563232421875,3.25,91301.0625,270.2285461425781,284.001953125,289.710205078125,0.0038889399729669,0.0092958211898803,0.0139258168637752,6.927658081054688,14.69598388671875,14.712860107421877,1.7483673095703125,0.7700042724609375,1.839385986328125
2022-09-11,0,0,295.05438232421875,293.32330322265625,4.537628173828125,2.1317138671875,0.0,91089.515625,268.44708251953125,284.22467041015625,290.022705078125,0.0043123364448547,0.0086942873895168,0.0140203200280666,8.484344482421875,16.138717651367188,15.841293334960938,1.1543121337890625,1.0072021484375,3.540771484375
2022-09-11,6,1,299.0756530761719,293.0297241210937,7.412384033203125,2.133285522460937,22.25,91268.796875,267.628662109375,284.3507080078125,291.5606689453125,0.004445512779057,0.0085767656564712,0.0140432864427566,7.984725952148437,16.291061401367188,12.5355224609375,2.603546142578125,1.88958740234375,3.1330108642578125
2022-09-11,12,2,298.550048828125,293.119140625,4.828903198242188,1.9943695068359373,0.5,90974.640625,268.6256103515625,283.7249755859375,291.9884948730469,0.0042657516896724,0.0089881718158721,0.014057919383049,6.194625854492188,15.844161987304688,12.384017944335938,2.549468994140625,1.9436798095703125,3.828323364257813
2022-09-11,18,3,294.8778381347656,293.00390625,4.361663818359375,2.54010009765625,5.0,91246.65625,268.8056030273437,284.92803955078125,289.4195556640625,0.0036237756721675,0.0075930543243885,0.0136956758797168,4.8433990478515625,15.382598876953123,15.131103515625,3.48675537109375,2.3992462158203125,4.6580963134765625
2022-09-12,0,0,295.3670349121094,293.15997314453125,4.573822021484375,2.6394500732421875,9.0,91041.59375,268.43896484375,285.016357421875,289.5897216796875,0.0037163156084716,0.0068550668656826,0.0137556456029415,6.648971557617188,15.467941284179688,15.496124267578123,2.93658447265625,3.379013061523437,5.89447021484375
2022-09-12,6,1,298.9225769042969,292.66717529296875,7.3095703125,2.643218994140625,0.0,91200.84375,269.52020263671875,284.05078125,291.9543762207031,0.0029734992422163,0.0079406946897506,0.0137092769145965,6.002532958984375,17.289398193359375,12.840347290039062,3.58233642578125,3.3248443603515625,4.405197143554688
2022-09-12,12,2,298.77911376953125,293.0809936523437,4.718902587890625,1.977294921875,0.5,91025.703125,270.1322021484375,284.2850952148437,291.914794921875,0.0018977825529873,0.0073493793606758,0.0136345066130161,5.913818359375,14.286483764648438,11.55487060546875,3.350936889648437,3.705963134765625,3.9788665771484375
2022-09-12,18,3,294.2147827148437,292.2957763671875,3.469970703125,2.383285522460937,0.0,91342.09375,269.9346923828125,285.2714233398437,289.87225341796875,0.0019373567774891,0.0066447043791413,0.0123696252703666,4.8917236328125,13.230056762695312,13.583969116210938,4.2345733642578125,2.211029052734375,3.545562744140625
2022-09-13,0,0,294.3970947265625,292.4364318847656,3.27496337890625,2.2855224609375,3.0,91268.3125,269.57586669921875,285.0507507324219,289.1969909667969,0.0018400601111352,0.00621073320508,0.0131511986255645,4.394699096679688,9.72320556640625,13.152114868164062,2.4285888671875,3.4591522216796875,3.839019775390625
2022-09-13,6,1,299.41705322265625,292.7139892578125,5.3178253173828125,2.1536865234375,26.5,91456.453125,269.40850830078125,284.3881225585937,291.56298828125,0.0019505969248712,0.0089567564427852,0.0136526264250278,4.5732269287109375,9.82000732421875,9.1751708984375,2.994293212890625,2.775253295898437,3.2416534423828125
2022-09-13,12,2,298.80279541015625,294.2077331542969,3.5160064697265625,1.600860595703125,41.75,91223.6875,270.459228515625,283.78765869140625,292.57177734375,0.0013003109488636,0.0092739909887313,0.0136538045480847,4.2838287353515625,8.3060302734375,9.780853271484377,1.390106201171875,1.766357421875,3.3672637939453125
2022-09-13,18,3,294.476806640625,293.575927734375,2.4168853759765625,1.6486968994140625,0.0,91525.96875,270.3143615722656,283.8714599609375,291.1710205078125,0.0010710514616221,0.0092728082090616,0.0131519958376884,1.60760498046875,5.812667846679688,10.048690795898438,1.228607177734375,1.0723114013671875,1.774566650390625
2022-09-14,0,0,295.191162109375,293.4584655761719,2.512298583984375,1.13128662109375,9.5,91472.921875,269.4599609375,283.6329040527344,289.8972473144531,0.001270429464057,0.00894321128726,0.0127673633396625,1.676025390625,4.124664306640625,10.767059326171877,2.68109130859375,2.3511505126953125,1.162841796875
2022-09-14,6,1,299.6006164550781,293.408203125,4.2862701416015625,1.54278564453125,3.25,91644.609375,269.854736328125,283.1498413085937,291.3305053710937,0.001263665035367,0.0094222426414489,0.0131602361798286,0.1597747802734375,4.8839263916015625,7.54156494140625,2.542724609375,2.9981842041015625,1.7664031982421875
2022-09-14,12,2,299.51043701171875,294.308837890625,1.93157958984375,1.315673828125,412.25,91439.90625,269.0487976074219,282.85089111328125,292.5635070800781,0.0020430558361113,0.0092487670481204,0.0133246518671512,0.520843505859375,5.398773193359375,7.1386260986328125,0.0250244140625,1.968231201171875,1.675384521484375
2022-09-14,18,3,294.91607666015625,293.3454895019531,2.77447509765625,0.955810546875,3.0,91722.6875,269.699462890625,282.96063232421875,291.1771850585937,0.0019962105434387,0.0089311450719833,0.0122303999960422,-2.32135009765625,4.000991821289063,9.153564453125,1.574127197265625,2.286285400390625,0.160369873046875
2022-09-15,0,0,293.98199462890625,292.76043701171875,2.791534423828125,1.0213623046875,0.0,91552.03125,269.2357177734375,282.64862060546875,290.86895751953125,0.0030358270741999,0.0087525285780429,0.0114641226828098,-0.33135986328125,4.54486083984375,11.360702514648438,2.7749786376953125,2.2037811279296875,0.919921875
2022-09-15,6,1,298.5435791015625,292.2926025390625,4.756591796875,1.29168701171875,5.0,91747.59375,268.35894775390625,283.243408203125,290.928466796875,0.003061706200242,0.0077339671552181,0.0125438012182712,0.145660400390625,4.4588470458984375,7.856307983398437,1.7335205078125,3.260971069335937,1.6216278076171875
2022-09-15,12,2,299.7646789550781,293.5986328125,2.72344970703125,0.25372314453125,94.75,91458.9375,268.75653076171875,283.1512145996094,292.52642822265625,0.0026312381960451,0.0074458494782447,0.0131589975208044,1.53497314453125,6.543258666992188,7.431808471679687,-0.8361968994140625,1.687591552734375,1.129852294921875
2022-09-15,18,3,294.8228759765625,293.0278015136719,3.024749755859375,0.3700103759765625,0.0,91680.765625,268.1728210449219,283.646240234375,290.9271240234375,0.0025517214089632,0.0053851418197155,0.0126936845481395,1.5437774658203125,6.5882568359375,8.739028930664062,-1.0633697509765625,2.9058837890625,-0.8661346435546875
2022-09-16,0,0,294.4217529296875,292.7655029296875,3.4313507080078125,0.2480621337890625,0.5,91487.8125,267.80157470703125,284.6844482421875,289.7163391113281,0.0022923809010535,0.0033514325041323,0.0130372755229473,1.8317718505859373,7.103179931640625,10.984695434570312,-2.327621459960937,2.37652587890625,-2.4850616455078125
2022-09-16,6,1,299.5849609375,292.5765380859375,4.426605224609375,0.38214111328125,14.0,91548.546875,268.5677490234375,284.8402099609375,291.88970947265625,0.0027342156972736,0.0025331382639706,0.0125893168151378,1.490478515625,6.3392181396484375,7.8110198974609375,-0.83319091796875,2.349945068359375,-0.262786865234375
2022-09-16,12,2,300.1453552246094,293.7754821777344,2.765594482421875,-0.1387481689453125,20.0,91213.875,269.23052978515625,283.1165771484375,292.8632202148437,0.0026393630541861,0.0069932751357555,0.0130712836980819,2.222152709960937,7.401519775390625,7.8555908203125,-1.0530242919921875,-1.2777862548828125,-1.499267578125
2022-09-16,18,3,295.2829895019531,293.23309326171875,2.390228271484375,-0.2134246826171875,0.5,91478.765625,268.3673400878906,283.55224609375,291.0661926269531,0.0022606065031141,0.0064717791974544,0.0133930332958698,2.0181427001953125,4.6268463134765625,7.105880737304688,-0.5878143310546875,-2.471710205078125,-2.389511108398437
2022-09-17,0,0,294.6372985839844,293.22509765625,2.26629638671875,0.4414215087890625,4.5,91376.5625,268.4110717773437,283.47662353515625,291.16015625,0.0020746900700032,0.0068640746176242,0.0120205506682395,2.25518798828125,3.571395874023437,7.627822875976562,-1.1200408935546875,-1.6640625,-2.20635986328125
2022-09-17,6,1,299.277099609375,293.2513427734375,3.7564544677734375,0.722015380859375,6.75,91559.6875,268.2962646484375,282.890869140625,291.5877685546875,0.0018153684213757,0.0070884004235267,0.0127530321478843,2.713104248046875,3.668380737304688,5.934600830078125,-2.541656494140625,-1.012542724609375,0.4473724365234375
2022-09-17,12,2,300.8705444335937,293.8638610839844,2.02838134765625,0.0359039306640625,140.375,91294.453125,268.0047607421875,283.707275390625,293.31756591796875,0.0015434215310961,0.0068796686828136,0.0134386792778968,2.767440795898437,4.51220703125,5.184112548828125,-3.175506591796875,-0.5370941162109375,-0.5391387939453125
2022-09-17,18,3,295.4703369140625,293.5603942871094,2.5388641357421875,-0.6240692138671875,0.25,91515.546875,268.00115966796875,283.40478515625,291.426513671875,0.0015474604442715,0.0071048997342586,0.0129084661602973,0.201568603515625,3.66912841796875,7.989959716796875,-1.9640655517578125,-1.5973968505859375,-1.9550323486328125
2022-09-18,0,0,294.5067138671875,293.16064453125,2.617584228515625,0.4158172607421875,4.75,91443.84375,267.63336181640625,283.38720703125,291.13092041015625,0.0017930523026734,0.0074821189045906,0.0113836526870727,0.4239959716796875,2.4607086181640625,9.26409912109375,-1.4840850830078125,-2.135482788085937,-2.4964141845703125
2022-09-18,6,1,299.3212890625,292.7260131835937,3.837432861328125,-1.0414886474609375,5.375,91590.296875,268.077880859375,282.5391845703125,291.51373291015625,0.0017202328890562,0.0071132406592369,0.0123540861532092,1.439453125,4.166030883789063,6.022918701171875,-1.0574493408203125,-0.5196685791015625,-1.8527069091796875
2022-09-18,12,2,300.58502197265625,293.54742431640625,1.6522674560546875,-0.2667694091796875,143.5,91281.671875,268.284423828125,283.09014892578125,293.6530456542969,0.0015139980241656,0.0067622326314449,0.0131869949400424,3.0254058837890625,5.825119018554688,4.2315826416015625,-2.700836181640625,-1.7247772216796875,-1.6377410888671875
2022-09-18,18,3,295.58319091796875,293.4219970703125,2.7530517578125,-0.0720367431640625,56.0,91519.5,268.46612548828125,283.0999755859375,291.0291442871094,0.0013113419990986,0.0067222192883491,0.0140852741897106,3.055892944335937,4.444747924804688,8.520721435546875,-2.5611114501953125,-1.399993896484375,-2.35491943359375
2022-09-19,0,0,294.29180908203125,293.2039794921875,2.638900756835937,-0.29339599609375,3.5,91398.625,268.8550720214844,283.34442138671875,290.908203125,0.001427695620805,0.0058216340839862,0.0104902386665344,4.712982177734375,5.832565307617188,8.90802001953125,-2.4070587158203125,-1.0095062255859375,-4.492233276367188
2022-09-19,6,1,298.862548828125,291.9676818847656,4.4012451171875,-0.2335052490234375,3.5,91549.984375,268.6634216308594,282.9868469238281,291.2596130371094,0.0017671901732683,0.0060737431049346,0.0123566500842571,5.77301025390625,6.89599609375,7.15679931640625,-4.950973510742188,-0.388671875,-1.02606201171875
2022-09-19,12,2,298.28570556640625,293.49951171875,2.697998046875,-0.584320068359375,203.25,91309.25,268.365234375,283.43963623046875,291.568603515625,0.0023870961740612,0.0081000663340091,0.0138693265616893,6.125259399414063,9.17095947265625,8.60955810546875,-6.779067993164063,-0.34423828125,-1.6011810302734375
2022-09-19,18,3,294.94610595703125,293.1322326660156,2.8191680908203125,-0.42486572265625,2.25,91510.28125,268.93536376953125,283.40972900390625,290.17852783203125,0.0013663675636053,0.0056098699569702,0.0134027600288391,4.6541595458984375,11.299392700195312,9.397567749023438,-4.4505157470703125,-2.6847076416015625,-3.7994537353515625
2022-09-20,0,0,293.10498046875,292.10113525390625,2.7395782470703125,-0.401641845703125,0.25,91385.359375,267.9676513671875,282.985107421875,290.05194091796875,0.0015790762845426,0.0065441392362117,0.0093160606920719,6.34857177734375,10.989501953125,10.390487670898438,-2.2311248779296875,-3.41064453125,-6.266525268554688
2022-09-20,6,1,298.9765625,290.9858703613281,3.973831176757813,-0.856658935546875,0.0,91519.953125,268.0787658691406,282.91070556640625,290.5406494140625,0.0017322311177849,0.0061864964663982,0.0118179805576801,6.186782836914063,10.9014892578125,6.379364013671875,-1.071258544921875,-3.0320281982421875,-1.5947113037109375
2022-09-20,12,2,298.394775390625,292.1062927246094,3.210311889648437,-0.35125732421875,6.0,91209.84375,268.2128295898437,282.0430908203125,292.1056213378906,0.0017093934584408,0.0081563368439674,0.01212889701128,6.6376953125,10.780731201171877,8.029754638671875,-1.0487060546875,-1.636260986328125,-2.2546844482421875
2022-09-20,18,3,294.7772827148437,292.3585205078125,2.8617706298828125,-0.286163330078125,0.0,91512.3125,268.1698608398437,282.284423828125,290.576416015625,0.001605556346476,0.0070444867014884,0.0123873725533485,6.745285034179688,8.598281860351562,9.384490966796877,-1.113128662109375,-2.3537750244140625,-2.34344482421875
2022-09-21,0,0,293.7264099121094,292.483642578125,2.467529296875,0.0436859130859375,0.0,91347.453125,267.9328918457031,283.42877197265625,290.27984619140625,0.0014485889114439,0.0045143812894821,0.0109802223742008,6.1710205078125,8.584518432617188,8.361557006835938,-0.9816741943359376,-3.822357177734375,-4.843063354492188
2022-09-21,6,1,298.8330078125,291.7695007324219,4.7785186767578125,-0.9630584716796876,4.5,91510.328125,268.6682434082031,282.8049621582031,291.22906494140625,0.0017627952620387,0.0052375560626387,0.0116076208651065,5.35723876953125,7.564666748046875,7.664962768554687,-2.771102905273437,-3.336669921875,-1.8816986083984373
2022-09-21,12,2,299.85089111328125,292.2412109375,1.901947021484375,-0.512054443359375,3.0,91201.0,269.294189453125,283.552001953125,293.0195617675781,0.0015092969406396,0.0045840889215469,0.0115882121026515,2.7802276611328125,8.955947875976562,6.0159759521484375,-3.608642578125,-1.322540283203125,-1.5244598388671875
2022-09-21,18,3,294.9319763183594,292.04327392578125,1.9983673095703125,-0.4293212890625,4.5,91483.4375,269.02081298828125,283.7504272460937,291.1546936035156,0.0017165907192975,0.0033979513682425,0.0126313380897045,0.813812255859375,9.743682861328123,7.30828857421875,-3.4329071044921875,-1.902984619140625,-2.793685913085937
2022-09-22,0,0,294.0811767578125,292.6214599609375,2.5540313720703125,0.5316009521484375,7.625,91417.1875,268.9205322265625,282.48358154296875,290.05767822265625,0.0024699226487427,0.0039405124261975,0.0091664306819438,0.9419403076171876,6.3809356689453125,7.91015625,-3.235580444335937,-1.83343505859375,-2.133407592773437
2022-09-22,6,1,299.2445678710937,291.31103515625,4.4261016845703125,-0.60235595703125,0.0,91548.171875,269.6577453613281,282.7602844238281,290.22515869140625,0.003019783180207,0.0027439200785011,0.01177179813385,0.3211822509765625,7.448211669921875,7.164642333984375,-0.8793792724609375,0.8457183837890625,-1.177001953125
2022-09-22,12,2,299.77423095703125,290.9603881835937,2.2190093994140625,-0.39617919921875,21.25,91297.9375,269.6866455078125,283.17315673828125,292.9541015625,0.0027244111988693,0.0033583207987248,0.0106729939579963,1.2538909912109375,9.555252075195312,6.5433502197265625,-0.463104248046875,-1.3742523193359375,-1.4923858642578125
2022-09-22,18,3,294.6304931640625,291.5408020019531,1.7904815673828125,-0.8631439208984375,0.0,91608.390625,268.53875732421875,282.960205078125,290.99285888671875,0.0023922140244394,0.0035056362394243,0.0118955671787261,1.866241455078125,8.49481201171875,6.4229583740234375,-0.373138427734375,-2.5972442626953125,-3.3469696044921875
2022-09-23,0,0,293.0109558105469,291.7650146484375,2.0662384033203125,-0.0515594482421875,0.0,91468.890625,268.357421875,282.42449951171875,290.4825439453125,0.0019948005210608,0.0051241777837276,0.0099081546068191,2.7190399169921875,6.93450927734375,6.971405029296875,-2.4136505126953125,-2.663192749023437,-1.192901611328125
2022-09-23,6,1,299.620849609375,290.6189880371094,3.95245361328125,-0.4658203125,0.0,91596.546875,269.13623046875,282.15643310546875,290.822021484375,0.0011396249756217,0.0055365599691867,0.0109897926449775,2.9089508056640625,7.466217041015625,6.456146240234375,-3.16455078125,-1.4427642822265625,-1.0929412841796875
2022-09-23,12,2,299.4744873046875,291.6250915527344,2.4066314697265625,-0.9027099609375,48.0,91333.78125,268.967529296875,281.5926513671875,292.0040283203125,0.0005919518880546,0.0086061246693134,0.0120693929493427,3.290618896484375,8.784332275390625,6.0260009765625,-4.9444122314453125,-1.7845458984375,-2.20709228515625
2022-09-23,18,3,295.28076171875,292.2230834960937,2.35467529296875,-0.297393798828125,24.0,91578.65625,269.2114562988281,281.26824951171875,290.0897216796875,0.0008197131101042,0.0091533921658992,0.0128208883106708,0.657073974609375,7.7160491943359375,8.151565551757812,-4.3199005126953125,-2.20562744140625,-0.92779541015625
2022-09-24,0,0,294.3604736328125,292.7584228515625,2.978302001953125,-0.58514404296875,2.125,91465.390625,268.3738098144531,281.653076171875,290.2142944335937,0.0017631486989557,0.0088748596608638,0.0111129041761159,0.7490234375,6.563446044921875,9.980224609375,-4.64215087890625,-3.050155639648437,-4.920822143554688
2022-09-24,6,1,299.90875244140625,291.3637084960937,4.202438354492188,-2.4989013671875,0.5,91565.921875,268.7999572753906,282.46514892578125,291.6278076171875,0.0009887779597193,0.0078119840472936,0.011820551007986,1.707275390625,5.639007568359375,6.6049346923828125,-4.4622344970703125,-2.843490600585937,-4.0125885009765625
2022-09-24,12,2,300.38262939453125,292.9738464355469,2.1653594970703125,-1.5170135498046875,36.5,91218.359375,268.59747314453125,282.3719482421875,292.82818603515625,0.0011594563256949,0.0081610530614852,0.0124400034546852,4.05621337890625,6.7341156005859375,5.33465576171875,-4.362518310546875,-3.862716674804688,-4.207183837890625
2022-09-24,18,3,294.51446533203125,292.7379150390625,2.0537109375,-0.6094818115234375,17.75,91487.015625,268.31805419921875,282.22955322265625,291.0133056640625,0.001248188316822,0.0076589062809944,0.0127908010035753,6.3535003662109375,4.0342864990234375,6.0880126953125,-5.2481536865234375,-3.713211059570313,-3.536468505859375
2022-09-25,0,0,293.86181640625,292.395751953125,2.166366577148437,-0.570404052734375,0.0,91310.125,269.3450012207031,282.03680419921875,290.60205078125,0.0012610077392309,0.0085334554314613,0.0113231316208839,4.21014404296875,3.474761962890625,6.356353759765625,-5.0665283203125,-3.4564208984375,-3.8676605224609375
2022-09-25,6,1,299.91778564453125,292.16522216796875,2.7220001220703125,-2.8646392822265625,0.0,91403.375,269.8519897460937,282.9306030273437,291.8973999023437,0.0012104916386306,0.0073988102376461,0.0123110450804233,0.757232666015625,3.095672607421875,3.9728851318359375,-1.47393798828125,-3.622955322265625,-4.284637451171875
2022-09-25,12,2,300.6332702636719,292.0398864746094,0.9405059814453124,-2.078643798828125,20.25,91163.390625,270.215576171875,283.4691772460937,294.0672302246094,0.0015380610711872,0.0078875161707401,0.0117613226175308,3.5161895751953125,3.199325561523437,2.1651763916015625,-1.6640472412109375,-3.732345581054688,-5.6590576171875
2022-09-25,18,3,295.00079345703125,291.9169311523437,0.9139556884765624,-1.6701812744140625,28.0,91487.078125,270.64727783203125,281.88555908203125,292.8779296875,0.0015573750715702,0.0088674984872341,0.0116149373352527,-0.1109771728515625,0.7083587646484375,0.61151123046875,-4.4330902099609375,-3.956207275390625,-3.0718536376953125
2022-09-26,0,0,294.66607666015625,291.68426513671875,1.85687255859375,-2.216781616210937,5.0,91368.78125,269.5635986328125,281.8842468261719,291.1383972167969,0.0014397376216948,0.0095482021570205,0.0125767961144447,-3.88671875,-2.442230224609375,3.693878173828125,-4.589019775390625,-2.947494506835937,-7.306259155273437
2022-09-26,6,1,297.24462890625,293.04351806640625,1.9585418701171875,-2.289794921875,337.5,91576.84375,268.013916015625,282.2603759765625,290.6556396484375,0.0024246317334473,0.009540569037199,0.0136319734156131,-4.8049163818359375,-1.164642333984375,2.785430908203125,-3.78521728515625,-2.3208465576171875,-4.6385040283203125
2022-09-26,12,2,297.28497314453125,293.39715576171875,2.82611083984375,-2.025054931640625,101.0,91235.78125,269.378173828125,282.5189514160156,291.91363525390625,0.0033896251115947,0.0081463083624839,0.0119681470096111,-6.9694366455078125,2.682601928710937,7.30859375,-0.6590576171875,-0.87060546875,-4.2701568603515625
2022-09-26,18,3,295.3017578125,293.54852294921875,1.7618255615234375,-0.8396453857421875,78.5,91522.328125,268.37237548828125,282.87213134765625,291.10760498046875,0.0027010543271899,0.0079355463385581,0.0123969726264476,-5.802032470703125,3.6049652099609375,7.19744873046875,2.023422241210937,-4.5330352783203125,-6.531890869140625
2022-09-27,0,0,294.54656982421875,293.0913391113281,2.2976837158203125,-1.026123046875,1.625,91392.15625,268.0365600585937,283.37030029296875,290.04180908203125,0.0029432193841785,0.0067863762378692,0.0128374621272087,-3.27862548828125,2.407806396484375,5.2647552490234375,3.209869384765625,-4.7901153564453125,-6.326141357421875
2022-09-27,6,1,298.96484375,292.63629150390625,2.80413818359375,-3.029693603515625,17.375,91409.453125,268.97216796875,284.1828918457031,291.60430908203125,0.0035068113356828,0.0071016997098922,0.0129562485963106,-4.3803253173828125,-0.2215728759765625,4.114990234375,2.34326171875,-4.3189239501953125,-4.8321075439453125
2022-09-27,12,2,299.475830078125,293.0040283203125,1.6000213623046875,-1.2993927001953125,0.0,91136.875,269.4512939453125,283.3589782714844,292.89044189453125,0.0031362986192107,0.0091603025794029,0.0132291838526725,-1.142791748046875,-1.2215118408203125,4.312286376953125,1.5341339111328125,-4.366455078125,-3.8429107666015625
2022-09-27,18,3,296.3324584960937,292.2378234863281,0.96563720703125,-1.36102294921875,0.5,91378.328125,268.6505126953125,282.55108642578125,292.6905822753906,0.0029489074368029,0.0090407729148864,0.0121621526777744,0.1227569580078125,-3.0478668212890625,4.2763519287109375,-0.7267303466796875,-1.0750732421875,-4.574005126953125
2022-09-28,0,0,294.1112976074219,291.9281616210937,1.6752166748046875,-0.70843505859375,0.0,91233.890625,268.497802734375,282.5531616210937,291.9205322265625,0.0032677792478352,0.0093634948134422,0.011941522359848,-1.79083251953125,-0.29345703125,3.673629760742188,-2.3553466796875,-0.5725860595703125,-5.1893310546875
2022-09-28,6,1,298.5418395996094,292.774169921875,2.4155731201171875,-2.20843505859375,1.25,91368.59375,269.3716735839844,282.54364013671875,291.4654235839844,0.0030669241677969,0.0092678107321262,0.0131670571863651,-1.087982177734375,0.048065185546875,3.77264404296875,-0.3074188232421875,-0.23431396484375,-3.531845092773437
2022-09-28,12,2,299.29833984375,292.8376159667969,2.307647705078125,-0.5977020263671875,8.0,91082.734375,269.9592590332031,282.7562866210937,292.7142944335937,0.0030134094413369,0.0099141672253608,0.012904867529869,0.3275909423828125,1.390472412109375,5.6036224365234375,-3.598861694335937,-0.2102508544921875,-2.3520050048828125
2022-09-28,18,3,295.3675537109375,292.0726928710937,1.6569671630859375,-0.00653076171875,0.625,91338.578125,268.6219177246094,282.8457336425781,292.2735595703125,0.0035178873222321,0.0095373503863811,0.0124955810606479,-1.6935272216796875,1.643798828125,5.7737884521484375,-3.356796264648437,-1.3908538818359375,-2.6573638916015625
2022-09-29,0,0,294.04083251953125,292.1186828613281,2.82342529296875,-0.567840576171875,0.0,91214.078125,268.3887939453125,282.45806884765625,291.7293701171875,0.0035024981480091,0.0088895559310913,0.0090500712394714,0.3198699951171875,1.856414794921875,8.380584716796875,-4.0936279296875,-0.7031707763671875,-4.4306488037109375
2022-09-29,6,1,297.723876953125,291.6903381347656,2.88201904296875,-2.9510650634765625,1.0,91322.125,268.5748596191406,283.9818115234375,290.5717468261719,0.0036460363771766,0.0065863095223903,0.0128604546189308,1.990081787109375,2.2037353515625,4.59991455078125,-2.273101806640625,-4.01239013671875,-5.3552093505859375
2022-09-29,12,2,299.0652160644531,292.7623596191406,2.257232666015625,-0.9703521728515624,0.25,91050.328125,268.8562316894531,283.9217529296875,293.11962890625,0.0033063127193599,0.0062998458743095,0.0125854164361953,2.5745849609375,2.98419189453125,7.447860717773437,-3.87841796875,-4.5091552734375,-3.0904998779296875
2022-09-29,18,3,295.62921142578125,291.9564514160156,3.0137176513671875,0.2601318359375,0.5,91378.46875,267.8973388671875,282.44091796875,291.80352783203125,0.0044953897595405,0.0076873525977134,0.0129591412842273,2.73114013671875,2.2530517578125,8.298248291015625,-4.4474029541015625,-3.1815338134765625,-2.0556640625
2022-09-30,0,0,294.21484375,292.4327697753906,3.2798309326171875,-1.6730499267578125,9.375,91269.671875,268.7286682128906,282.83660888671875,289.9696655273437,0.005149271339178,0.0091215372085571,0.0118041150271892,3.132293701171875,6.553253173828125,10.061981201171877,-3.7178955078125,-3.992477416992188,-8.567794799804688
2022-09-30,6,1,297.8812561035156,293.1928405761719,3.794769287109375,-2.3264617919921875,90.375,91410.09375,268.6939697265625,282.3353271484375,290.8603820800781,0.0046973451972007,0.0080216862261295,0.0133138634264469,7.6531982421875,6.3980255126953125,6.835708618164063,-0.28765869140625,-5.306915283203125,-4.594268798828125
2022-09-30,12,2,295.2205810546875,293.28875732421875,2.740814208984375,-0.89599609375,192.375,91217.828125,269.03924560546875,281.95849609375,290.50006103515625,0.0047856830060482,0.0094099938869476,0.0140442550182342,6.554702758789063,6.4248046875,7.8966064453125,-3.666717529296875,-4.0806427001953125,-2.4050445556640625
2022-09-30,18,3,293.215576171875,292.408935546875,3.5233306884765625,-0.0418548583984375,74.875,91432.9375,268.691162109375,282.0609741210937,289.90509033203125,0.0051622614264488,0.0097180306911468,0.0134167000651359,6.816864013671875,5.543212890625,11.807830810546877,-3.1790771484375,-5.5095062255859375,-3.73382568359375
2022-10-01,0,0,293.0013427734375,292.57672119140625,3.329071044921875,0.8142242431640625,64.0,91290.296875,268.485107421875,281.80322265625,289.7181396484375,0.0049627758562564,0.0080122947692871,0.0134093575179576,4.6339111328125,-1.05230712890625,9.60772705078125,-4.6631927490234375,-10.869110107421877,-5.3294219970703125
2022-10-01,6,1,297.3636779785156,293.685791015625,3.970916748046875,0.623321533203125,539.125,91455.5625,268.4463806152344,281.6783752441406,290.24822998046875,0.0050153024494647,0.0082816034555435,0.0134127549827098,3.0813751220703125,2.042999267578125,10.868423461914062,-4.0771331787109375,-10.162460327148438,-3.0505523681640625
2022-10-01,12,2,294.7618713378906,293.6356811523437,2.952178955078125,-1.7275543212890625,252.625,91267.546875,269.3719177246094,281.9822998046875,289.9911804199219,0.0054460056126117,0.0094011276960372,0.0141720846295356,5.6508331298828125,2.4957275390625,9.6815185546875,-2.9843292236328125,-11.725616455078123,-6.023529052734375
2022-10-01,18,3,293.20068359375,292.7021484375,3.8140869140625,-1.4402313232421875,143.875,91454.125,268.240478515625,282.11541748046875,290.3076477050781,0.0049362704157829,0.0089990831911563,0.013018861413002,5.49578857421875,1.3566131591796875,12.274932861328123,-4.262542724609375,-9.163223266601562,-7.3469390869140625
2022-10-02,0,0,293.43878173828125,292.32550048828125,3.1490020751953125,-0.7786712646484375,8.875,91220.234375,268.3162841796875,283.60272216796875,290.4407958984375,0.0043579787015914,0.0070902071893215,0.0125547386705875,5.1505279541015625,1.2127532958984375,8.625015258789062,-2.74627685546875,-7.8674163818359375,-7.867706298828125
2022-10-02,6,1,297.836669921875,292.5962219238281,4.192794799804688,-3.6646575927734375,36.75,91452.328125,268.1165771484375,282.95147705078125,291.0880126953125,0.0044249519705772,0.0075885728001594,0.0124519430100917,4.446578979492188,1.0986328125,6.8670196533203125,-2.80120849609375,-6.5010833740234375,-6.678497314453125
2022-10-02,12,2,297.2486572265625,293.6165466308594,1.7254486083984375,-1.683624267578125,189.75,91203.875,268.9627685546875,282.5787353515625,292.3394470214844,0.0046140626072883,0.0064408853650093,0.0131564624607563,1.112548828125,3.6201324462890634,4.0850982666015625,-4.9997406005859375,-7.2297515869140625,-7.800933837890625
2022-10-02,18,3,294.44921875,292.86492919921875,3.01837158203125,-0.8306427001953125,157.125,91401.359375,267.7611083984375,282.92205810546875,291.210693359375,0.0045034699141979,0.0053798072040081,0.0140340887010097,-0.830169677734375,0.4535369873046875,8.60400390625,-4.6597900390625,-8.45166015625,-5.5271759033203125
2022-10-03,0,0,294.0587158203125,293.09039306640625,3.004791259765625,-1.3471221923828125,31.375,91264.484375,268.5542297363281,282.6671142578125,290.9910888671875,0.0042946226894855,0.0073108077049255,0.0134422779083251,-0.769622802734375,0.7069091796875,7.651565551757812,-6.954986572265625,-7.326309204101562,-8.871810913085938
2022-10-03,6,1,297.4655456542969,292.90728759765625,2.4908905029296875,-4.1397552490234375,62.75,91417.109375,269.37188720703125,283.0121765136719,291.0634765625,0.0028972323052585,0.0059562474489212,0.0132395885884761,-1.1796875,0.5244140625,4.025680541992188,-5.641204833984375,-6.6848907470703125,-7.8001708984375
2022-10-03,12,2,298.58349609375,293.6051330566406,1.3974151611328125,-2.4709625244140625,28.75,91142.640625,269.8753662109375,283.1297607421875,292.56707763671875,0.0020610732026398,0.0059863254427909,0.0130126476287841,-1.0438232421875,1.4273223876953125,3.4916229248046875,-1.627777099609375,-9.655807495117188,-8.609634399414062
2022-10-03,18,3,294.5724792480469,292.9046630859375,2.0313720703125,-0.8959197998046875,66.25,91399.421875,269.74713134765625,282.42626953125,291.8533935546875,0.0021574872080236,0.0060332641005516,0.013087972998619,-0.9170074462890624,-1.9396209716796875,4.933151245117188,-1.981353759765625,-10.051162719726562,-7.758514404296875
2022-10-04,0,0,293.7355651855469,293.09100341796875,2.4229736328125,-0.699432373046875,31.125,91279.28125,269.8270568847656,281.9537353515625,291.336181640625,0.0025125122629106,0.006876416504383,0.0122147798538208,1.9385223388671875,-2.3719940185546875,5.2758636474609375,-2.6388702392578125,-8.44525146484375,-8.309600830078125
2022-10-04,6,1,299.34033203125,293.3427734375,2.5337371826171875,-4.9709320068359375,90.0,91359.796875,269.427734375,282.26123046875,292.0101318359375,0.0026365951634943,0.0070163123309612,0.0133993029594421,-2.1234130859375,0.9720306396484376,4.0802154541015625,0.783966064453125,-7.667678833007812,-8.47161865234375
2022-10-04,12,2,298.9942321777344,292.95953369140625,1.12530517578125,-2.516098022460937,99.5,91099.84375,270.1929931640625,283.1061706542969,292.83966064453125,0.0031731494236737,0.0067704804241657,0.0132051892578601,0.1673736572265625,1.8227691650390625,2.676544189453125,1.2655792236328125,-7.272659301757812,-8.310470581054688
2022-10-04,18,3,294.51861572265625,292.771240234375,1.3060302734375,-0.5272369384765625,43.25,91353.09375,269.52099609375,282.7208557128906,292.44921875,0.0040070861577987,0.0050934292376041,0.0130416341125965,-1.0569305419921875,1.66900634765625,3.33502197265625,3.6948394775390634,-7.120132446289063,-7.29583740234375
2022-10-05,0,0,294.3350830078125,293.33123779296875,2.5489654541015625,-0.9228515625,18.625,91238.734375,269.5678100585937,282.642578125,291.4804077148437,0.0038454851601272,0.0056920163333415,0.0127957686781883,2.625717163085937,2.676971435546875,5.2831878662109375,2.19610595703125,-4.93096923828125,-7.964035034179687
2022-10-05,6,1,298.85089111328125,293.6593017578125,2.278289794921875,-3.9093017578125,64.875,91340.5625,268.3514099121094,282.5440673828125,291.7267761230469,0.0039289370179176,0.006345048546791,0.0135233737528324,2.77471923828125,1.9750518798828125,3.4320220947265625,0.87823486328125,-4.265625,-6.469146728515625
2022-10-05,12,2,299.122802734375,294.0920715332031,1.6729583740234375,-0.1204681396484375,413.0,91018.0,269.3055419921875,283.3560791015625,293.3134765625,0.0037222353275865,0.0074453502893447,0.0136695094406604,1.6800079345703125,3.5430145263671875,3.877609252929688,-4.100631713867188,-3.78082275390625,-2.7928619384765625
2022-10-05,18,3,295.0303955078125,293.2738342285156,1.3366546630859375,0.8310089111328125,129.875,91306.9375,267.9615173339844,282.1610107421875,290.6470947265625,0.0042297481559216,0.008966214954853,0.01404420286417,0.3184356689453125,3.758880615234375,6.563247680664063,-2.811187744140625,-3.768890380859375,-2.92047119140625
2022-10-06,0,0,293.80670166015625,293.29840087890625,2.845428466796875,0.587432861328125,84.25,91118.984375,267.67999267578125,282.20068359375,290.9627380371094,0.0037070328835397,0.0082987621426582,0.0124947503209114,5.7647552490234375,5.4723968505859375,8.715545654296875,0.007720947265625,-2.422821044921875,-3.754852294921875
2022-10-06,6,1,297.2518310546875,294.378173828125,4.0679931640625,0.0851593017578125,412.625,91288.75,268.0978698730469,282.47686767578125,290.9623718261719,0.0041722655296325,0.0082228817045688,0.0138573795557022,6.3819580078125,5.7247161865234375,6.6787872314453125,1.1093292236328125,-1.381988525390625,-0.574951171875
2022-10-06,12,2,295.984375,293.390380859375,3.0179443359375,0.9321441650390624,142.0,91062.328125,268.6438903808594,282.4608459472656,291.5711975097656,0.0048989690840244,0.0086610801517963,0.0129590705037117,4.683258056640625,7.282196044921875,9.295913696289062,-0.943115234375,0.02008056640625,0.04656982421875
2022-10-06,18,3,294.041015625,292.7799377441406,2.13995361328125,0.990020751953125,2.75,91409.640625,268.4418334960937,282.9066162109375,290.3102111816406,0.0046428330242633,0.007667351514101,0.0109280385076999,2.853240966796875,4.075592041015625,8.578475952148438,1.0494842529296875,0.4196319580078125,-2.288909912109375
2022-10-07,0,0,292.80035400390625,291.74169921875,1.7930908203125,0.76666259765625,0.0,91191.78125,269.2059326171875,281.70709228515625,289.7222900390625,0.0037220697849988,0.0082646906375885,0.0109875611960887,4.863037109375,4.34857177734375,8.615219116210938,0.66033935546875,-0.4314422607421875,-2.285140991210937
2022-10-07,6,1,298.4265441894531,291.916259765625,3.259017944335937,0.3341064453125,0.0,91363.515625,269.744384765625,282.01397705078125,290.5924072265625,0.001812306465581,0.0072725936770439,0.0122077129781246,3.5899810791015625,1.62640380859375,5.256881713867188,0.4520416259765625,1.614959716796875,-0.2901763916015625
2022-10-07,12,2,298.123291015625,292.33526611328125,1.202362060546875,1.01202392578125,6.875,91151.6875,269.0068359375,282.7276611328125,292.87774658203125,0.00150838913396,0.005117664579302,0.0113711506128311,1.830963134765625,2.9321441650390625,4.689361572265625,-1.3093109130859375,2.263916015625,1.145660400390625
2022-10-07,18,3,294.2503662109375,291.1424560546875,1.7002105712890625,0.1966400146484375,0.5,91477.875,269.16461181640625,282.36260986328125,291.17596435546875,0.0026231075171381,0.0032246406190097,0.0115166418254375,-2.1244049072265625,1.5783843994140625,4.731216430664063,-2.5151519775390625,0.671905517578125,-1.2672576904296875
2022-10-08,0,0,292.7182006835937,291.3795166015625,1.2071075439453125,-0.79632568359375,0.0,91358.0,268.9996337890625,283.5046691894531,289.94561767578125,0.0035665477626025,0.0035634138621389,0.0120136961340904,-3.82122802734375,-0.029815673828125,1.76739501953125,-0.3553009033203125,1.1558990478515625,-2.07720947265625
2022-10-08,6,1,299.4520263671875,291.7040405273437,1.0633392333984375,-1.088775634765625,0.375,91488.1875,269.12677001953125,283.24462890625,291.18798828125,0.0039585158228874,0.0042960867285728,0.012473776936531,-9.44677734375,-0.9219970703125,1.17559814453125,1.0831756591796875,0.8275299072265625,-1.822021484375
2022-10-08,12,2,299.23834228515625,292.0366516113281,-0.063018798828125,-0.8618011474609375,8.125,91212.15625,268.63916015625,282.46795654296875,292.8099365234375,0.0052053090184926,0.0077453032135963,0.0118893720209598,-8.182723999023438,0.607452392578125,1.243133544921875,3.476806640625,-0.8619842529296875,-3.3276519775390625
2022-10-08,18,3,294.96002197265625,292.9429931640625,-1.1914825439453125,-0.2227020263671875,78.625,91455.765625,268.6864013671875,282.57916259765625,291.8835144042969,0.0047389306128025,0.0079386122524738,0.0125245228409767,-5.917083740234375,-0.7080535888671875,-0.4294281005859375,2.62823486328125,-3.04656982421875,-4.5726318359375
2022-10-09,0,0,294.8031005859375,293.243896484375,0.783782958984375,-0.6720123291015625,72.75,91358.234375,267.99755859375,282.0782470703125,290.87078857421875,0.0045350193977355,0.0093602687120437,0.0132720246911048,-3.3880615234375,-5.758102416992188,-0.0380706787109375,0.1470489501953125,-3.082183837890625,-4.845947265625
2022-10-09,6,1,298.96844482421875,293.6312866210937,0.3610687255859375,-1.718719482421875,202.5,91516.875,269.0541381835937,282.11248779296875,291.25640869140625,0.004029432311654,0.010020924732089,0.0141060166060924,-5.2840118408203125,-5.51214599609375,0.017303466796875,-1.2793731689453125,-2.421478271484375,-3.7425689697265625
2022-10-09,12,2,296.1366577148437,294.1886291503906,-0.0444793701171875,-2.08306884765625,154.125,91251.078125,268.50640869140625,283.6993103027344,291.3979797363281,0.0045082923024892,0.0097742639482021,0.0144017711281776,-3.957595825195313,-3.4480133056640625,-0.62359619140625,-1.8999786376953125,-2.211029052734375,-5.93072509765625
2022-10-09,18,3,294.2889404296875,293.6298522949219,-0.7713623046875,-0.6702117919921875,37.875,91552.4375,268.8505859375,282.6673278808594,290.92095947265625,0.0043977964669466,0.0102970190346241,0.0143936518579721,-5.3882904052734375,-3.4226226806640625,-1.65740966796875,1.45416259765625,-0.999755859375,-3.26751708984375
2022-10-10,0,0,294.5186462402344,293.5089111328125,-0.08013916015625,-1.1418304443359375,14.375,91469.921875,268.8095703125,282.30035400390625,290.5327453613281,0.0042133834213018,0.010324471630156,0.0137436706572771,-8.448074340820312,-2.4818267822265625,-1.7781982421875,1.7938690185546875,-0.1463623046875,-3.130218505859375
2022-10-10,6,1,299.42010498046875,294.41265869140625,-1.9149932861328125,-0.603363037109375,307.0,91586.34375,269.0960693359375,283.2467041015625,291.3719482421875,0.0047022551298141,0.0099787171930074,0.0144655518233776,-9.06005859375,-2.8262481689453125,-2.999542236328125,3.859176635742188,1.124237060546875,-0.983978271484375
2022-10-10,12,2,297.60760498046875,294.7616882324219,-0.5045166015625,0.9809722900390624,302.5,91300.375,269.0043334960937,284.1068725585937,291.9498291015625,0.0046910718083381,0.0091638192534446,0.0146612673997879,-3.811569213867188,-2.471298217773437,-2.16351318359375,2.881622314453125,1.4609222412109375,2.510345458984375
2022-10-10,18,3,294.7580261230469,293.7130126953125,-1.2943878173828125,1.457550048828125,17.375,91564.0625,268.5911865234375,283.6752319335937,290.86962890625,0.0038252463564276,0.0090761445462703,0.0145938210189342,-2.1634674072265625,-2.80517578125,-1.5095367431640625,2.104827880859375,2.920440673828125,3.2169647216796875
2022-10-11,0,0,294.4288024902344,293.4959716796875,-0.5125732421875,0.121795654296875,1.25,91448.296875,268.485107421875,283.01824951171875,290.39501953125,0.0044239871203899,0.0094062499701976,0.0139897242188453,-1.74371337890625,-1.4328155517578125,0.329742431640625,2.7489471435546875,2.46649169921875,1.445587158203125
2022-10-11,6,1,299.519775390625,294.658935546875,-1.2504425048828125,2.38214111328125,849.0,91553.65625,268.9817810058594,283.5948486328125,291.2789306640625,0.0037791798822581,0.0096576921641826,0.0144961327314376,-1.877777099609375,-1.8481597900390625,-2.2691192626953125,0.770111083984375,2.285064697265625,3.26055908203125
2022-10-11,12,2,298.89727783203125,294.76763916015625,-0.86285400390625,2.1892547607421875,159.25,91240.109375,269.01641845703125,283.64910888671875,291.8307800292969,0.0032492892351001,0.0101418867707252,0.0142649412155151,-3.5150604248046875,-0.2115478515625,-2.187774658203125,1.3496551513671875,4.5543365478515625,4.55535888671875
2022-10-11,18,3,294.6561889648437,293.8265686035156,0.490966796875,0.5056304931640625,12.5,91591.640625,268.4999084472656,282.9310302734375,290.5736999511719,0.0035172603093087,0.0099232420325279,0.0141724236309528,-3.1526031494140625,-0.0021514892578125,-0.3255462646484375,3.119659423828125,4.687896728515625,4.1481781005859375
2022-10-12,0,0,294.42498779296875,293.4010009765625,-0.4751129150390625,0.666107177734375,1.5,91438.421875,268.54364013671875,282.542724609375,290.42987060546875,0.0033277438487857,0.0098411180078983,0.0136883705854415,-2.77276611328125,-0.3035888671875,1.7086944580078125,2.0343170166015625,3.8348236083984375,3.76922607421875
2022-10-12,6,1,299.53546142578125,294.3440246582031,1.1658172607421875,0.4697418212890625,442.625,91653.8125,268.6830749511719,282.85498046875,290.7740478515625,0.0031261541880667,0.0094683058559894,0.0137751698493957,-5.0726470947265625,-0.4575347900390625,1.08953857421875,1.331390380859375,3.0780792236328125,1.396484375
2022-10-12,12,2,298.79461669921875,294.7047119140625,-0.8029632568359375,0.8795623779296875,995.25,91293.734375,268.6332397460937,283.2743530273437,292.90985107421875,0.0036252834834158,0.0082777366042137,0.0142326280474662,-3.40618896484375,-0.1295013427734375,0.2841949462890625,1.014556884765625,2.382186889648437,2.029769897460937
2022-10-12,18,3,295.1082458496094,293.81280517578125,0.027008056640625,-0.649261474609375,308.375,91624.921875,268.0216064453125,282.3231201171875,290.38482666015625,0.0038828952237963,0.0090992897748947,0.0143156498670578,-4.547286987304688,-1.7742767333984375,0.2153778076171875,-0.8878021240234375,1.2891387939453125,1.5348358154296875
2022-10-13,0,0,294.55633544921875,293.5604553222656,0.444549560546875,-0.45928955078125,83.375,91482.0,267.71490478515625,282.817626953125,290.3796691894531,0.0033540776930749,0.0079331919550895,0.0141720194369554,-4.437423706054688,-2.148544311523437,1.3892974853515625,-3.58538818359375,0.1167144775390625,0.6967315673828125
2022-10-13,6,1,300.1498107910156,293.9734191894531,-0.887847900390625,-0.171661376953125,89.125,91552.171875,267.680419921875,284.0116577148437,292.3807678222656,0.0028275984805077,0.0070202834904193,0.0133871883153915,-7.0706634521484375,-3.2484283447265625,-1.8607025146484373,-0.0856781005859375,-1.434539794921875,-0.1576385498046875
2022-10-13,12,2,299.04803466796875,293.4029541015625,-1.3021087646484375,-0.292022705078125,391.625,91282.359375,268.8232421875,283.00323486328125,292.41680908203125,0.0027697123587131,0.0094806179404258,0.014212466776371,-4.138717651367188,-3.7745513916015625,-4.1768341064453125,-0.734832763671875,-1.0750274658203125,0.401611328125
2022-10-13,18,3,294.400146484375,293.4725341796875,-1.161407470703125,0.3246002197265625,151.625,91591.21875,268.2168884277344,282.30816650390625,291.4947204589844,0.0029837128240615,0.0090213231742382,0.0139519199728965,-4.756759643554688,-5.017990112304688,-3.344711303710937,-0.29656982421875,0.1509246826171875,2.5750274658203125
2022-10-14,0,0,294.5419311523437,293.36065673828125,0.1248016357421875,1.394439697265625,77.0,91386.46875,267.871826171875,282.72613525390625,291.0765991210937,0.003133084392175,0.0081859342753887,0.0134599059820175,-4.0982208251953125,-4.522506713867188,-1.426727294921875,-1.9900970458984373,-1.1125030517578125,3.4375
2022-10-14,6,1,299.8465576171875,293.1370544433594,1.1073150634765625,-0.6137847900390625,1152.375,91497.65625,268.84735107421875,282.9017944335937,290.95196533203125,0.0027826470322906,0.0078713931143283,0.0144747272133827,-4.857513427734375,-5.17303466796875,0.8101806640625,0.0713348388671875,-0.733795166015625,-1.22698974609375
2022-10-14,12,2,298.28582763671875,294.36004638671875,-1.6533203125,-0.55255126953125,373.25,91216.140625,268.8950500488281,282.99462890625,292.22930908203125,0.0039313375018537,0.0095762200653553,0.0139276757836341,-3.40478515625,-2.771087646484375,-3.4260711669921875,-0.3189544677734375,-1.4454193115234375,-3.11492919921875
2022-10-14,18,3,294.7183532714844,293.8648986816406,0.97637939453125,-0.7298431396484375,250.875,91482.4375,267.94696044921875,282.4447021484375,290.74859619140625,0.0038858940824866,0.0089366622269153,0.0142303593456745,-3.84906005859375,-2.3354644775390625,-1.3574981689453125,-2.20916748046875,-2.8979644775390625,-3.870315551757813
2022-10-15,0,0,294.5050048828125,293.25177001953125,0.0750885009765625,-1.187286376953125,51.125,91338.515625,267.86456298828125,282.3119506835937,290.5560913085937,0.0042370371520519,0.009153164923191,0.0137570528313517,-3.0423736572265625,-1.90338134765625,-3.5863494873046875,-1.524810791015625,-2.1376190185546875,-3.972564697265625
2022-10-15,6,1,300.587158203125,293.22998046875,-1.6368865966796875,-2.10491943359375,1.0,91386.359375,268.5419311523437,283.465087890625,292.0901794433594,0.0040967725217342,0.0084669701755046,0.013449490070343,-2.8327178955078125,-1.4342803955078125,-2.6743316650390625,-0.5576934814453125,-2.758529663085937,-3.297958374023437
2022-10-15,12,2,299.234130859375,294.08837890625,-1.7317047119140625,0.3700714111328125,314.375,91113.5,268.84454345703125,283.22222900390625,293.1094970703125,0.0029422277584671,0.0091328844428062,0.0136935412883758,-0.6427459716796875,-1.854736328125,-5.066375732421875,-1.6121826171875,-1.338531494140625,-1.461212158203125
2022-10-15,18,3,295.72882080078125,294.35357666015625,-1.0121307373046875,0.57830810546875,139.75,91435.421875,268.4105224609375,283.138916015625,291.11114501953125,0.0037310209590941,0.0090876668691635,0.0145306773483753,-3.5581817626953125,-2.40509033203125,-1.9553680419921875,-1.474945068359375,0.5728302001953125,1.9422454833984373
2022-10-16,0,0,295.1949462890625,293.8699951171875,-0.589111328125,1.056243896484375,0.25,91335.359375,268.7475891113281,283.2080078125,290.62847900390625,0.0036774005275219,0.0091069526970386,0.0141349807381629,-4.107940673828125,-2.6115875244140625,-1.00274658203125,0.468475341796875,1.5497894287109375,3.984085083007813
2022-10-16,6,1,298.4288024902344,294.2547912597656,-0.256317138671875,1.4303741455078125,483.5,91584.984375,269.1087646484375,282.0464782714844,292.0155334472656,0.0033168091904371,0.0096844211220741,0.0140785872936248,-5.6131591796875,-3.98785400390625,-0.91424560546875,2.104339599609375,2.349716186523437,2.007965087890625
2022-10-16,12,2,298.7093505859375,294.81463623046875,-0.4850311279296875,0.694366455078125,1000.25,91414.625,268.3394470214844,282.787109375,292.7387084960937,0.003154203062877,0.0092892721295356,0.0143800713121891,-4.1476898193359375,-3.07666015625,-0.9277496337890624,0.703277587890625,2.0817108154296875,3.0333404541015625
2022-10-16,18,3,295.06298828125,293.8343200683594,-1.1484375,0.59405517578125,316.25,91747.71875,267.8741760253906,282.94317626953125,291.3096008300781,0.0032558892853558,0.0087561644613742,0.0144227892160415,-3.919769287109375,-3.42889404296875,-2.654815673828125,0.79144287109375,1.93817138671875,2.4369354248046875
2022-10-17,0,0,295.3287658691406,293.8451232910156,-1.4514923095703125,0.39154052734375,0.125,91595.3125,268.3471069335937,283.8895263671875,290.97393798828125,0.0031826917547732,0.0080096907913684,0.013363741338253,-2.58441162109375,-3.2005767822265625,-3.870880126953125,-2.4947967529296875,1.680816650390625,2.083358764648437
2022-10-17,6,1,299.62322998046875,293.60064697265625,-2.9658966064453125,0.7058868408203125,49.5,91740.546875,267.99053955078125,283.39337158203125,291.4462280273437,0.0028369014617055,0.008444108068943,0.013459488749504,-1.58447265625,-4.7081451416015625,-4.9371490478515625,-2.771575927734375,0.5305328369140625,0.7983551025390625
2022-10-17,12,2,299.0248107910156,294.4132385253906,-0.901458740234375,1.544097900390625,308.25,91483.0,268.5679931640625,283.0128173828125,292.1889038085937,0.0033704838715493,0.0087260082364082,0.0138717666268348,-1.1690673828125,-3.959259033203125,-3.1837158203125,-3.712066650390625,-0.715087890625,3.103912353515625
2022-10-17,18,3,294.65283203125,293.4765625,-0.837646484375,0.886016845703125,116.25,91726.703125,268.1814270019531,282.6856689453125,291.3403625488281,0.0024022941943258,0.0083394199609756,0.0139586068689823,-0.1460418701171875,-4.6368560791015625,-1.1146240234375,-3.342803955078125,-0.4468994140625,2.792816162109375
2022-10-18,0,0,295.0429077148437,293.638671875,0.392974853515625,1.2311553955078125,19.375,91592.609375,267.68707275390625,282.8648376464844,290.8121337890625,0.0017543213907629,0.0080988481640815,0.0129545889794826,-0.1587677001953125,-2.437469482421875,0.32574462890625,-4.127655029296875,-0.4491729736328125,1.327362060546875
2022-10-18,6,1,300.3045349121094,293.4031677246094,1.30950927734375,0.6761474609375,567.125,91715.328125,268.72332763671875,282.042236328125,291.4839782714844,0.0016620797105133,0.0084860101342201,0.0133755579590797,-3.0914764404296875,-3.5087432861328125,0.9202423095703124,-1.578521728515625,-1.070404052734375,0.1048583984375
2022-10-18,12,2,297.6159973144531,293.75909423828125,0.2636260986328125,-0.325958251953125,498.5,91432.296875,268.4149475097656,282.90655517578125,292.4889221191406,0.0029081581160426,0.0086278095841407,0.0127867385745048,-3.2293853759765625,-0.82305908203125,1.582305908203125,-1.5260772705078125,-0.0312042236328125,-0.1138458251953125
2022-10-18,18,3,294.4617919921875,293.37823486328125,0.3469696044921875,-0.8405609130859375,129.25,91741.265625,267.47052001953125,282.57861328125,290.30517578125,0.0039521213620901,0.0081448294222354,0.0137237533926963,-2.9405059814453125,-1.8271484375,-0.8254241943359375,0.847412109375,-0.0775909423828125,-2.23699951171875
2022-10-19,0,0,293.1981811523437,292.2636108398437,0.9793701171875,-1.2498321533203125,0.0,91525.78125,268.0983581542969,282.345947265625,290.81072998046875,0.0035911265294998,0.0076284371316432,0.0129661969840526,-1.6146240234375,-1.7773895263671875,-2.634002685546875,-0.4107818603515625,-1.7874298095703125,-2.5367889404296875
2022-10-19,6,1,300.6643981933594,293.5528564453125,-1.103729248046875,-1.16754150390625,58.375,91634.0,268.786865234375,282.6629943847656,291.76373291015625,0.0032131050247699,0.0075239203870296,0.0132872611284255,-4.866729736328125,-4.47039794921875,-1.7064361572265625,-0.080322265625,-1.4120941162109375,-1.6880340576171875
2022-10-19,12,2,299.0906982421875,294.0537414550781,-1.4310150146484375,-0.280853271484375,698.25,91396.359375,268.49951171875,282.7308654785156,292.3578491210937,0.0044693574309349,0.0090510323643684,0.0138259790837764,-2.945541381835937,-3.2113037109375,-3.811309814453125,-1.18511962890625,-1.3173828125,-3.6118011474609375
2022-10-19,18,3,294.68524169921875,293.2987365722656,-0.275604248046875,0.985748291015625,243.25,91698.390625,267.9287414550781,282.0519104003906,290.6630249023437,0.0036565642803907,0.0089004002511501,0.0139261707663536,-4.0330810546875,-4.91436767578125,-4.786956787109375,-2.246185302734375,-1.2080841064453125,-0.44024658203125
2022-10-20,0,0,294.355712890625,293.4346618652344,-0.21630859375,-0.461090087890625,30.0,91518.65625,267.84130859375,282.3910827636719,291.3929443359375,0.0039266007952392,0.0085981860756874,0.0130111910402774,-4.968597412109375,-3.3448486328125,-4.0319671630859375,-1.4280853271484375,0.5941925048828125,-1.6731719970703125
2022-10-20,6,1,300.29620361328125,292.70196533203125,-2.32470703125,-0.6048736572265625,151.75,91672.40625,268.0692749023437,282.8500671386719,291.520263671875,0.0033689162228256,0.008129458874464,0.0136541426181793,-5.5577545166015625,-5.3233642578125,-3.8951416015625,-0.3576202392578125,-1.1171417236328125,-1.108489990234375
2022-10-20,12,2,298.44732666015625,294.84576416015625,-1.16864013671875,-0.86102294921875,490.0,91466.328125,268.082763671875,282.8908386230469,291.55877685546875,0.0037318565882742,0.0087352693080902,0.014319647103548,-4.986724853515625,-4.091949462890625,-4.0739593505859375,-1.8844757080078125,-0.51806640625,-1.5254364013671875
2022-10-20,18,3,295.03375244140625,293.8272399902344,-1.901611328125,0.2526397705078125,211.125,91790.484375,268.02935791015625,281.91754150390625,291.1972961425781,0.0034769680351018,0.0086574591696262,0.0138337053358554,-4.9270782470703125,-6.5901641845703125,-7.5271453857421875,-1.500640869140625,-1.2509613037109375,-0.0756072998046875
2022-10-21,0,0,294.5738830566406,293.4703369140625,-1.218353271484375,-0.60418701171875,0.0,91614.125,268.2746887207031,282.47393798828125,290.9162292480469,0.0018169248942285,0.0072102211415767,0.0113004110753536,-5.130523681640625,-6.487594604492188,-7.0161895751953125,-2.858383178710937,-2.96337890625,-1.193023681640625
2022-10-21,6,1,299.3907775878906,292.1417541503906,-3.752716064453125,-0.558013916015625,11.125,91804.234375,268.4674072265625,282.4071655273437,291.37762451171875,0.0015922109596431,0.0082160718739032,0.0129400976002216,-6.2828369140625,-8.789260864257812,-6.13232421875,-3.096282958984375,-3.465179443359375,-1.009552001953125
2022-10-21,12,2,298.05633544921875,293.8614196777344,-1.02532958984375,-0.21319580078125,383.75,91588.15625,267.2056884765625,282.10357666015625,291.8461303710937,0.0035570331383496,0.0087614227086305,0.0132137462496757,-4.781494140625,-7.163177490234375,-5.271697998046875,-2.501861572265625,-4.3485107421875,-1.6763763427734375
2022-10-21,18,3,294.3536071777344,292.952880859375,-1.470428466796875,0.156463623046875,88.5,91879.828125,267.9013671875,281.90692138671875,290.69403076171875,0.0024934508837759,0.0077596120536327,0.0130755864083766,-5.691925048828125,-7.490203857421875,-6.012863159179688,-3.5734100341796875,-5.193115234375,-0.8933563232421875
2022-10-22,0,0,294.0889892578125,292.8750305175781,-0.673583984375,-1.6390380859375,0.0,91714.703125,268.35040283203125,282.6229553222656,290.40045166015625,0.0013749133795499,0.0053651668131351,0.0106417015194892,-6.554107666015625,-6.160003662109375,-5.280075073242188,-5.055709838867188,-4.4631195068359375,-4.448165893554688
2022-10-22,6,1,300.311767578125,291.5502319335937,-2.3870391845703125,-3.14111328125,8.75,91854.984375,268.58526611328125,283.31085205078125,291.624267578125,0.0006566445808857,0.0050266198813915,0.0119830779731273,-7.432785034179687,-6.49578857421875,-3.920700073242188,-3.653366088867188,-6.672897338867188,-4.931976318359375
2022-10-22,12,2,298.984130859375,291.6864013671875,-0.4792022705078125,-1.5155029296875,0.0,91544.265625,268.3975830078125,282.8900756835937,292.60205078125,0.0018290570005774,0.0048212287947535,0.0111319459974765,-5.533111572265625,-4.641204833984375,-2.041961669921875,-5.154632568359375,-8.424148559570312,-4.460128784179688
2022-10-22,18,3,293.934814453125,291.66552734375,-1.20489501953125,-1.620849609375,0.0,91866.015625,268.70855712890625,282.0296630859375,291.08819580078125,0.000248713651672,0.0056854002177715,0.0109099932014942,-4.9348907470703125,-4.37091064453125,-3.5790252685546875,-6.5567626953125,-7.8406219482421875,-3.6844329833984375
2022-10-23,0,0,293.46490478515625,291.292236328125,-0.2992095947265625,-1.8682708740234373,0.0,91614.265625,268.67315673828125,282.785400390625,290.1328430175781,0.0006791586056351,0.0039483378641307,0.0094189420342445,-4.4429779052734375,-1.3265533447265625,0.0003662109375,-5.08856201171875,-6.5291290283203125,-4.3935089111328125
2022-10-23,6,1,299.41656494140625,290.53277587890625,0.593963623046875,-3.012557983398437,0.0,91793.46875,268.5650939941406,282.5229797363281,290.51287841796875,0.0005405081901699,0.0049745105206966,0.0102547146379947,-4.3012542724609375,1.136962890625,0.81939697265625,-2.6468505859375,-5.4347686767578125,-4.51336669921875
2022-10-23,12,2,298.46356201171875,289.8114929199219,0.571624755859375,-1.71612548828125,0.0,91512.3125,268.8079528808594,282.548828125,291.766845703125,0.0002093415096169,0.0048687420785427,0.009323164820671,-2.25146484375,6.597671508789063,1.9265899658203125,-5.07257080078125,-5.15509033203125,-4.732818603515625
2022-10-23,18,3,292.9613647460937,288.0150756835937,0.44293212890625,-2.285552978515625,0.0,91703.875,268.4989929199219,282.40216064453125,290.9298400878906,0.0001303540338994,0.0034985330421477,0.0065370202064514,-5.1291046142578125,8.206039428710938,3.0014801025390625,-5.83453369140625,-3.199310302734375,-5.39453125
2022-10-24,0,0,291.4365234375,287.419677734375,0.4965362548828125,-2.6457061767578125,0.0,91511.390625,268.15631103515625,283.16424560546875,289.5995483398437,0.0002238501620013,0.000596216879785,0.0058674067258834,-2.9206695556640625,10.89862060546875,4.8165435791015625,-5.392913818359375,-2.7423858642578125,-8.99420166015625
2022-10-24,6,1,298.7308959960937,286.3543701171875,2.52496337890625,-3.636627197265625,0.0,91661.921875,267.6494140625,284.2441101074219,289.8743896484375,0.0003479020670056,0.0002414220798527,0.0075980797410011,-1.70721435546875,7.487228393554687,4.247039794921875,-3.2723541259765625,-4.978439331054688,-5.847076416015625
2022-10-24,12,2,297.7677001953125,287.7253723144531,1.264434814453125,-1.4336700439453125,0.0,91386.6875,267.3721923828125,284.52459716796875,291.437255859375,0.0003593433648347,0.00019266041636,0.007387313991785,-1.1871337890625,4.217010498046875,5.3863677978515625,-5.185272216796875,-4.8882904052734375,-4.695480346679688
2022-10-24,18,3,291.62286376953125,285.5360717773437,-0.2384796142578125,-2.330322265625,0.0,91622.390625,268.2165832519531,285.316650390625,290.6236572265625,0.0002255822182632,0.0001804726198315,0.0065333172678947,-3.1905670166015625,1.5460052490234375,4.453216552734375,-4.0628814697265625,-2.0134735107421875,-5.270904541015625
2022-10-25,0,0,290.9842529296875,286.7362060546875,-0.509033203125,-1.781951904296875,0.0,91489.59375,269.06768798828125,285.98553466796875,289.352294921875,0.0001630152837606,0.0001901208452181,0.0060362666845321,-8.170700073242188,1.314666748046875,3.2115478515625,-1.944244384765625,-2.747833251953125,-5.0779571533203125
2022-10-25,6,1,298.8624267578125,285.85528564453125,1.35009765625,-2.2997589111328125,0.0,91708.609375,268.6710510253906,285.8128662109375,289.93267822265625,0.0002131743094651,0.0002461283002048,0.0073872059583663,-10.067047119140623,0.5776824951171875,2.19329833984375,-0.41455078125,-2.638031005859375,-3.2995147705078125
2022-10-25,12,2,298.26953125,289.3634338378906,1.36590576171875,-1.350830078125,0.0,91529.75,269.0191955566406,285.2664489746094,291.51812744140625,0.0002359372883802,0.0002105540042975,0.0077854357659816,-9.074539184570312,0.894866943359375,2.3418121337890625,-0.939788818359375,-4.00738525390625,-2.9110565185546875
2022-10-25,18,3,291.8285827636719,287.4443359375,-0.81231689453125,-2.09820556640625,0.0,91751.578125,269.0391845703125,285.0539855957031,290.25933837890625,0.0002522829454392,0.0002413024194538,0.007738254033029,-8.306411743164062,-1.8131256103515625,-1.150787353515625,-1.374969482421875,-2.56805419921875,-3.34539794921875
2022-10-26,0,0,290.89996337890625,287.2286376953125,-1.250274658203125,-1.6045379638671875,0.0,91673.84375,268.8519897460937,285.36114501953125,289.38397216796875,0.0002520369307603,0.0002937070094048,0.00725869089365,-9.354629516601562,-1.67620849609375,-2.9775848388671875,-2.445068359375,-3.478866577148437,-1.561248779296875
2022-10-26,6,1,299.10260009765625,286.68017578125,-0.8824005126953125,-0.5518798828125,0.0,91833.890625,268.13299560546875,285.37066650390625,290.1504821777344,0.000242031252128,0.0002543842419981,0.0081125125288963,-10.284698486328123,-3.2652587890625,-1.125152587890625,-1.823486328125,-1.5121307373046875,-0.7234649658203125
2022-10-26,12,2,299.07391357421875,290.99981689453125,-0.7548065185546875,-1.469268798828125,0.0,91541.046875,268.5698547363281,285.4549560546875,291.9820556640625,0.0001924300740938,0.0002628818619996,0.0087371841073036,-9.791778564453123,-0.5614776611328125,-1.5116729736328125,-3.777191162109375,-2.3717498779296875,-1.76953125
2022-10-26,18,3,292.27081298828125,287.15576171875,-1.2830810546875,-1.4433441162109375,0.0,91759.765625,269.35137939453125,285.227783203125,291.00311279296875,0.0001696372492006,0.0002789595164358,0.007873848080635,-10.755325317382812,-1.1241302490234375,-4.5912017822265625,-3.896331787109375,-3.845626831054688,-2.27490234375
2022-10-27,0,0,290.6461486816406,287.27349853515625,-1.9383697509765625,-0.5107574462890625,0.0,91640.359375,269.57958984375,285.14825439453125,289.33367919921875,0.0001783616899047,0.0002762612421065,0.0076143443584442,-13.098312377929688,-2.821990966796875,-2.9925537109375,-2.258636474609375,-2.9677734375,-0.4139556884765625
2022-10-27,6,1,299.04864501953125,285.665771484375,-2.11749267578125,-0.9962615966796876,0.0,91783.265625,269.77947998046875,284.7345275878906,290.35430908203125,0.00010755850235,0.0002833041362464,0.0069189667701721,-11.72344970703125,-4.374923706054688,-3.3194580078125,-0.4247283935546875,-2.5185699462890625,-1.4543609619140625
2022-10-27,12,2,299.3294677734375,289.4677124023437,-1.3295135498046875,0.071807861328125,0.0,91519.828125,270.848876953125,283.7000732421875,292.142333984375,8.338212501257658e-05,0.0004634954966604,0.0081924721598625,-6.952926635742188,-3.1642608642578125,-3.5267486572265625,-2.962158203125,-0.9656524658203124,-0.461822509765625
2022-10-27,18,3,292.69317626953125,289.6813049316406,-1.7996673583984375,-0.870208740234375,0.0,91719.5,271.41796875,281.9888916015625,290.734619140625,0.0001663718430791,0.004024151712656,0.0101500004529953,-9.708602905273438,-4.7071075439453125,-3.741546630859375,-1.5281982421875,1.514739990234375,-0.344940185546875
2022-10-28,0,0,292.19879150390625,291.17950439453125,-1.5915069580078125,-0.7020721435546875,13.125,91615.90625,270.44244384765625,281.26727294921875,290.17071533203125,0.0015616596210747,0.005507968366146,0.0100168548524379,-9.329620361328123,-8.18133544921875,-5.344985961914063,-1.314300537109375,3.575469970703125,-1.02325439453125
2022-10-28,6,1,298.98443603515625,290.494384765625,-3.2073516845703125,-2.247344970703125,7.125,91678.359375,270.85211181640625,281.65655517578125,290.5435791015625,0.0011800976935774,0.0068593882024288,0.011177584528923,-7.405136108398437,-9.88201904296875,-4.8571319580078125,-0.1678619384765625,0.7703857421875,-3.47686767578125
2022-10-28,12,2,297.2921142578125,291.6575927734375,-1.6810760498046875,-1.1506805419921875,2.25,91411.84375,270.69354248046875,281.2911376953125,291.03887939453125,0.0011059544049203,0.0085149742662906,0.0118867503479123,-5.58062744140625,-6.867233276367188,-5.317398071289063,-0.307708740234375,1.1480255126953125,-3.1846923828125
2022-10-28,18,3,293.15728759765625,291.98114013671875,-2.3871307373046875,-0.9618682861328124,0.0,91647.15625,270.00555419921875,280.958740234375,289.619140625,0.0011331443674862,0.0074137300252914,0.012362103909254,-5.299819946289063,-6.8806915283203125,-6.00189208984375,-1.445098876953125,0.8304595947265625,-2.3540802001953125
2022-10-29,0,0,293.1979064941406,291.90350341796875,-2.3136749267578125,-0.970458984375,0.0,91559.609375,268.9563903808594,281.3919982910156,289.67559814453125,0.0013121091760694,0.0051703490316867,0.0110587030649185,-7.400802612304687,-5.8377685546875,-7.027389526367188,-1.9852752685546875,3.815032958984375,-0.6693878173828125
2022-10-29,6,1,297.07470703125,291.57647705078125,-3.516830444335937,-1.0341949462890625,0.0,91651.71875,268.8938903808594,281.376708984375,290.63751220703125,0.0011450522579252,0.0091065503656864,0.0120054520666599,-10.720108032226562,-5.508056640625,-5.5265045166015625,-2.2683258056640625,3.255844116210937,-1.803375244140625
2022-10-29,12,2,297.4996337890625,292.5009155273437,-1.9053802490234373,0.0372314453125,14.375,91451.84375,269.0761108398437,281.6661376953125,290.9466552734375,0.0012611565180122,0.0097513142973184,0.0127860829234123,-10.33428955078125,-6.5986175537109375,-5.6741485595703125,-0.4341888427734375,-0.2767181396484375,-2.00262451171875
2022-10-29,18,3,294.4417724609375,292.2589111328125,-2.1142578125,-0.478851318359375,30.875,91648.28125,269.58544921875,281.98638916015625,290.2521057128906,0.0008607155177742,0.009718332439661,0.0130304768681526,-12.689971923828123,-6.4783477783203125,-7.403900146484375,-0.2835693359375,0.5196380615234375,-2.278411865234375
2022-10-30,0,0,293.9418334960937,292.64617919921875,-1.9061126708984373,-0.687591552734375,12.625,91556.671875,269.3923034667969,281.75927734375,289.6395263671875,0.0016993382014334,0.0097271613776683,0.011850856244564,-10.684783935546877,-3.991455078125,-7.4868621826171875,-0.76812744140625,1.721527099609375,-3.11029052734375
2022-10-30,6,1,298.125244140625,292.1739501953125,-2.6291961669921875,-1.7297821044921875,0.125,91698.640625,269.0348815917969,281.85174560546875,289.88873291015625,0.0022931878920644,0.0092378109693527,0.0123039670288562,-9.014678955078123,-2.429779052734375,-4.3675689697265625,-1.5144195556640625,-0.4982452392578125,-2.632293701171875
2022-10-30,12,2,297.99578857421875,292.6317749023437,-1.440673828125,-1.4578704833984375,7.75,91456.203125,268.1371459960937,281.38873291015625,291.4216613769531,0.0027995344717055,0.008991040289402,0.0121126659214496,-5.63543701171875,-3.20037841796875,-4.9361724853515625,-1.513397216796875,-1.2305450439453125,-4.990493774414063
2022-10-30,18,3,294.1295166015625,292.43603515625,-1.4337615966796875,-0.6376953125,0.0,91648.890625,268.24578857421875,282.660400390625,290.4881591796875,0.0033424808643758,0.0080581791698932,0.0124356150627136,-6.4627532958984375,-3.2750244140625,-4.727935791015625,-1.6230316162109375,-0.3552398681640625,-3.771636962890625
2022-10-31,0,0,292.88250732421875,291.7328796386719,-1.1212005615234375,-1.2672882080078125,0.0,91532.78125,268.6788330078125,281.7779235839844,289.5797119140625,0.0033127546776086,0.0086169596761465,0.0113347880542278,-4.3612213134765625,-1.665740966796875,-2.4940185546875,-1.439666748046875,-1.050506591796875,-4.26275634765625
2022-10-31,6,1,299.6339111328125,289.35260009765625,-2.0775604248046875,-3.0626373291015625,0.0,91609.375,268.2216491699219,283.1620178222656,290.52642822265625,0.0041135996580123,0.0076597332954406,0.0108169205486774,-3.13726806640625,-4.8658599853515625,-3.3260040283203125,-2.513214111328125,-0.5082550048828125,-4.971710205078125
2022-10-31,12,2,298.6864624023437,289.9596862792969,-1.3005523681640625,-1.309478759765625,0.0,91416.40625,269.388671875,281.9642944335937,292.27587890625,0.0031072115525603,0.0084699876606464,0.0097480416297912,-0.9512786865234376,-3.153793334960937,-3.054931640625,-0.766693115234375,-1.164642333984375,-4.4808197021484375
2022-10-31,18,3,293.4798583984375,289.2183532714844,-1.616729736328125,-0.65496826171875,0.0,91638.90625,269.1966552734375,282.328125,291.79510498046875,0.0027101282030344,0.0081517361104488,0.0076169185340404,0.4712677001953125,-4.0513458251953125,-2.783843994140625,-0.989227294921875,-2.6305694580078125,-5.638351440429688
2022-11-01,0,0,293.261962890625,290.4378662109375,-0.9643402099609376,-1.1737060546875,0.0,91533.578125,268.4345703125,282.0888366699219,291.0348205566406,0.0032562776468694,0.0084369853138923,0.0081819705665111,-2.177108764648437,-1.728759765625,-2.7799224853515625,-3.4239654541015625,-2.8065185546875,-2.6715240478515625
2022-11-01,6,1,297.9709167480469,292.71600341796875,-2.1982574462890625,-2.2028045654296875,4.5,91679.59375,268.04638671875,281.69891357421875,289.74151611328125,0.0044072978198528,0.0090565430000424,0.0128862001001834,-4.67047119140625,-2.5032958984375,-3.4769287109375,-1.6568450927734375,-3.3192901611328125,-2.7556915283203125
2022-11-01,12,2,294.4229431152344,293.5001220703125,-1.107177734375,-2.175323486328125,103.875,91548.828125,267.7384338378906,281.7539978027344,290.12603759765625,0.0048810336738824,0.0092073306441307,0.0128519311547279,-1.545684814453125,-1.0682525634765625,-2.67889404296875,-3.828903198242188,-5.20587158203125,-3.572540283203125
2022-11-01,18,3,292.9765014648437,292.38922119140625,-1.055572509765625,-2.06707763671875,35.0,91707.90625,267.8989562988281,281.1483764648437,290.29754638671875,0.0048466548323631,0.0089410878717899,0.0113880485296249,2.651718139648437,-3.497222900390625,-3.9616546630859375,-5.1305694580078125,-3.4915771484375,-3.226913452148437
2022-11-02,0,0,292.64569091796875,291.7597351074219,-0.9646148681640624,-2.299423217773437,16.25,91593.34375,268.8856201171875,280.95806884765625,289.6353759765625,0.0043252222239971,0.0093710534274578,0.011050421744585,-1.13055419921875,-4.444869995117188,-5.76104736328125,-2.832000732421875,-0.6018524169921875,-4.307388305664063
2022-11-02,6,1,296.15997314453125,293.35675048828125,-2.874496459960937,-3.346923828125,17.125,91667.59375,268.61883544921875,281.23297119140625,288.84033203125,0.004420943558216,0.0092485062777996,0.0130709894001483,-4.039718627929688,-6.60772705078125,-5.6839599609375,3.168792724609375,-2.588104248046875,-5.23388671875
2022-11-02,12,2,294.25933837890625,292.404541015625,-1.673187255859375,-2.4764404296875,2.25,91435.28125,268.1273193359375,281.579833984375,289.4653015136719,0.0045397356152534,0.0095302909612655,0.0119176022708415,-2.1251678466796875,-6.852951049804688,-8.624481201171875,1.2127227783203125,-5.717193603515625,-5.99859619140625
2022-11-02,18,3,292.8153076171875,292.489013671875,-1.8140411376953125,-1.611480712890625,0.5,91603.140625,267.85546875,281.3643798828125,290.02227783203125,0.0047016218304634,0.0095021501183509,0.011414973065257,-4.01531982421875,-8.415496826171875,-12.255386352539062,0.679229736328125,-2.7298736572265625,-2.7269744873046875
2022-11-03,0,0,293.49468994140625,292.4887084960937,-1.47430419921875,-1.7688446044921875,17.75,91493.828125,268.35308837890625,281.6971435546875,288.65380859375,0.0049992054700851,0.0089228227734565,0.012791683897376,-3.7889404296875,-6.957077026367188,-10.234085083007812,0.8618927001953125,1.1119537353515625,-2.8325347900390625
2022-11-03,6,1,296.395751953125,293.388916015625,-3.764190673828125,-1.8778533935546875,0.5,91662.0,267.267578125,281.72393798828125,289.9479675292969,0.0042582117021083,0.0095778908580541,0.0125367306172847,-2.30126953125,-6.69036865234375,-7.115234375,1.8670501708984373,1.0423126220703125,-2.05181884765625
2022-11-03,12,2,296.2786865234375,292.6649475097656,-2.602325439453125,-0.9939727783203124,0.75,91445.671875,267.8319091796875,282.68524169921875,290.116455078125,0.0034145712852478,0.0095486007630825,0.0131415016949176,-0.873931884765625,-4.6034698486328125,-6.216110229492188,0.15283203125,0.450469970703125,-2.8448028564453125
2022-11-03,18,3,293.5954284667969,292.4954528808594,-2.192489624023437,-0.6599578857421875,0.0,91689.140625,267.6966552734375,282.1749572753906,289.6120300292969,0.0033622269984334,0.0093824975192546,0.0134002305567264,-0.274444580078125,-5.4815826416015625,-7.9415283203125,0.888824462890625,-0.0069580078125,-2.2669677734375
2022-11-04,0,0,294.4912109375,292.8433532714844,-2.2071990966796875,-0.31536865234375,6.875,91598.984375,267.545654296875,281.8677978515625,290.13946533203125,0.0026282800827175,0.0094133764505386,0.0115839429199695,-0.91705322265625,-5.20745849609375,-8.692825317382812,-0.447723388671875,-1.518463134765625,0.5445404052734375
2022-11-04,6,1,299.2287902832031,292.26336669921875,-4.2220001220703125,-0.1911773681640625,5.25,91729.0,268.4389343261719,282.1009521484375,290.96099853515625,0.001736726379022,0.0096718426793813,0.0121142007410526,-0.62860107421875,-6.7816009521484375,-7.018035888671875,0.2183074951171875,-1.091705322265625,-0.363250732421875
2022-11-04,12,2,297.5195617675781,292.9432983398437,-2.7194061279296875,-0.06024169921875,41.875,91570.015625,267.4511108398437,281.74395751953125,291.3663330078125,0.002877787919715,0.0094754323363304,0.0118540450930595,-2.3080596923828125,-4.592300415039063,-7.5914306640625,-1.4631500244140625,-1.3936614990234375,-2.6102294921875
2022-11-04,18,3,293.978759765625,293.0057678222656,-2.5869903564453125,0.162689208984375,93.625,91839.6875,267.4989624023437,281.1878662109375,290.124267578125,0.0034278105013072,0.0091910697519779,0.0123456418514251,-3.6470947265625,-5.823013305664063,-9.13037109375,0.11627197265625,-1.509979248046875,-0.820068359375
2022-11-05,0,0,294.55548095703125,292.9314880371094,-2.680908203125,-0.31475830078125,22.75,91717.5625,268.8009338378906,282.0614318847656,290.61627197265625,0.0013357913121581,0.0061112791299819,0.0089473910629749,-4.8702239990234375,-6.611236572265625,-9.88238525390625,-0.50164794921875,0.49298095703125,0.4964752197265625
2022-11-05,6,1,299.4454345703125,291.548095703125,-4.701583862304688,0.47412109375,0.0,91910.453125,268.0439453125,282.0998229980469,290.6768798828125,0.0014838755596429,0.0064521171152591,0.0117650404572486,-3.95465087890625,-7.680023193359375,-8.240386962890625,0.341461181640625,0.216888427734375,0.619293212890625
2022-11-05,12,2,298.3148803710937,292.350341796875,-1.905120849609375,0.4906158447265625,11.125,91659.0625,268.2668762207031,281.82342529296875,291.3490600585937,0.0015259548090398,0.0077998377382755,0.012204635888338,-6.34454345703125,-5.496749877929688,-6.370635986328125,-1.0977020263671875,-0.999267578125,-0.0822296142578125
2022-11-05,18,3,294.0025634765625,292.6091613769531,-2.570526123046875,0.0843963623046875,0.0,91949.53125,267.2969665527344,282.040771484375,290.4911499023437,0.0015897550620138,0.007035493850708,0.0118768587708473,-6.670074462890625,-5.4395599365234375,-7.074951171875,-0.3980712890625,-0.5271148681640625,-0.798187255859375
2022-11-06,0,0,294.5106811523437,292.70562744140625,-2.1200103759765625,-0.4611968994140625,7.5,91819.171875,267.74737548828125,281.78826904296875,290.3793640136719,0.002402143087238,0.005653440952301,0.009009227156639,-6.8673248291015625,-6.148605346679688,-7.978607177734375,3.1641387939453125,-0.5975189208984375,-1.8940277099609373
2022-11-06,6,1,298.66461181640625,291.5926513671875,-3.850006103515625,-1.44573974609375,0.0,91938.921875,268.3267517089844,280.89459228515625,290.38836669921875,0.0025499463081359,0.0081469714641571,0.0117583349347114,-6.787765502929688,-6.3878021240234375,-6.43414306640625,1.152191162109375,0.2818145751953125,-2.39031982421875
2022-11-06,12,2,297.310791015625,292.1103515625,-1.4242401123046875,-1.0484466552734375,3.75,91694.953125,268.251953125,281.59521484375,291.1812744140625,0.0019578237552195,0.0084487646818161,0.0120610669255256,-6.47991943359375,-3.750564575195313,-5.4528350830078125,0.3394317626953125,-2.1004638671875,-4.025970458984375
2022-11-06,18,3,293.250732421875,291.7389831542969,-2.005722045898437,-0.121551513671875,0.0,91958.75,267.89288330078125,281.8900146484375,289.68634033203125,0.001651925034821,0.0063260607421398,0.0123388841748237,-6.728668212890625,-4.310806274414063,-4.957763671875,0.40338134765625,-1.9206695556640625,-1.142547607421875
2022-11-07,0,0,292.19024658203125,290.9885559082031,-1.5108184814453125,-1.2364349365234375,0.0,91748.53125,269.056884765625,282.6463928222656,289.9546203613281,0.0003977587912231,0.0050259940326213,0.0089851804077625,-9.288711547851562,-4.22509765625,-4.5921478271484375,1.940887451171875,-1.639434814453125,-5.2546234130859375
2022-11-07,6,1,299.1573486328125,287.0287475585937,-2.637298583984375,-2.071762084960937,0.0,91948.75,267.60223388671875,282.57147216796875,290.30908203125,0.0018648623954504,0.0044554099440574,0.0084079727530479,-6.089767456054688,-5.2909088134765625,-4.478790283203125,2.600692749023437,-1.3277740478515625,-3.2531280517578125
2022-11-07,12,2,298.0783996582031,290.428466796875,-1.8111572265625,-0.766510009765625,0.0,91618.5,267.32476806640625,282.2945556640625,292.29400634765625,0.001604382880032,0.004111424088478,0.0087433047592639,-6.17193603515625,-3.5946197509765625,-3.690750122070313,0.1304168701171875,-2.62744140625,-1.707000732421875
2022-11-07,18,3,292.2539367675781,290.14324951171875,-2.627288818359375,-0.3940582275390625,0.0,91839.921875,268.1333923339844,283.0556640625,290.2879638671875,0.0003285941202193,0.0039474219083786,0.0105905570089817,-5.79278564453125,-6.2283782958984375,-5.0138702392578125,1.52850341796875,-1.69989013671875,-1.24609375
2022-11-08,0,0,292.4044189453125,290.66180419921875,-1.7164306640625,-1.1354522705078125,0.0,91739.203125,268.4118957519531,282.598388671875,290.5541381835937,0.0005898277740925,0.0047587342560291,0.0088648274540901,-2.887069702148437,-4.98651123046875,-5.168136596679688,1.00421142578125,-0.006744384765625,-1.9331512451171875
2022-11-08,6,1,299.2313842773437,289.3389587402344,-2.74273681640625,-1.8014678955078125,0.0,91884.421875,268.3797607421875,282.89019775390625,290.5507507324219,0.0007757514249533,0.0055489763617515,0.010233849287033,-2.325653076171875,-3.975143432617188,-4.5103912353515625,3.10302734375,0.1780548095703125,-2.6386871337890625
2022-11-08,12,2,298.81170654296875,290.994873046875,-1.417388916015625,-0.7781524658203125,0.0,91591.296875,268.31353759765625,282.6744689941406,292.6160888671875,0.000868568662554,0.0040858909487724,0.0101243555545806,0.9793243408203124,-2.403594970703125,-4.434585571289063,0.830963134765625,-1.4027252197265625,-3.1476593017578125
2022-11-08,18,3,292.6335754394531,291.24481201171875,-2.2155685424804688,-0.307952880859375,0.0,91834.859375,268.9379272460937,282.7758178710937,290.5535888671875,0.0006114784628152,0.0019343639723956,0.0108365565538406,0.8161163330078125,-2.5875701904296875,-4.829986572265625,1.51483154296875,-3.943511962890625,-3.6194000244140634
2022-11-09,0,0,292.0422058105469,290.23516845703125,-1.958465576171875,-0.7528076171875,0.0,91655.359375,268.94500732421875,282.3093566894531,290.665771484375,0.0007186811417341,0.0024407755117863,0.0080347582697868,-1.248504638671875,-1.2974090576171875,-5.5552978515625,-2.7351531982421875,-3.961395263671875,-3.9777984619140634
2022-11-09,6,1,299.2252502441406,288.2652587890625,-2.6617431640625,-1.654266357421875,0.0,91840.5625,268.363525390625,282.22637939453125,290.7515869140625,0.0005564126186072,0.0043776561506092,0.008810494095087,-5.3535919189453125,-0.84112548828125,-4.2372589111328125,-1.0345611572265625,-3.5789337158203125,-2.7611236572265625
2022-11-09,12,2,297.8983154296875,290.80682373046875,-1.5113983154296875,-1.3678436279296875,0.0,91567.875,269.15679931640625,281.78228759765625,292.5848999023437,0.0002758731134235,0.005237877368927,0.0086736995726823,-5.542037963867188,0.57623291015625,-3.113250732421875,-6.29541015625,-4.1666412353515625,-2.8415985107421875
2022-11-09,18,3,292.73297119140625,290.20025634765625,-2.14227294921875,-0.6758880615234375,0.0,91767.546875,269.57440185546875,282.8719787597656,289.90625,0.0003278704825788,0.0045663937926292,0.0107063464820384,-8.938873291015625,-0.5684051513671875,-5.189605712890625,-4.977462768554688,-2.728607177734375,-1.9296875
2022-11-10,0,0,292.57818603515625,291.27252197265625,-2.093292236328125,-1.30535888671875,0.0,91670.15625,269.2216796875,282.23394775390625,289.8135681152344,0.0008058145176619,0.0043540298938751,0.0092080868780612,-7.11907958984375,-0.267852783203125,-6.035675048828125,-3.788406372070313,-2.2596893310546875,-3.72869873046875
2022-11-10,6,1,299.1605834960937,289.7980041503906,-2.972198486328125,-2.0551910400390625,0.0,91751.390625,269.3358764648437,282.42431640625,290.6502685546875,0.0004516534972935,0.0034930605906993,0.0095041990280151,-8.211441040039062,-4.26123046875,-4.7791900634765625,-5.4391632080078125,-0.579254150390625,-3.1103515625
2022-11-10,12,2,297.2175598144531,291.34014892578125,-2.308807373046875,-1.5009613037109375,16.375,91508.765625,269.6581420898437,281.014404296875,291.02294921875,0.0003101250622421,0.0093532279133796,0.0117516182363033,-10.256622314453123,-6.8015899658203125,-4.8155364990234375,-6.8253021240234375,-1.3249359130859375,-5.151138305664063
2022-11-10,18,3,293.95660400390625,291.5765380859375,-3.2684326171875,-2.0611114501953125,28.25,91760.96875,270.40887451171875,281.5565185546875,289.7513427734375,0.0005516663659363,0.009710319340229,0.0119704119861125,-10.762786865234377,-5.985366821289063,-8.931625366210938,-4.544525146484375,-3.9321136474609375,-6.12469482421875
2022-11-11,0,0,292.9013061523437,291.1480712890625,-2.09130859375,-2.610931396484375,0.0,91557.59375,268.73455810546875,282.493896484375,289.36004638671875,0.0040931776165962,0.0087286308407783,0.009536787867546,-9.393051147460938,-4.923019409179688,-10.2440185546875,-3.6041412353515625,-2.9807891845703125,-8.563003540039062
2022-11-11,6,1,295.4284362792969,290.8142395019531,-1.40899658203125,-2.7024383544921875,4.75,91746.84375,268.2833251953125,283.39678955078125,288.2354736328125,0.0052713770419359,0.0094096809625625,0.010951455682516,-11.58746337890625,-8.40106201171875,-6.850921630859375,-2.501937866210937,-3.65545654296875,-9.719863891601562
2022-11-11,12,2,294.4223937988281,291.50714111328125,-1.0002899169921875,-2.8599395751953125,24.125,91526.0625,268.7300720214844,283.0628662109375,289.3378295898437,0.0042014606297016,0.0077266655862331,0.0102997682988643,-11.882400512695312,-9.093643188476562,-6.004669189453125,-1.4350128173828125,-1.327056884765625,-10.791824340820312
2022-11-11,18,3,293.2504272460937,290.6931457519531,-1.8018035888671875,-3.0672607421875,10.0,91673.234375,267.801513671875,283.3166809082031,289.65484619140625,0.0041878633201122,0.0096194483339786,0.0104710608720779,-13.521133422851562,-13.68463134765625,-8.615768432617188,-2.83209228515625,-2.6467437744140625,-12.787689208984377
2022-11-12,0,0,292.80419921875,291.1693725585937,-1.4046478271484375,-3.868576049804688,75.75,91499.671875,267.9530639648437,283.08966064453125,289.9354858398437,0.0034701989497989,0.009082768112421,0.0131592936813831,-11.747222900390623,-14.155731201171877,-11.598342895507812,-6.399932861328125,1.3931732177734375,-8.73992919921875
2022-11-12,6,1,294.623291015625,293.4050598144531,-4.23065185546875,-4.226364135742188,2.625,91693.875,267.8026123046875,283.8857421875,290.07861328125,0.0034983807709068,0.0081032365560531,0.0140867084264755,-10.33526611328125,-13.496246337890623,-13.861236572265623,2.18072509765625,-0.3043670654296875,-4.220977783203125
2022-11-12,12,2,294.7588806152344,293.50518798828125,-3.4995269775390625,-2.676727294921875,23.125,91466.625,268.23858642578125,283.4217834472656,290.395751953125,0.0039332583546638,0.008219514042139,0.0142041184008121,-10.756683349609377,-10.560150146484377,-10.658294677734377,-1.1111907958984375,2.1171417236328125,-4.4836273193359375
2022-11-12,18,3,293.8984375,293.33953857421875,-3.661300659179688,-1.7539825439453125,86.75,91727.4375,268.09381103515625,282.75,290.08660888671875,0.0039225183427333,0.0088207237422466,0.0137428231537342,-10.427261352539062,-9.519119262695312,-12.6278076171875,0.64105224609375,2.6715240478515625,-1.085723876953125
2022-11-13,0,0,293.9441833496094,293.166015625,-3.722946166992188,-0.65130615234375,8.875,91516.1875,267.4183349609375,283.21392822265625,289.8887939453125,0.0041004382073879,0.0074507668614387,0.0125765707343816,-11.181610107421877,-7.477859497070312,-10.352935791015623,1.378326416015625,1.385040283203125,0.7028961181640625
2022-11-13,6,1,296.5954895019531,293.30322265625,-5.548248291015625,1.0013885498046875,13.125,91720.265625,267.7655944824219,282.53594970703125,290.505615234375,0.0041927620768547,0.0083934105932712,0.0133701413869857,-8.459518432617188,-8.83697509765625,-9.263885498046877,1.64520263671875,2.22393798828125,1.606689453125
2022-11-13,12,2,296.0859375,293.32379150390625,-2.2418365478515625,0.10369873046875,20.5,91531.296875,267.33123779296875,283.76080322265625,289.8863830566406,0.0042055770754814,0.0073961615562438,0.0129138007760047,-6.763214111328125,-6.479156494140625,-6.01715087890625,-2.442138671875,0.496063232421875,1.6204681396484375
2022-11-13,18,3,293.6922912597656,292.7749938964844,-2.834747314453125,-0.5068206787109375,13.25,91830.640625,267.4339294433594,283.0286865234375,289.7396240234375,0.0037917324807494,0.0075426511466503,0.0116473101079463,-6.934539794921875,-4.6774749755859375,-8.686325073242188,-3.4650421142578125,3.139129638671875,2.0001220703125
2022-11-14,0,0,292.8629150390625,291.73291015625,-2.667144775390625,-0.834625244140625,2.5,91663.140625,267.9844970703125,282.634033203125,290.0453491210937,0.0038967435248196,0.0065443180501461,0.0099513418972492,-3.3309326171875,-6.6782073974609375,-8.538040161132812,2.3111572265625,2.5102081298828125,2.1297149658203125
2022-11-14,6,1,298.2401733398437,291.7162475585937,-3.35888671875,0.1559600830078125,8.875,91842.25,267.7260131835937,282.129150390625,290.6170654296875,0.0040971487760543,0.0066009685397148,0.0115791447460651,-4.278564453125,-7.0785064697265625,-5.571929931640625,-1.2738494873046875,2.085845947265625,0.1566619873046875
2022-11-14,12,2,297.22589111328125,291.9506225585937,-2.466094970703125,-0.82965087890625,19.75,91615.921875,267.74371337890625,281.77655029296875,291.1133728027344,0.0040491446852684,0.0077668726444244,0.0120919197797775,-4.642379760742188,-3.76409912109375,-4.8108673095703125,-0.73419189453125,0.5597381591796875,-1.0580596923828125
2022-11-14,18,3,292.8192749023437,292.15704345703125,-2.2651519775390625,-0.1866912841796875,49.375,91845.265625,268.380126953125,281.61248779296875,290.6195068359375,0.0030011369381099,0.0091898553073406,0.0120804868638515,-5.8155364990234375,-3.803390502929688,-5.2137603759765625,-1.1752777099609375,-1.5996246337890625,0.124359130859375
2022-11-15,0,0,293.0869140625,291.9229736328125,-2.27362060546875,-0.2329254150390625,16.75,91769.703125,268.5340270996094,280.8455810546875,289.9585876464844,0.0005378087516874,0.0084293186664581,0.0115399006754159,-8.666656494140625,-3.6784515380859375,-4.5738677978515625,-2.9310760498046875,0.4356536865234375,0.1895599365234375
2022-11-15,6,1,298.852783203125,292.6298828125,-2.254302978515625,-0.0466461181640625,0.0,91854.640625,268.1644897460937,282.2104797363281,290.3910522460937,0.0004948864225298,0.0065897107124328,0.0122293345630168,-8.774551391601562,-2.3437652587890625,-3.309555053710937,-2.220932006835937,-0.4886016845703125,-0.2893524169921875
2022-11-15,12,2,298.0721435546875,292.8787841796875,-0.059661865234375,-1.259796142578125,22.0,91568.125,268.1532287597656,281.8345031738281,291.7807312011719,0.0004927404224872,0.007482536137104,0.0120593570172786,-6.737640380859375,0.45391845703125,-1.49273681640625,-2.107696533203125,-2.32470703125,-2.389739990234375
2022-11-15,18,3,294.21014404296875,292.4367370605469,-2.071762084960937,0.2732696533203125,13.75,91768.9375,268.31915283203125,281.40655517578125,289.8576354980469,0.0004332505632191,0.0059303343296051,0.0127431452274322,-5.377471923828125,0.89715576171875,-4.0409088134765625,-1.72161865234375,-2.8088836669921875,-1.976165771484375
2022-11-16,0,0,293.6454467773437,292.5303955078125,-1.7745361328125,0.24737548828125,31.0,91638.203125,269.2079467773437,281.7712097167969,289.6815795898437,0.0003829684574156,0.0017290448304265,0.0114094465970993,-5.081390380859375,-1.0047149658203125,-3.169052124023437,-2.4558563232421875,-4.047378540039063,-2.6805572509765625
2022-11-16,6,1,299.1233825683594,291.76904296875,-1.0589447021484375,-2.062835693359375,0.5,91753.765625,268.2553405761719,283.8310852050781,290.37255859375,0.0003124079667031,0.0009700399823486,0.0117034390568733,-5.904067993164063,-2.61566162109375,-1.4515838623046875,-3.772781372070313,-2.534088134765625,-2.99249267578125
2022-11-16,12,2,298.4014892578125,291.4814453125,-0.3767547607421875,-1.62738037109375,20.125,91444.53125,269.49151611328125,282.7928466796875,292.6915283203125,0.0002600054722279,0.0011618235148489,0.0105805285274982,-5.06256103515625,-0.5681304931640625,-0.9096527099609376,-3.845947265625,-3.5068817138671875,-5.270523071289063
2022-11-16,18,3,292.7022705078125,290.519287109375,-1.5721435546875,-1.09014892578125,0.0,91689.03125,269.36883544921875,283.4640197753906,291.090087890625,0.0002236885920865,0.0007110184524208,0.0090670697391033,-4.565719604492188,-2.0997314453125,0.2365264892578125,-4.4433135986328125,-3.063507080078125,-4.663421630859375
2022-11-17,0,0,290.3323974609375,288.7618408203125,-1.2760467529296875,-1.552947998046875,0.0,91560.125,269.34588623046875,283.90838623046875,290.0060119628906,0.0002121298457495,0.0005752651486545,0.0071501843631267,-4.774917602539063,-3.3121337890625,0.298919677734375,-4.7863616943359375,-2.5272369384765625,-4.6553802490234375
2022-11-17,6,1,298.405029296875,287.3243408203125,-0.450408935546875,-3.10028076171875,0.0,91697.28125,269.6437683105469,283.87652587890625,290.06610107421875,0.0002033390628639,0.0005724553484469,0.008088432252407,-5.404510498046875,-2.866180419921875,-0.6165924072265625,-4.1801300048828125,-0.48907470703125,-4.57421875
2022-11-17,12,2,297.4518737792969,288.3339538574219,-1.067108154296875,-1.811767578125,0.0,91485.671875,269.48736572265625,283.7136535644531,291.34246826171875,0.0002396606869297,0.0004677788820117,0.0073283240199089,-2.5084991455078125,-0.1846160888671875,-1.984893798828125,-5.060226440429688,-1.2128448486328125,-3.25726318359375
2022-11-17,18,3,290.7897644042969,285.5396423339844,-1.47576904296875,-1.651947021484375,0.0,91695.203125,269.9642333984375,283.0884704589844,290.1210632324219,0.0002382791863055,0.0004415824078023,0.0061408579349517,-1.3686981201171875,-1.52923583984375,-0.7174530029296875,-5.712814331054688,-2.013153076171875,-2.471099853515625
2022-11-18,0,0,289.85986328125,285.3253173828125,-1.3441314697265625,-1.3996734619140625,0.0,91561.625,270.2470092773437,283.080322265625,289.986083984375,0.000229290119023,0.0005052532069385,0.0048287473618984,-0.550048828125,-1.481109619140625,-2.234832763671875,-7.5908050537109375,-0.15972900390625,-3.73858642578125
2022-11-18,6,1,297.55877685546875,285.11407470703125,-2.186676025390625,-1.9256591796875,0.0,91733.46875,270.0078125,283.05230712890625,289.5977783203125,0.0002210611710324,0.0004998769145458,0.0065944902598857,0.9930572509765624,-1.4972076416015625,-3.6253814697265625,-6.5507659912109375,-1.170928955078125,-2.8314361572265625
2022-11-18,12,2,296.73980712890625,287.46685791015625,-1.1939849853515625,-1.9089508056640625,0.0,91517.796875,270.1702880859375,282.90576171875,291.2306823730469,0.0001308533246628,0.0004970207810401,0.0061444528400897,-0.6654052734375,0.4953765869140625,-2.4272613525390625,-6.5771331787109375,1.06036376953125,-3.246795654296875
2022-11-18,18,3,289.651611328125,285.3280029296875,-2.039779663085937,-1.43231201171875,0.0,91763.25,270.193359375,282.47222900390625,289.6219787597656,9.530421812087296e-05,0.0004818036686629,0.0054563768208026,-5.712081909179688,0.472686767578125,-1.8730926513671875,-5.37353515625,0.7757110595703125,-2.704330444335937
2022-11-19,0,0,288.6180419921875,286.8634338378906,-1.731964111328125,-1.23541259765625,0.0,91606.1875,270.1041259765625,283.3875732421875,288.8809814453125,0.0001069407298928,0.000561008695513,0.0046210065484046,-6.8013458251953125,3.2555084228515625,-3.953765869140625,-6.14752197265625,1.3037261962890625,-4.456390380859375
2022-11-19,6,1,297.5595092773437,284.30108642578125,-2.0897979736328125,-2.933334350585937,0.0,91702.359375,269.12713623046875,283.671630859375,288.8079833984375,0.000102690217318,0.0006698274519294,0.0067686848342418,-5.43463134765625,2.3351287841796875,-3.486679077148437,-4.1603851318359375,0.600555419921875,-4.6318206787109375
2022-11-19,12,2,295.9775390625,288.1513671875,-1.2769317626953125,-1.70635986328125,0.0,91404.8125,269.1967163085937,284.051513671875,290.593505859375,0.0001037921902025,0.0003269440494477,0.0072680003941059,-3.015380859375,2.1543426513671875,-2.4053955078125,-4.63494873046875,-2.4439849853515625,-2.7667694091796875
2022-11-19,18,3,290.4127197265625,286.1918029785156,-1.6445159912109375,-0.9354705810546876,0.0,91612.140625,270.0912780761719,283.68267822265625,288.9033508300781,0.0001093926257453,0.0002417677751509,0.0074887461960315,-5.1618194580078125,-0.61248779296875,-2.185653686523437,-3.0175018310546875,-4.434661865234375,-1.4409332275390625
2022-11-20,0,0,288.9110717773437,287.4838256835937,-1.302398681640625,-0.94476318359375,0.0,91481.03125,270.4764099121094,282.4754638671875,288.22027587890625,9.829360351432116e-05,0.0002316072786925,0.0059229917824268,-5.124557495117188,-2.33697509765625,0.4163665771484375,-4.245513916015625,2.2423553466796875,-4.128936767578125
2022-11-20,6,1,297.0821228027344,285.8861694335937,-0.7986907958984375,-2.501693725585937,0.0,91577.25,269.4566345214844,283.65203857421875,288.57476806640625,0.0002020144893322,0.000218886649236,0.0075184255838394,-6.9845733642578125,0.193878173828125,-0.887481689453125,-1.0347442626953125,0.980194091796875,-3.682296752929688
2022-11-20,12,2,295.1865234375,288.1242370605469,-0.6035614013671875,-1.7776031494140625,0.0,91325.390625,269.5191650390625,283.8067626953125,289.5365905761719,0.0007780487649142,0.0001878934563137,0.0077175758779048,-6.4486236572265625,-2.155914306640625,-0.206573486328125,-2.5384063720703125,-1.430572509765625,-2.8164215087890625
2022-11-20,18,3,290.38067626953125,286.3517761230469,-0.9450531005859376,-1.8577880859375,0.0,91493.921875,269.1728515625,284.1023254394531,289.25311279296875,0.0011533061042428,0.0002006908762268,0.0060389004647731,-6.6123046875,-3.290618896484375,1.77032470703125,-2.9138641357421875,-0.094573974609375,-3.711456298828125
2022-11-21,0,0,288.9360656738281,284.4422912597656,-0.1607666015625,-2.128265380859375,0.0,91403.09375,268.742919921875,283.61376953125,288.9693908691406,0.0008323164656758,0.0002211066166637,0.0047800727188587,-4.4212646484375,-2.6092987060546875,-2.05902099609375,-5.814468383789063,2.695541381835937,-3.4881134033203125
2022-11-21,6,1,297.82598876953125,284.85028076171875,0.4547119140625,-2.167022705078125,0.0,91545.21875,267.478515625,283.6973876953125,288.93316650390625,0.0037152485456317,0.0009293388575315,0.0067139342427253,-1.2105712890625,-3.7010498046875,1.0532073974609375,-2.262054443359375,1.225189208984375,-3.1961212158203125
2022-11-21,12,2,296.072021484375,289.32159423828125,-0.57635498046875,-1.982025146484375,0.0,91347.453125,268.0819091796875,282.5184631347656,290.3910522460937,0.0032212089281529,0.0015123023185878,0.0090712234377861,1.721405029296875,-0.8538970947265625,-1.336212158203125,2.8313140869140625,1.70867919921875,-4.40673828125
2022-11-21,18,3,292.4252319335937,288.86474609375,-1.4720458984375,-1.223297119140625,12.5,91547.109375,269.1806030273437,280.5604858398437,290.0124816894531,0.00163643527776,0.0073220804333686,0.0105484016239643,2.9249420166015625,-4.9015045166015625,-2.5699005126953125,2.9666748046875,-0.2040557861328125,-1.9881591796875
2022-11-22,0,0,293.67938232421875,290.98541259765625,-1.20294189453125,-1.823150634765625,0.25,91376.078125,268.8489990234375,281.92584228515625,290.09942626953125,0.0002646842040121,0.0095617584884166,0.0111917257308959,2.4282989501953125,-4.437896728515625,-4.502227783203125,1.62957763671875,0.0318603515625,-2.0884552001953125
2022-11-22,6,1,296.05908203125,291.84014892578125,-1.1100616455078125,-1.81280517578125,0.625,91591.296875,268.39288330078125,281.34375,288.606201171875,0.0007932668086141,0.0088019371032714,0.0124638378620147,1.2914886474609375,-4.358322143554688,-2.408477783203125,1.78857421875,0.007171630859375,-2.340316772460937
2022-11-22,12,2,296.3179931640625,292.45947265625,-0.7292327880859375,-1.73291015625,20.75,91349.203125,268.4544677734375,281.8965759277344,290.0917053222656,0.0008774483576416,0.0096363648772239,0.0134324692189693,0.448974609375,-4.862106323242188,-2.499130249023437,0.838409423828125,-1.327239990234375,-3.732498168945313
2022-11-22,18,3,293.9239807128906,292.1034240722656,-0.2215118408203125,-1.91497802734375,9.75,91588.15625,269.07598876953125,282.11688232421875,289.6231689453125,0.0006530687678605,0.009947545826435,0.0133954994380474,0.5740966796875,-5.271575927734375,-1.100189208984375,2.778411865234375,-1.230133056640625,-0.8249359130859375
2022-11-23,0,0,293.55841064453125,292.471923828125,0.2415771484375,-1.370849609375,35.8125,91447.203125,269.0483703613281,282.2352905273437,289.6260986328125,0.0005423186812549,0.0100660771131515,0.01351323351264,-0.0732421875,-4.3128204345703125,-3.3582763671875,3.041488647460937,-1.3231201171875,-2.790191650390625
2022-11-23,6,1,295.44512939453125,293.18896484375,0.4167327880859375,-1.44891357421875,20.375,91616.125,269.09832763671875,283.02166748046875,289.594970703125,0.0007148513104766,0.0093164183199405,0.0137968137860298,-2.1753692626953125,-4.417495727539063,-1.3264617919921875,2.1329345703125,-1.3599853515625,-2.3273162841796875
2022-11-23,12,2,295.1658935546875,293.9217834472656,0.3333740234375,-1.27313232421875,114.5,91413.0625,268.6999816894531,282.59539794921875,290.67852783203125,0.0013029482215642,0.009426862001419,0.0145272798836231,-1.9031982421875,-3.878387451171875,-1.31884765625,2.2044830322265625,-1.480499267578125,-3.1555328369140625
2022-11-23,18,3,294.526123046875,293.478515625,-0.7431182861328125,-1.514404296875,62.5,91596.40625,268.27496337890625,282.7043151855469,290.494140625,0.0025079024489969,0.009554136544466,0.0142951421439647,-2.3059539794921875,-5.5723876953125,-5.2688751220703125,1.0649871826171875,-0.7319488525390625,-2.7254791259765625
2022-11-24,0,0,293.9443359375,293.1212463378906,-1.5506591796875,0.0064849853515625,87.9375,91440.484375,268.2415466308594,282.6732788085937,290.2462158203125,0.0032838878687471,0.0096001736819744,0.0143551845103502,-3.5708770751953125,-4.3849029541015625,-5.6901397705078125,-0.687744140625,1.160797119140625,1.1119537353515625
2022-11-24,6,1,297.1087646484375,294.4306030273437,-1.665069580078125,1.4302520751953125,764.0,91674.046875,268.9840087890625,282.9997863769531,289.836669921875,0.0022779044229537,0.0087707079946994,0.0139723494648933,-5.58380126953125,-6.492462158203125,-4.64398193359375,-0.5661163330078125,0.64727783203125,3.403228759765625
2022-11-24,12,2,296.9467163085937,293.89141845703125,-1.3358306884765625,0.79205322265625,141.875,91435.109375,268.4629821777344,282.6966552734375,291.47784423828125,0.0027022566646337,0.0092280060052871,0.0142507888376712,-4.3902130126953125,-6.161148071289063,-4.642578125,-0.477325439453125,1.408294677734375,2.5685272216796875
2022-11-24,18,3,294.2752685546875,293.3768310546875,-2.3899688720703125,0.513153076171875,55.875,91729.015625,268.71832275390625,282.1527099609375,290.7540283203125,0.0016722087748348,0.0085727386176586,0.0128841251134872,-7.0352783203125,-5.986541748046875,-6.067718505859375,0.7457122802734375,-0.302520751953125,2.783111572265625
2022-11-25,0,0,293.7062683105469,292.490966796875,-2.504852294921875,0.350494384765625,7.375,91582.296875,268.64080810546875,282.1717529296875,290.5674133300781,0.0011376689653843,0.0057361014187335,0.011220034211874,-9.565093994140623,-6.730621337890625,-6.18896484375,0.8221435546875,-1.12127685546875,2.549591064453125
2022-11-25,6,1,298.9154663085937,291.8788452148437,-3.399627685546875,1.16253662109375,6.75,91758.671875,268.8526611328125,282.4153137207031,290.6402893066406,0.0012443854939192,0.0054642297327518,0.0119093805551528,-9.458984375,-7.3401031494140625,-5.2807159423828125,-0.0853424072265625,0.3688812255859375,1.8047943115234373
2022-11-25,12,2,298.23193359375,292.60791015625,-1.6330718994140625,0.4001007080078125,4.0,91528.75,269.35357666015625,282.099853515625,291.83758544921875,0.0007635871879756,0.007407609373331,0.0125710926949977,-9.254608154296877,-6.433395385742188,-4.4371337890625,-1.24090576171875,-0.6641082763671875,0.42108154296875
2022-11-25,18,3,294.3285522460937,292.69744873046875,-2.409912109375,0.34197998046875,24.125,91744.375,269.4402160644531,281.69482421875,290.95758056640625,0.0009024566970765,0.0065267905592918,0.0122107043862342,-9.587539672851562,-6.4223480224609375,-5.3918304443359375,-1.5225982666015625,-1.4758453369140625,0.4621124267578125
2022-11-26,0,0,293.73712158203125,292.6761169433594,-2.4318389892578125,0.272674560546875,5.5,91595.46875,269.237548828125,282.1605834960937,291.08673095703125,0.0008277376182377,0.0042934902012348,0.0092197582125663,-9.480880737304688,-6.309844970703125,-5.887130737304688,-0.455413818359375,0.4898529052734375,-0.28424072265625
2022-11-26,6,1,299.88409423828125,291.0201416015625,-2.1620025634765625,0.48492431640625,0.0,91704.078125,269.0897827148437,282.46533203125,290.77703857421875,0.0009139298927038,0.0043779574334621,0.0117911286652088,-9.651138305664062,-5.80340576171875,-3.642410278320313,-1.9443359375,1.631622314453125,0.3329010009765625
2022-11-26,12,2,299.3507385253906,292.67041015625,-1.4495849609375,-0.0643768310546875,5.875,91378.140625,269.1466369628906,282.14288330078125,292.8731689453125,0.0008680094033479,0.005705788731575,0.0115017890930175,-8.85113525390625,-3.8807373046875,-3.3530731201171875,-1.763214111328125,-0.8456573486328125,0.0841522216796875
2022-11-26,18,3,294.34185791015625,292.534912109375,-2.7094879150390625,0.3421630859375,0.0,91563.59375,269.88653564453125,282.17193603515625,290.81500244140625,0.0007751290686428,0.0050550885498523,0.0123729519546031,-9.896987915039062,-3.1311798095703125,-4.2830352783203125,-1.0354156494140625,0.427734375,0.6590423583984375
2022-11-27,0,0,293.90948486328125,292.720947265625,-1.9596405029296875,0.60546875,3.25,91403.140625,269.572509765625,282.0692749023437,290.63446044921875,0.0008533569052815,0.0040751062333583,0.0119620896875858,-9.575271606445312,-0.6540069580078125,-3.0056610107421875,0.5469512939453125,1.1860809326171875,-1.05242919921875
2022-11-27,6,1,298.8077392578125,292.1064453125,-1.846466064453125,-0.227813720703125,7.125,91530.578125,269.2222595214844,283.24468994140625,290.8692626953125,0.0007065888494253,0.0040666386485099,0.0120706669986248,-9.44512939453125,0.365020751953125,-2.5680084228515625,1.48974609375,0.98114013671875,-0.529266357421875
2022-11-27,12,2,298.74383544921875,293.2648620605469,-1.602325439453125,-0.0354461669921875,91.75,91255.0,269.322998046875,281.1324462890625,293.0990295410156,0.0006454351823776,0.0069964006543159,0.012125339359045,-5.730484008789063,0.7153472900390625,-2.7632293701171875,2.394638061523437,-1.8846893310546875,-0.98638916015625
2022-11-27,18,3,294.47564697265625,292.501708984375,-2.1627197265625,1.2918243408203125,5.25,91463.515625,269.45751953125,282.6775207519531,290.648193359375,0.0005119261331856,0.0048458017408847,0.0133178830146789,-4.46575927734375,-1.2931365966796875,-4.141387939453125,1.6634063720703125,-1.791015625,2.7060089111328125
2022-11-28,0,0,294.30816650390625,293.1346740722656,-1.32440185546875,1.530059814453125,54.875,91373.5625,268.8773803710937,282.79461669921875,290.2828369140625,0.0004661388229578,0.0051585026085376,0.0125608146190643,-4.7248382568359375,-0.819183349609375,-1.8383331298828125,-1.3095245361328125,1.4276123046875,1.83502197265625
2022-11-28,6,1,299.2892150878906,291.7657470703125,-1.1422271728515625,-0.0534515380859375,7.0,91589.453125,268.3269958496094,282.05535888671875,290.6708374023437,0.0003673243336379,0.0064857862889766,0.0127500686794519,-6.767852783203125,1.2619476318359375,-1.7525482177734375,-0.737701416015625,1.119903564453125,-0.494110107421875
2022-11-28,12,2,299.0169677734375,294.5525207519531,-0.2766876220703125,-0.6171112060546875,14.125,91365.96875,268.72088623046875,281.9447631835937,292.7403869628906,0.0005493578501045,0.0070276819169521,0.0119388252496719,-6.271987915039063,2.881195068359375,-1.2173309326171875,-0.644622802734375,-2.415252685546875,-2.2873077392578125
2022-11-28,18,3,294.9001770019531,292.67413330078125,-1.570648193359375,0.1424713134765625,36.25,91614.078125,268.5848999023437,282.5823974609375,290.26641845703125,0.0007834956049919,0.0053335838019847,0.0132455118000507,-7.6174163818359375,2.5652008056640625,-3.1836395263671875,-0.0565338134765625,-2.88385009765625,0.6436309814453125
2022-11-29,0,0,293.8861694335937,292.6736145019531,-1.6829071044921875,0.9537811279296876,18.75,91513.328125,267.22723388671875,284.3502197265625,290.12139892578125,0.0012195429299026,0.0022281345445662,0.0120596140623092,-5.95135498046875,0.09307861328125,-0.760711669921875,-0.31512451171875,-0.8325653076171875,-0.9867401123046876
2022-11-29,6,1,299.1378173828125,291.7122497558594,-1.1720123291015625,-1.6493377685546875,0.0,91658.265625,267.6780090332031,283.8718566894531,290.6244506835937,0.0011330284178256,0.0020671070087701,0.011958785355091,-5.602569580078125,-0.5626068115234375,-1.59051513671875,-0.0445556640625,-0.6045379638671875,-2.6507568359375
2022-11-29,12,2,298.6927795410156,290.4542236328125,-0.8730926513671875,-1.911773681640625,3.5,91420.703125,267.9959716796875,283.43975830078125,292.7369079589844,0.0015340312384068,0.0021128607913851,0.0106574986129999,-3.0947723388671875,1.593170166015625,-2.316513061523437,2.345794677734375,-1.6392822265625,-5.5776214599609375
2022-11-29,18,3,292.7747802734375,288.97479248046875,-2.1829376220703125,-0.2224578857421875,0.0,91684.546875,268.4403686523437,284.0196533203125,291.1837158203125,0.0009398972615599,0.0014402626547962,0.0094439573585987,-1.9405975341796875,0.5509796142578125,-1.8528594970703125,4.052947998046875,-3.0468902587890625,-4.13067626953125
2022-11-30,0,0,290.7122497558594,289.61700439453125,-2.072174072265625,-0.2180633544921875,0.0,91603.34375,267.64361572265625,284.9424133300781,289.8262939453125,0.0014060847461223,0.001070438651368,0.0076007768511772,-1.55712890625,-3.2760162353515625,-3.1817779541015625,3.591583251953125,-0.23046875,-4.4673614501953125
2022-11-30,6,1,297.66632080078125,288.6936950683594,-1.4937744140625,-1.8254852294921875,0.0,91729.34375,267.3873291015625,285.2164001464844,289.6356506347656,0.0016824745107442,0.0025550702121108,0.0089297778904438,-2.477691650390625,-4.1925048828125,-2.113555908203125,3.159652709960937,1.890472412109375,-2.924591064453125
2022-11-30,12,2,297.2767028808594,289.0834045410156,-1.4694671630859375,-1.1721954345703125,0.0,91492.875,268.08026123046875,285.43585205078125,291.57574462890625,0.0014866511337459,0.00281477952376,0.0079062804579734,-3.368515014648437,-3.0386505126953125,-3.321258544921875,1.81719970703125,1.750946044921875,-2.2093658447265625
2022-11-30,18,3,291.1522216796875,287.87176513671875,-2.0254058837890625,-0.5185394287109375,0.0,91708.28125,268.1488342285156,284.7300720214844,289.80694580078125,0.0013525853864848,0.0039755413308739,0.0075674094259738,-2.8294830322265625,-4.6450958251953125,-4.7613677978515625,0.5182952880859375,2.0628662109375,-1.4857177734375
2022-12-01,0,0,290.5470886230469,289.79547119140625,-1.994873046875,-0.3509979248046875,0.0,91617.8125,267.3256225585937,284.4830322265625,290.31756591796875,0.0016089952550828,0.0042501986026763,0.0074721090495586,-3.143157958984375,-3.90667724609375,-4.69287109375,-0.6373748779296875,3.40142822265625,3.15032958984375
2022-12-01,6,1,298.5072631835937,292.0595092773437,-3.09075927734375,1.03973388671875,13.375,91701.515625,268.0435791015625,283.5036926269531,291.122802734375,0.0013996835332363,0.0068639889359474,0.0127460733056068,-5.034942626953125,-3.956008911132813,-5.01336669921875,0.30206298828125,2.4482879638671875,1.7575225830078125
2022-12-01,12,2,297.58514404296875,292.86431884765625,-1.7995147705078125,0.83404541015625,6.25,91426.859375,267.82342529296875,282.89825439453125,291.15582275390625,0.0017353100702166,0.0076786056160926,0.0133709721267223,-3.10931396484375,-5.060882568359375,-4.73309326171875,-0.618072509765625,0.98809814453125,1.3829193115234375
2022-12-01,18,3,293.5761108398437,292.9219970703125,-2.3029022216796875,-0.04681396484375,0.25,91642.59375,267.3840026855469,283.3625793457031,290.4754638671875,0.0017027000430971,0.0075366012752056,0.0133448019623756,-3.297103881835937,-4.5926361083984375,-5.045166015625,0.1935577392578125,3.268829345703125,-0.356201171875
2022-12-02,0,0,293.9206237792969,292.8355712890625,-2.486175537109375,-0.2103729248046875,6.5,91499.96875,267.7931213378906,283.43603515625,290.397216796875,0.001393748447299,0.0053447633981704,0.0123920775949954,-3.175994873046875,-4.0528717041015625,-5.962493896484375,0.9689178466796876,2.281600952148437,0.6295166015625
2022-12-02,6,1,298.6666564941406,291.79449462890625,-3.2357330322265625,0.8399810791015625,14.0,91695.578125,267.8321533203125,283.3670349121094,291.4301147460937,0.0013519981876015,0.005843736231327,0.0119824633002281,-3.6457366943359375,-4.66180419921875,-5.640777587890625,0.5794677734375,2.1508941650390625,1.14385986328125
2022-12-02,12,2,298.921142578125,292.393798828125,-1.731597900390625,-0.1603851318359375,7.75,91418.953125,267.18310546875,282.00445556640625,292.0464172363281,0.001322875265032,0.0081478022038936,0.0126858577132225,-3.3654022216796875,-4.6483917236328125,-4.80078125,-0.9361419677734376,1.0488433837890625,-1.2666168212890625
2022-12-02,18,3,294.2786865234375,292.7074890136719,-2.750762939453125,0.115142822265625,17.25,91677.890625,267.11053466796875,282.4093322753906,290.908447265625,0.0011405285913497,0.0069459341466426,0.0130022577941417,-4.3740997314453125,-3.817169189453125,-6.110260009765625,0.226409912109375,-0.508148193359375,-1.3541107177734375
2022-12-03,0,0,294.45672607421875,292.7144775390625,-2.616561889648437,-0.378265380859375,8.3125,91515.765625,267.5238342285156,282.306640625,291.2704467773437,0.0008513627108186,0.0061107277870178,0.0106331259012222,-4.355194091796875,-4.3459014892578125,-6.856857299804688,0.3766021728515625,-1.54925537109375,-1.0584564208984375
2022-12-03,6,1,299.8724975585937,291.90704345703125,-3.584808349609375,0.1913909912109375,0.0,91694.046875,267.51641845703125,282.80712890625,290.8906555175781,0.000845894915983,0.0056354105472564,0.0121851488947868,-5.024429321289063,-7.385574340820312,-5.6915435791015625,0.1548004150390625,-0.7487030029296875,-0.007293701171875
2022-12-03,12,2,299.6925048828125,291.6741943359375,-1.7512359619140625,-0.13250732421875,0.0,91437.953125,267.3809814453125,283.01422119140625,292.9033203125,0.0008625488262623,0.0061920285224914,0.0122884735465049,-4.16839599609375,-6.524566650390625,-5.2332305908203125,-1.2733917236328125,-1.36553955078125,-1.63409423828125
2022-12-03,18,3,294.3369140625,292.43994140625,-2.44390869140625,0.3598785400390625,73.25,91726.109375,268.13055419921875,282.32891845703125,290.9249267578125,0.0008631385862827,0.0056298151612281,0.0131492689251899,-5.403289794921875,-6.382568359375,-5.853851318359375,-0.1683502197265625,-2.06402587890625,-1.0900115966796875
2022-12-04,0,0,294.333251953125,292.7017822265625,-2.701766967773437,-0.82415771484375,9.125,91578.71875,268.98883056640625,282.12030029296875,290.45166015625,0.0007023378275334,0.0053507015109062,0.0116125904023647,-6.8734130859375,-7.273712158203125,-7.360763549804687,-1.2872161865234375,-1.8337860107421875,-2.3425750732421875
2022-12-04,6,1,299.4852294921875,291.0528869628906,-4.243377685546875,-1.35955810546875,0.0,91768.671875,268.83953857421875,282.4136047363281,290.8923645019531,0.0011298216413706,0.0054186880588531,0.0119758173823356,-7.1600494384765625,-7.3373565673828125,-6.5585479736328125,-0.9718475341796876,-1.520172119140625,-2.0948944091796875
2022-12-04,12,2,298.74176025390625,290.93231201171875,-2.1318359375,-0.53143310546875,0.0,91476.96875,268.197509765625,281.98114013671875,292.60601806640625,0.0024027088657021,0.0075065195560455,0.0114298313856124,-6.8399200439453125,-4.4000396728515625,-6.1627197265625,-0.7367401123046875,-2.8833770751953125,-3.1994171142578125
2022-12-04,18,3,293.4630432128906,292.00738525390625,-3.1616363525390625,0.020294189453125,0.0,91810.40625,267.64385986328125,282.009033203125,290.8571472167969,0.0031164058018475,0.0047918334603309,0.0109916664659976,-6.4703521728515625,-6.58837890625,-7.8069000244140625,-0.3083038330078125,-1.760986328125,-2.832611083984375
2022-12-05,0,0,292.739501953125,291.24468994140625,-2.747909545898437,-0.3701019287109375,0.0,91706.125,268.37188720703125,282.4635009765625,290.1324462890625,0.0006672642193734,0.0049987249076366,0.0098940655589103,-6.280044555664063,-6.3253173828125,-10.18927001953125,1.4219207763671875,-0.608978271484375,-2.156845092773437
2022-12-05,6,1,298.83355712890625,291.5745849609375,-4.403854370117188,-0.8549041748046875,0.0,91822.984375,268.79962158203125,283.4945678710937,290.3841552734375,0.0005361260846257,0.0040417518466711,0.0112685551866889,-3.8447113037109375,-6.297332763671875,-6.95965576171875,0.97564697265625,-1.59796142578125,-1.298187255859375
2022-12-05,12,2,298.220947265625,292.13726806640625,-1.9187164306640625,0.522674560546875,1.375,91547.75,268.6682434082031,283.2655639648437,291.9360656738281,0.0004542279057204,0.0036067944020032,0.0120695009827613,-6.13873291015625,-5.0992431640625,-5.304458618164063,-1.4704132080078125,-2.9237213134765625,-0.4344024658203125
2022-12-05,18,3,293.22271728515625,291.87469482421875,-2.2768707275390625,0.083404541015625,0.0,91750.09375,268.459716796875,284.0041809082031,290.61865234375,0.0003402796573936,0.0020342387724667,0.01207010820508,-9.443893432617188,-6.675018310546875,-4.8702392578125,-1.11041259765625,-2.4379425048828125,-1.477020263671875
2022-12-06,0,0,293.8267822265625,292.6296691894531,-2.4348602294921875,-0.14288330078125,26.5,91643.1875,268.6650085449219,283.6498413085937,289.284423828125,0.0004240742418915,0.0019254784565418,0.0110069438815116,-8.49847412109375,-7.03076171875,-3.41180419921875,-3.556137084960937,-1.6398162841796875,-2.4775390625
2022-12-06,6,1,298.0087280273437,291.0577392578125,-1.619110107421875,-2.3173370361328125,0.0,91742.96875,268.53045654296875,283.8165283203125,289.8382568359375,0.000452441861853,0.0018795162905007,0.0110249519348144,-9.574600219726562,-6.571563720703125,-2.441680908203125,-3.6589508056640634,-2.0894927978515625,-3.3308563232421875
2022-12-06,12,2,297.88531494140625,290.676513671875,-1.18609619140625,-1.1369781494140625,0.0,91474.234375,268.5909423828125,283.2968139648437,292.0756225585937,0.0005292035639286,0.0011113663204014,0.0101676322519779,-8.767166137695312,-4.907379150390625,-3.8005523681640634,-5.0998382568359375,-3.9733734130859375,-3.273681640625
2022-12-06,18,3,292.5567626953125,290.24420166015625,-1.4308929443359375,-0.9369964599609376,0.0,91673.03125,267.4540405273437,283.94390869140625,290.5496826171875,0.0007381024770438,0.0009153713472187,0.0099407620728015,-9.872207641601562,-9.275909423828123,-1.775787353515625,-4.656646728515625,-3.50579833984375,-2.3142242431640625
2022-12-07,0,0,291.42657470703125,289.40386962890625,-1.4658966064453125,-1.9817352294921875,0.0,91543.015625,267.0577392578125,283.865478515625,290.005859375,0.00100281345658,0.0015016568358987,0.0070639625191688,-6.786636352539063,-10.206756591796877,-3.230224609375,-6.9359893798828125,-1.5577850341796875,-6.444732666015625
2022-12-07,6,1,298.0221252441406,284.468017578125,-1.5056915283203125,-3.8847503662109375,0.0,91627.28125,267.0238037109375,283.44000244140625,290.5009155273437,0.0008813920430839,0.0014488920569419,0.0070135295391082,-9.191162109375,-7.85968017578125,-3.1677703857421875,-9.816116333007812,-3.145126342773437,-6.364410400390625
2022-12-07,12,2,295.724365234375,287.96685791015625,-0.9484710693359376,-1.3408203125,0.0,91501.8125,267.5306091308594,283.132568359375,290.2887878417969,0.0002060612023342,0.0009181457571685,0.0072614364326,-10.020858764648438,-4.558395385742188,-3.3908233642578125,-11.466567993164062,-6.4175872802734375,-4.6085968017578125
2022-12-07,18,3,290.75567626953125,287.40802001953125,-0.7205352783203125,-1.8822021484375,0.0,91604.28125,267.7319641113281,283.3476867675781,290.3377685546875,0.0002399078803136,0.0006153418216854,0.0068035461008548,-14.723831176757812,-3.543319702148437,-2.0458984375,-13.490447998046877,-8.180496215820312,-7.48822021484375
2022-12-08,0,0,290.4081420898437,285.87750244140625,-0.036041259765625,-2.02899169921875,0.0,91474.796875,268.0765380859375,283.02813720703125,289.99249267578125,0.00019068083202,0.0013095815666019,0.0063326619565486,-15.262725830078123,-3.3401336669921875,-1.4028167724609375,-12.630828857421877,-6.4010772705078125,-8.187362670898438
2022-12-08,6,1,296.3280639648437,286.61285400390625,0.2546844482421875,-4.576217651367188,0.0,91541.84375,267.52593994140625,282.9459228515625,289.55291748046875,0.0004660405684262,0.0014457043725997,0.0081790648400783,-16.724624633789062,-5.673873901367188,0.2278289794921875,-13.693099975585938,-5.384521484375,-7.8247528076171875
2022-12-08,12,2,296.3916931152344,285.7416381835937,0.1973724365234375,-2.205841064453125,0.0,91309.453125,267.29888916015625,282.56890869140625,290.7535400390625,0.0030413249041885,0.0061079673469066,0.0076810605823993,-17.642669677734375,-8.103195190429688,0.3603057861328125,-12.930328369140623,-7.815139770507812,-8.139114379882812
2022-12-08,18,3,293.4375915527344,284.4300537109375,0.073150634765625,-2.14697265625,7.625,91411.34375,267.7239685058594,281.8764038085937,290.363037109375,0.0050628334283828,0.0076156631112098,0.0069159343838691,-13.192703247070312,-14.4422607421875,1.577362060546875,-5.60198974609375,-12.19952392578125,-10.538101196289062
2022-12-09,0,0,291.64727783203125,285.7659606933594,-0.039215087890625,-2.637176513671875,0.0,91213.5,268.4032592773437,281.7110595703125,290.0603332519531,0.0039853639900684,0.0092803109437227,0.0048907063901424,-8.152374267578125,-15.855926513671877,-6.177520751953125,-3.3740692138671875,-12.482955932617188,-12.013046264648438
2022-12-09,6,1,291.52587890625,287.774658203125,1.475067138671875,-4.8430938720703125,25.0,91333.875,267.901611328125,282.98492431640625,286.1972045898437,0.0045768693089485,0.007129929959774,0.0102344863116741,-3.3929443359375,-11.53350830078125,-4.16363525390625,-12.572616577148438,-8.817550659179688,-13.35638427734375
2022-12-09,12,2,292.04315185546875,288.5550231933594,1.081268310546875,-3.197296142578125,15.375,91129.9375,267.4754333496094,281.783203125,287.18560791015625,0.0046114176511764,0.0091493166983127,0.0115105435252189,-5.415374755859375,-9.943267822265623,-4.9490509033203125,-11.924484252929688,-11.836868286132812,-12.974533081054688
2022-12-09,18,3,289.987060546875,289.24713134765625,1.802215576171875,-3.8070068359375,7.25,91273.03125,267.5058288574219,282.5701904296875,287.8790283203125,0.0045149959623813,0.0081142727285623,0.012191480025649,-3.827606201171875,-7.7148284912109375,-3.968185424804688,-16.197952270507812,-11.434738159179688,-13.050491333007812
2022-12-10,0,0,290.9838562011719,290.6226806640625,2.761871337890625,-4.607696533203125,8.0,91073.828125,267.769287109375,281.96246337890625,287.3835754394531,0.004781087860465,0.0091141797602176,0.011763572692871,-4.824432373046875,-6.224822998046875,0.99725341796875,-8.906463623046875,-13.264541625976562,-15.413192749023438
2022-12-10,6,1,291.4009094238281,291.14324951171875,3.5569000244140625,-5.9203643798828125,53.25,91159.21875,267.9918212890625,281.804443359375,288.1356811523437,0.0049227029085159,0.0095639191567897,0.012122668325901,-9.850006103515623,-7.421005249023437,1.1764678955078125,-11.625473022460938,-14.515853881835938,-19.087661743164062
2022-12-10,12,2,291.2864074707031,291.011474609375,3.6236419677734375,-5.22369384765625,61.375,90972.515625,268.16900634765625,281.7720947265625,288.4477233886719,0.0049273539334535,0.0100853312760591,0.0128586702048778,-5.93060302734375,-9.490707397460938,2.42071533203125,-8.85052490234375,-13.027252197265623,-18.125991821289062
2022-12-10,18,3,291.4169921875,291.3177490234375,0.34124755859375,-2.4259796142578125,53.875,91201.765625,268.80078125,281.67938232421875,289.025634765625,0.0044716075062751,0.0099283643066883,0.0132606588304042,-5.180267333984375,-8.634170532226562,-5.9251708984375,-7.496612548828125,-8.482345581054688,-7.956893920898437
2022-12-11,0,0,292.2030334472656,291.6781005859375,-1.099517822265625,-1.72747802734375,34.75,91146.015625,269.18585205078125,281.4774169921875,287.95782470703125,0.0045383498072624,0.0097404494881629,0.0123556219041347,-3.792236328125,-4.823822021484375,-3.7030029296875,-2.3201904296875,-1.7462005615234375,-2.7532501220703125
2022-12-11,6,1,293.15289306640625,292.2310791015625,-1.62030029296875,1.1924591064453125,20.75,91399.375,269.7716064453125,281.3892822265625,288.3685302734375,0.0039127580821514,0.009594690054655,0.012470044195652,0.006378173828125,0.4754638671875,-2.458221435546875,7.8009033203125,3.0586700439453125,2.42071533203125
2022-12-11,12,2,294.3656616210937,292.2374267578125,-0.9953765869140624,1.224517822265625,22.375,91181.46875,268.74676513671875,281.9388427734375,289.66864013671875,0.0037282065022736,0.0098978970199823,0.0130288116633892,-3.05865478515625,-1.9296417236328125,-3.539581298828125,4.516647338867188,4.67694091796875,4.002899169921875
2022-12-11,18,3,293.2000732421875,292.39630126953125,-2.674346923828125,0.5187530517578125,1.875,91412.609375,267.81805419921875,281.84844970703125,289.3825378417969,0.0034130082931369,0.0093547254800796,0.0131254307925701,-3.607742309570313,-3.2691802978515625,-5.9355316162109375,8.499114990234375,4.930267333984375,4.368621826171875
2022-12-12,0,0,292.9569702148437,292.4654846191406,-2.65478515625,0.679962158203125,2.625,91286.890625,268.1607971191406,281.811279296875,289.4047241210937,0.003860519034788,0.0093233063817024,0.0131956189870834,-0.353607177734375,-5.93292236328125,-7.232391357421875,4.0482025146484375,4.5135498046875,4.6465911865234375
2022-12-12,6,1,296.0020751953125,293.037841796875,-2.5250244140625,0.7335052490234375,1026.5,91498.453125,268.7768249511719,282.1006774902344,289.71783447265625,0.0039302464574575,0.0092362752184271,0.0131643004715442,-2.9963531494140625,-5.1415557861328125,-6.022796630859375,6.001220703125,5.843170166015625,4.97540283203125
2022-12-12,12,2,295.38507080078125,293.0092163085937,-2.15386962890625,1.6031341552734375,104.875,91253.984375,267.28436279296875,282.5121459960937,290.36993408203125,0.0039256298914551,0.0094110704958438,0.0136590786278247,-4.4930267333984375,-3.2950592041015625,-6.0098876953125,7.21697998046875,6.535079956054688,4.9957122802734375
2022-12-12,18,3,293.32861328125,292.5647277832031,-3.2170867919921875,1.1874542236328125,0.0,91510.09375,267.38592529296875,282.58428955078125,289.7378234863281,0.0037235510535538,0.0086132735013961,0.0127163268625736,-3.671051025390625,-4.887451171875,-7.049118041992188,6.697799682617188,7.087860107421875,6.2508697509765625
2022-12-13,0,0,293.6192626953125,292.5855712890625,-2.7816619873046875,1.7294921875,4.875,91418.390625,267.72247314453125,282.5360107421875,289.7750244140625,0.0035870647989213,0.008926086127758,0.0122468881309032,-6.1415557861328125,-6.991424560546875,-4.1844482421875,5.4322662353515625,7.364715576171875,6.490081787109375
2022-12-13,6,1,297.1097412109375,293.61724853515625,-2.684326171875,1.5941009521484375,520.75,91638.140625,268.0314636230469,282.2210693359375,289.5057373046875,0.0028658371884375,0.0087619516998529,0.0131616815924644,-7.0485687255859375,-7.555999755859375,-6.662277221679688,4.776535034179688,8.650009155273438,5.19305419921875
2022-12-13,12,2,295.3036804199219,293.17169189453125,-3.133880615234375,1.191650390625,122.25,91458.53125,267.4347229003906,281.95458984375,290.5713806152344,0.0039264392107725,0.0093388296663761,0.013515181839466,-7.395217895507812,-4.9069671630859375,-7.909881591796875,5.483810424804688,5.955596923828125,4.687545776367188
2022-12-13,18,3,292.83905029296875,292.28173828125,-3.649459838867188,1.3409881591796875,4.125,91726.515625,266.46844482421875,281.8931884765625,289.8966979980469,0.0037668007425963,0.0087795928120613,0.0122570320963859,-6.482757568359375,-7.1978607177734375,-9.507598876953123,6.496490478515625,5.4874114990234375,6.551513671875
2022-12-14,0,0,292.6278076171875,291.5379638671875,-3.327133178710937,1.861785888671875,1.375,91529.703125,267.2811584472656,282.9487609863281,290.2247619628906,0.0023473836481571,0.0061442479491233,0.0107558220624923,-6.864028930664063,-6.9251556396484375,-10.202362060546877,5.678466796875,4.523941040039063,8.7706298828125
2022-12-14,6,1,296.83917236328125,291.5642395019531,-4.062789916992188,2.286483764648437,8.125,91742.453125,267.7952880859375,283.88604736328125,289.7269592285156,0.0021119504235684,0.0023960997350513,0.0116859078407287,-5.872116088867188,-10.484100341796877,-7.178924560546875,6.3061065673828125,5.5471038818359375,4.187530517578125
2022-12-14,12,2,297.38897705078125,291.61773681640625,-2.011932373046875,0.9735870361328124,0.25,91568.796875,267.4989318847656,282.04718017578125,290.54150390625,0.00193911511451,0.0050679072737693,0.0115557685494422,-8.065780639648438,-12.130203247070312,-5.6656036376953125,4.451751708984375,6.1683502197265625,1.3382720947265625
2022-12-14,18,3,293.3249206542969,292.0414428710937,-2.4328765869140625,-0.307281494140625,7.375,91811.921875,266.7467041015625,281.4327087402344,289.951171875,0.0021913459058851,0.0051102545112371,0.0124723687767982,-9.9063720703125,-10.630584716796877,-4.941925048828125,4.745529174804688,3.937347412109375,1.6818389892578125
2022-12-15,0,0,292.7334899902344,291.5289306640625,-2.3418731689453125,0.4453582763671875,1.25,91582.34375,267.06951904296875,282.618408203125,289.97802734375,0.0009912587702274,0.0028857348952442,0.009085539728403,-8.044891357421875,-11.002304077148438,-5.9591064453125,6.4113616943359375,2.5424346923828125,2.01416015625
2022-12-15,6,1,299.12652587890625,287.056640625,-3.164703369140625,0.6075592041015625,0.0,91684.8125,267.0497436523437,282.6713256835937,290.5531616210937,0.0008594458922743,0.002996695227921,0.0066160149872303,-6.4080657958984375,-11.631500244140623,-6.555084228515625,2.7618865966796875,3.5320587158203125,1.0554962158203125
2022-12-15,12,2,297.8308410644531,285.92047119140625,-1.936126708984375,-0.2132415771484375,0.0,91432.28125,267.91339111328125,282.248046875,292.0380249023437,0.0006530012469738,0.0033176152501255,0.0064607076346874,-5.6894073486328125,-10.788375854492188,-4.613128662109375,-0.842041015625,4.0255889892578125,-1.0647125244140625
2022-12-15,18,3,290.6481628417969,287.50640869140625,-2.0306396484375,-0.4935302734375,0.0,91711.90625,267.1972961425781,281.7437744140625,292.3817138671875,0.0007197349332273,0.0044777952134609,0.0019303490407764,-7.0954437255859375,-9.178115844726562,-7.309890747070312,-0.45550537109375,1.6573028564453125,-1.359375
2022-12-16,0,0,290.20684814453125,287.57257080078125,-2.0079498291015625,-0.6148834228515625,0.0,91480.734375,267.9704895019531,282.4472045898437,292.59197998046875,0.000493740895763,0.0035987561568617,0.0031002743635326,-6.4278106689453125,-5.67047119140625,-8.970855712890625,2.7733306884765625,0.7380218505859375,0.370513916015625
2022-12-16,6,1,299.91754150390625,280.6730041503906,-3.8292388916015625,-0.132232666015625,0.0,91669.546875,267.4683837890625,283.1922912597656,291.462890625,0.0006625968962907,0.0028493171557784,0.0048577114939689,-5.4297943115234375,-5.6560821533203125,-9.091110229492188,0.3016510009765625,-0.2342681884765625,0.219970703125
2022-12-16,12,2,298.2154846191406,287.76007080078125,-1.7758331298828125,-0.017852783203125,0.0,91404.6875,267.89727783203125,281.7998046875,292.3373413085937,0.0007501577492803,0.0039542028680443,0.0077341650612652,-5.299560546875,-7.219207763671875,-5.4219818115234375,-1.0721588134765625,-2.44384765625,-1.074188232421875
2022-12-16,18,3,291.38897705078125,287.466552734375,-1.9213714599609373,-0.6254730224609375,0.0,91665.375,268.5346069335937,281.949462890625,290.93096923828125,0.001497100573033,0.0039066858589649,0.0082003735005855,-6.28143310546875,-8.396728515625,-5.5596466064453125,-0.34210205078125,-3.67913818359375,-2.547637939453125
2022-12-17,0,0,289.9244079589844,287.8389892578125,-1.8047027587890625,-0.7128448486328125,0.0,91573.90625,267.28472900390625,282.0552978515625,289.92205810546875,0.0024343966506421,0.0039939507842063,0.009322814643383,-6.8152923583984375,-7.851409912109375,-8.562103271484375,-0.2298736572265625,-3.3323516845703125,-2.294189453125
2022-12-17,6,1,299.2084350585937,289.48046875,-3.552520751953125,-1.348419189453125,0.0,91737.4375,267.79833984375,282.5084228515625,290.3070068359375,0.0022971897851675,0.0039142034947872,0.0109229832887649,-6.959075927734375,-9.2830810546875,-6.385421752929688,-2.070709228515625,-2.4273834228515625,-2.52447509765625
2022-12-17,12,2,298.9620361328125,290.0081787109375,-2.3032989501953125,-0.8170623779296875,2.875,91478.40625,267.4432067871094,282.20123291015625,292.3921813964844,0.0023695547133684,0.003909196704626,0.0104743689298629,-7.357345581054687,-8.2864990234375,-7.096206665039063,-4.118408203125,-3.67413330078125,-2.9247283935546875
2022-12-17,18,3,292.4603576660156,290.85797119140625,-1.866912841796875,-0.780548095703125,0.0,91717.390625,267.995361328125,282.8924560546875,290.58917236328125,0.0014092321507632,0.0030407658778131,0.0105656646192073,-10.028305053710938,-9.532546997070312,-5.301971435546875,-1.3166046142578125,-3.986648559570313,-4.391860961914063
2022-12-18,0,0,291.7947998046875,290.7176513671875,-1.720977783203125,-1.1793212890625,0.0,91526.828125,267.64825439453125,284.3064880371094,289.73504638671875,0.0013789283111691,0.0017368751578032,0.010430384427309,-8.987579345703125,-8.538467407226562,-7.5033721923828125,-1.0697479248046875,-2.6549224853515625,-6.4870452880859375
2022-12-18,6,1,298.08062744140625,290.2938537597656,-4.0936126708984375,-3.4365234375,0.75,91675.0,267.8270568847656,284.003662109375,290.29742431640625,0.0012675402685999,0.0026879298966377,0.0114235989749431,-9.03515625,-8.033782958984375,-6.76312255859375,-3.3400421142578125,-2.3304595947265625,-5.53228759765625
2022-12-18,12,2,297.7908630371094,290.5313720703125,-1.7910919189453125,-1.539947509765625,0.75,91379.40625,268.070068359375,282.7891845703125,291.5423889160156,0.0007242641877382,0.0033083772286772,0.0117362774908542,-9.431564331054688,-6.7119140625,-5.0401763916015625,-4.0108795166015625,-1.6611175537109375,-4.5152740478515625
2022-12-18,18,3,293.4495849609375,292.0042724609375,-2.413970947265625,-0.810028076171875,3.25,91601.765625,268.7355651855469,284.9516296386719,289.13385009765625,0.0005431573372334,0.0028104879893362,0.0118083469569683,-11.366226196289062,-10.663787841796877,-6.271514892578125,0.0581512451171875,-1.28033447265625,-3.957351684570313
2022-12-19,0,0,292.7140808105469,290.437255859375,-2.17584228515625,-1.1531219482421875,5.0,91466.78125,268.1080322265625,284.5700988769531,288.3690795898437,0.0006398698315024,0.0033500622957944,0.0096001671627163,-10.979400634765623,-10.102432250976562,-6.359909057617188,0.350738525390625,0.8826751708984375,-5.078781127929688
2022-12-19,6,1,297.126953125,288.9902038574219,-3.1373748779296875,-2.5833282470703125,0.0,91621.75,267.7454833984375,284.264404296875,288.1177062988281,0.0006847763434052,0.0035571502521634,0.0102711357176303,-11.2603759765625,-9.782257080078123,-5.27362060546875,0.4146728515625,0.663482666015625,-4.062347412109375
2022-12-19,12,2,296.85986328125,288.574462890625,-2.060531616210937,-0.3343048095703125,0.0,91339.96875,267.48944091796875,283.9765014648437,290.78277587890625,0.0006937533617019,0.0032115229405462,0.0095555409789085,-8.876174926757812,-8.945663452148438,-6.2218017578125,1.0927734375,-1.489105224609375,-1.1779632568359375
2022-12-19,18,3,291.14764404296875,288.2412414550781,-2.0790557861328125,-0.579986572265625,0.0,91562.828125,267.4219970703125,283.7530212402344,290.23309326171875,0.0008653027471154,0.0026295031420886,0.0076222196221351,-8.27032470703125,-10.210113525390623,-4.62677001953125,1.8700408935546875,-2.24298095703125,1.6171417236328125
2022-12-20,0,0,290.1431884765625,288.96539306640625,-1.8704833984375,-1.2960357666015625,0.0,91421.703125,266.4711303710937,283.93096923828125,289.6702880859375,0.0011985087767243,0.0016780442092567,0.010637879371643,-6.2004241943359375,-10.836151123046877,-4.6493988037109375,2.599212646484375,-1.5484161376953125,2.732650756835937
2022-12-20,6,1,298.5499572753906,289.67047119140625,-2.781341552734375,-0.7034912109375,0.0,91562.515625,267.13092041015625,283.349609375,290.1358642578125,0.0012648126576095,0.0024286401458084,0.0116103366017341,-4.649948120117188,-12.236892700195312,-4.9139251708984375,0.605438232421875,-3.2245025634765625,-1.058990478515625
2022-12-20,12,2,298.53692626953125,290.53271484375,-1.878753662109375,-0.3654022216796875,0.0,91280.703125,267.24755859375,283.70440673828125,292.4185791015625,0.0009990253020077,0.0031621998641639,0.0106929652392864,-2.65301513671875,-11.591567993164062,-5.32476806640625,-1.354705810546875,-4.684112548828125,-0.835205078125
2022-12-20,18,3,292.4167175292969,290.5492858886719,-2.7453765869140625,-0.1775054931640625,0.0,91542.640625,268.01251220703125,283.4046630859375,290.2412109375,0.0009852997027337,0.0035897775087505,0.010403849184513,-3.908599853515625,-11.800521850585938,-4.8395538330078125,-1.9801177978515625,-3.500885009765625,-0.130218505859375
2022-12-21,0,0,291.08953857421875,289.5932922363281,-1.732025146484375,-1.2432098388671875,0.0,91409.515625,268.7978515625,281.86016845703125,290.35089111328125,0.0010502689983695,0.0043219625949859,0.0088855102658271,-3.217254638671875,-10.253738403320312,-6.0641937255859375,-1.541351318359375,-5.731903076171875,-0.544921875
2022-12-21,6,1,298.13751220703125,287.563720703125,-2.394134521484375,-1.63446044921875,0.0,91650.3125,268.69256591796875,281.96600341796875,290.2827453613281,0.0007365425117313,0.0039913593791425,0.0083080269396305,-3.445526123046875,-9.938934326171877,-4.896514892578125,-1.68707275390625,-7.257186889648437,-2.17950439453125
2022-12-21,12,2,297.302734375,285.998046875,-1.9214935302734373,-0.868255615234375,0.0,91403.671875,267.349853515625,281.819580078125,291.7586975097656,0.0006116684526205,0.0031537320464849,0.0069978386163711,-2.011093139648437,-8.6949462890625,-5.387451171875,-1.853424072265625,-7.00830078125,-2.0989532470703125
2022-12-21,18,3,290.0025939941406,287.00933837890625,-1.35546875,-1.359619140625,0.0,91598.921875,268.75604248046875,283.1297912597656,291.38995361328125,0.0008075865916907,0.0015170807018876,0.0030995579436421,-0.392547607421875,-7.5508270263671875,-10.368698120117188,-1.7651214599609375,-5.96270751953125,-2.919189453125
2022-12-22,0,0,288.9109802246094,285.2626342773437,-1.73577880859375,-1.9797821044921875,0.0,91450.515625,269.2789306640625,282.969970703125,290.5596008300781,0.0015249748248606,0.0011576975230127,0.0035493406467139,2.921539306640625,-6.479583740234375,-11.5377197265625,-3.1731414794921875,-5.28680419921875,-5.6192626953125
2022-12-22,6,1,298.4251403808594,283.7925109863281,-3.4977569580078125,-2.189544677734375,0.0,91581.25,267.6962280273437,283.81964111328125,289.9703369140625,0.0007403236813843,0.0006641766522079,0.0071046091616153,2.069198608398437,-9.59228515625,-7.5622711181640625,-4.0463714599609375,-6.4768829345703125,-4.6221771240234375
2022-12-22,12,2,297.9125061035156,287.829833984375,-1.60540771484375,-1.3882598876953125,0.0,91375.6875,267.44244384765625,283.4124755859375,291.520263671875,0.0008037402294576,0.0006313615012913,0.009078674018383,1.86334228515625,-8.451705932617188,-4.7130126953125,-7.265777587890625,-4.533370971679688,-4.355514526367188
2022-12-22,18,3,290.844970703125,288.2509155273437,-1.8754425048828125,-1.24981689453125,0.0,91637.90625,268.29986572265625,283.1895751953125,288.91192626953125,0.0018908428028225,0.0009762162808328,0.0099455118179321,1.1203765869140625,-7.514801025390625,-2.88519287109375,-4.184829711914063,-5.218841552734375,-2.403839111328125
2022-12-23,0,0,289.4212646484375,287.92205810546875,-1.5435638427734375,-1.6640472412109375,0.0,91446.453125,268.27545166015625,283.734375,290.52001953125,0.001846085069701,0.0010429201647639,0.0034841219894587,5.437789916992188,-7.408401489257812,-5.3924560546875,-2.4658660888671875,-7.227203369140625,-5.954437255859375
2022-12-23,6,1,298.35015869140625,283.29791259765625,-2.0545196533203125,-2.407073974609375,0.0,91592.671875,267.9931945800781,283.98114013671875,290.52215576171875,0.0008030163589864,0.0012037851847708,0.0051730349659919,3.292465209960937,-7.840972900390625,-4.656417846679688,-4.622604370117188,-7.203155517578125,-3.6875
2022-12-23,12,2,297.8238525390625,286.7272033691406,-1.0158233642578125,-1.5399627685546875,0.0,91361.40625,268.18292236328125,283.7921142578125,292.0931396484375,0.0003016221453435,0.0011752205900847,0.0072722695767879,-0.2870330810546875,-6.636688232421875,-3.7374267578125,-8.498641967773438,-6.723541259765625,-4.1063232421875
2022-12-23,18,3,290.2255554199219,286.19464111328125,-1.9996337890625,-1.5334625244140625,0.0,91614.34375,268.46978759765625,284.1015014648437,291.2122802734375,0.0002386823471169,0.001151421573013,0.0042550060898065,-1.9103851318359373,-5.671112060546875,-4.286590576171875,-9.9775390625,-5.771331787109375,-4.589447021484375
2022-12-24,0,0,288.7156982421875,283.41217041015625,-1.6712493896484375,-1.6602020263671875,0.0,91532.46875,267.72998046875,282.97802734375,291.4662170410156,0.0003773071803152,0.0015459756832569,0.0018515174742788,-3.06793212890625,-4.005126953125,-7.272048950195312,-10.425430297851562,-6.55126953125,-3.5054168701171875
2022-12-24,6,1,298.1968994140625,285.6884460449219,-2.075469970703125,-2.27752685546875,0.0,91703.75,267.7223205566406,282.89697265625,290.58367919921875,0.0003875885158777,0.001770346192643,0.0056982785463333,-3.598251342773437,-7.35906982421875,-6.0432891845703125,-8.576919555664062,-5.708755493164063,-3.2219390869140625
2022-12-24,12,2,298.32867431640625,288.1918029785156,-1.231781005859375,-1.9002838134765625,0.0,91434.125,268.12750244140625,282.4643249511719,291.85125732421875,0.000260985456407,0.0019398524891585,0.0092905238270759,-2.847869873046875,-8.126617431640625,-4.3280792236328125,-9.3160400390625,-4.9036407470703125,-4.8985443115234375
2022-12-24,18,3,291.4268493652344,289.84771728515625,-1.880767822265625,-1.884918212890625,0.0,91630.78125,268.00390625,284.08349609375,291.0955505371094,0.000361121026799,0.0010832960251718,0.0079784840345382,-4.4330902099609375,-8.06390380859375,-5.8963165283203125,-9.703948974609377,-3.30352783203125,-3.943679809570313
2022-12-25,0,0,291.5637512207031,290.7886962890625,-1.9390869140625,-1.915435791015625,14.25,91510.296875,268.1769104003906,283.9783935546875,288.9163513183594,0.0003646211698651,0.0019882875494658,0.0116349495947361,-3.771759033203125,-6.6754913330078125,-11.24688720703125,-10.075210571289062,-1.8639678955078125,-3.469818115234375
2022-12-25,6,1,296.6534118652344,292.801025390625,-3.415756225585937,-2.2728424072265625,226.75,91678.40625,267.9953918457031,283.7841796875,290.2926940917969,0.000565682305023,0.0057634189724922,0.0133522283285856,-7.1262054443359375,-8.569366455078125,-8.156814575195312,-11.710357666015623,-0.7077178955078125,-3.4479522705078125
2022-12-25,12,2,296.18389892578125,293.4097900390625,-3.555755615234375,-1.2716217041015625,405.875,91535.40625,268.0749816894531,283.265869140625,290.4771728515625,0.0005115405656397,0.0089096389710903,0.0144032388925552,-6.0435333251953125,-7.341766357421875,-9.711715698242188,-10.555084228515623,-0.7249298095703125,-2.305938720703125
2022-12-25,18,3,293.97607421875,293.3155517578125,-2.832672119140625,-0.6414642333984375,163.375,91756.578125,268.6651916503906,283.0303039550781,289.4695739746094,0.0006038313731551,0.008444707840681,0.0132222399115562,-9.197189331054688,-6.9560089111328125,-11.001388549804688,-9.0125732421875,-0.4564056396484375,1.377105712890625
2022-12-26,0,0,294.1366882324219,293.1235656738281,-3.515838623046875,0.4519805908203125,272.375,91583.4375,268.3916320800781,284.2358093261719,289.2015075683594,0.0005970408674329,0.0058064684271812,0.0133094266057014,-6.6165313720703125,-7.33740234375,-11.155715942382812,-10.20318603515625,1.4159088134765625,4.267364501953125
2022-12-26,6,1,298.25738525390625,292.2939758300781,-4.812774658203125,1.0258941650390625,240.125,91869.515625,268.6624450683594,284.21929931640625,290.65728759765625,0.0004630361218005,0.0051918197423219,0.013324674218893,-9.166854858398438,-10.207275390625,-7.6309814453125,-9.21380615234375,1.91455078125,1.2153167724609375
2022-12-26,12,2,297.5755615234375,292.6160583496094,-3.5301055908203125,0.63055419921875,206.625,91646.359375,267.9440612792969,282.789794921875,291.32818603515625,0.0004946757107973,0.0068472027778625,0.0138781890273094,-8.995193481445312,-9.449295043945312,-8.4786376953125,-6.09039306640625,1.772125244140625,1.068328857421875
2022-12-26,18,3,294.51318359375,292.94207763671875,-3.2268218994140625,0.3283538818359375,42.625,91950.53125,267.9818420410156,282.7071533203125,290.5272827148437,0.000478685949929,0.0065714754164218,0.0125506520271301,-10.092514038085938,-6.007232666015625,-9.638198852539062,-7.224822998046875,2.3583221435546875,4.090301513671875
2022-12-27,0,0,293.85302734375,292.3849792480469,-3.211669921875,-0.0334320068359375,4.75,91774.734375,268.2850646972656,282.418701171875,290.37310791015625,0.0004512891173362,0.0080581083893775,0.011514775454998,-8.505630493164062,-6.035675048828125,-11.087661743164062,-7.052902221679688,3.82196044921875,4.8719329833984375
2022-12-27,6,1,297.46075439453125,292.21063232421875,-4.273117065429688,1.89105224609375,21.5,91972.546875,268.2006530761719,282.84771728515625,289.9626159667969,0.0004427967360243,0.0079826228320598,0.0132927522063255,-8.820022583007812,-6.02423095703125,-6.8500518798828125,-5.274581909179688,2.564117431640625,2.9997100830078125
2022-12-27,12,2,297.68182373046875,292.8687744140625,-2.1081695556640625,0.951568603515625,99.0,91755.15625,267.9095458984375,282.9505615234375,290.95611572265625,0.0003860467113554,0.0084936916828155,0.0135906189680099,-6.765869140625,-4.127166748046875,-5.458770751953125,-5.4156036376953125,3.2988433837890625,1.82159423828125
2022-12-27,18,3,294.28912353515625,293.0365905761719,-2.5081939697265625,0.14166259765625,0.375,91993.59375,268.12030029296875,282.3984375,290.4598693847656,0.0003483244217932,0.0070828944444656,0.0132429674267768,-8.856430053710938,-3.7752685546875,-5.705978393554688,-6.00048828125,2.58062744140625,0.9158477783203124
2022-12-28,0,0,293.71405029296875,292.1859436035156,-2.3555450439453125,0.3648223876953125,5.125,91883.453125,268.0252990722656,282.8593139648437,290.8638610839844,0.0003433169331401,0.0045026950538158,0.012211263179779,-7.4660797119140625,-4.800338745117188,-5.099395751953125,-5.492401123046875,1.786102294921875,0.6529388427734375
2022-12-28,6,1,299.7984313964844,291.48614501953125,-3.111923217773437,0.7892608642578125,0.0,92099.09375,267.7416381835937,283.650390625,290.3641967773437,0.0003711761673912,0.0034234030172228,0.0122002623975276,-7.289657592773437,-5.253662109375,-5.35247802734375,-4.780120849609375,0.330047607421875,0.739044189453125
2022-12-28,12,2,299.3628234863281,290.8751220703125,-2.037338256835937,0.47021484375,9.375,91806.890625,267.32940673828125,283.189208984375,292.2540283203125,0.000400521850679,0.0021934586111456,0.0117318332195281,-7.291183471679687,-2.67279052734375,-5.249420166015625,-3.2891387939453125,-1.5318756103515625,0.54461669921875
2022-12-28,18,3,293.461181640625,291.5661926269531,-2.637115478515625,0.794769287109375,0.0,92084.546875,267.60235595703125,284.00732421875,290.7232666015625,0.0003973667044192,0.0013059887569397,0.0115616060793399,-7.7738037109375,-4.140914916992188,-6.132843017578125,-0.84356689453125,-3.261627197265625,0.356292724609375
2022-12-29,0,0,292.240478515625,291.10955810546875,-1.712127685546875,0.2193145751953125,0.0,91992.125,267.66619873046875,283.9901123046875,290.4735717773437,0.0003947699442505,0.0010399629827588,0.0086210444569587,-5.687057495117188,-5.6527862548828125,-5.922210693359375,-1.518341064453125,-4.903335571289063,-0.59600830078125
2022-12-29,6,1,299.887451171875,288.3592529296875,-2.8905181884765625,-0.196746826171875,0.0,92182.234375,267.04156494140625,284.9269104003906,290.70562744140625,0.0004431696143001,0.0006858569104224,0.0091815367341041,-6.55816650390625,-5.3105010986328125,-4.7838897705078125,-1.6092529296875,-5.4434967041015625,-1.1664581298828125
2022-12-29,12,2,299.0765380859375,287.7794189453125,-1.8535308837890625,0.1461181640625,0.0,91923.75,267.0897216796875,284.5819702148437,292.060546875,0.0004798551090061,0.0005978054832667,0.0089302286505699,-4.773406982421875,-5.3744964599609375,-5.187759399414063,-1.26617431640625,-3.936859130859375,-0.577484130859375
2022-12-29,18,3,292.5494384765625,288.9952392578125,-2.024169921875,0.2982025146484375,0.0,92162.828125,266.537353515625,284.80108642578125,290.39117431640625,0.0004378915764391,0.0005297237075865,0.0091024786233901,-5.0458984375,-7.281936645507812,-4.4937591552734375,-1.417694091796875,-2.5700225830078125,-0.7517242431640625
2022-12-30,0,0,291.0253601074219,289.65966796875,-1.753997802734375,0.2601165771484375,0.0,92104.515625,266.5887451171875,283.8250732421875,289.4803161621094,0.0003804364241659,0.0005182500462979,0.0078149549663066,-4.1336822509765625,-8.690399169921875,-4.0745697021484375,-4.9669952392578125,-1.069732666015625,0.9471435546875
2022-12-30,6,1,299.28326416015625,286.8795166015625,-3.0793914794921875,-0.0291595458984375,0.0,92276.078125,266.32403564453125,283.5820617675781,290.16851806640625,0.0003763458225876,0.0006989727262407,0.0084731094539165,-4.669692993164063,-8.185226440429688,-4.921051025390625,-6.016998291015625,-0.60137939453125,-0.3484954833984375
2022-12-30,12,2,298.8057556152344,287.6068420410156,-1.5446014404296875,-0.03265380859375,0.0,91976.5,266.8433837890625,284.1469421386719,291.7352294921875,0.0003510402748361,0.0006080630701035,0.0086118131875991,-1.635833740234375,-5.8611602783203125,-4.574630737304688,-6.4574127197265625,-0.89410400390625,-1.0163116455078125
2022-12-30,18,3,292.2049560546875,288.333984375,-2.2982940673828125,0.1527252197265625,0.0,92192.90625,267.3051147460937,284.31640625,289.9065856933594,0.0002736083697527,0.0005239727906882,0.0093851722776889,-2.190826416015625,-6.2174224853515625,-5.1715850830078125,-7.1236572265625,-4.069488525390625,-0.855865478515625
2022-12-31,0,0,289.603515625,288.46258544921875,-2.211700439453125,0.519744873046875,0.0,92075.78125,266.27294921875,284.74249267578125,289.2815246582031,0.000283672241494,0.0003394088707864,0.007809042930603,-2.2410888671875,-6.34222412109375,-2.236236572265625,-8.137542724609375,-6.640350341796875,-2.6141815185546875
2022-12-31,6,1,298.64794921875,286.17364501953125,-1.7384796142578125,-0.622589111328125,0.0,92203.6875,266.5352783203125,284.8685302734375,289.97540283203125,0.000528008211404,0.0003549496177583,0.0078863613307476,-1.9019317626953125,-7.07537841796875,-2.84014892578125,-8.486480712890625,-5.768280029296875,-1.21453857421875
2022-12-31,12,2,298.985107421875,289.0452880859375,-1.5367584228515625,-0.2424774169921875,0.0,91860.390625,266.610595703125,284.77349853515625,292.099365234375,0.000846579670906,0.0003708889707922,0.0073801316320896,-1.1427764892578125,-5.92315673828125,-2.2319793701171875,-9.259613037109377,-5.213043212890625,-1.479522705078125
2022-12-31,18,3,291.6043701171875,287.20782470703125,-2.1070709228515625,0.07403564453125,0.0,92082.953125,267.5185546875,284.710693359375,290.5829467773437,0.0004000468179583,0.0004757880233228,0.0078825391829013,-0.7333221435546875,-5.6784515380859375,-2.656402587890625,-7.613937377929687,-4.516693115234375,-0.074859619140625
2023-01-01,0,0,290.0159606933594,288.174072265625,-1.79119873046875,0.5142059326171875,0.0,91951.140625,267.3489990234375,284.7998962402344,290.12225341796875,0.0003023056779056,0.0007148173172026,0.0080017372965812,0.544769287109375,-2.91168212890625,-2.4990386962890625,-6.8978271484375,-4.2516021728515625,-3.1627197265625
2023-01-01,6,1,299.3796081542969,287.8106689453125,-2.039276123046875,-1.6436920166015625,0.0,92136.46875,266.90966796875,284.427001953125,290.2751770019531,0.0003430519718676,0.0012002727016806,0.0094494521617889,-1.6685333251953125,-1.93017578125,-3.3108062744140625,-6.855133056640625,-4.962203979492188,-3.0661773681640625
2023-01-01,12,2,299.23077392578125,288.468994140625,-1.3732147216796875,-0.762939453125,0.0,91817.3125,266.8670959472656,284.0531921386719,292.57177734375,0.00038110348396,0.0009419159032404,0.0085096657276153,-0.6105194091796875,-2.153778076171875,-3.421371459960937,-7.786758422851562,-9.152084350585938,-2.8595123291015625
2023-01-01,18,3,292.1302795410156,287.44830322265625,-3.1121978759765625,0.3704376220703125,0.0,92033.53125,266.9730834960937,284.5773620605469,290.2351989746094,0.0003149430267512,0.0010019883047789,0.0083602331578731,-1.2585601806640625,-5.998382568359375,-5.628021240234375,-8.51458740234375,-8.727386474609375,-1.417449951171875
2023-01-02,0,0,290.2098083496094,288.59832763671875,-2.5731964111328125,0.26446533203125,0.0,91891.359375,267.0683288574219,284.0045166015625,289.47021484375,0.0004574826452881,0.0010626607108861,0.0065823085606098,-1.429229736328125,-6.102813720703125,-7.994033813476562,-11.329574584960938,-6.5402374267578125,-1.8677215576171875
2023-01-02,6,1,298.89422607421875,283.80157470703125,-3.969024658203125,0.064117431640625,0.0,92079.265625,267.8120422363281,283.9356994628906,289.64617919921875,0.0005026790313422,0.0011635527480393,0.0067480914294719,-4.454925537109375,-6.77435302734375,-7.118408203125,-8.628753662109375,-6.755386352539063,-0.7596588134765625
2023-01-02,12,2,298.08770751953125,285.8841552734375,-2.005126953125,0.51690673828125,0.0,91807.578125,268.3744506835937,283.2945251464844,291.4179077148437,0.0003545985091477,0.0015700967051088,0.007560946047306,-5.338912963867188,-6.51873779296875,-5.32818603515625,-6.9349365234375,-6.5138092041015625,0.321929931640625
2023-01-02,18,3,291.3868408203125,287.5440673828125,-2.6905975341796875,0.4562225341796875,0.0,92067.609375,269.02496337890625,282.3941650390625,289.25311279296875,0.0002327630645595,0.0016480492195114,0.0078355483710765,-8.987411499023438,-8.139175415039062,-5.185272216796875,-5.408233642578125,-5.370269775390625,0.72918701171875
2023-01-03,0,0,291.06561279296875,290.0303955078125,-2.58892822265625,0.7295379638671875,3.75,91923.453125,269.41900634765625,281.4691162109375,289.0382080078125,0.0001341953902738,0.0016096837352961,0.005901962518692,-9.603851318359377,-6.83099365234375,-5.44256591796875,-5.4498291015625,-3.286361694335937,0.0299072265625
2023-01-03,6,1,297.6573791503906,286.92120361328125,-3.749069213867188,-0.0645599365234375,0.0,92107.8125,268.9794921875,281.97955322265625,288.88604736328125,0.0001143989939009,0.0013566908892244,0.0084185041487216,-12.134674072265623,-6.334930419921875,-6.392349243164063,-3.845245361328125,-2.953155517578125,-0.3741455078125
2023-01-03,12,2,298.0843505859375,287.0005798339844,-2.296737670898437,0.2953643798828125,0.0,91787.109375,268.20770263671875,282.79833984375,291.0206604003906,0.0001370014215353,0.0008100774139165,0.008596759289503,-11.471710205078123,-5.11138916015625,-5.477386474609375,-2.0355224609375,-2.6956787109375,-0.31378173828125
2023-01-03,18,3,291.98809814453125,290.39794921875,-3.11517333984375,0.6997222900390625,2.0,92027.71875,269.0198974609375,282.81024169921875,289.0672607421875,0.0001552502799313,0.0007344388868659,0.0096060931682586,-9.611099243164062,-5.46673583984375,-5.9450225830078125,-1.490814208984375,-1.197509765625,-2.4536590576171875
2023-01-04,0,0,291.41119384765625,290.06549072265625,-2.6813201904296875,0.5104217529296875,0.25,91900.453125,268.74005126953125,282.5859375,288.07781982421875,0.0001711725344648,0.0007310998626053,0.0081314109265804,-6.3497314453125,-4.39080810546875,-6.1825714111328125,-1.7374114990234375,0.515869140625,-0.4081573486328125
2023-01-04,6,1,298.09234619140625,285.9871520996094,-3.741973876953125,-0.0950927734375,0.0,92007.46875,268.3384094238281,283.12847900390625,288.9984741210937,0.0001666137686697,0.0008057591039687,0.0076648481190204,-6.83056640625,-4.32965087890625,-5.8991546630859375,-0.759246826171875,-0.572235107421875,-0.4095001220703125
2023-01-04,12,2,297.5027770996094,287.2691955566406,-2.4945068359375,0.4368133544921875,0.0,91667.015625,268.3848876953125,283.5575561523437,290.6143798828125,0.0001689684431767,0.0006363212596625,0.0086112841963768,-4.6900482177734375,-2.749496459960937,-5.466461181640625,-1.5754241943359375,-0.009185791015625,0.3308868408203125
2023-01-04,18,3,291.3905639648437,289.49365234375,-3.7061767578125,0.282989501953125,0.75,91915.5625,268.20721435546875,284.6895446777344,288.4773864746094,0.0001671751815592,0.0005736523307859,0.008933663368225,-3.721954345703125,-4.0745391845703125,-7.1513671875,-0.7609100341796875,0.6479644775390625,-0.331085205078125
2023-01-05,0,0,291.2662353515625,288.7837829589844,-3.988449096679688,0.7785491943359375,2.125,91807.28125,268.05303955078125,284.07598876953125,286.89630126953125,0.0001648962206672,0.0005885851569473,0.0089784823358058,-2.8923492431640625,-1.7618255615234375,-10.2269287109375,-1.70233154296875,1.843414306640625,0.644073486328125
2023-01-05,6,1,296.8025207519531,287.9022827148437,-4.49920654296875,1.026702880859375,0.0,92063.46875,267.7466125488281,283.78240966796875,288.00640869140625,0.0001742226450005,0.0005756330210715,0.0093671698123216,-5.1844482421875,-1.689849853515625,-7.3906402587890625,-1.30169677734375,0.8287811279296875,1.562286376953125
2023-01-05,12,2,297.09295654296875,289.31817626953125,-3.316024780273437,0.9554443359375,24.75,91799.984375,267.8863830566406,282.0919189453125,289.6195068359375,0.0001978227664949,0.000793432816863,0.0107949115335941,-3.782257080078125,-1.9269866943359373,-6.963409423828125,-1.3347930908203125,0.99163818359375,1.0299224853515625
2023-01-05,18,3,291.9190673828125,289.3521423339844,-3.2154541015625,-0.13275146484375,1.875,92074.171875,267.6561889648437,282.75250244140625,288.680419921875,0.0002070995979011,0.0006210843566805,0.0094670541584491,-4.227828979492188,-3.4883575439453125,-7.89483642578125,-1.9511566162109373,0.7294158935546875,-2.074691772460937
2023-01-06,0,0,289.8510437011719,287.7684936523437,-2.971832275390625,-0.7764739990234375,0.0,91913.609375,267.0933837890625,282.17889404296875,289.40478515625,0.0002483229909557,0.0011671117972582,0.0055906400084495,-3.222412109375,-5.97705078125,-9.341888427734377,-1.4508819580078125,3.70867919921875,0.7977294921875
2023-01-06,6,1,297.5038452148437,287.4512634277344,-4.634918212890625,-1.23455810546875,0.0,92184.640625,266.2694396972656,282.59686279296875,288.5477294921875,0.0003205824177712,0.0018084815237671,0.0086835399270057,-4.906494140625,-3.0428009033203125,-8.496963500976562,-4.39764404296875,4.386764526367188,-1.8850860595703125
2023-01-06,12,2,297.2483825683594,288.00982666015625,-4.163909912109375,0.520965576171875,0.25,91874.046875,267.32196044921875,283.16192626953125,289.839111328125,0.000269312178716,0.0025531286373734,0.0099538564682006,-1.79449462890625,-0.8009796142578125,-9.052017211914062,-5.5908203125,2.267196655273437,0.2368621826171875
2023-01-06,18,3,291.7118530273437,289.23779296875,-3.1404266357421875,-0.9871826171875,0.0,92088.46875,267.3939208984375,282.4476623535156,289.75616455078125,0.0002153431123588,0.0042478591203689,0.0070179626345634,-1.94097900390625,-3.4061279296875,-7.647079467773437,-4.4253997802734375,3.1624755859375,-3.33123779296875
2023-01-07,0,0,290.4664001464844,287.8638916015625,-2.9256591796875,-0.5573272705078125,0.0,91913.125,268.27410888671875,281.47235107421875,288.297607421875,0.0001763205364113,0.005055908113718,0.0064640007913112,-2.16986083984375,-3.241073608398437,-11.843612670898438,-4.7987213134765625,2.115936279296875,-2.141098022460937
2023-01-07,6,1,296.84405517578125,288.49566650390625,-4.872650146484375,-1.25006103515625,0.0,92124.34375,267.626708984375,281.3075561523437,288.09722900390625,0.0001873824949143,0.0065206363797187,0.0098385624587535,-2.2091522216796875,-1.903228759765625,-7.9319305419921875,-2.847625732421875,3.078353881835937,-2.09674072265625
2023-01-07,12,2,296.9416809082031,288.5880126953125,-2.418731689453125,-0.39306640625,12.625,91814.0,267.8245849609375,282.0373229980469,289.40704345703125,0.0001938933419296,0.0059293769299983,0.0101965107023715,-1.1454315185546875,0.2725830078125,-5.2009124755859375,-2.3697509765625,0.7480010986328125,-1.5203857421875
2023-01-07,18,3,293.6758728027344,289.4513244628906,-2.2450103759765625,-0.4557647705078125,31.25,92029.625,268.03887939453125,283.4163818359375,288.19989013671875,0.0001749722432577,0.0013989531435072,0.0111569054424762,-0.61639404296875,-1.4698333740234375,-5.58209228515625,-1.392822265625,-0.8350372314453125,-2.582763671875
2023-01-08,0,0,291.2804870605469,290.38037109375,-2.4007568359375,-1.2127838134765625,0.25,91831.34375,268.3861083984375,283.79815673828125,288.0767517089844,0.0001595410867594,0.0006254469044506,0.0090562589466571,-0.7395477294921875,-1.496917724609375,-4.4577484130859375,-1.001983642578125,-0.5257110595703125,-6.21807861328125
2023-01-08,6,1,296.794189453125,287.8910522460937,-2.5276336669921875,-1.5951995849609375,0.0,92005.78125,269.2704467773437,282.74383544921875,288.4974975585937,0.0001539528748253,0.0010389476083219,0.0093773156404495,-1.4598541259765625,-1.687713623046875,-3.695724487304688,-1.10589599609375,-1.7638702392578125,-2.498031616210937
2023-01-08,12,2,297.7234191894531,287.7322998046875,-1.43231201171875,-0.924591064453125,0.375,91697.125,269.0833740234375,283.8145751953125,291.2148132324219,0.0001681459980318,0.0006718384101986,0.0085281319916248,-1.2188262939453125,-2.584869384765625,-2.7449188232421875,-1.4921875,-1.473907470703125,-1.767181396484375
2023-01-08,18,3,290.777587890625,286.552490234375,-2.4723358154296875,-0.6222686767578125,0.0,91915.890625,269.52325439453125,284.9192199707031,289.4263916015625,0.0001874634472187,0.0006173441652208,0.0073613114655017,-1.051788330078125,-7.097457885742188,-3.4736328125,-0.0768585205078125,0.196441650390625,-2.793243408203125
2023-01-09,0,0,289.50994873046875,288.3450927734375,-2.846588134765625,-0.2140350341796875,0.0,91890.578125,268.9130249023437,284.7185974121094,288.5013122558594,0.0001954812323674,0.0004350382369011,0.006148274987936,-0.5955352783203125,-7.322021484375,-2.8968658447265625,-0.2407379150390625,-0.141326904296875,-3.837203979492188
2023-01-09,6,1,297.26910400390625,280.22265625,-2.790313720703125,-1.4498748779296875,0.0,92101.25,268.7567749023437,284.5017395019531,288.5869140625,0.0001968361757462,0.0002378023200435,0.004716869443655,-2.39599609375,-7.619293212890625,-4.5741119384765625,-0.7307281494140625,0.9771881103515624,-2.5599365234375
2023-01-09,12,2,297.2591247558594,281.68218994140625,-1.7888336181640625,-0.1258544921875,0.0,91832.671875,269.108642578125,284.2916259765625,290.6586303710937,0.0002300503256265,0.0001706887123873,0.0042128562927246,-0.0447235107421875,-8.21875,-4.3854522705078125,-1.4773406982421875,1.1957855224609375,-0.9859161376953124
2023-01-09,18,3,289.0361022949219,283.8996887207031,-2.368438720703125,-0.0222015380859375,0.0,92018.1875,269.0364990234375,284.32232666015625,288.72216796875,0.0003309661988168,0.0006737238727509,0.0047347880899906,0.207855224609375,-9.954193115234377,-2.3905487060546875,-3.395416259765625,0.9205780029296876,-2.062362670898437
2023-01-10,0,0,287.376708984375,286.3754577636719,-1.812652587890625,-0.8882598876953125,0.0,91915.53125,268.67877197265625,284.10174560546875,290.031005859375,0.000342855695635,0.0005123713053762,0.0011579352430999,1.96893310546875,-9.66015625,-6.36199951171875,-6.82965087890625,2.193756103515625,-3.259552001953125
2023-01-10,6,1,297.03936767578125,280.90545654296875,-3.59844970703125,-1.1699066162109375,0.0,92044.78125,267.69903564453125,284.381103515625,290.0379333496094,0.0001558749936521,0.0005369363352656,0.0020676234271377,-2.7969970703125,-8.398345947265625,-9.445648193359377,-8.489944458007812,-0.9532470703125,-2.461654663085937
2023-01-10,12,2,298.0439758300781,283.7060546875,-2.278106689453125,0.2505950927734375,0.0,91772.546875,267.82586669921875,284.2066650390625,290.9607849121094,0.000215134845348,0.0005140482680872,0.0063822269439697,-2.319976806640625,-7.565109252929687,-5.4452056884765625,-11.1781005859375,-3.733444213867188,-0.375579833984375
2023-01-10,18,3,289.2591857910156,286.9810485839844,-2.0675506591796875,-0.1427459716796875,0.0,91961.859375,268.9529724121094,284.06298828125,289.7001647949219,0.0001660977141,0.0004931520670652,0.0051275640726089,-6.648941040039063,-7.651077270507812,-2.259750366210937,-11.974685668945312,-4.2034759521484375,-2.7395782470703125
2023-01-11,0,0,286.6915283203125,285.8857116699219,-1.6788177490234375,-0.5821533203125,0.0,91735.265625,268.79156494140625,283.72589111328125,290.4693603515625,0.0001634146028663,0.0004445175873115,0.0015193396247923,-6.228927612304688,-6.61627197265625,-6.214324951171875,-11.707839965820312,-5.863082885742188,-1.1147613525390625
2023-01-11,6,1,298.1751708984375,279.3047180175781,-3.0237579345703125,-0.7586212158203125,0.0,91939.859375,268.438232421875,283.8539428710937,289.787353515625,0.0002578869170974,0.0003834795206785,0.0033537806011736,-7.645401000976562,-7.4587554931640625,-7.052169799804688,-11.115554809570312,-5.30535888671875,-1.237396240234375
2023-01-11,12,2,298.6000061035156,282.55780029296875,-1.662689208984375,-0.2600250244140625,0.0,91575.859375,268.4126892089844,283.7313842773437,292.0775756835937,0.0003753451164811,0.0004528251010924,0.0048633031547069,-5.8922882080078125,-6.4701995849609375,-4.38287353515625,-9.002105712890625,-5.1759185791015625,-1.62164306640625
2023-01-11,18,3,289.03045654296875,282.4722900390625,-2.228240966796875,0.240325927734375,0.0,91810.8125,268.330810546875,283.0213928222656,290.1966857910156,0.0003094037529081,0.0005471776239573,0.0054454021155834,-6.305923461914063,-6.847564697265625,-2.064208984375,-7.947677612304687,-5.258956909179688,-1.8488006591796875
2023-01-12,0,0,287.0409240722656,285.5189819335937,-1.9155731201171875,-0.5854644775390625,0.0,91651.359375,268.0022277832031,282.6146240234375,289.8253173828125,0.0002486082084942,0.0006192526780068,0.0036949969362467,-7.530899047851562,-7.0616302490234375,-2.7322998046875,-7.83172607421875,-3.376205444335937,-3.45458984375
2023-01-12,6,1,299.19354248046875,280.53338623046875,-2.131576538085937,-1.9578094482421875,0.0,91813.546875,267.48345947265625,283.076416015625,290.756103515625,0.0002438285737298,0.000813890248537,0.0040720580145716,-8.440841674804688,-6.300506591796875,-3.4943084716796875,-5.581695556640625,-2.1058349609375,-3.0558624267578125
2023-01-12,12,2,299.416259765625,283.31378173828125,-1.7591552734375,0.44842529296875,0.0,91471.375,267.1796875,283.18280029296875,293.6630859375,0.0002519449917599,0.0009826822206377,0.0039185099303722,-8.992324829101562,-3.624847412109375,-2.91558837890625,-4.338394165039063,-3.7702484130859375,-0.4205169677734375
2023-01-12,18,3,289.467041015625,281.23406982421875,-2.338897705078125,0.7236785888671875,0.0,91735.203125,267.6688842773437,283.7200927734375,291.90252685546875,0.0002401530800852,0.0011033618357032,0.0044018365442752,-10.509780883789062,-5.829010009765625,-1.533111572265625,-2.4645233154296875,-4.6264495849609375,0.597808837890625
2023-01-13,0,0,287.34014892578125,285.36065673828125,-2.058380126953125,-0.326446533203125,0.0,91587.78125,267.4219970703125,283.8553466796875,291.4213256835937,0.0002253588463645,0.001007174141705,0.0041386894881725,-9.83465576171875,-7.40728759765625,-0.0712890625,-1.1181793212890625,-2.450042724609375,-2.26385498046875
2023-01-13,6,1,299.1523132324219,282.32489013671875,-1.9138031005859373,-0.5837554931640625,0.0,91837.515625,267.30328369140625,283.90771484375,291.3419494628906,0.0002227113436674,0.000874513760209,0.0055824257433414,-9.643081665039062,-7.4736785888671875,-2.933334350585937,0.9174041748046876,-1.733673095703125,-1.6846466064453125
2023-01-13,12,2,298.92437744140625,284.2095947265625,-1.5651397705078125,0.5132904052734375,0.0,91580.328125,267.3939819335937,284.06671142578125,293.1763916015625,0.0002135357790393,0.000724556390196,0.005410112440586,-10.574447631835938,-7.476776123046875,-3.1183013916015625,0.451751708984375,-1.930145263671875,-0.432342529296875
2023-01-13,18,3,290.6390380859375,284.6963195800781,-2.644805908203125,0.42791748046875,0.0,91785.640625,267.49517822265625,284.56085205078125,291.1005554199219,0.000215343927266,0.0005177264101803,0.0056668883189558,-11.411651611328123,-9.055023193359377,-3.261581420898437,1.1635284423828125,-0.8150634765625,-0.2166595458984375
2023-01-14,0,0,288.4872436523437,286.6569519042969,-2.05169677734375,0.3606414794921875,0.0,91720.28125,267.0523681640625,284.5730895996094,290.5047607421875,0.0002145118050975,0.0002413633483229,0.0050169341266155,-10.661575317382812,-7.934295654296875,-2.2335357666015625,2.840576171875,1.30474853515625,-3.799224853515625
2023-01-14,6,1,298.412109375,282.2310791015625,-1.9127960205078125,-0.97216796875,0.0,91822.5625,267.4984741210937,284.87744140625,290.9965209960937,0.0002211913815699,0.0002242044574813,0.0048915212973952,-11.29302978515625,-6.485107421875,-3.208465576171875,4.50787353515625,1.4257965087890625,-1.9519500732421875
2023-01-14,12,2,299.6941833496094,282.2515869140625,-1.7252044677734375,0.2767333984375,0.0,91513.390625,267.3925476074219,284.99432373046875,293.9559936523437,0.00019065507513,0.0002342621301067,0.0041232109069824,-11.379241943359377,-4.6913909912109375,-4.01654052734375,4.1729888916015625,1.0573272705078125,-0.5331268310546875
2023-01-14,18,3,289.85791015625,281.3208923339844,-2.4135284423828125,0.70611572265625,0.0,91747.59375,267.1723937988281,285.2855224609375,291.9068603515625,0.0001994867488974,0.0002314142329851,0.0043189916759729,-11.662567138671877,-7.2699737548828125,-2.208953857421875,5.342544555664063,1.1070404052734375,0.2006072998046875
2023-01-15,0,0,287.13983154296875,284.863037109375,-1.9039306640625,-0.7613677978515625,0.0,91555.171875,267.73974609375,284.6683959960937,291.495361328125,0.0002311883290531,0.0003463376779109,0.0035976353101432,-9.157272338867188,-6.436782836914063,-2.140655517578125,7.4394378662109375,1.6966705322265625,-3.1654205322265625
2023-01-15,6,1,299.2131652832031,280.4283447265625,-1.9214630126953125,-0.7468719482421875,0.0,91743.21875,267.5784606933594,284.8171081542969,291.3877868652344,0.0002611349336802,0.0004373975098133,0.0039421715773642,-7.7620849609375,-7.159469604492188,-3.2407684326171875,8.048858642578125,1.4406280517578125,-1.3365020751953125
2023-01-15,12,2,299.7042541503906,282.2681884765625,-1.3612518310546875,0.999603271484375,0.0,91429.8125,267.2831420898437,284.8394775390625,293.68701171875,0.0002400762605248,0.0003438952844589,0.0044492669403553,-6.709075927734375,-6.0811920166015625,-2.915145874023437,4.7425689697265625,1.173248291015625,1.6854095458984375
2023-01-15,18,3,290.72296142578125,283.5453491210937,-2.4418487548828125,1.30389404296875,0.0,91652.734375,267.0972595214844,285.3015441894531,291.9505615234375,0.0002147291816072,0.0002182641910621,0.0048924796283245,-7.60528564453125,-6.39678955078125,-0.1335296630859375,5.307373046875,3.592269897460937,1.9889984130859373
2023-01-16,0,0,287.451416015625,285.6595458984375,-2.221435546875,0.3969268798828125,0.0,91585.0,268.06591796875,284.227294921875,290.77752685546875,0.000159763963893,0.0002261706249555,0.0045474488288164,-5.186737060546875,-5.985992431640625,1.1554412841796875,6.90069580078125,4.2586669921875,1.9056549072265625
2023-01-16,6,1,299.7218933105469,283.2909545898437,-0.6910247802734375,-1.4308624267578125,0.0,91786.8125,267.6946716308594,284.4559326171875,291.350830078125,0.0001809821260394,0.0004371905233711,0.0055674128234386,-4.3134307861328125,-6.585418701171875,-1.309326171875,6.203033447265625,4.555923461914063,-2.352203369140625
2023-01-16,12,2,300.1001892089844,284.9876708984375,-1.5334320068359375,-0.2867584228515625,0.0,91518.90625,267.364501953125,283.69561767578125,294.1881408691406,0.0004514090251177,0.0006765676662325,0.0048412345349788,-1.5167694091796875,-4.20989990234375,-3.613006591796875,1.8260955810546875,4.7252349853515625,-1.1766510009765625
2023-01-16,18,3,291.16082763671875,285.21728515625,-3.11370849609375,0.9608917236328124,0.0,91764.921875,267.7248229980469,284.8047180175781,292.29931640625,0.000363181810826,0.0007752524688839,0.0048420578241348,-1.895599365234375,-6.85931396484375,-2.77630615234375,-1.6462554931640625,5.451950073242188,0.52203369140625
2023-01-17,0,0,287.8153076171875,286.3658142089844,-1.651611328125,0.446624755859375,0.0,91564.84375,268.60791015625,284.5287475585937,291.495849609375,0.0001826512307161,0.0005349768325686,0.004037860315293,-3.5902252197265625,-6.8851470947265625,-2.2911529541015625,-6.018951416015625,4.53253173828125,1.3412017822265625
2023-01-17,6,1,299.4667358398437,281.072265625,-1.3790435791015625,0.1956634521484375,0.0,91908.0625,266.6725769042969,282.93017578125,291.18621826171875,0.0002783769741654,0.0008567927870899,0.0038511655293405,-7.4601898193359375,-6.067718505859375,-2.4676513671875,-0.643402099609375,3.609176635742188,-0.9315948486328124
2023-01-17,12,2,299.6531982421875,281.21356201171875,-1.8382110595703125,1.130126953125,0.0,91600.796875,266.72296142578125,283.1996459960937,292.9223022460937,0.0001799380697775,0.0006952739786356,0.0046644806861877,-7.155609130859375,-4.834442138671875,-3.2779998779296875,-3.584747314453125,4.443695068359375,1.6421356201171875
2023-01-17,18,3,290.80084228515625,287.0145263671875,-2.631500244140625,1.195098876953125,0.0,91865.140625,268.0180969238281,283.8002319335937,291.6983947753906,0.0001774375268723,0.0005527867469936,0.004345878958702,-8.808212280273438,-6.3594818115234375,-0.32867431640625,-0.080291748046875,4.523208618164063,1.502685546875
2023-01-18,0,0,288.94061279296875,287.91455078125,-2.458251953125,0.115020751953125,0.0,91724.359375,268.27081298828125,283.3762512207031,291.69586181640625,0.0002200703456765,0.0004414783325046,0.003417327068746,-7.53192138671875,-5.6491241455078125,-0.499786376953125,2.049652099609375,3.9682464599609375,-0.2333221435546875
2023-01-18,6,1,297.6367492675781,285.08984375,-2.031829833984375,-0.48699951171875,0.0,92027.59375,267.94287109375,283.112548828125,290.1596984863281,0.0004321851301938,0.0004245312884449,0.0046855183318257,-7.9350738525390625,-7.204116821289063,-2.833892822265625,5.023117065429688,1.9212646484375,-2.473373413085937
2023-01-18,12,2,299.2840576171875,282.6600952148437,-2.1029205322265625,0.579864501953125,0.0,91672.4375,268.754150390625,282.81500244140625,292.5267944335937,0.0002503496652934,0.0004865808878093,0.0059209130704402,-5.307037353515625,-3.811859130859375,-4.1630706787109375,2.334091186523437,1.5449981689453125,0.3558349609375
2023-01-18,18,3,290.7592163085937,287.10137939453125,-3.203109741210937,1.26123046875,0.0,92007.65625,268.9649658203125,283.2423400878906,290.08856201171875,0.0002089115296257,0.0003981248009949,0.0064137615263462,-4.848648071289063,-5.483657836914063,-3.494125366210937,1.9673309326171875,1.9651336669921875,0.323577880859375
2023-01-19,0,0,289.7784423828125,288.6976318359375,-2.6487579345703125,0.777069091796875,0.25,91828.546875,268.9460144042969,283.28240966796875,290.552001953125,0.000192100618733,0.000348255271092,0.0023229517973959,-4.05615234375,-5.0252532958984375,-4.034912109375,3.3645172119140625,1.180145263671875,-2.3598785400390625
2023-01-19,6,1,297.86688232421875,281.01446533203125,-2.1369781494140625,-0.3651580810546875,0.0,92020.015625,268.677978515625,283.08599853515625,289.93817138671875,0.0001984494301723,0.0003804046427831,0.0030056019313633,-6.079437255859375,-4.6763458251953125,-4.86376953125,5.084259033203125,-1.648956298828125,-2.94500732421875
2023-01-19,12,2,299.0078430175781,281.68426513671875,-1.8510589599609373,-0.2592315673828125,0.0,91670.84375,268.82733154296875,283.4918212890625,291.9815368652344,0.0002143057645298,0.0003571086563169,0.0047994703054428,-4.566818237304688,-3.928680419921875,-3.9485015869140634,2.97503662109375,-3.0232086181640625,-1.5562286376953125
2023-01-19,18,3,290.2958374023437,285.7049255371094,-3.426116943359375,0.3392486572265625,0.0,91903.3125,268.7235107421875,284.224609375,289.17852783203125,0.0002067571913357,0.0003103621711488,0.0064164064824581,-3.299774169921875,-4.8757171630859375,-4.7913360595703125,1.6977691650390625,-2.03790283203125,-1.3100433349609375
2023-01-20,0,0,288.7120361328125,287.5675354003906,-3.126251220703125,0.842193603515625,0.125,91769.609375,267.3046264648437,284.35418701171875,287.58551025390625,0.0002239825698779,0.0003136042505502,0.0052262600511312,-3.031356811523437,-5.2180023193359375,-5.8111419677734375,0.443511962890625,-0.5468902587890625,-1.6202239990234375
2023-01-20,6,1,296.13580322265625,285.5264892578125,-2.942626953125,1.0583648681640625,0.0,92017.515625,267.443603515625,284.28875732421875,286.91943359375,0.0002346524561289,0.0003429683856666,0.0086192637681961,-6.074996948242188,-5.99853515625,-5.1156158447265625,0.7958831787109375,-0.0191497802734375,1.4462432861328125
2023-01-20,12,2,298.198486328125,286.6363220214844,-2.517120361328125,0.6499786376953125,0.0,91652.3125,267.407958984375,284.4990234375,291.1626281738281,0.0002236969012301,0.0003677511122077,0.0089054070413112,-5.9710235595703125,-5.295867919921875,-4.7401275634765625,0.068359375,0.4693450927734375,0.5214996337890625
2023-01-20,18,3,292.2914123535156,290.2069091796875,-2.8984832763671875,0.9942474365234376,0.0,91897.140625,268.1923217773437,284.58807373046875,289.6581726074219,0.0001973193575395,0.0004121854435652,0.0094487592577934,-7.4872589111328125,-5.343414306640625,-4.1735687255859375,-0.805389404296875,3.1397247314453125,0.729248046875
2023-01-21,0,0,291.9075622558594,289.4091186523437,-2.3910675048828125,0.7671661376953125,7.5,91734.1875,267.67987060546875,284.317138671875,288.0043029785156,0.0002055564691545,0.0004669264890253,0.0086695924401283,-8.583297729492188,-2.2761383056640625,-5.278717041015625,2.3646240234375,1.0584259033203125,-0.1494903564453125
2023-01-21,6,1,296.7723999023437,287.923095703125,-3.5125274658203125,-0.3472900390625,1.0,91917.765625,267.39068603515625,284.1873779296875,288.650146484375,0.0002047502202913,0.0004674014635384,0.0097815953195095,-9.33782958984375,-2.4138336181640625,-5.28167724609375,5.068161010742188,-0.5396881103515625,-0.539398193359375
2023-01-21,12,2,298.42559814453125,286.564453125,-2.485015869140625,-0.54949951171875,0.0,91603.765625,267.2294311523437,283.551513671875,291.2357482910156,0.0002326373651158,0.000477768247947,0.0089448802173137,-7.905136108398437,-2.135162353515625,-4.1732025146484375,4.8180694580078125,-1.6030426025390625,-1.4958648681640625
2023-01-21,18,3,292.2424011230469,288.91168212890625,-3.035140991210937,0.34649658203125,0.0,91784.34375,267.2636108398437,284.2923278808594,288.6852722167969,0.000234026563703,0.000474261585623,0.0103566609323024,-7.63250732421875,-6.154754638671875,-5.5257568359375,3.718170166015625,-2.369354248046875,0.4070892333984375
2023-01-22,0,0,290.77197265625,289.3876647949219,-3.0612335205078125,-0.37054443359375,2.25,91670.0625,267.15167236328125,283.7928466796875,287.96343994140625,0.0004405013751238,0.0006235232576727,0.0088710477575659,-5.478729248046875,-8.66021728515625,-4.641159057617188,4.8544769287109375,0.0640716552734375,-2.4683380126953125
2023-01-22,6,1,297.517333984375,284.8145446777344,-3.542083740234375,-0.77947998046875,0.0,91818.328125,266.83984375,283.9506225585937,288.7753295898437,0.0019636789802461,0.0038546952418982,0.0073490068316459,-3.3606719970703125,-9.489837646484377,-5.709503173828125,4.60528564453125,3.070831298828125,-1.30133056640625
2023-01-22,12,2,298.0781555175781,283.6419677734375,-3.156646728515625,0.5948944091796875,0.0,91524.140625,267.002197265625,283.53155517578125,291.286865234375,0.0029152021743357,0.0058330036699771,0.0068756528198719,-0.5366668701171875,-5.8245391845703125,-5.8605499267578125,2.45587158203125,5.55255126953125,0.698028564453125
2023-01-22,18,3,291.86151123046875,286.8170166015625,-3.59722900390625,0.635528564453125,0.0,91724.640625,268.07635498046875,283.7284851074219,288.98114013671875,0.0029706209897994,0.005422506481409,0.0080303102731704,-1.645294189453125,-4.4171142578125,-6.084197998046875,-0.7266845703125,4.8798675537109375,2.113632202148437
2023-01-23,0,0,289.8070068359375,288.3000183105469,-2.7047271728515625,-0.1217041015625,0.0,91567.4375,267.1436767578125,283.3407897949219,290.50006103515625,0.0030908908229321,0.0058392845094203,0.0066208094358444,-0.657440185546875,-5.92303466796875,-4.8360443115234375,-1.3885345458984375,3.996749877929688,3.619476318359375
2023-01-23,6,1,297.2559509277344,288.1560974121094,-3.26708984375,1.6383514404296875,0.0,91742.75,267.23193359375,282.4573059082031,289.2545166015625,0.0030523827299475,0.0075519271194934,0.0103396102786064,-4.6532745361328125,-4.6137237548828125,-4.9793853759765625,-2.027374267578125,4.8692169189453125,2.43023681640625
2023-01-23,12,2,297.8516845703125,290.48760986328125,-3.1724395751953125,1.537811279296875,3.25,91477.984375,267.3616027832031,282.4867553710937,290.55712890625,0.0033138000871986,0.0067055001854896,0.012126475572586,-3.735641479492188,-1.971160888671875,-5.1878662109375,1.148345947265625,1.947174072265625,2.437850952148437
2023-01-23,18,3,293.20086669921875,291.59674072265625,-3.71142578125,1.49566650390625,0.0,91699.046875,267.515380859375,281.982421875,290.68603515625,0.0028829837683588,0.0053959265351295,0.0109041295945644,0.05926513671875,-3.096038818359375,-4.523956298828125,1.8523101806640625,0.2688140869140625,2.619476318359375
2023-01-24,0,0,292.2257995605469,290.81854248046875,-2.684799194335937,1.80340576171875,6.75,91552.34375,266.7060546875,281.9111328125,290.19793701171875,0.0031716171652078,0.0044050402939319,0.0102768205106258,-0.3577117919921875,-3.958953857421875,-3.414154052734375,-0.58294677734375,1.32257080078125,5.9322662353515625
2023-01-24,6,1,297.778564453125,289.6269836425781,-1.635833740234375,1.871551513671875,0.0,91813.390625,267.7021179199219,281.4591064453125,289.8185119628906,0.0026835317257791,0.0052834004163742,0.0113057438284158,-4.5567779541015625,-3.496429443359375,-2.328826904296875,0.488433837890625,3.3939208984375,2.650131225585937
2023-01-24,12,2,298.949951171875,289.5763244628906,-1.6743316650390625,0.98199462890625,2.125,91445.21875,266.9011535644531,281.34112548828125,292.4640197753906,0.0029324921779334,0.0064016990363597,0.0104015059769153,-1.44024658203125,-1.3223724365234375,-2.787460327148437,3.2069091796875,1.3893585205078125,0.944122314453125
2023-01-24,18,3,293.1341247558594,288.32830810546875,-2.93359375,1.5437774658203125,0.0,91683.3125,266.244140625,281.84100341796875,289.99432373046875,0.00329369190149,0.0070678144693374,0.0104621089994907,-3.146575927734375,-3.3773651123046875,-4.3596954345703125,4.4500732421875,4.2034759521484375,3.217147827148437
2023-01-25,0,0,290.74267578125,288.90380859375,-3.2294921875,1.6575164794921875,2.75,91594.34375,265.7952880859375,282.3048095703125,290.53643798828125,0.0035466426052153,0.0029098012018948,0.0094467811286449,-3.165313720703125,-3.477935791015625,-2.5148162841796875,5.231689453125,3.834396362304688,1.3702850341796875
2023-01-25,6,1,297.1060485839844,287.3516845703125,-2.19342041015625,1.0862274169921875,0.0,91744.96875,266.82977294921875,282.78192138671875,289.0634765625,0.0030491054058074,0.0012110127136111,0.0086491294205188,-3.1096954345703125,-6.0408935546875,-3.1445465087890625,5.684494018554688,3.1479034423828125,0.823577880859375
2023-01-25,12,2,299.228271484375,284.192138671875,-2.8141326904296875,0.9971466064453124,0.0,91467.421875,266.993408203125,282.542724609375,292.7538452148437,0.00242166290991,0.0044412873685359,0.0062129497528076,-1.315338134765625,-2.8394012451171875,-5.496795654296875,3.032562255859375,3.305877685546875,1.29595947265625
2023-01-25,18,3,292.0838317871094,287.3387756347656,-2.7314453125,1.0164947509765625,0.0,91735.578125,267.285400390625,281.861572265625,290.1711120605469,0.0021634350996464,0.0044987350702285,0.0067117512226104,-0.4883270263671875,-4.47210693359375,-3.888229370117188,-0.485992431640625,4.0321044921875,2.8617095947265625
2023-01-26,0,0,290.4054870605469,289.66217041015625,-2.82763671875,0.8330230712890625,4.625,91550.171875,267.02032470703125,282.61114501953125,291.5203857421875,0.0021525518968701,0.0035672488156706,0.0025251302868127,-0.7136383056640625,-4.62725830078125,-2.6925201416015625,-0.626739501953125,2.994293212890625,2.3280792236328125
2023-01-26,6,1,297.9764709472656,283.3661804199219,-1.933746337890625,0.28302001953125,0.0,91765.828125,267.49615478515625,282.9894714355469,290.04949951171875,0.001959113869816,0.0010333070531487,0.0045604035258293,-3.8601226806640634,-5.182540893554688,-3.1951904296875,-0.083953857421875,2.6593780517578125,0.0804595947265625
2023-01-26,12,2,299.3319702148437,284.104736328125,-2.081329345703125,0.5709686279296875,0.0,91478.96875,268.3339233398437,283.3059387207031,292.8839416503906,0.0018543598707765,0.0002613766991999,0.0059674568474292,-3.7343597412109375,-2.763031005859375,-4.240570068359375,0.3423919677734375,1.627593994140625,0.471038818359375
2023-01-26,18,3,292.1332702636719,288.279052734375,-2.9083709716796875,0.540771484375,0.0,91734.71875,267.457763671875,283.68231201171875,290.14117431640625,0.0017560762353241,0.0002064375294139,0.0080110505223274,-2.7610321044921875,-4.685089111328125,-4.417388916015625,0.262603759765625,2.641708374023437,-0.0013885498046875
2023-01-27,0,0,290.540771484375,289.70751953125,-2.81072998046875,0.482940673828125,0.0,91596.359375,267.5396728515625,283.2884521484375,290.4453430175781,0.0017750361002981,0.0002297302853548,0.0048784092068672,-4.170379638671875,-5.041259765625,-5.3718109130859375,0.840118408203125,1.1944732666015625,-2.399200439453125
2023-01-27,6,1,297.8886108398437,284.556640625,-2.24578857421875,0.4007415771484375,0.0,91760.53125,267.74224853515625,283.052490234375,289.12994384765625,0.0016945924144238,0.0004881948698312,0.0061535909771919,-5.1918487548828125,-7.2771148681640625,-4.430572509765625,2.932159423828125,0.5074920654296875,0.2150421142578125
2023-01-27,12,2,299.912353515625,284.1305236816406,-2.4600982666015625,0.4069976806640625,0.0,91483.03125,267.59149169921875,283.03912353515625,292.8026733398437,0.0023384422529488,0.0007194182835519,0.0067154951393604,-3.16693115234375,-5.6461029052734375,-4.8434906005859375,2.887557983398437,-1.5249176025390625,0.18603515625
2023-01-27,18,3,291.7564697265625,286.4294738769531,-2.6540069580078125,0.128997802734375,0.0,91664.28125,267.18829345703125,283.4927673339844,290.58575439453125,0.0025654558558017,0.0007542876992374,0.0065076127648353,-0.1884613037109375,-7.552902221679687,-4.5288848876953125,0.9385986328125,-0.1214141845703125,-0.8407135009765625
2023-01-28,0,0,288.4956970214844,286.80548095703125,-1.475982666015625,-1.0263824462890625,0.0,91580.34375,266.6524353027344,282.98297119140625,291.03533935546875,0.0022815892007201,0.0008069709874689,0.0008973602671176,-0.7891998291015625,-7.80072021484375,-7.196334838867188,0.194091796875,1.614166259765625,0.146514892578125
2023-01-28,6,1,298.5516052246094,279.232177734375,-3.716751098632813,-0.62152099609375,0.0,91726.890625,267.0567321777344,283.0385131835937,290.23150634765625,0.0022764354944229,0.0009905872866511,0.0043286345899105,-1.5357818603515625,-7.7138519287109375,-6.4270782470703125,1.3332061767578125,1.152374267578125,-1.1448974609375
2023-01-28,12,2,299.49609375,282.8517761230469,-2.8102264404296875,0.1297149658203125,0.0,91441.875,267.13433837890625,282.4888610839844,292.52752685546875,0.0019507778342813,0.0010084039531648,0.0051643997430801,-2.988250732421875,-4.0689239501953125,-6.2131195068359375,0.1759796142578125,-0.2422027587890625,-0.3938140869140625
2023-01-28,18,3,291.8945617675781,286.7413330078125,-2.85748291015625,-0.022674560546875,0.0,91639.40625,267.28076171875,282.48541259765625,289.7471008300781,0.0014315068256109,0.0010816541034728,0.0068706274032592,-4.086685180664063,-4.777130126953125,-5.33319091796875,0.93389892578125,-1.576507568359375,-0.94091796875
2023-01-29,0,0,289.0906982421875,286.56414794921875,-2.08349609375,-0.7423553466796875,0.0,91450.28125,267.0909423828125,282.716796875,290.188232421875,0.0010244944132864,0.001288917614147,0.0038791936822235,-2.246978759765625,-4.2840118408203125,-8.992324829101562,2.885711669921875,-1.2851715087890625,-1.2672882080078125
2023-01-29,6,1,299.5076904296875,282.4774780273437,-4.399261474609375,-1.5717926025390625,0.0,91596.765625,267.04058837890625,283.03448486328125,290.29833984375,0.0008139710407704,0.0012234235182404,0.0065986588597297,-0.42431640625,-4.9656829833984375,-7.5613250732421875,4.7960357666015625,-3.268295288085937,-2.761383056640625
2023-01-29,12,2,299.2762756347656,287.366943359375,-3.79010009765625,0.9072418212890624,0.0,91293.046875,267.10308837890625,283.808349609375,292.2574768066406,0.0008773193694651,0.0014140955172479,0.0092639625072479,1.5214385986328125,-3.4346160888671875,-6.960235595703125,2.0648956298828125,-4.406265258789063,1.2843017578125
2023-01-29,18,3,292.6098022460937,288.88018798828125,-2.860443115234375,0.7408447265625,0.0,91663.46875,267.39044189453125,283.3354797363281,289.32177734375,0.0012105116620659,0.0017630627844482,0.0096488781273365,3.6754302978515625,-8.3514404296875,-5.0556640625,-0.456878662109375,5.0029296875,3.825775146484375
2023-01-30,0,0,291.51861572265625,290.322021484375,-2.955902099609375,0.3342742919921875,0.875,91520.171875,266.88995361328125,283.54217529296875,289.937255859375,0.0019692974165081,0.0044235959649086,0.0095681697130203,3.368377685546875,-7.2825927734375,-1.932952880859375,-0.1148529052734375,6.2763519287109375,4.20233154296875
2023-01-30,6,1,298.556640625,290.2076110839844,-2.4142303466796875,0.36798095703125,0.125,91753.078125,267.577392578125,282.1904296875,290.5587158203125,0.0015299664810299,0.0063266679644584,0.010881058871746,3.2115936279296875,-8.411468505859375,-3.5198516845703125,-0.5451812744140625,4.2940521240234375,0.5356292724609375
2023-01-30,12,2,298.5084533691406,290.3930053710937,-1.9492340087890625,0.349395751953125,8.875,91527.640625,267.07843017578125,281.3950500488281,291.376220703125,0.0014113641809672,0.0078969560563564,0.0119769908487796,1.166961669921875,-4.25885009765625,-3.4222412109375,-0.8435821533203125,0.815460205078125,-0.381622314453125
2023-01-30,18,3,294.052734375,291.4853210449219,-3.10809326171875,-0.084014892578125,0.0,91710.546875,267.81573486328125,282.0177001953125,289.61505126953125,0.0007593117188662,0.0065421760082244,0.0127593390643596,-0.9334869384765624,-1.745635986328125,-5.163986206054688,-0.5986328125,-1.0890045166015625,-1.6684112548828125
2023-01-31,0,0,292.8980712890625,291.191162109375,-2.204986572265625,-0.6786346435546875,7.125,91555.359375,268.228515625,281.16571044921875,289.314453125,0.0002980385906994,0.0070013776421546,0.0121502168476581,-1.242828369140625,-2.923446655273437,-3.408721923828125,-1.7704315185546875,-3.5960845947265625,-3.4412078857421875
2023-01-31,6,1,298.7977905273437,288.0971069335937,-2.5474853515625,-2.670501708984375,0.0,91769.578125,268.0300598144531,281.31964111328125,290.286865234375,0.0005862084217369,0.0054794996976852,0.0103727765381336,-1.7650909423828125,-5.034454345703125,-4.243499755859375,1.5701446533203125,-4.0556182861328125,-4.5167083740234375
2023-01-31,12,2,299.752685546875,286.3851928710937,-3.377288818359375,-2.196746826171875,0.0,91406.328125,267.9869384765625,281.3507385253906,292.7841796875,0.0005912014748901,0.0037645476404577,0.0086055062711238,0.45556640625,-2.2933807373046875,-6.199752807617188,-0.119659423828125,-3.765289306640625,-4.302017211914063
2023-01-31,18,3,292.7150573730469,287.9313659667969,-2.9041748046875,-1.2073516845703125,0.0,91656.109375,267.9916381835937,283.1491394042969,290.87310791015625,0.0005179201252758,0.002735765883699,0.0053594969213008,-0.603057861328125,-0.9617462158203124,-8.272674560546875,1.7695770263671875,-4.0247802734375,-5.2666015625
2023-02-01,0,0,290.46563720703125,285.6027526855469,-2.0399932861328125,-1.5469207763671875,0.0,91512.953125,269.11895751953125,282.10748291015625,289.81298828125,0.0001562554243719,0.0024699065834283,0.007645346224308,1.9834747314453125,-1.046051025390625,-11.105758666992188,-2.198822021484375,-3.972503662109375,-6.450347900390625
2023-02-01,6,1,299.3529663085937,286.2491149902344,-3.923782348632813,-2.9918212890625,0.0,91671.03125,268.900390625,281.9300537109375,290.9877319335937,0.0001673352671787,0.0019097577314823,0.0087609700858592,1.7085418701171875,-4.4010009765625,-6.488250732421875,-2.689117431640625,-3.42047119140625,-4.6800079345703125
2023-02-01,12,2,299.8082275390625,286.035400390625,-3.702911376953125,-2.270782470703125,3.875,91427.484375,268.3323974609375,279.9657592773437,292.7149658203125,0.0001644366857362,0.0057392194867134,0.0091314762830734,1.140167236328125,-1.0663299560546875,-7.6748504638671875,-3.63848876953125,-2.481201171875,-4.780548095703125
2023-02-01,18,3,293.90985107421875,288.0548095703125,-3.6407470703125,-1.7209930419921875,0.0,91660.125,269.3259582519531,281.3116760253906,290.97637939453125,0.0001533428003313,0.006638079881668,0.0077911466360092,-0.9590911865234376,-5.1960296630859375,-9.248809814453123,-1.701568603515625,-0.703704833984375,-6.899322509765625
2023-02-02,0,0,293.2799987792969,285.2108154296875,-3.1954803466796875,-2.10784912109375,8.0,91498.03125,269.1202697753906,280.40478515625,290.2923889160156,0.0003055706620216,0.0089096194133162,0.0069212056696414,-1.89654541015625,-4.0773773193359375,-10.933013916015623,-1.30047607421875,1.5503387451171875,-7.045333862304688
2023-02-02,6,1,298.4078063964844,283.1884155273437,-4.551193237304688,-2.7668914794921875,5.75,91762.4375,269.49591064453125,280.4388732910156,290.6872863769531,0.0008468006271868,0.0088643580675125,0.0072686690837144,-1.2426605224609375,-4.2872467041015625,-8.055160522460938,-0.9688262939453124,0.47076416015625,-4.6980743408203125
2023-02-02,12,2,298.2100524902344,285.8359069824219,-3.3394317626953125,-1.4585113525390625,0.0,91483.984375,268.8007202148437,281.4932861328125,291.61492919921875,0.002195387147367,0.008948840200901,0.0087147057056427,-3.797897338867188,-4.938201904296875,-7.28851318359375,1.8386383056640625,-1.648468017578125,-3.8264312744140634
2023-02-02,18,3,293.8958740234375,286.0146484375,-2.93316650390625,-1.6331634521484375,0.0,91711.59375,268.3251953125,282.841796875,290.01629638671875,0.0016506209503859,0.0072949230670928,0.0052234046161174,-4.452484130859375,-6.704879760742188,-11.529083251953123,-0.299774169921875,0.226654052734375,-5.419647216796875
2023-02-03,0,0,291.3576354980469,284.6448974609375,-2.8863067626953125,-0.6082916259765625,0.0,91564.96875,269.029541015625,283.2363586425781,290.0407409667969,0.0003235575277358,0.0089186206459999,0.0031268475577235,-6.2924346923828125,-5.456512451171875,-14.143936157226562,-2.5416259765625,2.0147705078125,-3.5174713134765625
2023-02-03,6,1,297.8314819335937,288.1207580566406,-4.942062377929688,-1.085662841796875,0.0,91770.640625,269.74566650390625,282.4371032714844,289.91021728515625,0.0001069561694748,0.0087198577821254,0.0104042179882526,-9.76812744140625,-8.874984741210938,-8.236968994140625,-5.2037506103515625,3.4116668701171875,-1.617431640625
2023-02-03,12,2,298.336181640625,289.1385498046875,-2.969467163085937,-0.515472412109375,0.875,91477.390625,270.13153076171875,281.4710693359375,291.8707275390625,0.0001012492284644,0.0093200132250785,0.0110311284661293,-10.779464721679688,-7.46258544921875,-6.8404693603515625,-5.8537139892578125,3.685516357421875,-2.8783416748046875
2023-02-03,18,3,294.84332275390625,288.6671142578125,-3.1970977783203125,-0.3833465576171875,0.0,91755.546875,269.84454345703125,282.0445556640625,289.939697265625,0.0001447610848117,0.0090840645134449,0.010837122797966,-12.855178833007812,-5.34124755859375,-7.7787933349609375,-7.9609375,3.3225250244140625,-3.0128326416015625
2023-02-04,0,0,292.0218811035156,288.2693176269531,-2.6784820556640625,-0.709320068359375,0.0,91549.984375,270.0826416015625,281.94293212890625,291.42535400390625,0.00020793301519,0.0084529519081115,0.0048403367400169,-12.409957885742188,-5.30096435546875,-7.59747314453125,-5.8363189697265625,1.8246307373046875,-2.886474609375
2023-02-04,6,1,300.3988647460937,281.8841552734375,-4.443893432617188,-0.78118896484375,0.0,91728.328125,269.2645263671875,282.02691650390625,291.95172119140625,0.0003029522486031,0.008056703954935,0.00596833974123,-11.080856323242188,-5.8453369140625,-7.377273559570312,-5.25958251953125,-0.5672760009765625,-1.37994384765625
2023-02-04,12,2,301.30352783203125,286.03424072265625,-2.9851531982421875,-0.016204833984375,0.0,91428.59375,268.1876525878906,281.760498046875,294.190673828125,0.0003446722403168,0.0080331563949584,0.0076061934232711,-9.312942504882812,-2.612701416015625,-5.773941040039063,-6.8633575439453125,-2.522308349609375,-0.777252197265625
2023-02-04,18,3,294.3517150878906,287.3782043457031,-3.002899169921875,0.4879302978515625,0.0,91702.390625,268.05615234375,282.212646484375,291.9554443359375,0.0003377523971721,0.0060348473489284,0.0087465681135654,-10.245620727539062,-2.62188720703125,-5.2523345947265625,-5.983428955078125,-2.6613922119140625,-0.90521240234375
2023-02-05,0,0,291.690185546875,289.0888061523437,-1.8959808349609373,-0.2306671142578125,0.0,91477.484375,268.9355163574219,281.9022827148437,292.60595703125,0.0002828116994351,0.0045048482716083,0.0059745945036411,-9.106170654296877,-1.4100799560546875,-5.0933685302734375,-8.314620971679688,-0.5200958251953125,-2.38043212890625
2023-02-05,6,1,301.43414306640625,281.6518249511719,-3.658767700195313,-0.7757110595703125,0.0,91672.0,268.5052490234375,281.8976745605469,292.89288330078125,0.0002439515374135,0.0036831472534686,0.0058527439832687,-8.627166748046875,-1.99725341796875,-5.7150421142578125,-8.084564208984375,0.2426605224609375,-1.58636474609375
2023-02-05,12,2,301.541748046875,283.3116455078125,-2.4443511962890625,0.8455047607421875,0.0,91430.359375,268.1229858398437,280.20135498046875,295.0211181640625,0.0002166464255424,0.0049987696111202,0.0063967183232307,-7.597518920898437,0.2183074951171875,-4.8279571533203125,-7.813613891601562,-4.0470123291015625,0.888153076171875
2023-02-05,18,3,293.45880126953125,285.7324523925781,-3.159408569335937,0.609832763671875,0.0,91678.53125,267.7980041503906,285.84844970703125,292.0087280273437,0.000286454334855,0.0005627342034131,0.0071249343454837,-8.263107299804688,-6.168548583984375,-4.9850006103515625,-7.29302978515625,-2.769256591796875,1.9398040771484373
2023-02-06,0,0,290.916015625,287.20880126953125,-2.1761627197265625,0.527679443359375,0.0,91593.5625,267.5899658203125,285.70721435546875,292.3944091796875,0.0002484316937625,0.0002634760458022,0.0061962865293025,-6.8365325927734375,-4.204513549804688,-5.723907470703125,-7.963226318359375,-3.8901214599609375,0.4766082763671875
2023-02-06,6,1,301.0659484863281,283.01287841796875,-3.0272674560546875,0.3959808349609375,0.0,91757.75,269.2797241210937,285.7380676269531,292.2739562988281,0.000170512634213,0.0002853062469512,0.0066588185727596,-9.268051147460938,-5.93072509765625,-4.3808441162109375,-9.732894897460938,-3.0292205810546875,0.077545166015625
2023-02-06,12,2,301.44708251953125,284.9844970703125,-1.0576629638671875,0.3540191650390625,0.0,91465.328125,270.1561584472656,283.31085205078125,294.4913635253906,0.0002459764655213,0.0008859070949256,0.0063370540738105,-10.133834838867188,-2.708114624023437,-1.5511627197265625,-10.92864990234375,-3.439788818359375,-0.1531524658203125
2023-02-06,18,3,293.0606689453125,284.738525390625,-2.068328857421875,0.0621185302734375,0.0,91606.5625,270.183349609375,286.511962890625,292.85662841796875,0.0003186820540577,0.0004808199591934,0.0066766776144504,-12.271560668945312,-4.239288330078125,-0.6049346923828125,-9.478561401367188,-5.03485107421875,0.546722412109375
2023-02-07,0,0,291.32196044921875,289.4648742675781,-1.7889251708984375,1.06719970703125,0.0,91556.828125,268.98419189453125,283.82940673828125,291.35333251953125,0.0004479450872167,0.0006830196361988,0.007231917232275,-9.054656982421877,-3.7907867431640634,-0.349517822265625,-9.092483520507812,-2.202301025390625,2.59002685546875
2023-02-07,6,1,299.8677978515625,286.94384765625,-0.1850433349609375,1.3188323974609375,0.0,91790.859375,268.18145751953125,284.3135986328125,291.6541748046875,0.0006929892115294,0.0007138687651604,0.0084871500730514,-7.753829956054687,-1.843719482421875,-0.5275726318359375,-9.277114868164062,-1.15032958984375,1.223052978515625
2023-02-07,12,2,302.0443725585937,286.5004272460937,-0.4686431884765625,0.37677001953125,0.0,91416.359375,268.20172119140625,284.3724975585937,294.83447265625,0.0003846772015094,0.0009459531866014,0.0079722367227077,-8.302215576171875,-0.602752685546875,-0.7397003173828125,-11.270599365234377,-1.5409698486328125,0.0143890380859375
2023-02-07,18,3,293.9188232421875,285.38897705078125,-2.2310943603515625,0.37066650390625,0.0,91617.6875,268.54010009765625,285.9833374023437,293.38165283203125,0.0002875754144042,0.000990921864286,0.0080317370593547,-8.351516723632812,-0.4320526123046875,-1.3498992919921875,-12.830032348632812,-1.294281005859375,2.9436492919921875
2023-02-08,0,0,292.14971923828125,288.9117431640625,-2.2837371826171875,0.0203857421875,0.0,91533.953125,269.071533203125,284.799560546875,292.2774658203125,0.0002608802169561,0.0010276096872985,0.0081776827573776,-10.302322387695312,-1.67608642578125,-2.091339111328125,-10.68792724609375,-0.6879425048828125,-0.4043121337890625
2023-02-08,6,1,301.3099365234375,286.13262939453125,-2.747894287109375,-1.1036224365234375,0.0,91758.4375,268.8446044921875,285.1268310546875,292.87322998046875,0.0002882059197872,0.0011258153244853,0.0083503164350986,-10.654449462890623,-3.6153717041015625,-3.88873291015625,-9.345123291015623,-4.58172607421875,-2.363677978515625
2023-02-08,12,2,302.68048095703125,286.8822937011719,-1.9111480712890625,-1.0498809814453125,0.0,91423.828125,268.6493530273437,282.91119384765625,295.7379150390625,0.0002612293465062,0.0028773013036698,0.0074067711830139,-9.77398681640625,-3.215576171875,-3.677764892578125,-10.610977172851562,-7.8610992431640625,-2.99481201171875
2023-02-08,18,3,294.5520935058594,287.5661926269531,-3.137939453125,0.450897216796875,0.0,91712.0,268.818603515625,285.2762451171875,292.24578857421875,0.0001649109035497,0.0009192975703626,0.0089890714734792,-9.697250366210938,-8.685775756835938,-6.527191162109375,-11.8541259765625,-9.793991088867188,-1.039703369140625
2023-02-09,0,0,291.91668701171875,289.1767883300781,-2.174911499023437,0.1237945556640625,0.0,91559.890625,268.96697998046875,284.5804443359375,291.7032775878906,0.0001749183429637,0.0010186303406953,0.008110050112009,-8.82147216796875,-7.422256469726562,-7.00189208984375,-11.684402465820312,-8.645095825195312,-2.899887084960937
2023-02-09,6,1,300.86297607421875,285.6625366210937,-3.313934326171875,-1.9769287109375,0.0,91791.71875,268.83154296875,285.2337646484375,292.2393798828125,0.0002038944221567,0.0008214907720685,0.0081533975899219,-10.23370361328125,-10.172698974609377,-5.0619049072265625,-11.76800537109375,-11.32696533203125,-3.37115478515625
2023-02-09,12,2,301.9328308105469,285.33380126953125,-2.588348388671875,-0.1955108642578125,0.0,91515.90625,268.64801025390625,280.7623291015625,295.0561828613281,0.0001883606746559,0.003931132145226,0.0069127716124057,-10.295669555664062,-6.2418212890625,-4.740982055664063,-13.097259521484377,-7.2855987548828125,-1.0307159423828125
2023-02-09,18,3,293.9151611328125,285.9564819335937,-3.1052398681640625,0.840087890625,0.0,91821.6875,268.61199951171875,283.41143798828125,292.1469421386719,0.0001745693443808,0.0007897659670561,0.0075772777199745,-13.075592041015623,-10.92974853515625,-5.0480804443359375,-12.417465209960938,-11.30340576171875,0.61700439453125
2023-02-10,0,0,290.84991455078125,287.98504638671875,-1.99017333984375,0.2144775390625,0.0,91726.71875,267.9490051269531,283.6062316894531,291.74664306640625,0.0001771938404999,0.0006682304665446,0.0054037161171436,-12.885894775390623,-11.420913696289062,-5.3790435791015625,-8.953521728515625,-7.987442016601562,-3.1431121826171875
2023-02-10,6,1,300.9501953125,283.9547119140625,-3.425277709960937,-2.45556640625,0.0,91912.34375,268.3378295898437,283.73974609375,292.19757080078125,0.0001676621468504,0.0007409646641463,0.0064190290868282,-12.295196533203123,-11.48699951171875,-5.359542846679688,-6.357421875,-8.1475830078125,-4.250091552734375
2023-02-10,12,2,301.8264465332031,282.0513916015625,-2.3182373046875,-0.9803924560546876,0.0,91577.796875,268.60968017578125,280.49432373046875,294.690673828125,0.0001723120949463,0.0030357323121279,0.0051856040954589,-10.103958129882812,-6.7746124267578125,-4.996917724609375,-7.084716796875,-6.95703125,-2.8722381591796875
2023-02-10,18,3,293.8763732910156,283.5566711425781,-3.1858673095703125,0.6745758056640625,0.0,91858.625,268.28759765625,285.6683959960937,292.198974609375,0.0001781511964509,0.0006766417063772,0.0070881955325603,-10.701492309570312,-11.528274536132812,-6.8196868896484375,-5.3515472412109375,-8.28436279296875,-0.089996337890625
2023-02-11,0,0,290.4279479980469,286.2296142578125,-2.154510498046875,-0.11529541015625,0.0,91697.0,268.4649353027344,286.0685729980469,292.0086975097656,0.0001508749119238,0.0006594298174604,0.0032590625341981,-9.30267333984375,-11.064682006835938,-8.065383911132812,-4.124603271484375,-6.4356536865234375,-3.5711212158203125
2023-02-11,6,1,300.31591796875,280.7256774902344,-3.0624237060546875,-1.4855499267578125,0.0,91928.453125,268.3806457519531,285.9276733398437,292.19659423828125,0.0001647841563681,0.0006979324389249,0.0045302994549274,-9.769546508789062,-11.449005126953123,-4.850555419921875,-4.44207763671875,-6.200958251953125,-2.677001953125
2023-02-11,12,2,301.6348876953125,282.8403015136719,-1.8946685791015625,-0.8583221435546875,0.0,91593.921875,268.447265625,284.1424560546875,295.4173278808594,0.0001484693639213,0.0006426153704524,0.004599954932928,-9.004318237304688,-9.59344482421875,-4.5550079345703125,-4.931198120117188,-6.724884033203125,-3.188507080078125
2023-02-11,18,3,294.122802734375,282.4461669921875,-2.592620849609375,0.4627227783203125,0.0,91880.4375,268.5122985839844,284.98443603515625,293.38653564453125,0.0001483253727201,0.0010791544336825,0.0053009651601314,-9.255889892578123,-11.470169067382812,-4.9732513427734375,-6.0039825439453125,-7.509979248046875,-3.048324584960937
2023-02-12,0,0,291.0321350097656,286.15380859375,-1.9929351806640625,0.004638671875,0.0,91721.875,268.5294189453125,285.1192626953125,292.6917724609375,0.0001261059951502,0.0010991194285452,0.0037150480784475,-7.7982940673828125,-11.438201904296877,-8.026641845703125,-6.0831298828125,-7.15380859375,-4.2299346923828125
2023-02-12,6,1,301.7345275878906,280.7314453125,-3.753143310546875,-1.103363037109375,0.0,91937.4375,268.30145263671875,284.91070556640625,292.8641357421875,0.0001204390282509,0.001239615958184,0.0046802721917629,-9.761459350585938,-13.133651733398438,-6.353317260742188,-7.2302703857421875,-6.211273193359375,-2.315643310546875
2023-02-12,12,2,303.1248474121094,282.15289306640625,-2.651885986328125,-0.5232086181640625,0.0,91602.078125,268.3150634765625,284.3599853515625,296.0025634765625,0.0001821391342673,0.0012008601333945,0.0050772950053215,-10.22247314453125,-10.470108032226562,-6.0508575439453125,-8.834991455078125,-6.8770599365234375,-2.453826904296875
2023-02-12,18,3,294.3897399902344,281.8348083496094,-2.906723022460937,0.2036285400390625,0.0,91878.078125,268.4111328125,284.8373413085937,293.83416748046875,0.0002048637106781,0.00095801288262,0.0053495094180107,-11.812911987304688,-10.81353759765625,-6.9661712646484375,-5.2840118408203125,-7.6300048828125,-3.656295776367188
2023-02-13,0,0,291.0771484375,283.5188903808594,-2.727874755859375,-0.3117828369140625,0.0,91745.828125,269.12939453125,285.04638671875,292.0157165527344,0.0001471045834477,0.0006210806313902,0.0038953102193772,-9.675979614257812,-10.482925415039062,-11.595550537109377,-6.6764678955078125,-2.604705810546875,-4.4189300537109375
2023-02-13,6,1,301.66314697265625,282.71923828125,-4.667007446289063,-1.9058380126953125,0.0,91930.359375,268.9195556640625,285.647705078125,292.72686767578125,0.0001871996064437,0.0005381277296692,0.0063101053237915,-8.858535766601562,-9.836822509765623,-7.5839996337890625,-5.9226837158203125,-2.2995758056640625,-3.060028076171875
2023-02-13,12,2,302.9823608398437,283.8401794433594,-2.806671142578125,-0.4893798828125,0.0,91588.71875,269.15673828125,284.5094299316406,295.4617004394531,0.0001698041014606,0.0005965428426861,0.0057618394494056,-6.3759307861328125,-7.717880249023437,-5.95928955078125,-8.630828857421875,-4.3929290771484375,-1.6967010498046875
2023-02-13,18,3,294.20733642578125,282.0756530761719,-2.8843231201171875,0.52850341796875,0.0,91899.296875,268.32635498046875,285.2515869140625,292.5838623046875,0.0001941946102306,0.0005556258838623,0.006272654980421,-8.170257568359375,-9.871490478515623,-5.613922119140625,-7.655838012695312,-4.1898040771484375,-0.2072601318359375
2023-02-14,0,0,290.4862670898437,285.05059814453125,-2.159042358398437,-0.2046356201171875,0.0,91746.65625,268.48846435546875,284.6478271484375,291.2804870605469,0.0002126841427525,0.0004348629154264,0.0048892311751842,-7.504913330078125,-10.2525634765625,-6.408493041992188,-6.8921966552734375,-3.496810913085937,-3.386337280273437
2023-02-14,6,1,300.90771484375,280.66119384765625,-3.2798309326171875,-1.2629241943359375,0.0,91934.296875,268.1630249023437,284.2591552734375,292.0199584960937,0.0001949915895238,0.0004838660825043,0.0045295730233192,-7.90130615234375,-9.359420776367188,-5.1920166015625,-5.2666778564453125,-4.944595336914063,-2.159515380859375
2023-02-14,12,2,302.72003173828125,283.06036376953125,-1.931304931640625,-0.2545623779296875,0.0,91522.734375,268.9361572265625,283.2933349609375,295.4293212890625,0.0001474743912694,0.0008911471813917,0.0049079954624176,-7.772598266601562,-6.4180755615234375,-4.022064208984375,-6.353042602539063,-4.23638916015625,-1.221954345703125
2023-02-14,18,3,293.3343811035156,281.1038818359375,-2.5738067626953125,0.0251312255859375,0.0,91755.34375,269.23455810546875,284.09503173828125,292.586181640625,0.0001718377025099,0.0008744045626372,0.0056883729994297,-8.947341918945312,-8.575775146484375,-4.5696563720703125,-6.37933349609375,-5.729034423828125,0.1150665283203125
2023-02-15,0,0,289.8590393066406,286.52685546875,-2.1432342529296875,-0.12933349609375,0.0,91552.640625,268.96795654296875,284.0242614746094,291.47088623046875,0.0002036438090726,0.0006461346056312,0.0053776316344738,-8.03680419921875,-9.228225708007812,-2.156112670898437,-6.2132110595703125,-5.578704833984375,-3.756805419921875
2023-02-15,6,1,301.0059814453125,281.6698608398437,-2.5820770263671875,-2.88775634765625,0.0,91772.0625,268.79071044921875,284.11651611328125,292.4726867675781,0.0002261718036606,0.0007467367686331,0.0048182383179664,-6.934249877929688,-9.286956787109377,-4.0908203125,-8.185775756835938,-3.1173858642578125,-4.6579132080078125
2023-02-15,12,2,302.544921875,281.0150146484375,-2.8673858642578125,-0.6625823974609375,0.0,91449.9375,268.95281982421875,283.16802978515625,295.5340576171875,0.0002251371042802,0.0010569314472377,0.0042426474392414,-6.1070709228515625,-6.709259033203125,-6.029449462890625,-12.365005493164062,-3.7537689208984375,-1.888397216796875
2023-02-15,18,3,293.7529296875,281.9976806640625,-3.0248565673828125,0.03302001953125,0.0,91710.546875,268.804443359375,284.35260009765625,292.9585266113281,0.0001612412597751,0.0008916887454688,0.0047953687608242,-6.914764404296875,-8.494796752929688,-5.93109130859375,-10.576690673828123,-4.205352783203125,-1.908660888671875
2023-02-16,0,0,291.1344299316406,284.83184814453125,-2.215805053710937,-0.8094329833984375,0.0,91542.640625,268.4609069824219,284.142822265625,292.47100830078125,0.0002036194637184,0.0008380152285099,0.0031005928758531,-7.15484619140625,-8.724456787109375,-7.33843994140625,-9.40045166015625,-3.1482086181640625,-4.761001586914063
2023-02-16,6,1,301.5282592773437,279.8570251464844,-4.57891845703125,-1.5860443115234375,0.0,91782.03125,267.76397705078125,284.33355712890625,292.8261108398437,6.443313031923026e-05,0.000884850975126,0.0042606480419635,-15.02069091796875,-9.149566650390623,-7.436172485351562,-7.735488891601562,-3.5271453857421875,-2.876129150390625
2023-02-16,12,2,302.4010009765625,281.50604248046875,-3.4675445556640625,-0.1122283935546875,0.0,91472.46875,267.6168212890625,280.9953308105469,295.4349365234375,0.0001644140284042,0.0028918099123984,0.0049799121916294,-14.583358764648438,-5.8800048828125,-7.253250122070312,-11.76129150390625,-6.1909027099609375,-1.3281707763671875
2023-02-16,18,3,293.6112060546875,284.2734069824219,-2.981430053710937,0.723541259765625,0.0,91789.53125,267.7900390625,285.06134033203125,292.1620483398437,0.0001299915165873,0.0005349679850041,0.0062965545803308,-16.276016235351562,-11.290374755859377,-6.150177001953125,-7.0728607177734375,-7.334625244140625,-1.2486572265625
2023-02-17,0,0,290.93670654296875,287.68572998046875,-2.2413482666015625,-0.0250396728515625,0.0,91641.46875,267.6211853027344,284.33526611328125,291.8946838378906,0.0001091285812435,0.000567547045648,0.0045259036123752,-14.677169799804688,-11.366165161132812,-8.079376220703125,-7.0827484130859375,-3.29364013671875,-2.88287353515625
2023-02-17,6,1,301.3578186035156,278.7545471191406,-4.087799072265625,-1.208709716796875,0.0,91847.875,268.159912109375,284.39324951171875,292.609619140625,7.693510269746184e-05,0.0006782801356166,0.0042997412383556,-15.1322021484375,-9.502960205078123,-6.418060302734375,-8.195938110351562,-1.2162322998046875,-1.96453857421875
2023-02-17,12,2,302.3697814941406,281.1861267089844,-2.652801513671875,-0.16571044921875,0.0,91507.375,267.951171875,284.2554016113281,295.16162109375,0.0001639573893044,0.0009226051624864,0.0043784119188785,-13.07916259765625,-6.040939331054688,-5.386077880859375,-9.271072387695312,-4.2713165283203125,-1.2798309326171875
2023-02-17,18,3,293.5394897460937,283.7785339355469,-2.91949462890625,0.7910003662109375,0.0,91782.953125,268.2069091796875,285.17694091796875,292.42999267578125,0.0002662534825503,0.0008536991663277,0.0061531141400337,-11.5458984375,-7.9763641357421875,-4.6016998291015625,-9.360626220703123,-4.3199005126953125,0.08306884765625
2023-02-18,0,0,290.37060546875,287.38092041015625,-2.2650146484375,0.1649627685546875,0.0,91672.515625,268.34490966796875,283.2271728515625,292.11053466796875,0.0002588648931123,0.0009366921149194,0.0049863159656524,-11.698486328125,-7.169097900390625,-5.0453643798828125,-8.531265258789062,-4.46905517578125,-1.085601806640625
2023-02-18,6,1,301.1455383300781,282.759765625,-2.6966705322265625,-0.3035430908203125,0.0,91848.0,268.4434814453125,283.7748413085937,292.26727294921875,0.0002444273268338,0.0011171768419444,0.0057987570762634,-13.388916015625,-5.267578125,-4.0247802734375,-8.772903442382812,-3.4888153076171875,-1.153656005859375
2023-02-18,12,2,302.03369140625,282.5583190917969,-1.5866241455078125,-0.4928131103515625,0.0,91504.375,268.1876220703125,279.7139892578125,295.2409362792969,0.0002876889775507,0.0049401284195482,0.0053948201239109,-11.965530395507812,-2.164581298828125,-2.691558837890625,-8.8594970703125,-4.225830078125,-1.787628173828125
2023-02-18,18,3,294.2852783203125,284.1887512207031,-3.00830078125,0.454315185546875,0.0,91832.0,268.16278076171875,283.3824462890625,291.615478515625,0.0001827009982662,0.0019506574608385,0.0067759528756141,-12.70135498046875,-1.28961181640625,-5.819015502929688,-6.4381866455078125,-6.20855712890625,4.573898315429688
2023-02-19,0,0,291.5843505859375,289.5360107421875,-2.0729522705078125,0.83636474609375,0.0,91678.84375,267.796630859375,283.3023681640625,291.5919189453125,0.0001973597682081,0.0010757942218333,0.00607780367136,-12.01617431640625,-6.0582427978515625,-2.313949584960937,-3.78948974609375,-3.707565307617188,0.6894683837890625
2023-02-19,6,1,300.4399719238281,286.6577453613281,-2.0911865234375,-0.5753173828125,0.0,91860.15625,268.1163330078125,284.7498779296875,291.75274658203125,0.0001924960379255,0.0007862597703933,0.0079187899827957,-11.398040771484377,-5.78985595703125,-3.2241363525390625,-2.005477905273437,-1.8958587646484373,-1.600006103515625
2023-02-19,12,2,302.5433959960937,285.4867858886719,-1.6360626220703125,-0.962188720703125,0.0,91544.703125,268.0609436035156,279.7991943359375,294.8304748535156,0.0002092744834953,0.0048758536577224,0.0062840618193149,-11.323638916015623,-3.038543701171875,-2.64862060546875,-0.1904296875,-2.613433837890625,-1.9847259521484373
2023-02-19,18,3,294.57684326171875,285.2845458984375,-3.291595458984375,0.7139739990234375,0.0,91803.28125,268.02099609375,285.9034423828125,291.08154296875,0.000197765242774,0.0005954063963145,0.0079118572175502,-10.132308959960938,-8.572921752929688,-6.433807373046875,-0.4455718994140625,-2.315277099609375,4.1197357177734375
2023-02-20,0,0,291.89697265625,289.6168518066406,-1.7268218994140625,0.2747344970703125,0.0,91640.609375,267.490966796875,286.26776123046875,290.43963623046875,0.0001979717198992,0.0005497010424733,0.0083353891968727,-9.682388305664062,-7.8936767578125,-1.5687713623046875,-0.779998779296875,0.5373992919921875,0.717803955078125
2023-02-20,6,1,300.383056640625,286.7587890625,-0.6021728515625,-1.3943939208984375,0.0,91904.03125,267.0929870605469,285.6796875,291.44024658203125,0.0001979174121515,0.0005221753381192,0.008220836520195,-10.231857299804688,-6.0006103515625,-0.859771728515625,-0.245819091796875,-0.4990081787109375,-2.2357940673828125
2023-02-20,12,2,302.6415100097656,285.53863525390625,-1.1826171875,-1.1876220703125,0.0,91567.71875,266.7755432128906,284.6617126464844,295.0586853027344,0.0002150823856936,0.0007464042864739,0.0061251930892467,-8.039306640625,-3.88848876953125,-1.9433441162109373,-1.948486328125,-0.830047607421875,-2.1241912841796875
2023-02-20,18,3,294.0147399902344,282.6398620605469,-2.9296112060546875,0.094390869140625,0.0,91850.828125,266.54620361328125,284.58868408203125,292.8025817871094,0.0002215840213466,0.0006332185585051,0.0053665414452552,-8.291793823242188,-8.806640625,-4.6075286865234375,-2.2424468994140625,-3.7209625244140634,0.6083831787109375
2023-02-21,0,0,291.23565673828125,285.3326416015625,-2.0440216064453125,0.07647705078125,0.0,91719.984375,266.4284973144531,284.7434387207031,292.0933837890625,0.0002195545093854,0.0003173053264617,0.0056036449968814,-6.986175537109375,-10.518722534179688,-2.83282470703125,-1.28607177734375,-3.00439453125,-2.739364624023437
2023-02-21,6,1,301.17352294921875,283.754150390625,-2.486724853515625,-2.0507965087890625,0.0,91912.46875,267.11138916015625,284.6383361816406,292.4129638671875,0.0002105888706864,0.0002639682497829,0.0060044713318347,-4.924850463867188,-10.685348510742188,-3.697509765625,-0.931365966796875,-5.3141021728515625,-3.322418212890625
2023-02-21,12,2,302.9256591796875,283.44891357421875,-1.7787017822265625,-0.790283203125,0.0,91628.140625,266.7000732421875,283.53009033203125,295.4874572753906,0.0002196617133449,0.0005366900004446,0.0045878067612648,-3.2136383056640625,-6.5373077392578125,-3.68695068359375,-2.10565185546875,-5.597259521484375,-2.294281005859375
2023-02-21,18,3,294.796875,283.0560607910156,-2.9281768798828125,0.688323974609375,0.0,91828.6875,266.722900390625,284.4823608398437,293.3671875,0.0001879341289168,0.0001802814367692,0.0050937980413436,-4.146728515625,-9.748321533203123,-4.2849884033203125,-2.748382568359375,-7.7406768798828125,1.364715576171875
2023-02-22,0,0,291.85284423828125,286.45367431640625,-2.2517547607421875,0.3018798828125,0.0,91691.65625,267.10089111328125,284.2250366210937,292.39453125,0.0001485877291997,0.0002416134811937,0.0046943761408329,-3.8952789306640634,-11.587646484375,-4.632583618164063,-2.511688232421875,-6.774337768554688,-2.8343658447265625
2023-02-22,6,1,301.7030639648437,281.41510009765625,-2.9857940673828125,-2.0491485595703125,0.0,91850.8125,267.95294189453125,283.85992431640625,292.84674072265625,0.0001198453683173,0.0002509970217943,0.0053834281861782,-4.6524810791015625,-14.376052856445312,-4.7819366455078125,-1.4756927490234375,-7.60595703125,-3.520599365234375
2023-02-22,12,2,303.05126953125,283.5526123046875,-2.7310028076171875,-0.8173675537109375,0.0,91545.25,267.5609741210937,280.9179077148437,295.8768920898437,0.0001374041312374,0.0031723084393888,0.0053398869931697,-3.947830200195313,-7.535491943359375,-5.614547729492188,-0.0499267578125,-5.557098388671875,-2.390899658203125
2023-02-22,18,3,294.4615478515625,283.99774169921875,-3.466583251953125,0.63037109375,0.0,91782.6875,266.90203857421875,283.74676513671875,292.76348876953125,0.0001496635813964,0.0003306283615529,0.006378524005413,-3.940383911132813,-13.630874633789062,-6.461151123046875,-0.7161102294921875,-6.6966705322265625,-1.3099822998046875
2023-02-23,0,0,290.26123046875,286.1201171875,-2.22381591796875,0.0321807861328125,0.0,91707.125,267.1015014648437,283.46173095703125,291.3062744140625,0.000122738056234,0.0003092715051025,0.0022965639363974,-2.796661376953125,-12.506927490234377,-9.723922729492188,-2.152130126953125,-3.631515502929688,-2.957611083984375
2023-02-23,6,1,300.8677673339844,277.88604736328125,-4.67498779296875,-1.023651123046875,0.0,91846.640625,267.9390869140625,283.7107238769531,292.2838134765625,0.0001006455422611,0.000263225112576,0.0036911929491907,-2.551513671875,-11.70587158203125,-7.97491455078125,0.2171173095703125,-4.096206665039063,-2.003692626953125
2023-02-23,12,2,302.6254272460937,279.482177734375,-3.128814697265625,-0.070068359375,0.0,91506.796875,267.3505859375,283.6402587890625,295.3937683105469,0.0001043392112478,0.0002496563829481,0.0038798288442194,-2.959197998046875,-9.58880615234375,-6.70703125,-0.1267547607421875,-2.5791168212890625,-1.287933349609375
2023-02-23,18,3,293.6478881835937,280.3031616210937,-3.070297241210937,0.243377685546875,0.0,91752.5,267.79217529296875,283.57391357421875,292.3292541503906,0.0001021857460727,0.0003315405920147,0.0046067796647548,-3.7635345458984375,-8.646499633789062,-7.254730224609375,-0.673309326171875,-0.3999481201171875,-1.035064697265625
2023-02-24,0,0,289.6112060546875,286.92828369140625,-2.2613067626953125,-0.201416015625,0.0,91644.0,268.1276550292969,283.2065734863281,291.4997253417969,0.0001021815260173,0.0002730498090386,0.0021201625932008,-2.223236083984375,-6.9369049072265625,-9.9722900390625,0.6397705078125,1.5063934326171875,-2.1756134033203125
2023-02-24,6,1,301.1200561523437,278.1402893066406,-3.65301513671875,-0.5337677001953125,0.0,91918.375,267.7013244628906,283.29522705078125,292.01397705078125,0.0001062363153323,0.0002671666443347,0.0041967891156673,-3.3597869873046875,-5.5792083740234375,-6.236846923828125,2.5393829345703125,1.346588134765625,-1.1768035888671875
2023-02-24,12,2,303.3583679199219,278.560302734375,-2.666000366210937,-0.0250701904296875,0.0,91612.34375,267.9984741210937,283.12481689453125,295.61212158203125,0.0001075367763405,0.0003108091186732,0.0036295515019446,-3.135894775390625,-3.0308837890625,-5.4872894287109375,2.56829833984375,-1.0189971923828125,-0.7409210205078125
2023-02-24,18,3,293.7333679199219,280.76031494140625,-3.058380126953125,0.0328369140625,0.0,91945.1875,267.4930419921875,283.0494384765625,292.9596252441406,0.0001105312549043,0.0003034526016563,0.0043415911495685,-2.635772705078125,-6.256622314453125,-5.8453216552734375,1.50982666015625,-1.376007080078125,-0.8072052001953125
2023-02-25,0,0,289.4428100585937,285.0534362792969,-2.1365509033203125,-0.656829833984375,0.0,91876.78125,267.1080322265625,282.6495361328125,292.2594299316406,0.0001089303696062,0.0003091334365308,0.0023286631330847,-0.62921142578125,-6.9814453125,-9.563613891601562,2.060333251953125,-0.3454437255859375,-2.921844482421875
2023-02-25,6,1,302.3446350097656,278.8727722167969,-4.8212432861328125,-1.4953765869140625,0.0,92030.625,267.90155029296875,282.65972900390625,293.3492736816406,0.0001025008969008,0.0003725674469023,0.003949474543333,-1.6106719970703125,-7.897369384765625,-7.838088989257812,-0.1372528076171875,-1.38836669921875,-2.7757110595703125
2023-02-25,12,2,302.987548828125,278.34991455078125,-3.254257202148437,0.0097808837890625,0.0,91697.8125,267.7011413574219,280.1900329589844,296.08514404296875,9.628135012462737e-05,0.00392721965909,0.0041638351976871,-0.0697784423828125,-5.169036865234375,-6.81390380859375,-3.146453857421875,-2.98004150390625,-0.780670166015625
2023-02-25,18,3,294.900634765625,280.6559143066406,-3.60540771484375,0.674163818359375,0.0,92055.53125,267.8360290527344,282.114501953125,292.3117370605469,8.48226627567783e-05,0.0004687740001827,0.0051723457872867,-1.7253265380859375,-6.547409057617188,-9.708847045898438,-2.762725830078125,-3.306625366210937,0.9528045654296876
2023-02-26,0,0,292.2217712402344,281.34051513671875,-2.981201171875,-0.028472900390625,0.0,91945.46875,267.7423400878906,282.95819091796875,292.0325927734375,8.354101737495512e-05,0.0001805184438126,0.0036526119802147,-2.857452392578125,-6.601165771484375,-8.401718139648438,-2.28857421875,-2.3060455322265625,-3.024658203125
2023-02-26,6,1,301.33270263671875,277.6023864746094,-4.85223388671875,-0.4479827880859375,0.0,92099.875,267.71148681640625,282.77313232421875,292.3554077148437,0.0001000444608507,0.0002324277011211,0.0037652268074452,-4.715347290039063,-7.972808837890625,-7.8143310546875,-3.659255981445313,-2.164093017578125,-1.1333465576171875
2023-02-26,12,2,302.2338256835937,280.5234069824219,-4.25909423828125,-0.3125152587890625,0.0,91827.015625,267.70196533203125,280.2825012207031,294.5475769042969,0.0001049401034833,0.0025127604603767,0.0045379064977169,-5.0381927490234375,-5.549728393554688,-8.1092529296875,-2.001327514648437,-4.3465728759765625,-1.3188934326171875
2023-02-26,18,3,293.6009826660156,281.751708984375,-3.713333129882813,0.286468505859375,0.0,92126.59375,267.9107666015625,282.79107666015625,291.0590515136719,0.0001106702839024,0.0002369952853769,0.0050035342574119,-6.1654205322265625,-7.962966918945312,-11.141693115234377,-0.1124114990234375,-4.313934326171875,-2.2964630126953125
2023-02-27,0,0,290.15142822265625,285.2369384765625,-2.0624542236328125,-0.419281005859375,0.0,92032.75,268.0765686035156,281.8669128417969,290.3276062011719,0.0001168645103462,0.000587519723922,0.0036501036956906,-5.256637573242188,-7.83197021484375,-10.966720581054688,1.4114227294921875,-2.277252197265625,-1.688720703125
2023-02-27,6,1,300.3475341796875,276.2757263183594,-4.989349365234375,-0.030517578125,0.0,92169.65625,268.3367919921875,282.4201354980469,291.058349609375,0.0001281936274608,0.0003517928998917,0.0035372779238969,-4.021026611328125,-8.61090087890625,-8.35784912109375,3.71282958984375,-2.85369873046875,-0.639892578125
2023-02-27,12,2,301.61968994140625,278.81512451171875,-3.638748168945313,0.277374267578125,0.0,91820.8125,267.869140625,281.81475830078125,293.7373046875,0.0001366010110359,0.000478884903714,0.0040518194437026,-2.596466064453125,-7.474334716796875,-6.741989135742188,2.646484375,-2.302703857421875,-0.2181396484375
2023-02-27,18,3,293.06103515625,279.3692626953125,-2.7690582275390625,0.07275390625,0.0,92031.28125,267.77703857421875,282.7829895019531,291.29180908203125,0.0001431172713637,0.000277666025795,0.0042931735515594,-2.5085601806640625,-6.760711669921875,-7.674240112304687,3.257110595703125,0.0587921142578125,-1.928466796875
2023-02-28,0,0,289.7763061523437,284.68994140625,-2.28900146484375,-0.272552490234375,0.0,91921.140625,267.1691589355469,283.350341796875,290.15313720703125,0.0002207667857874,0.0002427735307719,0.0038528062868863,-0.933013916015625,-4.577560424804688,-7.3440399169921875,3.0949859619140625,2.3133087158203125,3.610198974609375
2023-02-28,6,1,300.3412475585937,284.06695556640625,-4.25469970703125,1.1983642578125,0.0,92178.546875,267.46514892578125,282.5679016113281,290.97711181640625,0.0002347876725252,3.272953108535148e-06,0.0068160258233547,-1.6242523193359375,-3.5197906494140625,-6.615280151367188,2.6476287841796875,2.819000244140625,1.8535308837890625
2023-02-28,12,2,301.8805847167969,286.2203369140625,-4.4494476318359375,1.827423095703125,4.875,91786.015625,267.50836181640625,279.0557556152344,293.6785583496094,0.0002322936197742,0.0076911114156246,0.0092174671590328,0.95220947265625,-1.486297607421875,-8.357574462890625,2.41778564453125,-0.6412200927734375,3.066268920898437
2023-02-28,18,3,296.15020751953125,288.28399658203125,-3.786590576171875,1.0665283203125,0.0,92045.515625,267.83612060546875,280.7352905273437,291.13671875,0.0002148440980818,0.0084589943289756,0.0100511126220226,0.0326385498046875,-2.8914337158203125,-9.185714721679688,1.6125335693359375,3.25347900390625,3.005889892578125
2023-03-01,0,0,292.7293701171875,288.73736572265625,-3.25177001953125,0.5156707763671875,0.0,91892.65625,266.38494873046875,281.2559509277344,291.2628173828125,0.0004916996695101,0.006678994745016,0.0059207566082477,0.1028900146484375,-3.462738037109375,-10.813217163085938,3.946929931640625,1.794830322265625,3.89208984375
2023-03-01,6,1,300.74346923828125,284.347412109375,-4.6595611572265625,1.4299774169921875,0.0,92167.421875,267.8456420898437,281.46368408203125,291.4112548828125,0.0003672938328236,0.0061388202011585,0.0078644677996635,-0.67327880859375,-4.0147705078125,-7.416473388671875,3.36529541015625,-0.3780517578125,1.974273681640625
2023-03-01,12,2,301.9752197265625,285.8510437011719,-3.668411254882813,0.820526123046875,0.0,91792.671875,266.9736022949219,279.3790283203125,294.32208251953125,0.000653708120808,0.0071376711130142,0.0081597417593002,0.4152984619140625,-3.056381225585937,-6.042877197265625,1.839935302734375,-4.3445892333984375,0.486572265625
2023-03-01,18,3,295.3572692871094,286.9328308105469,-4.25286865234375,0.0818328857421875,0.0,92101.0625,266.670166015625,283.85516357421875,290.7620849609375,0.0008697982411831,0.0017646346241235,0.0096388757228851,1.6663360595703125,-7.0489044189453125,-10.912506103515623,2.6703338623046875,-5.275177001953125,-0.6173095703125
2023-03-02,0,0,291.45953369140625,288.5694885253906,-2.8076629638671875,0.204803466796875,0.0,91958.46875,266.6075439453125,283.06329345703125,291.27056884765625,0.0011348854750394,0.0008355425670742,0.0016234889626502,2.3844451904296875,-7.418838500976562,-12.357223510742188,1.5405731201171875,-4.736114501953125,-1.54205322265625
2023-03-02,6,1,300.5390014648437,277.320068359375,-5.0308685302734375,0.1010589599609375,0.0,92208.078125,265.7264404296875,283.39825439453125,291.47711181640625,0.0010115744080394,0.0013521530199795,0.0037055357825011,0.8045196533203125,-8.368270874023438,-8.856033325195312,-2.0123748779296875,-4.802047729492188,-0.324249267578125
2023-03-02,12,2,301.5694885253906,280.2469787597656,-4.696701049804688,-0.118896484375,0.0,91843.625,266.32720947265625,283.5922241210937,293.93280029296875,0.0006782682612538,0.0013988707214593,0.0043870583176612,0.214263916015625,-7.472335815429687,-9.13739013671875,-3.728179931640625,-4.6669769287109375,-0.747833251953125
2023-03-02,18,3,293.6407470703125,280.5381164550781,-2.5035858154296875,-0.2420806884765625,0.0,92189.03125,266.8492431640625,283.3529052734375,291.5509033203125,0.0007272500079125,0.0015507561620324,0.0024157294537872,-1.195465087890625,-7.787017822265625,-9.283309936523438,-2.78515625,-3.859466552734375,-0.8125762939453125
2023-03-03,0,0,289.9202575683594,280.5253295898437,-2.119415283203125,-0.6022796630859375,0.0,92071.125,266.8564453125,282.4656066894531,291.453857421875,0.0008687528315931,0.0014994672965258,0.002048609079793,-1.112823486328125,-8.305984497070312,-13.482345581054688,-1.1664581298828125,-2.713104248046875,-1.359039306640625
2023-03-03,6,1,301.6889038085937,277.6830444335937,-5.912155151367188,-0.2616424560546875,0.0,92245.0,266.525634765625,281.8621826171875,292.529296875,0.0006945009808987,0.0016103505622595,0.0037008530925959,-3.6262054443359375,-9.072357177734377,-10.42181396484375,-1.6101226806640625,-2.3893280029296875,-0.984283447265625
2023-03-03,12,2,301.76324462890625,279.8638916015625,-5.10430908203125,0.1064300537109375,0.0,91858.84375,266.5078430175781,280.0478210449219,294.83453369140625,0.0007620442193001,0.0032870199065655,0.0049181319773197,-4.9146575927734375,-8.217681884765625,-10.242141723632812,1.0839385986328125,-3.339324951171875,-0.4039459228515625
2023-03-03,18,3,293.501708984375,280.1000061035156,-2.946868896484375,-0.503082275390625,0.0,92176.390625,266.2836608886719,282.966552734375,292.2427062988281,0.0008743703365325,0.0007425840012729,0.0028783506713807,-3.806838989257813,-8.9130859375,-14.398330688476562,2.0769805908203125,0.1081695556640625,-0.6828460693359375
2023-03-04,0,0,291.33563232421875,278.35601806640625,-2.2831268310546875,-0.747222900390625,0.0,92050.546875,266.77716064453125,283.10162353515625,291.7401428222656,0.0004749400541186,0.0005778449121862,0.0020623819436877,-1.1025848388671875,-7.963577270507812,-15.026031494140623,4.30865478515625,2.469390869140625,-1.22174072265625
2023-03-04,6,1,302.0401611328125,273.6745910644531,-6.1203155517578125,0.0805511474609375,0.0,92199.609375,266.72918701171875,282.402099609375,293.0323181152344,0.0002473164349794,0.0025218969676643,0.0029696156270802,-2.6726226806640625,-7.384475708007812,-10.872390747070312,2.6229400634765625,3.1012420654296875,-0.1218719482421875
2023-03-04,12,2,302.4886474609375,279.07391357421875,-4.397018432617188,0.601318359375,0.0,91856.0625,265.77764892578125,281.33837890625,294.83074951171875,0.0008808418642729,0.0033080675639212,0.0045046955347061,-0.7896728515625,-7.30902099609375,-8.67669677734375,3.0209197998046875,0.4742584228515625,0.85205078125
2023-03-04,18,3,295.1578674316406,283.14508056640625,-3.111663818359375,-0.0081329345703125,0.0,92171.90625,266.4066162109375,282.2142944335937,292.20416259765625,0.0007451316341757,0.0036170871462672,0.0038999482057988,-0.0828399658203125,-7.882415771484375,-12.196334838867188,2.89666748046875,1.883941650390625,1.1089019775390625
2023-03-05,0,0,292.3949279785156,279.239013671875,-2.826889038085937,-0.328399658203125,0.0,91999.515625,265.4759216308594,282.1566772460937,292.50390625,0.000756204361096,0.0041520372033119,0.0022137688938528,1.5457000732421875,-6.7433013916015625,-12.648590087890623,0.058258056640625,2.719390869140625,2.9581451416015625
2023-03-05,6,1,302.61187744140625,274.78436279296875,-4.9270782470703125,0.8716278076171875,0.0,92177.390625,265.8318176269531,282.0829467773437,293.2382202148437,0.0005852542817592,0.0050342977046966,0.0029288865625858,-1.3785247802734375,-8.310455322265625,-8.027923583984375,0.661468505859375,1.4712677001953125,1.0851593017578125
2023-03-05,12,2,302.8837890625,277.1149597167969,-4.1318206787109375,0.4337921142578125,0.0,91817.328125,265.60888671875,280.31024169921875,295.4662170410156,0.0008307055104523,0.0036312695592641,0.0041854381561279,-0.305694580078125,-6.174850463867188,-7.771453857421875,1.7682342529296875,-2.462875366210937,0.291748046875
2023-03-05,18,3,294.6163330078125,281.7817687988281,-3.44476318359375,0.23687744140625,0.0,92098.3125,266.4159240722656,282.4693298339844,292.9261474609375,0.0004751121159642,0.0017421026714146,0.0035268072970211,2.747161865234375,-5.75726318359375,-9.518951416015623,3.031112670898437,-0.83233642578125,-0.7285003662109375
2023-03-06,0,0,292.1365661621094,281.3590393066406,-2.7262115478515625,-0.424957275390625,0.0,91910.234375,265.26287841796875,282.3943176269531,291.3181457519531,0.0005455582868307,0.0015943029429763,0.0034201291855424,3.6288909912109375,-5.6321868896484375,-12.632415771484377,2.596038818359375,-1.8950653076171875,1.5625762939453125
2023-03-06,6,1,301.9003601074219,276.07733154296875,-4.940185546875,0.406280517578125,0.0,92069.875,265.18475341796875,282.4623107910156,293.008056640625,0.0005333768203854,0.0015715693589299,0.0037091432604938,3.25714111328125,-6.9283599853515625,-8.375213623046875,2.8948974609375,-2.628692626953125,0.1566162109375
2023-03-06,12,2,302.4422607421875,278.4786376953125,-4.227142333984375,0.5583648681640625,0.0,91672.40625,265.0885314941406,280.4275207519531,295.4656982421875,0.0006662025116384,0.0029125271830707,0.0039888657629489,2.414520263671875,-6.10919189453125,-8.024932861328125,2.8955230712890625,-3.230865478515625,0.496978759765625
2023-03-06,18,3,294.6380615234375,281.8544921875,-3.055816650390625,0.22650146484375,0.0,91912.796875,265.46484375,282.202880859375,293.1604919433594,0.0006317433435469,0.0014996707905083,0.0021859030239284,3.94183349609375,-6.2347259521484375,-8.6881103515625,4.354049682617188,-3.492279052734375,-0.2424468994140625
2023-03-07,0,0,291.7379455566406,286.4463806152344,-2.344589233398437,-0.183380126953125,0.0,91739.875,264.908203125,282.10772705078125,292.6976928710937,0.0008548153564333,0.0012553976848721,0.001514826901257,4.645553588867188,-5.262466430664063,-11.450515747070312,4.06805419921875,-3.93829345703125,2.2772674560546875
2023-03-07,6,1,301.8658447265625,277.4029846191406,-4.25750732421875,1.112823486328125,0.0,91968.59375,264.7958374023437,281.2157592773437,293.3206787109375,0.0013766984920948,0.0007643084973096,0.0030909199267625,4.5172882080078125,-9.3797607421875,-7.1352386474609375,5.14337158203125,-1.863861083984375,1.33905029296875
2023-03-07,12,2,301.6788330078125,277.4103698730469,-3.833465576171875,0.2713775634765625,0.0,91696.984375,264.3836669921875,280.25274658203125,294.356201171875,0.0024147953372448,0.0021577635779976,0.0042161047458648,8.869537353515625,-9.189926147460938,-8.4752197265625,4.497650146484375,-2.7740020751953125,0.0211029052734375
2023-03-07,18,3,295.62762451171875,282.1841735839844,-3.1075592041015625,-0.1081085205078125,0.0,91885.171875,264.3611145019531,281.396240234375,292.35382080078125,0.0023097628727555,0.0010979082435369,0.0047521963715553,9.118072509765623,-8.703948974609375,-8.671295166015625,4.7936859130859375,-1.53387451171875,-2.26141357421875
2023-03-08,0,0,292.7685852050781,288.1845092773437,-3.0379638671875,-0.1575775146484375,0.0,91759.75,264.16778564453125,282.66552734375,292.02740478515625,0.003004650119692,0.0008372550364583,0.0024358404334634,9.76837158203125,-4.952667236328125,-13.18487548828125,3.713668823242188,-1.2690582275390625,-2.2366485595703125
2023-03-08,6,1,301.2128601074219,279.752685546875,-5.24853515625,0.032196044921875,0.0,91987.8125,264.5223999023437,282.75567626953125,292.5112609863281,0.002903459360823,0.0008509270846843,0.0043873935937881,7.239578247070312,-5.875503540039063,-8.698089599609375,4.4596710205078125,-3.2520751953125,-0.435943603515625
2023-03-08,12,2,302.1554870605469,279.8485717773437,-4.50518798828125,-0.01739501953125,0.0,91612.53125,264.8760986328125,280.3336486816406,295.0692138671875,0.0025419341400265,0.0031813222449272,0.0049016550183296,6.100921630859375,-6.3078460693359375,-8.204254150390625,4.209686279296875,-3.451690673828125,-0.63421630859375
2023-03-08,18,3,294.5301513671875,282.70294189453125,-3.762237548828125,0.2595062255859375,0.0,91846.9375,264.5278015136719,282.16162109375,291.547607421875,0.0018321117386221,0.0009345475118607,0.0063342154026031,4.517837524414063,-7.3080902099609375,-9.08831787109375,6.1740264892578125,-3.0717926025390625,-1.0617828369140625
2023-03-09,0,0,291.8964233398437,285.472412109375,-2.0220489501953125,-0.5648193359375,0.0,91736.734375,264.4815673828125,282.30584716796875,290.9205322265625,0.0019555545877665,0.0007401229813694,0.0044536180794239,4.7584075927734375,-6.3688507080078125,-9.400833129882812,6.595672607421875,-1.962127685546875,1.0455474853515625
2023-03-09,6,1,300.677490234375,281.10400390625,-4.5166778564453125,0.0836181640625,0.0,91919.109375,264.4513244628906,281.93414306640625,292.22607421875,0.0023584675509482,0.0007519091013818,0.0049549639225006,3.1755828857421875,-7.0449066162109375,-7.053192138671875,7.4584503173828125,-0.2407989501953125,-0.1835784912109375
2023-03-09,12,2,301.322265625,280.6822204589844,-4.226821899414063,-0.0760650634765625,0.0,91558.15625,264.8759155273437,281.0722045898437,294.39044189453125,0.0025099422782659,0.0015866023022681,0.0052776746451854,6.233688354492188,-6.981201171875,-8.04254150390625,7.74267578125,-0.8405303955078125,-0.5938568115234375
2023-03-09,18,3,295.39031982421875,284.74078369140625,-3.3377685546875,0.0906524658203125,0.0,91882.125,264.2504577636719,282.5067749023437,290.9439697265625,0.0030836265068501,0.0011529510375112,0.0081801638007164,8.755035400390625,-5.2733306884765625,-8.92681884765625,6.57403564453125,1.1164398193359375,-0.1876373291015625
2023-03-10,0,0,292.28045654296875,286.0757141113281,-1.84393310546875,-0.7913970947265625,0.0,91696.1875,263.5880126953125,283.11279296875,291.25115966796875,0.0025391043163836,0.001562436344102,0.0037079483736306,7.609222412109375,-2.3319549560546875,-10.471847534179688,6.771331787109375,-1.1582183837890625,-0.3351593017578125
2023-03-10,6,1,300.4335327148437,279.6114807128906,-4.8902130126953125,0.42474365234375,0.0,91836.609375,264.5958251953125,282.7684936523437,292.1679077148437,0.0011646174825727,0.0013504028320312,0.0049086585640907,8.151351928710938,-4.964141845703125,-8.062225341796875,6.739791870117188,-1.796478271484375,0.331756591796875
2023-03-10,12,2,301.7298583984375,281.7374572753906,-3.857757568359375,0.1084136962890625,0.0,91536.640625,264.26007080078125,282.0897827148437,294.398681640625,0.0006693850737065,0.0013528035487979,0.0056842975318431,8.081893920898438,-3.2473907470703125,-6.4967803955078125,2.50225830078125,-2.5074615478515625,-0.1592864990234375
2023-03-10,18,3,294.7615661621094,284.989013671875,-3.139511108398437,-0.275054931640625,0.0,91817.390625,265.0779724121094,283.01873779296875,291.86822509765625,9.2311849584803e-05,0.0010259256232529,0.0073701106011867,5.8821563720703125,-3.521759033203125,-5.5445404052734375,3.36480712890625,-2.435821533203125,-1.7019805908203125
2023-03-11,0,0,290.8088684082031,287.73779296875,-1.8024749755859373,-0.8671875,0.0,91676.640625,265.36895751953125,282.677978515625,291.81256103515625,7.833050040062517e-05,0.0010888029355555,0.0033026803284883,6.4326019287109375,-3.436874389648437,-7.426544189453125,2.4464111328125,-2.409042358398437,-3.4820098876953125
2023-03-11,6,1,301.57330322265625,280.08966064453125,-4.4425811767578125,-1.374481201171875,0.0,91851.125,266.02978515625,282.7857666015625,292.86822509765625,8.672928379382938e-05,0.0013589402660727,0.0045408867299556,6.651870727539063,-4.9671783447265625,-7.085128784179688,1.8651123046875,-3.016464233398437,-2.583251953125
2023-03-11,12,2,302.882080078125,281.9983215332031,-3.8211669921875,-0.739105224609375,0.0,91503.984375,265.93505859375,279.9335327148437,295.8500366210937,8.257196168415248e-05,0.0049267821013927,0.0050900988280773,6.072845458984375,-5.3297119140625,-6.824737548828125,1.3813934326171875,-3.591064453125,-1.802703857421875
2023-03-11,18,3,294.9344787597656,285.61932373046875,-3.284759521484375,-0.227294921875,0.0,91842.375,265.770751953125,282.09814453125,291.9956359863281,8.182862075045705e-05,0.0015464925672858,0.0077772624790668,5.66290283203125,-5.094741821289063,-7.3096923828125,1.110015869140625,-5.005828857421875,-2.6525421142578125
2023-03-12,0,0,291.5923767089844,290.3202209472656,-2.4364776611328125,-0.042724609375,0.0,91719.828125,266.0628356933594,281.8143310546875,293.12158203125,0.0001187576563097,0.0017327631358057,0.0013848347589373,4.2135772705078125,-5.9548187255859375,-8.082839965820312,-0.3042449951171875,-3.2847442626953125,-2.246322631835937
2023-03-12,6,1,301.650390625,282.8432312011719,-3.7421722412109375,0.93695068359375,0.0,91822.5625,266.5379333496094,282.0662536621094,292.8739013671875,7.445045048370957e-05,0.0018798874225467,0.0064134784042835,2.63751220703125,-7.773284912109375,-6.020294189453125,-2.541610717773437,-1.5017852783203125,1.001678466796875
2023-03-12,12,2,303.2342529296875,285.42352294921875,-3.9467620849609375,1.055816650390625,0.0,91451.953125,266.5580444335937,280.322509765625,295.76177978515625,6.111203401815146e-05,0.0059777051210403,0.007416758686304,0.813018798828125,-4.1980743408203125,-6.519500732421875,-1.345855712890625,-1.5570220947265625,1.40228271484375
2023-03-12,18,3,296.2129211425781,288.17926025390625,-3.9304351806640634,1.4578094482421875,0.0,91803.0625,266.77069091796875,281.8568115234375,291.6343994140625,0.0001362167822662,0.0024457676336169,0.0100741907954216,1.3014984130859375,-3.3601837158203125,-8.447555541992188,-1.066802978515625,0.4155120849609375,3.81451416015625
2023-03-13,0,0,293.1685791015625,290.87811279296875,-2.632476806640625,0.46258544921875,6.0,91600.046875,266.870361328125,281.34259033203125,293.1309814453125,0.0002868822775781,0.0022729069460183,0.0048876293003559,0.5638580322265625,-3.889694213867188,-8.050689697265625,-0.61419677734375,0.66461181640625,1.1471099853515625
2023-03-13,6,1,302.43145751953125,284.68701171875,-3.465576171875,1.2331390380859375,0.0,91746.953125,267.0338134765625,281.4537048339844,293.60406494140625,0.0003343212883919,0.0024485676549375,0.0074502192437648,0.3047943115234375,-3.610137939453125,-5.2578125,1.5666046142578125,1.2290496826171875,1.410003662109375
2023-03-13,12,2,303.717041015625,285.2447509765625,-2.7318267822265625,1.5727386474609375,0.0,91399.84375,267.0032653808594,280.64239501953125,296.5414428710937,0.000278047285974,0.007155567407608,0.0072966963052749,3.7728271484375,-3.0842742919921875,-4.1402435302734375,3.94049072265625,-0.2634124755859375,1.9551849365234373
2023-03-13,18,3,296.6640319824219,286.86285400390625,-3.2315216064453125,1.7626190185546875,0.0,91634.671875,267.53253173828125,281.2441101074219,292.815673828125,0.0003872262313961,0.005888070911169,0.0097006820142269,7.6638031005859375,1.829376220703125,-8.309768676757812,3.26611328125,-4.6356353759765625,6.766143798828125
2023-03-14,0,0,293.9564819335937,289.30474853515625,-1.6324615478515625,-0.08746337890625,20.75,91580.84375,266.91619873046875,279.7051696777344,292.8077392578125,0.0002946315798908,0.0068877190351486,0.0082698091864585,9.072463989257812,-1.5442047119140625,-4.769943237304688,1.7464447021484375,-1.4918060302734375,4.002471923828125
2023-03-14,6,1,302.74517822265625,285.17724609375,-2.7290191650390625,1.6416015625,0.0,91609.828125,266.63970947265625,280.039794921875,294.4771728515625,0.0002399084187345,0.006121676415205,0.0077088177204132,7.7710418701171875,-2.770172119140625,-4.0155792236328125,-0.2923736572265625,-1.639312744140625,2.0074615478515625
2023-03-14,12,2,304.396484375,285.27557373046875,-1.1586151123046875,0.6079254150390625,0.0,91232.53125,266.8895263671875,281.24859619140625,297.365234375,0.0005174167454242,0.0065360590815544,0.0065627396106719,10.445327758789062,-2.375732421875,-1.8936614990234373,-0.6444091796875,-0.8068084716796875,0.3406524658203125
2023-03-14,18,3,297.23419189453125,285.93865966796875,-3.3909912109375,1.4056549072265625,40.875,91497.140625,266.7332763671875,280.53466796875,293.2728881835937,0.0013548410497605,0.006917905062437,0.0094095990061759,11.584060668945312,2.5935516357421875,-7.725616455078125,-1.90289306640625,0.8631591796875,7.08135986328125
2023-03-15,0,0,294.28619384765625,289.4901733398437,-1.3309173583984375,1.4230499267578125,15.5,91378.53125,265.599853515625,280.3697814941406,294.33673095703125,0.0015569159295409,0.0070080626755952,0.0068692825734615,12.395919799804688,-1.66265869140625,-4.9817962646484375,-0.9304656982421876,0.6160888671875,4.807907104492188
2023-03-15,6,1,303.39483642578125,284.7739562988281,-1.784149169921875,1.991424560546875,0.0,91521.046875,266.0096130371094,280.7325439453125,295.40789794921875,0.0017779543995857,0.006457969546318,0.0067176707088947,11.8555908203125,-4.29449462890625,-2.848129272460937,0.038543701171875,0.842926025390625,2.524566650390625
2023-03-15,12,2,304.77838134765625,283.534423828125,-1.216827392578125,1.579010009765625,0.0,91176.8125,265.90460205078125,282.2857666015625,298.3759765625,0.0021168619859963,0.006465621292591,0.0065261758863925,12.197357177734377,-1.62384033203125,-2.553207397460937,-0.118927001953125,0.6971588134765625,2.648468017578125
2023-03-15,18,3,297.0797424316406,290.7362365722656,-2.1644744873046875,1.7526702880859375,790.625,91578.421875,265.9144592285156,281.06304931640625,292.78204345703125,0.0019838050939142,0.0071651376783847,0.0118360258638858,13.662078857421877,2.648223876953125,-3.615325927734375,-0.4986419677734375,2.7246246337890625,9.409408569335938
2023-03-16,0,0,295.3236389160156,292.1324462890625,-0.5424041748046875,1.605133056640625,1118.0,91458.484375,265.12091064453125,281.5033874511719,291.50860595703125,0.0013817141298204,0.0059677809476852,0.0116599909961223,11.139190673828123,-3.103240966796875,4.45257568359375,3.4493408203125,3.122100830078125,2.9529266357421875
2023-03-16,6,1,301.51617431640625,289.9285888671875,0.4849090576171875,1.3414764404296875,150.875,91643.921875,265.748779296875,281.97052001953125,293.24835205078125,0.0007060379721224,0.0057831294834613,0.0111813805997371,12.454833984375,-2.098876953125,0.713287353515625,2.840576171875,3.69757080078125,1.6951904296875
2023-03-16,12,2,302.96148681640625,289.14581298828125,-1.145538330078125,1.887969970703125,322.0,91282.46875,266.3352355957031,282.5927429199219,295.36114501953125,0.0018420503474771,0.0067255795001983,0.0115285404026508,14.6759033203125,4.100677490234375,0.441986083984375,1.8084259033203125,2.87701416015625,2.0105438232421875
2023-03-16,18,3,295.24639892578125,292.2694091796875,-1.42633056640625,1.2131195068359375,396.125,91720.65625,265.8052673339844,280.298828125,291.5252990722656,0.0026104964781552,0.0084342584013938,0.0124428756535053,11.483001708984377,4.2880401611328125,0.0410308837890625,0.0254058837890625,2.4894561767578125,6.665328979492188
2023-03-17,0,0,294.37432861328125,292.1264953613281,-0.1417694091796875,1.10125732421875,823.0,91546.921875,265.1831970214844,281.34197998046875,290.834716796875,0.0021657417528331,0.0056099966168403,0.0133049562573432,9.814346313476562,2.121551513671875,2.7488555908203125,1.413421630859375,5.149581909179688,4.849395751953125
2023-03-17,6,1,299.4833984375,293.04522705078125,-0.3586883544921875,1.9536590576171875,1049.375,91708.640625,266.6920166015625,281.47589111328125,291.1639404296875,0.0015095395501703,0.0051643326878547,0.0133793093264102,9.695175170898438,1.5648651123046875,-0.0539703369140625,1.9769744873046875,5.1494903564453125,2.7891845703125
2023-03-17,12,2,301.9745178222656,291.1229553222656,-0.2485504150390625,1.7335968017578125,249.5,91297.140625,267.0403137207031,282.0443420410156,294.0742492675781,0.0022403602488338,0.007727351039648,0.0116844363510608,12.509414672851562,3.9840240478515625,-0.1941070556640625,2.3231964111328125,1.6087799072265625,2.081390380859375
2023-03-17,18,3,294.8387451171875,291.39337158203125,-3.5356903076171875,1.490203857421875,207.875,91571.328125,267.1894226074219,280.8090209960937,291.3888244628906,0.0017728880047798,0.0083884000778198,0.012387990951538,13.310989379882812,6.668243408203125,-5.748504638671875,1.1640167236328125,0.08331298828125,6.237640380859375
2023-03-18,0,0,294.88739013671875,292.8544311523437,-1.6459808349609375,1.9471588134765625,552.125,91470.96875,266.20660400390625,281.05682373046875,290.0731811523437,0.0016683628782629,0.0072859227657318,0.0132962763309478,14.430404663085938,4.809829711914063,-0.899871826171875,0.7532501220703125,4.76959228515625,9.032806396484377
2023-03-18,6,1,299.81805419921875,291.8645324707031,-0.3634185791015625,3.5808868408203125,1077.125,91641.234375,265.7363586425781,281.5478515625,291.7639465332031,0.0018109858501702,0.0058693103492259,0.0132549069821834,12.961395263671877,4.35797119140625,-0.4492340087890625,3.4698638916015625,5.1534271240234375,5.2472076416015625
2023-03-18,12,2,302.1089782714844,291.39471435546875,-0.55267333984375,2.7563629150390625,593.5,91168.234375,266.4296569824219,282.01129150390625,294.12188720703125,0.0011213338002562,0.007248617708683,0.0122965201735496,15.842803955078123,7.017578125,0.4097900390625,2.2376251220703125,3.63067626953125,4.8553009033203125
2023-03-18,18,3,294.5637512207031,292.6050720214844,-0.864166259765625,3.092636108398437,352.0,91516.953125,265.7334899902344,281.1689147949219,292.1598205566406,0.001321482937783,0.0082117579877376,0.0120533034205436,16.391433715820312,5.3314971923828125,3.73876953125,2.021881103515625,2.464218139648437,8.389755249023438
2023-03-19,0,0,293.969482421875,291.62359619140625,1.5661163330078125,0.840301513671875,254.5,91388.796875,264.2243347167969,281.3310852050781,290.68475341796875,0.0014263149350881,0.0054453574120998,0.0115095078945159,16.2437744140625,8.368301391601562,6.167282104492188,5.799118041992188,5.63250732421875,3.472869873046875
2023-03-19,6,1,300.5303955078125,289.7579650878906,3.7284088134765625,1.1215667724609375,3.25,91530.71875,265.39801025390625,281.765869140625,292.32928466796875,0.0005155224353075,0.0051571056246757,0.010659534484148,16.524642944335938,7.908035278320312,5.779830932617188,1.4343414306640625,7.675155639648437,1.5277862548828125
2023-03-19,12,2,302.7673034667969,287.343017578125,3.789886474609375,1.2416229248046875,0.0,91110.359375,265.4302062988281,280.9752197265625,296.5228576660156,0.0016932317521423,0.0079722814261913,0.0082086622714996,18.243331909179688,8.703948974609375,8.728744506835938,2.1991424560546875,2.8778839111328125,2.41046142578125
2023-03-19,18,3,296.552490234375,289.38446044921875,0.8386993408203125,1.4531097412109375,0.0,91464.828125,265.545166015625,280.395751953125,292.7137451171875,0.0013329347129911,0.0072718039155006,0.0091427788138389,20.032196044921875,7.000991821289063,7.421600341796875,5.4512786865234375,5.79754638671875,-0.44915771484375
2023-03-20,0,0,293.9241943359375,289.6332092285156,1.7390289306640625,0.5210418701171875,0.0,91247.3125,265.9911499023437,280.5577392578125,292.4398803710937,0.0007682498544454,0.0074732266366481,0.0065339878201484,17.4339599609375,10.52166748046875,6.6957855224609375,4.880279541015625,5.298828125,-0.2609710693359375
2023-03-20,6,1,301.2177734375,284.3575439453125,2.413665771484375,0.11126708984375,0.0,91467.71875,266.56768798828125,281.68267822265625,292.6053466796875,0.0008970506023615,0.0063338726758956,0.0079089440405368,14.965850830078123,12.054367065429688,3.73358154296875,7.58331298828125,7.873855590820312,0.19793701171875
2023-03-20,12,2,304.0463562011719,283.96405029296875,2.4298553466796875,-0.378875732421875,0.0,91083.203125,267.03863525390625,281.1165771484375,296.9977111816406,0.001069891732186,0.006824355572462,0.0068849585950374,19.69502258300781,8.206710815429688,6.34979248046875,5.6799163818359375,2.664794921875,-0.0779266357421875
2023-03-20,18,3,295.955078125,287.7742919921875,1.1501312255859375,1.8940277099609373,0.0,91466.28125,267.2665405273437,280.618408203125,293.5341186523437,0.0017108325846493,0.0065691098570823,0.0071765780448913,17.552505493164062,3.63201904296875,5.534637451171875,3.635223388671875,1.9951934814453125,0.889251708984375
2023-03-21,0,0,293.9549255371094,285.3974609375,1.4739227294921875,-1.4150238037109375,0.0,91321.796875,266.83087158203125,282.2767639160156,292.50006103515625,0.0014011403545737,0.0040588453412055,0.0054704621434211,14.846099853515623,13.175979614257812,6.4453887939453125,6.45806884765625,5.05548095703125,1.489898681640625
2023-03-21,6,1,301.4212341308594,281.151611328125,2.070953369140625,-0.76397705078125,0.0,91484.84375,267.1656494140625,283.6380615234375,293.0594482421875,0.0011132382787764,0.003679200541228,0.0057492516934871,12.573455810546877,13.687576293945312,3.24310302734375,9.659149169921877,4.72515869140625,-0.7653350830078125
2023-03-21,12,2,304.15673828125,280.97528076171875,1.0510711669921875,-0.580810546875,0.0,91188.203125,267.47686767578125,281.5,297.04461669921875,0.0010934453457593,0.0040091341361403,0.0045266225934028,15.769989013671877,6.6694183349609375,3.001327514648437,3.8592376708984375,0.5335540771484375,-1.238311767578125
2023-03-21,18,3,294.66082763671875,282.689208984375,-1.9289398193359373,0.0985107421875,0.0,91479.453125,267.1192932128906,281.4599609375,296.1806030273437,0.0009846205357462,0.0037009890656918,0.0047888718545436,17.60980224609375,2.817596435546875,-2.43585205078125,2.045745849609375,6.693038940429688,-1.889068603515625
2023-03-22,0,0,294.7711486816406,289.285888671875,-1.21661376953125,0.99237060546875,340.0,91384.6875,265.50787353515625,283.5494079589844,293.3042297363281,0.0007749241776764,0.0027557287830859,0.0080076493322849,15.285186767578123,6.9648284912109375,2.318832397460937,1.52093505859375,4.5714111328125,1.9405364990234373
2023-03-22,6,1,302.2150573730469,285.6241455078125,0.0597991943359375,0.970977783203125,0.0,91580.078125,266.9493408203125,283.6434020996094,293.7774353027344,0.0006758316885679,0.0032132195774465,0.0092153847217559,13.878494262695312,5.9587249755859375,-0.06402587890625,4.071746826171875,-1.968994140625,1.02679443359375
2023-03-22,12,2,304.7870483398437,285.27215576171875,1.1886749267578125,0.232147216796875,0.0,91145.0625,266.52618408203125,281.99517822265625,298.19586181640625,0.0008360834326595,0.0074268244206905,0.0074056982994079,15.3360595703125,3.029632568359375,2.271148681640625,2.1239471435546875,-1.4437713623046875,-0.05731201171875
2023-03-22,18,3,297.9405517578125,288.9071960449219,-0.7702178955078125,1.0062713623046875,113.625,91474.796875,266.61773681640625,281.72039794921875,296.08721923828125,0.0009205667302012,0.0069149229675531,0.008939940482378,14.613800048828123,2.4840240478515625,1.190704345703125,1.931182861328125,-1.8843536376953125,5.071990966796875
2023-03-23,0,0,294.5391845703125,288.51715087890625,1.724029541015625,-0.02923583984375,0.0,91361.03125,265.8194274902344,282.4486999511719,294.493896484375,0.000981263583526,0.0046600475907325,0.0070289596915245,11.961380004882812,4.55059814453125,3.835617065429688,1.6153717041015625,1.3991546630859375,-5.8714447021484375
2023-03-23,6,1,303.446044921875,285.9647827148437,0.72503662109375,-0.7046661376953125,0.0,91577.640625,265.7524108886719,282.6249389648437,294.953857421875,0.0008177082054316,0.0048059560358524,0.0083982273936271,11.482040405273438,6.6879425048828125,1.0742950439453125,0.2801361083984375,0.5030364990234375,-1.2022705078125
2023-03-23,12,2,304.7702941894531,285.1221923828125,1.3897857666015625,-0.6777191162109375,0.0,91193.265625,266.4062194824219,281.8870849609375,297.89569091796875,0.0010677585378289,0.0077178627252578,0.0078050531446933,11.899307250976562,3.755126953125,3.26092529296875,-0.9044952392578124,-2.9964599609375,-1.77935791015625
2023-03-23,18,3,298.383544921875,287.70849609375,-0.50885009765625,1.9628448486328125,32.75,91535.0625,267.927978515625,281.568603515625,295.1651611328125,0.0007005154620856,0.0074163898825645,0.0095093660056591,12.1715087890625,1.2947235107421875,3.594146728515625,-3.8386077880859375,-3.783493041992188,4.8748779296875
2023-03-24,0,0,296.3114013671875,290.43719482421875,0.745452880859375,1.346160888671875,95.375,91363.359375,268.3756103515625,280.77313232421875,292.7048034667969,0.000724907265976,0.0070407334715127,0.0110908150672912,9.938919067382812,0.9550933837890624,4.376708984375,-1.773040771484375,-0.68194580078125,1.0850677490234375
2023-03-24,6,1,303.8404541015625,288.00634765625,0.6358642578125,0.3778839111328125,0.0,91563.953125,268.443115234375,282.0633850097656,295.38006591796875,0.0006693967152386,0.0049222595989704,0.0095789395272731,7.842559814453125,2.1342315673828125,0.807586669921875,-1.584991455078125,1.644073486328125,0.134429931640625
2023-03-24,12,2,305.0064697265625,286.82037353515625,0.1472625732421875,0.955841064453125,0.0,91206.875,268.6026611328125,282.3907165527344,298.3274230957031,0.0006042295135557,0.0068534724414348,0.0071435682475566,5.9820556640625,2.8437652587890625,0.91497802734375,-4.5987396240234375,-2.132659912109375,0.62335205078125
2023-03-24,18,3,297.1568603515625,291.808349609375,0.0541839599609375,3.009307861328125,111.5,91615.375,268.84722900390625,282.08251953125,293.0047912597656,0.0005113349761813,0.0062904171645641,0.0123638212680816,2.160858154296875,2.226593017578125,-0.0043182373046875,-2.1845703125,-4.976715087890625,10.130767822265623
2023-03-25,0,0,296.2489318847656,292.158203125,-1.563232421875,1.886383056640625,324.25,91537.484375,268.679931640625,280.8020935058594,292.3433837890625,0.0005945209413766,0.0071729756891727,0.0128457322716712,4.5008544921875,-1.7696533203125,2.654525756835937,-2.2032623291015625,-2.954193115234375,5.199630737304688
2023-03-25,6,1,302.1330261230469,290.0727844238281,0.67340087890625,1.3900146484375,23.0,91726.109375,268.62371826171875,282.1941223144531,293.5651550292969,0.0006545349024236,0.0072037987411022,0.011742565780878,2.3363800048828125,-1.1307220458984375,1.0615081787109375,-0.08172607421875,1.348846435546875,1.658416748046875
2023-03-25,12,2,301.4293212890625,292.743408203125,-1.802825927734375,2.314804077148437,58.125,91401.515625,268.06707763671875,282.86236572265625,294.4793701171875,0.0010741306468844,0.0080089122056961,0.0117595605552196,3.86383056640625,4.4867706298828125,-1.574066162109375,1.340423583984375,-1.685516357421875,3.1249542236328125
2023-03-25,18,3,297.2696533203125,292.5699157714844,0.0453338623046875,1.6236572265625,111.375,91640.734375,268.2347412109375,281.9144287109375,293.7341003417969,0.0005138623528182,0.0076993554830551,0.0124951712787151,2.6422119140625,3.454574584960937,-0.934234619140625,0.1768798828125,-5.516632080078125,6.8280792236328125
2023-03-26,0,0,296.6776733398437,292.1897277832031,0.9832611083984376,1.173980712890625,126.25,91519.296875,268.913330078125,281.47540283203125,292.27862548828125,0.0004201717674732,0.0070142485201358,0.0133728198707103,3.102691650390625,-2.0079498291015625,3.3806304931640625,1.502716064453125,-2.2975006103515625,4.1151885986328125
2023-03-26,6,1,302.9532165527344,289.278076171875,1.278411865234375,0.452423095703125,0.0,91641.890625,268.0941772460937,283.0302124023437,294.6652526855469,0.000887205125764,0.0053295865654945,0.0113322176039218,5.083221435546875,-0.6828765869140625,1.896820068359375,1.9940643310546875,1.1056671142578125,0.151031494140625
2023-03-26,12,2,305.6369323730469,287.5655517578125,0.1024627685546875,0.3267059326171875,1.5,91252.046875,270.11346435546875,282.4381408691406,298.2543640136719,0.0003668791614472,0.0079156681895256,0.0084363408386707,4.859664916992188,3.817230224609375,1.3079376220703125,-0.07373046875,-4.0457916259765625,-0.49200439453125
2023-03-26,18,3,298.29278564453125,291.7731628417969,-1.087249755859375,2.411972045898437,193.25,91552.609375,270.12628173828125,281.8868103027344,293.96124267578125,0.0002780752256512,0.0063448771834373,0.0122031867504119,3.258285522460937,1.13555908203125,0.6101837158203125,-0.6904449462890625,-5.5279693603515625,8.61273193359375
2023-03-27,0,0,295.5692443847656,289.16949462890625,1.7291412353515625,0.6620330810546875,0.0,91490.859375,269.0180053710937,281.40008544921875,293.4635925292969,0.0003618779592216,0.006949383765459,0.0083852261304855,3.830490112304688,-0.005157470703125,4.191436767578125,-1.3543243408203125,-2.73065185546875,-2.78924560546875
2023-03-27,6,1,304.02606201171875,284.6122741699219,0.6956024169921875,-2.862213134765625,0.0,91662.890625,268.4629211425781,281.8519287109375,295.75445556640625,0.0004122140817344,0.0055908560752868,0.0076284818351268,2.9157257080078125,0.6917724609375,0.6880035400390625,1.6805267333984375,-2.713348388671875,-4.347457885742188
2023-03-27,12,2,305.793212890625,283.4652099609375,0.6815032958984375,-1.9097900390625,0.0,91305.859375,269.46612548828125,282.2985534667969,298.4195861816406,0.000371110625565,0.006154716014862,0.0061285980045795,3.40350341796875,0.1697845458984375,0.8785400390625,0.7447357177734375,-2.62255859375,-3.048431396484375
2023-03-27,18,3,297.1500244140625,282.9139404296875,-1.4091796875,-1.958343505859375,0.0,91451.640625,269.437255859375,282.05450439453125,297.6953125,0.0003371937200427,0.0061820745468139,0.0056107193231582,1.776641845703125,-1.3866119384765625,0.296722412109375,0.230377197265625,1.94580078125,-4.382568359375
2023-03-28,0,0,295.15289306640625,286.8592529296875,0.03509521484375,-1.7319488525390625,13.875,91469.109375,268.72216796875,281.5389709472656,294.00311279296875,0.000241919842665,0.0048978887498378,0.0103146694600582,4.0889892578125,0.2181243896484375,0.976470947265625,-0.8519287109375,-0.3983612060546875,-1.4240264892578125
2023-03-28,6,1,304.2171630859375,284.85205078125,-1.0073394775390625,-1.4227142333984375,0.0,91602.171875,270.2096862792969,282.91021728515625,296.10845947265625,0.000183269570698,0.0025745329912751,0.0068756304681301,1.085418701171875,1.8861236572265625,-1.3751220703125,-4.0042877197265625,-1.0025634765625,-1.991485595703125
2023-03-28,12,2,306.6330871582031,284.2802734375,-0.6468048095703125,-0.340362548828125,0.0,91283.3125,269.67724609375,282.644287109375,298.7875671386719,0.0002144675090676,0.0058640800416469,0.0059091821312904,0.50347900390625,-0.7745361328125,-0.8817596435546875,-4.198760986328125,-1.1632537841796875,-0.6894683837890625
2023-03-28,18,3,297.6689453125,293.0099182128906,-2.597076416015625,2.144866943359375,635.5,91600.921875,269.5345458984375,282.2315368652344,295.0998840332031,0.0002883770503103,0.0050448104739189,0.0114605501294136,-1.1323699951171875,1.7963714599609375,-2.720077514648437,-5.2205657958984375,-2.367828369140625,6.0348663330078125
2023-03-29,0,0,297.2987670898437,295.38055419921875,-1.3064422607421875,3.2680206298828125,1430.0,91531.984375,269.1072998046875,282.88238525390625,292.1916198730469,0.000232165606576,0.0029573536012321,0.0145523585379123,-0.9920654296875,-1.0382537841796875,0.7347869873046875,-4.5654296875,-0.82513427734375,7.311126708984375
2023-03-29,6,1,303.6306457519531,291.1689147949219,0.2550811767578125,2.183441162109375,47.125,91714.296875,269.1556396484375,282.36932373046875,294.4784240722656,0.00017411596491,0.0065008588135242,0.0118565671145915,-3.851715087890625,-0.5964508056640625,0.3491363525390625,-3.875579833984375,1.041900634765625,2.8160552978515625
2023-03-29,12,2,303.3161315917969,290.6084899902344,-0.3087921142578125,1.798675537109375,81.625,91386.078125,268.83038330078125,282.8214416503906,296.1710205078125,0.000472841609735,0.00727354362607,0.0115118511021137,-2.045989990234375,0.4476318359375,-0.788482666015625,-2.26580810546875,-1.754608154296875,2.6942138671875
2023-03-29,18,3,297.85302734375,290.66619873046875,0.89044189453125,0.572509765625,0.25,91646.265625,268.9210205078125,281.97540283203125,294.5189819335937,0.0002773551386781,0.0087261125445365,0.0111304335296154,-1.705596923828125,0.239959716796875,0.288665771484375,1.9312896728515625,-4.094879150390625,4.581466674804688
2023-03-30,0,0,297.51348876953125,290.82049560546875,-0.24847412109375,0.46343994140625,39.5,91531.46875,268.46295166015625,281.586669921875,293.397705078125,0.0003489984665066,0.0080965645611286,0.0109749063849449,0.7544403076171875,-5.0083770751953125,2.413848876953125,0.857025146484375,-2.7347869873046875,-0.42401123046875
2023-03-30,6,1,303.54833984375,288.7073974609375,0.5547332763671875,-0.8285064697265625,0.0,91643.0625,268.6649169921875,281.76617431640625,294.729736328125,0.0002943808212876,0.0078512802720069,0.0101497545838356,-0.1958160400390625,-4.655120849609375,0.728363037109375,3.571517944335937,0.66400146484375,-1.2661285400390625
2023-03-30,12,2,303.570068359375,289.54656982421875,0.3884429931640625,-0.480316162109375,0.5,91257.828125,268.9588928222656,282.17755126953125,296.2669677734375,0.0003686537966132,0.0087820552289485,0.0099857300519943,3.13848876953125,-1.1569976806640625,0.6023406982421875,2.226226806640625,0.738433837890625,-0.92327880859375
2023-03-30,18,3,297.2967529296875,291.224365234375,-2.0401153564453125,3.239974975585937,129.5,91528.28125,267.52978515625,281.98681640625,294.732666015625,0.0008161452133208,0.0084628351032733,0.0105880424380302,3.23004150390625,1.3424835205078125,-0.719512939453125,3.447967529296875,-3.7077484130859375,5.4834747314453125
2023-03-31,0,0,297.0758361816406,291.6756286621094,1.707977294921875,0.943603515625,168.6875,91446.109375,267.625732421875,281.733154296875,292.69647216796875,0.0006452440284192,0.0079902559518814,0.0117458030581474,7.466384887695312,-2.9745635986328125,3.3766021728515625,-0.9762725830078124,0.311859130859375,5.4694366455078125
2023-03-31,6,1,304.0457763671875,289.5263671875,1.4510498046875,0.530731201171875,8.25,91554.09375,267.82257080078125,282.6284484863281,295.00445556640625,0.0004816695582121,0.0078079104423522,0.0107951089739799,5.9079437255859375,-0.1307525634765625,1.8840789794921875,1.9168243408203125,2.869110107421875,0.712615966796875
2023-03-31,12,2,304.256103515625,289.7250061035156,0.6352996826171875,0.1917572021484375,0.5,91225.5625,268.65869140625,282.2997131347656,296.5832214355469,0.0007509784772992,0.0089897774159908,0.010235670953989,7.243194580078125,1.0622100830078125,0.8133087158203125,3.767288208007813,1.3047637939453125,0.3836517333984375
2023-03-31,18,3,297.87274169921875,289.5848388671875,-2.31768798828125,0.7237548828125,28.5,91423.546875,269.7455444335937,281.7255249023437,295.95074462890625,0.0002779243513941,0.0090558379888534,0.0101980976760387,8.51763916015625,4.489913940429688,-3.690948486328125,2.445526123046875,-1.2463836669921875,3.2441864013671875
2023-04-01,0,0,297.0779113769531,291.8760986328125,-0.6617279052734375,1.504302978515625,140.5,91422.34375,268.1483764648437,281.7350158691406,293.3770751953125,0.000264196190983,0.0077839493751525,0.011103618890047,10.0015869140625,0.7284088134765625,2.62353515625,0.6887054443359375,-1.3254852294921875,4.053131103515625
2023-04-01,6,1,303.161865234375,289.8724365234375,0.8958282470703125,0.1686248779296875,38.375,91580.40625,269.0292663574219,281.9975891113281,294.3192138671875,0.0002164181350963,0.0070776380598545,0.0111423805356025,6.64312744140625,0.620819091796875,1.3445587158203125,0.2746124267578125,1.298095703125,0.010284423828125
2023-04-01,12,2,304.82147216796875,288.33038330078125,0.2242889404296875,1.0361785888671875,0.0,91165.875,268.8828125,282.5708312988281,297.96551513671875,0.0003570814151316,0.0078584402799606,0.0085766911506652,7.820526123046875,3.9373931884765625,1.0319061279296875,-0.9174346923828124,-4.70501708984375,0.1269378662109375
2023-04-01,18,3,297.7737121582031,291.48345947265625,0.720367431640625,1.9142608642578125,184.75,91547.5,268.84063720703125,282.154296875,293.93560791015625,0.0002693333663046,0.0068988502025604,0.0119577050209045,5.735198974609375,0.764373779296875,3.8376312255859375,0.1899566650390625,-7.0318756103515625,8.057846069335938
2023-04-02,0,0,296.07427978515625,290.2680053710937,1.492156982421875,0.272491455078125,97.125,91414.546875,268.9302978515625,280.52392578125,293.08135986328125,0.0002402601676294,0.0066981259733438,0.0113812536001205,3.8456878662109375,0.58953857421875,3.42938232421875,0.576385498046875,-4.802505493164063,1.750640869140625
2023-04-02,6,1,303.487060546875,287.2203369140625,1.6634979248046875,-0.6821136474609375,0.0,91561.796875,268.972412109375,281.1057434082031,295.2301025390625,0.000237620450207,0.0062085911631584,0.0087111517786979,3.917068481445313,0.4586181640625,2.1222686767578125,1.0072479248046875,-2.0274200439453125,-1.389678955078125
2023-04-02,12,2,305.593994140625,285.0740966796875,1.6962432861328125,-0.9102020263671876,0.0,91118.375,270.0599365234375,282.4548645019531,298.62890625,0.000159588526003,0.0068861804902553,0.0068982020020484,2.179290771484375,1.178741455078125,2.328842163085937,-2.71417236328125,-2.929794311523437,-1.8515167236328125
2023-04-02,18,3,298.064208984375,291.4808959960937,-1.430816650390625,2.403350830078125,228.625,91488.71875,270.8186950683594,282.09112548828125,294.84686279296875,0.0001751847448758,0.0058820247650146,0.010779358446598,-0.4927825927734375,1.2669830322265625,0.25164794921875,-3.068695068359375,-5.262939453125,7.043960571289063
2023-04-03,0,0,296.1292419433594,291.6210327148437,0.9064788818359376,1.2079925537109375,109.75,91347.640625,270.85272216796875,280.92803955078125,293.0306091308594,0.0001836397714214,0.0062425825744867,0.0109697803854942,-0.361083984375,-3.570343017578125,2.626678466796875,-1.2217864990234375,-3.5386199951171875,2.052108764648437
2023-04-03,6,1,303.50152587890625,288.2318115234375,0.273834228515625,-0.1338348388671875,0.0,91538.5625,270.38299560546875,282.1698608398437,294.9627685546875,0.0001805368956411,0.0051380991935729,0.0098209492862224,-0.607025146484375,-0.039398193359375,0.2184600830078125,0.695556640625,1.251220703125,-0.64398193359375
2023-04-03,12,2,305.9638671875,287.099365234375,-0.233978271484375,0.4433441162109375,0.0,91145.171875,270.76983642578125,282.4476318359375,298.4719543457031,0.0001801853359211,0.007440198212862,0.0075138732790946,-1.4188690185546875,1.1562042236328125,0.180267333984375,-0.785308837890625,-3.0279693603515625,-0.31719970703125
2023-04-03,18,3,297.9276123046875,292.3278503417969,-2.0140838623046875,2.276641845703125,198.875,91539.78125,270.3070678710937,282.1353759765625,294.3915100097656,0.0001725389884086,0.005437284708023,0.0117733590304851,-1.3854827880859375,2.086029052734375,-3.5374755859375,-1.011505126953125,-5.0540313720703125,6.570571899414063
2023-04-04,0,0,297.2181396484375,292.79913330078125,0.09600830078125,2.0650177001953125,278.5,91448.5,270.0482177734375,281.0735168457031,291.5186462402344,0.0002588499337434,0.0074275732040405,0.0128788724541664,-2.6715850830078125,-3.8551025390625,0.467010498046875,1.2880096435546875,-3.705657958984375,5.573089599609375
2023-04-04,6,1,302.0047912597656,291.4263610839844,1.1160888671875,1.691741943359375,173.625,91727.234375,269.6828308105469,281.6205444335937,292.6751708984375,0.0006211933214217,0.0066372491419315,0.0126113146543502,-5.355728149414063,-5.582855224609375,1.292694091796875,3.218490600585937,-2.405914306640625,2.0161895751953125
2023-04-04,12,2,301.65362548828125,290.71490478515625,0.99114990234375,0.7429962158203125,32.625,91377.59375,269.3594055175781,282.34912109375,294.3674011230469,0.0007304358296096,0.0084722153842449,0.011663794517517,-2.706512451171875,-2.166412353515625,1.3177947998046875,0.90118408203125,-2.62896728515625,0.4063568115234375
2023-04-04,18,3,297.49530029296875,292.00994873046875,-1.082122802734375,2.2330322265625,66.0,91608.609375,267.9759216308594,282.23565673828125,294.7306213378906,0.001342091942206,0.0073737055063247,0.0111867599189281,-2.3023681640625,0.416961669921875,-1.4044952392578125,3.1018829345703125,-8.29248046875,1.7161102294921875
2023-04-05,0,0,296.5736083984375,292.0247802734375,0.7227020263671875,-1.42608642578125,4.25,91435.421875,268.83013916015625,281.81610107421875,293.4086303710937,0.0007821167819201,0.0063155256211757,0.0107357315719127,0.9086761474609376,-4.83349609375,-0.1305694580078125,5.54986572265625,-2.9697418212890625,0.7620086669921875
2023-04-05,6,1,304.2601928710937,289.89453125,-1.109527587890625,0.027587890625,0.0,91596.265625,267.6300048828125,282.51593017578125,296.1136779785156,0.0010018893517553,0.0053199939429759,0.0095004439353942,1.626434326171875,-4.9698028564453125,-1.89288330078125,3.755706787109375,-2.80377197265625,-0.4251251220703125
2023-04-05,12,2,304.80438232421875,288.14080810546875,-1.88262939453125,0.8318328857421875,0.0,91250.375,267.1134338378906,282.1164855957031,297.8140869140625,0.0027369696181267,0.0084071159362792,0.00865975394845,0.9140777587890624,-2.32196044921875,-3.020965576171875,-1.192230224609375,-3.82684326171875,0.23876953125
2023-04-05,18,3,298.72003173828125,290.0503845214844,-2.0039825439453125,1.995147705078125,36.25,91576.0,267.7539367675781,282.702392578125,295.45037841796875,0.0010532503947615,0.0073959790170192,0.0104088447988033,-0.837738037109375,-0.2960205078125,-4.595550537109375,0.30621337890625,-7.536056518554687,6.795135498046875
2023-04-06,0,0,297.47857666015625,291.78399658203125,-0.189849853515625,1.19036865234375,549.0,91488.703125,267.90673828125,281.82244873046875,292.46923828125,0.0006745483260601,0.0078051723539829,0.0133506245911121,-0.1710205078125,-5.444793701171875,3.362777709960937,3.01324462890625,-5.7180023193359375,3.20379638671875
2023-04-06,6,1,302.9097900390625,291.03448486328125,-1.06036376953125,0.3997039794921875,127.125,91659.75,268.11651611328125,282.44073486328125,294.6090087890625,0.0003984391223639,0.0061790831387043,0.0118732899427413,-2.1511688232421875,-7.5283660888671875,-1.6812591552734375,3.25970458984375,-4.605148315429688,0.2381744384765625
2023-04-06,12,2,304.5592041015625,290.42340087890625,-2.329864501953125,1.2206268310546875,3.0,91305.65625,268.1024169921875,282.6498413085937,296.72662353515625,0.0002656842116266,0.0080934464931488,0.0099745839834213,-2.489852905273437,-5.087570190429688,-3.886962890625,2.025054931640625,-2.69561767578125,1.2687225341796875
2023-04-06,18,3,298.675048828125,290.05328369140625,-2.426361083984375,1.544921875,1.375,91636.671875,267.7235717773437,283.05145263671875,294.98101806640625,0.000306200236082,0.005900714546442,0.0104550160467624,-4.615982055664063,-7.3010711669921875,-5.771575927734375,1.947174072265625,-3.278411865234375,6.038833618164063
2023-04-07,0,0,296.1376953125,293.103515625,-1.753875732421875,1.7997283935546875,734.375,91529.03125,268.58349609375,282.23687744140625,293.41705322265625,0.0004305355250835,0.0049802139401435,0.0116171687841415,2.192352294921875,-11.540435791015623,-3.021469116210937,2.049407958984375,-0.381591796875,6.0052642822265625
2023-04-07,6,1,303.35968017578125,288.9099426269531,-2.0618896484375,2.1112060546875,0.0,91777.890625,268.3189392089844,282.19775390625,294.4091796875,0.0004248148761689,0.0047527514398097,0.0096869505941867,-0.8798370361328125,-12.43658447265625,-3.173980712890625,1.2033538818359375,-0.687103271484375,2.7313995361328125
2023-04-07,12,2,303.4797058105469,288.69610595703125,-3.068222045898437,2.3849334716796875,0.0,91508.890625,268.18359375,282.45782470703125,295.8986511230469,0.0004714268725365,0.0054465606808662,0.0092687644064426,-2.33203125,-7.501358032226562,-5.5824127197265625,2.158111572265625,-3.6557769775390634,3.6190032958984375
2023-04-07,18,3,297.5882263183594,289.4059143066406,-2.1348114013671875,1.4044036865234375,0.25,91794.453125,268.369384765625,282.86004638671875,294.06573486328125,0.0006919130682945,0.0036636439617723,0.0100344754755496,-4.0878448486328125,-11.418746948242188,-4.607696533203125,4.0394287109375,-1.1624298095703125,2.69793701171875
2023-04-08,0,0,295.39971923828125,290.9423828125,-2.3246002197265625,0.460113525390625,22.25,91697.984375,267.828857421875,282.4262084960937,294.19512939453125,0.0011511193588376,0.004804041236639,0.0073621794581413,-2.287933349609375,-12.69183349609375,-6.485748291015625,2.6513214111328125,-2.227279663085937,1.230865478515625
2023-04-08,6,1,303.76763916015625,286.54888916015625,-4.263931274414063,0.7410888671875,0.0,91904.359375,267.5160827636719,282.0703430175781,294.96807861328125,0.0013695585075765,0.0034967807587236,0.0074535310268402,-1.9110870361328125,-13.350631713867188,-6.4576416015625,3.1859130859375,-1.3893280029296875,0.8244781494140625
2023-04-08,12,2,304.19635009765625,285.0929260253906,-4.621734619140625,1.3784942626953125,0.0,91621.78125,266.82598876953125,281.27276611328125,296.34161376953125,0.0017921240068972,0.0046779094263911,0.0069806203246116,-1.757354736328125,-6.8335723876953125,-7.80279541015625,0.708709716796875,-2.25225830078125,1.959991455078125
2023-04-08,18,3,297.2817077636719,288.0736694335937,-2.839584350585937,1.54150390625,0.0,91930.984375,266.81597900390625,283.3334350585937,292.9444580078125,0.0016196444630622,0.0017262969631701,0.0090249888598918,-4.5545196533203125,-6.836273193359375,-5.950164794921875,0.3263092041015625,0.1121063232421875,2.6272430419921875
2023-04-09,0,0,294.94512939453125,290.9775390625,-2.158432006835937,0.126739501953125,0.0,91778.625,267.1112976074219,283.76739501953125,292.571533203125,0.0008013572078198,0.0034983311779797,0.0066995769739151,-4.5797119140625,-6.3946533203125,-4.175994873046875,2.86370849609375,3.743606567382813,1.70660400390625
2023-04-09,6,1,302.93341064453125,285.8895568847656,-2.4232177734375,0.44927978515625,0.0,91953.125,267.01983642578125,283.322265625,294.1922607421875,0.0006266708951443,0.0036827833391726,0.0073472708463668,-3.778854370117188,-7.903778076171875,-3.492660522460937,0.9349365234375,5.609390258789063,0.3941650390625
2023-04-09,12,2,305.06109619140625,285.7485046386719,-3.3360595703125,1.4616851806640625,0.0,91573.859375,267.3004150390625,281.9128723144531,296.8954467773437,0.0005317635368555,0.006342839449644,0.0077596381306648,-3.2076416015625,-5.0918731689453125,-5.215591430664063,-2.847930908203125,0.8538360595703125,1.869873046875
2023-04-09,18,3,298.0859069824219,289.0287780761719,-3.304443359375,1.4438323974609375,28.125,91832.0,267.71563720703125,282.66473388671875,293.7576904296875,0.0004615210928022,0.0049577169120311,0.0101754926145076,-5.104415893554688,-6.58172607421875,-6.318115234375,-2.2193756103515625,2.8230133056640625,3.2212066650390625
2023-04-10,0,0,296.06298828125,293.9837341308594,-2.3526763916015625,0.890350341796875,754.5,91680.65625,267.98583984375,282.4612731933594,294.2259521484375,0.0004232458304613,0.0047141425311565,0.0075094886124134,-5.43157958984375,-7.962554931640625,-6.3026885986328125,1.21710205078125,1.1310882568359375,1.6457366943359375
2023-04-10,6,1,304.2169189453125,286.61334228515625,-3.398712158203125,1.51153564453125,0.0,91841.921875,267.7476806640625,282.2196044921875,295.5779724121094,0.0005222177132964,0.0046695433557033,0.0076571591198444,-4.9855499267578125,-9.169448852539062,-5.420501708984375,1.4501953125,-0.2781524658203125,1.9410858154296875
2023-04-10,12,2,304.2735290527344,288.17529296875,-4.221893310546875,2.000762939453125,0.0,91480.296875,267.7177124023437,282.0631408691406,297.05047607421875,0.000607453752309,0.006999023258686,0.0083844326436519,-3.0319976806640625,-3.88446044921875,-7.8127593994140625,1.459991455078125,-3.7721099853515625,3.031036376953125
2023-04-10,18,3,298.48846435546875,289.37548828125,-3.0591583251953125,0.9533843994140624,2.5,91775.25,268.26861572265625,282.85357666015625,294.772705078125,0.0007712591905146,0.0038788251113146,0.0077443718910217,-6.0006256103515625,-5.5160675048828125,-9.262527465820312,0.641143798828125,-1.78167724609375,1.4155120849609375
2023-04-11,0,0,295.3211364746094,292.1563415527344,-1.816070556640625,-0.024627685546875,292.875,91624.5625,268.17803955078125,283.0471496582031,295.3506164550781,0.0009989633690565,0.0023876174818724,0.0044179707765579,-5.89666748046875,-6.963790893554688,-6.4010772705078125,1.9275360107421875,-1.7006378173828125,1.3898468017578125
2023-04-11,6,1,304.6498413085937,283.57208251953125,-2.8009033203125,0.8174591064453125,0.0,91845.25,268.153076171875,282.51531982421875,296.06256103515625,0.0011208709329366,0.0024268876295536,0.0063513256609439,-6.2237701416015625,-7.72674560546875,-4.1959381103515625,2.6172332763671875,-0.192138671875,0.8872833251953125
2023-04-11,12,2,305.75616455078125,283.1478881835937,-2.654876708984375,1.2162017822265625,0.0,91535.984375,267.8187866210937,282.4183349609375,298.33526611328125,0.0013012164272367,0.0050037242472171,0.0053255371749401,-4.6444091796875,-3.649078369140625,-4.511734008789063,1.408782958984375,-1.3932647705078125,1.5773162841796875
2023-04-11,18,3,298.47119140625,286.48077392578125,-2.7120361328125,0.954620361328125,0.0,91798.28125,267.324951171875,283.5058288574219,295.7528686523437,0.0011547203175723,0.0024437964893877,0.0069743990898132,-5.4892578125,-6.74896240234375,-6.260513305664063,-0.4376983642578125,-0.4786529541015625,3.6241302490234375
2023-04-12,0,0,294.99090576171875,289.7960205078125,-2.0491180419921875,0.5037994384765625,0.0,91620.0,267.5644836425781,283.0584411621094,296.15399169921875,0.0009147534146904,0.0019119558855891,0.0051456876099109,-8.305191040039062,-7.3007659912109375,-4.99566650390625,1.0512237548828125,-0.326385498046875,0.15087890625
2023-04-12,6,1,305.1357116699219,284.18048095703125,-2.286590576171875,0.173004150390625,0.0,91750.703125,268.0975341796875,283.0762939453125,297.0262451171875,0.0005913521163165,0.0021254564635455,0.0062794722616672,-7.63543701171875,-9.947662353515623,-3.58905029296875,4.338058471679688,-0.5341339111328125,-0.1723785400390625
2023-04-12,12,2,306.38018798828125,280.61248779296875,-3.9769439697265625,1.0651702880859375,0.0,91431.609375,267.85009765625,283.10498046875,299.0687255859375,0.0003356090746819,0.0043555456213653,0.0047230422496795,-5.4131622314453125,-5.524185180664063,-7.5053253173828125,2.042877197265625,-1.5371246337890625,1.55303955078125
2023-04-12,18,3,298.2121887207031,282.916015625,-2.181976318359375,0.9955902099609376,0.0,91760.65625,267.2004089355469,283.5642395019531,296.9885559082031,0.0003635471221059,0.0026121931150555,0.0049530491232872,-6.256118774414063,-8.517349243164062,-7.642684936523437,1.37225341796875,-2.466644287109375,0.5534210205078125
2023-04-13,0,0,296.03668212890625,286.2999267578125,-2.362289428710937,-0.328338623046875,0.0,91609.65625,268.124267578125,283.299560546875,296.5175170898437,0.0008522919379174,0.0028381468728184,0.0051530748605728,-4.024093627929688,-8.592132568359375,-7.138198852539063,2.4850006103515625,-4.1139068603515625,2.0489044189453125
2023-04-13,6,1,306.07568359375,283.1311340332031,-3.929962158203125,0.8440093994140625,0.0,91711.203125,268.13604736328125,283.0806579589844,297.91119384765625,0.0007255466189235,0.0034082094207406,0.0058590173721313,-2.7182769775390625,-11.307785034179688,-6.309814453125,3.6903228759765625,-3.7812347412109375,0.7698822021484375
2023-04-13,12,2,307.0595092773437,282.47515869140625,-3.364730834960937,1.1016998291015625,0.0,91391.5625,267.3057556152344,283.6854858398437,299.7516784667969,0.000367698026821,0.0054848054423928,0.0055842027068138,-1.3217926025390625,-5.448654174804688,-6.35296630859375,2.480209350585937,-1.6263275146484375,1.4364166259765625
2023-04-13,18,3,299.4044189453125,283.2606201171875,-2.356201171875,1.204193115234375,0.0,91722.234375,267.1180725097656,283.6083068847656,297.55474853515625,0.0004370058886706,0.0054755844175815,0.0062245577573776,-1.656524658203125,-4.35711669921875,-7.329925537109375,1.74267578125,-6.588104248046875,2.983993530273437
2023-04-14,0,0,296.47369384765625,285.2161865234375,-1.5150299072265625,1.4208526611328125,0.0,91618.390625,267.70928955078125,282.73095703125,296.9863586425781,0.0006232876330614,0.0057540871202945,0.0043456843122839,0.0627593994140625,-7.88360595703125,-8.621536254882812,1.5662841796875,-6.52435302734375,2.7539215087890625
2023-04-14,6,1,305.4848022460937,286.0555419921875,-1.924560546875,1.1584014892578125,0.0,91725.0625,267.4869384765625,283.5267028808594,296.9310607910156,0.0006830035708844,0.0037064650095999,0.0065292418003082,-0.4276580810546875,-12.5301513671875,-3.242156982421875,2.857757568359375,-6.7833404541015625,1.1168212890625
2023-04-14,12,2,306.17724609375,280.19854736328125,-3.379730224609375,1.4502105712890625,0.0,91328.328125,266.70709228515625,283.7191467285156,299.67169189453125,0.0008524002041667,0.0047456212341785,0.004962719976902,-1.0066986083984375,-5.9549407958984375,-6.575225830078125,1.056915283203125,-1.214996337890625,2.0208740234375
2023-04-14,18,3,297.8662414550781,281.349365234375,-1.8439483642578125,1.1717681884765625,0.0,91669.40625,266.43328857421875,283.8376770019531,297.5582275390625,0.0008674242999404,0.0044791996479034,0.0053455904126167,-3.2561798095703125,-4.9930267333984375,-5.2158966064453125,0.98388671875,-5.4553070068359375,4.2906646728515625
2023-04-15,0,0,294.9608154296875,285.5377197265625,1.0936126708984375,-1.862335205078125,0.0,91587.015625,268.3195495605469,282.627685546875,295.6584167480469,0.0008596777915954,0.0051462724804878,0.005525380373001,-1.59027099609375,-10.138656616210938,-3.59228515625,5.6591796875,-4.95281982421875,1.036376953125
2023-04-15,6,1,304.7868347167969,286.50018310546875,-1.3415985107421875,-0.98779296875,0.0,91707.75,267.83935546875,282.3163757324219,296.23297119140625,0.0009178414475172,0.0056834779679775,0.008156694471836,-0.0126495361328125,-11.818267822265623,-2.2506256103515625,4.913101196289063,-2.779525756835937,-1.34149169921875
2023-04-15,12,2,306.00799560546875,282.1360168457031,-2.885101318359375,0.4140625,0.0,91381.53125,266.8387451171875,282.51348876953125,298.5874328613281,0.0007690717466175,0.0058467350900173,0.0059595182538032,-0.140960693359375,-5.6927642822265625,-4.889450073242188,-0.6642608642578125,-1.0314788818359375,0.2742156982421875
2023-04-15,18,3,298.0202941894531,282.8607482910156,-2.132598876953125,0.960601806640625,0.0,91565.5,267.49609375,283.2965087890625,297.16766357421875,0.0006727534346282,0.0019918500911444,0.0062323324382305,-1.686126708984375,-8.60760498046875,-6.6586456298828125,1.98370361328125,-1.4076080322265625,1.44781494140625
2023-04-16,0,0,293.45947265625,285.26983642578125,-2.4717254638671875,-0.198944091796875,0.0,91451.921875,267.8601379394531,282.81982421875,297.1196594238281,0.0005423768889158,0.001983837224543,0.0029423672240227,-2.1235504150390625,-9.725906372070312,-6.5467071533203125,2.938949584960937,-1.206512451171875,-1.402923583984375
2023-04-16,6,1,306.32000732421875,281.3031005859375,-3.7698974609375,-0.021728515625,0.0,91575.890625,267.8474426269531,282.427490234375,297.8553466796875,0.000513652106747,0.0029900912195444,0.0047396793961524,-3.6728668212890634,-10.014205932617188,-5.9033203125,4.754074096679688,-2.902740478515625,-0.647705078125
2023-04-16,12,2,306.5084228515625,280.36383056640625,-3.534393310546875,0.8749237060546875,0.0,91247.4375,267.9644775390625,283.32830810546875,299.4022216796875,0.0006253228057175,0.0047828145325183,0.0049376562237739,-2.78912353515625,-5.77764892578125,-6.7007904052734375,4.0017852783203125,-1.6112060546875,0.9596405029296876
2023-04-16,18,3,298.57452392578125,282.9683837890625,-2.217803955078125,1.1930694580078125,0.0,91491.515625,267.4218444824219,283.43670654296875,297.5468139648437,0.0010771234519779,0.0034626247361302,0.005174446851015,-3.57891845703125,-5.526763916015625,-7.74285888671875,3.229248046875,-5.092193603515625,2.133819580078125
2023-04-17,0,0,296.4381408691406,285.46783447265625,-1.498016357421875,0.86444091796875,0.0,91394.859375,267.5714416503906,283.7553100585937,296.74517822265625,0.0011905208230018,0.0020852228626608,0.0052319876849651,-2.851913452148437,-6.9048614501953125,-6.934906005859375,6.1269378662109375,-7.230545043945312,-0.313140869140625
2023-04-17,6,1,304.8448486328125,286.0052490234375,-3.034286499023437,0.4811248779296875,0.0,91542.578125,267.4697570800781,283.8128967285156,296.9690246582031,0.0012373439967632,0.0019357630517333,0.007078431546688,-1.2815704345703125,-12.9700927734375,-5.122955322265625,4.888153076171875,-2.690948486328125,0.11553955078125
2023-04-17,12,2,306.7304992675781,280.58843994140625,-3.0055694580078125,1.24188232421875,0.0,91325.78125,267.41522216796875,283.8736572265625,299.9344482421875,0.0011951569467782,0.0048711895942687,0.005056545138359,-1.0762939453125,-6.1978912353515625,-5.880523681640625,2.0229644775390625,-0.0274505615234375,1.9268798828125
2023-04-17,18,3,298.775634765625,283.1942138671875,-2.4560699462890625,1.1959686279296875,0.0,91623.59375,267.49334716796875,284.4301452636719,297.4002380371094,0.0011287881061434,0.0021267877891659,0.0061850398778915,-2.655380249023437,-7.855575561523437,-5.4272308349609375,1.62945556640625,-0.7930145263671875,5.071075439453125
2023-04-18,0,0,296.2857666015625,285.9560241699219,-1.8489227294921875,0.9635009765625,0.0,91498.6875,267.192626953125,283.9688415527344,296.62890625,0.0011704824864864,0.0025889745447784,0.0056262575089931,-1.0304107666015625,-9.407867431640623,-4.036346435546875,2.528533935546875,-0.006256103515625,2.975814819335937
2023-04-18,6,1,305.78253173828125,284.818115234375,-2.0149078369140625,2.08331298828125,0.0,91711.109375,266.9758605957031,283.8016052246094,297.4349060058594,0.0014208338689059,0.0023685577325522,0.0068381503224372,-0.3722381591796875,-9.910934448242188,-3.491790771484375,1.6631622314453125,0.029266357421875,2.6145477294921875
2023-04-18,12,2,307.37139892578125,284.6928405761719,-2.1454620361328125,1.455078125,0.0,91352.4375,266.5732116699219,283.9719543457031,299.9670104980469,0.0016073633451014,0.0058206357061862,0.0060795731842517,-0.3785858154296875,-3.3453826904296875,-3.664154052734375,-0.45220947265625,-0.696533203125,1.8879241943359373
2023-04-18,18,3,299.0120849609375,284.1917724609375,-2.139892578125,1.1747589111328125,0.0,91600.390625,267.18670654296875,284.5716857910156,297.2835693359375,0.0018118014559149,0.0039472617208957,0.0076482445001602,-1.2756195068359375,-2.3247528076171875,-4.755767822265625,1.428436279296875,-8.246749877929688,6.421920776367188
2023-04-19,0,0,297.0940246582031,288.76873779296875,-1.3404541015625,1.6865997314453125,69.375,91422.25,266.5766906738281,283.41766357421875,296.2894287109375,0.0022759870626032,0.0036445327568799,0.0077054277062416,1.8729705810546875,-5.096466064453125,-1.6294403076171875,1.4907989501953125,-7.567092895507812,3.989105224609375
2023-04-19,6,1,305.1572265625,288.69091796875,-0.48431396484375,2.0493927001953125,26.25,91517.265625,266.4205322265625,283.8966064453125,297.1357421875,0.002192546846345,0.0023721458856016,0.0085204057395458,-0.1990509033203125,-8.097213745117188,-1.1222991943359375,-0.0133819580078125,-0.1901702880859375,2.475433349609375
2023-04-19,12,2,307.11181640625,286.62274169921875,-0.8917388916015625,1.0765228271484375,0.0,91097.828125,266.7090759277344,283.8886108398437,300.0510559082031,0.0018584043718874,0.0069171041250228,0.0070133469998836,0.4122314453125,-2.2803192138671875,-1.541107177734375,-1.2937774658203125,-0.4041595458984375,0.9578857421875
2023-04-19,18,3,299.46661376953125,285.15350341796875,-1.095794677734375,1.9213409423828125,0.0,91316.0,266.3586120605469,284.223388671875,297.765380859375,0.001633555162698,0.0057789497077465,0.008532341569662,-1.082305908203125,-1.0131072998046875,-1.0144195556640625,-1.4577789306640625,-6.293701171875,6.697235107421875
2023-04-20,0,0,296.56365966796875,291.15338134765625,1.6371917724609375,0.1376953125,768.0,91230.046875,265.8871459960937,283.1290283203125,295.26763916015625,0.0013648737221956,0.0063084587454795,0.0107003860175609,0.8317718505859375,-5.0101470947265625,5.1448822021484375,0.6706695556640625,-4.599700927734375,1.7825775146484375
2023-04-20,6,1,304.9891357421875,290.691650390625,1.73028564453125,1.03033447265625,122.75,91376.734375,265.4763488769531,283.19940185546875,296.8150329589844,0.0013940467033535,0.0051688067615032,0.0107789672911167,-0.8663177490234375,-3.5238494873046875,2.300811767578125,1.252166748046875,0.209686279296875,1.0947265625
2023-04-20,12,2,305.9723815917969,288.6649169921875,0.02532958984375,1.061614990234375,0.0,90930.828125,266.747314453125,283.49462890625,299.6951599121094,0.0017321896739304,0.0086427293717861,0.0087154097855091,0.277069091796875,-1.215301513671875,-0.068756103515625,0.448089599609375,1.1798248291015625,1.2507476806640625
2023-04-20,18,3,300.2552490234375,286.24273681640625,0.7324371337890625,2.2778778076171875,0.0,91203.40625,267.3959350585937,283.80938720703125,298.0246276855469,0.0015746876597404,0.0075293630361557,0.0092977322638034,3.1944580078125,-2.041351318359375,2.3069305419921875,-2.06317138671875,-0.8923797607421875,6.701263427734375
2023-04-21,0,0,297.67852783203125,292.37457275390625,1.3548126220703125,-0.3341217041015625,338.5,91144.1875,266.8526611328125,284.302734375,295.45819091796875,0.0010327838826924,0.0052504353225231,0.0100886225700378,1.21539306640625,-5.494476318359375,4.2481231689453125,-1.33026123046875,0.7600555419921875,-1.268463134765625
2023-04-21,6,1,303.532958984375,291.21697998046875,1.92913818359375,-0.420196533203125,50.75,91366.859375,266.9273986816406,283.6741027832031,296.22320556640625,0.0009785175789147,0.0059804841876029,0.0112909190356731,1.0559539794921875,-3.386627197265625,2.61871337890625,1.0452728271484375,2.1728515625,-0.98651123046875
2023-04-21,12,2,304.07421875,289.788818359375,0.053131103515625,0.9307403564453124,17.125,91027.484375,268.3739929199219,283.9511108398437,297.387451171875,0.0012238605413585,0.0069426856935024,0.0109878033399581,4.7378692626953125,-0.7009735107421875,0.3834991455078125,-0.24163818359375,-0.3849334716796875,0.7480010986328125
2023-04-21,18,3,298.0341796875,289.77703857421875,-0.5908203125,-0.2498321533203125,12.125,91307.296875,266.7826538085937,282.22589111328125,295.9774780273437,0.0026535340584814,0.0093802288174629,0.0108729377388954,2.9992828369140625,0.4068603515625,-1.2270050048828125,-0.8635406494140625,-1.470458984375,3.2295074462890625
2023-04-22,0,0,297.04913330078125,291.23028564453125,1.495086669921875,-0.6676177978515625,188.875,91185.828125,267.1648254394531,283.4334716796875,294.2891845703125,0.0021072037052363,0.0080018416047096,0.0109711699187755,4.1146240234375,-3.1023406982421875,2.636260986328125,0.2613677978515625,0.9853363037109376,-1.6782989501953125
2023-04-22,6,1,304.0548400878906,291.0090637207031,0.9460601806640624,-0.6877593994140625,225.875,91389.109375,267.240234375,283.3114013671875,296.0028686523437,0.0007323748432099,0.0073524489998817,0.0121071711182594,4.0400238037109375,-1.952178955078125,1.2564849853515625,0.714111328125,0.7184906005859375,-1.115386962890625
2023-04-22,12,2,305.0827941894531,290.1847229003906,-0.4515533447265625,-0.181304931640625,145.5,91002.546875,268.14654541015625,283.63006591796875,298.18951416015625,0.0022054221481084,0.0099804364144802,0.0116594582796096,7.292266845703125,2.8227081298828125,0.0909423828125,-2.4614410400390625,-1.4256439208984375,-0.7393646240234375
2023-04-22,18,3,297.9085693359375,291.277587890625,-0.1478729248046875,2.2439727783203125,421.125,91308.9375,268.02410888671875,283.1939392089844,295.1410522460937,0.002762900898233,0.0089818648993968,0.0121957771480083,5.11627197265625,0.7612762451171875,0.229705810546875,-1.017425537109375,-4.0192718505859375,3.095443725585937
2023-04-23,0,0,297.70806884765625,293.4224548339844,1.8477020263671875,0.0411224365234375,242.25,91233.671875,267.728515625,283.6163330078125,294.2532958984375,0.0007584192790091,0.0073865801095962,0.0117455944418907,7.890792846679687,1.55889892578125,5.198150634765625,0.5290374755859375,0.5573272705078125,-0.2110137939453125
2023-04-23,6,1,304.34405517578125,289.7659606933594,1.3535614013671875,-1.8153228759765625,1.375,91363.734375,269.14520263671875,282.58367919921875,296.5136108398437,0.0003524797502905,0.007772970944643,0.0101150199770927,7.928924560546875,-1.20147705078125,1.8815155029296875,1.4580078125,1.2119903564453125,-2.678207397460937
2023-04-23,12,2,305.6915283203125,287.5790405273437,1.516082763671875,-0.71026611328125,0.0,91000.6875,269.54296875,283.2690734863281,299.0191955566406,0.0004921613726764,0.0085991211235523,0.0090437643229961,8.31268310546875,4.1334991455078125,2.7772674560546875,-0.66693115234375,-3.4289093017578125,-1.740325927734375
2023-04-23,18,3,298.1460266113281,292.7196044921875,-0.6611328125,3.20654296875,1198.625,91442.25,267.8726806640625,282.7661437988281,294.01641845703125,0.0007583540864288,0.0076425336301326,0.0133555270731449,9.344314575195312,0.4798583984375,0.47247314453125,0.3423614501953125,-4.09820556640625,7.882080078125
2023-04-24,0,0,296.918701171875,293.30096435546875,-0.7360076904296875,1.5111236572265625,508.375,91335.578125,268.1171875,282.9219055175781,293.5625,0.0003120377077721,0.0073931738734245,0.0127274543046951,10.152175903320312,-1.35382080078125,1.651336669921875,0.8288421630859375,0.897613525390625,4.0230712890625
2023-04-24,6,1,304.1700439453125,291.07598876953125,-0.5626373291015625,1.53399658203125,153.125,91433.765625,268.15399169921875,283.804443359375,295.9732360839844,0.0003586402162909,0.0075860731303691,0.0120158605277538,5.6161041259765625,-0.6923980712890625,-0.870269775390625,1.9293975830078125,2.53466796875,2.0051727294921875
2023-04-24,12,2,302.0553283691406,293.264404296875,-2.656585693359375,1.718597412109375,72.25,91198.171875,267.30816650390625,283.6061096191406,297.18804931640625,0.0023404243402183,0.0090072266757488,0.0113707818090915,4.35894775390625,-0.03662109375,-3.79119873046875,1.628692626953125,-0.2903900146484375,2.071044921875
2023-04-24,18,3,297.6934814453125,294.2177734375,-2.477630615234375,3.1965484619140625,326.0,91469.359375,268.13360595703125,283.50274658203125,294.0422668457031,0.0020797678735107,0.0084082745015621,0.0130136422812938,3.2833404541015625,-0.4832916259765625,-4.5185546875,2.473419189453125,-3.920989990234375,9.463272094726562
2023-04-25,0,0,298.1690979003906,293.9332275390625,-0.55706787109375,1.569366455078125,1109.125,91423.546875,267.36346435546875,283.2170104980469,292.5870361328125,0.0013348208740353,0.0074332356452941,0.0134708248078823,3.8056488037109375,-4.8588409423828125,-2.0338592529296875,4.114471435546875,-2.842636108398437,6.537643432617188
2023-04-25,6,1,303.14031982421875,293.1440734863281,-1.444305419921875,2.8297271728515625,812.25,91591.96875,268.11114501953125,283.31573486328125,294.2501220703125,0.001203004270792,0.0065473094582557,0.0134598761796951,3.3215484619140625,-5.626068115234375,-2.04339599609375,2.272567749023437,-0.4788970947265625,3.8079986572265625
2023-04-25,12,2,302.64898681640625,292.68408203125,-2.616317749023437,1.8614654541015625,135.875,91212.15625,266.73492431640625,283.8828125,295.9296875,0.0031915216241031,0.007623303681612,0.0119522958993911,3.87713623046875,-3.8627777099609375,-5.32489013671875,0.1192626953125,0.3816375732421875,3.9202880859375
2023-04-25,18,3,297.76678466796875,293.7882080078125,-0.4624786376953125,1.7837066650390625,162.75,91522.53125,267.70703125,284.2220458984375,293.205322265625,0.0025791255757212,0.0069549717009067,0.0131584294140338,5.095855712890625,-5.690231323242188,0.3189849853515625,1.2224884033203125,1.9963226318359373,6.669204711914063
2023-04-26,0,0,297.2619323730469,293.5235595703125,-0.5940093994140625,0.867919921875,852.375,91477.171875,267.51611328125,283.6704406738281,291.416748046875,0.0017891717143356,0.0044849999248981,0.0148463249206542,2.2286834716796875,-5.708709716796875,1.029937744140625,3.2634429931640625,0.6625823974609375,2.9450836181640625
2023-04-26,6,1,303.51251220703125,290.15802001953125,-1.795379638671875,0.5040435791015625,29.5,91549.328125,267.5218811035156,283.3029479980469,294.4761657714844,0.0011939767282456,0.0057675130665302,0.0116744115948677,3.705596923828125,-5.34661865234375,-2.7518463134765625,3.60748291015625,3.563629150390625,0.520782470703125
2023-04-26,12,2,303.6453552246094,290.0080871582031,-2.9201812744140625,1.3461456298828125,52.625,91193.796875,267.4432678222656,283.312744140625,296.5050048828125,0.0023923511616885,0.009027149528265,0.0115996599197387,3.31378173828125,-2.3719024658203125,-4.915054321289063,1.4542236328125,-1.56304931640625,1.65606689453125
2023-04-26,18,3,298.23809814453125,292.4633178710937,-1.7429046630859375,1.9798736572265625,487.75,91450.03125,267.1120300292969,284.67938232421875,293.6557312011719,0.0026163465809077,0.0064873173832893,0.0135801620781421,4.5912017822265625,-5.22686767578125,-3.4281768798828125,1.442352294921875,2.254974365234375,7.681915283203125
2023-04-27,0,0,297.4700927734375,293.6534423828125,-1.2437896728515625,1.13604736328125,1027.375,91402.875,267.20440673828125,284.2738342285156,292.0211181640625,0.0015712263993918,0.0036904476583003,0.0148982889950275,3.3905181884765625,-5.7564697265625,0.2967987060546875,2.240631103515625,4.629119873046875,4.037368774414063
2023-04-27,6,1,303.5340576171875,291.7608337402344,-1.8665924072265625,1.2229461669921875,311.75,91544.71875,267.6630249023437,283.27203369140625,294.8894958496094,0.0005148111376911,0.0055842995643615,0.0128247737884521,2.5985870361328125,-4.447921752929688,-2.906967163085937,0.447845458984375,2.7072906494140625,1.385345458984375
2023-04-27,12,2,305.1083984375,289.3764343261719,-2.9543609619140625,2.467514038085937,0.75,91228.65625,268.10577392578125,283.4881591796875,297.5675048828125,0.0004865922965109,0.0068278051912784,0.0101597495377063,5.14666748046875,-2.687362670898437,-4.867095947265625,0.1245880126953125,0.412445068359375,3.721099853515625
2023-04-27,18,3,298.7777404785156,292.5880432128906,-2.4023895263671875,2.972198486328125,267.875,91547.53125,268.5469970703125,284.02545166015625,293.47528076171875,0.0011104883160442,0.0054987631738185,0.0132334306836128,5.890884399414063,-1.9203338623046875,-5.4024505615234375,0.1256866455078125,1.05096435546875,9.10675048828125
2023-04-28,0,0,296.67633056640625,294.3203430175781,-0.957550048828125,1.3734283447265625,554.75,91490.0625,267.9134521484375,282.58642578125,293.14990234375,0.0013966218102723,0.0066347308456897,0.0111154988408088,6.8516387939453125,-4.29071044921875,-3.090087890625,-1.4052581787109375,-0.5463409423828125,6.916519165039063
2023-04-28,6,1,304.1776428222656,290.1431884765625,-1.6175079345703125,2.5908203125,0.25,91637.765625,267.3305053710937,283.4202880859375,294.8126220703125,0.0011408522259443,0.0062448643147945,0.0115807242691516,1.9073944091796875,-4.8643646240234375,-2.557830810546875,-1.4252777099609375,3.3176727294921875,3.602279663085937
2023-04-28,12,2,305.1822204589844,289.56134033203125,-1.8904876708984373,2.061492919921875,0.0,91208.578125,268.9027404785156,284.27655029296875,297.33453369140625,0.0010324392933398,0.0071198679506778,0.0110289454460144,2.451019287109375,-3.56060791015625,-2.9752655029296875,1.7844085693359375,1.8880157470703125,2.998291015625
2023-04-28,18,3,298.68426513671875,291.9963684082031,-2.6219940185546875,2.88134765625,324.375,91526.25,268.122802734375,283.26904296875,294.27056884765625,0.0011311338748782,0.0076937191188335,0.0136153250932693,2.9792633056640625,-1.24627685546875,-4.160186767578125,1.7139892578125,0.5785675048828125,7.450836181640625
2023-04-29,0,0,297.5078125,293.4980163574219,-0.8728485107421875,-0.6165771484375,107.0,91442.21875,268.0841979980469,283.3448486328125,291.3769226074219,0.0024412865750491,0.0067405216395854,0.0139562301337718,3.718338012695313,-5.13275146484375,1.8209991455078125,2.436264038085937,0.442230224609375,4.192962646484375
2023-04-29,6,1,302.60845947265625,291.9287414550781,-0.56689453125,1.516357421875,221.125,91578.59375,268.03790283203125,283.50982666015625,293.4852294921875,0.0015785945579409,0.0068899691104888,0.0134541727602481,2.47943115234375,-5.07354736328125,-0.699127197265625,2.0916290283203125,1.9752349853515625,1.864837646484375
2023-04-29,12,2,300.12078857421875,294.732421875,-3.9620513916015625,2.3927154541015625,177.25,91197.03125,268.4437561035156,283.6676330566406,293.7862243652344,0.0023531159386038,0.0094724707305431,0.0140446349978446,5.163848876953125,0.4378204345703125,-7.538360595703125,2.344879150390625,-0.1448211669921875,4.2096099853515625
2023-04-29,18,3,296.54840087890625,293.6927795410156,-2.0250701904296875,2.853378295898437,831.0,91473.5,267.5106506347656,283.91912841796875,292.3056640625,0.0041139498353004,0.0076235421001911,0.0140706710517406,2.926620483398437,-3.2039947509765625,-5.9776458740234375,2.27716064453125,1.814910888671875,7.305038452148437
2023-04-30,0,0,297.102294921875,294.68316650390625,-0.2593841552734375,0.641357421875,1183.25,91291.96875,267.41748046875,284.289794921875,292.2158203125,0.0045406632125377,0.0077448524534702,0.0132717154920101,2.784423828125,-2.949249267578125,-1.7388153076171875,3.9118499755859375,3.066864013671875,4.466110229492188
2023-04-30,6,1,302.88525390625,291.4105529785156,-1.1470489501953125,3.202423095703125,518.75,91430.34375,267.9051208496094,283.7087707519531,293.9764404296875,0.0030673237051814,0.0079797059297561,0.0140151716768741,5.670455932617188,-2.14031982421875,-1.8577117919921875,2.0573272705078125,2.265533447265625,4.4672698974609375
2023-04-30,12,2,302.3249206542969,293.491455078125,-0.998809814453125,3.5205078125,200.5,91032.359375,268.6607360839844,283.9859619140625,295.5114440917969,0.0027261495124548,0.009231012314558,0.0136131457984447,6.41693115234375,1.1085662841796875,-1.4399871826171875,1.4791259765625,1.8141021728515625,6.0014190673828125
2023-04-30,18,3,296.8192749023437,294.0416564941406,0.105804443359375,2.0044708251953125,345.75,91327.71875,269.07196044921875,283.3016357421875,292.6677551269531,0.0025830813683569,0.0095751248300075,0.0142447128891944,6.60406494140625,-0.0405120849609375,1.1999359130859375,3.640335083007813,3.278793334960937,7.2230224609375
2023-05-01,0,0,296.1822509765625,293.971923828125,1.5898590087890625,0.4064178466796875,95.0,91253.421875,268.1924743652344,283.5870361328125,291.28350830078125,0.0022018812596797,0.0080335400998592,0.0142444483935832,5.419113159179688,-1.5114593505859375,3.695220947265625,4.7898712158203125,4.7347412109375,2.214096069335937
2023-05-01,6,1,301.55975341796875,292.4364624023437,1.3043365478515625,-0.391510009765625,833.0,91405.171875,268.8607788085937,282.7909545898437,293.0790710449219,0.0015118748415261,0.0083502680063247,0.0149453394114971,4.823028564453125,-0.86639404296875,1.8930206298828125,5.942718505859375,4.555587768554688,-0.8601226806640625
2023-05-01,12,2,300.9945068359375,293.0083312988281,-1.591461181640625,-0.9761810302734376,737.5,91103.46875,269.24969482421875,283.188232421875,294.55548095703125,0.004421173594892,0.0097770094871521,0.0141641832888126,5.780441284179688,0.4542999267578125,-2.3836822509765625,2.219940185546875,1.23858642578125,-2.65313720703125
2023-05-01,18,3,295.6280517578125,294.1091613769531,-1.83154296875,2.1519012451171875,429.75,91484.015625,268.34161376953125,282.626953125,292.2169494628906,0.0051742307841777,0.0103956200182437,0.0139677338302135,2.4498748779296875,0.2630157470703125,-5.00177001953125,4.834869384765625,-3.976654052734375,4.3259124755859375
2023-05-02,0,0,295.7254638671875,294.27593994140625,-1.17059326171875,0.896087646484375,608.75,91274.640625,268.156005859375,283.4879150390625,292.28399658203125,0.0049979388713836,0.0079926326870918,0.0141731016337871,5.059967041015625,0.8245849609375,-2.7578277587890625,2.249252319335937,-2.066162109375,3.805709838867188
2023-05-02,6,1,298.9296264648437,293.9316711425781,-0.3298797607421875,0.7209014892578125,476.75,91468.421875,269.4331359863281,283.79986572265625,292.2724914550781,0.0028695322107523,0.0073993988335132,0.0149842537939548,4.137130737304688,-0.2873077392578125,-0.3791351318359375,6.1891021728515625,-0.080291748046875,0.874725341796875
2023-05-02,12,2,300.7686462402344,294.3711242675781,-1.7109527587890625,1.1462249755859375,112.5,91113.40625,269.24102783203125,284.1923828125,295.13848876953125,0.0046943686902523,0.0080247446894645,0.013415191322565,7.188247680664063,0.7756805419921875,-2.724838256835937,2.02349853515625,-0.98541259765625,1.6470794677734375
2023-05-02,18,3,296.5690002441406,294.22900390625,1.1467132568359375,0.7782440185546875,192.375,91525.796875,269.03741455078125,283.4696655273437,292.16522216796875,0.0046897493302822,0.008599754422903,0.0146666541695594,4.0156097412109375,-1.6912841796875,0.3982696533203125,4.06396484375,0.5538482666015625,4.90167236328125
2023-05-03,0,0,296.32977294921875,294.208740234375,1.8214874267578125,1.00421142578125,359.0,91410.71875,267.70233154296875,282.9840087890625,291.4455871582031,0.0045601595193147,0.0096891596913337,0.0145908445119857,2.5959930419921875,1.739898681640625,6.397705078125,5.479263305664063,-0.152435302734375,2.38275146484375
2023-05-03,6,1,300.31890869140625,293.15008544921875,2.474639892578125,-1.587188720703125,562.0,91617.984375,268.40576171875,282.8302307128906,293.09442138671875,0.003943751566112,0.0098932534456253,0.0143191404640674,1.20587158203125,1.630035400390625,3.618988037109375,9.7293701171875,0.5397491455078125,-2.631561279296875
2023-05-03,12,2,300.7665710449219,293.71826171875,1.248687744140625,-1.2736358642578125,120.5,91230.25,269.4215087890625,283.8238525390625,294.91412353515625,0.0039653945714235,0.0073214545845985,0.0130855627357959,0.646697998046875,4.0757598876953125,2.5325164794921875,8.558563232421875,-0.43511962890625,-4.066925048828125
2023-05-03,18,3,296.0458374023437,293.6786193847656,0.469451904296875,1.162078857421875,18.75,91514.4375,268.6247863769531,283.0838623046875,294.4696655273437,0.0040995404124259,0.008518312126398,0.012756023555994,3.4631500244140625,1.1292877197265625,1.5699005126953125,8.023330688476562,-0.120697021484375,-2.211151123046875
2023-05-04,0,0,296.52362060546875,292.84228515625,0.8332366943359375,-0.162017822265625,142.0,91386.96875,269.20330810546875,282.6712341308594,292.0584716796875,0.0040407665073871,0.0075395964086055,0.0136346407234668,3.1175994873046875,2.607269287109375,2.7107086181640625,6.1074066162109375,3.4283905029296875,-1.6448822021484375
2023-05-04,6,1,301.6427001953125,291.5274963378906,-0.2848663330078125,-0.533233642578125,43.25,91524.75,269.30810546875,283.8041687011719,293.88116455078125,0.0041982419788837,0.0063398629426956,0.01289863884449,2.033172607421875,1.9085693359375,-0.485260009765625,8.5125732421875,3.6647796630859375,-0.9385833740234376
2023-05-04,12,2,301.08868408203125,291.607666015625,-0.33599853515625,-0.167205810546875,4.125,91126.46875,269.0403747558594,283.4642944335937,295.870849609375,0.0049011446535587,0.0082944966852664,0.0120006129145622,0.097503662109375,1.91046142578125,0.35174560546875,7.822097778320312,0.459930419921875,-1.3990478515625
2023-05-04,18,3,296.7274169921875,293.6376342773437,-1.4655609130859375,2.7371978759765625,399.5,91487.625,269.08953857421875,282.3736572265625,293.8385925292969,0.0055642277002334,0.0075174868106842,0.012814275920391,-1.8701324462890625,2.4979248046875,1.079345703125,4.73797607421875,0.2953338623046875,3.40728759765625
2023-05-05,0,0,296.31475830078125,293.8125,1.2695770263671875,0.9550933837890624,547.375,91285.46875,269.0253295898437,282.6724853515625,291.73931884765625,0.0055036507546901,0.0083876736462116,0.0141974724829196,-1.9207611083984373,0.1610107421875,6.046798706054688,6.8339385986328125,1.2787628173828125,1.62493896484375
2023-05-05,6,1,298.769775390625,293.0262451171875,1.9272613525390625,-1.2439422607421875,205.5,91468.96875,268.8231201171875,282.4325561523437,292.0167236328125,0.0043996572494506,0.0086128860712051,0.0140452049672603,-1.1009368896484375,-1.22357177734375,3.0139617919921875,6.309234619140625,0.66949462890625,-1.790069580078125
2023-05-05,12,2,300.8495788574219,291.59765625,0.6003570556640625,-0.4428558349609375,95.125,91174.1875,268.4735717773437,283.1698608398437,294.490478515625,0.004624918103218,0.0091668739914894,0.0129273049533367,0.9249420166015624,0.267181396484375,3.1405792236328125,2.24114990234375,0.966033935546875,-0.513427734375
2023-05-05,18,3,296.72821044921875,292.58428955078125,-1.3215789794921875,1.41455078125,166.875,91417.34375,268.7559814453125,283.7572021484375,293.162841796875,0.0048496685922145,0.0083599127829074,0.0127529017627239,1.4388885498046875,-0.227874755859375,2.2294158935546875,0.899017333984375,-0.9788360595703124,2.524398803710937
2023-05-06,0,0,296.364990234375,293.187744140625,1.374969482421875,0.87890625,56.5,91262.875,268.651611328125,283.22369384765625,292.52081298828125,0.0049817580729722,0.0080364532768726,0.0132487658411264,0.361297607421875,0.225738525390625,3.6179351806640634,-0.2351837158203125,0.1042633056640625,0.2826385498046875
2023-05-06,6,1,301.9970092773437,292.6972351074219,1.5835418701171875,-1.7326202392578125,66.375,91410.625,268.6092834472656,283.46307373046875,293.70587158203125,0.0049263685941696,0.0087299868464469,0.0135973244905471,-1.0909576416015625,-1.0993804931640625,2.270370483398437,-2.455551147460937,-1.1353759765625,-2.72894287109375
2023-05-06,12,2,298.8990478515625,293.1815185546875,0.1789093017578125,0.726654052734375,57.125,91108.25,269.38555908203125,283.39697265625,295.3363952636719,0.0051258020102977,0.010009579360485,0.0125082172453403,-1.619384765625,1.7932586669921875,2.303375244140625,-4.529266357421875,-3.66265869140625,-1.856964111328125
2023-05-06,18,3,295.74346923828125,294.1828918457031,0.2403411865234375,2.765899658203125,399.25,91469.375,268.7028503417969,283.37969970703125,291.9207458496094,0.005272302776575,0.0100566130131483,0.0136030241847038,-3.320465087890625,-0.26885986328125,5.062667846679688,-5.1410675048828125,-7.0626068115234375,2.6346588134765625
2023-05-07,0,0,295.57733154296875,294.2884216308594,2.3213348388671875,0.4544830322265625,274.125,91326.671875,268.4630432128906,283.1913146972656,292.50177001953125,0.0052911378443241,0.0099771209061145,0.0128612220287323,-5.149093627929688,-1.070465087890625,7.713516235351562,-4.5536651611328125,-3.939361572265625,-0.7228240966796875
2023-05-07,6,1,297.97003173828125,292.8900146484375,0.86444091796875,-2.25738525390625,103.875,91467.65625,268.6763916015625,284.33856201171875,294.0194091796875,0.0051806420087814,0.0079509280622005,0.012052621692419,-4.875274658203125,4.3374786376953125,0.913177490234375,-1.1390228271484375,-2.322967529296875,-5.6187286376953125
2023-05-07,12,2,299.1621398925781,293.0888671875,1.2677459716796875,0.5161895751953125,19.25,91152.671875,268.7308349609375,284.9212646484375,294.685546875,0.0052214004099369,0.0072653256356716,0.0112721100449562,-2.741485595703125,4.960372924804688,2.633636474609375,-2.31866455078125,-3.777069091796875,-4.94952392578125
2023-05-07,18,3,295.8248291015625,293.1953125,-0.927032470703125,1.2863006591796875,50.625,91411.890625,268.51812744140625,283.90545654296875,293.312744140625,0.0049715377390384,0.0090579241514205,0.0126274637877941,-2.55157470703125,-0.8931884765625,2.8762664794921875,-7.14593505859375,-6.1419219970703125,0.4506072998046875
2023-05-08,0,0,294.99981689453125,293.2026672363281,1.5302886962890625,-0.2209014892578125,4.125,91183.734375,268.44293212890625,285.0160827636719,293.3009033203125,0.0050157662481069,0.0086355954408645,0.0135063603520393,-3.7435455322265625,-2.805572509765625,4.40673828125,-3.467742919921875,-2.3234100341796875,-1.4310302734375
2023-05-08,6,1,301.2705078125,293.3733215332031,1.732086181640625,-1.9117584228515625,663.25,91351.578125,268.8332824707031,284.3729858398437,293.9156494140625,0.0048640444874763,0.0099840015172958,0.0148724727332592,-5.996307373046875,-2.320831298828125,2.476409912109375,-1.4428558349609375,-0.8302459716796875,-3.2189178466796875
2023-05-08,12,2,300.1635437011719,295.86798095703125,-2.1064453125,1.034149169921875,1130.125,91048.609375,269.7372436523437,284.5878295898437,295.0784606933594,0.0043523162603378,0.0100606977939605,0.0143818147480487,-5.352096557617188,-3.935256958007813,-3.1768798828125,-1.28485107421875,-1.8699188232421875,-1.322906494140625
2023-05-08,18,3,296.099853515625,294.7982482910156,2.150543212890625,0.515655517578125,374.375,91442.28125,269.273193359375,283.91552734375,293.0015869140625,0.0037737498059868,0.0092619396746158,0.0146678797900676,-8.2213134765625,-5.564865112304688,2.1832427978515625,-1.6905059814453125,0.592193603515625,0.1049957275390625
2023-05-09,0,0,296.07623291015625,294.4651794433594,1.09759521484375,-0.586944580078125,187.375,91288.921875,269.15020751953125,284.7496032714844,294.161865234375,0.0029210462234914,0.0078001879155635,0.0136102586984634,-8.253952026367188,-4.2077178955078125,1.63800048828125,-1.5820770263671875,0.8617401123046875,-0.2233428955078125
2023-05-09,6,1,302.1416015625,295.2518920898437,0.692047119140625,-1.69635009765625,1383.0,91412.328125,268.9322509765625,284.5509338378906,294.3427429199219,0.0024245411623269,0.0075512118637561,0.0155158191919326,-10.043441772460938,-4.0915069580078125,0.6869964599609375,1.6447296142578125,-0.859130859375,-2.714950561523437
2023-05-09,12,2,302.4330444335937,295.0341796875,-1.1620941162109375,0.18365478515625,2307.25,91120.78125,269.68389892578125,284.16229248046875,295.2475891113281,0.003451854456216,0.0100556164979934,0.015116598457098,-7.799591064453125,-3.4845428466796875,-2.64239501953125,-1.3517913818359375,-2.7613525390625,-2.159423828125
2023-05-09,18,3,297.0834350585937,295.6902770996094,1.8605499267578125,-0.4391021728515625,1000.25,91495.625,269.037353515625,283.9422302246094,293.0533142089844,0.0036219910252839,0.0093182697892189,0.0145045258104801,-6.615737915039063,-7.1612396240234375,-0.8504180908203125,-3.069854736328125,-3.1033172607421875,-1.1168670654296875
2023-05-10,0,0,296.8197021484375,295.05517578125,1.818084716796875,-0.84808349609375,555.375,91252.890625,268.781005859375,284.7900390625,294.22607421875,0.0029943468980491,0.007550410926342,0.0145712494850158,-4.7204437255859375,-2.7728424072265625,0.2838897705078125,-4.310516357421875,-2.0317840576171875,-2.176025390625
2023-05-10,6,1,303.2400207519531,294.3258972167969,-0.3961029052734375,-2.0398101806640625,675.75,91348.71875,269.3884582519531,285.54229736328125,295.4658203125,0.0014262173790484,0.0064164623618125,0.0144344605505466,-6.150909423828125,-5.035980224609375,-1.0061187744140625,-2.504425048828125,-4.583587646484375,-3.2782135009765625
2023-05-10,12,2,305.6194763183594,293.1164855957031,-0.97406005859375,-0.7147674560546875,277.25,91044.9375,269.76025390625,284.5990905761719,298.2216796875,0.0013009759131819,0.0086709074676036,0.0122475400567054,-3.617385864257813,-6.6363067626953125,-3.0009918212890625,-5.015670776367188,-4.845794677734375,-3.533920288085937
2023-05-10,18,3,298.40008544921875,294.8645324707031,-0.1121673583984375,1.3264617919921875,543.625,91393.078125,268.4329833984375,283.68853759765625,295.58544921875,0.0030238386243581,0.009075466543436,0.0134212858974933,-5.5326080322265625,-7.2072906494140625,-2.7165679931640625,-8.100692749023438,-5.512359619140625,3.592742919921875
2023-05-11,0,0,297.2582702636719,294.8627319335937,1.17828369140625,0.9510040283203124,962.375,91329.3125,270.2740478515625,283.99200439453125,294.518798828125,0.0016303893644362,0.0079295784235,0.0139107517898082,-4.984588623046875,-7.201217651367188,2.124130249023437,-5.29095458984375,-4.459716796875,3.1077880859375
2023-05-11,6,1,303.83770751953125,293.94195556640625,0.830108642578125,-1.7824859619140625,350.75,91399.0625,269.2178955078125,285.47418212890625,296.24658203125,0.0017797383479773,0.0066369958221912,0.0137529969215393,-5.9339447021484375,-5.185592651367188,0.722076416015625,-2.6957550048828125,-5.7540130615234375,-3.020843505859375
2023-05-11,12,2,303.655517578125,293.61236572265625,-1.055755615234375,-0.126861572265625,141.625,91177.859375,269.0467529296875,284.1436767578125,297.0582275390625,0.0038365779910236,0.0104931816458702,0.012479942291975,-2.698974609375,-4.404998779296875,-4.351898193359375,-4.56658935546875,-4.64898681640625,-2.84454345703125
2023-05-11,18,3,296.3055419921875,294.1932373046875,3.2475128173828125,-0.6469573974609375,984.25,91533.515625,268.7640380859375,283.85601806640625,294.44244384765625,0.0028486850205808,0.0095036849379539,0.012986235320568,-0.121917724609375,-4.85809326171875,2.1897125244140625,-7.223495483398437,-3.15167236328125,-0.5449371337890625
2023-05-12,0,0,296.0489501953125,294.0784912109375,1.6893463134765625,0.20709228515625,377.75,91400.1875,270.0108642578125,283.834228515625,295.7069702148437,0.000911854673177,0.0079897046089172,0.0103765800595283,-2.211822509765625,-2.516204833984375,1.493682861328125,-4.19732666015625,-5.2729034423828125,-0.365570068359375
2023-05-12,6,1,302.04205322265625,294.6745300292969,2.4013671875,-0.284912109375,526.75,91478.390625,270.0001220703125,284.70361328125,295.2784423828125,0.0010403878986835,0.0044818632304668,0.0141039714217185,-4.9120635986328125,-3.86248779296875,3.4354400634765625,-3.6362152099609375,-9.60321044921875,-0.8021392822265625
2023-05-12,12,2,304.0746459960937,294.00543212890625,0.5850830078125,0.816192626953125,5.5,91189.328125,270.8865051269531,283.2723999023437,297.9263610839844,0.0008801887743175,0.0084751285612583,0.0104831680655479,-0.8686981201171875,-3.629730224609375,0.63385009765625,-5.7680206298828125,-9.356674194335938,-0.7075042724609375
2023-05-12,18,3,298.4452514648437,294.8365478515625,2.3775634765625,1.857513427734375,281.5,91477.078125,269.9856262207031,283.4383850097656,295.82232666015625,0.0002730290871113,0.0087040290236473,0.0124717019498348,0.542327880859375,-6.43072509765625,6.983642578125,-3.837799072265625,-7.260910034179687,2.0384979248046875
2023-05-13,0,0,297.2724609375,295.6577453613281,3.06195068359375,1.6151580810546875,777.25,91403.765625,268.9612121582031,283.92120361328125,294.79315185546875,0.0004937995690852,0.0091722980141639,0.0127547122538089,0.6962890625,-4.4657745361328125,9.173599243164062,-5.6907806396484375,-8.729522705078125,1.4063568115234375
2023-05-13,6,1,301.91094970703125,295.4376220703125,4.401397705078125,-0.495147705078125,989.625,91578.53125,269.31182861328125,283.7356262207031,294.1624755859375,0.0008392594754695,0.008871704339981,0.0153005383908748,2.674667358398437,-2.733261108398437,6.79864501953125,-6.9884185791015625,-4.843017578125,-1.103271484375
2023-05-13,12,2,302.1312561035156,296.16632080078125,3.275497436523437,0.7548828125,1090.625,91314.015625,268.9511108398437,284.57049560546875,295.7283935546875,0.0007835163269191,0.0063790641725063,0.0147096812725067,2.804306030273437,1.246307373046875,6.426437377929688,-5.44500732421875,-8.853790283203125,-1.818145751953125
2023-05-13,18,3,297.40142822265625,295.4676208496094,3.426544189453125,1.16204833984375,353.875,91506.421875,269.7244567871094,285.6039733886719,295.4301147460937,0.0002746894024312,0.0052410885691642,0.0129445008933544,1.1263427734375,-2.2418212890625,8.748611450195312,-5.3480224609375,-10.255859375,-1.0424041748046875
2023-05-14,0,0,296.9125671386719,294.9437255859375,3.513519287109375,-0.060272216796875,381.25,91421.203125,269.8739013671875,284.8602905273437,294.574462890625,0.000441575422883,0.0044629648327827,0.0116791985929012,1.3513641357421875,-5.1812744140625,9.900680541992188,-7.581863403320312,-9.502349853515623,-3.002166748046875
2023-05-14,6,1,302.90875244140625,293.5126342773437,4.5341644287109375,-0.803466796875,526.625,91504.703125,270.13983154296875,285.49981689453125,294.6332397460937,0.0003497847355902,0.0042474046349525,0.0142177529633045,-0.4653167724609375,-5.851287841796875,7.244552612304687,-8.980804443359375,-7.535552978515625,-2.0851287841796875
2023-05-14,12,2,304.94256591796875,293.37353515625,1.4602813720703125,-1.0009002685546875,86.625,91135.890625,270.28485107421875,285.3333740234375,298.2662353515625,0.0002864080015569,0.0052662007510662,0.0117669813334941,-0.0616302490234375,-1.5675811767578125,3.7176513671875,-9.6265869140625,-5.39788818359375,-3.8463287353515625
2023-05-14,18,3,298.95831298828125,294.05133056640625,2.72698974609375,0.6155853271484375,233.625,91399.203125,270.5703430175781,284.96051025390625,296.7027587890625,0.0003640046343207,0.0043313279747962,0.0127121470868587,0.7107391357421875,-3.546112060546875,6.7594146728515625,-11.587539672851562,-3.3632354736328125,-1.1871337890625
2023-05-15,0,0,297.6374206542969,295.6482238769531,3.3281707763671875,0.9017486572265624,878.5,91386.59375,270.3333740234375,285.093017578125,295.3053283691406,0.0003166780807077,0.0034353490918874,0.0138886161148548,0.89013671875,-3.5297393798828125,8.454299926757812,-9.03607177734375,-0.519439697265625,0.1049957275390625
2023-05-15,6,1,303.448974609375,292.1409606933594,4.126876831054688,-0.3521881103515625,44.25,91570.75,269.54522705078125,284.8411865234375,295.1327514648437,0.0003794368822127,0.0040468014776706,0.0122427307069301,1.396026611328125,-3.947311401367188,6.430877685546875,-7.73297119140625,0.5431671142578125,-0.8789825439453125
2023-05-15,12,2,304.68707275390625,292.4878234863281,1.696685791015625,-0.5145111083984375,38.0,91251.578125,269.79595947265625,285.28253173828125,298.54669189453125,0.0003588644322007,0.0036034302320331,0.0111800543963909,1.87664794921875,-0.586090087890625,4.2496185302734375,-9.238082885742188,0.6039581298828125,-2.291122436523437
2023-05-15,18,3,298.54248046875,292.1084289550781,2.39324951171875,-0.123931884765625,55.25,91504.734375,269.3293151855469,284.49908447265625,296.27203369140625,0.0003527281805872,0.0045440271496772,0.0125977173447608,1.31268310546875,-4.05999755859375,5.598312377929688,-7.732986450195312,0.7681884765625,-4.490402221679688
2023-05-16,0,0,296.4767150878906,294.34228515625,1.826995849609375,-0.0753936767578125,391.5,91419.484375,269.5281982421875,283.84765625,296.35845947265625,0.0003213786985725,0.0048400126397609,0.01182347163558,0.6981353759765625,-1.7613677978515625,4.17718505859375,-8.975326538085938,0.4827117919921875,-1.597076416015625
2023-05-16,6,1,304.42071533203125,292.4481811523437,3.3150634765625,-0.9478607177734376,66.5,91645.03125,268.9058837890625,284.2467041015625,295.6473083496094,0.0003251766320317,0.0042059831321239,0.0122812837362289,-1.8602447509765625,-2.673858642578125,4.917236328125,-10.191986083984377,2.588836669921875,-1.790069580078125
2023-05-16,12,2,305.8110046386719,292.1517333984375,1.1574249267578125,-0.7722625732421875,0.0,91366.453125,269.88336181640625,283.74884033203125,298.7237548828125,0.0002982027363032,0.0075807459652423,0.0094010531902313,-1.96453857421875,-1.2325897216796875,2.673858642578125,-9.365081787109377,0.537109375,-2.5096588134765625
2023-05-16,18,3,298.70654296875,290.7742004394531,1.2413787841796875,-2.105255126953125,0.0,91564.625,270.4317626953125,283.85504150390625,297.71783447265625,0.0002592238597571,0.0084148645401,0.0090552754700183,-2.80780029296875,-6.323486328125,3.4915771484375,-7.3765869140625,0.5007781982421875,-3.86187744140625
2023-05-17,0,0,299.1612548828125,288.7490234375,1.3198394775390625,-2.0870819091796875,0.0,91455.515625,269.99859619140625,282.70587158203125,297.58990478515625,0.000180579139851,0.0084125958383083,0.00923702865839,-2.1225128173828125,-5.3955078125,1.419464111328125,-6.735321044921875,-0.474761962890625,-3.4088134765625
2023-05-17,6,1,305.4310607910156,290.205078125,0.3644561767578125,-1.8493194580078125,0.0,91633.75,270.41925048828125,283.4674072265625,297.3833312988281,0.0001828140229918,0.0078708566725254,0.0100765191018581,-2.06195068359375,-3.541839599609375,-0.0408935546875,-4.780532836914063,0.5782012939453125,-2.7181854248046875
2023-05-17,12,2,306.2450866699219,293.20819091796875,0.4023284912109375,-0.74639892578125,1.0,91365.671875,269.78912353515625,283.962646484375,299.9482421875,0.0003981943591497,0.0086753778159618,0.0089340358972549,-2.0763092041015625,-4.918014526367188,-0.622283935546875,-4.4873046875,-1.8487091064453125,-2.191558837890625
2023-05-17,18,3,298.8306884765625,291.72393798828125,0.4781646728515625,2.3846435546875,175.75,91676.46875,269.6224365234375,283.7767944335937,297.2671203613281,0.0001970244629774,0.0084185041487216,0.0110623240470886,-3.0489501953125,-2.9021759033203125,3.0764312744140625,-5.440719604492188,-4.43310546875,4.271331787109375
2023-05-18,0,0,298.5447692871094,294.9091186523437,1.679901123046875,-0.9178009033203124,356.5,91605.09375,269.3929443359375,282.88482666015625,296.0096435546875,0.0002200446615461,0.0077083781361579,0.011249653995037,-2.317611694335937,-2.70361328125,2.5136871337890625,-3.1849517822265625,-4.1108245849609375,0.05657958984375
2023-05-18,6,1,305.5157165527344,292.72528076171875,1.6560211181640625,-1.9838409423828125,56.375,91747.015625,269.28955078125,283.3032531738281,296.7801818847656,0.0002339879574719,0.0067975372076034,0.0113750509917736,-4.9117584228515625,-4.4915313720703125,2.0675048828125,-3.214828491210937,-2.415252685546875,-3.335357666015625
2023-05-18,12,2,304.10821533203125,291.1929931640625,0.537322998046875,-0.78765869140625,0.0,91424.3125,269.179931640625,283.7570495605469,299.8134155273437,0.0002242339105578,0.0087409503757953,0.0089121684432029,-3.6701812744140634,-2.104095458984375,0.6478118896484375,-1.45849609375,-6.098159790039063,-3.642303466796875
2023-05-18,18,3,298.3798217773437,290.67010498046875,0.6613006591796875,2.5979156494140625,124.875,91653.390625,269.3011474609375,284.2613220214844,297.23486328125,0.0005307416431605,0.0077204331755638,0.010541409254074,-6.2452239990234375,-3.646774291992188,3.936920166015625,-1.5485992431640625,-7.99017333984375,2.742828369140625
2023-05-19,0,0,297.4691772460937,293.89971923828125,1.8274383544921875,0.5224761962890625,766.5,91518.375,269.0521240234375,283.6415100097656,295.86700439453125,0.0016124879475682,0.0075273439288139,0.0123600177466869,-2.922348022460937,-3.991744995117188,3.93011474609375,-0.5130767822265625,-7.250411987304687,1.021728515625
2023-05-19,6,1,305.4482727050781,289.51763916015625,2.3881072998046875,-1.0993194580078125,49.75,91636.0625,269.4701843261719,283.9109191894531,297.1124572753906,0.0009350010659545,0.0076511688530445,0.0108040645718574,-4.025894165039063,-3.839675903320313,3.2995147705078125,-2.429473876953125,-5.374557495117188,-2.30523681640625
2023-05-19,12,2,306.896728515625,290.64068603515625,0.608154296875,0.0028533935546875,0.0,91287.140625,268.56219482421875,283.8731994628906,300.0563049316406,0.0011334128212183,0.008689034730196,0.0087814480066299,-2.032501220703125,-2.0943756103515625,0.46966552734375,-4.726287841796875,-5.1245880126953125,-1.8635406494140625
2023-05-19,18,3,299.3983154296875,294.3982849121094,1.9212188720703125,3.068954467773437,232.0,91504.25,269.13531494140625,284.13055419921875,295.8827819824219,0.000642190221697,0.0085332579910755,0.012101873755455,-5.3699493408203125,-3.000228881835937,5.2673187255859375,-5.011032104492188,-7.613006591796875,2.982635498046875
2023-05-20,0,0,297.66375732421875,295.412353515625,2.77264404296875,0.591278076171875,1562.25,91438.328125,268.608154296875,283.94122314453125,294.0595397949219,0.0007844676729291,0.0083802640438079,0.0120281986892223,-3.153060913085937,-4.2646484375,8.2113037109375,-1.020294189453125,-3.6702728271484375,-3.6010284423828125
2023-05-20,6,1,303.717529296875,293.3651123046875,2.4206695556640625,-1.4180450439453125,404.5,91558.625,268.5899963378906,284.2518005371094,295.0001525878906,0.0007189607713371,0.0080447383224964,0.0135000459849834,-2.8867340087890625,-4.2369537353515625,3.276229858398437,0.34039306640625,-3.5960235595703125,-2.5262908935546875
2023-05-20,12,2,305.1393737792969,292.8700561523437,-0.944183349609375,-0.914215087890625,435.0,91282.890625,268.9337158203125,284.4248046875,297.88897705078125,0.000795675907284,0.0092830918729305,0.0128767415881156,-0.989593505859375,-2.944808959960937,-0.8546905517578125,-2.7660369873046875,-3.777389526367188,-2.633651733398437
2023-05-20,18,3,297.6360778808594,293.67645263671875,0.476715087890625,2.2748260498046875,305.875,91586.609375,267.56646728515625,283.4800720214844,295.5850524902344,0.0034984925296157,0.0102363787591457,0.0127360373735427,-2.949066162109375,-5.055328369140625,-2.0384674072265625,-3.1922149658203125,-7.21795654296875,-0.8568267822265625
2023-05-21,0,0,296.7133178710937,294.5187683105469,1.7689208984375,-0.21649169921875,959.25,91432.3125,267.5131530761719,283.8966064453125,295.5068359375,0.0026646172627806,0.0078584514558315,0.0115983188152313,-1.6258697509765625,-8.051010131835938,0.4185791015625,-2.7315216064453125,-1.8018035888671875,-2.817962646484375
2023-05-21,6,1,302.9945068359375,294.1131591796875,1.077667236328125,-0.152862548828125,1246.125,91607.125,269.15972900390625,284.131103515625,295.1680603027344,0.0017255642451345,0.0079460479319095,0.0146053731441497,-3.3789825439453125,-6.409423828125,1.109283447265625,-0.853912353515625,-3.6423492431640634,-0.539215087890625
2023-05-21,12,2,299.924560546875,295.7146301269531,-1.6773681640625,-1.097564697265625,2634.25,91444.34375,268.9551086425781,284.5078125,294.6630249023437,0.0036307100672274,0.0095785595476627,0.015811376273632,-2.653656005859375,-3.971633911132813,-3.727981567382813,-3.825607299804688,-4.101043701171875,-2.929290771484375
2023-05-21,18,3,295.590087890625,294.0917358398437,1.9065093994140625,-0.3302001953125,1473.375,91673.203125,267.5173645019531,284.0585327148437,294.7514343261719,0.0035803876817226,0.0078537687659263,0.0143640264868736,-4.8404388427734375,-7.661407470703125,1.2025146484375,-4.96466064453125,-0.9652557373046876,1.400665283203125
2023-05-22,0,0,295.4262084960937,293.6888427734375,1.5087890625,0.548309326171875,932.0,91555.59375,267.204833984375,284.6292724609375,294.8617248535156,0.0030739614740014,0.0044387243688106,0.0134114548563957,-3.61968994140625,-6.790069580078125,2.2853240966796875,-0.365020751953125,-0.796112060546875,1.9048309326171875
2023-05-22,6,1,302.26953125,294.5788269042969,0.4651641845703125,-1.55999755859375,2017.625,91691.625,268.26715087890625,283.6607666015625,294.6065673828125,0.0022683241404592,0.0050966814160346,0.0153717659413814,-1.9395904541015625,-6.7833099365234375,0.4778900146484375,-1.6159820556640625,0.36138916015625,-2.2630615234375
2023-05-22,12,2,301.5557861328125,294.969482421875,-0.0631866455078125,1.4085845947265625,1395.5,91404.03125,267.97784423828125,283.96630859375,296.7378234863281,0.0023326971568167,0.0074744448065757,0.0143097341060638,-1.8839111328125,-5.7752685546875,-0.3067474365234375,-2.417343139648437,-0.593902587890625,0.243133544921875
2023-05-22,18,3,295.22967529296875,293.6044921875,1.243621826171875,1.9038848876953125,927.625,91716.84375,268.2814636230469,283.65118408203125,294.1766967773437,0.0032221851870417,0.0082580782473087,0.0141951516270637,-1.1096038818359375,-4.35577392578125,0.6255340576171875,-1.4068756103515625,-2.265655517578125,5.639678955078125
2023-05-23,0,0,296.4963073730469,294.7053527832031,1.6532135009765625,0.4154052734375,1035.125,91670.421875,267.5733642578125,283.1517944335937,294.550048828125,0.0028846722561866,0.0064468123018741,0.0120632648468017,0.42779541015625,-4.270233154296875,2.981918334960937,3.3080596923828125,1.17633056640625,2.24188232421875
2023-05-23,6,1,302.8818664550781,294.3666381835937,0.7587127685546875,-0.655487060546875,1454.875,91776.0625,267.73114013671875,284.1170654296875,294.5542297363281,0.0021635680459439,0.0048495922237634,0.0143492706120014,2.639877319335937,-3.7479248046875,0.6391448974609375,2.8375396728515625,1.3799591064453125,-1.2491912841796875
2023-05-23,12,2,304.1107788085937,293.4654846191406,-0.3385772705078125,0.5233612060546875,183.0,91406.71875,267.9027099609375,284.425537109375,296.5052795410156,0.0026345716323703,0.0068601891398429,0.012441623955965,2.834442138671875,-0.894775390625,-1.1722564697265625,-0.5971832275390625,-1.295196533203125,0.6979827880859375
2023-05-23,18,3,296.4254150390625,292.4805603027344,2.25933837890625,1.6793212890625,280.125,91654.15625,267.6593322753906,283.7432861328125,295.3651733398437,0.0027991922106593,0.0084274150431156,0.0122349821031093,3.1436920166015625,-2.946319580078125,2.423095703125,-1.3424530029296875,-4.258636474609375,4.21826171875
2023-05-24,0,0,296.21630859375,294.2431030273437,2.02056884765625,0.1750946044921875,881.0,91581.5625,267.74969482421875,283.9646911621094,293.764892578125,0.0024426537565886,0.0082909017801284,0.0129177272319793,3.404022216796875,-5.54278564453125,4.964202880859375,-1.1363067626953125,-1.3917083740234375,1.884735107421875
2023-05-24,6,1,302.1415405273437,293.6882629394531,2.639022827148437,0.241455078125,1182.0,91714.21875,267.403076171875,283.7855224609375,294.3087158203125,0.0028082600329071,0.0076047927141189,0.0145019330084323,2.23602294921875,-4.90325927734375,3.702835083007813,-0.428253173828125,-1.523162841796875,0.0538482666015625
2023-05-24,12,2,302.5793151855469,294.1959228515625,1.4808197021484375,0.797332763671875,503.125,91449.171875,268.515625,284.30133056640625,296.4584350585937,0.0034025176428258,0.0079376213252544,0.0130225494503974,2.9621734619140625,-1.6133270263671875,2.842391967773437,-2.2842559814453125,-0.5467376708984375,1.7886810302734375
2023-05-24,18,3,297.59576416015625,294.419189453125,2.765853881835937,1.2464599609375,965.125,91675.625,267.9213256835937,284.1141967773437,294.0778503417969,0.0030401195399463,0.0085408985614776,0.0135053843259811,-0.7983551025390625,-2.276092529296875,6.3615570068359375,-2.746673583984375,-2.19964599609375,-0.631378173828125
2023-05-25,0,0,296.9277648925781,295.1202392578125,2.76446533203125,0.105712890625,1331.0,91614.890625,268.2266845703125,283.41412353515625,293.9950561523437,0.0025203337427228,0.0092346593737602,0.0121873430907726,-0.787628173828125,-2.451690673828125,7.4039306640625,-4.380401611328125,1.315155029296875,-0.9848175048828124
2023-05-25,6,1,301.6386108398437,293.7474365234375,2.873748779296875,-0.9271392822265624,1227.0,91751.3125,268.32098388671875,283.2402038574219,293.72509765625,0.0025666065048426,0.0090508610010147,0.0147133432328701,-3.7408294677734375,-1.8835601806640625,4.38250732421875,-0.69537353515625,1.018646240234375,-1.643280029296875
2023-05-25,12,2,300.6066589355469,295.5777282714844,3.358551025390625,0.0191802978515625,1811.5,91599.171875,269.2325744628906,284.4467468261719,293.41748046875,0.0031314115040004,0.0083684846758842,0.0144814550876617,-1.640167236328125,-0.381439208984375,7.3071441650390625,-2.342071533203125,-1.0788421630859375,-0.878753662109375
2023-05-25,18,3,296.91827392578125,295.4539794921875,2.5952606201171875,1.1124267578125,1425.75,91691.9375,268.41619873046875,284.008056640625,294.2269897460937,0.0036619105376303,0.00882463529706,0.013489756733179,-1.4818115234375,-0.2125396728515625,5.9235687255859375,-2.79266357421875,-1.8121185302734373,-1.7325592041015625
2023-05-26,0,0,296.600830078125,294.6473999023437,3.248931884765625,0.1287994384765625,327.5,91654.890625,269.0399169921875,283.39715576171875,293.7479858398437,0.0023062534164637,0.008552711457014,0.0109812803566455,-1.27764892578125,0.1845703125,9.300888061523438,-3.4785308837890625,0.654327392578125,-1.7719879150390625
2023-05-26,6,1,302.03338623046875,292.91485595703125,3.958587646484375,-0.9931640625,411.5,91781.984375,269.02667236328125,282.9414367675781,293.89080810546875,0.0016163899563252,0.0088793523609638,0.0133579336106777,-2.028305053710937,0.586822509765625,6.2358245849609375,-0.3850860595703125,-1.3563690185546875,-1.8647003173828125
2023-05-26,12,2,303.1472473144531,293.0204467773437,2.024566650390625,-0.02105712890625,83.875,91525.921875,269.8450927734375,283.59832763671875,296.7320251464844,0.0012474351096898,0.0087820999324321,0.011708527803421,2.3307342529296875,0.3624725341796875,4.0333404541015625,-1.8889617919921875,-3.2853546142578125,-2.702865600585937
2023-05-26,18,3,297.3095397949219,294.1832580566406,2.905380249023437,1.419464111328125,677.375,91657.203125,270.2196960449219,284.8549194335937,295.2798156738281,0.0004404676146805,0.0077436175197362,0.0118124932050704,1.20880126953125,-0.610931396484375,5.208984375,-2.6631317138671875,-2.3534088134765625,-2.104827880859375
2023-05-27,0,0,296.1669616699219,294.9454040527344,2.603973388671875,-0.5157623291015625,679.875,91539.703125,270.337890625,283.7840270996094,294.4403686523437,0.0004685737658292,0.0087299346923828,0.0099689997732639,3.118133544921875,0.234832763671875,6.897064208984375,-3.775558471679688,0.4437103271484375,-3.030548095703125
2023-05-27,6,1,302.14508056640625,292.93865966796875,2.5624237060546875,-1.8387908935546875,351.0,91627.1875,270.35955810546875,283.29034423828125,294.0756530761719,0.0009986264631152,0.0090141594409942,0.0135131552815437,3.9422454833984375,-1.5973052978515625,3.63818359375,-4.34759521484375,0.8004913330078125,-3.0700836181640625
2023-05-27,12,2,302.6883239746094,293.6086120605469,1.3750152587890625,-0.8686676025390625,237.0,91363.546875,270.0201416015625,284.30352783203125,296.4928894042969,0.0009918154682964,0.0083454400300979,0.0127315931022167,5.8006591796875,-1.024688720703125,1.9700927734375,-6.364227294921875,-1.0218505859375,-2.5177154541015625
2023-05-27,18,3,298.7511291503906,293.8443603515625,1.86669921875,-0.654571533203125,34.875,91480.828125,270.651611328125,283.24005126953125,296.23260498046875,0.0012901604641228,0.0093379616737365,0.0115631334483623,4.87994384765625,-5.30877685546875,3.8012847900390634,-5.430206298828125,-2.8760528564453125,-3.3231201171875
2023-05-28,0,0,296.22216796875,293.7823181152344,1.710113525390625,-0.1898193359375,124.75,91364.875,270.6834716796875,283.796142578125,295.14227294921875,0.00108725996688,0.0067626759409904,0.0108831152319908,1.89129638671875,-2.3529205322265625,3.329986572265625,-7.048873901367188,-2.844818115234375,-3.057846069335937
2023-05-28,6,1,302.35284423828125,293.749755859375,2.031478881835937,-2.3573455810546875,670.875,91511.421875,270.3695068359375,283.5200500488281,295.0284423828125,0.0011432629544287,0.0070954151451587,0.0137197785079479,0.86968994140625,-4.339035034179688,2.66845703125,-6.9425048828125,-2.9897003173828125,-3.5846710205078125
2023-05-28,12,2,303.46441650390625,293.1622314453125,0.8014373779296875,-0.3349456787109375,267.25,91230.609375,268.5234375,284.54296875,297.83551025390625,0.0025785402394831,0.0074184313416481,0.0119333527982234,-0.0938568115234375,-1.820526123046875,1.6967315673828125,-3.83636474609375,-0.0428924560546875,-3.244857788085937
2023-05-28,18,3,298.2957763671875,293.65118408203125,-0.3987884521484375,1.7298431396484375,361.25,91507.828125,268.1907958984375,283.35009765625,295.538330078125,0.0024743489921092,0.0088884904980659,0.0126728061586618,-2.07208251953125,-2.241073608398437,1.86932373046875,0.6406097412109375,-5.653656005859375,1.0628662109375
2023-05-29,0,0,296.9186096191406,293.9945068359375,1.558837890625,0.104583740234375,665.25,91378.359375,267.7310791015625,283.2121276855469,295.845458984375,0.0018179737962782,0.009142518043518,0.0120544880628585,0.5498199462890625,-6.474365234375,0.1414947509765625,-0.79046630859375,-1.55816650390625,0.2241668701171875
2023-05-29,6,1,304.3108215332031,292.8338623046875,0.717742919921875,-2.0333251953125,500.25,91525.109375,268.16387939453125,283.3041076660156,296.13458251953125,0.0019371740054339,0.0081901215016841,0.0132627226412296,-0.2657012939453125,-5.931610107421875,0.6105194091796875,-0.71759033203125,0.891815185546875,-3.0553436279296875
2023-05-29,12,2,301.76629638671875,293.22467041015625,-0.684539794921875,0.426055908203125,211.5,91293.328125,268.1011047363281,284.17608642578125,297.3787841796875,0.0030536928679794,0.0097915828227996,0.0120891481637954,0.57666015625,-1.9352264404296875,-1.554901123046875,-0.8253021240234375,-1.069549560546875,1.2180023193359375
2023-05-29,18,3,297.9989624023437,293.8934020996094,0.0587158203125,-0.1702423095703125,477.5,91588.625,267.0276794433594,284.16229248046875,295.48016357421875,0.0038982084952294,0.0088457502424716,0.0124217830598354,0.5756378173828125,-2.4105377197265625,-1.6351776123046875,-2.884246826171875,-2.114288330078125,2.4340057373046875
2023-05-30,0,0,296.8191833496094,294.0932312011719,1.2339324951171875,0.7194671630859375,607.5,91428.46875,267.630615234375,284.183837890625,294.78826904296875,0.0033624989446252,0.0075503773987293,0.0130223408341407,-2.121734619140625,-4.674041748046875,2.52880859375,-3.700958251953125,0.038909912109375,3.780593872070313
2023-05-30,6,1,302.22998046875,293.34039306640625,2.306137084960937,-0.483856201171875,1226.25,91582.671875,268.3916931152344,283.5794982910156,294.363037109375,0.0031362564768642,0.0069572031497955,0.0150370560586452,-3.3424224853515625,-4.910446166992188,3.377166748046875,-4.2371826171875,0.678314208984375,-0.95062255859375
2023-05-30,12,2,299.25537109375,294.77313232421875,-0.8614501953125,-2.261810302734375,1651.75,91412.515625,268.0841064453125,284.3500061035156,294.685302734375,0.0040835291147232,0.0083166547119617,0.0146212689578533,-1.9523468017578125,-1.3125152587890625,2.1309051513671875,-3.12744140625,-2.4504547119140625,-5.3284912109375
2023-05-30,18,3,294.53082275390625,293.1706237792969,-0.003936767578125,0.823974609375,1118.25,91556.296875,268.08648681640625,284.1951904296875,294.98748779296875,0.0045136008411645,0.0075651109218597,0.0142877027392387,-2.4953155517578125,-1.708740234375,2.884735107421875,-3.0287017822265625,-2.489990234375,-1.710479736328125
2023-05-31,0,0,294.8574523925781,293.95050048828125,1.3220672607421875,0.3304901123046875,594.25,91456.0,267.5975341796875,283.78326416015625,294.0191650390625,0.0044122021645307,0.0088406093418598,0.013173334300518,-1.2610931396484375,-3.258148193359375,1.8885955810546875,-3.472991943359375,-3.42041015625,0.61376953125
2023-05-31,6,1,301.5346374511719,294.4888000488281,1.97833251953125,-0.6900634765625,1417.5,91538.375,269.2237243652344,283.3241271972656,294.19891357421875,0.0039120092988014,0.009390939027071,0.0153492614626884,-4.000762939453125,-1.887237548828125,2.7260284423828125,-2.3302459716796875,-2.838531494140625,-1.409027099609375
2023-05-31,12,2,303.0623779296875,295.15313720703125,0.6826171875,0.1169586181640625,332.0,91187.9375,269.329345703125,284.254150390625,296.6617431640625,0.0041723735630512,0.0087308287620544,0.0133426785469055,-3.2890167236328125,-1.9780120849609373,0.808074951171875,-2.504623413085937,-3.455108642578125,-0.6812744140625
2023-05-31,18,3,297.27587890625,295.34234619140625,2.0237274169921875,0.6412506103515625,299.25,91519.578125,268.0390014648437,284.1708068847656,294.6044616699219,0.0044591873884201,0.0089605711400508,0.013247687369585,-3.123748779296875,-6.126998901367188,2.6555633544921875,-4.0357818603515625,-4.319381713867188,2.2705078125
2023-06-01,0,0,295.78619384765625,294.406005859375,1.6040802001953125,0.4669189453125,763.25,91349.453125,268.2714233398437,284.1689453125,294.8886108398437,0.0035240999422967,0.0068774335086345,0.0126031190156936,-2.1687469482421875,-7.3264007568359375,1.6307525634765625,-3.965789794921875,-1.5428619384765625,1.640625
2023-06-01,6,1,302.2249755859375,294.79058837890625,2.995391845703125,-0.2367706298828125,2629.25,91499.734375,269.6176452636719,284.5797119140625,293.6844177246094,0.0032177257817238,0.0063886269927024,0.0157786272466182,-2.128265380859375,-6.5119171142578125,4.409957885742188,1.625518798828125,-3.35992431640625,-0.83514404296875
2023-06-01,12,2,301.6378173828125,295.18035888671875,1.8748779296875,-0.3933258056640625,1476.25,91247.15625,268.9168395996094,284.79510498046875,295.4110717773437,0.0037377343978732,0.0080213174223899,0.0155565254390239,-1.7930755615234375,-2.1129150390625,3.9925689697265625,-2.5060272216796875,-2.349853515625,-1.237548828125
2023-06-01,18,3,296.4571533203125,294.5845642089844,2.32958984375,0.604400634765625,716.25,91568.140625,268.50164794921875,284.8895263671875,293.35546875,0.0044990144670009,0.0084250532090663,0.0150023885071277,-1.1147003173828125,-4.094940185546875,5.658126831054688,-3.0928497314453125,-3.439315795898437,-3.39166259765625
2023-06-02,0,0,295.85467529296875,294.7577514648437,2.792938232421875,0.0974578857421875,436.5,91428.28125,267.2553100585937,283.6451416015625,294.0728759765625,0.004839789122343,0.0097045004367828,0.0130372457206249,-0.0349884033203125,-5.398956298828125,6.7919769287109375,-4.940032958984375,-3.529449462890625,-1.45062255859375
2023-06-02,6,1,301.1692199707031,294.5787048339844,3.3990936279296875,-1.752716064453125,731.5,91615.4375,267.75567626953125,284.30780029296875,294.3148803710937,0.0046116504818201,0.0081623718142509,0.0126637257635593,-0.158172607421875,-7.52734375,7.2626495361328125,-3.1797637939453125,-4.999801635742188,-5.669601440429688
2023-06-02,12,2,304.0894470214844,293.7458190917969,1.5477142333984375,-1.8916015625,525.75,91273.515625,268.5469055175781,285.2176513671875,296.7767333984375,0.0041696205735206,0.0060087591409683,0.0132327377796173,2.827255249023437,-5.6510162353515625,3.0372772216796875,-3.97625732421875,-2.9212646484375,-5.1449127197265625
2023-06-02,18,3,297.5201416015625,294.790283203125,2.35015869140625,1.445037841796875,292.5,91470.78125,268.53326416015625,284.15936279296875,296.2978515625,0.0031323116272687,0.0071846470236778,0.0131958834826946,2.273773193359375,-4.576873779296875,4.032440185546875,-4.18017578125,-3.4768829345703125,-2.0165557861328125
2023-06-03,0,0,296.817138671875,295.5306701660156,2.4591064453125,0.6504974365234375,1287.5,91393.9375,267.9450378417969,284.30712890625,295.2120666503906,0.0022641981486231,0.0080595985054969,0.0133670344948768,-0.529937744140625,-5.06207275390625,5.189422607421875,-3.850921630859375,-4.3926544189453125,-0.316864013671875
2023-06-03,6,1,302.28057861328125,294.771484375,2.1775054931640625,-1.9442138671875,1469.5,91545.640625,269.574951171875,284.39361572265625,294.65008544921875,0.0013990977313369,0.0073357112705707,0.0153637342154979,3.790374755859375,-6.091583251953125,2.976318359375,0.3955535888671875,-2.1164093017578125,-3.2299041748046875
2023-06-03,12,2,304.615966796875,295.296630859375,0.734649658203125,-0.3419952392578125,186.5,91206.359375,268.9848937988281,285.3785400390625,298.6381530761719,0.0010402884799987,0.0067530423402786,0.0110766142606735,4.4966888427734375,-4.1523284912109375,1.4005889892578125,-4.708023071289063,-1.696136474609375,-3.687042236328125
2023-06-03,18,3,298.3205261230469,295.00567626953125,3.1419677734375,1.36602783203125,837.75,91454.0,267.9958801269531,283.99432373046875,296.5145263671875,0.0011145540047436,0.0081744045019149,0.0129172056913375,0.2779693603515625,-5.943878173828125,7.0450286865234375,-5.726119995117188,-3.4206695556640625,0.0260772705078125
2023-06-04,0,0,296.393798828125,294.80828857421875,2.001449584960937,0.20782470703125,728.25,91340.5,267.73699951171875,283.68994140625,295.4901428222656,0.0025185928680002,0.0089578330516815,0.0117756612598896,-4.3571624755859375,-2.0390167236328125,6.862106323242188,-3.5595855712890625,-0.34625244140625,-1.32159423828125
2023-06-04,6,1,300.2882080078125,293.0068359375,3.677215576171875,-2.2649688720703125,154.5,91659.015625,267.5089111328125,282.85040283203125,292.5839538574219,0.0042961221188306,0.0093204118311405,0.013478584587574,-2.25274658203125,-0.7263336181640625,6.116134643554688,-3.026519775390625,0.8115692138671875,-3.761764526367188
2023-06-04,12,2,302.21826171875,294.04937744140625,2.2506866455078125,-1.9289398193359373,549.75,91185.625,269.08575439453125,285.25128173828125,296.2391052246094,0.0026738145388662,0.0058038793504238,0.0143310576677322,2.5295562744140625,1.4555816650390625,4.492340087890625,-1.7603759765625,1.59857177734375,-4.057403564453125
2023-06-04,18,3,297.85614013671875,294.0694580078125,1.9402923583984373,1.039306640625,450.5,91433.703125,266.7816772460937,284.88641357421875,295.538818359375,0.0032516212668269,0.0070696398615837,0.0131521113216876,-2.2248687744140625,1.0263519287109375,5.4132843017578125,-3.3420562744140625,-2.34906005859375,-1.125701904296875
2023-06-05,0,0,297.1158142089844,294.65643310546875,2.407989501953125,1.09759521484375,367.75,91310.46875,267.3905639648437,285.0564270019531,294.7074584960937,0.0021999378222972,0.0065953135490417,0.0129248984158039,1.363677978515625,-0.3575897216796875,5.235885620117188,-4.462417602539063,0.2663726806640625,-0.56402587890625
2023-06-05,6,1,302.01373291015625,293.981689453125,3.8175201416015625,-1.200408935546875,449.0,91444.796875,269.504638671875,284.4554443359375,294.1263732910156,0.0015860295388847,0.0071057714521884,0.014522198587656,0.2254486083984375,2.0761260986328125,5.692108154296875,-1.0588836669921875,1.217041015625,-2.21319580078125
2023-06-05,12,2,304.27081298828125,293.37957763671875,1.80377197265625,-0.5422515869140625,519.25,91163.265625,269.57305908203125,284.7381591796875,296.6123046875,0.0019911176059395,0.0077980570495128,0.013038482517004,0.031890869140625,4.2603912353515625,4.752716064453125,-2.436676025390625,-1.754730224609375,-1.979095458984375
2023-06-05,18,3,298.0286560058594,293.07891845703125,3.849807739257813,0.6370849609375,116.25,91451.28125,268.5048828125,284.5093688964844,293.7080078125,0.0019667237065732,0.0072538927197456,0.0135002583265304,-0.7169036865234375,3.2597808837890625,9.5960693359375,-3.6895599365234375,-3.035858154296875,-0.95428466796875
2023-06-06,0,0,296.7976379394531,293.293701171875,3.12701416015625,0.457977294921875,18.0,91339.234375,269.0755310058594,283.78338623046875,294.6231994628906,0.0021466051694005,0.0072195418179035,0.0110055394470691,-0.4609375,1.69610595703125,10.507766723632812,-1.2443084716796875,-5.290817260742188,-1.9070587158203125
2023-06-06,6,1,303.13397216796875,293.14862060546875,3.475555419921875,-2.329254150390625,274.5,91395.90625,269.2283020019531,284.8303527832031,294.83270263671875,0.0017226268537342,0.0052024200558662,0.0140276215970516,3.356781005859375,1.171722412109375,5.3377838134765625,-1.52642822265625,-3.248931884765625,-3.82952880859375
2023-06-06,12,2,303.970703125,293.64263916015625,2.208251953125,-1.04351806640625,219.0,91099.828125,270.1260986328125,285.0162353515625,296.8180236816406,0.001228287583217,0.0075416639447212,0.0133600309491157,7.372406005859375,1.618896484375,3.97711181640625,-3.4625396728515625,-2.165756225585937,-2.39892578125
2023-06-06,18,3,298.5195617675781,294.1299743652344,3.462799072265625,0.7069244384765625,355.75,91380.390625,268.27685546875,285.29180908203125,295.20751953125,0.0013616448268294,0.0073485374450683,0.0129286535084247,4.986114501953125,1.1972503662109375,7.823928833007812,-5.041183471679688,-2.0618438720703125,-0.2702178955078125
2023-06-07,0,0,296.6747436523437,294.8984680175781,3.7492523193359375,0.3202056884765625,522.0,91276.03125,269.40240478515625,284.294677734375,294.81793212890625,0.0008968720212578,0.0082334652543067,0.0119114257395267,6.7266387939453125,0.2524566650390625,9.149917602539062,-5.0734405517578125,-2.158432006835937,-0.2378082275390625
2023-06-07,6,1,301.5190124511719,293.8075561523437,4.47344970703125,0.475982666015625,560.0,91396.0625,269.59429931640625,284.0253601074219,294.5401611328125,0.000765596050769,0.0086754336953163,0.0145373456180095,2.584945678710937,-0.9973907470703124,6.9224853515625,-4.385101318359375,-1.343902587890625,0.5434417724609375
2023-06-07,12,2,304.718017578125,292.0332336425781,2.037109375,-0.515289306640625,193.75,91087.15625,269.59014892578125,284.7181701660156,297.4290771484375,0.0005002119578421,0.0079923123121261,0.0130002908408641,0.9224395751953124,1.7047576904296875,5.320343017578125,-4.6888275146484375,-1.496917724609375,-1.66552734375
2023-06-07,18,3,297.3403625488281,294.1220397949219,4.5037994384765625,1.0160369873046875,129.0,91510.609375,268.11236572265625,284.69940185546875,293.20068359375,0.0011910358443856,0.0085433647036552,0.0128656439483165,-0.5529632568359375,-1.51568603515625,12.935150146484377,-4.264007568359375,-2.1404266357421875,0.640838623046875
2023-06-08,0,0,296.47088623046875,294.16363525390625,3.4644775390625,0.154449462890625,104.25,91407.9375,269.22186279296875,283.9945373535156,293.9921569824219,0.001165168127045,0.0088332667946815,0.0116202756762504,-0.6633148193359375,0.150604248046875,10.104339599609377,-3.5917205810546875,0.2422027587890625,-1.9337310791015625
2023-06-08,6,1,302.6732177734375,293.3895874023437,4.3446197509765625,-0.649078369140625,382.25,91417.015625,269.7437744140625,284.9484558105469,294.29754638671875,0.0018169048707932,0.0078749135136604,0.0143359415233135,-1.7413482666015625,2.0068511962890625,6.6480712890625,-0.70330810546875,-0.21636962890625,-1.4234466552734375
2023-06-08,12,2,303.2490234375,293.13623046875,3.0457763671875,-0.05230712890625,174.5,91108.140625,269.9108581542969,284.9052124023437,296.9847717285156,0.0019991709850728,0.0080556981265544,0.0133280605077743,-0.0179443359375,4.001556396484375,6.7512054443359375,-3.0721588134765625,-2.7199859619140625,-1.3123016357421875
2023-06-08,18,3,297.2651672363281,293.4765625,4.136260986328125,0.8771820068359375,115.0,91429.5,268.8215026855469,284.8269348144531,293.047119140625,0.0036757453344762,0.0082889981567859,0.0130786076188087,-1.205413818359375,2.451995849609375,12.44677734375,-3.960159301757813,-3.5861053466796875,-0.6342620849609375
2023-06-09,0,0,296.7116394042969,294.447509765625,3.2733306884765625,0.134033203125,120.75,91251.9375,267.76031494140625,285.29168701171875,294.4905090332031,0.0045986250042915,0.008122980594635,0.0112042725086212,2.1389312744140625,0.220489501953125,10.392074584960938,-3.801315307617188,-3.060775756835937,-2.991806030273437
2023-06-09,6,1,302.21759033203125,293.6491394042969,5.110809326171875,0.505218505859375,390.5,91281.96875,268.6029052734375,284.8223571777344,294.8236083984375,0.0037334128282964,0.0087838806211948,0.0141839534044265,2.1659393310546875,-0.477691650390625,8.05780029296875,-3.2661895751953125,-3.550521850585937,0.4608154296875
2023-06-09,12,2,304.0072937011719,292.7904052734375,3.735305786132813,0.1318817138671875,14.5,91046.71875,268.6161193847656,284.5572204589844,296.8280029296875,0.0035425538662821,0.0083102136850357,0.011961318552494,2.87359619140625,3.2386932373046875,8.42901611328125,-3.954666137695313,-1.466888427734375,-0.1406097412109375
2023-06-09,18,3,296.7262878417969,293.10552978515625,4.415069580078125,1.12103271484375,0.0,91300.515625,269.17633056640625,285.4324035644531,292.5399169921875,0.0028787492774426,0.0076944902539253,0.0127037949860095,0.773345947265625,2.639984130859375,13.962356567382812,-3.9823150634765625,-1.7499542236328125,1.82196044921875
2023-06-10,0,0,296.394287109375,293.8905639648437,4.00396728515625,1.3578338623046875,89.0,91200.828125,267.8715515136719,284.96026611328125,291.3316955566406,0.0023412914015352,0.0070431306958198,0.0141996815800666,3.3766632080078125,0.908050537109375,14.34649658203125,-3.0611572265625,-1.607391357421875,4.024200439453125
2023-06-10,6,1,299.9509582519531,293.08660888671875,6.4135589599609375,1.3111572265625,334.0,91244.46875,269.8143310546875,284.97479248046875,294.6656799316406,0.0020007123239338,0.0072341039776802,0.0142996534705162,0.7401275634765625,2.97882080078125,10.245712280273438,-3.141708374023437,-0.238861083984375,1.8726806640625
2023-06-10,12,2,300.6484069824219,293.335205078125,4.97943115234375,2.048202514648437,70.25,91101.515625,268.8841552734375,284.1116943359375,294.4360046386719,0.0037537144962698,0.0090455338358879,0.0135339051485061,0.5028839111328125,6.05780029296875,12.166107177734377,-1.60284423828125,-2.0315704345703125,3.104583740234375
2023-06-10,18,3,296.1294860839844,292.5699462890625,3.768264770507813,0.2882080078125,2.0,91319.015625,268.6573791503906,286.4952392578125,292.08270263671875,0.0037479747552424,0.0066277328878641,0.012747649103403,1.9856109619140625,4.47900390625,14.1719970703125,-1.4546661376953125,-0.059356689453125,0.2637481689453125
2023-06-11,0,0,296.409423828125,294.2093505859375,3.822219848632813,0.2464599609375,99.75,91202.109375,268.2826232910156,285.78521728515625,291.09747314453125,0.0037176576443016,0.0065743066370487,0.0146055407822132,2.436431884765625,2.5363311767578125,14.333038330078123,-0.1722869873046875,-0.8353424072265625,0.49737548828125
2023-06-11,6,1,301.43658447265625,292.71405029296875,6.22149658203125,0.71502685546875,30.5,91263.046875,269.3353881835937,285.5726318359375,294.69854736328125,0.0040889261290431,0.0076619200408458,0.0134944729506969,3.625396728515625,4.370132446289063,11.0009765625,-2.34521484375,0.9369049072265624,1.1422576904296875
2023-06-11,12,2,301.4232177734375,293.04736328125,4.725753784179688,0.895172119140625,44.75,91062.984375,269.1756591796875,284.7882080078125,294.1409912109375,0.004811093211174,0.0089886263012886,0.0140610374510288,3.867523193359375,7.360275268554687,10.92279052734375,-1.639923095703125,-1.25341796875,1.4122161865234375
2023-06-11,18,3,296.4505920410156,293.2646179199219,3.2978973388671875,0.81451416015625,0.0,91293.4375,269.0182800292969,285.91949462890625,292.89703369140625,0.0049085989594459,0.0074347183108329,0.0122334063053131,4.7632904052734375,6.147018432617188,10.725372314453123,-2.863388061523437,0.603424072265625,0.5479888916015625
2023-06-12,0,0,296.47119140625,294.4975891113281,3.2254791259765625,0.6387939453125,0.25,91176.171875,268.467529296875,285.7510681152344,292.2489013671875,0.0042560212314128,0.0067882910370826,0.0133775919675827,4.75067138671875,4.3935394287109375,10.634796142578123,-0.8264923095703125,0.3221893310546875,0.2930755615234375
2023-06-12,6,1,301.4425354003906,293.0097961425781,4.992340087890625,0.998870849609375,17.25,91258.765625,268.89508056640625,285.3515625,294.4019470214844,0.0038044636603444,0.0068723708391189,0.0137111600488424,2.580841064453125,1.5359954833984375,7.7778472900390625,-2.1357421875,0.76226806640625,1.3112945556640625
2023-06-12,12,2,301.04888916015625,293.77862548828125,3.362167358398437,2.312118530273437,258.5,91077.671875,269.05889892578125,284.106201171875,294.7964172363281,0.0042343400418758,0.0102356038987636,0.0136668384075164,1.0687255859375,4.6389007568359375,11.060073852539062,-2.822174072265625,-2.6295623779296875,2.97528076171875
2023-06-12,18,3,295.9051208496094,293.48095703125,3.4806060791015625,0.9063720703125,18.75,91372.546875,269.18804931640625,284.7132263183594,292.5941162109375,0.0045411847531795,0.0091395042836666,0.0130203589797019,2.6265869140625,1.8959503173828125,11.378341674804688,-1.02862548828125,-0.2010345458984375,-0.740142822265625
2023-06-13,0,0,296.3609619140625,294.09356689453125,3.49334716796875,0.4013671875,9.75,91185.78125,269.7528686523437,285.5491027832031,292.5075988769531,0.0033636903390288,0.0071535184979438,0.0127300508320331,-0.602386474609375,-0.423492431640625,10.569915771484377,-1.558502197265625,0.786407470703125,-2.095703125
2023-06-13,6,1,302.29058837890625,292.847412109375,4.8403167724609375,0.368438720703125,0.25,91311.15625,269.29156494140625,284.7257385253906,294.4437255859375,0.0035601358395069,0.0074165873229503,0.0133055672049522,-0.8070526123046875,1.617950439453125,7.4379730224609375,-0.8411712646484375,0.6317596435546875,0.4527435302734375
2023-06-13,12,2,301.2861328125,293.02783203125,3.739593505859375,1.52764892578125,119.0,91132.578125,269.2752990722656,283.9217834472656,294.6903381347656,0.0037990456912666,0.0099010057747364,0.0135661959648132,-1.536346435546875,4.0426177978515625,9.335006713867188,-1.5668182373046875,-2.6075439453125,0.94110107421875
2023-06-13,18,3,297.07049560546875,293.14373779296875,4.079925537109375,0.11376953125,48.0,91461.859375,267.8895874023437,284.7312927246094,293.006103515625,0.0043790936470031,0.0087761841714382,0.0125950872898101,0.6074676513671875,2.1563873291015625,11.530441284179688,-0.243316650390625,-0.9312286376953124,-2.8349761962890625
2023-06-14,0,0,296.26959228515625,294.1420288085937,3.562591552734375,-0.06488037109375,4.0,91320.046875,268.5889892578125,284.6839599609375,292.57830810546875,0.0036237461026757,0.0079889111220836,0.0115908160805702,-0.156158447265625,1.2437286376953125,12.060836791992188,0.2450714111328125,0.350677490234375,-3.82940673828125
2023-06-14,6,1,301.9838256835937,292.15252685546875,5.816207885742188,0.223052978515625,0.0,91508.6875,268.1710205078125,284.7882995605469,294.43902587890625,0.0036917182151228,0.0065217167139053,0.0125317499041557,-0.972808837890625,3.959518432617188,9.406143188476562,-0.6870574951171875,0.4655303955078125,0.0495758056640625
2023-06-14,12,2,303.263427734375,292.044677734375,4.053756713867188,-0.6264495849609375,7.25,91286.828125,268.9593505859375,284.0877685546875,295.69195556640625,0.0031941230408847,0.0085753202438354,0.0125785842537879,-0.1607513427734375,7.27532958984375,7.8339385986328125,-0.33477783203125,-3.0449981689453125,-1.9339141845703125
2023-06-14,18,3,297.0723876953125,292.94903564453125,3.838912963867188,0.362457275390625,214.625,91497.15625,267.9713134765625,285.3744506835937,293.3792419433594,0.003600934986025,0.0067826509475708,0.0132001675665378,0.25091552734375,6.267669677734375,9.634674072265623,1.6974639892578125,-3.1885528564453125,-3.43316650390625
2023-06-15,0,0,296.5531921386719,294.092041015625,3.0182647705078125,-0.3847503662109375,187.0,91383.109375,267.276611328125,285.3382568359375,292.21270751953125,0.0037606130354106,0.0053418949246406,0.0124603174626827,2.2296295166015625,4.187835693359375,10.724945068359377,0.5985870361328125,-1.771484375,-4.224273681640625
2023-06-15,6,1,302.5902099609375,292.30438232421875,4.870269775390625,-1.027923583984375,0.0,91546.84375,269.0103759765625,284.79559326171875,294.039794921875,0.0030131733510643,0.0045933276414871,0.0129766725003719,3.2119140625,2.748809814453125,7.442718505859375,-2.3285369873046875,-1.056976318359375,-1.7367095947265625
2023-06-15,12,2,304.7821960449219,291.2720642089844,3.345443725585937,-1.482635498046875,0.0,91217.375,269.9122314453125,284.6400146484375,296.881591796875,0.0015296041965484,0.0069785602390766,0.0118351988494396,2.0756988525390625,4.420333862304688,6.0782012939453125,-3.19134521484375,-2.634872436523437,-3.319122314453125
2023-06-15,18,3,298.67730712890625,293.34539794921875,3.6016082763671875,-0.420806884765625,75.125,91491.4375,269.04705810546875,284.7851867675781,293.689697265625,0.001534711336717,0.0079811103641986,0.0137104727327823,1.77947998046875,2.017608642578125,8.427658081054688,-1.6915740966796875,0.7321624755859375,-4.191070556640625
2023-06-16,0,0,296.8946533203125,294.0172424316406,2.888656616210937,-0.6441192626953125,83.5,91313.265625,269.4632568359375,284.357177734375,293.3023681640625,0.0016074562445282,0.0061248987913131,0.0118436403572559,1.3299407958984375,1.886444091796875,9.081863403320312,-1.7622222900390625,-0.4458770751953125,-4.32769775390625
2023-06-16,6,1,302.6493530273437,291.76141357421875,4.524185180664063,0.1045379638671875,0.0,91411.078125,270.0220947265625,284.29345703125,294.40093994140625,0.001513501163572,0.0054013431072235,0.0126907117664814,-0.844207763671875,1.2219085693359375,6.93975830078125,-4.079010009765625,0.0495452880859375,-0.156585693359375
2023-06-16,12,2,304.6385803222656,290.0924072265625,3.2035064697265625,0.3455657958984375,0.0,91083.671875,270.7504272460937,283.69390869140625,298.09881591796875,0.0014891729224473,0.0077228657901287,0.0108031556010246,-1.195037841796875,2.768310546875,6.2076416015625,-4.3104095458984375,-2.730575561523437,-0.3634033203125
2023-06-16,18,3,297.6044921875,292.6719055175781,4.1465606689453125,0.1335296630859375,0.0,91438.609375,270.1937255859375,284.3445129394531,292.94268798828125,0.0013778775464743,0.0074322447180747,0.012731160968542,-1.018951416015625,-1.645050048828125,11.41912841796875,-1.290069580078125,1.6027984619140625,-3.8948974609375
2023-06-17,0,0,296.67645263671875,293.97320556640625,3.1275787353515625,-0.8595733642578125,1.25,91327.921875,269.60406494140625,283.5299072265625,293.8855895996094,0.0012124038767069,0.0077619478106498,0.0106380209326744,-0.3759918212890625,-0.0201263427734375,9.747543334960938,-1.3472900390625,1.327667236328125,-6.1978607177734375
2023-06-17,6,1,301.7357788085937,292.384521484375,3.999313354492188,-1.03857421875,36.0,91404.953125,269.5059814453125,284.3114624023437,294.8163757324219,0.0010793607216328,0.0055091679096221,0.0129517838358879,-0.1956329345703125,2.635894775390625,6.073516845703125,-2.5802764892578125,-1.065216064453125,-2.062255859375
2023-06-17,12,2,304.4611511230469,290.47021484375,2.890167236328125,-1.221099853515625,18.125,91160.078125,268.2088623046875,284.31378173828125,297.5362548828125,0.0009288459550589,0.0072998590767383,0.0113721080124378,0.4493408203125,2.167953491210937,5.2308197021484375,-2.8292388916015625,-3.1298828125,-3.02362060546875
2023-06-17,18,3,297.7318115234375,293.4908447265625,4.089019775390625,0.2505035400390625,284.375,91446.8125,268.0888061523437,283.5528564453125,292.7252502441406,0.0029035091865807,0.0098359063267707,0.0138459950685501,-1.6291351318359375,1.2518310546875,10.633804321289062,-6.6298370361328125,-2.95556640625,-2.561996459960937
2023-06-18,0,0,297.015625,293.5508728027344,3.4327392578125,-0.809112548828125,155.25,91296.09375,268.3148193359375,283.583740234375,291.5617370605469,0.0044511929154396,0.0100825950503349,0.0141904950141906,-5.227462768554688,2.8369903564453125,11.2596435546875,-4.268402099609375,-0.56561279296875,-5.0060577392578125
2023-06-18,6,1,299.62176513671875,292.1231994628906,3.99066162109375,-1.3588409423828125,335.125,91447.984375,268.22235107421875,283.5240173339844,292.388671875,0.0046834293752908,0.0089868754148483,0.014645978808403,-6.9613189697265625,5.5472564697265625,6.837890625,-1.5251007080078125,-3.20098876953125,-2.5202178955078125
2023-06-18,12,2,299.45672607421875,295.0772705078125,3.3986358642578125,-0.28570556640625,257.875,91189.453125,268.9028625488281,284.0267028808594,293.7998046875,0.0045108050107955,0.009119689464569,0.0133367627859115,-2.5296173095703125,1.3570098876953125,7.384521484375,-3.06280517578125,-2.943359375,-3.141143798828125
2023-06-18,18,3,296.20172119140625,294.23760986328125,3.392562866210937,0.117401123046875,298.125,91361.59375,268.57489013671875,284.19195556640625,292.3759765625,0.0052608624100685,0.0087309814989566,0.014328084886074,-5.197906494140625,-0.9563140869140624,9.764968872070312,-5.2092132568359375,-1.823455810546875,-3.3507080078125
2023-06-19,0,0,295.36651611328125,293.3152160644531,3.3018341064453125,-0.4325714111328125,129.75,91236.234375,268.6005859375,283.7237854003906,292.30328369140625,0.0042887106537818,0.008813165128231,0.0131564103066921,-7.359939575195312,-0.8193817138671875,10.094436645507812,-3.889083862304688,-1.018341064453125,-6.896148681640625
2023-06-19,6,1,301.2622375488281,292.3583984375,2.496444702148437,-1.069732666015625,354.625,91335.875,268.69384765625,283.723388671875,293.5679931640625,0.0052147544920444,0.0086163356900215,0.0144629031419754,-6.51995849609375,-0.22705078125,4.1862640380859375,-5.7857818603515625,-1.56439208984375,-2.590484619140625
2023-06-19,12,2,300.4913635253906,294.89166259765625,2.486724853515625,-0.4699859619140625,976.25,90996.734375,268.9880065917969,284.2874450683594,295.060791015625,0.0052609667181968,0.0089100748300552,0.014969564974308,-4.67425537109375,2.3105621337890625,4.640869140625,-2.68939208984375,-3.752349853515625,-1.09295654296875
2023-06-19,18,3,296.6926574707031,295.3120422363281,1.9152069091796875,0.0767669677734375,623.25,91227.53125,268.8753356933594,284.5704650878906,293.71197509765625,0.0053685288876295,0.0090352296829223,0.0139588378369808,-6.214935302734375,0.3901214599609375,6.038360595703125,-1.32305908203125,-2.6540679931640625,-2.737640380859375
2023-06-20,0,0,295.9354858398437,294.9682006835937,1.6991729736328125,0.511627197265625,1023.25,91116.015625,268.93603515625,283.48101806640625,293.0618591308594,0.0056487284600734,0.0105529874563217,0.0140233449637889,-3.824905395507813,-0.8328704833984375,5.9362335205078125,-0.859039306640625,-2.80194091796875,-3.099761962890625
2023-06-20,6,1,297.0794677734375,293.4102783203125,3.26055908203125,-0.5828857421875,585.75,91309.078125,269.15289306640625,284.45166015625,292.46392822265625,0.0052557475864887,0.0100634098052978,0.0142316967248916,-8.183609008789062,-3.774856567382813,7.013687133789063,-2.833343505859375,0.8783416748046875,-2.2937469482421875
2023-06-20,12,2,298.720947265625,295.0396728515625,2.5294952392578125,0.35601806640625,999.75,91050.28125,269.5290222167969,284.2138671875,294.2201843261719,0.0046138353645801,0.0099071189761161,0.013701532036066,-5.106781005859375,-2.077377319335937,5.48895263671875,-3.40631103515625,0.324310302734375,-0.963287353515625
2023-06-20,18,3,295.517578125,293.8636474609375,2.192901611328125,0.0482025146484375,610.125,91241.140625,269.1582946777344,284.27166748046875,293.48016357421875,0.0041991844773292,0.0097780749201774,0.0134989880025386,-7.1591796875,-2.9827880859375,7.4249267578125,-1.8623046875,1.210479736328125,-3.001434326171875
2023-06-21,0,0,295.2850341796875,294.21099853515625,1.6842041015625,-1.1018829345703125,165.25,91136.375,269.8026123046875,283.5958251953125,293.9530639648437,0.0035924108233302,0.0104970894753932,0.0124978944659233,-1.906585693359375,-0.4650726318359375,4.6761627197265625,1.884063720703125,0.2058868408203125,-5.51690673828125
2023-06-21,6,1,299.4596252441406,293.370849609375,2.21978759765625,-1.0498199462890625,630.75,91322.078125,268.82135009765625,283.542724609375,293.03619384765625,0.004794280976057,0.0106236413121223,0.0151758305728435,-1.0662841796875,0.745635986328125,3.2047576904296875,1.5272369384765625,0.7689208984375,-1.7507781982421875
2023-06-21,12,2,298.3282165527344,294.9128112792969,1.5304412841796875,1.02386474609375,1114.0,91108.21875,269.398193359375,283.903076171875,293.6712646484375,0.0052913762629032,0.0102996155619621,0.0155966207385063,0.9138946533203124,0.8359832763671875,3.34051513671875,1.8800811767578125,2.029403686523437,1.142669677734375
2023-06-21,18,3,294.80877685546875,294.1976928710937,2.296630859375,-0.34039306640625,435.75,91386.6875,268.96685791015625,284.4281616210937,292.0815734863281,0.0052213966846466,0.0093319602310657,0.0145670548081398,0.476715087890625,0.4439697265625,6.55810546875,2.88104248046875,0.70294189453125,-3.124267578125
2023-06-22,0,0,295.77130126953125,294.2627868652344,2.06597900390625,-0.7847442626953125,102.125,91231.828125,269.53717041015625,284.0708923339844,292.714111328125,0.0042827520519495,0.0090339109301567,0.0132138431072235,7.3889007568359375,-0.5413970947265625,6.175506591796875,3.634521484375,-0.349029541015625,-6.2386016845703125
2023-06-22,6,1,301.3549194335937,293.890625,2.7025299072265625,-2.140716552734375,114.125,91306.828125,269.66827392578125,284.26812744140625,293.52056884765625,0.0033098759595304,0.0093826800584793,0.0143325701355934,8.871109008789062,1.425079345703125,3.9156341552734375,2.899749755859375,1.62255859375,-3.3608856201171875
2023-06-22,12,2,301.27783203125,295.36407470703125,2.1787261962890625,-0.096649169921875,534.5,91123.0,269.640380859375,283.8163452148437,294.2716979980469,0.0034230127930641,0.0097870454192161,0.0142875723540782,6.5127716064453125,2.140975952148437,4.954010009765625,2.168670654296875,1.3709564208984375,-0.1092529296875
2023-06-22,18,3,296.0077209472656,294.6842041015625,1.798858642578125,1.1923675537109375,105.5,91388.5,269.78887939453125,283.44830322265625,292.1644287109375,0.0035392385907471,0.0102464277297258,0.0145662650465965,6.77996826171875,2.40887451171875,7.225616455078125,1.2499237060546875,-0.75726318359375,-1.5882110595703125
2023-06-23,0,0,295.1478271484375,293.9903259277344,2.005889892578125,1.0307464599609375,59.75,91268.34375,270.7393798828125,283.64361572265625,292.9718017578125,0.0024737534113228,0.0101109147071838,0.011758379638195,6.38214111328125,2.6673126220703125,8.44818115234375,-1.0994720458984375,0.713958740234375,-1.2590179443359375
2023-06-23,6,1,300.800048828125,293.3101806640625,4.29974365234375,-0.5923309326171875,12.5,91362.390625,270.5014038085937,284.266845703125,292.6318359375,0.0021545032504945,0.0101655423641204,0.0140257887542247,4.8659515380859375,4.0755157470703125,6.6812286376953125,-0.6502532958984375,1.7653045654296875,-1.19586181640625
2023-06-23,12,2,300.1078491210937,293.7699279785156,3.7436676025390634,0.4310302734375,5.625,91127.109375,270.24664306640625,284.1771850585937,293.5214538574219,0.0025522031355649,0.0100000128149986,0.0143010467290878,5.01739501953125,7.150924682617188,8.30523681640625,0.8529205322265625,1.0574493408203125,-0.2947235107421875
2023-06-23,18,3,295.8959655761719,293.56103515625,3.631271362304688,0.92999267578125,1.0,91383.359375,269.6604309082031,284.099853515625,291.320068359375,0.0039162188768386,0.0102703720331192,0.0134709142148494,4.6534271240234375,8.34814453125,11.743515014648438,3.38677978515625,0.28289794921875,-0.053466796875
2023-06-24,0,0,295.31109619140625,293.501953125,3.56280517578125,1.4287109375,11.0,91222.140625,269.6732177734375,284.2366943359375,290.3390197753906,0.0034749843180179,0.008947592228651,0.0137929879128932,7.0484466552734375,7.114044189453125,12.546615600585938,4.012359619140625,0.2095794677734375,0.5680084228515625
2023-06-24,6,1,299.4293212890625,292.9028015136719,5.3946380615234375,1.0915374755859375,109.625,91272.734375,269.69708251953125,284.41412353515625,292.5921936035156,0.0034376666881144,0.0091989897191524,0.014441393315792,6.686050415039063,7.7153778076171875,9.008819580078123,5.00274658203125,0.8979644775390625,1.3907470703125
2023-06-24,12,2,300.0078430175781,293.015625,3.759567260742188,-0.02679443359375,53.375,91142.296875,269.7662658691406,283.597900390625,293.60009765625,0.0038574184291064,0.0099158212542533,0.0137719847261905,3.819732666015625,8.8187255859375,10.74066162109375,4.63775634765625,0.18292236328125,0.1652984619140625
2023-06-24,18,3,295.68731689453125,292.48321533203125,3.437240600585937,0.8056182861328125,0.0,91321.953125,268.927001953125,284.827392578125,291.017822265625,0.0036557286512106,0.0080095790326595,0.0131720267236232,7.7900543212890625,8.1248779296875,11.438720703125,4.29022216796875,1.6496429443359375,0.1776580810546875
2023-06-25,0,0,295.2471923828125,293.2158508300781,2.2620391845703125,1.0124664306640625,0.0,91132.1875,269.43096923828125,285.1576538085937,291.1653137207031,0.0026055723428726,0.0072344504296779,0.0128879472613334,8.815032958984375,4.0789794921875,11.287765502929688,5.289794921875,2.260406494140625,-0.382171630859375
2023-06-25,6,1,299.372314453125,292.72430419921875,4.1622314453125,0.62030029296875,6.375,91284.546875,269.63934326171875,284.2259521484375,292.8484802246094,0.0020383708178997,0.0080076195299625,0.0133217722177505,8.2196044921875,5.40411376953125,8.169937133789062,3.0303497314453125,2.4196014404296875,-0.094818115234375
2023-06-25,12,2,298.5875549316406,294.1307983398437,3.667205810546875,1.40252685546875,40.5,91071.265625,270.7169189453125,284.1741943359375,293.6859130859375,0.0034332766663283,0.0103702992200851,0.0131746865808963,5.6164093017578125,6.157318115234375,7.9254150390625,-0.2486419677734375,2.52203369140625,3.2529449462890625
2023-06-25,18,3,294.9434509277344,293.69061279296875,3.591659545898437,1.122467041015625,55.125,91378.078125,269.556396484375,283.51666259765625,291.34228515625,0.0044973716139793,0.0110823772847652,0.0144172571599483,3.250274658203125,7.168487548828125,10.586380004882812,-0.7479248046875,-0.08477783203125,-1.17779541015625
2023-06-26,0,0,295.2413330078125,293.86383056640625,3.5319976806640625,1.43731689453125,16.75,91302.609375,269.30450439453125,283.7688903808594,289.9569702148437,0.0036917224060744,0.0098739489912986,0.0139653198421001,0.8201446533203125,6.235382080078125,12.213134765625,3.356292724609375,0.50042724609375,0.0095367431640625
2023-06-26,6,1,299.3302307128906,292.2242431640625,5.749176025390625,-0.711151123046875,17.0,91358.0625,270.056640625,284.0762939453125,292.21685791015625,0.00277393264696,0.0096348524093627,0.0134959025308489,2.722076416015625,5.425994873046875,8.908050537109375,4.268966674804688,0.37078857421875,-1.193878173828125
2023-06-26,12,2,300.1095886230469,292.9261169433594,3.592620849609375,1.2555694580078125,0.0,91148.25,269.5069580078125,283.6870422363281,293.476806640625,0.0040002577006816,0.0090044625103473,0.0124363899230957,4.778472900390625,8.642120361328125,9.258529663085938,4.311080932617188,-1.2428131103515625,-0.329620361328125
2023-06-26,18,3,296.2060852050781,292.6544494628906,3.062850952148437,0.969482421875,0.375,91405.640625,268.89801025390625,283.8963623046875,292.107666015625,0.0035893109161406,0.0092465616762638,0.0122870840132236,3.8029937744140634,7.816726684570312,8.654800415039062,4.1298370361328125,-2.5269317626953125,-1.265838623046875
2023-06-27,0,0,294.77984619140625,292.918701171875,2.907745361328125,1.1813201904296875,0.0,91203.3125,269.501953125,283.8223876953125,292.340087890625,0.0031001358292996,0.0087418630719184,0.0119342915713787,4.359619140625,6.9026947021484375,9.981979370117188,4.68280029296875,-0.6770172119140625,-0.736572265625
2023-06-27,6,1,299.6996459960937,292.32928466796875,4.3644866943359375,1.480682373046875,56.0,91405.0625,270.28106689453125,283.1751403808594,291.83984375,0.0026889089494943,0.009268794208765,0.0141686908900737,4.4364013671875,6.0667877197265625,6.959991455078125,3.921432495117188,-0.235992431640625,2.05267333984375
2023-06-27,12,2,300.4764404296875,294.193359375,3.5573272705078125,1.513214111328125,98.25,91183.140625,269.7548522949219,283.8163757324219,294.46905517578125,0.0032391799613833,0.009924117475748,0.0136342495679855,3.9328460693359375,7.144699096679688,8.17059326171875,4.147979736328125,1.89306640625,2.341339111328125
2023-06-27,18,3,295.6240539550781,293.5985107421875,3.923431396484375,1.540283203125,0.0,91505.140625,270.0382080078125,283.4145202636719,290.61651611328125,0.0029875745531171,0.009507667273283,0.0144699811935424,0.890472412109375,3.23236083984375,10.191482543945312,4.194976806640625,1.1193389892578125,1.116363525390625
2023-06-28,0,0,295.1903686523437,293.09539794921875,3.8099517822265625,0.8602142333984375,0.0,91351.4375,269.1283569335937,283.98406982421875,290.9422607421875,0.0048071220517158,0.0091508477926254,0.0135452225804328,1.4905853271484375,8.587432861328125,14.906784057617188,2.1875457763671875,3.3794097900390625,2.470077514648437
2023-06-28,6,1,299.5399169921875,292.7945556640625,5.85614013671875,0.1355133056640625,4.875,91488.359375,270.697265625,284.22174072265625,292.6311340332031,0.0033863813150674,0.0082482434809207,0.0137067697942256,-0.9124755859375,9.831771850585938,10.013442993164062,3.561004638671875,2.1341094970703125,-0.1401824951171875
2023-06-28,12,2,300.0233154296875,293.96826171875,3.981597900390625,0.1072540283203125,47.5,91260.578125,271.3417358398437,284.02496337890625,293.3671569824219,0.0016315982211381,0.0098691312596201,0.0138417296111583,-2.1909637451171875,9.21588134765625,10.425872802734377,4.563812255859375,-0.718597412109375,-0.6910400390625
2023-06-28,18,3,295.4676208496094,292.689453125,3.329315185546875,0.6827545166015625,0.0,91611.0625,269.4879150390625,283.6775207519531,290.8985595703125,0.0026334968861192,0.0091269500553607,0.0137647911906242,0.4767608642578125,9.245437622070312,10.933517456054688,6.2027130126953125,-0.83514404296875,-2.030975341796875
2023-06-29,0,0,295.4405517578125,293.6337280273437,3.17010498046875,1.18853759765625,0.0,91405.515625,270.4186706542969,283.465087890625,291.4249267578125,0.0022566951811313,0.0097374096512794,0.0129752494394779,-0.21746826171875,9.259033203125,11.943405151367188,4.88861083984375,-2.496124267578125,-0.888763427734375
2023-06-29,6,1,299.3311767578125,293.695556640625,5.2877197265625,0.50848388671875,2.625,91519.3125,270.090576171875,283.703125,291.98583984375,0.0028939817566424,0.0099245868623256,0.0140738785266876,1.9596710205078125,9.160446166992188,8.89404296875,4.438690185546875,-2.9180450439453125,-0.0200347900390625
2023-06-29,12,2,297.38482666015625,294.2397155761719,4.633758544921875,1.2317352294921875,363.0,91360.34375,269.5315246582031,283.57928466796875,292.07427978515625,0.0043447129428386,0.0105211697518825,0.0146303921937942,6.124435424804688,8.784912109375,15.294906616210938,-1.2247314453125,-1.8512420654296875,0.64959716796875
2023-06-29,18,3,294.876220703125,292.469970703125,3.6362152099609375,0.417724609375,7.5,91607.09375,268.7906494140625,283.47412109375,290.94482421875,0.004736453294754,0.0096280425786972,0.0126570612192153,2.311859130859375,11.620986938476562,13.555267333984377,-0.9059906005859376,-2.0684967041015625,-2.4820556640625
2023-06-30,0,0,295.2488708496094,293.6972351074219,3.397323608398437,0.8168182373046875,1.75,91430.4375,268.64532470703125,284.1504821777344,291.1937255859375,0.0043839029967784,0.0086772590875625,0.012946244329214,-0.6122894287109375,10.804275512695312,14.073211669921877,0.694122314453125,-1.50396728515625,-0.95147705078125
2023-06-30,6,1,300.703369140625,293.02471923828125,6.4927978515625,0.27996826171875,6.25,91543.8125,269.8945007324219,284.8466796875,292.47509765625,0.0037139158230274,0.0076150894165039,0.0132390297949314,-0.38665771484375,10.105560302734377,10.654281616210938,-0.07855224609375,-2.18994140625,0.2068939208984375
2023-06-30,12,2,301.15582275390625,293.97381591796875,3.8781585693359375,0.1264190673828125,27.75,91201.875,269.71923828125,284.0364074707031,295.1536865234375,0.0034372068475931,0.0086437761783599,0.0130583234131336,2.4703521728515625,9.597274780273438,9.29486083984375,-1.43798828125,-1.4494781494140625,-0.48236083984375
2023-06-30,18,3,296.76611328125,293.3939819335937,3.759841918945313,-0.073944091796875,41.5,91555.46875,268.67706298828125,283.63037109375,291.50738525390625,0.0033293033484369,0.0098523870110511,0.0139478296041488,3.7873687744140634,8.18182373046875,11.275802612304688,-1.1857147216796875,-3.746017456054688,-3.376083374023437
2023-07-01,0,0,296.35986328125,293.6822509765625,3.53143310546875,-0.600982666015625,115.5,91395.828125,268.978759765625,284.32342529296875,290.287109375,0.0029149060137569,0.0097993686795234,0.0139516592025756,2.2613525390625,9.129989624023438,11.504486083984377,-0.4231414794921875,-4.188720703125,-5.0090179443359375
2023-07-01,6,1,300.74627685546875,293.21728515625,5.5769805908203125,-1.6880950927734375,9.75,91494.125,268.71484375,285.4031982421875,293.3524169921875,0.0033173817209899,0.0075658820569515,0.0132238864898681,2.977386474609375,8.680496215820312,9.81951904296875,-0.8176422119140625,-2.8864288330078125,-3.0628814697265625
2023-07-01,12,2,301.90576171875,293.0274963378906,3.550155639648437,-0.89141845703125,11.25,91280.765625,269.23291015625,284.5218505859375,295.4373779296875,0.004367921501398,0.0089678689837455,0.0126083195209503,3.551727294921875,8.662582397460938,8.123733520507812,-3.611541748046875,-4.38372802734375,-2.7499542236328125
2023-07-01,18,3,296.79473876953125,292.74041748046875,3.815277099609375,-0.962310791015625,174.25,91584.140625,268.8184814453125,284.1678466796875,292.4306640625,0.0050521530210971,0.0078321173787117,0.0135226547718048,3.3998260498046875,6.7044219970703125,11.27569580078125,-4.7885589599609375,-4.691619873046875,-5.92767333984375
2023-07-02,0,0,295.43829345703125,293.74530029296875,3.5810089111328125,-0.47857666015625,152.5,91320.515625,267.994140625,284.44122314453125,290.9967041015625,0.0048339664936065,0.0091734901070594,0.0143083035945892,2.275253295898437,8.441665649414062,12.781890869140623,-7.4293212890625,-5.1829833984375,-5.580474853515625
2023-07-02,6,1,299.38043212890625,293.620361328125,5.659149169921875,-2.7057037353515625,220.5,91431.59375,268.2716369628906,284.67401123046875,292.4320678710937,0.0044961106032133,0.0077219679951667,0.0140984319150447,0.9361419677734376,10.339889526367188,9.702804565429688,-6.900634765625,-6.7032623291015625,-4.7061614990234375
2023-07-02,12,2,300.63818359375,293.4844970703125,3.945770263671875,0.2235107421875,280.5,91206.3125,269.09832763671875,283.8002319335937,294.5419616699219,0.0034978806506842,0.009374126791954,0.0141911692917346,-0.451446533203125,8.70745849609375,8.484085083007812,-8.959640502929688,-4.550445556640625,-0.6795654296875
2023-07-02,18,3,294.9462280273437,293.444580078125,4.32086181640625,-0.809417724609375,67.375,91471.1875,268.2996520996094,284.499755859375,290.63726806640625,0.0044880397617816,0.0093538239598274,0.0147222317755222,-1.63299560546875,8.178878784179688,13.982254028320312,-6.07452392578125,-4.625045776367188,-5.637374877929688
2023-07-03,0,0,295.60235595703125,293.8082275390625,4.791061401367188,-0.42840576171875,69.0,91218.671875,268.5539245605469,284.24127197265625,290.64801025390625,0.0049245450645685,0.0094059631228446,0.0144984275102615,-2.64208984375,11.193695068359377,15.418685913085938,-4.1728363037109375,-5.1688079833984375,-3.6467132568359375
2023-07-03,6,1,299.3975524902344,294.3258056640625,6.0392913818359375,-1.3911285400390625,47.25,91307.03125,269.53643798828125,284.8981018066406,292.08795166015625,0.0043857470154762,0.0088359117507934,0.0144505240023136,-2.5670166015625,9.217758178710938,10.467514038085938,-3.5570831298828125,-3.176361083984375,-2.77349853515625
2023-07-03,12,2,298.7691650390625,294.150390625,3.4796295166015625,1.1413726806640625,169.0,91080.484375,269.4326171875,284.12384033203125,292.87310791015625,0.00436282902956,0.0098438449203968,0.0143886320292949,-2.03765869140625,6.77093505859375,11.360275268554688,-4.1691436767578125,-1.4398345947265625,0.5592041015625
2023-07-03,18,3,295.07891845703125,293.1660461425781,5.006759643554688,1.9889373779296875,2.125,91309.609375,269.896484375,284.949951171875,290.2953491210937,0.0035827518440783,0.0103578642010688,0.0139881521463394,-0.115020751953125,6.9224395751953125,16.264053344726562,-2.126068115234375,-1.7252960205078125,2.604476928710937
2023-07-04,0,0,294.8785400390625,293.4701538085937,4.047409057617188,1.342864990234375,1.125,91060.40625,269.6151733398437,284.68212890625,291.4360656738281,0.004690796136856,0.0099712796509265,0.0143385194242,4.818695068359375,4.380950927734375,15.228240966796877,-2.73101806640625,-0.2442626953125,2.803802490234375
2023-07-04,6,1,298.1275634765625,294.8652038574219,6.27734375,1.617218017578125,56.5,91158.875,269.2113952636719,283.562255859375,291.73004150390625,0.0053270012140274,0.0105657689273357,0.0146337710320949,4.887985229492188,8.567794799804688,12.14117431640625,-2.103622436523437,0.6652984619140625,1.5945587158203125
2023-07-04,12,2,296.57769775390625,294.1244812011719,6.1961212158203125,1.8403472900390625,32.5,90896.828125,270.0681457519531,283.9779052734375,291.6506042480469,0.0055755451321601,0.0100984647870063,0.0147441364824771,7.7256011962890625,14.014907836914062,16.985687255859375,-2.776107788085937,1.11419677734375,3.464385986328125
2023-07-04,18,3,294.5136108398437,292.3464660644531,5.866119384765625,1.4014892578125,12.375,91093.078125,270.64862060546875,283.5038757324219,290.56329345703125,0.0063045471906661,0.0081221610307693,0.0140105672180652,13.765548706054688,21.974090576171875,19.636978149414062,-11.11309814453125,2.0815887451171875,2.355377197265625
2023-07-05,0,0,294.8923645019531,292.8168640136719,4.4029083251953125,1.353790283203125,6.5,90907.8125,269.6942749023437,284.7546691894531,290.8021240234375,0.005359698086977,0.0092062801122665,0.0146955996751785,7.610000610351562,12.372573852539062,14.95526123046875,4.2222747802734375,-1.4502716064453125,1.659912109375
2023-07-05,6,1,298.7301330566406,292.9930419921875,7.079681396484375,0.0228729248046875,259.5,90988.3125,269.8886108398437,283.676025390625,291.52813720703125,0.0057068038731813,0.0090351104736328,0.0149251297116279,5.358062744140625,18.53950500488281,15.470565795898438,3.25775146484375,-0.344482421875,-0.93487548828125
2023-07-05,12,2,297.7259216308594,292.94775390625,5.0550689697265625,0.933685302734375,0.0,90868.28125,270.3573913574219,283.75933837890625,292.45965576171875,0.0056688878685235,0.0093622282147407,0.0130630694329738,5.92108154296875,16.198883056640625,13.864151000976562,-0.628692626953125,0.893157958984375,0.7909698486328125
2023-07-05,18,3,294.55767822265625,292.690185546875,4.911041259765625,2.2551422119140625,25.25,91131.4375,270.6640930175781,284.428955078125,290.94708251953125,0.0058323219418525,0.0089928172528743,0.0148467496037483,6.60943603515625,19.27867126464844,17.095123291015625,1.7956695556640625,-0.4186248779296875,3.0037384033203125
2023-07-06,0,0,294.8564453125,293.2058410644531,5.211090087890625,2.7458038330078125,61.5,91061.125,269.92144775390625,283.4119873046875,290.46142578125,0.0059086587280035,0.009823702275753,0.0144440308213233,8.110000610351562,16.187881469726562,17.789306640625,-0.6613311767578125,-0.0084381103515625,4.696136474609375
2023-07-06,6,1,298.4674072265625,293.57244873046875,7.250701904296875,1.25506591796875,42.5,91306.234375,269.79742431640625,283.0692749023437,291.054931640625,0.0058064758777618,0.0083355009555816,0.0130979120731353,8.088760375976562,17.207015991210938,17.198196411132812,0.738616943359375,-0.2014312744140625,-0.26336669921875
2023-07-06,12,2,297.2295837402344,293.7668762207031,5.4813995361328125,0.6462860107421875,92.25,91158.5,270.0318603515625,283.9685363769531,291.2890014648437,0.0055306423455476,0.0085044223815202,0.0138908214867115,8.196182250976562,18.86924743652344,17.035903930664062,0.6770782470703125,0.77593994140625,0.4698333740234375
2023-07-06,18,3,294.60552978515625,293.17828369140625,4.378341674804688,0.9539947509765624,6.5,91418.640625,269.1006164550781,284.124267578125,289.97857666015625,0.0052996259182691,0.0078422799706459,0.0140695441514253,10.955001831054688,16.853164672851562,15.892501831054688,0.603607177734375,-0.61041259765625,0.5705108642578125
2023-07-07,0,0,294.876708984375,293.2529296875,4.529449462890625,1.7131195068359375,0.0,91289.921875,268.5384216308594,284.574462890625,290.4831848144531,0.0053185522556304,0.008404616266489,0.0136020816862583,8.09521484375,15.430130004882812,16.453933715820312,1.967132568359375,0.4211883544921875,2.2756805419921875
2023-07-07,6,1,299.8829650878906,293.46337890625,6.324005126953125,1.788909912109375,76.75,91432.59375,269.5015869140625,284.03619384765625,291.951171875,0.0049183666706085,0.0092785283923149,0.0147170461714267,6.4837188720703125,13.77142333984375,13.010772705078123,1.890472412109375,2.029327392578125,2.551239013671875
2023-07-07,12,2,298.2802734375,294.32879638671875,3.7884674072265625,2.356796264648437,245.0,91280.3125,270.0908508300781,283.8375549316406,292.0233154296875,0.0053813755512237,0.0088698975741863,0.0148662291467189,7.8304443359375,14.69976806640625,11.959609985351562,2.578109741210937,1.8938140869140625,3.080352783203125
2023-07-07,18,3,295.60662841796875,293.0572509765625,4.4423675537109375,0.9737396240234376,105.5,91535.296875,269.065185546875,285.13543701171875,290.26953125,0.0053372792899608,0.0084007307887077,0.0144707802683115,4.735748291015625,13.451828002929688,15.458023071289062,0.6646270751953125,0.43896484375,-0.4004058837890625
2023-07-08,0,0,295.11676025390625,293.0589599609375,4.4075775146484375,1.496826171875,2.25,91413.15625,268.552490234375,284.9821472167969,290.4834289550781,0.0053051197901368,0.0084068514406681,0.0140809640288352,4.772140502929688,13.175201416015623,15.60406494140625,3.1724395751953125,1.994171142578125,0.708953857421875
2023-07-08,6,1,297.9844055175781,293.6267395019531,4.985809326171875,0.85589599609375,103.625,91582.4375,268.8660888671875,284.21466064453125,291.0127258300781,0.0053665041923522,0.0091254524886608,0.0145889110863208,3.9807281494140634,10.365020751953123,12.260879516601562,2.954193115234375,0.5329437255859375,-1.793914794921875
2023-07-08,12,2,298.0421142578125,293.6575012207031,5.0560455322265625,1.0012054443359375,30.25,91408.25,270.01080322265625,283.84228515625,291.23291015625,0.0051089003682136,0.0083797350525856,0.0141892358660697,4.0001983642578125,13.559814453125,13.322219848632812,3.174285888671875,-1.0114288330078125,-0.2406463623046875
2023-07-08,18,3,295.470703125,293.29150390625,3.5327911376953125,0.531707763671875,6.75,91568.25,268.9362487792969,284.1151733398437,290.1212463378906,0.0050833672285079,0.0085545033216476,0.0140579082071781,1.5107879638671875,11.303329467773438,12.175399780273438,2.8668670654296875,-1.116790771484375,-2.432968139648437
2023-07-09,0,0,295.72467041015625,293.3851013183594,3.43597412109375,0.5865936279296875,40.5,91399.46875,268.4111328125,284.5243835449219,290.1773681640625,0.004314687103033,0.0083049982786178,0.0140922926366329,3.073486328125,7.655441284179687,12.339630126953123,0.608123779296875,1.26611328125,-1.713134765625
2023-07-09,6,1,298.969482421875,293.86883544921875,5.42596435546875,-0.3184814453125,70.25,91533.375,269.572021484375,284.45867919921875,291.1699523925781,0.0041233571246266,0.0087913386523723,0.0140171572566032,4.384048461914063,6.4412689208984375,10.119888305664062,-3.0647125244140625,0.45782470703125,-1.21856689453125
2023-07-09,12,2,299.4822082519531,294.4639892578125,2.921783447265625,-0.4114990234375,265.75,91293.9375,269.4657592773437,283.8253173828125,293.6750183105469,0.0044446773827075,0.0091739334166049,0.0136945322155952,1.55987548828125,8.456527709960938,7.821014404296875,-5.543212890625,-1.1214447021484375,-1.9324493408203125
2023-07-09,18,3,295.2406005859375,293.6277770996094,2.46600341796875,-0.3569793701171875,148.0,91520.953125,268.6396789550781,283.75994873046875,292.35028076171875,0.0051713176071643,0.008436057716608,0.0130076967179775,-0.2313079833984375,7.3018798828125,8.266754150390625,-4.1531829833984375,-3.6018524169921875,-2.068222045898437
2023-07-10,0,0,295.06402587890625,293.91827392578125,2.306869506835937,0.3503875732421875,59.25,91367.40625,268.90478515625,284.4519348144531,291.807861328125,0.004945121705532,0.0084309130907058,0.0136810913681983,-0.7530670166015625,8.402389526367188,10.2354736328125,-2.5801544189453125,-2.31072998046875,-3.4500885009765625
2023-07-10,6,1,298.17462158203125,293.88067626953125,3.7639312744140634,-0.5042877197265625,804.5,91438.515625,268.5987548828125,284.2741394042969,291.9725952148437,0.0048667006194591,0.008062969893217,0.013927899301052,-1.2128448486328125,7.822113037109375,8.173263549804688,-2.5415496826171875,-2.01220703125,-2.053466796875
2023-07-10,12,2,299.1268310546875,294.61669921875,2.071884155273437,-0.007476806640625,1071.0,91220.53125,269.01812744140625,283.3033142089844,293.7440795898437,0.0052529294043779,0.0100528933107852,0.0139789655804634,-0.91021728515625,9.968994140625,9.181076049804688,-5.9897003173828125,-3.0842437744140625,-2.06268310546875
2023-07-10,18,3,295.3012390136719,293.85614013671875,1.924041748046875,1.1518402099609375,154.25,91537.59375,268.02197265625,283.60748291015625,291.29150390625,0.0049891807138919,0.0091046392917633,0.0139252245426177,1.0731353759765625,7.686630249023437,8.428878784179688,-10.247146606445312,-4.056365966796875,-0.8699188232421875
2023-07-11,0,0,295.07159423828125,293.7396240234375,2.8718414306640625,0.78692626953125,287.5,91268.203125,267.78912353515625,284.5888061523437,292.419189453125,0.0050325226038694,0.0075282976031303,0.0139495655894279,1.732940673828125,6.825225830078125,10.369583129882812,-9.2232666015625,-5.331146240234375,-1.3382720947265625
2023-07-11,6,1,297.7977294921875,293.74859619140625,4.110595703125,-0.9124603271484376,426.25,91439.0,267.4884033203125,283.5692443847656,291.789306640625,0.0047781816683709,0.0080963112413883,0.0142179392278194,-0.831207275390625,6.4651641845703125,7.855056762695312,-7.256744384765625,-2.315414428710937,-2.35296630859375
2023-07-11,12,2,299.0257568359375,294.1052551269531,3.23699951171875,0.335357666015625,348.0,91242.859375,268.059814453125,283.208251953125,292.9338073730469,0.0049517452716827,0.0094062760472297,0.0135548822581768,0.2179107666015625,8.868698120117188,8.524307250976562,-5.726226806640625,-5.039840698242188,-2.5115203857421875
2023-07-11,18,3,294.58721923828125,293.3001708984375,2.630401611328125,0.3282318115234375,268.0,91441.390625,267.7430725097656,283.46368408203125,291.9304504394531,0.0048476848751306,0.0094677284359931,0.0134300161153078,2.157089233398437,6.20751953125,10.177749633789062,-1.912353515625,-5.9118194580078125,-3.346954345703125
2023-07-12,0,0,294.5224609375,293.34735107421875,2.7841339111328125,0.1060333251953125,61.75,91248.609375,268.08111572265625,283.36639404296875,291.5985107421875,0.004407450556755,0.008201140910387,0.013364415615797,2.92987060546875,8.773773193359375,11.119796752929688,-1.91497802734375,-3.1333465576171875,-5.7005615234375
2023-07-12,6,1,299.4927978515625,293.59478759765625,4.41680908203125,0.402557373046875,141.0,91350.859375,268.77178955078125,283.7753295898437,291.7205810546875,0.0037410105578601,0.0074655041098594,0.0142967291176319,4.1009063720703125,8.867095947265625,7.614013671875,0.2201690673828125,-2.0193328857421875,0.0356292724609375
2023-07-12,12,2,299.12408447265625,294.520751953125,3.116241455078125,1.0275726318359375,173.375,91142.78125,269.6810913085937,283.6923828125,292.9202880859375,0.0044291159138083,0.0083332378417253,0.0142682380974292,6.49212646484375,7.605300903320312,7.027603149414063,-2.25030517578125,-1.4019317626953125,0.7430572509765625
2023-07-12,18,3,295.7331237792969,293.615966796875,3.3892364501953125,1.1165771484375,41.625,91389.34375,269.2894897460937,283.7428894042969,291.45758056640625,0.0041127540171146,0.00916538387537,0.0143496207892894,4.6938323974609375,7.1927337646484375,11.696426391601562,-1.5790863037109375,-0.4573211669921875,-0.5823822021484375
2023-07-13,0,0,295.44842529296875,293.5158996582031,3.192718505859375,0.91180419921875,111.75,91248.921875,268.99078369140625,283.05633544921875,290.8992919921875,0.0054283514618873,0.0102433823049068,0.0147060751914978,4.629974365234375,8.9415283203125,11.18804931640625,0.0678253173828125,-0.9920196533203124,-1.4559783935546875
2023-07-13,6,1,299.90447998046875,293.55938720703125,4.784423828125,0.937286376953125,94.5,91365.109375,270.0050354003906,283.90216064453125,291.7733764648437,0.0042705833911895,0.008602425456047,0.0145529508590698,3.336273193359375,7.207229614257812,7.555267333984375,2.753662109375,-1.602783203125,0.76287841796875
2023-07-13,12,2,298.7069702148437,294.080322265625,4.2426300048828125,0.929473876953125,36.25,91220.625,270.2721252441406,283.9896240234375,292.4461669921875,0.0047376453876495,0.0092904344201087,0.0138647891581058,5.2973480224609375,5.5530853271484375,9.80462646484375,3.48370361328125,-0.3320159912109375,1.22869873046875
2023-07-13,18,3,294.8886108398437,293.5887451171875,3.687789916992188,0.2488861083984375,104.0,91474.78125,269.63995361328125,282.96905517578125,291.3182983398437,0.0048182420432567,0.0101183354854583,0.014508694410324,3.123809814453125,10.006942749023438,12.138717651367188,4.8551025390625,-5.139862060546875,-3.20855712890625
2023-07-14,0,0,295.28497314453125,293.6903076171875,3.901168823242188,0.3539276123046875,16.5,91406.578125,268.16387939453125,283.5557861328125,290.2661437988281,0.0051881372928619,0.0100089721381664,0.0142411962151527,2.050567626953125,8.366302490234375,13.703262329101562,2.339584350585937,-4.2637939453125,-2.876068115234375
2023-07-14,6,1,299.6418151855469,293.55474853515625,5.7850189208984375,-1.5230712890625,42.25,91498.28125,270.303955078125,283.7841186523437,291.8420104980469,0.0038058455102145,0.0086585655808448,0.0138386972248554,2.6550445556640625,10.385971069335938,10.359634399414062,4.3623046875,-3.5576629638671875,-3.304672241210937
2023-07-14,12,2,299.4530944824219,293.637451171875,4.632415771484375,-0.561614990234375,44.5,91294.4375,270.3658447265625,283.2193298339844,292.99822998046875,0.0041296579875051,0.0100277960300445,0.0138141550123691,1.37213134765625,11.45916748046875,12.342498779296877,3.8994293212890634,-3.69903564453125,-3.1342010498046875
2023-07-14,18,3,295.79156494140625,293.224365234375,3.769439697265625,-0.72235107421875,0.25,91598.03125,268.6537170410156,284.0439758300781,290.4312438964844,0.0048270374536514,0.0076101198792457,0.0138629227876663,1.955535888671875,12.723114013671877,11.4849853515625,3.9231109619140634,-7.704910278320312,-5.780120849609375
2023-07-15,0,0,295.8627319335937,292.80694580078125,3.810958862304688,-0.5714569091796875,2.75,91450.5,268.599609375,284.5467224121094,289.76318359375,0.0027454430237412,0.0070741213858127,0.0134857110679149,4.922882080078125,10.035934448242188,11.979034423828123,3.287506103515625,-5.395263671875,-4.785247802734375
2023-07-15,6,1,299.80255126953125,293.6015625,5.28167724609375,-1.5377197265625,6.25,91537.546875,269.4500732421875,284.3179626464844,292.23590087890625,0.0026405316311866,0.0085489377379417,0.0138848051428794,6.2732696533203125,9.6705322265625,9.489547729492188,2.8368377685546875,-4.665679931640625,-3.088897705078125
2023-07-15,12,2,301.46990966796875,294.50738525390625,3.804763793945313,-0.1536865234375,257.25,91238.796875,269.653564453125,284.11639404296875,293.6505126953125,0.0038038049824535,0.0100487172603607,0.0144938006997108,6.06103515625,9.520217895507812,9.821807861328123,-1.027008056640625,-2.993148803710937,-1.99114990234375
2023-07-15,18,3,295.6039428710937,293.6605224609375,3.42608642578125,-0.3194580078125,0.0,91513.8125,269.333984375,284.1936340332031,291.3639831542969,0.0034480849280953,0.008827369660139,0.0137990321964025,5.6803741455078125,8.78240966796875,10.841598510742188,0.3699493408203125,-5.241470336914063,-4.524688720703125
2023-07-16,0,0,295.8497619628906,293.7254333496094,3.373138427734375,-0.565948486328125,11.0,91333.09375,269.3421630859375,284.32830810546875,290.2426147460937,0.0025135027244687,0.0077322497963905,0.0140858367085456,7.7317352294921875,6.8242950439453125,10.406036376953123,0.7738800048828125,-2.1125946044921875,-5.048263549804688
2023-07-16,6,1,298.96343994140625,293.3444519042969,4.766387939453125,-0.698577880859375,43.75,91473.96875,269.4703369140625,283.86346435546875,291.99639892578125,0.002311666496098,0.0072506722062826,0.0141497291624546,9.020355224609377,7.907623291015625,7.87042236328125,0.207244873046875,-2.6621551513671875,-1.4331512451171875
2023-07-16,12,2,298.4944763183594,294.1251220703125,3.7061614990234375,-0.3148956298828125,103.5,91223.421875,269.84375,283.6124267578125,293.23492431640625,0.0022533277515321,0.0090546756982803,0.0137481726706027,9.466049194335938,9.37469482421875,9.397186279296877,-2.35821533203125,-0.282989501953125,-1.098785400390625
2023-07-16,18,3,295.79168701171875,293.259033203125,3.8700103759765625,0.267974853515625,0.0,91477.8125,269.0424194335937,283.59405517578125,291.2210388183594,0.0019123507663607,0.0084968330338597,0.0137245655059814,9.58544921875,10.477325439453123,11.357986450195312,-2.132537841796875,-1.37237548828125,-2.5562744140625
2023-07-17,0,0,295.57196044921875,293.58819580078125,3.387451171875,0.6564178466796875,2.25,91280.34375,268.3575439453125,283.91802978515625,290.3997802734375,0.0024212629068642,0.0080339089035987,0.014143519103527,10.42730712890625,11.361892700195312,11.831375122070312,0.6837921142578125,-2.1276092529296875,-2.1401824951171875
2023-07-17,6,1,299.7030944824219,293.19580078125,6.200286865234375,0.085357666015625,3.5,91365.90625,268.38116455078125,283.83917236328125,292.48883056640625,0.0027973575051873,0.0079526752233505,0.0137581974267959,12.352554321289062,12.670822143554688,10.756362915039062,0.439300537109375,-1.9850311279296875,-0.3191986083984375
2023-07-17,12,2,299.7152709960937,293.834228515625,3.820510864257813,-0.6128387451171875,80.5,91120.90625,269.1508178710937,283.3094482421875,293.63427734375,0.0027585756033658,0.0098283663392066,0.0136664360761642,12.54876708984375,12.202529907226562,11.558212280273438,0.167266845703125,-1.5778656005859375,-1.2242584228515625
2023-07-17,18,3,295.7415466308594,292.7807006835937,3.968429565429688,1.3059234619140625,0.0,91404.8125,268.74273681640625,283.64044189453125,291.05877685546875,0.003782300511375,0.0074684247374534,0.0135436467826366,12.483383178710938,13.007492065429688,12.904769897460938,-0.5625457763671875,-2.53826904296875,0.498779296875
2023-07-18,0,0,296.16131591796875,293.2884521484375,4.8853912353515625,1.50958251953125,15.0,91240.765625,268.52593994140625,283.1883544921875,290.7387084960937,0.0042997375130653,0.0091207958757877,0.0139511302113533,10.900405883789062,14.488006591796877,15.747879028320312,0.1726531982421875,-2.2412567138671875,1.33795166015625
2023-07-18,6,1,299.9310913085937,292.4671325683594,7.2094879150390625,0.862335205078125,0.0,91339.421875,268.5415954589844,283.88873291015625,291.7940673828125,0.0032449059654027,0.0060423873364925,0.0134856831282377,13.385971069335938,15.978439331054688,12.877273559570312,-1.027801513671875,-0.38031005859375,1.29052734375
2023-07-18,12,2,300.3590087890625,292.47625732421875,6.1364288330078125,0.94500732421875,0.0,91038.984375,269.493408203125,283.3975524902344,292.71710205078125,0.003326725680381,0.0085399001836776,0.0134549103677272,11.056472778320312,16.56890869140625,13.81158447265625,-1.6511993408203125,-0.4683990478515625,1.518035888671875
2023-07-18,18,3,295.8832397460937,292.24176025390625,5.143966674804688,0.4071807861328125,0.0,91280.265625,269.3455810546875,283.6343078613281,290.0265808105469,0.0050188973546028,0.0082096606492996,0.0139220058917999,9.00531005859375,19.08540344238281,16.115081787109375,-0.393768310546875,-1.98687744140625,-1.31854248046875
2023-07-19,0,0,296.00152587890625,292.261962890625,5.6598968505859375,0.847442626953125,4.75,91046.671875,269.5693359375,283.77593994140625,290.20849609375,0.0041315322741866,0.0071266256272792,0.0138548575341701,8.570571899414062,21.841720581054688,16.966156005859375,0.1464691162109375,-0.475189208984375,0.253662109375
2023-07-19,6,1,299.6416015625,292.4747009277344,8.649169921875,-0.105224609375,0.25,91163.15625,269.27252197265625,283.60906982421875,292.06988525390625,0.003677871543914,0.0071455985307693,0.0134599171578884,9.72393798828125,21.825653076171875,16.14569091796875,5.6933135986328125,-3.200469970703125,-0.52978515625
2023-07-19,12,2,298.7997436523437,293.46697998046875,6.11627197265625,0.2179412841796875,9.5,90947.796875,269.7992248535156,283.32720947265625,291.8039855957031,0.0044454187154769,0.0082762744277715,0.0139004811644554,13.32525634765625,20.228561401367188,16.934249877929688,0.206146240234375,-1.2579193115234375,-0.575592041015625
2023-07-19,18,3,295.6982116699219,292.1723022460937,5.7957611083984375,1.3028411865234375,6.75,91187.296875,270.1752014160156,283.3893127441406,289.9066162109375,0.0043735913932323,0.0082010217010974,0.0139159243553876,9.101593017578123,20.981918334960938,17.471054077148438,-0.845123291015625,-2.0913848876953125,0.5647430419921875
2023-07-20,0,0,295.8484802246094,293.00567626953125,5.766143798828125,1.31890869140625,3.5,90993.953125,269.9765014648437,283.97784423828125,290.15008544921875,0.0035785911604762,0.0078351832926273,0.0139563642442226,5.589263916015625,22.083892822265625,17.497238159179688,1.1025390625,-2.0181884765625,1.3379058837890625
2023-07-20,6,1,299.680908203125,292.9547119140625,9.76171875,1.222259521484375,5.0,91177.296875,269.7499389648437,284.0157470703125,292.0218811035156,0.0038345921784639,0.0077717490494251,0.0131697691977024,3.73236083984375,21.873947143554688,18.393356323242188,2.82196044921875,-2.616073608398437,2.08966064453125
2023-07-20,12,2,299.2791748046875,292.63897705078125,7.223480224609375,-0.0221099853515625,5.0,90974.28125,270.4316711425781,283.781982421875,292.392822265625,0.0052896030247211,0.0086417980492115,0.0139711312949657,7.862930297851562,21.44482421875,18.32220458984375,-3.3699951171875,-1.340118408203125,0.0749664306640625
2023-07-20,18,3,295.94537353515625,292.1177978515625,6.042633056640625,0.4509429931640625,0.0,91278.21875,270.06640625,284.2554016113281,290.0549621582031,0.0056753270328044,0.0068539977073669,0.0133261643350124,7.9145660400390625,21.30340576171875,18.933563232421875,-3.702362060546875,-3.057968139648437,-0.9196319580078124
2023-07-21,0,0,295.61822509765625,292.4710693359375,6.428070068359375,0.4134368896484375,0.0,91068.390625,269.9014892578125,284.5906066894531,290.3443603515625,0.0051701590418815,0.0076170340180397,0.0131862685084342,6.9867706298828125,21.815353393554688,19.409439086914062,-0.8838348388671875,-3.975418090820313,-0.462738037109375
2023-07-21,6,1,300.1611328125,292.433349609375,8.224258422851562,-0.55377197265625,0.0,91217.21875,269.39971923828125,284.0386962890625,291.731201171875,0.0043919221498072,0.0084487833082675,0.014321956783533,5.66754150390625,21.058395385742188,14.919235229492188,5.2921905517578125,-4.5208282470703125,-1.105224609375
2023-07-21,12,2,299.94921875,292.825439453125,6.1421661376953125,0.8489532470703125,1.5,91104.859375,269.07012939453125,283.99908447265625,292.505859375,0.0053604878485202,0.0091908834874629,0.0140890404582023,8.0302734375,18.041046142578125,14.032791137695312,-1.111114501953125,-2.21429443359375,0.4326019287109375
2023-07-21,18,3,295.7889099121094,292.67608642578125,6.03973388671875,0.429962158203125,0.0,91393.671875,269.3204040527344,283.6778869628906,290.2131652832031,0.0053055379539728,0.0087110996246337,0.0134814530611038,4.3829498291015625,18.925201416015625,17.959976196289062,-4.137481689453125,-2.774154663085937,-0.7119598388671875
2023-07-22,0,0,296.3861083984375,292.71295166015625,6.465133666992188,0.47149658203125,2.25,91241.703125,268.943603515625,284.07666015625,290.3720397949219,0.0049118176102638,0.0081696063280105,0.0139765962958335,4.942047119140625,21.417755126953125,18.328842163085938,0.1133575439453125,-2.477767944335937,-0.910552978515625
2023-07-22,6,1,298.83770751953125,292.74908447265625,9.837600708007812,-0.6343536376953125,1.0,91356.046875,269.1541748046875,282.9115600585937,291.9888610839844,0.0047601833939552,0.0100375525653362,0.0136771267279982,4.12689208984375,20.185317993164062,18.50375366210937,3.505462646484375,-3.0085601806640625,-1.38690185546875
2023-07-22,12,2,296.4100646972656,293.98846435546875,4.954513549804688,1.0702056884765625,34.25,91258.1875,269.4823913574219,283.516357421875,291.062744140625,0.0050181932747364,0.0109450742602348,0.0143428556621074,10.121139526367188,19.232711791992188,15.1146240234375,0.2405242919921875,-4.78448486328125,0.41070556640625
2023-07-22,18,3,294.06134033203125,293.3927001953125,4.846466064453125,1.1335906982421875,6.75,91494.0625,269.60235595703125,283.42169189453125,290.1854858398437,0.0053140632808208,0.0104744806885719,0.0142363123595714,9.215194702148438,19.368576049804688,16.960403442382812,-5.0435943603515625,-2.21563720703125,0.7830047607421875
2023-07-23,0,0,295.0257568359375,293.3897705078125,5.06719970703125,1.12799072265625,10.25,91295.1875,269.3900146484375,284.2870483398437,290.4551696777344,0.0051874034106731,0.0090788975358009,0.0146206654608249,10.340377807617188,17.84454345703125,17.597640991210938,-3.3841705322265625,-2.1300201416015625,0.1356048583984375
2023-07-23,6,1,297.0096435546875,294.4743957519531,7.41162109375,-0.169097900390625,175.125,91398.53125,269.37310791015625,283.4027099609375,291.732666015625,0.0050192102789878,0.0091531425714492,0.014575321227312,9.417984008789062,16.996932983398438,18.0872802734375,0.757354736328125,-3.211654663085937,-2.3367462158203125
2023-07-23,12,2,296.19635009765625,294.0102844238281,5.169448852539063,0.373626708984375,113.0,91281.84375,269.260009765625,283.7852478027344,291.2689208984375,0.0053990203887224,0.0087460875511169,0.0144850015640258,9.005477905273438,15.551910400390623,15.532119750976562,-1.4856109619140625,-0.5709381103515625,-1.292388916015625
2023-07-23,18,3,294.2431030273437,293.38043212890625,4.956588745117188,0.277496337890625,84.25,91477.4375,269.2357788085937,284.2108154296875,289.8967590332031,0.0054158791899681,0.0089222677052021,0.0139943100512027,11.03289794921875,13.925750732421877,16.169235229492188,-2.1831207275390625,-2.00494384765625,-1.875213623046875
2023-07-24,0,0,294.760009765625,293.2904357910156,5.3683013916015625,0.68060302734375,16.75,91226.546875,268.47711181640625,284.1521911621094,290.1644287109375,0.0049095377326011,0.0090963393449783,0.0143207572400569,11.30914306640625,15.763320922851562,17.193267822265625,-5.7441253662109375,-1.3115386962890625,-0.5209197998046875
2023-07-24,6,1,296.2680358886719,294.2705078125,6.0303955078125,0.394744873046875,49.5,91368.25,269.1531677246094,283.1539611816406,291.5272521972656,0.0049156062304973,0.009365327656269,0.0144427306950092,9.078170776367188,16.505599975585938,13.467025756835938,-5.775390625,-3.49609375,0.06658935546875
2023-07-24,12,2,295.2283935546875,293.59552001953125,4.85528564453125,0.3758087158203125,130.25,91194.484375,270.01568603515625,283.3822021484375,290.8505249023437,0.0058551020920276,0.0091149285435676,0.0146214477717876,10.350662231445312,18.53622436523437,15.772003173828123,-4.5352783203125,-4.22052001953125,-0.4018707275390625
2023-07-24,18,3,294.00933837890625,293.11102294921875,4.3599395751953125,1.388519287109375,107.75,91429.65625,269.2586669921875,283.4239807128906,290.191162109375,0.0054858140647411,0.0095216557383537,0.0141948908567428,9.76580810546875,16.65850830078125,15.757125854492188,-8.760528564453125,-2.3518218994140625,1.1224517822265625
2023-07-25,0,0,294.1799621582031,293.48358154296875,4.914154052734375,0.1101226806640625,109.25,91242.421875,269.49169921875,283.4023742675781,290.5860900878906,0.0054462309926748,0.0089668706059455,0.014500368386507,4.8509674072265625,16.451309204101562,15.325485229492188,-3.2415771484375,-2.5483551025390625,-1.4191741943359375
2023-07-25,6,1,295.3997802734375,294.1508178710937,5.725997924804688,-0.5449676513671875,209.5,91407.296875,269.1185913085937,284.1029663085937,290.775390625,0.0054067000746726,0.0083228684961795,0.0141211077570915,15.412841796875,17.539947509765625,16.447769165039062,-3.8829498291015625,-4.08673095703125,-5.020523071289063
2023-07-25,12,2,295.8017578125,293.9677124023437,4.9420166015625,-0.102294921875,194.0,91269.5,269.48895263671875,283.9692687988281,290.26715087890625,0.0056630633771419,0.0088248439133167,0.0142456665635108,11.703521728515623,16.09783935546875,15.18536376953125,-5.82916259765625,-6.4337921142578125,-2.696868896484375
2023-07-25,18,3,293.4273376464844,292.6537475585937,4.7225189208984375,0.407318115234375,26.0,91469.703125,269.16070556640625,283.6112670898437,289.80584716796875,0.0047455914318561,0.0096759982407093,0.0139011964201927,14.623565673828123,15.607833862304688,16.35247802734375,-4.183868408203125,-7.15277099609375,-2.5089874267578125
2023-07-26,0,0,293.93023681640625,292.9385986328125,4.406158447265625,0.00067138671875,11.25,91287.234375,269.4158935546875,283.824951171875,289.6409606933594,0.0053861215710639,0.0087841115891933,0.0138502176851034,6.5847015380859375,17.4129638671875,15.687042236328123,-2.592514038085937,-4.945831298828125,-2.2707061767578125
2023-07-26,6,1,295.58990478515625,294.2071533203125,5.9257659912109375,0.0302276611328125,168.0,91514.09375,269.36285400390625,283.1418151855469,290.53253173828125,0.0055599585175514,0.0075333528220653,0.014318979345262,7.073532104492188,14.783859252929688,18.53016662597656,-6.196090698242188,-3.027694702148437,-2.557342529296875
2023-07-26,12,2,295.59674072265625,293.8632202148437,5.6920928955078125,-0.217864990234375,85.25,91346.71875,269.0911865234375,283.8086853027344,290.2850341796875,0.0053836330771446,0.0083434507250785,0.013867475092411,10.0511474609375,20.047607421875,16.547744750976562,-5.980636596679688,-1.2970733642578125,-2.5177154541015625
2023-07-26,18,3,293.5523681640625,292.5067138671875,4.8006591796875,-0.706878662109375,12.25,91464.0625,269.1952514648437,284.3626708984375,289.7160339355469,0.0053660497069358,0.0077888704836368,0.0142395049333572,10.740936279296877,18.798751831054688,16.61383056640625,-2.232635498046875,-3.1666259765625,-4.4519805908203125
2023-07-27,0,0,294.02032470703125,292.2900390625,5.251480102539063,-0.06103515625,3.25,91347.40625,269.353515625,284.553466796875,289.3048095703125,0.0045269057154655,0.0073117911815643,0.0135312303900718,13.520370483398438,18.753677368164062,16.886703491210938,5.26708984375,-6.4518890380859375,-4.0498046875
2023-07-27,6,1,297.4683837890625,292.536376953125,7.006134033203125,0.3083953857421875,10.75,91492.9375,270.592529296875,283.8049621582031,290.5932006835937,0.0026872644666582,0.0093179531395435,0.0135752335190773,15.309036254882812,17.602981567382812,13.442550659179688,5.2295684814453125,-6.9372100830078125,-0.6942596435546875
2023-07-27,12,2,297.72607421875,293.52056884765625,5.3213653564453125,-1.227783203125,15.0,91360.484375,270.9725341796875,283.2220458984375,290.9742736816406,0.004524040967226,0.0093324854969978,0.0136229209601879,12.160507202148438,15.711959838867188,15.040985107421877,-0.414398193359375,-6.191940307617188,-4.7034454345703125
2023-07-27,18,3,294.43280029296875,292.1517333984375,5.011398315429688,-0.187774658203125,4.0,91559.515625,270.3607177734375,284.00982666015625,289.38311767578125,0.0033228956162929,0.0089074671268463,0.0134610524401068,10.992843627929688,15.891433715820312,15.9012451171875,-0.7625885009765625,-6.737640380859375,-3.7623443603515625
2023-07-28,0,0,294.6854553222656,292.11328125,4.602752685546875,-0.2328643798828125,4.5,91448.53125,269.6330261230469,283.7422790527344,289.6202087402344,0.0038615607190877,0.0104740150272846,0.013634892180562,10.004638671875,15.106170654296877,15.084152221679688,0.6215667724609375,-7.297286987304687,-4.2057647705078125
2023-07-28,6,1,299.36260986328125,292.5591125488281,6.93646240234375,-1.1269989013671875,4.5,91462.421875,270.73468017578125,284.6636962890625,292.471435546875,0.0023422390222549,0.0081841945648193,0.0128903277218341,8.231124877929688,13.630905151367188,15.756698608398438,-1.086029052734375,-6.896987915039063,-3.8896331787109375
2023-07-28,12,2,299.7139892578125,293.5145568847656,5.561782836914063,-0.637847900390625,38.75,91265.765625,271.3188781738281,283.74871826171875,293.2177734375,0.0027129747904837,0.0095098763704299,0.0137782339006662,7.549774169921875,13.997283935546877,14.011749267578123,-0.7733612060546875,-6.0936431884765625,-3.106307983398437
2023-07-28,18,3,295.232421875,292.67877197265625,4.64752197265625,-0.877227783203125,0.0,91502.171875,270.71337890625,284.45849609375,289.66192626953125,0.0020363430958241,0.009319394826889,0.0134847480803728,6.112106323242188,13.503753662109377,14.3975830078125,0.5764923095703125,-7.7806396484375,-6.0778656005859375
2023-07-29,0,0,295.0751953125,292.8812255859375,4.31365966796875,-0.797698974609375,1.0,91415.046875,270.32476806640625,284.2485656738281,289.5638122558594,0.0027776174247264,0.0083605051040649,0.0131575781852006,4.8031005859375,12.667205810546877,13.907608032226562,-0.3279266357421875,-9.025009155273438,-5.7430572509765625
2023-07-29,6,1,299.3212890625,292.4416809082031,7.303497314453125,-2.3682098388671875,15.0,91515.734375,270.6747436523437,284.22528076171875,291.9687194824219,0.0024852822534739,0.0078550726175308,0.0129802897572517,4.383575439453125,13.413589477539062,13.233551025390623,0.05987548828125,-9.031661987304688,-4.377944946289063
2023-07-29,12,2,300.2420654296875,292.53680419921875,4.961883544921875,-1.8454132080078125,0.0,91295.734375,272.1951904296875,283.11529541015625,292.540771484375,0.0017430970910936,0.0091442465782165,0.0132255889475345,5.188690185546875,11.643478393554688,12.003921508789062,-0.5144805908203125,-8.223617553710938,-5.314010620117188
2023-07-29,18,3,294.767822265625,292.02545166015625,4.2359619140625,-0.6983795166015625,0.0,91537.296875,271.6229248046875,283.9780578613281,289.929443359375,0.0018650868441909,0.0081867054104805,0.0129480976611375,3.9140472412109375,9.352325439453123,13.444290161132812,-0.4959259033203125,-8.19769287109375,-5.619888305664063
2023-07-30,0,0,295.51434326171875,292.78094482421875,4.007720947265625,-0.388397216796875,3.25,91431.609375,269.5508117675781,283.766357421875,289.5650939941406,0.003188207745552,0.0080965720117092,0.0136709101498126,3.936203002929688,8.398910522460938,13.575027465820312,-4.797149658203125,-6.295196533203125,-5.089508056640625
2023-07-30,6,1,299.4698486328125,292.6015014648437,6.857574462890625,-2.222274780273437,18.25,91468.34375,270.2655029296875,284.23834228515625,292.288818359375,0.003583334153518,0.0073067061603069,0.0127127058804035,3.2963409423828125,9.198516845703123,13.47918701171875,-5.68157958984375,-6.096588134765625,-4.647369384765625
2023-07-30,12,2,300.84814453125,293.199951171875,4.4009552001953125,-1.2219390869140625,42.0,91207.65625,269.75421142578125,283.47125244140625,293.996337890625,0.0034303241409361,0.0089341029524803,0.0133829228579998,1.86492919921875,9.961395263671877,10.433349609375,-2.116561889648437,-4.8173675537109375,-3.718215942382813
2023-07-30,18,3,295.67010498046875,292.58642578125,3.8835601806640634,0.76025390625,0.0,91465.546875,269.5997314453125,284.5160522460937,290.82830810546875,0.0034436164423823,0.007617313414812,0.0137978419661521,1.6039581298828125,8.492523193359375,11.375289916992188,-1.3232574462890625,-6.9039306640625,-1.6949005126953125
2023-07-31,0,0,295.99383544921875,293.2792358398437,4.248626708984375,-0.1829833984375,15.125,91332.15625,269.4940795898437,284.5245056152344,289.908203125,0.00361964921467,0.007837550714612,0.0140604637563228,4.540802001953125,7.6806488037109375,13.278244018554688,0.7221527099609375,-6.659454345703125,-3.333480834960937
2023-07-31,6,1,300.1539611816406,292.7631225585937,6.7448577880859375,-1.34967041015625,40.0,91474.109375,269.4842834472656,284.6797180175781,292.28778076171875,0.0029873035382479,0.0065051689743995,0.0133345611393451,7.62005615234375,9.493255615234377,11.8822021484375,0.5290985107421875,-4.6503448486328125,-2.436508178710937
2023-07-31,12,2,301.3162841796875,293.12115478515625,4.218902587890625,-0.4705810546875,5.75,91209.90625,270.6190795898437,283.44000244140625,294.3863220214844,0.0023749875836074,0.0086243785917758,0.0128802619874477,10.026107788085938,10.22943115234375,9.988983154296877,-1.66485595703125,-4.441253662109375,-1.7119598388671875
2023-07-31,18,3,295.78289794921875,293.2826538085937,4.12255859375,-0.2931976318359375,0.0,91498.484375,270.269287109375,284.8358154296875,290.78009033203125,0.001821773359552,0.0056923367083072,0.0140447616577148,7.9989013671875,10.797927856445312,13.40374755859375,-1.30322265625,-4.2454833984375,-3.45867919921875
2023-08-01,0,0,296.3251953125,293.5645446777344,4.6707763671875,-0.19219970703125,67.75,91348.46875,269.6401672363281,284.0497436523437,290.4058837890625,0.0026422464288771,0.0088232047855854,0.0145069323480129,8.611114501953125,13.2093505859375,14.349365234375,-2.763168334960937,-4.72607421875,-2.9483642578125
2023-08-01,6,1,299.75347900390625,292.632080078125,7.5344390869140625,-1.282135009765625,0.0,91441.9375,269.904052734375,284.1011657714844,291.6363830566406,0.0026359432376921,0.0077086277306079,0.0136823430657386,7.96075439453125,13.67779541015625,13.013748168945312,-0.8711395263671875,-1.9339141845703125,-2.2633209228515625
2023-08-01,12,2,301.11871337890625,292.1685791015625,4.75726318359375,-0.3279266357421875,0.0,91279.71875,268.95263671875,283.46923828125,293.64862060546875,0.0024568866938352,0.0076208971440792,0.0127515504136681,10.276153564453123,14.022628784179688,12.169647216796877,2.111724853515625,-3.84820556640625,-2.1768035888671875
2023-08-01,18,3,295.3988037109375,292.57208251953125,4.5713653564453125,0.26666259765625,0.0,91494.03125,269.65869140625,284.7527160644531,290.156494140625,0.0016821490135043,0.0058811381459236,0.0129097141325473,10.343276977539062,13.871047973632812,15.227752685546877,2.7457275390625,-5.20269775390625,-1.896881103515625
2023-08-02,0,0,295.02850341796875,292.54803466796875,4.687789916992188,-0.116546630859375,0.0,91397.9375,268.6628723144531,285.4799194335937,289.4874267578125,0.0018541764002293,0.0042100027203559,0.0129116177558898,9.945144653320312,15.897079467773438,16.118240356445312,1.7939605712890625,-4.130157470703125,-2.761322021484375
2023-08-02,6,1,299.7044982910156,292.2908935546875,7.337005615234375,-0.699005126953125,7.0,91549.4375,268.6075439453125,285.7602844238281,292.256103515625,0.0020902773831039,0.0039254054427146,0.012056790292263,11.866226196289062,15.431732177734377,14.707000732421877,1.9149322509765625,-5.0983734130859375,-1.790496826171875
2023-08-02,12,2,301.0250549316406,292.23260498046875,4.3707427978515625,0.3597259521484375,40.25,91333.1875,268.81298828125,282.24609375,293.8953857421875,0.0023445503320544,0.0074510648846626,0.012758232653141,12.291915893554688,14.381622314453123,11.87359619140625,0.339141845703125,-3.4657745361328125,-0.134429931640625
2023-08-02,18,3,295.83355712890625,292.61962890625,4.335861206054688,0.9214935302734376,0.0,91519.0,268.7096252441406,284.11676025390625,290.92413330078125,0.0024403529241681,0.0053548887372016,0.0119653791189193,12.519622802734377,15.65814208984375,14.270675659179688,-0.6087188720703125,-6.599411010742188,-0.9899139404296876
2023-08-03,0,0,295.8174133300781,293.1537475585937,4.67486572265625,0.383453369140625,22.75,91371.625,269.6239013671875,285.2431030273437,289.51104736328125,0.0019576903432607,0.0057725980877876,0.0136962234973907,12.1461181640625,13.31732177734375,15.36004638671875,-0.9315032958984376,-7.0299835205078125,-0.8853759765625
2023-08-03,6,1,299.915283203125,291.81365966796875,7.61248779296875,-0.6405029296875,7.75,91450.15625,269.787841796875,285.22772216796875,292.09814453125,0.0015950445085763,0.0053024962544441,0.0127908289432525,10.672897338867188,13.594284057617188,13.21600341796875,-1.1674041748046875,-4.1737213134765625,-1.328643798828125
2023-08-03,12,2,300.8304443359375,292.3285827636719,4.856979370117188,-0.726898193359375,67.25,91302.828125,269.08551025390625,283.26715087890625,294.009765625,0.001646083779633,0.0078458897769451,0.0129455626010894,10.095855712890623,13.588027954101562,11.993179321289062,-0.275299072265625,-3.5183868408203125,-2.7200469970703125
2023-08-03,18,3,295.5791015625,292.3970031738281,4.1130218505859375,0.2420654296875,0.25,91602.6875,269.66815185546875,284.3544311523437,290.29229736328125,0.001476727426052,0.0057241357862949,0.0132806748151779,6.485641479492188,11.770721435546877,13.536529541015623,0.5916595458984375,-5.307464599609375,-3.011581420898437
2023-08-04,0,0,296.01397705078125,293.1176452636719,4.4202423095703125,0.0782623291015625,30.25,91437.109375,268.885986328125,284.94122314453125,289.8126525878906,0.0015403719153255,0.0063603222370147,0.0136408396065235,7.39483642578125,12.013458251953123,13.693252563476562,-1.1092681884765625,-4.519577026367188,-2.172698974609375
2023-08-04,6,1,300.2720947265625,292.2900390625,6.370086669921875,-0.789459228515625,17.5,91646.515625,269.0463256835937,283.7087097167969,292.08135986328125,0.001962483394891,0.0075198076665401,0.0131057575345039,5.645599365234375,13.151092529296877,11.134765625,-0.398162841796875,-2.788818359375,-1.61126708984375
2023-08-04,12,2,300.5994873046875,293.1996765136719,4.4301605224609375,-0.2085113525390625,72.0,91441.046875,269.203125,283.4780578613281,293.84490966796875,0.0025769844651222,0.0091885030269622,0.0133646614849567,6.257736206054688,10.872207641601562,11.533767700195312,-1.1273345947265625,-2.99871826171875,-1.560211181640625
2023-08-04,18,3,295.499755859375,292.5511474609375,3.615768432617188,0.767578125,0.0,91741.828125,268.5714416503906,284.030029296875,290.8153076171875,0.0030712832231074,0.0069703385233879,0.0126214995980262,2.6893463134765625,8.21722412109375,12.267959594726562,-1.2087554931640625,-2.217437744140625,-1.698944091796875
2023-08-05,0,0,295.2058410644531,293.2079467773437,3.53826904296875,0.69085693359375,5.75,91692.34375,269.042724609375,283.9876708984375,289.6273803710937,0.003243472892791,0.0066558271646499,0.0137642174959182,1.31634521484375,5.7982330322265625,13.202407836914062,-0.0009002685546875,-4.2220458984375,-1.5406494140625
2023-08-05,6,1,299.178955078125,292.9285583496094,5.681686401367188,-0.7098236083984375,0.0,91766.046875,269.8863220214844,283.9745178222656,291.32470703125,0.0025620870292186,0.008113045245409,0.0138756334781646,-0.00909423828125,6.295211791992188,9.174911499023438,1.137298583984375,-2.2271728515625,-1.17730712890625
2023-08-05,12,2,301.27496337890625,294.145751953125,3.3421173095703125,-0.37127685546875,25.25,91502.296875,269.9315185546875,283.1804504394531,294.4203796386719,0.0027220712509006,0.009095549583435,0.0132912918925285,1.7884368896484375,6.4147796630859375,7.58453369140625,2.108245849609375,-1.7233428955078125,-1.451446533203125
2023-08-05,18,3,295.50396728515625,293.24859619140625,3.34991455078125,-0.0669708251953125,27.25,91787.453125,268.9529113769531,283.45269775390625,291.0155334472656,0.0027907090261578,0.0080642476677894,0.0139309875667095,3.9624176025390634,3.918502807617188,9.8782958984375,1.12152099609375,-1.514129638671875,-3.564483642578125
2023-08-06,0,0,295.6664428710937,293.61102294921875,2.79742431640625,0.1103363037109375,51.25,91663.84375,267.73553466796875,283.264892578125,291.6034545898437,0.0047288499772548,0.0093406848609447,0.0133894756436347,3.342010498046875,2.802230834960937,10.492172241210938,-0.240447998046875,0.2465972900390625,-2.5658111572265625
2023-08-06,6,1,299.80877685546875,293.0097045898437,4.51422119140625,0.6370849609375,11.25,91677.875,269.613525390625,283.3938903808594,292.09149169921875,0.0028825150802731,0.0086246952414512,0.0133132748305797,3.391510009765625,6.1842041015625,7.466217041015625,-1.88336181640625,0.7217254638671875,0.0301513671875
2023-08-06,12,2,301.57525634765625,293.8178405761719,3.60504150390625,0.1634979248046875,248.75,91338.65625,268.9579772949219,283.99053955078125,294.541015625,0.0035779986064881,0.0080119557678699,0.0138801336288452,3.58709716796875,7.449462890625,7.820938110351562,-1.9869537353515625,-0.6087799072265625,0.09503173828125
2023-08-06,18,3,295.64019775390625,293.78619384765625,3.3765411376953125,-0.200347900390625,19.0,91593.328125,268.37127685546875,283.7943115234375,291.1869506835937,0.0036638115998357,0.007990650832653,0.0137438364326953,3.2839508056640625,7.00579833984375,10.296432495117188,-0.7359466552734375,-0.4470062255859375,-3.1602783203125
2023-08-07,0,0,295.6375427246094,293.06817626953125,3.160614013671875,0.13189697265625,3.5,91466.3125,269.3096008300781,283.7978515625,290.7723388671875,0.0023566824384033,0.0076414309442043,0.0134298764169216,4.8550567626953125,6.16925048828125,11.2384033203125,0.24261474609375,0.0540313720703125,-2.912628173828125
2023-08-07,6,1,299.2342529296875,292.8192443847656,4.834976196289063,0.091644287109375,4.0,91478.890625,269.1793212890625,283.69384765625,292.43865966796875,0.0013564233668148,0.0075867921113967,0.0131363607943058,5.869064331054688,7.404327392578125,8.028228759765625,2.2357177734375,0.5834503173828125,-0.2563934326171875
2023-08-07,12,2,301.58807373046875,293.0160827636719,2.8367919921875,-0.6198272705078125,2.5,91255.5625,269.3744506835937,283.3446350097656,294.872802734375,0.0009799539111554,0.0083909407258033,0.0127273015677928,7.126312255859375,7.7807464599609375,6.816131591796875,0.683502197265625,-1.1169281005859375,-1.6615753173828125
2023-08-07,18,3,295.83477783203125,292.9703369140625,2.97247314453125,0.018463134765625,0.0,91498.21875,269.1361083984375,283.3213806152344,291.7381286621094,0.0011888032313436,0.0079081058502197,0.0137120075523853,4.7112884521484375,5.4785003662109375,8.99713134765625,0.56707763671875,-0.8527374267578125,-2.2571258544921875
2023-08-08,0,0,295.3978881835937,293.5621643066406,2.7859039306640625,0.6698760986328125,2.5,91350.375,270.3644104003906,283.4535217285156,291.8744201660156,0.000766574870795,0.0077588818967342,0.0126995481550693,5.751235961914063,5.059097290039063,8.773727416992188,-0.4643096923828125,0.252471923828125,-1.032440185546875
2023-08-08,6,1,298.70806884765625,292.66033935546875,4.29388427734375,-0.827972412109375,3.75,91497.4375,268.8287048339844,283.24346923828125,292.183349609375,0.0012730506714433,0.0078974738717079,0.0135786607861518,4.342300415039063,5.458297729492188,7.005615234375,0.305084228515625,-0.7505645751953125,-1.4705657958984375
2023-08-08,12,2,299.81524658203125,294.06744384765625,3.35919189453125,-0.2852630615234375,97.5,91345.140625,269.14703369140625,283.3086242675781,293.1121826171875,0.0020943514537066,0.0084495246410369,0.0135136805474758,5.5890655517578125,5.092620849609375,7.509872436523437,-1.4134521484375,-1.7442169189453125,-1.3345794677734375
2023-08-08,18,3,295.0413818359375,293.4733581542969,2.35406494140625,0.27032470703125,13.5,91625.890625,268.26123046875,282.9603881835937,291.1576843261719,0.0024470330681651,0.0087784193456172,0.0139332488179206,3.5793609619140625,4.2055511474609375,6.4323577880859375,-3.28692626953125,-0.911407470703125,-1.9113311767578125
2023-08-09,0,0,295.1583251953125,293.43804931640625,2.2109832763671875,-0.507354736328125,0.25,91508.0625,269.0713806152344,282.4954833984375,292.1254272460937,0.0023882857058197,0.0097137652337551,0.0126469451934099,0.67218017578125,4.8960723876953125,8.3531494140625,-0.3756561279296875,-0.667877197265625,-4.610519409179688
2023-08-09,6,1,300.2776794433594,292.5838623046875,3.2393951416015625,-1.458160400390625,147.25,91688.859375,267.91229248046875,283.1278686523437,291.9735717773437,0.0031292797066271,0.0084150247275829,0.0139222480356693,3.4020233154296875,5.5334014892578125,4.863067626953125,2.5454254150390625,-1.599395751953125,-2.349395751953125
2023-08-09,12,2,301.98388671875,293.5147399902344,1.37530517578125,-0.9750823974609376,113.25,91385.015625,268.839599609375,283.31793212890625,295.59912109375,0.0022698207758367,0.0075982473790645,0.0126394890248775,6.247161865234375,3.6869049072265625,2.9037017822265625,1.5307769775390625,-2.598663330078125,-3.3909454345703125
2023-08-09,18,3,295.79107666015625,293.413330078125,1.875244140625,-0.5216522216796875,241.75,91645.359375,269.3170471191406,282.85406494140625,292.51904296875,0.0026483682449907,0.0079018920660018,0.0143247880041599,5.330612182617188,-0.5142364501953125,5.718780517578125,-1.0516510009765625,-2.5121612548828125,-4.992401123046875
2023-08-10,0,0,294.52801513671875,293.8867492675781,1.1035003662109375,0.8646240234375,147.5,91598.78125,268.1995849609375,282.92413330078125,291.6354064941406,0.004016887396574,0.0073025152087211,0.0133620388805866,1.593505859375,1.5594482421875,5.8367767333984375,-2.7066192626953125,-0.5809783935546875,-4.620407104492188
2023-08-10,6,1,299.91485595703125,293.2279663085937,2.5436553955078125,-1.758270263671875,39.25,91674.40625,267.993896484375,283.39520263671875,292.5621643066406,0.0040204692631959,0.0068127401173114,0.0133878029882907,1.0406036376953125,2.5356903076171875,3.700439453125,0.219085693359375,-0.42633056640625,-2.721282958984375
2023-08-10,12,2,300.0968322753906,293.61041259765625,1.684173583984375,-1.5745086669921875,555.0,91415.71875,268.8182373046875,283.11541748046875,294.8392944335937,0.0031853152904659,0.0084578283131122,0.01310471072793,3.559173583984375,4.2508544921875,3.9098968505859375,0.59661865234375,-2.47882080078125,-4.5997467041015625
2023-08-10,18,3,295.57916259765625,293.34246826171875,1.1476898193359375,0.53973388671875,219.5,91710.5,268.7135009765625,283.2431030273437,291.949462890625,0.0029707283247262,0.0079032555222511,0.013703316450119,2.548812866210937,3.3723907470703125,5.0394287109375,1.2969512939453125,-1.931182861328125,-3.433624267578125
2023-08-11,0,0,295.1923828125,293.5845031738281,1.5576324462890625,-0.66839599609375,119.0,91497.6875,268.64129638671875,283.09991455078125,291.9802551269531,0.0038378797471523,0.0075513757765293,0.0136143639683723,0.86468505859375,2.3331756591796875,3.85955810546875,1.112548828125,-1.1024627685546875,-5.829116821289063
2023-08-11,6,1,300.4954833984375,292.9902038574219,1.9306488037109373,-2.59173583984375,80.0,91596.109375,268.6480712890625,283.0732727050781,292.38409423828125,0.0038678892888128,0.0081509314477443,0.0139081664383411,1.141998291015625,0.969512939453125,2.7739715576171875,2.180206298828125,-1.9299774169921875,-3.9623870849609375
2023-08-11,12,2,301.034423828125,292.8209228515625,0.94818115234375,-1.7308807373046875,53.75,91302.578125,268.78082275390625,283.4423522949219,294.5806884765625,0.0037527338135987,0.0077440179884433,0.0131080262362957,1.199615478515625,3.030746459960937,2.462432861328125,1.9718017578125,-2.9472808837890625,-4.513916015625
2023-08-11,18,3,296.9964294433594,292.98828125,1.1818695068359375,0.8500518798828125,34.25,91605.1875,268.2998352050781,282.5298767089844,293.0527648925781,0.0036588720977306,0.0084511712193489,0.0134720392525196,2.4756622314453125,1.3148651123046875,4.3526458740234375,-1.5565948486328125,-2.0770263671875,-2.6295623779296875
2023-08-12,0,0,295.62945556640625,293.80242919921875,0.8625030517578125,0.2866668701171875,103.0,91490.75,268.6151733398437,283.01483154296875,292.11871337890625,0.0035787136293947,0.0082770250737667,0.0137156583368778,0.37109375,3.207061767578125,5.2843780517578125,-1.6907501220703125,0.5153045654296875,-3.0615386962890625
2023-08-12,6,1,300.4931945800781,292.3456115722656,3.8548583984375,-2.27435302734375,26.0,91590.796875,268.8216247558594,283.4447326660156,292.5631408691406,0.0035466880071908,0.0078603625297546,0.0133027769625186,-0.184844970703125,4.786895751953125,6.085357666015625,2.8092041015625,-0.25738525390625,-3.84381103515625
2023-08-12,12,2,300.7833251953125,291.7274780273437,3.175994873046875,-2.009368896484375,0.5,91282.671875,268.6103515625,283.5838317871094,294.9556884765625,0.0033729576971381,0.0076707564294338,0.0121082076802849,3.1927642822265625,6.7151947021484375,7.1585540771484375,3.19000244140625,-3.763626098632813,-5.035659790039063
2023-08-12,18,3,296.1766357421875,292.583251953125,2.485580444335937,-0.70269775390625,0.0,91579.46875,268.75323486328125,283.829833984375,292.00982666015625,0.0032292397227138,0.0069800615310668,0.012711513787508,4.317962646484375,4.015899658203125,7.701034545898437,1.2418670654296875,-4.72491455078125,-4.12652587890625
2023-08-13,0,0,294.86572265625,293.12957763671875,2.2567901611328125,-0.190399169921875,0.75,91463.96875,269.4739990234375,283.35821533203125,291.34130859375,0.0031599055510014,0.0076997727155685,0.0129953399300575,5.2257232666015625,3.5963592529296875,7.60321044921875,-0.3516693115234375,-2.640365600585937,-5.287994384765625
2023-08-13,6,1,300.209228515625,292.0784912109375,4.0907745361328125,-1.09478759765625,0.0,91544.25,269.779052734375,283.3520812988281,292.4100036621094,0.0024154908023774,0.0071411803364753,0.0132650174200534,3.46270751953125,4.7566986083984375,6.229263305664063,-1.541290283203125,-1.1197662353515625,-1.9044342041015625
2023-08-13,12,2,301.5768737792969,291.89666748046875,2.4961700439453125,-0.974395751953125,24.5,91241.890625,270.7762451171875,283.60772705078125,294.8921813964844,0.0017497369553893,0.0070150531828403,0.0130224227905273,3.9932708740234375,4.2848663330078125,4.865280151367188,-0.92718505859375,-1.692718505859375,-2.01055908203125
2023-08-13,18,3,296.26348876953125,292.9533996582031,2.6176300048828125,-0.6371612548828125,24.25,91552.84375,270.411865234375,282.9422607421875,291.6438903808594,0.0016536267939954,0.0081774555146694,0.013638000935316,1.9338226318359373,2.591033935546875,7.6518707275390625,0.9682769775390624,-0.4541473388671875,-3.3532257080078125
2023-08-14,0,0,295.0214538574219,293.00115966796875,1.7643585205078125,0.0503997802734375,59.75,91458.921875,269.22906494140625,283.4984741210937,291.9725341796875,0.0027079000137746,0.0073366202414035,0.0129828117787837,2.989852905273437,4.5585784912109375,4.6361236572265625,2.673797607421875,0.3512725830078125,-1.8055419921875
2023-08-14,6,1,299.955078125,292.52398681640625,3.416595458984375,-0.2776641845703125,2.5,91581.84375,270.06494140625,283.2648010253906,292.263671875,0.0025656677316874,0.0068608857691287,0.0131713524460792,3.524032592773437,4.115936279296875,5.084747314453125,1.41900634765625,0.87078857421875,-0.67474365234375
2023-08-14,12,2,301.400146484375,291.817138671875,2.89849853515625,-0.4898529052734375,0.0,91302.46875,270.1254272460937,283.1182861328125,294.2247314453125,0.0025830585509538,0.0075065866112709,0.0122600346803665,6.54095458984375,3.9015045166015625,5.8354034423828125,1.253082275390625,-0.4547882080078125,-1.6152801513671875
2023-08-14,18,3,296.0658569335937,290.94586181640625,2.436264038085937,0.1074676513671875,0.0,91608.359375,269.6483764648437,283.5390625,291.94989013671875,0.0019944212399423,0.007065687328577,0.0126358270645141,5.856216430664063,4.246505737304688,6.93359375,-0.314727783203125,0.596649169921875,-2.7346954345703125
2023-08-15,0,0,294.539794921875,293.10516357421875,1.9423370361328125,0.424530029296875,4.5,91466.1875,269.46533203125,283.6321105957031,291.28790283203125,0.0016239467076957,0.0067948512732982,0.0128075890243053,5.919647216796875,3.7247314453125,5.683349609375,0.76690673828125,0.7592010498046875,0.865264892578125
2023-08-15,6,1,300.50262451171875,290.11578369140625,2.90045166015625,0.28753662109375,0.0,91615.265625,269.708251953125,283.4408569335937,291.971923828125,0.001453218050301,0.0052529089152812,0.0119168721139431,5.848556518554688,3.8557281494140634,4.284820556640625,1.48309326171875,1.179107666015625,0.351898193359375
2023-08-15,12,2,302.49853515625,289.9612731933594,2.526611328125,-0.1549224853515625,0.0,91334.5625,269.7381591796875,283.8043518066406,295.42071533203125,0.0013938096817582,0.0047151297330856,0.0097996182739734,6.0341339111328125,3.201889038085937,5.62957763671875,2.808074951171875,2.2891998291015625,-0.7764129638671875
2023-08-15,18,3,296.4732360839844,291.8157043457031,2.0917510986328125,-1.3842010498046875,0.0,91650.421875,269.47833251953125,283.70123291015625,291.66436767578125,0.001539732562378,0.0046784318983554,0.0131012313067913,6.680633544921875,3.132308959960937,6.479736328125,3.2227325439453125,0.3954620361328125,-3.7315673828125
2023-08-16,0,0,295.09246826171875,293.2659912109375,2.850250244140625,-0.0387420654296875,2.25,91556.953125,269.8443603515625,282.4195861816406,291.73223876953125,0.0017842226661741,0.0069748982787132,0.0116509757936,5.539810180664063,3.850921630859375,6.837005615234375,2.5118408203125,0.4044189453125,-2.460205078125
2023-08-16,6,1,300.930419921875,291.30145263671875,3.0648193359375,0.1673736572265625,0.0,91615.1875,269.7826843261719,283.1328125,292.35595703125,0.001662770519033,0.0059253387153148,0.0121718496084213,4.435516357421875,5.257720947265625,4.5261993408203125,-0.24066162109375,0.2103424072265625,0.0374908447265625
2023-08-16,12,2,303.32232666015625,291.005615234375,2.5531005859375,-0.20135498046875,0.0,91268.90625,269.901611328125,282.33905029296875,296.2957763671875,0.0017454863991588,0.0069512724876403,0.0101555995643138,4.8665313720703125,4.775604248046875,5.645721435546875,-0.2409820556640625,0.1234893798828125,-0.6852874755859375
2023-08-16,18,3,297.111572265625,292.1287841796875,2.247055053710937,-0.5419769287109375,2.75,91595.5625,269.45294189453125,283.0549621582031,292.5050048828125,0.0016026841476559,0.0074643343687057,0.012991614639759,5.16162109375,3.459457397460937,6.7255401611328125,-1.5601043701171875,-2.6487579345703125,-4.344161987304688
2023-08-17,0,0,295.25848388671875,293.52703857421875,2.597259521484375,0.2063446044921875,58.5,91497.609375,270.101806640625,282.04168701171875,291.99420166015625,0.0017300529871135,0.0086254812777042,0.0120306424796581,3.680221557617188,3.4549560546875,8.626815795898438,-2.045440673828125,-0.7048797607421875,-2.670318603515625
2023-08-17,6,1,300.38580322265625,291.85546875,4.53460693359375,-0.4521331787109375,0.0,91602.296875,269.17657470703125,282.9568176269531,292.3939208984375,0.0016659495886415,0.0077955201268196,0.0123331621289253,5.065521240234375,6.017730712890625,7.067474365234375,-1.008544921875,-0.709442138671875,-0.868804931640625
2023-08-17,12,2,302.2210693359375,292.22222900390625,3.8467864990234375,-0.1497650146484375,28.25,91338.890625,268.3751525878906,283.6098022460937,294.86285400390625,0.0032709902152419,0.0078384466469287,0.0126422755420207,5.7087249755859375,8.391815185546875,8.854202270507812,-2.777206420898437,-1.735870361328125,-0.995269775390625
2023-08-17,18,3,296.54248046875,291.9288330078125,3.6866302490234375,-0.480926513671875,0.0,91582.21875,269.1643371582031,283.0703430175781,291.1304931640625,0.0033682407811284,0.0080560222268104,0.0130293369293212,5.262664794921875,8.059661865234375,11.362686157226562,-2.8698883056640625,-1.681060791015625,-3.9847412109375
2023-08-18,0,0,295.7293701171875,292.7660522460937,3.1895751953125,-0.3688201904296875,0.0,91415.5,268.0595397949219,282.5654602050781,290.28729248046875,0.0030937490519136,0.009326796978712,0.0126174762845039,7.0416412353515625,8.998046875,10.498565673828123,-2.4178466796875,-1.55108642578125,-6.015151977539063
2023-08-18,6,1,300.113037109375,291.3631591796875,5.2234649658203125,-1.0447845458984375,2.0,91491.65625,268.00506591796875,282.558837890625,291.982421875,0.0042819157242774,0.0081531703472137,0.0125463120639324,5.775436401367188,11.267196655273438,8.5245361328125,-3.620941162109375,-0.2611846923828125,-1.92578125
2023-08-18,12,2,301.1920166015625,291.7144775390625,4.1035919189453125,-0.73919677734375,0.0,91224.75,268.7848815917969,282.8581848144531,294.6175231933594,0.0043690577149391,0.0077753625810146,0.0118867680430412,5.118209838867188,9.823516845703123,9.689422607421877,-1.018829345703125,-3.9722900390625,-1.8816986083984373
2023-08-18,18,3,295.9205017089844,292.23736572265625,4.1014404296875,0.6272735595703125,0.0,91503.328125,268.7744140625,282.8830261230469,290.5941772460937,0.0039903372526168,0.007512129843235,0.0136216506361961,8.0616455078125,9.1356201171875,11.847427368164062,0.8591766357421875,-5.7623291015625,-1.6411285400390625
2023-08-19,0,0,295.17236328125,292.9051818847656,3.881561279296875,0.6902923583984375,7.25,91327.890625,268.63922119140625,282.81689453125,289.5477905273437,0.0044913925230503,0.0084320306777954,0.0137724578380584,8.693084716796875,9.432769775390623,11.7489013671875,-0.6329803466796875,-5.813385009765625,-2.024139404296875
2023-08-19,6,1,299.0322570800781,292.9513244628906,5.5577239990234375,0.5941925048828125,160.0,91409.734375,268.5286560058594,283.02490234375,291.6458435058594,0.0045932717621326,0.0088113583624362,0.0142546258866786,7.750335693359375,9.340103149414062,9.399749755859377,-1.7990570068359375,-3.947952270507813,0.7992706298828125
2023-08-19,12,2,296.74737548828125,293.1146240234375,4.332275390625,-0.203155517578125,147.25,91249.515625,269.6156005859375,282.80401611328125,291.2118530273437,0.0050978548824787,0.0100891292095184,0.0145278163254261,7.404876708984375,11.45709228515625,12.082305908203123,-3.242904663085937,-1.84429931640625,-0.58148193359375
2023-08-19,18,3,294.56011962890625,291.9464111328125,4.000213623046875,-0.1868133544921875,0.0,91425.3125,268.468017578125,283.94879150390625,290.04266357421875,0.0047075934708118,0.0085912346839904,0.0133008658885955,3.48138427734375,10.757919311523438,12.19195556640625,2.5452880859375,-3.820220947265625,-4.0142669677734375
2023-08-20,0,0,295.3032531738281,293.0127258300781,3.645965576171875,0.2618408203125,10.25,91332.90625,268.38427734375,283.97857666015625,289.3075256347656,0.0042693838477134,0.0077303182333707,0.0134475156664848,4.141693115234375,9.189743041992188,11.726058959960938,0.6012420654296875,-2.5645904541015625,-2.971527099609375
2023-08-20,6,1,299.4425048828125,291.9644775390625,4.91204833984375,-0.9745635986328124,7.75,91438.453125,269.34844970703125,283.9227600097656,292.51788330078125,0.0037453521508723,0.0072604417800903,0.0130836889147758,3.9286041259765625,8.93194580078125,8.643539428710938,1.7215118408203125,-3.567138671875,-2.18328857421875
2023-08-20,12,2,301.481201171875,291.71539306640625,3.5006103515625,-1.719390869140625,0.0,91121.53125,270.72076416015625,283.4770202636719,294.7103271484375,0.0029914479237049,0.0082376077771186,0.01268195733428,1.1138458251953125,8.653060913085938,6.5906829833984375,1.8173828125,-2.7672119140625,-3.60711669921875
2023-08-20,18,3,296.2763671875,292.712890625,2.766510009765625,-0.11895751953125,1.0,91378.078125,270.71270751953125,283.34295654296875,291.7255859375,0.0026047376450151,0.0073333606123924,0.0138932950794696,-0.5781402587890625,5.351104736328125,8.21282958984375,1.2714080810546875,-2.1702880859375,-2.871795654296875
2023-08-21,0,0,294.9347229003906,293.3544921875,2.48724365234375,-0.4867095947265625,2.25,91346.484375,269.6005554199219,283.20526123046875,290.6307067871094,0.0033386012073606,0.0079478062689304,0.0128913782536983,-2.106781005859375,5.526702880859375,7.990814208984375,2.56683349609375,-1.3471832275390625,-5.6594085693359375
2023-08-21,6,1,300.3211975097656,291.88385009765625,3.460693359375,-1.57489013671875,2.75,91412.828125,269.503662109375,283.9508056640625,293.15899658203125,0.0027692527510225,0.0063253678381443,0.0124222375452518,-1.0820465087890625,5.1461334228515625,5.1136322021484375,2.388900756835937,-2.3856201171875,-2.3973541259765625
2023-08-21,12,2,302.9447631835937,290.9513244628906,1.707244873046875,-1.2797393798828125,0.0,91098.734375,270.525146484375,284.3695068359375,296.07421875,0.0022244902793318,0.0066223740577697,0.0114179961383342,-0.3443145751953125,5.4545440673828125,3.4958953857421875,1.6817626953125,-2.202880859375,-2.886077880859375
2023-08-21,18,3,296.8031616210937,291.83026123046875,1.4111328125,-1.777069091796875,6.75,91375.40625,269.49658203125,282.86932373046875,294.1485595703125,0.0022511365823447,0.0072396881878376,0.0127656981348991,-0.89532470703125,-0.70159912109375,3.068206787109375,-0.070098876953125,-1.27520751953125,-4.3886260986328125
2023-08-22,0,0,295.3315734863281,293.4159851074219,1.8990020751953125,-1.6346893310546875,58.75,91252.671875,269.4268798828125,282.20831298828125,293.2894897460937,0.0027416292577981,0.0088045299053192,0.0129797980189323,-2.2614898681640625,2.3306121826171875,3.5634918212890625,-0.3910980224609375,1.2657470703125,-4.0326080322265625
2023-08-22,6,1,301.00006103515625,292.6956787109375,2.2518463134765625,0.33892822265625,0.0,91357.0,269.7684326171875,283.7962341308594,293.0892333984375,0.0028780109714716,0.0083291828632354,0.0134472250938415,-3.28228759765625,3.565887451171875,3.2283172607421875,-1.1937255859375,2.6068572998046875,0.3146820068359375
2023-08-22,12,2,302.4866027832031,292.361083984375,2.7139892578125,0.449798583984375,11.5,91137.109375,269.7292785644531,284.26495361328125,295.80523681640625,0.0036800378002226,0.0068526975810527,0.0126720331609249,-3.142913818359375,4.359527587890625,4.8034515380859375,0.6789398193359375,1.479034423828125,0.649749755859375
2023-08-22,18,3,297.4232788085937,291.7259216308594,1.789642333984375,-0.09661865234375,23.75,91489.0625,268.8819274902344,284.31884765625,293.44189453125,0.0037836679257452,0.006867729127407,0.013198010623455,-2.836776733398437,3.685699462890625,6.406982421875,2.272735595703125,2.278915405273437,-3.832931518554688
2023-08-23,0,0,295.47808837890625,293.2262268066406,1.6906890869140625,-0.0229644775390625,28.75,91368.734375,269.4644775390625,283.6426086425781,292.1467590332031,0.0036685834638774,0.0072658956050872,0.0125033929944038,-0.9796295166015624,3.83612060546875,5.9228363037109375,2.670318603515625,0.8726959228515625,-2.9931640625
2023-08-23,6,1,300.7158203125,291.2875366210937,2.8557281494140625,-0.1797027587890625,0.0,91443.40625,269.30401611328125,283.76470947265625,292.75848388671875,0.003739149775356,0.0059195905923843,0.0122782252728939,-0.4589996337890625,4.132736206054688,4.199508666992188,1.863067626953125,1.7878265380859375,-0.2926788330078125
2023-08-23,12,2,302.7074584960937,290.6965026855469,2.56787109375,-0.08306884765625,0.0,91134.578125,269.618896484375,283.83953857421875,296.2812805175781,0.0033252246212214,0.0067044273018836,0.0111004821956157,-0.8075103759765625,6.9572296142578125,5.113815307617188,2.867767333984375,4.3639678955078125,-0.3839874267578125
2023-08-23,18,3,297.37518310546875,291.425537109375,2.154815673828125,-1.40850830078125,6.0,91421.71875,269.4302673339844,283.97723388671875,293.07696533203125,0.0028589577414095,0.0063266120851039,0.0131013430655002,-0.017425537109375,5.138397216796875,6.342086791992188,3.7369537353515625,2.584197998046875,-4.3739013671875
2023-08-24,0,0,295.0314636230469,293.0377197265625,2.480194091796875,-0.2281494140625,0.0,91365.609375,269.929443359375,283.87701416015625,292.3901672363281,0.0025645543355494,0.0030120029114186,0.0119004920125007,0.650604248046875,4.9978790283203125,6.7877960205078125,1.921722412109375,2.369964599609375,-1.4531707763671875
2023-08-24,6,1,300.0350952148437,291.22125244140625,3.44970703125,0.133514404296875,0.0,91433.34375,269.7832946777344,284.11737060546875,292.5503234863281,0.0027403149288147,0.0019736387766897,0.0119670219719409,1.3511810302734375,5.7281646728515625,5.278076171875,1.086517333984375,2.286834716796875,0.0191497802734375
2023-08-24,12,2,302.306884765625,290.654296875,2.86181640625,-0.123992919921875,0.75,91158.34375,269.60089111328125,282.6682434082031,295.5812683105469,0.0028431550599634,0.005661622621119,0.0104436967521905,3.26348876953125,5.191864013671875,5.966827392578125,0.6587982177734375,1.3443603515625,-0.430023193359375
2023-08-24,18,3,296.6133728027344,291.5170288085937,2.8856658935546875,0.0518951416015625,0.0,91423.53125,269.30181884765625,283.6484680175781,292.6082763671875,0.0027240032795816,0.0062811933457851,0.0129880979657173,2.564361572265625,4.3271331787109375,6.924652099609375,0.878997802734375,-2.4967803955078125,-2.351837158203125
2023-08-25,0,0,294.74639892578125,293.09722900390625,2.2329254150390625,0.2726593017578125,0.0,91329.296875,269.7513427734375,282.8682861328125,292.46905517578125,0.0025494757574051,0.0057074017822742,0.0108191259205341,3.166000366210937,2.573348999023437,7.070602416992188,2.2360382080078125,0.4624786376953125,-0.48773193359375
2023-08-25,6,1,301.1307983398437,291.5203857421875,2.89642333984375,0.78997802734375,0.0,91440.1875,269.4857482910156,283.7786560058594,292.9150390625,0.0024794773198664,0.0042160600423812,0.0116091892123222,4.267852783203125,4.215988159179688,4.283859252929688,-0.34576416015625,0.3309326171875,1.142181396484375
2023-08-25,12,2,303.300537109375,290.7109069824219,1.8865509033203125,0.2772674560546875,0.0,91189.078125,269.77569580078125,283.9655456542969,296.67144775390625,0.002025541383773,0.0049350000917911,0.0104531608521938,4.220916748046875,3.7623291015625,4.5040130615234375,-1.2770843505859375,0.0059356689453125,0.2978973388671875
2023-08-25,18,3,297.4705810546875,292.36932373046875,3.06817626953125,-0.5771942138671875,2.25,91533.875,269.3424072265625,283.6586608886719,292.9644775390625,0.0017152021173387,0.0061315707862377,0.0135723687708377,2.3616943359375,1.50762939453125,7.093307495117188,-0.505279541015625,-0.6919708251953125,-2.1707916259765625
2023-08-26,0,0,295.9903564453125,293.7533264160156,2.2984161376953125,0.09881591796875,35.0,91419.328125,269.03668212890625,282.8328552246094,292.1405944824219,0.0014011377934366,0.0095014832913875,0.0138198025524616,1.85833740234375,1.8560333251953125,7.737457275390625,0.1265106201171875,0.0939178466796875,-2.048126220703125
2023-08-26,6,1,301.14605712890625,292.7539978027344,3.163818359375,0.13262939453125,5.75,91489.140625,269.2823486328125,283.80450439453125,292.4840087890625,0.0015677504707127,0.0103038139641284,0.0141634196043014,2.998504638671875,2.8566436767578125,4.680465698242188,-0.4163360595703125,-1.585052490234375,0.155364990234375
2023-08-26,12,2,300.0810546875,295.6581420898437,2.7407684326171875,-1.264984130859375,105.0,91290.671875,269.6098022460937,284.09051513671875,294.6518859863281,0.0033566099591553,0.0091641172766685,0.0133561193943023,2.26202392578125,2.9939117431640625,6.15179443359375,-0.8022918701171875,1.61553955078125,-1.0636444091796875
2023-08-26,18,3,296.16552734375,293.7908935546875,2.03271484375,-0.696868896484375,124.75,91615.328125,269.6168518066406,283.1928100585937,292.21929931640625,0.0037846837658435,0.0093926712870597,0.0141900926828384,0.8227996826171875,1.27349853515625,5.2308502197265625,-1.274810791015625,1.1636810302734375,-3.173568725585937
2023-08-27,0,0,295.9681396484375,293.78515625,1.6443328857421875,-0.1283416748046875,66.25,91500.609375,268.5613098144531,282.8711853027344,292.32196044921875,0.0045377388596534,0.0099179930984973,0.0121546909213066,1.467987060546875,3.955657958984375,6.06854248046875,-0.0296783447265625,0.2105255126953125,-4.4438323974609375
2023-08-27,6,1,300.7449645996094,292.3861083984375,2.9246978759765625,-1.04718017578125,0.0,91603.953125,268.939453125,283.37078857421875,292.87420654296875,0.0042953863739967,0.0094320774078369,0.0132504925131797,1.6998443603515625,4.4062347412109375,4.3460540771484375,-0.8756866455078125,-0.2880859375,-1.79534912109375
2023-08-27,12,2,298.67706298828125,293.0523681640625,2.9405670166015625,-2.39471435546875,85.0,91359.640625,268.51806640625,283.644287109375,294.1248474121094,0.0047237426042556,0.0089203491806983,0.0126400403678417,2.58148193359375,3.4962615966796875,6.643310546875,-1.1763763427734375,0.9521484375,-4.103363037109375
2023-08-27,18,3,296.9192199707031,293.8612365722656,2.37982177734375,0.1913909912109375,196.5,91594.015625,269.0311889648437,283.13299560546875,293.0743408203125,0.0041037052869796,0.0090648457407951,0.0131567195057868,1.5757598876953125,2.691513061523437,5.656173706054688,-1.7704925537109375,-0.907562255859375,-3.083953857421875
2023-08-28,0,0,295.0502319335937,292.87579345703125,2.471420288085937,-0.40789794921875,6.25,91423.109375,269.4403076171875,283.4554443359375,292.307861328125,0.0046128779649734,0.0085550956428051,0.0104396641254425,2.320785522460937,5.22003173828125,7.738906860351562,-2.850799560546875,0.620391845703125,-3.88970947265625
2023-08-28,6,1,301.498779296875,290.8924560546875,3.49542236328125,-1.3807373046875,0.0,91557.671875,268.31744384765625,284.00762939453125,292.99151611328125,0.0044392421841621,0.0090906806290149,0.0121992258355021,2.0029296875,6.6646728515625,5.375259399414063,-1.2967681884765625,-0.52032470703125,-2.30889892578125
2023-08-28,12,2,304.1441650390625,290.4378967285156,2.070892333984375,-0.185455322265625,5.25,91212.6875,268.55224609375,282.2589111328125,297.1800842285156,0.003191219875589,0.0101895481348037,0.0106234289705753,4.894622802734375,5.002944946289063,5.394058227539063,-2.5390625,-1.5303955078125,-1.1099395751953125
2023-08-28,18,3,297.45391845703125,292.4717102050781,2.5846405029296875,-0.7797088623046875,148.5,91505.109375,268.6366577148437,283.0180053710937,292.30908203125,0.0031535152811557,0.0092272944748401,0.014145191758871,4.6903839111328125,3.4134063720703125,8.015823364257812,-2.023956298828125,-2.51190185546875,-3.818115234375
2023-08-29,0,0,296.1996154785156,293.0558776855469,2.8324737548828125,-0.6716766357421875,37.5,91324.171875,269.3868408203125,282.6881408691406,292.1009521484375,0.0035915079060941,0.0090634934604167,0.0123557671904563,0.846954345703125,4.9884796142578125,8.212493896484375,-3.807952880859375,-0.6602020263671875,-5.9405364990234375
2023-08-29,6,1,301.537841796875,291.23687744140625,2.977569580078125,-2.490966796875,7.625,91474.25,268.207763671875,282.6440734863281,293.219482421875,0.0028346022590994,0.0089283138513565,0.0127597637474536,2.7338104248046875,5.926559448242188,4.416839599609375,0.6577606201171875,-1.21044921875,-3.87890625
2023-08-29,12,2,302.6300354003906,291.1683044433594,2.6227569580078125,-1.9169769287109373,3.75,91169.84375,269.0930480957031,283.3475341796875,295.6361083984375,0.0027605949435383,0.0092773512005805,0.0121455192565917,3.259262084960937,5.0330963134765625,4.125823974609375,0.843780517578125,-2.62493896484375,-4.0048675537109375
2023-08-29,18,3,297.3681030273437,292.924560546875,2.759918212890625,-0.7088470458984375,39.75,91509.96875,268.5413818359375,283.0867919921875,292.4832763671875,0.0025193872861564,0.0078195817768573,0.0133453346788883,2.8532257080078125,2.6110992431640625,6.5269317626953125,-1.8165435791015625,-2.69610595703125,-5.12420654296875
2023-08-30,0,0,295.5504150390625,292.84161376953125,2.18951416015625,-0.416595458984375,0.0,91393.296875,270.094970703125,282.5150146484375,292.4402160644531,0.0015297033824026,0.0080322511494159,0.0105478055775165,0.6418609619140625,3.9239349365234375,6.505416870117188,-2.583343505859375,-1.9122772216796875,-4.1856231689453125
2023-08-30,6,1,301.77496337890625,291.61004638671875,3.0977783203125,-1.5103607177734375,4.5,91473.921875,269.06689453125,283.6142272949219,293.439453125,0.0016139168292284,0.0078502371907234,0.0125210024416446,1.55316162109375,3.852005004882813,4.429122924804688,-3.664596557617188,-2.51556396484375,-2.47308349609375
2023-08-30,12,2,303.036376953125,291.94439697265625,2.190414428710937,-2.158721923828125,1.5,91187.40625,269.54595947265625,284.04156494140625,295.87603759765625,0.0015661818906664,0.0075668394565582,0.0118510872125625,3.328460693359375,2.8114776611328125,3.5237579345703125,-3.4812774658203125,-1.926422119140625,-3.8742523193359375
2023-08-30,18,3,297.3409118652344,292.8616638183594,0.66485595703125,0.19207763671875,162.25,91491.5625,269.248779296875,282.3748779296875,293.41796875,0.0020828512497246,0.0081252790987491,0.013344544917345,1.1912078857421875,0.5075531005859375,2.7892303466796875,-4.4151611328125,-0.8691558837890625,-2.9020538330078125
2023-08-31,0,0,295.888671875,293.5023803710937,1.4696197509765625,-0.5074615478515625,597.25,91374.34375,268.8661193847656,284.14459228515625,292.1410522460937,0.0024404670111835,0.0080156233161687,0.0148148797452449,0.07586669921875,2.091796875,3.0637664794921875,-3.319000244140625,-1.589935302734375,-4.295913696289063
2023-08-31,6,1,301.6794128417969,292.992919921875,1.20062255859375,-1.520904541015625,324.0,91477.453125,269.7630615234375,282.22967529296875,294.06756591796875,0.0026185547467321,0.0097049213945865,0.0141467861831188,0.8115997314453125,0.439697265625,1.320556640625,-0.159271240234375,-0.62310791015625,-2.132659912109375
2023-08-31,12,2,300.5712890625,292.6486511230469,2.048446655273437,-1.093414306640625,317.5,91236.90625,269.2054443359375,283.58740234375,295.1546936035156,0.0041656382381916,0.0103072635829448,0.0134669169783592,1.655120849609375,2.22235107421875,2.7113800048828125,-2.2161102294921875,-1.536529541015625,-2.305892944335937
2023-08-31,18,3,294.61407470703125,293.2417297363281,0.571197509765625,0.8817291259765625,709.75,91574.046875,268.7386779785156,283.1318054199219,291.0052490234375,0.004763476550579,0.010025031864643,0.0151394084095954,-1.0197601318359375,1.4959869384765625,2.993515014648437,-2.27239990234375,-1.8030548095703125,-1.2123870849609375
2023-09-01,0,0,295.7658996582031,293.921142578125,0.4004974365234375,-0.7553863525390625,157.5,91435.96875,269.17401123046875,283.0665283203125,291.9372863769531,0.0051610581576824,0.0080917254090309,0.0135638862848281,-0.7708587646484375,1.9643707275390625,3.039154052734375,0.148651123046875,-1.9554443359375,-3.764846801757813
2023-09-01,6,1,301.33233642578125,293.65106201171875,1.6252593994140625,-0.91094970703125,278.25,91495.21875,269.7774658203125,283.8733215332031,292.85137939453125,0.0048506706953048,0.0075847879052162,0.0139761678874492,-0.4687957763671875,0.7081146240234375,1.8553924560546875,1.702545166015625,0.8177490234375,-2.16278076171875
2023-09-01,12,2,302.2811279296875,292.032958984375,0.8510589599609375,-0.824493408203125,75.0,91173.078125,269.94805908203125,284.3411865234375,295.66094970703125,0.0050163138657808,0.0081106200814247,0.0132509768009185,0.310455322265625,2.17498779296875,0.947967529296875,0.1450042724609375,-0.210418701171875,-1.563262939453125
2023-09-01,18,3,297.0453491210937,294.0584716796875,1.0971832275390625,1.04827880859375,134.5,91537.875,268.8602905273437,283.37799072265625,292.4056396484375,0.00517563149333,0.0095497630536556,0.0141992643475532,-1.2317657470703125,0.7368621826171875,4.53106689453125,-0.935699462890625,-1.0398712158203125,-1.2060546875
2023-09-02,0,0,295.9949951171875,294.57666015625,2.075897216796875,0.0355682373046875,236.25,91349.4375,269.314208984375,283.9239501953125,292.3131408691406,0.0044155269861221,0.0094088800251483,0.013970173895359,-2.579315185546875,0.8592376708984375,5.3845977783203125,-1.0078125,-0.3100128173828125,-0.1248779296875
2023-09-02,6,1,300.4292907714844,293.2582397460937,3.337310791015625,-0.9009857177734376,676.75,91497.53125,268.9674072265625,283.7989501953125,292.9266052246094,0.0040893913246691,0.0094124302268028,0.0150573849678039,-2.615829467773437,0.6678314208984375,4.949478149414063,0.9792022705078124,-0.6311187744140625,-1.6056976318359375
2023-09-02,12,2,298.75372314453125,294.1195068359375,2.868011474609375,0.8902130126953125,947.25,91154.171875,269.5673828125,284.033447265625,294.1681213378906,0.0046935155987739,0.0097310505807399,0.0153653621673583,-1.1582794189453125,1.0624542236328125,6.472427368164063,-0.3109893798828125,-0.2010345458984375,0.5839080810546875
2023-09-02,18,3,295.75897216796875,294.1007385253906,2.8928680419921875,-0.0035552978515625,247.25,91509.984375,268.951416015625,283.57550048828125,291.99139404296875,0.0052000917494297,0.0100932978093624,0.0129881836473941,0.23260498046875,3.116485595703125,9.456771850585938,0.4281768798828125,-0.1620635986328125,-4.535659790039063
2023-09-03,0,0,294.9901123046875,293.50079345703125,2.423065185546875,-0.4239044189453125,71.75,91327.484375,268.77606201171875,283.00177001953125,291.3927001953125,0.0052441405132412,0.0102648548781871,0.0115264356136322,2.751953125,5.708053588867188,7.8411102294921875,0.08013916015625,-2.67633056640625,-4.565460205078125
2023-09-03,6,1,299.4517822265625,292.0538330078125,3.970733642578125,-2.106796264648437,0.0,91356.984375,270.1670837402344,283.9223022460937,292.21759033203125,0.0043682977557182,0.0095190852880477,0.0131188379600644,4.6513671875,3.372650146484375,6.254684448242188,0.42437744140625,-3.120849609375,-3.548202514648437
2023-09-03,12,2,300.8551025390625,291.1359558105469,2.719512939453125,-1.012603759765625,0.0,91032.171875,269.69287109375,283.8724365234375,294.54547119140625,0.004990991204977,0.0094192139804363,0.0120313577353954,3.145965576171875,4.361495971679688,6.620758056640625,-3.0646514892578125,-1.47589111328125,-2.788558959960937
2023-09-03,18,3,295.74285888671875,291.1079406738281,3.6742095947265625,-0.304779052734375,0.25,91282.40625,269.1622619628906,283.37261962890625,291.4910888671875,0.0047107059508562,0.0097432695329189,0.0135128386318683,2.342987060546875,6.5003204345703125,10.410293579101562,-3.35333251953125,-2.0545806884765625,-2.96685791015625
2023-09-04,0,0,295.05401611328125,291.63970947265625,3.83538818359375,-0.5436248779296875,0.0,91138.515625,269.10504150390625,283.72906494140625,290.03497314453125,0.0048242062330245,0.0077915787696838,0.012496642768383,3.57708740234375,5.8014984130859375,11.741943359375,-2.001495361328125,-4.168228149414063,-4.75811767578125
2023-09-04,6,1,299.2311096191406,290.89501953125,5.71563720703125,-3.2553253173828125,3.0,91235.65625,269.08160400390625,283.93084716796875,291.4530334472656,0.0045800022780895,0.0090590380132198,0.0125695019960403,3.702178955078125,6.2627716064453125,9.271377563476562,-2.3711700439453125,-3.5574951171875,-5.4581146240234375
2023-09-04,12,2,298.3510131835937,291.84246826171875,4.620529174804688,-2.3789215087890625,1.0,91088.34375,269.34942626953125,282.5894775390625,290.854736328125,0.0049534626305103,0.0094051100313663,0.0120332688093185,7.3664703369140625,9.52984619140625,10.480819702148438,0.0696868896484375,-4.696823120117188,-5.5806884765625
2023-09-04,18,3,294.5819091796875,292.7177734375,3.838592529296875,-0.5423736572265625,28.0,91273.203125,269.18634033203125,283.07342529296875,290.1680908203125,0.0054036639630794,0.0099133774638175,0.0110045820474624,8.796539306640625,8.1875,12.621978759765623,-1.207855224609375,-6.7293548583984375,-4.27606201171875
2023-09-05,0,0,294.27685546875,293.4568786621094,3.7557525634765625,0.5811309814453125,0.25,91078.96875,269.76934814453125,283.249267578125,291.1509094238281,0.0047219023108482,0.0096417553722858,0.0105026923120021,6.26678466796875,4.9282989501953125,12.821624755859377,-2.685943603515625,-7.704315185546875,-3.685745239257813
2023-09-05,6,1,299.29644775390625,293.09521484375,5.3890228271484375,-1.5323486328125,80.5,91211.390625,270.017822265625,282.6488037109375,292.34716796875,0.0046499781310558,0.0095528326928615,0.0132273882627487,4.278778076171875,8.277313232421875,8.526641845703125,-1.291839599609375,-4.207275390625,-2.583404541015625
2023-09-05,12,2,296.89569091796875,293.8857727050781,3.2380523681640625,-1.043182373046875,207.5,91044.53125,269.6668701171875,283.11053466796875,291.9774169921875,0.0057949479669332,0.0104712210595607,0.0140411742031574,6.032485961914063,7.953506469726562,8.198257446289062,-3.2960205078125,-3.85748291015625,-4.601409912109375
2023-09-05,18,3,294.1268920898437,293.41619873046875,3.5005340576171875,1.749176025390625,28.25,91242.328125,269.18914794921875,283.2789306640625,290.88446044921875,0.0054960958659648,0.0101984068751335,0.0139179825782775,4.31976318359375,5.8012237548828125,11.6661376953125,-0.298095703125,-5.6595611572265625,0.019775390625
2023-09-06,0,0,294.4942626953125,293.5229187011719,3.0457305908203125,0.0657501220703125,19.0,91101.8125,268.8774719238281,283.52325439453125,292.47430419921875,0.0049528367817401,0.0093301199376583,0.0125743597745895,5.1236572265625,5.5158538818359375,11.3485107421875,-1.198455810546875,-2.7729644775390625,-3.884109497070313
2023-09-06,6,1,299.4604797363281,293.0743103027344,4.580352783203125,-0.6993255615234375,9.25,91288.75,270.0735778808594,283.1732788085937,292.0079040527344,0.0049211643636226,0.0087963007390499,0.0136517994105815,5.679901123046875,6.777191162109375,7.207717895507812,-0.5196533203125,-1.668670654296875,-1.2940826416015625
2023-09-06,12,2,297.8872985839844,293.8741149902344,3.225082397460937,0.8715667724609375,141.25,91110.53125,270.60552978515625,283.51239013671875,292.577880859375,0.004902858287096,0.010082084685564,0.0140957310795784,4.7382659912109375,5.5612335205078125,10.05108642578125,-0.2671356201171875,-0.7746734619140625,0.428009033203125
2023-09-06,18,3,295.49176025390625,293.89910888671875,3.545501708984375,1.7666168212890625,20.5,91337.75,269.6181030273437,283.5609741210937,291.1630859375,0.0048605985939502,0.0093139037489891,0.014457881450653,2.05633544921875,7.57684326171875,11.601852416992188,-1.060882568359375,-0.073699951171875,1.8218841552734373
2023-09-07,0,0,295.4357604980469,293.894287109375,3.0579071044921875,0.243896484375,96.0,91212.859375,269.70721435546875,283.4134521484375,290.8239440917969,0.0049022808670997,0.0078664049506187,0.0137923397123813,2.827255249023437,8.212554931640625,10.680450439453123,3.329559326171875,0.0289764404296875,-0.32879638671875
2023-09-07,6,1,300.2987670898437,292.45379638671875,4.894622802734375,0.5599365234375,1.5,91348.484375,269.8932800292969,284.03912353515625,292.41143798828125,0.0051028132438659,0.0072166994214057,0.0133205689489841,3.994918823242188,9.658355712890623,8.160079956054688,3.6167144775390634,-0.13916015625,0.518402099609375
2023-09-07,12,2,298.9958190917969,293.5609741210937,3.33721923828125,1.2431793212890625,682.75,91144.890625,270.1997985839844,283.3510131835937,292.8099060058594,0.0055360309779644,0.0103037431836128,0.0148849580436944,4.186767578125,10.68316650390625,11.743453979492188,2.117294311523437,-1.3624725341796875,2.327667236328125
2023-09-07,18,3,294.80230712890625,293.0372314453125,3.81884765625,1.4544525146484375,107.0,91457.234375,269.21844482421875,283.1884765625,290.80841064453125,0.0053886882960796,0.0097084939479827,0.0136458128690719,0.2627410888671875,9.770401000976562,13.626953125,3.29656982421875,-2.15032958984375,0.9731903076171876
2023-09-08,0,0,295.2390441894531,293.74151611328125,2.9796142578125,1.1784210205078125,4.0,91368.96875,268.8644104003906,283.65167236328125,290.8597412109375,0.0051117278635501,0.0076244212687015,0.013127040117979,0.389251708984375,12.073471069335938,12.539703369140623,0.894989013671875,-0.6793365478515625,1.1189117431640625
2023-09-08,6,1,299.62359619140625,292.32684326171875,6.5227813720703125,1.4675445556640625,5.0,91453.03125,269.9989013671875,283.5311584472656,292.0657958984375,0.0043973214924335,0.0089107155799865,0.0136294737458229,2.265594482421875,12.577529907226562,11.418746948242188,2.051055908203125,-1.7817535400390625,2.287109375
2023-09-08,12,2,300.407470703125,292.4656677246094,3.935516357421875,1.23431396484375,0.25,91227.6875,271.0812072753906,283.2933044433594,293.3896179199219,0.0042417421936988,0.009546797722578,0.0131934024393558,0.329437255859375,12.148483276367188,11.26806640625,5.0431671142578125,-3.06915283203125,1.631866455078125
2023-09-08,18,3,295.26910400390625,293.2084350585937,3.59100341796875,0.9093780517578124,9.5,91490.59375,269.1444702148437,283.4071044921875,290.62091064453125,0.0046655312180519,0.0082139000296592,0.013366013765335,1.9771881103515625,11.003494262695312,11.9208984375,2.401275634765625,-4.382354736328125,-2.02880859375
2023-09-09,0,0,295.0350952148437,293.4409484863281,3.0815887451171875,0.871795654296875,3.5,91328.359375,269.8123779296875,283.8002319335937,290.1086730957031,0.0039503062143921,0.0079663954675197,0.013649396598339,2.78948974609375,9.60052490234375,11.99017333984375,3.233749389648437,-6.9315185546875,-1.5782012939453125
2023-09-09,6,1,300.2038269042969,292.2038269042969,6.1426849365234375,-0.880340576171875,3.25,91406.828125,270.361328125,284.6747436523437,292.9906616210937,0.0037568912375718,0.0069066695868968,0.012945033609867,3.716888427734375,9.304473876953123,10.02178955078125,1.778778076171875,-6.458053588867188,-1.9441070556640625
2023-09-09,12,2,301.0799865722656,293.5728759765625,4.231216430664063,-0.6425323486328125,56.0,91142.78125,270.664794921875,284.1152648925781,294.0457763671875,0.0038577620871365,0.0092195570468902,0.0140085332095623,1.396270751953125,7.823760986328125,9.939422607421877,-1.0422821044921875,-5.025543212890625,-2.6610260009765625
2023-09-09,18,3,295.9550170898437,293.35601806640625,3.5299530029296875,0.4083709716796875,11.75,91425.6875,269.83905029296875,284.244140625,290.9898681640625,0.0038181347772479,0.0078487321734428,0.0140699632465839,0.503387451171875,5.9986724853515625,10.81671142578125,-2.8474884033203125,-4.70068359375,-3.522247314453125
2023-09-10,0,0,295.5088806152344,293.55963134765625,3.4813690185546875,0.1157073974609375,2.25,91248.765625,269.7393493652344,283.52978515625,290.3272705078125,0.0042387940920889,0.0092747397720813,0.0134148113429546,-2.949203491210937,8.255477905273438,11.878433227539062,-2.377044677734375,-3.087188720703125,-2.9577789306640625
2023-09-10,6,1,300.584716796875,291.93994140625,5.649093627929688,-0.3493194580078125,5.25,91361.640625,270.12908935546875,283.942626953125,292.7159423828125,0.0042983461171388,0.0066578760743141,0.012840274721384,-1.2435760498046875,9.578094482421877,9.217041015625,-1.9179534912109373,-4.432632446289063,-1.08233642578125
2023-09-10,12,2,300.3583068847656,293.9076538085937,3.2887420654296875,-0.3075714111328125,45.75,91102.359375,269.74542236328125,283.4191589355469,294.2962951660156,0.003812093520537,0.0089639201760292,0.0137623772025108,-1.1258087158203125,8.20404052734375,8.746688842773438,-1.0630035400390625,-2.2028350830078125,-2.233001708984375
2023-09-10,18,3,295.9425048828125,293.2917175292969,3.2933502197265625,0.6476898193359375,0.0,91408.015625,269.35675048828125,283.80206298828125,291.7392883300781,0.0036453569773584,0.0080060623586177,0.0132813677191734,-0.1968231201171875,6.83489990234375,10.002273559570312,-0.808685302734375,-4.039810180664063,-2.467758178710937
2023-09-11,0,0,295.85821533203125,293.4359741210937,3.8056488037109375,0.1351470947265625,1.0,91277.5625,269.56134033203125,283.5706787109375,290.07867431640625,0.0033766976557672,0.0076249241828918,0.0134540051221847,0.321441650390625,7.7128448486328125,12.485595703125,-0.038909912109375,-4.404312133789063,-3.424560546875
2023-09-11,6,1,300.44775390625,292.658935546875,5.1562042236328125,0.0124664306640625,13.5,91381.0,268.962646484375,283.5803527832031,291.9928283691406,0.0035573418717831,0.0093347281217575,0.0138451009988784,0.7309417724609375,8.181396484375,8.848312377929688,-0.4387969970703125,-4.088638305664063,-0.2103424072265625
2023-09-11,12,2,300.0157470703125,293.03924560546875,3.2832183837890625,-0.2656707763671875,5.75,91164.5,269.4179077148437,283.4488525390625,293.7951965332031,0.0039754109457135,0.0089223198592662,0.0130025632679462,2.8304901123046875,8.448760986328125,8.960906982421875,0.144744873046875,-4.447052001953125,-2.41436767578125
2023-09-11,18,3,295.9911804199219,292.7165832519531,4.133956909179688,0.2563323974609375,0.0,91432.578125,268.75274658203125,283.8694763183594,291.2304992675781,0.0038135799113661,0.0078706033527851,0.0131290070712566,3.124786376953125,7.12646484375,11.287384033203123,0.92584228515625,-4.31488037109375,-3.0709686279296875
2023-09-12,0,0,295.4039306640625,293.0123291015625,4.0042877197265625,0.2929840087890625,0.0,91327.1875,268.2109375,283.48065185546875,290.0885925292969,0.0043888576328754,0.0072204582393169,0.0124618224799633,4.0817413330078125,7.7231903076171875,12.376678466796877,-1.4935760498046875,-3.127548217773437,-2.7059783935546875
2023-09-12,6,1,299.92974853515625,292.0601806640625,5.2802581787109375,-2.3436279296875,8.5,91449.625,268.4878845214844,284.1348876953125,293.0723876953125,0.0043604746460914,0.0063353739678859,0.0125409513711929,3.00360107421875,9.887191772460938,9.249465942382812,0.5722503662109375,-2.41961669921875,-4.155563354492188
2023-09-12,12,2,300.714111328125,292.0712890625,3.500335693359375,-0.751678466796875,169.25,91206.265625,268.33111572265625,282.87255859375,294.2127685546875,0.0044653788208961,0.0088091753423213,0.0135137997567653,6.261001586914063,8.566299438476562,8.1441650390625,-0.0683746337890625,-4.912445068359375,-3.2807769775390625
2023-09-12,18,3,296.17877197265625,293.1976928710937,2.981918334960937,0.585296630859375,2.25,91504.4375,268.8067626953125,283.4920654296875,291.643310546875,0.0042958743870258,0.007532775402069,0.0131894908845424,4.786834716796875,7.751358032226562,9.7880859375,0.3614349365234375,-3.922149658203125,-3.348663330078125
2023-09-13,0,0,295.518310546875,293.39532470703125,2.7494049072265625,-0.5334625244140625,0.0,91332.296875,268.1706237792969,283.0072021484375,290.9888610839844,0.0046540219336748,0.007824569940567,0.0127952061593532,8.658920288085938,8.06591796875,10.227828979492188,-2.6083526611328125,-3.2414703369140625,-5.916290283203125
2023-09-13,6,1,300.54315185546875,291.83367919921875,4.93402099609375,-0.362213134765625,46.5,91444.9375,268.7518310546875,283.06842041015625,292.6317138671875,0.0029128061141818,0.0075840130448341,0.0133863016963005,4.8017578125,9.314956665039062,7.781768798828125,-3.328887939453125,-2.248275756835937,-0.894500732421875
2023-09-13,12,2,300.0021667480469,292.80889892578125,4.0722198486328125,-0.0112152099609375,82.25,91190.53125,269.69586181640625,282.9713134765625,293.64263916015625,0.0026677153073251,0.009330422617495,0.0125117115676403,5.14453125,8.652664184570312,10.5360107421875,-1.9805755615234373,-1.9113616943359373,-0.887359619140625
2023-09-13,18,3,295.3832397460937,292.5478515625,3.48663330078125,0.879058837890625,0.0,91459.78125,268.94415283203125,283.6303100585937,291.9190673828125,0.0024299731012433,0.0076178014278411,0.0117875859141349,5.8493499755859375,8.88201904296875,10.836837768554688,-0.4786834716796875,-2.3691558837890625,-1.523681640625
2023-09-14,0,0,294.4102783203125,293.5124816894531,2.990875244140625,0.6967926025390625,0.0,91312.140625,269.08209228515625,283.1585693359375,291.6576538085937,0.0026624803431332,0.0093009732663631,0.0123277865350246,7.2571258544921875,8.763717651367188,11.990585327148438,0.197235107421875,-1.7743377685546875,-2.8792266845703125
2023-09-14,6,1,299.6807556152344,292.28857421875,5.14288330078125,0.1217041015625,12.75,91432.15625,269.33990478515625,283.4242553710937,292.3609313964844,0.0020933514460921,0.0092262588441371,0.0133731998503208,4.857635498046875,10.2938232421875,8.172760009765625,0.09466552734375,-2.764312744140625,0.044158935546875
2023-09-14,12,2,298.1223449707031,294.2117004394531,4.198944091796875,0.111297607421875,73.75,91191.90625,269.3770751953125,283.4417724609375,292.51641845703125,0.0028395752888172,0.0101859867572784,0.0138526409864425,5.302459716796875,8.500244140625,11.184356689453123,0.231842041015625,-2.270126342773437,-0.1508331298828125
2023-09-14,18,3,295.1085510253906,293.0043334960937,3.699172973632813,1.3095550537109375,0.0,91436.609375,268.41436767578125,283.7561340332031,290.713623046875,0.0040675071068108,0.0096540600061416,0.0136771164834499,7.2480621337890625,8.353439331054688,12.228485107421877,0.2537078857421875,-2.0343475341796875,1.112548828125
2023-09-15,0,0,295.0853271484375,293.4042053222656,3.43359375,0.96087646484375,0.25,91294.046875,269.17828369140625,283.99664306640625,290.34674072265625,0.0041328994557261,0.0083157420158386,0.0135343521833419,6.615402221679688,9.295791625976562,13.468368530273438,2.696395874023437,-1.746429443359375,0.8632659912109375
2023-09-15,6,1,300.2367553710937,293.2075500488281,5.470367431640625,2.1505889892578125,16.0,91454.421875,269.6487731933594,284.1302490234375,292.4547119140625,0.0043885819613933,0.0096733756363391,0.0135468132793903,7.732757568359375,11.171966552734377,11.693832397460938,0.7119293212890625,0.2735137939453125,3.481552124023437
2023-09-15,12,2,298.6650085449219,294.89215087890625,4.222747802734375,0.93572998046875,158.5,91237.375,269.7655029296875,283.9052734375,292.8710021972656,0.0051561221480369,0.0097989253699779,0.0145087279379367,7.172622680664063,11.523178100585938,11.576553344726562,1.3255615234375,-0.556060791015625,3.225311279296875
2023-09-15,18,3,295.67498779296875,293.766357421875,3.56927490234375,1.347625732421875,28.75,91517.828125,268.9737243652344,284.0307006835937,290.5244445800781,0.0051857270300388,0.0098196826875209,0.0142820924520492,7.034835815429688,10.4095458984375,12.675399780273438,3.101837158203125,-0.6999053955078125,2.2584686279296875
2023-09-16,0,0,296.2012939453125,294.41314697265625,2.9897003173828125,1.4951934814453125,53.0,91366.75,268.3392333984375,284.2957458496094,290.2894592285156,0.0050141923129558,0.0088338926434516,0.0140973813831806,5.588638305664063,12.04473876953125,11.827133178710938,0.2317047119140625,-0.4597625732421875,2.015960693359375
2023-09-16,6,1,300.29376220703125,293.618408203125,6.0619659423828125,0.917877197265625,77.5,91474.84375,269.1412353515625,284.19415283203125,292.3115234375,0.0043443441390991,0.0096146427094936,0.0141337178647518,4.4449310302734375,12.662796020507812,10.814102172851562,-1.808349609375,-1.7334747314453125,1.12567138671875
2023-09-16,12,2,299.33404541015625,293.17840576171875,4.3643341064453125,0.1084747314453125,334.5,91257.96875,268.59149169921875,284.2449951171875,292.6529541015625,0.0051048099994659,0.0095970071852207,0.0148838758468627,5.997238159179688,13.96527099609375,11.636077880859377,-0.713470458984375,-6.961883544921875,-0.794342041015625
2023-09-16,18,3,295.1200561523437,293.21466064453125,3.225128173828125,0.401641845703125,62.75,91532.109375,268.7965087890625,284.1830444335937,290.2195129394531,0.0048959925770759,0.0083634220063686,0.0144034773111343,6.767425537109375,9.706222534179688,10.112106323242188,0.1692962646484375,-4.8596038818359375,-1.635009765625
2023-09-17,0,0,295.4366455078125,293.7882995605469,2.719818115234375,0.3328704833984375,12.25,91349.328125,268.697265625,283.6346130371094,290.028564453125,0.0050875283777713,0.0100941900163888,0.0134061761200428,7.355606079101562,8.6590576171875,10.541229248046877,-5.2149658203125,-5.50079345703125,-2.7393035888671875
2023-09-17,6,1,299.919189453125,293.232421875,5.205596923828125,-0.126953125,76.5,91432.359375,268.4810485839844,284.2525634765625,291.68902587890625,0.0044941827654838,0.0096583515405654,0.0143731087446212,2.932647705078125,7.984283447265625,8.789276123046875,-5.067718505859375,-4.537261962890625,-1.1480712890625
2023-09-17,12,2,298.9845886230469,294.5516967773437,2.2769927978515625,-0.41131591796875,1377.5,91155.859375,268.58917236328125,284.0126953125,292.9569702148437,0.0046183951199054,0.0102197937667369,0.0151119045913219,3.4351348876953125,8.800582885742188,7.7798309326171875,-4.8366546630859375,-2.913665771484375,-4.1519317626953125
2023-09-17,18,3,294.9992370605469,293.7397155761719,2.17840576171875,0.690948486328125,229.875,91462.140625,267.79852294921875,283.802490234375,291.96026611328125,0.0036877433303743,0.0090361833572387,0.0136894322931766,3.13031005859375,6.1988067626953125,8.430938720703125,-5.6093597412109375,-3.9200439453125,-3.0541229248046875
2023-09-18,0,0,294.47467041015625,293.5209350585937,2.727279663085937,-0.075775146484375,1.125,91228.625,268.6205139160156,283.79522705078125,292.97607421875,0.0023857846390455,0.0087553262710571,0.0118131265044212,3.546661376953125,6.302001953125,10.66986083984375,-5.620849609375,-2.617584228515625,-4.5523223876953125
2023-09-18,6,1,300.65142822265625,293.503662109375,4.0446624755859375,0.0460662841796875,687.5,91440.296875,268.21112060546875,283.26641845703125,292.02557373046875,0.0021159902680665,0.0088050402700901,0.0149813257157802,0.560821533203125,7.3563232421875,6.686614990234375,-5.01904296875,-2.11358642578125,-0.151763916015625
2023-09-18,12,2,299.4014892578125,294.3847351074219,2.871078491210937,0.971588134765625,963.5,91231.859375,267.8955078125,283.5402526855469,293.3966064453125,0.0031510947737842,0.0092927739024162,0.0150180459022521,0.2045135498046875,6.95733642578125,9.43975830078125,-5.1389923095703125,-2.2820281982421875,0.292816162109375
2023-09-18,18,3,295.4071044921875,293.5599365234375,3.005584716796875,0.5534210205078125,116.25,91530.0625,268.7094116210937,283.08319091796875,291.89373779296875,0.0029381832573562,0.0083967708051204,0.0131520442664623,-0.8075103759765625,4.5319671630859375,9.11419677734375,-2.8891754150390625,-2.050079345703125,-1.89453125
2023-09-19,0,0,295.1671142578125,293.296630859375,3.1689605712890625,0.041534423828125,0.0,91371.34375,268.6448059082031,283.8086853027344,292.1158142089844,0.0036546329502016,0.0060599260032176,0.011059895157814,-3.8210601806640634,6.1646575927734375,10.818695068359377,-1.1251983642578125,-1.7999114990234375,-4.527557373046875
2023-09-19,6,1,301.18951416015625,291.7082824707031,4.013473510742188,-0.2902984619140625,0.0,91534.578125,267.82342529296875,283.6702880859375,292.429931640625,0.004425436258316,0.006706740707159,0.0127296485006809,-4.2741546630859375,4.820083618164063,6.3255462646484375,0.0180816650390625,-2.1642608642578125,-0.8014373779296875
2023-09-19,12,2,300.419189453125,293.13134765625,2.66033935546875,-0.4856414794921875,79.5,91300.421875,268.8039245605469,283.2738037109375,294.4118957519531,0.0038896116893738,0.0086598172783851,0.0131372101604938,-1.23553466796875,3.5342559814453125,5.88336181640625,-0.3683013916015625,-1.91534423828125,-2.1438751220703125
2023-09-19,18,3,295.4830322265625,292.8678894042969,1.9517974853515625,0.5708160400390625,2.5,91628.203125,268.8966064453125,282.97052001953125,291.8518371582031,0.0033931066282093,0.0089641697704792,0.0133625455200672,-2.7413482666015625,3.010482788085937,6.540328979492188,-1.601898193359375,-2.84893798828125,-1.2793426513671875
2023-09-20,0,0,294.2393798828125,293.20196533203125,2.2882232666015625,0.4527435302734375,0.0,91455.078125,269.01617431640625,282.9486999511719,292.1297607421875,0.0033183675259351,0.0100668855011463,0.0117153488099575,-2.39605712890625,2.802947998046875,8.11676025390625,-2.4155731201171875,-0.607452392578125,-2.0550079345703125
2023-09-20,6,1,300.40985107421875,292.670166015625,3.369903564453125,-0.234222412109375,144.25,91590.84375,269.1925048828125,282.8839111328125,292.06500244140625,0.0034620147198438,0.0099687688052654,0.014042492955923,-4.0651702880859375,2.8791046142578125,5.015869140625,-0.5944976806640625,0.0159912109375,-0.4652252197265625
2023-09-20,12,2,300.9646301269531,293.54986572265625,1.49737548828125,0.2613677978515625,26.25,91264.390625,269.2459411621094,283.4623107910156,294.4043884277344,0.0041959937661886,0.0092644467949867,0.0130076371133327,-0.24163818359375,4.5546722412109375,4.885055541992188,0.391082763671875,0.29925537109375,-0.5551605224609375
2023-09-20,18,3,296.17340087890625,294.423095703125,2.0023956298828125,0.389251708984375,140.75,91605.609375,268.5021057128906,282.95831298828125,292.2103576660156,0.0043392423540353,0.0093813985586166,0.0135732181370258,0.57763671875,1.3567352294921875,5.579147338867188,-0.148162841796875,0.192596435546875,-1.5058746337890625
2023-09-21,0,0,294.9247131347656,293.88299560546875,1.97564697265625,-0.294281005859375,15.25,91473.40625,269.09765625,282.6692810058594,292.15533447265625,0.0042456835508346,0.0098092341795563,0.0127373747527599,-1.1469879150390625,2.6748504638671875,6.8294525146484375,2.635467529296875,0.3911285400390625,-3.0585174560546875
2023-09-21,6,1,299.71051025390625,293.42413330078125,3.0325164794921875,-0.4401702880859375,44.5,91614.390625,268.8533935546875,283.9503173828125,291.44512939453125,0.0042930115014314,0.0091300420463085,0.014124795794487,-0.073150634765625,2.013519287109375,4.601715087890625,5.3182220458984375,0.39935302734375,-0.7880096435546875
2023-09-21,12,2,300.92596435546875,293.47216796875,0.6844940185546875,1.0858001708984375,41.75,91240.96875,270.18682861328125,283.97723388671875,294.44744873046875,0.0033967955969274,0.0087387664243578,0.0139384008944034,1.298553466796875,3.6909332275390634,1.862457275390625,2.811630249023437,0.995513916015625,1.6773681640625
2023-09-21,18,3,295.94317626953125,294.2727966308594,1.6348724365234375,-0.4805145263671875,153.75,91549.1875,269.376708984375,283.1799011230469,292.19207763671875,0.0034056829754263,0.0096245221793651,0.0141848847270011,-0.9731597900390624,1.1175689697265625,4.955810546875,3.6009521484375,0.8302154541015625,-1.9565887451171875
2023-09-22,0,0,295.30926513671875,294.1658020019531,1.53326416015625,0.1457061767578125,240.5,91461.875,269.64093017578125,282.5843811035156,291.9588623046875,0.0037555168382823,0.0096373446285724,0.0124562047421932,-0.0653228759765625,2.30810546875,5.1524200439453125,5.791717529296875,0.406036376953125,-3.60064697265625
2023-09-22,6,1,300.69439697265625,293.1060485839844,2.311264038085937,-1.005126953125,3.0,91574.6875,269.56610107421875,283.41064453125,292.4833374023437,0.0033681609202176,0.0092544592916965,0.0136008709669113,-1.6109619140625,1.6383209228515625,3.131744384765625,5.2532501220703125,0.9595184326171876,-1.55853271484375
2023-09-22,12,2,302.084228515625,293.070556640625,0.6051483154296875,-0.1610260009765625,54.75,91248.75,269.9617614746094,283.8852233886719,294.80792236328125,0.0031786884646862,0.0086342245340347,0.0139271989464759,-2.333236694335937,0.9862060546875,0.7149810791015625,5.7514190673828125,1.5515594482421875,-0.6636505126953125
2023-09-22,18,3,296.531494140625,294.1011047363281,1.595672607421875,1.206298828125,209.75,91560.65625,268.841796875,283.7322692871094,291.9151611328125,0.0036371347960084,0.0091875828802585,0.0140075013041496,-2.7714996337890625,1.4217529296875,4.8295745849609375,3.215789794921875,2.003646850585937,-1.4537353515625
2023-09-23,0,0,295.65155029296875,294.1378479003906,1.5698089599609375,0.0132293701171875,68.5,91470.75,268.8703918457031,283.1026611328125,291.990478515625,0.0033140229061245,0.0096194148063659,0.0140027329325675,-1.94964599609375,4.3021087646484375,4.66473388671875,3.848175048828125,3.1545562744140625,-2.7467193603515625
2023-09-23,6,1,300.5634155273437,293.61541748046875,3.451766967773437,-0.1263580322265625,90.5,91531.015625,269.5956420898437,284.2830810546875,292.8715209960937,0.0023160085547715,0.0092624761164188,0.0141050852835178,-3.3980865478515625,3.8420562744140634,5.182174682617188,4.160400390625,1.6174468994140625,-0.44744873046875
2023-09-23,12,2,301.5768737792969,293.1368408203125,2.6702423095703125,1.12152099609375,99.0,91287.390625,269.491943359375,283.8927001953125,294.59698486328125,0.0029302327893674,0.0100464895367622,0.01350524649024,-2.81072998046875,1.4518280029296875,4.5469970703125,3.3984527587890625,2.1486053466796875,1.16497802734375
2023-09-23,18,3,296.5496826171875,294.0769958496094,1.9474029541015625,0.3068084716796875,159.5,91606.5,268.861083984375,283.2731628417969,292.0442810058594,0.0031644550617784,0.0100053828209638,0.0142894275486469,-0.2566986083984375,2.1913299560546875,5.583755493164063,3.122589111328125,1.6743316650390625,-2.63470458984375
2023-09-24,0,0,294.8780517578125,293.77734375,2.6736297607421875,-0.189361572265625,37.75,91554.1875,268.226806640625,283.1258850097656,290.44549560546875,0.003687210381031,0.0098202414810657,0.0138104110956192,-1.7792205810546875,5.2368011474609375,9.602783203125,1.602203369140625,0.5330657958984375,-3.48858642578125
2023-09-24,6,1,299.2723999023437,293.1510314941406,5.1033477783203125,-1.1999359130859375,104.25,91563.140625,268.2637939453125,284.46551513671875,292.51983642578125,0.0038245483301579,0.0088919959962368,0.0138691402971744,-1.8883819580078125,5.6714935302734375,8.042373657226562,1.745635986328125,-1.44024658203125,-2.370391845703125
2023-09-24,12,2,302.06396484375,292.81524658203125,1.9713134765625,0.1519012451171875,1011.0,91275.75,268.7777099609375,283.575927734375,293.9769897460937,0.0032811511773616,0.0102152191102504,0.0149575322866439,-1.289154052734375,5.395263671875,6.3760833740234375,1.071441650390625,-1.17279052734375,-1.2363739013671875
2023-09-24,18,3,296.4902038574219,293.4127197265625,2.6309356689453125,-0.494232177734375,270.5,91529.09375,268.40087890625,283.05035400390625,291.2806396484375,0.0033237931784242,0.0097509063780307,0.0144430063664913,0.1267242431640625,3.223007202148437,8.684188842773438,0.03436279296875,-2.8731842041015625,-3.5597381591796875
2023-09-25,0,0,294.8778686523437,293.5220947265625,2.640228271484375,-0.4402313232421875,55.5,91461.703125,268.8080139160156,282.8831787109375,291.04962158203125,0.0038215266540646,0.0092191062867641,0.0132225006818771,-1.465240478515625,4.37042236328125,9.01806640625,-0.666961669921875,-1.0938720703125,-6.38836669921875
2023-09-25,6,1,300.2416381835937,293.0491943359375,3.7557373046875,-1.7989349365234375,130.125,91465.828125,268.7993469238281,283.77734375,292.43194580078125,0.0039897193200886,0.0088080167770385,0.0140423662960529,-2.179473876953125,5.2425384521484375,5.67791748046875,1.2607879638671875,-1.5206451416015625,-2.982513427734375
2023-09-25,12,2,298.79278564453125,294.5426025390625,2.29229736328125,-0.336090087890625,1031.0,91179.703125,269.4141845703125,283.5009765625,293.26251220703125,0.0038208053447306,0.0101288184523582,0.0141229145228862,0.3951416015625,5.2761077880859375,6.5128326416015625,0.42413330078125,-0.87554931640625,-2.6824188232421875
2023-09-25,18,3,295.71783447265625,293.67095947265625,2.2730865478515625,0.23699951171875,29.0,91431.546875,268.7427978515625,283.83349609375,291.89752197265625,0.0038767727091908,0.0093172080814838,0.0140137337148189,1.4044036865234375,3.87054443359375,7.189987182617188,0.1165771484375,-2.7920684814453125,-2.83343505859375
2023-09-26,0,0,294.8524780273437,293.9446105957031,1.73797607421875,0.40447998046875,10.5,91312.171875,268.903564453125,283.8594055175781,291.7084655761719,0.0042947437614202,0.007533561438322,0.0127729550004005,3.9434814453125,4.3717193603515625,6.4737091064453125,-2.501739501953125,-0.80609130859375,-2.992034912109375
2023-09-26,6,1,299.9801330566406,292.52545166015625,3.5266265869140625,-0.2190093994140625,3.5,91417.59375,269.0971069335937,283.836181640625,292.5970764160156,0.0044495426118373,0.0075448937714099,0.0132475607097148,1.33721923828125,4.904998779296875,5.249176025390625,-2.70965576171875,0.3701629638671875,-0.4906158447265625
2023-09-26,12,2,300.72589111328125,293.1366271972656,2.7833251953125,0.542205810546875,38.5,91144.484375,269.14324951171875,283.9532470703125,294.6259460449219,0.0046412236988544,0.0092058442533016,0.0134127438068389,0.1763916015625,6.476409912109375,6.0038909912109375,-1.73291015625,1.3626556396484375,1.1261138916015625
2023-09-26,18,3,295.9498291015625,293.1512451171875,2.4478302001953125,0.2996978759765625,166.75,91513.25,268.46258544921875,282.49615478515625,291.27685546875,0.0047576874494552,0.0095371752977371,0.0141006186604499,0.87469482421875,5.429931640625,8.0574951171875,-0.7438812255859375,0.7085113525390625,-1.9565887451171875
2023-09-27,0,0,295.2206420898437,293.5242919921875,2.44378662109375,0.574554443359375,0.0,91330.6875,268.7184143066406,284.36474609375,291.6927490234375,0.004924438893795,0.0085160098969936,0.0117698013782501,0.2779693603515625,6.09600830078125,9.711868286132812,-2.0317535400390625,-0.2848358154296875,-2.562255859375
2023-09-27,6,1,300.654296875,292.0367736816406,5.3392333984375,-0.856903076171875,9.25,91385.046875,269.1466064453125,284.46026611328125,293.6140441894531,0.0045828409492969,0.007112767547369,0.0127242542803287,-1.38592529296875,6.9003753662109375,8.502700805664062,-1.0944366455078125,-1.4870452880859375,-1.3730926513671875
2023-09-27,12,2,299.96221923828125,292.56378173828125,3.420684814453125,-0.2985992431640625,137.5,91185.421875,269.0272827148437,283.2206420898437,293.3761901855469,0.0047752261161804,0.0096011273562908,0.013278242200613,0.086944580078125,6.765167236328125,9.676834106445312,-1.0019989013671875,-0.0065765380859375,-0.2469940185546875
2023-09-27,18,3,295.8878479003906,291.9836120605469,3.0164794921875,0.984344482421875,0.0,91515.8125,268.8388671875,282.97998046875,291.1141967773437,0.0040111187845468,0.0101234503090381,0.012376569211483,0.56671142578125,6.033935546875,10.774551391601562,-1.463104248046875,1.2664947509765625,1.2404632568359375
2023-09-28,0,0,294.7481689453125,292.91876220703125,2.3455352783203125,1.348358154296875,13.0,91260.125,269.14471435546875,284.36285400390625,291.52264404296875,0.0040042824111878,0.0107919927686452,0.0126176215708255,0.6770477294921875,5.2592620849609375,11.470687866210938,-2.7396240234375,-1.210693359375,1.3148040771484375
2023-09-28,6,1,299.52471923828125,292.5977783203125,4.9608001708984375,0.78753662109375,13.25,91450.234375,268.6591186523437,283.73687744140625,292.72802734375,0.004441674798727,0.0103909820318222,0.0136224254965782,-1.57965087890625,6.347808837890625,9.381439208984377,-1.654541015625,0.1265869140625,0.8664703369140625
2023-09-28,12,2,297.503173828125,294.56304931640625,2.748809814453125,2.054168701171875,647.25,91187.78125,268.814697265625,284.05865478515625,292.9229736328125,0.005042128264904,0.0100500509142875,0.0142109729349613,0.74267578125,8.18798828125,10.842239379882812,-0.4270782470703125,0.9315643310546876,3.889495849609375
2023-09-28,18,3,295.210205078125,293.477783203125,2.6477813720703125,1.7754669189453125,40.0,91437.625,268.941162109375,284.435791015625,290.83013916015625,0.0046070292592048,0.0094779357314109,0.013887945562601,2.4009246826171875,7.2656097412109375,10.846847534179688,1.9196929931640625,-0.9873199462890624,1.09307861328125
2023-09-29,0,0,295.4418334960937,293.3984680175781,3.1960601806640625,1.4429931640625,10.25,91259.65625,269.80523681640625,283.957763671875,291.2161865234375,0.0041568726301193,0.0092613063752651,0.0138241276144981,2.421783447265625,4.886322021484375,13.628372192382812,-1.01239013671875,-0.0766448974609375,5.1883697509765625
2023-09-29,6,1,300.91131591796875,293.541015625,5.5169525146484375,2.874786376953125,199.875,91488.8125,269.41949462890625,283.51776123046875,291.70751953125,0.0044442191720008,0.0097515657544136,0.0145083628594875,-0.3139495849609375,6.003387451171875,10.194595336914062,-0.9512481689453124,2.2180633544921875,4.9178314208984375
2023-09-29,12,2,299.4183349609375,292.6866455078125,3.420867919921875,2.403060913085937,158.5,91178.875,269.3534545898437,283.9308776855469,292.7794189453125,0.0039234533905982,0.0093418322503566,0.0135742016136646,-0.274139404296875,11.829330444335938,11.709671020507812,3.70513916015625,2.7465057373046875,4.27984619140625
2023-09-29,18,3,295.2249755859375,292.90435791015625,3.4550018310546875,2.30621337890625,1.375,91497.078125,267.94244384765625,284.23260498046875,289.98443603515625,0.0048867724835872,0.0084954909980297,0.0131807848811149,3.3697509765625,9.113525390625,12.907440185546877,4.8992767333984375,0.5469207763671875,6.3356475830078125
2023-09-30,0,0,295.7880859375,293.604736328125,3.2499542236328125,2.33221435546875,4.5,91305.609375,269.4419250488281,284.55914306640625,290.43524169921875,0.0042174085974693,0.00761104747653,0.0142006576061248,7.359695434570312,8.767181396484375,12.671478271484377,0.9069061279296876,2.628768920898437,7.318572998046875
2023-09-30,6,1,300.552490234375,293.32586669921875,6.0665130615234375,2.6726837158203125,65.5,91510.25,269.80419921875,283.86297607421875,292.142578125,0.0047201141715049,0.0089247375726699,0.0141619928181171,6.9092559814453125,12.735916137695312,10.693939208984377,0.8292236328125,2.660614013671875,4.5950469970703125
2023-09-30,12,2,299.7710876464844,292.908935546875,3.475860595703125,1.6385498046875,99.5,91277.515625,269.7175598144531,283.80792236328125,292.3808898925781,0.0053228363394737,0.0097343772649765,0.0139507204294204,7.02215576171875,12.683349609375,11.742584228515623,2.2452545166015625,3.56585693359375,4.85736083984375
2023-09-30,18,3,295.6395263671875,293.0155029296875,3.8741455078125,2.359237670898437,1.5,91504.46875,269.3871765136719,284.56561279296875,290.475341796875,0.0048446953296661,0.0086700320243835,0.0137078408151865,4.2469482421875,11.977737426757812,14.413330078125,0.80340576171875,3.2396392822265625,6.063156127929688
2023-10-01,0,0,295.2782897949219,293.8267822265625,4.14044189453125,2.222763061523437,0.0,91320.484375,269.111328125,285.1620178222656,290.3048095703125,0.0053211748600006,0.0065852254629135,0.0132302790880203,6.218231201171875,12.542068481445312,15.462478637695312,-0.1077880859375,2.883087158203125,5.8881683349609375
2023-10-01,6,1,299.08941650390625,293.25164794921875,5.627685546875,2.042510986328125,6.5,91464.09375,269.18170166015625,284.69537353515625,292.441650390625,0.00428132340312,0.0088457576930522,0.0136587433516979,5.123260498046875,13.287506103515623,12.417587280273438,1.7697601318359375,2.234100341796875,3.380966186523437
2023-10-01,12,2,299.944580078125,292.51092529296875,4.3508148193359375,2.0897369384765625,0.875,91231.390625,269.8749389648437,283.6796264648437,293.49530029296875,0.003976684063673,0.0093278735876083,0.0136264339089393,6.1516876220703125,15.199905395507812,11.57855224609375,1.1700286865234375,2.1495361328125,4.47967529296875
2023-10-01,18,3,295.167724609375,293.0064392089844,3.818695068359375,1.6719207763671875,3.125,91509.1875,269.20098876953125,285.1609191894531,290.1385498046875,0.0036824678536504,0.0068079307675361,0.0138952285051345,6.253097534179688,13.148452758789062,13.574752807617188,1.0009307861328125,0.449737548828125,2.30535888671875
2023-10-02,0,0,295.40594482421875,293.4893493652344,3.5142822265625,1.09332275390625,2.125,91392.25,269.81036376953125,284.866455078125,290.1614990234375,0.0035056783817708,0.0058266855776309,0.0135764814913272,4.4322509765625,14.617401123046877,12.439285278320312,1.8418731689453125,0.4335784912109375,-0.477081298828125
2023-10-02,6,1,301.64080810546875,291.86065673828125,6.553009033203125,0.02728271484375,0.0,91509.984375,269.7261657714844,284.5559387207031,293.0360717773437,0.0033259519841521,0.0052419006824493,0.0126242414116859,5.3171234130859375,14.0653076171875,10.591751098632812,2.131378173828125,-1.748382568359375,-0.143585205078125
2023-10-02,12,2,301.52557373046875,290.9523010253906,2.8866729736328125,-1.5717315673828125,0.0,91310.84375,270.41033935546875,284.2829895019531,294.9271850585937,0.0032198100816458,0.0063603185117244,0.0119047835469245,4.46783447265625,10.291152954101562,7.74908447265625,1.966400146484375,-3.555908203125,-3.6599273681640634
2023-10-02,18,3,296.5536499023437,292.402099609375,2.3019256591796875,0.20440673828125,0.375,91568.640625,270.488037109375,284.3868408203125,291.7491760253906,0.0032410894054919,0.0056373514235019,0.0139676928520202,2.269149780273437,6.252243041992188,7.619384765625,1.8606719970703125,-2.6154022216796875,-2.8370513916015625
2023-10-03,0,0,294.70574951171875,293.4329833984375,2.6005096435546875,-0.0054168701171875,0.0,91495.453125,270.3184814453125,284.915283203125,291.66192626953125,0.004016675055027,0.0024450197815895,0.0114173851907253,2.6108551025390625,8.019317626953125,7.0600433349609375,1.8892059326171875,-0.8641204833984375,-2.2309112548828125
2023-10-03,6,1,301.62567138671875,291.54132080078125,3.6297760009765625,-1.3015899658203125,0.0,91579.328125,270.68408203125,284.5645751953125,292.75390625,0.0036197029985487,0.0022813053801655,0.0121668167412281,3.248291015625,7.7617340087890625,5.3582916259765625,4.067413330078125,-0.8809967041015625,-2.103118896484375
2023-10-03,12,2,301.7005920410156,290.54351806640625,1.8762664794921875,-0.3003082275390625,7.75,91325.109375,271.8336181640625,281.60614013671875,295.4642639160156,0.0031968664843589,0.0061323009431362,0.0108250081539154,1.8468475341796875,5.1642913818359375,5.191665649414063,0.6531829833984375,-2.2091522216796875,-0.9183349609375
2023-10-03,18,3,296.7333374023437,292.80517578125,2.5459136962890625,-0.40771484375,0.0,91637.015625,270.742919921875,283.7166748046875,292.7836608886719,0.0031289120670408,0.005059003829956,0.0125190094113349,-0.70703125,4.600433349609375,5.65582275390625,0.7397003173828125,-1.999664306640625,-2.7126007080078125
2023-10-04,0,0,294.9642944335937,293.34722900390625,1.959014892578125,-0.2162017822265625,11.375,91497.109375,271.1637268066406,282.03155517578125,292.2232971191406,0.0027004603762179,0.0070286020636558,0.0128455758094787,0.73388671875,-0.6571807861328125,5.566314697265625,1.7237396240234375,-3.048690795898437,-3.034332275390625
2023-10-04,6,1,301.44775390625,292.3275451660156,2.7371826171875,-0.6664276123046875,7.25,91597.4375,271.5703125,282.81707763671875,292.9320678710937,0.0022899755276739,0.0061127617955207,0.0126509480178356,1.1965789794921875,-0.166656494140625,3.923507690429688,1.1208343505859375,1.197479248046875,-1.0653533935546875
2023-10-04,12,2,301.2182312011719,291.86407470703125,0.836639404296875,-1.6250152587890625,19.5,91369.234375,271.9736328125,282.9996643066406,294.9057006835937,0.002322623739019,0.0059414226561784,0.0120463445782661,0.822784423828125,0.1051788330078125,2.364486694335937,-1.727447509765625,1.641204833984375,-1.86370849609375
2023-10-04,18,3,296.5004272460937,292.7490234375,1.1932525634765625,-1.3504180908203125,2.75,91659.34375,270.7733764648437,283.3792724609375,293.09765625,0.0025596891064196,0.0025792249944061,0.0128584168851375,-1.67633056640625,3.3595428466796875,0.9001922607421875,0.606353759765625,4.216110229492188,-3.880935668945313
2023-10-05,0,0,295.07403564453125,293.333251953125,1.499114990234375,-0.583251953125,2.0,91502.421875,270.2505798339844,282.9747619628906,292.36505126953125,0.0027194500435143,0.0016317465342581,0.0131989121437072,-0.3750152587890625,5.643234252929688,0.5062408447265625,3.788864135742188,-1.0415191650390625,-3.72454833984375
2023-10-05,6,1,301.6501770019531,292.1183776855469,1.7376556396484375,0.143310546875,0.0,91557.8125,271.11962890625,283.01202392578125,293.367431640625,0.002341684885323,0.0031846724450588,0.0122910290956497,0.8145599365234375,0.7042236328125,2.2158355712890625,1.7521514892578125,-1.128631591796875,0.036224365234375
2023-10-05,12,2,302.1596984863281,291.3667907714844,0.436370849609375,-2.059783935546875,8.0,91305.5625,270.84527587890625,282.9474182128906,295.5656433105469,0.0028900825418531,0.0071027036756277,0.0112486965954303,2.7034149169921875,-0.410736083984375,1.5142364501953125,0.2967987060546875,-0.42486572265625,-3.301971435546875
2023-10-05,18,3,297.3899841308594,292.58184814453125,1.1240997314453125,-0.7164764404296875,16.0,91524.6875,270.6849365234375,281.8729553222656,294.1728210449219,0.0025612381286919,0.0047158724628388,0.0119925551116466,-0.887451171875,-2.080429077148437,-0.1300811767578125,-1.0502471923828125,3.6597900390625,-2.2308807373046875
2023-10-06,0,0,295.3962097167969,293.52886962890625,1.5460357666015625,-0.22833251953125,28.25,91437.46875,270.5975341796875,282.75128173828125,292.8103942871094,0.002096818992868,0.0029648286290466,0.0129537619650363,-0.670867919921875,3.1511993408203125,0.615570068359375,0.414825439453125,0.592132568359375,-4.0316162109375
2023-10-06,6,1,300.9974670410156,293.1275634765625,0.8875885009765625,-1.7177581787109375,39.75,91518.328125,270.8741149902344,282.47967529296875,293.11798095703125,0.0019141728989779,0.0082408525049686,0.0134068764746189,-1.0955810546875,0.8828277587890625,1.0466461181640625,1.110992431640625,-0.2891998291015625,-2.454376220703125
2023-10-06,12,2,301.0255126953125,292.61639404296875,0.6963653564453125,-1.587158203125,39.75,91302.859375,271.0787048339844,282.84637451171875,293.5717163085937,0.0023910305462777,0.0101954974234104,0.0135885924100875,0.0094146728515625,1.322357177734375,0.942962646484375,-0.6694793701171875,0.2688446044921875,-2.463973999023437
2023-10-06,18,3,297.4410400390625,293.21221923828125,0.73492431640625,0.7134246826171875,137.5,91474.015625,270.2622375488281,282.04217529296875,294.07501220703125,0.002609777264297,0.0094799548387527,0.0125903263688087,-3.3165740966796875,1.0675811767578125,-1.2196044921875,-1.233642578125,1.9708404541015625,-0.381591796875
2023-10-07,0,0,296.53741455078125,294.37158203125,0.6407318115234375,-0.861358642578125,236.5,91385.3125,270.51483154296875,282.8684997558594,292.0595703125,0.0022241224069148,0.0092610269784927,0.0142367631196975,-1.5388641357421875,1.24365234375,1.57550048828125,1.9488677978515625,-0.161285400390625,-0.9714202880859376
2023-10-07,6,1,301.854248046875,293.5252685546875,-0.427825927734375,-1.6556396484375,4.75,91518.765625,270.4133605957031,282.72442626953125,293.3544311523437,0.0024497781414538,0.0095570757985115,0.01233846321702,-3.4667205810546875,1.614593505859375,-1.020294189453125,1.9762115478515625,1.8094940185546875,-2.5883331298828125
2023-10-07,12,2,302.07623291015625,292.83074951171875,-0.32232666015625,-0.8104248046875,0.0,91317.09375,270.01690673828125,283.00909423828125,295.3348999023437,0.0027645216323435,0.0092775858938694,0.0117494612932205,-0.48846435546875,1.455841064453125,-1.2656402587890625,2.379730224609375,1.559417724609375,-2.218612670898437
2023-10-07,18,3,298.1100769042969,293.020263671875,-0.984619140625,1.101776123046875,78.75,91597.890625,269.784912109375,282.0767822265625,294.5994873046875,0.0033690114505589,0.0094745010137557,0.0118755362927913,-0.811614990234375,0.8993682861328125,-2.1767578125,1.598480224609375,0.09771728515625,0.641937255859375
2023-10-08,0,0,297.0263061523437,293.9643249511719,1.3109283447265625,-0.0074615478515625,253.125,91520.125,269.4037475585937,281.9389038085937,292.4549560546875,0.0036330574657768,0.0095839612185955,0.0133045986294746,-2.545654296875,0.249481201171875,1.689666748046875,1.4520721435546875,1.070709228515625,2.368759155273437
2023-10-08,6,1,301.7040405273437,292.2828674316406,0.2335205078125,0.8345947265625,33.0,91643.671875,270.54901123046875,283.05029296875,292.951171875,0.0029815710149705,0.009414579719305,0.0137245804071426,-2.9271240234375,0.192626953125,0.1202545166015625,0.4502410888671875,1.6673126220703125,1.1263885498046875
2023-10-08,12,2,300.85235595703125,293.9412536621094,-0.9631500244140624,0.2581329345703125,153.0,91432.5625,269.7792053222656,283.3778686523437,294.59130859375,0.0034303474240005,0.009625781327486,0.0134166441857814,-2.958831787109375,-0.06256103515625,-1.06341552734375,-1.0190582275390625,1.295440673828125,0.402191162109375
2023-10-08,18,3,296.07244873046875,294.7708435058594,-1.4427337646484375,1.586181640625,210.0,91774.0625,269.2240905761719,282.1137084960937,292.37628173828125,0.0034726609010249,0.0103563666343688,0.0137313306331634,-4.9990234375,0.50408935546875,-2.152450561523437,-0.7123870849609375,-2.30389404296875,4.1551055908203125
2023-10-09,0,0,296.3573303222656,294.6644897460937,1.1755523681640625,-0.0197601318359375,323.25,91637.421875,269.4918212890625,283.1295166015625,292.7133178710937,0.0025217852089554,0.0101035609841346,0.0138615816831588,-5.91302490234375,-0.365966796875,-0.3775482177734375,2.3212127685546875,-0.38372802734375,0.58111572265625
2023-10-09,6,1,301.0465087890625,294.5527038574219,0.3058624267578125,-0.38616943359375,402.75,91795.25,269.5710144042969,282.62451171875,293.3760070800781,0.0019851413089782,0.0106197372078895,0.0145624428987503,-5.074676513671875,-2.10595703125,-0.1090240478515625,1.992034912109375,-0.8503265380859375,-0.727325439453125
2023-10-09,12,2,298.8524169921875,295.4122619628906,-1.0722808837890625,-0.1305084228515625,2022.0,91560.625,269.4379272460937,283.4906311035156,294.2474365234375,0.003188170492649,0.0107183046638965,0.0148871168494224,-3.27301025390625,-1.215301513671875,-1.1110687255859375,0.0966949462890625,-2.2357177734375,-3.2804718017578125
2023-10-09,18,3,295.06121826171875,294.0689697265625,0.133941650390625,2.4344024658203125,640.0,91836.890625,268.4062194824219,282.684326171875,292.7953491210937,0.0038461163640022,0.0101239457726478,0.0144153200089931,-3.3631744384765625,-2.358139038085937,-3.2264862060546875,0.2873687744140625,-1.0722198486328125,1.209625244140625
2023-10-10,0,0,295.6171875,294.26788330078125,1.0751190185546875,0.597137451171875,299.5,91670.46875,268.7291259765625,283.0299987792969,293.3704833984375,0.0037824348546564,0.00862967222929,0.0136952400207519,-2.072265625,-1.936309814453125,-1.5922698974609375,-0.5233306884765625,0.2570953369140625,-0.398590087890625
2023-10-10,6,1,301.1451110839844,294.85308837890625,0.645538330078125,-0.212615966796875,1535.25,91737.078125,269.1598815917969,282.7904663085937,293.3395080566406,0.0034363633021712,0.009287130087614,0.0148836560547351,-2.567840576171875,-2.3911895751953125,-0.0778045654296875,-2.656982421875,-1.7858734130859375,-0.75048828125
2023-10-10,12,2,299.9667663574219,295.3121337890625,-0.9181976318359376,1.2615509033203125,820.25,91508.09375,268.65869140625,283.2339172363281,294.58154296875,0.0037749111652374,0.0098785869777202,0.0140792354941368,-3.197540283203125,0.1477203369140625,-0.77105712890625,-1.62176513671875,-1.4872894287109375,-2.0995635986328125
2023-10-10,18,3,295.4488830566406,294.72332763671875,0.6639556884765625,1.1695556640625,619.625,91721.65625,269.18853759765625,283.0371398925781,292.152587890625,0.0039793252944946,0.0088077932596206,0.0140544213354587,-1.69964599609375,-1.2862701416015625,-0.888031005859375,0.5313873291015625,-5.3892669677734375,2.125152587890625
2023-10-11,0,0,295.2264404296875,294.1466064453125,1.315582275390625,0.6925811767578125,189.625,91616.625,269.5765686035156,282.7011413574219,291.59979248046875,0.0023980946280062,0.0099099427461624,0.0138039551675319,-2.734603881835937,-1.44989013671875,0.62628173828125,-1.209259033203125,-1.9477386474609373,-0.3295440673828125
2023-10-11,6,1,299.3796691894531,294.5483703613281,0.7332000732421875,-0.2751312255859375,763.375,91717.625,270.05517578125,283.0823059082031,292.4420166015625,0.0020145021844655,0.0090005621314048,0.0144753418862819,-5.29925537109375,-2.9430389404296875,-0.3406524658203125,-2.013671875,-2.2171173095703125,-1.6014862060546875
2023-10-11,12,2,299.7635498046875,295.2320556640625,-0.3522491455078125,-0.8298187255859375,527.0,91478.234375,269.53253173828125,283.4115600585937,294.8487243652344,0.0023718422744423,0.0090245157480239,0.0140528194606304,-2.795562744140625,-0.27423095703125,-2.034210205078125,0.636749267578125,-3.892730712890625,-3.0684356689453125
2023-10-11,18,3,295.52716064453125,294.3428955078125,-0.6164398193359375,0.900115966796875,455.875,91727.515625,269.2987670898437,282.7655334472656,292.4359741210937,0.0020556708332151,0.0089697651565074,0.0135007314383983,-3.0157623291015625,-2.978866577148437,-5.215103149414063,-1.22039794921875,-4.337127685546875,0.404937744140625
2023-10-12,0,0,295.4705810546875,294.40301513671875,0.877899169921875,-0.058563232421875,147.25,91639.9375,270.19189453125,282.7584228515625,291.4320068359375,0.0007290937937796,0.0070016682147979,0.0131983086466789,-6.23712158203125,-4.72149658203125,-4.2720794677734375,-0.4199676513671875,-3.956100463867188,2.234283447265625
2023-10-12,6,1,300.5762023925781,291.90606689453125,-2.142684936523437,-0.249847412109375,3.75,91816.375,270.0083923339844,283.08477783203125,292.7078857421875,0.0004787894431501,0.0066910795867443,0.0124607048928737,-7.907424926757812,-5.22979736328125,-3.6920166015625,-1.1514129638671875,-2.2417144775390625,-0.7538299560546875
2023-10-12,12,2,300.31109619140625,291.8782958984375,-1.743988037109375,0.701904296875,0.0,91609.46875,269.63970947265625,282.716064453125,294.5684814453125,0.0006104516796767,0.0057657808065414,0.0104409605264663,-6.726486206054688,-2.6533660888671875,-6.265625,-0.585235595703125,-2.6967010498046875,0.50543212890625
2023-10-12,18,3,295.4793701171875,290.15545654296875,-2.666778564453125,0.3980560302734375,0.0,91821.171875,269.4503173828125,282.5235900878906,293.27178955078125,0.0008278104942291,0.0045647956430912,0.0101180747151374,-6.066909790039063,-4.241134643554688,-5.2813262939453125,0.1154327392578125,-2.8623504638671875,0.881744384765625
2023-10-13,0,0,293.7445068359375,291.327880859375,-1.6562652587890625,0.2159576416015625,0.0,91738.0625,268.964111328125,282.02508544921875,293.8271484375,0.0019085719250142,0.0036728540435433,0.0063143894076347,-4.815399169921875,-5.5842132568359375,-6.799224853515625,1.5296478271484375,-2.78948974609375,-3.535995483398437
2023-10-13,6,1,301.19403076171875,288.2781066894531,-3.3104705810546875,-1.2783355712890625,0.0,91882.203125,269.2789001464844,281.97137451171875,293.3753967285156,0.0040212050080299,0.003185165580362,0.0082852318882942,-6.651824951171875,-6.9425811767578125,-5.4137725830078125,0.29473876953125,-2.25079345703125,-2.53729248046875
2023-10-13,12,2,300.1784973144531,288.7371826171875,-1.8792266845703125,-0.0878753662109375,0.0,91581.71875,269.60955810546875,282.5521240234375,294.840576171875,0.0040671024471521,0.0026392596773803,0.0071255266666412,-6.5747833251953125,-5.132354736328125,-5.701812744140625,3.318359375,-2.493896484375,-2.370452880859375
2023-10-13,18,3,294.9364013671875,290.90289306640625,-2.165130615234375,0.5596923828125,0.0,91855.015625,268.9501342773437,281.53741455078125,292.9376220703125,0.0032315514981746,0.006449606269598,0.0097871571779251,-5.402191162109375,-3.553802490234375,-6.72503662109375,3.335784912109375,0.956634521484375,-0.6478729248046875
2023-10-14,0,0,293.8126220703125,292.2420654296875,-1.66717529296875,0.0755462646484375,45.5,91746.359375,268.6507873535156,281.054443359375,293.69708251953125,0.0034626969136297,0.0065261051058769,0.0042119733989238,-2.140838623046875,-4.6638031005859375,-6.7675323486328125,4.4710693359375,-1.858306884765625,-1.6027679443359375
2023-10-14,6,1,301.089599609375,288.837890625,-1.810028076171875,0.117523193359375,0.0,91876.140625,269.2196044921875,282.37530517578125,292.688720703125,0.003737969091162,0.007588442414999,0.0099882520735263,-1.5820770263671875,-5.107574462890625,-2.876678466796875,2.841033935546875,-0.421600341796875,-0.23248291015625
2023-10-14,12,2,301.184814453125,292.0687866210937,-1.3796539306640625,-0.0818939208984375,0.0,91521.90625,269.2235107421875,282.92608642578125,295.5639038085937,0.003947315737605,0.0080075562000274,0.0088452883064746,-2.2201690673828125,0.030242919921875,-2.11920166015625,3.4478302001953125,-3.3607940673828125,-2.3636627197265625
2023-10-14,18,3,295.7889404296875,294.0360107421875,-2.93572998046875,0.9266357421875,3.875,91798.078125,268.36376953125,281.21533203125,292.919921875,0.0043633468449115,0.0077988244593143,0.0094871297478675,-4.989013671875,3.809783935546875,-7.62255859375,1.60906982421875,-7.1125335693359375,-1.6887054443359375
2023-10-15,0,0,294.8874816894531,292.0989074707031,0.35870361328125,-0.819122314453125,37.75,91645.90625,267.75103759765625,281.39801025390625,292.47283935546875,0.0041998489759862,0.0065413266420364,0.0093579702079296,-5.42681884765625,-4.4875030517578125,-4.405792236328125,1.6444091796875,-6.29437255859375,-0.0982513427734375
2023-10-15,6,1,301.0606689453125,290.4955444335937,-0.2432403564453125,0.2794952392578125,18.75,91719.171875,268.3222351074219,283.0386657714844,292.54034423828125,0.0032549300231039,0.0073730275034904,0.0121104232966899,-7.7105712890625,-5.83819580078125,-0.90838623046875,2.293548583984375,-2.117889404296875,-0.1632843017578125
2023-10-15,12,2,301.1054077148437,291.190673828125,-0.9980926513671876,-0.096527099609375,0.75,91451.34375,268.5831604003906,282.0082092285156,295.5247497558594,0.0037203736137598,0.0088568031787872,0.0105787850916385,-2.66143798828125,-2.8085174560546875,-3.413726806640625,2.8845672607421875,-2.86920166015625,-1.2139892578125
2023-10-15,18,3,296.93243408203125,292.8533020019531,-1.274566650390625,0.53448486328125,53.375,91633.140625,267.81298828125,282.75250244140625,292.26251220703125,0.0047566033899784,0.0088433660566806,0.0132800489664077,0.351104736328125,-1.8089599609375,-5.304931640625,3.636444091796875,-1.0481109619140625,0.1656646728515625
2023-10-16,0,0,295.9071655273437,294.77734375,-0.4264373779296875,0.41546630859375,396.875,91601.21875,267.67901611328125,282.2625732421875,291.8636779785156,0.0045990496873855,0.0092588812112808,0.0130159854888916,1.88836669921875,-2.3718414306640625,-4.08697509765625,1.9219207763671875,-3.1533660888671875,-1.7598114013671875
2023-10-16,6,1,300.1025390625,293.01495361328125,-2.0883026123046875,-0.1936187744140625,26.0,91688.0625,268.3602294921875,282.6705017089844,292.2433776855469,0.0039600571617484,0.0096113570034503,0.0132085140794515,0.0124664306640625,-4.098892211914063,-3.367919921875,1.5789642333984375,-1.159576416015625,-0.6446990966796875
2023-10-16,12,2,298.8968505859375,293.3229675292969,-1.88995361328125,0.6902313232421875,115.0,91550.59375,268.5003662109375,282.42047119140625,293.0809631347656,0.0039710216224193,0.0100205019116401,0.0127796903252601,0.85504150390625,-2.6364288330078125,-4.689010620117188,0.2154541015625,-2.085296630859375,0.19134521484375
2023-10-16,18,3,295.981201171875,293.7483215332031,-1.55084228515625,1.869293212890625,197.5,91748.828125,268.18756103515625,281.99200439453125,291.251708984375,0.0028895488940179,0.0097031015902757,0.0139214396476745,-1.24395751953125,-2.80169677734375,-5.098190307617188,-0.7388763427734375,-4.0819091796875,3.172149658203125
2023-10-17,0,0,295.9997253417969,293.99761962890625,0.5205078125,0.4130859375,192.75,91698.453125,268.2667236328125,282.379638671875,291.06951904296875,0.0031940401531755,0.0084652677178382,0.0125428363680839,0.36676025390625,-5.101486206054688,-4.731109619140625,-2.1468505859375,-1.583160400390625,2.0928192138671875
2023-10-17,6,1,301.716796875,291.7694091796875,-2.391632080078125,-0.9124755859375,0.875,91778.796875,269.24273681640625,282.4035339355469,292.66925048828125,0.003035380737856,0.0091037210077047,0.0123254284262657,-2.921417236328125,-4.632659912109375,-3.7281646728515625,-2.276840209960937,-2.321273803710937,-1.6459808349609375
2023-10-17,12,2,300.8565673828125,290.8826599121094,-1.5503082275390625,-0.58099365234375,0.875,91541.359375,269.43927001953125,282.58709716796875,294.39959716796875,0.0026948959566652,0.009592168033123,0.0118733942508697,-2.033065795898437,-2.40155029296875,-4.752044677734375,-3.099227905273437,-4.909881591796875,-3.366485595703125
2023-10-17,18,3,296.193359375,292.4440612792969,-2.66497802734375,1.3919219970703125,54.875,91840.28125,268.62762451171875,282.947998046875,291.744140625,0.0025462198536843,0.0080070309340953,0.0124654844403266,-3.137435913085937,-2.9155426025390625,-8.156387329101562,-1.7187042236328125,-7.1604766845703125,1.38958740234375
2023-10-18,0,0,294.15582275390625,289.8355712890625,-1.7151947021484375,-0.17987060546875,1.25,91746.578125,268.99188232421875,282.5240478515625,292.30859375,0.0021189909894019,0.0044961422681808,0.0095396898686885,-2.810089111328125,-5.54150390625,-8.150909423828125,-0.5058441162109375,-7.787628173828125,-4.0226898193359375
2023-10-18,6,1,301.09869384765625,289.2291564941406,-3.5767364501953125,-2.0371856689453125,0.0,91835.78125,268.895263671875,282.93621826171875,293.11700439453125,0.0018756769131869,0.0043396884575486,0.0107267946004867,-4.320587158203125,-9.827743530273438,-5.6356048583984375,-1.1280364990234375,-6.4575042724609375,-3.5433807373046875
2023-10-18,12,2,300.94696044921875,289.8485717773437,-2.4999542236328125,0.711944580078125,17.0,91556.65625,269.103515625,280.69158935546875,295.3792724609375,0.001277731731534,0.0084173604846,0.009686641395092,-4.61627197265625,-2.7101593017578125,-6.66009521484375,-0.71990966796875,-6.580825805664063,-1.4880218505859375
2023-10-18,18,3,295.5503234863281,291.128173828125,-1.7387542724609375,0.986785888671875,0.0,91832.890625,268.3267822265625,282.4589233398437,292.06707763671875,0.0016598291695117,0.0054721161723136,0.0115501228719949,-4.173019409179688,-4.9911041259765625,-7.092529296875,0.9007568359375,-3.3475799560546875,0.5166778564453125
2023-10-19,0,0,293.90771484375,291.90185546875,-1.2900543212890625,0.575286865234375,0.0,91705.78125,269.4183959960937,282.3550720214844,291.9715576171875,0.0012948988005518,0.0035061254166066,0.0106070376932621,-3.790328979492188,-4.4476165771484375,-4.496749877929688,1.038482666015625,-2.6687469482421875,-3.415435791015625
2023-10-19,6,1,301.3153381347656,289.11444091796875,-2.893310546875,-2.1607666015625,0.0,91865.734375,268.6119689941406,282.8860778808594,293.2684936523437,0.0012475734110921,0.0030372720211744,0.0097340643405914,-4.612274169921875,-4.7930755615234375,-4.519195556640625,0.608245849609375,-1.5116424560546875,-3.527572631835937
2023-10-19,12,2,301.58642578125,289.05615234375,-1.79583740234375,0.4769287109375,4.875,91570.828125,269.756591796875,280.582763671875,295.4647827148437,0.0012503108009696,0.007424060255289,0.0087814591825008,-1.232940673828125,-2.0813446044921875,-5.403289794921875,-0.40655517578125,-5.620330810546875,-0.8457489013671875
2023-10-19,18,3,295.5393371582031,291.39178466796875,-2.80804443359375,0.37445068359375,28.5,91833.28125,269.34765625,281.41998291015625,292.26513671875,0.001326480647549,0.0067802928388118,0.0116509199142456,-1.0243377685546875,-2.4009552001953125,-6.9011077880859375,0.0035552978515625,-4.1999359130859375,-1.040191650390625
2023-10-20,0,0,294.5225524902344,292.623779296875,-1.4890594482421875,0.1009521484375,154.375,91727.8125,268.91583251953125,280.4173583984375,292.151123046875,0.0010585468262434,0.0070819593966007,0.010928452014923,-2.8821563720703125,-3.8272552490234375,-7.698577880859375,-1.8693389892578125,-4.59722900390625,-2.7611541748046875
2023-10-20,6,1,301.92645263671875,290.6259460449219,-3.635940551757813,-0.5465545654296875,0.0,91803.953125,268.9212646484375,281.7091369628906,293.171630859375,0.0008063914719969,0.0058576762676239,0.0110798776149749,-3.362396240234375,-5.83319091796875,-5.721099853515625,-1.91033935546875,-3.211776733398437,-1.2153778076171875
2023-10-20,12,2,301.17987060546875,290.56793212890625,-1.79473876953125,0.5289764404296875,0.0,91519.3125,269.5146484375,281.5812683105469,295.50164794921875,0.0006353436037898,0.0072225891053676,0.0099915489554405,-2.980453491210937,-1.995941162109375,-5.049102783203125,-1.8172454833984373,-5.467056274414063,-1.1591033935546875
2023-10-20,18,3,295.5315246582031,290.90771484375,-2.90985107421875,0.6989898681640625,122.0,91828.046875,269.5684509277344,281.75958251953125,291.79315185546875,0.0005856207571923,0.006052728742361,0.0128324888646602,-0.966796875,-2.5250701904296875,-9.089981079101562,0.0174407958984375,-3.94091796875,0.9546661376953124
2023-10-21,0,0,294.94677734375,293.0738525390625,-1.79730224609375,-0.002349853515625,181.5,91744.1875,268.85205078125,280.7189025878906,291.6238098144531,0.0005409081932157,0.0071364529430866,0.0113232396543025,-0.271514892578125,-4.30450439453125,-8.538162231445312,-2.6602325439453125,-2.238189697265625,-3.064559936523437
2023-10-21,6,1,301.35107421875,290.8705444335937,-3.172348022460937,-2.7211151123046875,0.0,91832.140625,269.4744873046875,281.8918762207031,293.15655517578125,0.0003477751743048,0.0072001852095127,0.011643998324871,-3.104598999023437,-4.487808227539063,-5.04974365234375,-2.995346069335937,-1.6331939697265625,-4.296798706054688
2023-10-21,12,2,301.6541442871094,290.0226135253906,-1.9484405517578125,0.11639404296875,3.25,91595.25,269.7978515625,281.0380554199219,295.7851867675781,0.0003115038853138,0.0085472948849201,0.0099452622234821,-1.538421630859375,-2.030853271484375,-4.952362060546875,-1.5283050537109375,-3.52276611328125,-1.9323272705078125
2023-10-21,18,3,295.3262634277344,291.7141418457031,-2.3436431884765625,1.0858306884765625,13.875,91874.421875,269.5858764648437,282.2089538574219,292.0897216796875,0.0004159754607826,0.0060727559030056,0.0123873427510261,-1.7429656982421875,-0.7069244384765625,-7.254074096679687,-4.115875244140625,-1.488861083984375,1.64654541015625
2023-10-22,0,0,295.1265563964844,293.7331237792969,-2.159408569335937,-0.3022918701171875,216.875,91785.96875,269.2694396972656,280.9049987792969,291.8752746582031,0.0003227109555155,0.0066561736166477,0.0103635564446449,-1.9856414794921875,-0.4385528564453125,-4.99359130859375,-4.1541900634765625,-3.1189422607421875,-2.870361328125
2023-10-22,6,1,302.139892578125,290.2533264160156,-1.9105224609375,-2.26446533203125,0.0,91827.203125,268.8856201171875,282.4550476074219,293.3620910644531,0.0002697985619306,0.0051171667873859,0.0103714317083358,-2.524658203125,-0.07708740234375,-2.8280181884765625,-3.4780426025390625,-4.846939086914063,-3.609771728515625
2023-10-22,12,2,301.6161499023437,291.03759765625,-0.48974609375,-1.3445892333984375,7.0,91555.359375,269.84716796875,280.4901123046875,296.4262084960937,0.0002442520053591,0.0083898939192295,0.0085400938987731,-1.303619384765625,-2.463134765625,-2.463607788085937,-2.4214324951171875,-5.40850830078125,-4.75830078125
2023-10-22,18,3,295.9765625,289.419677734375,-1.9187164306640625,0.11883544921875,14.625,91837.453125,268.9124755859375,280.2978515625,294.0629577636719,0.0002364569809287,0.0070502124726772,0.0088349506258964,-1.9537200927734373,1.9957275390625,-6.2581634521484375,-2.65606689453125,-4.273239135742188,-3.209503173828125
2023-10-23,0,0,294.1841125488281,291.769287109375,-1.7288360595703125,-0.8871612548828125,98.5,91737.96875,269.63555908203125,280.3519287109375,291.4718322753906,0.0002691405825316,0.0048691816627979,0.0114832855761051,-1.52557373046875,3.6751556396484375,-4.457534790039063,-3.58758544921875,-7.1950225830078125,-2.249176025390625
2023-10-23,6,1,301.7248229980469,287.923828125,-0.611114501953125,-2.8695220947265625,0.0,91774.46875,268.11279296875,282.3549499511719,293.15966796875,0.000415735412389,0.0033197191078215,0.0079751089215278,-2.499969482421875,2.33599853515625,-0.7328338623046875,-2.83428955078125,-5.583587646484375,-4.4950103759765625
2023-10-23,12,2,301.2030029296875,287.7666931152344,0.1706085205078125,-1.715484619140625,0.0,91510.875,268.8837280273437,281.42828369140625,294.92266845703125,0.0003378794062882,0.0038976359646767,0.0059521272778511,-4.315109252929688,3.625579833984375,0.883758544921875,-2.269989013671875,-4.516616821289063,-5.3023834228515625
2023-10-23,18,3,294.342529296875,281.12255859375,-2.0592041015625,-1.8987884521484373,0.0,91729.359375,268.55230712890625,279.7464294433594,293.8019714355469,0.000258833868429,0.0047080740332603,0.0055223293602466,-4.491714477539063,5.0809326171875,-2.685287475585937,-1.008270263671875,-2.7590789794921875,-4.1368560791015625
2023-10-24,0,0,292.6920166015625,283.05908203125,-1.631500244140625,-0.9999542236328124,0.0,91654.609375,269.3754272460937,282.19024658203125,292.0700988769531,0.0002044799912255,0.00262685213238,0.0063030086457729,-5.8533935546875,7.327392578125,-1.910491943359375,-0.475189208984375,-1.0533599853515625,-6.05859375
2023-10-24,6,1,301.8524475097656,284.43927001953125,-0.127227783203125,-2.247833251953125,0.0,91726.796875,269.1193542480469,282.66845703125,293.3462219238281,0.0002451306208968,0.003217582590878,0.0068097189068794,-6.1027374267578125,4.975845336914063,-0.128570556640625,2.386703491210937,-1.216094970703125,-3.5876617431640625
2023-10-24,12,2,302.4039306640625,284.30206298828125,0.066009521484375,-1.618133544921875,0.0,91496.28125,270.4501953125,280.8624572753906,295.86065673828125,0.0002812249585986,0.0051609352231025,0.0061660930514335,-3.5983428955078125,1.442535400390625,-0.068145751953125,3.700927734375,-3.775787353515625,-3.2970428466796875
2023-10-24,18,3,293.8144226074219,284.03741455078125,-1.9765625,-0.90325927734375,0.0,91754.28125,269.22613525390625,279.4958801269531,294.5787658691406,0.0003621953073889,0.0049520581960678,0.0057002790272235,-0.90484619140625,1.2409515380859375,-5.507049560546875,2.221221923828125,-1.02777099609375,-2.8528289794921875
2023-10-25,0,0,292.8035888671875,288.8812866210937,-1.98162841796875,-0.3360137939453125,61.0,91736.203125,269.038818359375,281.9623107910156,292.26715087890625,0.0005873870104551,0.0033491945359855,0.0079465135931968,-1.586151123046875,4.23468017578125,-3.881027221679688,2.29095458984375,-1.1166229248046875,-0.8661041259765625
2023-10-25,6,1,301.7339172363281,287.47076416015625,-1.104766845703125,-1.6849365234375,0.0,91880.296875,269.43292236328125,282.7205810546875,293.26953125,0.0016764691099524,0.0034919213503599,0.0080321356654167,-2.3074188232421875,3.431121826171875,-1.37908935546875,2.08526611328125,-2.5902099609375,-2.6807403564453125
2023-10-25,12,2,301.5868225097656,287.0498962402344,-0.9857330322265624,-1.376220703125,0.0,91612.625,270.28729248046875,280.426025390625,295.1998291015625,0.0022795880213379,0.0052909962832927,0.0062636584043502,-1.709808349609375,-0.3265838623046875,-1.4593963623046875,-0.1644134521484375,-3.578125,-2.6869049072265625
2023-10-25,18,3,294.3069152832031,283.41851806640625,-1.703643798828125,-1.2231292724609375,0.0,91837.765625,269.1192932128906,280.5800170898437,294.2857360839844,0.0027559001464396,0.0042435601353645,0.0054339878261089,-2.765625,0.973480224609375,-5.5049896240234375,2.45135498046875,-0.68206787109375,-4.3765411376953125
2023-10-26,0,0,292.65533447265625,290.20654296875,-1.755645751953125,-0.0849609375,0.0,91796.46875,268.85552978515625,283.6839599609375,291.48797607421875,0.0025549142155796,0.0028038569726049,0.0070610381662845,-2.72998046875,1.82275390625,-4.1273956298828125,-0.054290771484375,0.5966339111328125,-2.572860717773437
2023-10-26,6,1,301.5325622558594,287.0906677246094,-1.7452392578125,-1.0130767822265625,0.0,91899.546875,268.85699462890625,283.2953491210937,292.6300048828125,0.0025582341477274,0.0034901441540569,0.0082884095609188,-3.3889617919921875,1.8897247314453125,-2.29083251953125,1.768096923828125,0.111114501953125,-1.6466064453125
2023-10-26,12,2,301.4125061035156,288.700439453125,-1.6104583740234375,-0.12091064453125,0.0,91561.578125,269.1697998046875,281.1028137207031,295.5468139648437,0.002364011015743,0.0057676136493682,0.0074446313083171,-1.6685638427734375,-0.1753082275390625,-2.38250732421875,0.8582916259765625,-3.709915161132813,-1.69866943359375
2023-10-26,18,3,295.219970703125,286.96002197265625,-2.6998291015625,0.2559814453125,0.0,91814.15625,268.3616027832031,280.863525390625,292.76873779296875,0.0023679542355239,0.0060232430696487,0.0094053298234939,-3.5597076416015625,2.654327392578125,-5.69732666015625,0.955078125,-1.5893096923828125,2.9329071044921875
2023-10-27,0,0,294.0482177734375,291.7977905273437,-2.3637847900390625,0.0765533447265625,0.0,91688.671875,268.7089233398437,285.2825927734375,291.32293701171875,0.0021847386378794,0.0028149145655333,0.0096792057156562,-3.021759033203125,0.8117523193359375,-4.54638671875,1.3621978759765625,1.2605438232421875,0.6614227294921875
2023-10-27,6,1,301.0289611816406,287.3627014160156,-2.873748779296875,-1.0560150146484375,0.0,91751.28125,268.7136535644531,283.8055725097656,292.8431701660156,0.0022656489163637,0.0039734914898872,0.0082259178161621,-4.386932373046875,-1.87298583984375,-4.1853790283203125,1.8750457763671875,2.5998992919921875,-1.7413482666015625
2023-10-27,12,2,301.36944580078125,288.89794921875,-1.0384674072265625,-0.8292999267578125,0.0,91465.4375,268.4456481933594,280.3788452148437,295.11724853515625,0.0024942634627223,0.0073673501610755,0.0080632343888282,-5.02777099609375,-4.44183349609375,-3.526229858398437,-0.1375274658203125,-0.4140777587890625,-1.62261962890625
2023-10-27,18,3,295.69073486328125,292.2705993652344,-2.347137451171875,1.5814666748046875,39.75,91771.8125,268.1187744140625,281.88360595703125,291.5566711425781,0.0024803145788609,0.0080007798969745,0.0121707506477832,-5.8981781005859375,-3.485214233398437,-7.119552612304688,-1.366058349609375,3.5618896484375,2.31488037109375
2023-10-28,0,0,295.7489929199219,293.8897705078125,-1.350738525390625,0.9205322265625,46.625,91646.546875,267.85595703125,282.8212280273437,290.9335327148437,0.0021379806566983,0.0088369473814964,0.012844044715166,-6.88336181640625,-0.8940277099609375,-5.1757354736328125,-0.9193878173828124,5.1945343017578125,1.8786773681640625
2023-10-28,6,1,302.0872802734375,291.5788879394531,-2.994903564453125,0.6312408447265625,0.0,91769.296875,268.3499755859375,283.0152587890625,292.47857666015625,0.0025760275311768,0.0089094191789627,0.0122810304164886,-7.2837371826171875,-2.4607391357421875,-4.493499755859375,1.66168212890625,1.766937255859375,0.7215576171875
2023-10-28,12,2,301.5389404296875,291.28924560546875,-1.8420867919921875,0.31402587890625,0.0,91455.40625,268.366943359375,283.04541015625,295.1797180175781,0.0029186296742409,0.0076272450387477,0.0106252580881118,-4.8959808349609375,-1.3576202392578125,-4.2421875,-1.07208251953125,-0.7052154541015625,0.3944091796875
2023-10-28,18,3,296.71221923828125,292.4857788085937,-2.54400634765625,1.1730194091796875,0.25,91768.078125,267.97052001953125,283.03631591796875,291.713623046875,0.0028956229798495,0.0075196474790573,0.0126011781394481,-6.38690185546875,-2.5074005126953125,-5.925323486328125,-0.6502532958984375,-0.5806732177734375,4.0665283203125
2023-10-29,0,0,295.2054748535156,293.3278503417969,-2.4273834228515625,-0.283355712890625,202.375,91615.734375,268.2743530273437,282.0814819335937,291.6485290527344,0.0025537612382322,0.0089952088892459,0.0129051357507705,-5.420333862304688,-2.3641815185546875,-4.7313232421875,2.4053497314453125,-2.5898895263671875,-0.735809326171875
2023-10-29,6,1,300.91845703125,291.5672607421875,-3.2259521484375,0.30242919921875,250.875,91705.484375,267.991943359375,281.8012390136719,293.44012451171875,0.0032173744402825,0.0097319185733795,0.0131007768213748,-5.515533447265625,-4.6966705322265625,-4.687469482421875,-0.0253143310546875,-1.8388824462890625,-0.0712127685546875
2023-10-29,12,2,298.7460327148437,293.7663879394531,-2.896820068359375,0.2724609375,227.125,91491.359375,267.98455810546875,282.70343017578125,293.1903686523437,0.0037191156297922,0.0089366994798183,0.0132369510829448,-4.329635620117188,-2.710189819335937,-6.914306640625,-0.85235595703125,-2.188140869140625,0.1614837646484375
2023-10-29,18,3,295.9745788574219,293.5387878417969,-2.6037750244140625,1.136199951171875,137.5,91743.4375,268.2514038085937,282.59295654296875,291.09942626953125,0.0038393952418118,0.0082118585705757,0.0139026492834091,-5.2889404296875,-4.6793060302734375,-7.450546264648437,1.662261962890625,-3.081512451171875,1.3943634033203125
2023-10-30,0,0,295.21636962890625,293.16485595703125,-1.862823486328125,0.992034912109375,218.875,91637.78125,267.5478820800781,282.6061706542969,291.4104919433594,0.0034426969941705,0.0074582770466804,0.0124727813526988,-4.196823120117188,-3.919723510742188,-6.1849212646484375,-0.5747222900390625,-2.731231689453125,2.247787475585937
2023-10-30,6,1,300.2104797363281,292.463623046875,-3.091781616210937,0.865478515625,76.25,91739.5625,267.93670654296875,282.15087890625,291.8792724609375,0.0036750787403434,0.0082206539809703,0.0132967419922351,-4.487823486328125,-7.206573486328125,-4.953460693359375,-0.9743499755859376,-0.72882080078125,1.1241455078125
2023-10-30,12,2,298.3956604003906,292.7616577148437,-1.945892333984375,0.36370849609375,256.25,91545.6875,267.7290954589844,282.6981201171875,292.5648498535156,0.0045850798487663,0.008448589593172,0.0127000920474529,-4.069015502929688,-3.7559967041015625,-5.2049102783203125,-0.3210296630859375,-0.6809234619140625,1.396636962890625
2023-10-30,18,3,294.988037109375,292.78680419921875,-2.395736694335937,1.032012939453125,335.75,91772.171875,267.71728515625,282.34881591796875,291.424560546875,0.0046823397278785,0.0082953087985515,0.013171125203371,-3.726974487304688,-3.5634002685546875,-4.9946136474609375,3.996185302734375,-1.795166015625,1.2003936767578125
2023-10-31,0,0,294.70928955078125,293.364501953125,-2.05023193359375,-0.34033203125,132.75,91697.734375,267.5614624023437,282.09991455078125,290.6568603515625,0.0049167908728122,0.0083268657326698,0.0125577449798583,0.7746429443359375,-2.9799957275390625,-6.3402252197265625,3.2758941650390625,-0.4398193359375,0.42132568359375
2023-10-31,6,1,299.5059814453125,292.109375,-3.115997314453125,-0.751617431640625,30.375,91797.828125,267.777587890625,282.33917236328125,291.3720092773437,0.0040129614062607,0.0088906437158584,0.0129524394869804,-1.1750030517578125,-3.866012573242188,-5.0131378173828125,4.5701446533203125,0.9283447265625,-1.340240478515625
2023-10-31,12,2,299.3587646484375,292.6903381347656,-2.428436279296875,-0.99578857421875,156.0,91578.84375,267.2939453125,281.955810546875,293.07537841796875,0.0036034951917827,0.0094127207994461,0.0121806673705577,0.6051177978515625,-2.817413330078125,-5.8751983642578125,4.335494995117188,-1.3204803466796875,-2.579315185546875
2023-10-31,18,3,295.1189270019531,293.742431640625,-2.6798553466796875,-0.0818634033203125,114.625,91827.859375,267.4053955078125,282.13507080078125,291.78155517578125,0.0033437565434724,0.009171437472105,0.0131520144641399,-0.559051513671875,-3.366241455078125,-6.2551116943359375,2.84942626953125,-0.5357513427734375,-0.048553466796875
2023-11-01,0,0,294.9054870605469,292.963134765625,-2.0262451171875,0.59844970703125,18.25,91721.203125,267.47265625,282.57928466796875,291.7909851074219,0.0038992546033114,0.0081240721046924,0.0115037374198436,-1.393280029296875,-3.29766845703125,-6.3263092041015625,-0.27142333984375,0.705841064453125,0.3408355712890625
2023-11-01,6,1,300.7918701171875,291.5434265136719,-2.829925537109375,-1.0115509033203125,0.0,91771.515625,268.12664794921875,283.33038330078125,292.7147827148437,0.0036917484831064,0.0091745927929878,0.0126038864254951,-2.9661102294921875,-4.457611083984375,-4.3177337646484375,1.2511749267578125,-0.3484954833984375,-1.6004638671875
2023-11-01,12,2,299.42449951171875,294.6632080078125,-2.3064422607421875,-0.25244140625,86.375,91595.953125,268.055419921875,282.53179931640625,293.462646484375,0.0031993826851248,0.009674809873104,0.0129421204328536,-0.816375732421875,-0.21112060546875,-5.3648834228515625,1.330841064453125,-2.647689819335937,-2.1113739013671875
2023-11-01,18,3,295.32623291015625,293.5360717773437,-2.118148803710937,0.2045440673828125,72.375,91780.140625,268.0855712890625,282.9042358398437,291.42462158203125,0.0036311573348939,0.0085747428238391,0.0131832733750343,-0.6191864013671875,-5.043487548828125,-7.0928802490234375,0.944305419921875,-2.927734375,-3.0213775634765625
2023-11-02,0,0,294.3988952636719,292.898193359375,-1.85205078125,-0.1732635498046875,0.0,91672.53125,267.74786376953125,282.9211730957031,291.27154541015625,0.0031998674385249,0.008147694170475,0.0122449062764644,-0.35345458984375,-3.4145050048828125,-8.729354858398438,-1.3348388671875,-1.47222900390625,-0.4607391357421875
2023-11-02,6,1,300.3375549316406,292.7059020996094,-3.1810455322265625,-0.767852783203125,103.5,91718.21875,268.25604248046875,283.4208984375,292.80291748046875,0.0028858613222837,0.0084233097732067,0.0135632082819938,-2.4039306640625,-5.77459716796875,-5.3098907470703125,-0.6157684326171875,-1.061553955078125,-1.4431610107421875
2023-11-02,12,2,299.64654541015625,294.1239624023437,-1.4838409423828125,0.339935302734375,656.375,91468.703125,268.7598876953125,283.9539794921875,293.95135498046875,0.0024661312345415,0.0089152045547962,0.0132440328598022,-1.3924102783203125,-3.586761474609375,-4.62152099609375,-0.56341552734375,-2.021942138671875,-2.266357421875
2023-11-02,18,3,296.3703918457031,294.2176513671875,-1.8962554931640625,0.4728546142578125,238.5,91675.578125,268.7549133300781,282.6937866210937,291.1392822265625,0.0023804134689271,0.0091050080955028,0.0149699561297893,-1.553466796875,-3.78094482421875,-5.5421142578125,-1.474151611328125,-2.605438232421875,0.6137237548828125
2023-11-03,0,0,295.42706298828125,293.7162780761719,-0.3737640380859375,-1.4019317626953125,6.5,91530.671875,268.23663330078125,283.3164367675781,291.6874389648437,0.0027746739797294,0.0085624158382415,0.0128344111144542,-2.64971923828125,-3.702804565429688,-2.8919677734375,0.26104736328125,-1.9072723388671875,-2.7526397705078125
2023-11-03,6,1,301.2201538085937,292.48370361328125,-2.4898223876953125,-1.405364990234375,384.875,91512.453125,269.0157470703125,283.6533508300781,292.7943725585937,0.0028395121917128,0.0090494304895401,0.0140701681375503,-2.8986053466796875,-5.564849853515625,-3.847412109375,1.3564605712890625,-2.407989501953125,-2.3617706298828125
2023-11-03,12,2,299.2244873046875,294.1941223144531,-1.600189208984375,-0.16455078125,390.25,91361.609375,268.802001953125,283.572998046875,292.80242919921875,0.0040110982954502,0.0091969333589077,0.0141121670603752,-3.253936767578125,-2.601715087890625,-5.08831787109375,-0.255859375,-3.4157257080078125,-1.6571044921875
2023-11-03,18,3,295.408203125,294.06268310546875,-2.573699951171875,0.7861328125,168.625,91600.375,268.46484375,282.9857788085937,291.05731201171875,0.0045584999024868,0.0088915228843688,0.0144542828202247,-2.72210693359375,-5.96734619140625,-7.257400512695312,-2.196197509765625,-3.855789184570313,1.1756591796875
2023-11-04,0,0,295.72247314453125,293.90283203125,-1.246673583984375,0.0362396240234375,157.875,91461.109375,268.30633544921875,282.88922119140625,291.4330444335937,0.0039503350853919,0.0086940005421638,0.0139443278312683,-4.2779083251953125,-4.7639007568359375,-3.33612060546875,-1.6450042724609375,-3.38226318359375,0.33599853515625
2023-11-04,6,1,299.6273803710937,294.3232116699219,-1.7418365478515625,-1.0458526611328125,425.875,91563.875,268.2421569824219,282.16278076171875,292.2055053710937,0.0045970026403665,0.0100710242986679,0.0144095048308372,-5.3650970458984375,-8.3658447265625,-3.328964233398437,0.2603759765625,-2.9907989501953125,-1.9978790283203125
2023-11-04,12,2,296.2631225585937,293.9226989746094,-2.0734405517578125,0.1799163818359375,941.875,91406.25,268.1340026855469,283.1272888183594,292.5917358398437,0.0046864077448844,0.0096553117036819,0.0147918537259101,-4.080047607421875,-3.3457183837890625,-5.9208831787109375,-3.1096954345703125,-2.661605834960937,-2.449737548828125
2023-11-04,18,3,295.03961181640625,293.96710205078125,-2.2975616455078125,0.3685760498046875,479.25,91606.828125,269.06365966796875,282.770263671875,291.35919189453125,0.0046619586646556,0.0093782413750886,0.0150589309632778,-4.6944580078125,-6.0333251953125,-7.492599487304687,-2.7378387451171875,-0.5529327392578125,0.673675537109375
2023-11-05,0,0,295.5384216308594,293.8885498046875,-0.850494384765625,0.6829071044921875,81.25,91574.90625,268.4337463378906,282.5408630371094,290.7223815917969,0.0048358798958361,0.0091359736397862,0.0132958739995956,-5.3370513916015625,-6.882354736328125,-4.860321044921875,-0.5597076416015625,-1.276214599609375,1.981964111328125
2023-11-05,6,1,301.0765991210937,293.786865234375,-1.7454376220703125,-0.400665283203125,433.25,91660.59375,269.01617431640625,282.85528564453125,291.1236572265625,0.0051657296717166,0.0095124766230583,0.0140734948217868,-3.5366363525390625,-6.6337432861328125,-4.1724700927734375,3.0010528564453125,2.4417724609375,-1.04364013671875
2023-11-05,12,2,298.5741271972656,294.33160400390625,-1.63726806640625,-0.0728759765625,414.5,91506.3125,268.900146484375,283.04791259765625,292.8087158203125,0.0050946027040481,0.0088533200323581,0.0134905129671096,-2.935897827148437,-2.0598602294921875,-5.611297607421875,0.6513824462890625,4.27032470703125,0.710693359375
2023-11-05,18,3,295.41748046875,293.6967468261719,-1.659912109375,0.285186767578125,41.625,91801.03125,268.5430908203125,282.74102783203125,290.6030578613281,0.0045311879366636,0.0091253295540809,0.0139223113656044,-2.714263916015625,-1.9124908447265625,-3.298187255859375,1.761016845703125,5.916107177734375,6.1134033203125
2023-11-06,0,0,295.2566833496094,293.983642578125,-0.7507781982421875,1.198638916015625,86.75,91657.34375,268.80731201171875,283.078857421875,290.7361755371094,0.0043133907020092,0.0087414383888244,0.0123138763010501,-5.4803466796875,1.5091400146484375,0.79193115234375,2.8502960205078125,3.130828857421875,6.138885498046875
2023-11-06,6,1,299.8954162597656,293.69842529296875,0.1497955322265625,1.1794891357421875,47.75,91833.40625,268.4125366210937,283.2745056152344,291.42340087890625,0.0043930448591709,0.0084264278411865,0.0136340074241161,-6.17767333984375,0.5833892822265625,0.2359466552734375,2.47735595703125,2.835678100585937,1.3600006103515625
2023-11-06,12,2,299.126953125,293.89776611328125,-0.3307952880859375,-0.582794189453125,773.75,91632.640625,268.3104858398437,282.762939453125,293.0906982421875,0.0049761980772018,0.0093138255178928,0.0138317309319973,-4.511749267578125,1.6181182861328125,0.5614013671875,1.9178009033203125,0.5442657470703125,-1.9217071533203125
2023-11-06,18,3,294.49951171875,293.4342041015625,-0.407958984375,0.254608154296875,283.25,91883.203125,268.7943725585937,282.975341796875,291.34454345703125,0.0050675123929977,0.01002037525177,0.0144375935196876,-3.394317626953125,-0.0757904052734375,0.0263519287109375,2.12091064453125,-1.022552490234375,0.84893798828125
2023-11-07,0,0,294.52508544921875,293.2235107421875,-0.1778717041015625,-0.22857666015625,128.375,91734.765625,268.1243896484375,283.45947265625,290.4620361328125,0.0045096091926097,0.0080358125269413,0.0138236060738563,-4.68072509765625,-0.54827880859375,0.8151702880859375,2.82183837890625,-0.7635650634765625,0.55291748046875
2023-11-07,6,1,298.86572265625,293.59283447265625,-1.378692626953125,-0.9890594482421876,186.25,91817.921875,268.3002014160156,283.67724609375,290.97735595703125,0.0045270398259162,0.0075265578925609,0.0145174302160739,-3.4007720947265625,-1.9066925048828125,-2.498687744140625,2.2531280517578125,-0.3201904296875,-1.3058929443359375
2023-11-07,12,2,298.9167175292969,294.1798095703125,-1.1940765380859375,0.23907470703125,1021.0,91600.40625,268.13653564453125,283.33917236328125,293.1177978515625,0.0041615739464759,0.0085517205297946,0.0145130977034568,-0.40802001953125,-1.049102783203125,-3.3693084716796875,-0.0780792236328125,-2.4829864501953125,-1.832366943359375
2023-11-07,18,3,295.22381591796875,293.95263671875,-2.3671417236328125,0.29229736328125,321.5,91829.515625,268.0422058105469,282.6723022460937,291.0072937011719,0.0043361578136682,0.0090960636734962,0.0144268758594989,-0.2126617431640625,-2.3152313232421875,-6.78216552734375,-1.4696502685546875,-2.804443359375,0.1522979736328125
2023-11-08,0,0,295.0714111328125,293.8381042480469,-1.6134490966796875,0.671356201171875,182.5,91629.84375,267.992919921875,282.46630859375,292.2630310058594,0.0039353668689727,0.008570484817028,0.0124219022691249,-0.8529052734375,-3.324310302734375,-5.272994995117188,-2.539154052734375,1.357757568359375,3.79058837890625
2023-11-08,6,1,299.8688659667969,294.4803161621094,-0.8365020751953125,0.0332183837890625,794.375,91814.765625,266.89898681640625,282.650390625,291.4159545898437,0.0041824989020824,0.0079334527254104,0.0146596655249595,-4.195114135742188,-2.6949005126953125,-1.6407470703125,1.4053955078125,0.7685546875,-0.1020660400390625
2023-11-08,12,2,298.2659606933594,294.861572265625,-1.719085693359375,-1.1063995361328125,649.875,91581.15625,268.2698974609375,282.48541259765625,291.68121337890625,0.0048628225922584,0.0092271119356155,0.0145224444568157,-3.6217193603515625,-3.5251922607421875,-5.6187591552734375,3.566757202148437,0.1155548095703125,0.3468780517578125
2023-11-08,18,3,295.58843994140625,293.9017333984375,-1.8503570556640625,0.3242034912109375,293.25,91782.703125,268.53839111328125,282.33966064453125,291.4496765136719,0.0045684911310672,0.0089990571141242,0.013400811702013,-1.542083740234375,-7.354354858398437,-6.6150970458984375,4.7320404052734375,-1.1194610595703125,0.8732147216796875
2023-11-09,0,0,294.8261108398437,293.55889892578125,-0.7711334228515625,0.4651336669921875,76.625,91717.234375,267.6210327148437,282.6109313964844,290.4736328125,0.0043631959706544,0.0085469484329223,0.0129107758402824,-3.9706878662109375,-7.9786376953125,-5.075607299804688,1.0810699462890625,-0.3923492431640625,1.1386260986328125
2023-11-09,6,1,299.18310546875,292.6759338378906,-2.63134765625,0.7410125732421875,213.625,91829.1875,268.36236572265625,282.6033630371094,290.69384765625,0.0038407307583838,0.0091314390301704,0.0137437283992767,-8.191162109375,-7.67132568359375,-4.787750244140625,1.8071136474609373,1.1297149658203125,1.00689697265625
2023-11-09,12,2,297.9280700683594,294.3720703125,-1.24151611328125,0.15679931640625,319.75,91582.921875,268.184326171875,283.71099853515625,292.6015625,0.0047268103808164,0.008507415652275,0.012331860139966,-4.907638549804688,-4.497970581054688,-5.030303955078125,0.6819915771484375,1.8724517822265625,0.6487884521484375
2023-11-09,18,3,295.543212890625,293.8216857910156,-2.596786499023437,-0.29248046875,398.0,91893.28125,268.9503173828125,281.9842529296875,291.750244140625,0.0034678278025239,0.0095907896757125,0.0128252990543842,-3.3248291015625,-4.843521118164063,-7.195068359375,2.73681640625,0.7421112060546875,-0.60211181640625
2023-11-10,0,0,294.579345703125,293.05047607421875,-2.8498687744140625,-0.2821197509765625,0.0,91756.28125,268.1903686523437,282.857666015625,290.579345703125,0.0038439668715,0.0076715759932994,0.0129816997796297,-3.50018310546875,-5.30682373046875,-8.18768310546875,1.8526611328125,1.967559814453125,0.552978515625
2023-11-10,6,1,299.622802734375,292.4822998046875,-4.1705169677734375,0.009796142578125,3.25,91947.25,268.17108154296875,283.01824951171875,291.4218139648437,0.0037667034193873,0.0083213560283184,0.0129537917673587,-5.46966552734375,-5.9771575927734375,-6.6865997314453125,2.350616455078125,1.834869384765625,-0.106903076171875
2023-11-10,12,2,299.22027587890625,293.4053039550781,-2.5913848876953125,0.321197509765625,579.0,91713.4375,268.0267639160156,282.79449462890625,292.64898681640625,0.0043316259980201,0.0093097165226936,0.0139771997928619,-5.55841064453125,-5.520599365234375,-7.552398681640625,2.515960693359375,-0.2076416015625,-0.1110687255859375
2023-11-10,18,3,295.53277587890625,292.8995056152344,-3.0084228515625,0.05352783203125,25.375,91996.34375,268.20166015625,282.2087097167969,290.6839904785156,0.0036917058750987,0.0077733546495437,0.0120444744825363,-4.58612060546875,-7.2349853515625,-9.439987182617188,1.3077850341796875,-1.3643646240234375,-0.92706298828125
2023-11-11,0,0,293.211181640625,291.00982666015625,-2.00408935546875,-1.199371337890625,0.0,91806.609375,268.2509155273437,283.5416564941406,293.321044921875,0.0034537713509052,0.004878144711256,0.0024704567622393,-4.8665618896484375,-8.558303833007812,-7.7097625732421875,1.307891845703125,1.4912872314453125,-2.6898345947265625
2023-11-11,6,1,300.64215087890625,283.9674072265625,-3.3748321533203125,-0.9654541015625,0.0,91920.953125,267.974365234375,284.3879089355469,292.6810302734375,0.0037677627988159,0.0053247883915901,0.0043144030496478,-5.628570556640625,-8.204620361328125,-8.638992309570312,2.7049713134765625,0.39654541015625,-2.07672119140625
2023-11-11,12,2,299.404296875,288.49957275390625,-2.200103759765625,-0.3464813232421875,0.0,91709.859375,268.294677734375,284.28741455078125,293.2237243652344,0.003726185997948,0.0041849128901958,0.0085940062999725,-4.26971435546875,-9.004104614257812,-7.418121337890625,0.711822509765625,-1.0900421142578125,-1.451019287109375
2023-11-11,18,3,293.7333984375,291.328125,-2.1404571533203125,-0.7497100830078125,0.0,92009.34375,268.447509765625,284.27655029296875,291.1224975585937,0.0030166509095579,0.0037954319268465,0.006005086004734,-5.71563720703125,-8.4609375,-7.30126953125,-0.6530609130859375,-0.902374267578125,-1.8307037353515625
2023-11-12,0,0,292.2995300292969,290.3746337890625,-1.792755126953125,-1.4775238037109375,0.0,91854.6875,268.158935546875,283.9639892578125,292.0917358398437,0.0025797116104513,0.0042145736515522,0.0029332311823964,-6.2374420166015625,-8.481964111328125,-10.156997680664062,0.8578033447265625,-1.1949615478515625,-5.7309417724609375
2023-11-12,6,1,299.31591796875,286.8623962402344,-4.324798583984375,-1.81610107421875,0.0,91906.1875,267.9400634765625,284.2047424316406,291.06854248046875,0.0027342298999428,0.0041944165714085,0.0081459619104862,-6.4224700927734375,-9.469345092773438,-8.422348022460938,2.1400146484375,-2.24786376953125,-3.18359375
2023-11-12,12,2,298.83319091796875,289.5096740722656,-1.7335357666015625,-0.6759033203125,0.0,91749.265625,268.2268371582031,283.87860107421875,292.618408203125,0.0019497359171509,0.0047986172139644,0.0084245763719081,-4.2666778564453125,-8.2388916015625,-6.1216888427734375,-1.136077880859375,-2.722274780273437,-2.165374755859375
2023-11-12,18,3,293.3028259277344,290.073974609375,-1.9111785888671875,-1.696807861328125,0.0,91943.671875,268.8287048339844,283.9194030761719,290.8182678222656,0.0010985468979924,0.0043360809795558,0.006456296890974,-8.322174072265625,-7.096847534179688,-5.8001861572265625,0.3177642822265625,-3.4012908935546875,-4.752777099609375
2023-11-13,0,0,292.51031494140625,289.7872009277344,-2.341522216796875,-0.8437652587890625,0.0,91789.953125,269.5329284667969,283.8514099121094,291.4385070800781,0.0009138702880591,0.0047542080283164,0.0041484646499156,-6.5126800537109375,-7.729461669921875,-14.550735473632812,0.1592254638671875,-4.497314453125,-4.4000091552734375
2023-11-13,6,1,299.45916748046875,288.14178466796875,-4.6485137939453125,-1.8736572265625,0.0,91874.59375,268.7406616210937,283.9111022949219,290.98779296875,0.0009553825948387,0.0036372032482177,0.0090779289603233,-7.62921142578125,-9.052536010742188,-8.764862060546875,-2.6070709228515625,-2.453460693359375,-3.2063140869140625
2023-11-13,12,2,298.92388916015625,290.2040100097656,-1.893707275390625,-0.8087310791015625,0.0,91650.078125,269.0695495605469,284.22515869140625,292.696044921875,0.0008629383519291,0.0033164618071168,0.0107945017516613,-7.682525634765625,-7.096710205078125,-6.594879150390625,-3.330902099609375,-2.187973022460937,-2.9290313720703125
2023-11-13,18,3,294.02978515625,290.23065185546875,-2.745330810546875,-1.6623687744140625,0.0,91890.546875,268.6668701171875,284.0593566894531,291.2504272460937,0.0025049853138625,0.0033551603555679,0.007116250693798,-6.62750244140625,-7.56951904296875,-7.855819702148437,-1.87078857421875,-3.423080444335937,-4.873046875
2023-11-14,0,0,293.45751953125,289.60595703125,-2.6816558837890625,-1.2929534912109375,0.0,91741.09375,268.38629150390625,283.0322265625,290.9835205078125,0.0037759225815534,0.0038352445699274,0.0057963468134403,-1.5389251708984375,-5.14434814453125,-12.736297607421877,-5.116470336914063,-4.605560302734375,-4.562957763671875
2023-11-14,6,1,296.77783203125,289.7262878417969,-3.5968017578125,-1.1831512451171875,0.0,91866.734375,268.5702514648437,282.8521423339844,290.075439453125,0.005064308643341,0.006562951952219,0.0082074478268623,-5.9780120849609375,-8.257492065429688,-11.146286010742188,-6.3455657958984375,-6.3934478759765625,-5.241607666015625
2023-11-14,12,2,296.0180969238281,291.4433288574219,-1.532379150390625,-0.8797454833984375,0.875,91609.484375,268.8766174316406,282.9810791015625,289.93365478515625,0.005158957093954,0.0068909525871276,0.0106704644858837,-3.804489135742188,-7.228973388671875,-7.1624298095703125,-4.099273681640625,-8.178787231445312,-4.7902374267578125
2023-11-14,18,3,294.2586669921875,291.91015625,-2.21661376953125,-1.8354644775390625,1.0,91814.09375,267.6285095214844,283.0475158691406,289.709228515625,0.0048667713999748,0.0077017843723297,0.0115736834704875,-0.126922607421875,-6.644088745117188,-8.111968994140625,1.7856292724609375,-3.7363433837890634,-7.358551025390625
2023-11-15,0,0,293.865478515625,290.2581787109375,-2.187835693359375,-1.225860595703125,0.0,91678.140625,268.6940612792969,282.4706420898437,290.53826904296875,0.0042554214596748,0.0083696283400058,0.0100498795509338,-1.1554412841796875,-2.781967163085937,-10.602386474609377,-2.909652709960937,-1.557891845703125,-6.512664794921875
2023-11-15,6,1,299.65362548828125,290.88232421875,-3.2965087890625,-2.951446533203125,0.0,91822.734375,268.25103759765625,281.9901123046875,290.3294982910156,0.0044177062809467,0.0086290910840034,0.0116791129112243,-2.4578857421875,-3.459213256835937,-5.19927978515625,-3.717529296875,-1.3375701904296875,-4.928970336914063
2023-11-15,12,2,298.9467163085937,290.37646484375,-1.02783203125,-0.9651947021484376,1.625,91578.265625,269.2533569335937,282.4306640625,292.6141357421875,0.0040866807103157,0.0083354115486145,0.0112678110599517,0.35546875,-3.5343017578125,-2.1587066650390625,-3.2801971435546875,-0.7554931640625,-3.3809814453125
2023-11-15,18,3,294.39117431640625,290.8980407714844,-1.94610595703125,-1.13214111328125,0.0,91774.421875,269.7148132324219,282.840087890625,291.796142578125,0.0013603542465716,0.0083507858216762,0.0107933580875396,2.585052490234375,-5.8546142578125,-2.2220458984375,-5.101593017578125,-0.79266357421875,-2.98388671875
2023-11-16,0,0,293.26397705078125,290.4901123046875,-1.8300323486328125,-1.41259765625,0.0,91647.859375,270.3046875,282.8408203125,291.5125732421875,0.0010357438586652,0.0080703683197498,0.0093980729579925,2.625839233398437,-5.9149017333984375,-3.1927642822265625,-5.086456298828125,-0.3382720947265625,-4.261077880859375
2023-11-16,6,1,300.8253173828125,289.4767150878906,-2.096343994140625,-1.79046630859375,0.0,91813.390625,269.9208374023437,282.9994506835937,291.8075866699219,0.0005355409812182,0.0096647813916206,0.0106578432023525,1.4954376220703125,-4.05450439453125,-3.20465087890625,-5.8930206298828125,0.3387603759765625,-2.799560546875
2023-11-16,12,2,300.4139404296875,292.2125244140625,-0.968292236328125,-1.09124755859375,59.125,91651.359375,270.467041015625,283.0057373046875,294.2498779296875,0.0005317640025168,0.0087757892906665,0.0111343152821064,0.4002532958984375,-2.326400756835937,-2.238372802734375,-5.910202026367188,-0.293731689453125,-2.652572631835937
2023-11-16,18,3,295.4597473144531,291.01080322265625,-2.3809967041015625,-0.434783935546875,0.0,91877.234375,269.6835327148437,283.87158203125,292.2670288085937,0.0006222000811249,0.0083212926983833,0.0108146890997886,-1.1282501220703125,-2.4703521728515625,-5.7205810546875,-6.332733154296875,2.50921630859375,-3.8177642822265625
2023-11-17,0,0,294.4726257324219,292.678955078125,-2.18817138671875,0.1356201171875,0.0,91729.765625,269.9190673828125,283.1913452148437,291.28875732421875,0.0005394606851041,0.0080354213714599,0.0105515494942665,2.3097381591796875,-2.7544403076171875,-4.76898193359375,-7.927276611328125,2.7386474609375,-4.09967041015625
2023-11-17,6,1,300.9000549316406,290.8624267578125,-3.18939208984375,-0.9247283935546876,0.0,91826.34375,269.7827453613281,283.3515014648437,292.10723876953125,0.0006075343117117,0.0093417167663574,0.0113033093512058,0.5803375244140625,-3.447738647460937,-4.868698120117188,-8.681350708007812,3.3187255859375,-1.5629119873046875
2023-11-17,12,2,300.9227294921875,291.3853759765625,-1.49847412109375,-0.004425048828125,1.0,91548.109375,269.81414794921875,283.1430053710937,294.68115234375,0.0006554224528372,0.0074121765792369,0.0107003636658191,-0.0489349365234375,-3.4327545166015625,-3.68341064453125,-6.4017333984375,2.291168212890625,-0.8279266357421875
2023-11-17,18,3,295.5577087402344,293.66143798828125,-2.625579833984375,0.4160308837890625,1.5,91839.546875,270.3690185546875,282.72998046875,292.3065185546875,0.0004540728405117,0.0079601369798183,0.012484885752201,-4.59210205078125,-4.0655517578125,-4.965240478515625,-5.67047119140625,1.7563323974609375,-1.0733642578125
2023-11-18,0,0,295.2464904785156,293.5787353515625,-2.8529510498046875,0.3018035888671875,5.125,91690.671875,270.4692687988281,282.92315673828125,291.9179077148437,0.0001892212894745,0.0078935846686363,0.0112978108227252,-5.300216674804688,-4.3900909423828125,-5.691680908203125,-5.2567291259765625,1.6019134521484375,-1.8571624755859373
2023-11-18,6,1,300.8976135253906,292.1653747558594,-3.0925445556640625,-0.9587554931640624,0.0,91768.71875,270.34100341796875,283.6688842773437,292.2446594238281,8.272042032331228e-05,0.0064850449562072,0.0127268359065055,-9.02734375,-2.952621459960937,-4.663589477539063,-3.882766723632813,1.3887786865234375,-1.58843994140625
2023-11-18,12,2,301.19049072265625,290.7816467285156,-1.5653228759765625,-1.0449981689453125,0.0,91531.0,270.6622009277344,282.828125,294.3066711425781,9.7662748885341e-05,0.0072436071932315,0.0109020322561264,-10.726364135742188,1.5230255126953125,-5.231781005859375,-0.270751953125,-1.522186279296875,-2.47393798828125
2023-11-18,18,3,295.20513916015625,291.4667053222656,-3.38671875,-0.188812255859375,0.0,91848.984375,270.24517822265625,282.15838623046875,291.9473876953125,4.773246473632753e-05,0.0066994801163673,0.010150983929634,-9.505630493164062,-2.022323608398437,-7.9784698486328125,1.2975311279296875,-2.641021728515625,-2.299468994140625
2023-11-19,0,0,293.0726318359375,290.69903564453125,-2.998641967773437,-0.561492919921875,0.0,91683.96875,269.7508544921875,282.6523742675781,292.61480712890625,0.0027239783667027,0.0044920705258846,0.0070838257670402,-7.493927001953125,-1.5496673583984375,-7.906280517578125,1.1697998046875,-2.2050323486328125,-2.5706329345703125
2023-11-19,6,1,300.9887084960937,288.1702575683594,-4.11749267578125,-1.0699615478515625,0.0,91852.65625,268.95672607421875,283.1349792480469,291.8540344238281,0.0046091489493846,0.0030567743815481,0.0105477310717105,-6.1773223876953125,-3.272491455078125,-6.609649658203125,-0.23828125,-2.1726531982421875,-2.144439697265625
2023-11-19,12,2,299.9636535644531,288.54937744140625,-1.55157470703125,-0.393585205078125,0.0,91603.21875,269.1167297363281,283.539306640625,293.4775695800781,0.0044127120636403,0.0025576208718121,0.0101498328149318,-5.99761962890625,-1.436614990234375,-4.2641143798828125,0.4831085205078125,-3.7838287353515625,-1.940399169921875
2023-11-19,18,3,294.810546875,290.98175048828125,-2.6123809814453125,-0.246124267578125,0.0,91791.84375,269.020751953125,284.0152893066406,291.03485107421875,0.0042233932763338,0.0015818621031939,0.011510532349348,-5.5999298095703125,-3.4909820556640625,-5.33740234375,1.470855712890625,-3.83843994140625,-2.402923583984375
2023-11-20,0,0,293.094482421875,291.2506103515625,-1.8736572265625,-1.7299346923828125,0.0,91666.984375,270.09393310546875,284.00897216796875,291.1376342773437,0.0031268571037799,0.0011765544768422,0.0068751983344554,-4.1815032958984375,-5.306655883789063,-4.998016357421875,2.5856475830078125,-0.4734344482421875,-4.721710205078125
2023-11-20,6,1,300.66656494140625,288.41943359375,-2.7805633544921875,-3.0774688720703125,0.0,91818.765625,269.6109619140625,283.1943359375,291.6798095703125,0.0041441209614276,0.0044332630932331,0.0098568685352802,-4.0904083251953125,-4.37762451171875,-4.475997924804688,0.70550537109375,2.1700897216796875,-4.7274932861328125
2023-11-20,12,2,299.3709716796875,291.4455261230469,-2.9864654541015625,-1.893463134765625,0.0,91580.796875,269.35089111328125,283.9105224609375,291.9515991210937,0.0037336177192628,0.0079008713364601,0.012913204729557,1.259765625,-1.5728759765625,-4.1507720947265625,1.1117095947265625,3.041244506835937,-4.980239868164063
2023-11-20,18,3,295.3397216796875,292.1077880859375,-2.963134765625,-1.323638916015625,0.0,91745.59375,268.8670349121094,282.9989624023437,292.18634033203125,0.0035409068223088,0.009774874895811,0.0111309736967086,1.941253662109375,-4.01104736328125,-6.704071044921875,-0.8983154296875,1.7523345947265625,-6.116714477539063
2023-11-21,0,0,295.39990234375,292.739501953125,-1.3643646240234375,-2.5892791748046875,0.0,91582.15625,269.9007568359375,283.9300231933594,292.09735107421875,0.0018072372768074,0.0087545774877071,0.0115786269307136,0.2056427001953125,-1.2593994140625,-5.57550048828125,-4.0115966796875,0.924835205078125,-6.8141937255859375
2023-11-21,6,1,299.3717346191406,292.5600280761719,-2.154449462890625,-3.3917694091796875,17.5,91696.671875,269.8431396484375,283.959228515625,292.3453063964844,0.0005074329674243,0.0090834833681583,0.0133304819464683,-1.95220947265625,-2.298553466796875,-3.8736724853515625,-4.338623046875,-1.1154022216796875,-5.650970458984375
2023-11-21,12,2,298.7870483398437,293.5965881347656,-1.466156005859375,-1.591705322265625,55.25,91490.578125,270.4100952148437,283.2633056640625,292.3249206542969,0.0002443755511194,0.0098915174603462,0.0143234506249427,-0.1849212646484375,-0.8310546875,-3.524932861328125,-3.9465179443359375,-1.0781097412109375,-5.24615478515625
2023-11-21,18,3,295.3138427734375,293.978515625,-0.7812652587890625,-0.757659912109375,16.375,91673.171875,269.1729431152344,283.90582275390625,291.2716064453125,0.0009397743269801,0.0084887184202671,0.0136952511966228,-3.7208099365234375,-1.925628662109375,-2.873397827148437,-3.773223876953125,-1.7305908203125,-1.9860992431640625
2023-11-22,0,0,295.7853698730469,293.7283935546875,-0.707763671875,-0.2516632080078125,18.75,91547.421875,269.4193115234375,283.689453125,290.7578430175781,0.0021962225437164,0.0069759786128997,0.0141055397689342,-0.7920684814453125,-2.444244384765625,-1.3761749267578125,-3.3932647705078125,-1.357269287109375,-0.1029510498046875
2023-11-22,6,1,299.15045166015625,293.615234375,-1.751983642578125,0.0608062744140625,11.375,91648.4375,269.67755126953125,284.02996826171875,292.0947265625,0.003086355747655,0.006420686841011,0.0140330828726291,-5.6918487548828125,-3.350555419921875,-2.4341583251953125,-4.62799072265625,-1.292236328125,0.150848388671875
2023-11-22,12,2,298.15509033203125,294.34893798828125,-2.109893798828125,-0.9763641357421876,18.625,91433.953125,270.5499267578125,284.03521728515625,292.03594970703125,0.0009505944326519,0.0087704844772815,0.0142095237970352,-5.263595581054688,-0.376953125,-4.22161865234375,-5.264556884765625,-2.2303924560546875,-2.717758178710937
2023-11-22,18,3,295.308349609375,293.7287292480469,-2.495941162109375,-0.0936126708984375,48.75,91674.1875,270.12518310546875,282.99383544921875,290.8944702148437,0.0007241093553602,0.0096878744661808,0.0141493044793605,-5.3958740234375,-2.954620361328125,-6.919479370117188,-7.8642730712890625,-1.420928955078125,-1.09600830078125
2023-11-23,0,0,294.9384155273437,293.6640319824219,-1.9145965576171875,0.468963623046875,22.5,91538.125,269.72808837890625,282.7177429199219,290.63427734375,0.0008023350965231,0.0095292069017887,0.0138421356678009,-5.5187530517578125,-2.1781463623046875,-5.4532318115234375,-10.003555297851562,-0.01910400390625,2.518096923828125
2023-11-23,6,1,298.26239013671875,293.5438232421875,-2.615707397460937,2.6639862060546875,2.875,91620.59375,269.059326171875,283.1624755859375,290.9821472167969,0.001112709287554,0.0098227523267269,0.01361083984375,-6.999114990234375,-4.1360626220703125,-3.99969482421875,-10.58099365234375,2.683822631835937,3.9184417724609375
2023-11-23,12,2,297.7376708984375,293.9261169433594,-1.99432373046875,1.332061767578125,61.5,91395.15625,268.6373291015625,283.0552062988281,292.59423828125,0.0014323352370411,0.0093972533941268,0.0131636224687099,-4.139739990234375,-0.4664459228515625,-3.867523193359375,-8.01251220703125,2.085174560546875,3.78289794921875
2023-11-23,18,3,295.15203857421875,293.901611328125,-2.488983154296875,0.6509552001953125,46.5,91561.140625,269.30474853515625,283.2196044921875,292.16424560546875,0.0021957533899694,0.0094132050871849,0.0118679478764534,-5.81488037109375,-1.4976806640625,-6.01190185546875,-5.216064453125,0.6167144775390625,5.373062133789063
2023-11-24,0,0,294.6954040527344,293.2193603515625,-3.2595977783203125,1.24053955078125,8.25,91440.4375,268.56402587890625,282.611083984375,291.4375,0.0042388536967337,0.0103097110986709,0.0107126161456108,-5.208099365234375,-4.0976104736328125,-6.63360595703125,-0.453125,1.933807373046875,5.8189544677734375
2023-11-24,6,1,300.24908447265625,291.21484375,-3.1614227294921875,2.09375,0.0,91690.734375,268.5209350585937,282.71044921875,290.7726135253906,0.0038399135228246,0.0091009112074971,0.013407677412033,-4.328094482421875,-5.01080322265625,-5.248565673828125,-1.8779296875,1.7671356201171875,3.266098022460937
2023-11-24,12,2,297.9976501464844,294.07342529296875,-1.9109649658203125,-0.2841796875,605.625,91507.78125,267.1947631835937,283.2549743652344,292.2608642578125,0.0038619160186499,0.0084195174276828,0.013985950499773,-3.148834228515625,-2.449310302734375,-5.372238159179688,-1.302825927734375,0.0840911865234375,1.0244903564453125
2023-11-24,18,3,295.1679992675781,293.9319763183594,-2.6199951171875,0.5195465087890625,70.375,91720.609375,267.936279296875,282.8081359863281,291.47821044921875,0.0028686972800642,0.0083922706544399,0.0132507346570491,-3.814041137695313,-5.4600677490234375,-6.413101196289063,-0.1505889892578125,-0.458526611328125,2.54376220703125
2023-11-25,0,0,294.849365234375,293.03131103515625,-2.844085693359375,0.103118896484375,11.125,91622.890625,267.760498046875,283.3313293457031,290.2567443847656,0.0030989677179604,0.0075198300182819,0.0123374238610267,-3.594696044921875,-5.978042602539063,-7.940887451171875,-0.382720947265625,0.939178466796875,2.3926544189453125
2023-11-25,6,1,299.2872314453125,292.15496826171875,-4.258636474609375,0.83123779296875,92.0,91757.84375,267.243896484375,282.7926025390625,291.3597717285156,0.0035688239149749,0.0089322142302989,0.0135892853140831,-4.7193756103515625,-7.6135406494140625,-6.995376586914063,-0.16644287109375,1.4734344482421875,1.1631622314453125
2023-11-25,12,2,297.54278564453125,293.05926513671875,-2.7917633056640625,-0.164093017578125,105.125,91604.203125,267.812255859375,282.7646484375,291.1081848144531,0.0037571017164736,0.0083719678223133,0.0135211683809757,-4.08648681640625,-6.721725463867188,-7.555496215820312,-0.8277740478515625,1.0857696533203125,-0.5044708251953125
2023-11-25,18,3,294.7507019042969,293.2562866210937,-2.8255157470703125,-0.471954345703125,32.125,91873.859375,267.6710205078125,282.22882080078125,291.0016784667969,0.0036394449416548,0.007863812148571,0.0110169388353824,-4.8297119140625,-5.898895263671875,-11.09814453125,0.5678863525390625,0.589691162109375,0.8235015869140625
2023-11-26,0,0,294.1572570800781,291.907470703125,-3.452987670898437,-0.1270751953125,20.75,91743.875,268.0028076171875,282.69610595703125,291.1925964355469,0.0027011714410036,0.0060991272330284,0.0077688060700893,-4.67657470703125,-8.407699584960938,-13.125381469726562,3.0880889892578125,2.33636474609375,1.8544769287109373
2023-11-26,6,1,299.4184875488281,291.0765991210937,-5.4692230224609375,0.392181396484375,14.125,91875.4375,268.1922607421875,283.20428466796875,291.2964782714844,0.002039821119979,0.0071344301104545,0.0118800848722457,-4.74652099609375,-10.068862915039062,-11.001846313476562,5.0670013427734375,0.444580078125,0.6707611083984375
2023-11-26,12,2,298.1661071777344,291.4871520996094,-3.00115966796875,0.08953857421875,0.0,91616.875,268.42022705078125,282.88934326171875,291.6324462890625,0.0033816995564848,0.0065781138837337,0.0129763446748256,-0.818450927734375,-7.667724609375,-8.054595947265625,5.511199951171875,1.1950836181640625,-0.0498046875
2023-11-26,18,3,294.3961181640625,292.953125,-3.6400299072265625,1.139495849609375,3.125,91784.5,267.619140625,283.4117736816406,290.34832763671875,0.0039195884019136,0.0078655146062374,0.0129480026662349,2.1920928955078125,-6.922409057617188,-11.518844604492188,4.104827880859375,2.10260009765625,3.9053802490234375
2023-11-27,0,0,294.31689453125,292.7521057128906,-2.8131866455078125,0.31634521484375,13.375,91609.125,267.64306640625,283.4286499023437,290.0218200683594,0.0036829214077442,0.0079688094556331,0.0123574696481227,1.9055328369140625,-3.7772064208984375,-8.70208740234375,3.492172241210937,2.105316162109375,3.137603759765625
2023-11-27,6,1,299.0551147460937,291.6588439941406,-3.9339447021484375,1.0216064453125,21.375,91752.671875,267.62969970703125,283.465087890625,291.2043151855469,0.0030153919942677,0.0074513927102088,0.013046558946371,2.5205230712890625,-2.4353790283203125,-6.949615478515625,0.0384521484375,2.6234893798828125,2.0137176513671875
2023-11-27,12,2,297.73126220703125,292.609619140625,-1.3899078369140625,0.6385345458984375,68.4375,91515.640625,268.19061279296875,283.0333251953125,291.1639099121094,0.0022247144952416,0.0083177536725997,0.0137612074613571,3.094329833984375,-2.6876373291015625,-4.90155029296875,-0.648712158203125,1.423004150390625,2.0235137939453125
2023-11-27,18,3,294.5268859863281,292.9759521484375,-2.680877685546875,0.2673187255859375,39.75,91743.078125,268.0606689453125,282.33172607421875,291.0638427734375,0.001420154236257,0.0086363963782787,0.0120666623115539,1.5611114501953125,-2.8363494873046875,-6.0807037353515625,-0.2949371337890625,0.65972900390625,2.9901123046875
2023-11-28,0,0,294.6051025390625,292.7284851074219,-2.3882293701171875,0.186431884765625,8.0,91579.0625,268.056884765625,281.8780517578125,291.12677001953125,0.00092388340272,0.0090710818767547,0.0104860439896583,3.5497589111328125,-3.95465087890625,-5.844146728515625,-0.8498992919921875,-0.2580413818359375,2.4000396728515625
2023-11-28,6,1,299.5198669433594,292.7035522460937,-2.716644287109375,1.0917816162109375,235.375,91682.78125,268.67803955078125,282.04425048828125,290.78973388671875,0.0005552521906793,0.009449865669012,0.0140559207648038,1.898406982421875,-5.799652099609375,-4.434844970703125,-0.0342559814453125,-0.635345458984375,1.4996185302734375
2023-11-28,12,2,299.5533447265625,293.07537841796875,-1.6262359619140625,0.5335235595703125,35.875,91402.234375,268.6005859375,283.0323486328125,292.5379333496094,0.0008948289323598,0.0079875886440277,0.0132922660559415,1.249725341796875,-4.567169189453125,-4.70562744140625,-0.7662200927734375,0.7495574951171875,0.8650360107421875
2023-11-28,18,3,294.7750244140625,293.2195739746094,-2.8596343994140625,0.5792999267578125,61.875,91647.546875,267.7533569335937,282.7153015136719,291.4252319335937,0.001099660526961,0.0071072056889534,0.012428693473339,2.233978271484375,-3.91815185546875,-5.2637786865234375,-0.8570556640625,2.10443115234375,0.772125244140625
2023-11-29,0,0,294.62823486328125,292.7212829589844,-1.7546844482421875,-0.1986236572265625,11.625,91525.390625,268.5165405273437,282.84588623046875,291.203125,0.0010741464793682,0.0057964585721492,0.0106126256287097,2.3858184814453125,-3.8874359130859375,-4.6203460693359375,-1.6873779296875,0.2831268310546875,0.52325439453125
2023-11-29,6,1,299.800537109375,291.853759765625,-3.1205291748046875,-0.195098876953125,0.0,91677.265625,268.5567626953125,282.37762451171875,291.3832397460937,0.0010140633676201,0.0066629312932491,0.0120642371475696,0.773712158203125,-5.323776245117188,-4.698410034179688,0.15350341796875,0.0421905517578125,-0.35980224609375
2023-11-29,12,2,298.7185363769531,292.69110107421875,-3.3220977783203125,0.90234375,28.375,91505.625,269.162109375,282.4385986328125,291.78631591796875,0.0009591840207576,0.0087072923779487,0.0131491422653198,1.0809173583984375,-3.8195953369140634,-6.0969085693359375,-0.7103729248046875,0.1745147705078125,1.0555267333984375
2023-11-29,18,3,294.7533569335937,292.8055725097656,-3.4519195556640625,0.6205596923828125,48.5,91737.1875,268.3967590332031,282.5621337890625,290.8890991210937,0.0008612417150288,0.0088345631957054,0.0126251839101314,2.098602294921875,-3.684402465820313,-8.711669921875,0.36651611328125,-0.008056640625,2.881683349609375
2023-11-30,0,0,294.39910888671875,292.6283874511719,-2.6103515625,0.5224761962890625,0.75,91597.609375,268.78765869140625,281.9044494628906,290.5491943359375,0.0006862208247184,0.0088195037096738,0.0117501877248287,2.0226287841796875,-2.4336090087890625,-10.305145263671877,0.2408599853515625,-0.5102081298828125,4.17706298828125
2023-11-30,6,1,298.9911804199219,291.7409362792969,-3.862548828125,1.1284942626953125,2.875,91756.53125,267.88751220703125,282.69024658203125,291.7581787109375,0.0006549886893481,0.0084691680967807,0.0119066014885902,4.250167846679688,-4.53472900390625,-6.2108917236328125,-1.0483245849609375,0.09912109375,1.48968505859375
2023-11-30,12,2,298.2957763671875,291.771240234375,-2.6085662841796875,0.6038055419921875,110.375,91541.328125,268.76202392578125,281.99334716796875,292.28369140625,0.0006154982838779,0.0092539899051189,0.0132656767964363,1.399383544921875,-3.7458343505859375,-6.198654174804688,0.1551666259765625,-0.638397216796875,0.7523345947265625
2023-11-30,18,3,294.24420166015625,292.3323059082031,-2.755233764648437,0.0259246826171875,17.0,91744.65625,268.6898803710937,282.9904479980469,291.08612060546875,0.0006971720140427,0.0084309205412864,0.0125612989068031,0.17999267578125,-3.35150146484375,-7.360687255859375,2.57354736328125,-0.7993927001953125,-0.657958984375
2023-12-01,0,0,293.970703125,292.1454772949219,-2.091064453125,0.083251953125,1.875,91610.6875,268.3861389160156,282.7505798339844,291.46881103515625,0.0006879894062876,0.0096595585346221,0.0113897584378719,2.089508056640625,-2.575180053710937,-7.215972900390625,-0.0518646240234375,-2.0728912353515625,-0.01226806640625
2023-12-01,6,1,299.4247131347656,291.9995422363281,-3.0578765869140625,-0.264923095703125,53.25,91728.75,268.0914306640625,281.8543701171875,291.01153564453125,0.0007450892589986,0.0100050084292888,0.0131551399827003,0.0381927490234375,-5.594635009765625,-4.7942962646484375,0.7320709228515625,-2.2451171875,-0.5610809326171875
2023-12-01,12,2,297.9775085449219,293.3626708984375,-1.6275177001953125,-1.05560302734375,49.75,91412.03125,268.6165771484375,282.3877258300781,292.02801513671875,0.001141239888966,0.0093019045889377,0.0135097354650497,-0.3801727294921875,-3.884765625,-3.848602294921875,2.4642333984375,-1.59234619140625,-3.456817626953125
2023-12-01,18,3,294.62548828125,293.2754821777344,-2.5225067138671875,-1.321807861328125,37.25,91663.3125,267.84039306640625,282.7050170898437,291.47125244140625,0.0013306601904332,0.0087506286799907,0.0120790898799896,1.2051239013671875,-2.74005126953125,-6.2823486328125,1.386962890625,-1.7103729248046875,-4.280044555664063
2023-12-02,0,0,293.02130126953125,290.98828125,-1.3954315185546875,-1.58013916015625,0.0,91480.203125,268.63604736328125,282.93316650390625,291.812744140625,0.0004892328288406,0.0076721683144569,0.0065273977816104,2.4316558837890625,-3.829833984375,-9.664764404296877,-2.95257568359375,-3.343994140625,-5.8978424072265625
2023-12-02,6,1,298.5197448730469,289.71453857421875,-2.978240966796875,-3.02801513671875,0.0,91586.65625,269.7487487792969,282.79766845703125,290.4398803710937,0.0002595845144242,0.0087407659739255,0.0114543177187442,-1.9028167724609373,-6.457199096679688,-5.183807373046875,-5.986495971679688,-3.0813140869140625,-4.8345947265625
2023-12-02,12,2,297.98907470703125,292.0269775390625,-2.526351928710937,-3.01373291015625,0.25,91359.65625,270.72625732421875,283.09722900390625,291.0691833496094,0.0002344357344554,0.0086637884378433,0.0134109444916248,-3.040634155273437,-5.849945068359375,-5.1002960205078125,-4.324462890625,-4.109298706054688,-5.958831787109375
2023-12-02,18,3,294.8060302734375,292.93035888671875,-0.8432159423828125,-3.0237579345703125,2.25,91560.75,269.0494384765625,282.9004211425781,290.20086669921875,0.0006373561918735,0.0092221498489379,0.0138174965977668,-3.5465850830078125,-9.776947021484377,-8.222030639648438,-4.6825103759765625,-3.4098052978515625,-8.394378662109375
2023-12-03,0,0,294.9132080078125,293.16192626953125,-2.2803955078125,-3.334686279296875,17.875,91402.96875,268.6986694335937,283.5292053222656,289.6922607421875,0.001059356611222,0.0081830695271492,0.0138647221028804,-2.9134674072265625,-7.655441284179687,-11.148452758789062,-5.8809967041015625,-4.695968627929688,-8.091766357421875
2023-12-03,6,1,297.2127990722656,292.99676513671875,-2.5355224609375,-5.326583862304688,55.0,91542.875,269.81219482421875,283.23065185546875,291.68023681640625,0.0003344346769154,0.0102458856999874,0.0141566656529903,-2.97821044921875,-6.22503662109375,-7.5551300048828125,-6.612228393554688,-6.5291748046875,-9.831375122070312
2023-12-03,12,2,296.3331298828125,293.1405029296875,-2.179061889648437,-4.2549591064453125,1.875,91354.25,269.9799499511719,283.13104248046875,291.0604248046875,0.001324254553765,0.0087302923202514,0.013120112940669,-2.048324584960937,-4.0087738037109375,-7.7044677734375,-4.343521118164063,-10.95355224609375,-10.255294799804688
2023-12-03,18,3,294.5736389160156,292.56610107421875,0.184906005859375,-3.84246826171875,0.0,91472.1875,269.5914306640625,284.3476257324219,290.0970764160156,0.0016402637120336,0.0083549804985523,0.0133669525384902,-4.6133575439453125,-4.252227783203125,-5.15667724609375,-5.7967529296875,-8.886749267578125,-13.565872192382812
2023-12-04,0,0,294.75909423828125,292.8026733398437,1.0599517822265625,-3.7465972900390634,6.75,91269.125,269.85467529296875,284.7020568847656,289.55645751953125,0.0015152152627706,0.0068368464708328,0.0136394277215003,-2.97613525390625,2.0531768798828125,-2.79266357421875,-7.685165405273437,-9.584869384765623,-13.103927612304688
2023-12-04,6,1,297.0570068359375,292.35125732421875,0.0514068603515625,-6.1779632568359375,0.5,91393.15625,270.15301513671875,285.3941955566406,290.0894775390625,0.0001539520744699,0.0036136151757091,0.0139700286090374,4.070236206054688,3.01458740234375,-1.55133056640625,-8.698028564453125,-10.202499389648438,-9.994308471679688
2023-12-04,12,2,296.1781921386719,292.16748046875,2.533554077148437,-2.74566650390625,0.0,91188.25,270.05340576171875,284.47784423828125,290.382080078125,0.0001615058863535,0.0066451579332351,0.0132966078817844,3.997894287109375,2.275985717773437,5.7235107421875,-8.836502075195312,-10.649459838867188,-8.463546752929688
2023-12-04,18,3,294.48345947265625,291.6783447265625,3.071502685546875,-2.4588165283203125,0.0,91309.109375,268.59716796875,284.6667785644531,291.2794189453125,0.000659987097606,0.0059681497514247,0.0120787285268306,4.4163665771484375,4.0404052734375,7.77349853515625,-8.323532104492188,-4.1976470947265625,-11.0528564453125
2023-12-05,0,0,294.25201416015625,291.9802551269531,2.9334869384765625,-1.674713134765625,0.0,91180.53125,270.4310302734375,283.71710205078125,290.8246459960937,0.0001146306167356,0.0056626722216606,0.0124227106571197,6.590301513671875,8.106246948242188,7.268585205078125,-1.84527587890625,-5.153106689453125,-9.925003051757812
2023-12-05,6,1,296.7371520996094,291.87908935546875,3.461578369140625,-3.597885131835937,0.0,91376.78125,270.03955078125,282.9861145019531,291.27203369140625,9.628242696635424e-05,0.0081435553729534,0.0133392997086048,7.8218994140625,5.59912109375,5.167755126953125,-1.7560272216796875,-4.333419799804688,-5.350189208984375
2023-12-05,12,2,298.1981811523437,292.56756591796875,1.282867431640625,-1.753021240234375,2.5,91210.984375,270.1038513183594,284.57354736328125,292.0147705078125,0.0001020764029817,0.0057496614754199,0.0131027996540069,7.496612548828125,3.826019287109375,4.474151611328125,-3.512359619140625,0.6525115966796875,-4.134292602539063
2023-12-05,18,3,294.1896057128906,292.1856689453125,0.3171234130859375,-1.61572265625,0.0,91506.640625,270.7826232910156,282.9660949707031,291.6016845703125,9.638103074394166e-05,0.0044762715697288,0.0124360062181949,3.367431640625,3.3680877685546875,4.208511352539063,-1.3644256591796875,1.7677764892578125,-3.1734619140625
2023-12-06,0,0,293.4754333496094,291.45928955078125,1.122894287109375,-0.4910736083984375,0.0,91389.703125,269.992431640625,282.4735412597656,291.6606750488281,9.983673226088284e-05,0.0030780183151364,0.011476382613182,0.7431182861328125,3.891357421875,3.792526245117188,2.699951171875,3.274688720703125,-1.6037139892578125
2023-12-06,6,1,300.07958984375,292.0514221191406,0.8063201904296875,0.0599212646484375,0.0,91547.71875,270.16552734375,285.111328125,292.0702514648437,9.710376616567372e-05,0.0007304439786821,0.0121010430157184,2.1623077392578125,6.2240142822265625,1.0655517578125,2.8404998779296875,4.8673095703125,0.139556884765625
2023-12-06,12,2,300.91717529296875,291.7617492675781,1.296905517578125,0.359771728515625,0.0,91322.46875,270.4927673339844,283.34991455078125,294.4315490722656,0.0001177947269752,0.0017841085791587,0.0106084942817687,2.7188262939453125,7.6718902587890625,1.84075927734375,3.219482421875,4.089691162109375,0.961578369140625
2023-12-06,18,3,295.2427673339844,291.10723876953125,-1.96820068359375,-0.034912109375,13.125,91576.421875,270.0107421875,280.6181945800781,293.52734375,0.0002172432723455,0.0058817788958549,0.0107866860926151,5.85992431640625,5.525161743164063,-1.96337890625,6.258026123046875,1.8136749267578125,0.7654571533203125
2023-12-07,0,0,294.03082275390625,292.14959716796875,-1.510040283203125,0.5738372802734375,16.875,91515.65625,269.4885559082031,284.128662109375,290.6075439453125,0.00034492299892,0.0018962337635457,0.0126553997397422,7.822662353515625,5.211029052734375,-0.1325836181640625,0.449859619140625,4.4098968505859375,6.281768798828125
2023-12-07,6,1,301.00994873046875,292.3165283203125,-0.5348358154296875,1.463165283203125,1.125,91614.53125,269.72003173828125,284.6534118652344,292.18341064453125,0.0002227295917691,0.002883265260607,0.0126569010317325,6.74493408203125,3.17523193359375,-0.835052490234375,-1.235748291015625,3.48626708984375,1.85052490234375
2023-12-07,12,2,300.8336486816406,291.3168640136719,-0.53155517578125,1.0087127685546875,2.25,91408.6875,270.0255126953125,282.14990234375,294.2015380859375,0.0005673666018992,0.0086602792143821,0.0118453539907932,5.575729370117188,0.462982177734375,0.5657196044921875,-1.1643524169921875,4.559341430664063,0.552703857421875
2023-12-07,18,3,295.572509765625,292.56451416015625,-2.3054656982421875,0.1048583984375,86.75,91660.53125,269.550048828125,281.86474609375,292.50457763671875,0.0014572702348232,0.0096319466829299,0.0132816992700099,1.9586029052734373,3.744674682617188,-2.32318115234375,1.723663330078125,4.740402221679688,3.0436553955078125
2023-12-08,0,0,295.42919921875,293.4032897949219,-2.448516845703125,0.236328125,36.25,91578.28125,268.91778564453125,283.5635986328125,290.6022033691406,0.0018122906330972,0.0081798918545246,0.0140054486691951,2.9262237548828125,3.8314208984375,-3.5553131103515625,2.8402099609375,4.520034790039063,3.2193145751953125
2023-12-08,6,1,299.3656005859375,292.9256591796875,-2.464828491210937,1.556365966796875,5.625,91726.96875,269.5717163085937,283.1433410644531,291.3630065917969,0.0016440907493233,0.0091458279639482,0.0139257200062274,1.1315765380859375,1.2817840576171875,-3.5768280029296875,2.7413330078125,2.806060791015625,2.133148193359375
2023-12-08,12,2,299.1494140625,292.84991455078125,-1.3246307373046875,0.2394866943359375,9.625,91486.671875,270.4714660644531,283.2601928710937,292.3825988769531,0.0012611653655767,0.00946481898427,0.0138619169592857,1.6777191162109375,2.127059936523437,-2.7924957275390625,0.0237274169921875,0.733856201171875,0.886077880859375
2023-12-08,18,3,295.068603515625,293.48455810546875,-1.5983428955078125,0.5560302734375,57.0,91786.59375,269.4993591308594,283.0057983398437,290.5409545898437,0.0017341028433293,0.0098286606371402,0.0145166553556919,-0.819793701171875,0.9630584716796876,-3.130340576171875,0.4310455322265625,2.394500732421875,2.45599365234375
2023-12-09,0,0,294.9978332519531,293.72076416015625,-1.8451385498046875,0.2977142333984375,3.625,91730.640625,268.6156616210937,282.4605712890625,290.3284912109375,0.001994167920202,0.009788155555725,0.0139955431222915,-1.3984375,1.1743927001953125,-3.3258819580078125,2.795639038085937,0.853851318359375,1.857208251953125
2023-12-09,6,1,299.31298828125,294.3234558105469,-2.226654052734375,0.119842529296875,782.125,91881.671875,269.3375244140625,282.84033203125,290.63055419921875,0.001758140977472,0.009054310619831,0.0137629397213459,-1.7327728271484375,0.661712646484375,-3.9459381103515625,3.29107666015625,1.0754241943359375,0.6790008544921875
2023-12-09,12,2,298.1315002441406,294.4818725585937,-1.4503631591796875,-0.5300750732421875,190.625,91577.96875,269.02325439453125,283.6383972167969,291.90887451171875,0.0022213889751583,0.0093919411301612,0.0143448375165462,-0.73773193359375,0.8040008544921875,-5.632583618164063,1.138580322265625,0.704681396484375,-1.65869140625
2023-12-09,18,3,294.9449462890625,293.4477233886719,-2.8615264892578125,0.1259918212890625,1.25,91749.078125,268.94598388671875,282.7744140625,290.24810791015625,0.002321885433048,0.0091284364461898,0.0135588087141513,-0.1469573974609375,1.30780029296875,-6.91326904296875,2.5495758056640625,-0.4388275146484375,0.8396148681640625
2023-12-10,0,0,294.3893127441406,292.885986328125,-2.5995635986328125,-0.2725067138671875,3.375,91648.515625,267.95770263671875,283.45050048828125,290.7616882324219,0.0027562100440263,0.0080747753381729,0.0120095983147621,0.867523193359375,1.003936767578125,-4.82293701171875,1.245208740234375,-1.90185546875,0.302764892578125
2023-12-10,6,1,299.930908203125,291.1205444335937,-3.41436767578125,-0.051727294921875,0.0,91707.75,268.8052062988281,285.2735595703125,291.6206359863281,0.0020371186546981,0.0072435773909091,0.0118652768433094,1.360443115234375,1.543060302734375,-5.171356201171875,-2.840179443359375,-2.46380615234375,-0.23907470703125
2023-12-10,12,2,298.8864440917969,292.11627197265625,-2.820785522460937,0.237213134765625,14.125,91487.875,268.77252197265625,283.8896484375,292.39697265625,0.0020578005351126,0.007493644952774,0.0126971490681171,1.5585479736328125,2.8112945556640625,-5.261810302734375,-1.2320098876953125,-3.07122802734375,0.7569122314453125
2023-12-10,18,3,294.609130859375,292.56561279296875,-3.0898895263671875,0.89111328125,6.25,91796.140625,268.77960205078125,284.30712890625,290.8717041015625,0.0020263395272195,0.0060491561889648,0.0129177868366241,1.2685394287109375,2.421615600585937,-5.4132080078125,-2.133453369140625,-3.3518524169921875,2.142074584960937
2023-12-11,0,0,294.18170166015625,292.1318664550781,-2.643890380859375,0.2802886962890625,3.75,91651.296875,268.6243896484375,284.1831970214844,290.8463134765625,0.0018489498179405,0.0060315430164337,0.0120029300451278,1.521575927734375,2.31640625,-2.879623413085937,-0.0953216552734375,-0.9246368408203124,0.85125732421875
2023-12-11,6,1,299.5078125,291.5338439941406,-2.349517822265625,-0.044097900390625,0.5,91814.890625,268.9735107421875,284.0801086425781,291.4007263183594,0.0018298723734915,0.0057936459779739,0.0125630125403404,3.135848999023437,2.870269775390625,-3.3955078125,0.188507080078125,-0.7874603271484375,-0.2825164794921875
2023-12-11,12,2,299.66339111328125,291.2178955078125,-1.2097930908203125,0.085296630859375,11.75,91529.84375,269.51275634765625,284.83709716796875,292.64910888671875,0.0018764743581414,0.0039621805772185,0.0118965543806552,2.394805908203125,5.1006622314453125,-2.325164794921875,1.9940032958984373,-5.10882568359375,-1.473724365234375
2023-12-11,18,3,294.3114624023437,292.46435546875,-3.0959014892578125,0.2524871826171875,0.0,91728.046875,269.31884765625,285.6441955566406,290.0244445800781,0.0017311924602836,0.0018240576609969,0.0126699730753898,2.043212890625,4.141632080078125,-4.6231231689453125,0.2378997802734375,-6.64837646484375,-1.299957275390625
2023-12-12,0,0,294.15887451171875,292.1654968261719,-2.634796142578125,0.4815673828125,0.5,91562.34375,269.55279541015625,285.7579345703125,289.68170166015625,0.0005467876326292,0.0015304782427847,0.0114870034158229,0.6226806640625,3.524444580078125,-3.621429443359375,-2.44097900390625,-4.795989990234375,-2.8623199462890625
2023-12-12,6,1,298.71728515625,289.3779296875,-2.31011962890625,-1.8903350830078125,0.0,91716.828125,269.58721923828125,285.127197265625,290.6637878417969,0.0002504982985556,0.0014738428872078,0.0110357739031314,-1.016265869140625,3.4715728759765625,-3.2201080322265625,-3.439300537109375,-4.1241455078125,-3.123443603515625
2023-12-12,12,2,298.94683837890625,289.44610595703125,-1.1824493408203125,-1.2811431884765625,1.625,91450.03125,269.8071594238281,283.36065673828125,292.987548828125,0.0001501073711551,0.0018201190978288,0.0099789537489414,-1.4322357177734375,6.1181640625,-1.9207916259765625,-2.2755279541015625,-6.1391448974609375,-3.067733764648437
2023-12-12,18,3,292.9701843261719,289.1469116210937,-2.8772735595703125,0.436065673828125,0.0,91730.734375,269.1644897460937,285.5947570800781,289.05767822265625,0.0001780576712917,0.0014696083962917,0.0106008388102054,-1.7735748291015625,6.0547943115234375,-6.5533294677734375,-2.3448944091796875,-4.1815948486328125,0.134002685546875
2023-12-13,0,0,292.4281005859375,290.4163818359375,-2.593902587890625,0.0198211669921875,0.125,91540.734375,269.91949462890625,285.485595703125,289.4111328125,0.000157457194291,0.0026477742940187,0.010476004332304,-3.016265869140625,3.5988922119140625,-0.8803558349609375,-3.725173950195313,1.316650390625,-0.83245849609375
2023-12-13,6,1,298.9046630859375,287.87628173828125,-2.4912109375,-2.5909576416015625,0.0,91805.953125,270.388671875,284.3070983886719,290.14208984375,0.0002118989214068,0.0033587208017706,0.0102813355624675,-5.052947998046875,3.814987182617188,-3.4320526123046875,-4.7476959228515625,1.74346923828125,-3.992706298828125
2023-12-13,12,2,298.2561950683594,287.4688720703125,-1.586151123046875,-0.89691162109375,0.0,91501.3125,271.54986572265625,285.3948974609375,292.15948486328125,0.0001667027536313,0.0030733479652553,0.0092848092317581,-3.9167327880859375,5.471038818359375,-3.440536499023437,-5.187896728515625,-1.106231689453125,-2.1421051025390625
2023-12-13,18,3,292.51141357421875,289.574462890625,-3.1993408203125,0.32733154296875,0.0,91818.125,271.0211181640625,285.271240234375,288.9491577148437,0.0001569728046888,0.0033791332971304,0.0101456344127655,-5.473358154296875,1.2705535888671875,-6.0875396728515625,-0.239959716796875,1.5886688232421875,0.80352783203125
2023-12-14,0,0,292.8632202148437,290.36181640625,-2.8357391357421875,-0.561187744140625,10.125,91743.078125,270.392822265625,284.2321472167969,286.42779541015625,0.0001893516164273,0.0037845447659492,0.0105594452470541,-7.1557464599609375,1.7985687255859375,-5.9969024658203125,-0.591094970703125,3.43328857421875,-2.367828369140625
2023-12-14,6,1,297.078125,288.4025573730469,-2.7877960205078125,-0.9929962158203124,0.0,91901.03125,270.9517822265625,284.7521667480469,288.8533020019531,0.000230701160035,0.0038574945647269,0.0099068209528923,-8.984664916992188,0.0047607421875,-4.1044464111328125,1.299224853515625,2.47674560546875,-1.338134765625
2023-12-14,12,2,298.0582275390625,288.76873779296875,-1.65252685546875,-0.307830810546875,0.0,91639.96875,270.26953125,285.27197265625,291.4001159667969,0.0006044970359653,0.0036026516463607,0.010150421410799,-8.921524047851562,0.6112060546875,-3.356170654296875,3.86138916015625,1.8056793212890625,-0.37286376953125
2023-12-14,18,3,291.88116455078125,289.0680847167969,-3.2775421142578125,0.04119873046875,0.0,91926.65625,270.02032470703125,284.83856201171875,289.4789428710937,0.0010763769969344,0.0035813709255307,0.0103774089366197,-10.540176391601562,-2.825042724609375,-3.767730712890625,4.297821044921875,1.51300048828125,1.674224853515625
2023-12-15,0,0,291.6425170898437,290.6316833496094,-2.6424713134765625,-0.95819091796875,0.0,91768.6875,270.1607666015625,284.4583740234375,290.1739501953125,0.0017216966953128,0.0036807185970246,0.0097333677113056,-10.619277954101562,-2.64178466796875,-2.4580230712890625,6.435836791992188,-0.061553955078125,3.61834716796875
2023-12-15,6,1,298.291259765625,290.802734375,-2.628326416015625,0.5548553466796875,0.0,91904.828125,269.412353515625,283.9168701171875,290.97808837890625,0.0026193077210336,0.003313569817692,0.0125483721494674,-9.70611572265625,-5.23883056640625,-3.8926849365234375,4.300048828125,-0.2781219482421875,1.1447906494140625
2023-12-15,12,2,297.4237670898437,291.817626953125,-3.1731414794921875,0.598358154296875,2.0,91691.671875,269.0953369140625,283.15576171875,290.9685363769531,0.0031707794405519,0.0063060149550437,0.0130461789667606,-7.76715087890625,-5.2945709228515625,-5.0881195068359375,1.6510772705078125,1.238525390625,-0.0278472900390625
2023-12-15,18,3,293.9504699707031,291.9127502441406,-2.868988037109375,-0.269805908203125,2.875,91918.640625,269.2225341796875,282.6918640136719,290.5616455078125,0.0011577107943594,0.0097481608390808,0.0133048854768276,-9.109222412109377,-6.865081787109375,-6.8536224365234375,2.6602935791015625,0.917388916015625,-0.7964324951171875
2023-12-16,0,0,293.3248596191406,292.118896484375,-2.217742919921875,-1.0001678466796875,3.375,91699.6875,269.2309875488281,283.7827453613281,289.40985107421875,0.0010919459164142,0.0062918551266193,0.0127496123313903,-8.231704711914062,-4.2238616943359375,-7.2626953125,4.04248046875,1.2562255859375,0.9302825927734376
2023-12-16,6,1,297.80194091796875,292.1573181152344,-3.67095947265625,-0.3336029052734375,4.0,91853.6875,268.2180480957031,283.685546875,290.9369812011719,0.0023630135692656,0.0056119076907634,0.0126824751496315,-8.278732299804688,-5.1983489990234375,-5.62615966796875,4.446685791015625,1.015594482421875,-0.2414398193359375
2023-12-16,12,2,298.2335205078125,292.74139404296875,-3.0850067138671875,-1.2590179443359375,19.625,91628.140625,268.49090576171875,282.9003295898437,291.1178894042969,0.0033754741307348,0.0072599053382873,0.0140447542071342,-6.7530059814453125,-5.179855346679688,-6.298492431640625,2.5860137939453125,1.80340576171875,-1.3634033203125
2023-12-16,18,3,294.8085327148437,292.7989196777344,-3.2694311141967773,-0.6999053955078125,15.375,91806.84375,268.06134033203125,284.7752685546875,289.403076171875,0.0035792761482298,0.0048192553222179,0.01314602419734,-6.0679779052734375,-8.1380615234375,-9.0313720703125,3.437728881835937,3.483917236328125,-1.1004638671875
2023-12-17,0,0,294.23065185546875,292.21929931640625,-3.069183349609375,-0.366668701171875,9.5,91660.078125,268.2166748046875,284.8807983398437,289.2191162109375,0.0041426606476306,0.003710895543918,0.0114735849201679,-4.3555755615234375,-9.702392578125,-8.719039916992188,4.224517822265625,3.4320068359375,0.1812896728515625
2023-12-17,6,1,296.7548217773437,290.8544311523437,-4.865936279296875,0.1031951904296875,6.125,91789.796875,267.9996643066406,284.8250732421875,291.3827819824219,0.0046012699604034,0.0037070561666041,0.0114606767892837,-3.758636474609375,-8.716720581054688,-8.687484741210938,2.4336090087890625,3.28515625,0.0629730224609375
2023-12-17,12,2,297.4310302734375,291.8607788085937,-2.681884765625,0.3304595947265625,22.125,91593.15625,268.58740234375,282.74884033203125,291.2021789550781,0.0041439784690737,0.005284059792757,0.0128098130226135,-0.98748779296875,-8.835067749023438,-6.368988037109375,3.685455322265625,3.639724731445313,-0.6758270263671875
2023-12-17,18,3,294.0744323730469,292.03387451171875,-3.5417938232421875,-0.6869964599609375,4.375,91807.6875,268.94793701171875,281.8254699707031,289.4560546875,0.0036967149935662,0.0077552236616611,0.012832187116146,-6.4042816162109375,-5.68377685546875,-7.868972778320312,2.826522827148437,3.689849853515625,-2.822006225585937
2023-12-18,0,0,293.3829040527344,291.4288024902344,-2.9793853759765625,-0.800628662109375,7.0,91730.03125,267.82550048828125,283.709716796875,289.7176818847656,0.00419108197093,0.0062644928693771,0.0107942149043083,-6.692657470703125,-6.7254791259765625,-7.2838134765625,2.782211303710937,6.022369384765625,-0.34771728515625
2023-12-18,6,1,297.6517333984375,289.9580993652344,-4.906417846679688,-0.0736236572265625,0.25,91882.0625,268.4145202636719,283.6688232421875,290.106201171875,0.0040386575274169,0.0074363276362419,0.0114667266607284,-7.339202880859375,-6.40966796875,-7.61895751953125,1.627105712890625,5.573257446289063,-0.217803955078125
2023-12-18,12,2,298.0184936523437,289.6285400390625,-3.621978759765625,-0.1970977783203125,0.0,91647.25,268.5941772460937,284.3574523925781,290.721923828125,0.0036848066374659,0.0048799379728734,0.0116939023137092,-6.7038421630859375,-5.6349029541015625,-8.23779296875,2.815887451171875,3.815383911132813,-1.2553253173828125
2023-12-18,18,3,293.77398681640625,291.25225830078125,-3.6466064453125,-0.8504638671875,3.25,91937.046875,268.8304138183594,284.10455322265625,288.84576416015625,0.0043973326683044,0.0033863638527691,0.0118409991264343,-6.167495727539063,-5.6266937255859375,-8.830947875976562,5.940353393554688,2.962738037109375,-1.888519287109375
2023-12-19,0,0,292.78924560546875,289.87646484375,-3.532455444335937,-0.6975555419921875,0.875,91784.515625,268.326416015625,284.5975952148437,290.01239013671875,0.0043692924082279,0.0029063038527965,0.007027294486761,-6.439620971679688,-6.2936553955078125,-8.404769897460938,3.1576690673828125,0.598236083984375,-1.3832244873046875
2023-12-19,6,1,298.0332336425781,288.42047119140625,-3.392913818359375,-1.1209259033203125,0.0,91939.9375,268.3616943359375,284.7646789550781,289.6738586425781,0.004269428551197,0.0019642512779682,0.009642120450735,-6.7606201171875,-6.768157958984375,-5.6546478271484375,2.089599609375,-0.1936187744140625,-1.566436767578125
2023-12-19,12,2,298.7377319335937,288.4364929199219,-2.863265991210937,-0.102874755859375,0.0,91662.25,268.2062072753906,284.9053649902344,292.0612487792969,0.0042404038831591,0.0013298252597451,0.0101860389113426,-5.88909912109375,-6.372894287109375,-6.32342529296875,3.86956787109375,-0.68756103515625,-0.55010986328125
2023-12-19,18,3,293.0580749511719,290.03399658203125,-3.870681762695313,-1.00885009765625,0.0,91930.34375,266.67303466796875,284.359619140625,289.9916076660156,0.0044514723122119,0.002752945292741,0.0102345570921897,-6.41302490234375,-6.88214111328125,-5.6155548095703125,5.367828369140625,1.2470855712890625,-0.0805816650390625
2023-12-20,0,0,292.2456359863281,289.8006591796875,-2.964691162109375,-1.262115478515625,0.25,91816.953125,268.0552978515625,284.24005126953125,291.0707702636719,0.0045488327741622,0.0050988383591175,0.0077602304518222,-3.032958984375,-8.737625122070312,-6.026153564453125,5.6427001953125,-0.02020263671875,2.27667236328125
2023-12-20,6,1,298.08575439453125,289.9363098144531,-3.6273193359375,0.2747039794921875,0.25,91930.453125,268.0435791015625,284.82684326171875,290.18829345703125,0.004045270383358,0.0030820467509329,0.0119839031249284,-3.98095703125,-9.364639282226562,-5.4969635009765625,3.2400665283203125,1.17919921875,0.5784149169921875
2023-12-20,12,2,298.9983825683594,290.7288818359375,-2.577178955078125,0.4736785888671875,0.0,91675.1875,267.64453125,285.38885498046875,291.8799743652344,0.0025211034808307,0.002840895904228,0.0117908269166946,-3.6522216796875,-7.153854370117188,-5.500213623046875,1.5602569580078125,1.36370849609375,-0.1894989013671875
2023-12-20,18,3,292.9896545410156,291.2151794433594,-2.3207244873046875,-0.59228515625,0.0,91912.09375,268.50885009765625,284.01416015625,291.9703369140625,0.0022683392744511,0.003821859601885,0.009241409599781,-4.1900787353515625,-6.8880462646484375,-1.270050048828125,1.02911376953125,0.2571563720703125,0.8930206298828125
2023-12-21,0,0,292.4613952636719,291.2762451171875,-3.058334350585937,-1.0001068115234375,1.0,91751.234375,268.7162475585937,284.147216796875,290.96893310546875,0.0017968113534152,0.0023006370756775,0.0116900838911533,-5.46307373046875,-6.557418823242188,-3.633636474609375,2.29339599609375,-0.6179351806640625,1.4185028076171875
2023-12-21,6,1,298.6273803710937,291.04736328125,-2.7857666015625,0.0242767333984375,0.0,91913.21875,268.8480224609375,284.1020202636719,290.9940185546875,0.0017900881357491,0.0019194942433387,0.0127441920340061,-5.7389678955078125,-7.063247680664063,-4.118743896484375,1.8319091796875,-1.9885711669921875,0.2891082763671875
2023-12-21,12,2,299.88653564453125,290.47369384765625,-1.8678741455078125,0.5087738037109375,0.0,91615.640625,268.53863525390625,283.839111328125,293.1325988769531,0.0017636453267186,0.0027611535042524,0.0119595937430858,-7.350738525390625,-4.363449096679688,-3.6658782958984375,0.544921875,-3.0437164306640625,0.5504608154296875
2023-12-21,18,3,293.253662109375,291.63653564453125,-2.008758544921875,0.67596435546875,0.0,91929.078125,268.6536865234375,284.01861572265625,290.71881103515625,0.0009098472073674,0.0023020580410957,0.0124315656721591,-6.3659515380859375,-4.4535980224609375,-0.9982452392578124,1.8282012939453125,-4.120620727539063,1.3896331787109375
2023-12-22,0,0,293.6309814453125,291.96710205078125,-1.677581787109375,0.3175811767578125,12.0,91789.3125,269.4554443359375,284.255859375,290.3622436523437,0.0005495452787727,0.0016199592500925,0.0121067240834236,-4.3297119140625,-4.0982208251953125,0.9069671630859376,1.8516693115234373,-1.709930419921875,-1.766815185546875
2023-12-22,6,1,298.8198547363281,291.1965637207031,-0.6731414794921875,-1.8979949951171875,0.0,91928.921875,269.606201171875,284.6522521972656,290.1944580078125,0.0003372621722519,0.0016038259491324,0.0118423327803611,-4.4327545166015625,-3.379867553710937,-0.8843994140625,2.4897003173828125,-0.599365234375,-2.8898162841796875
2023-12-22,12,2,299.96832275390625,290.115966796875,-0.917388916015625,-1.4226226806640625,0.0,91639.8125,269.7608642578125,284.7115478515625,293.5465393066406,0.0002084113948512,0.0019823259208351,0.0105579793453216,-1.232574462890625,-0.519622802734375,-1.967193603515625,2.573486328125,-0.8701629638671875,-3.044769287109375
2023-12-22,18,3,292.9679260253906,288.8079528808594,-2.3613433837890625,-0.259674072265625,0.0,91921.3125,269.5517578125,285.4857177734375,290.43804931640625,0.0001889567211037,0.0016964417882263,0.0104267634451389,-2.046630859375,-3.998336791992188,-1.666778564453125,2.285980224609375,-2.6208038330078125,-2.749847412109375
2023-12-23,0,0,290.4588317871094,289.0133056640625,-1.9274444580078125,-0.164459228515625,0.0,91821.578125,269.3839111328125,285.2931823730469,291.1261901855469,0.0002058548270724,0.0013142472598701,0.0059729591012001,-1.1137847900390625,-4.745819091796875,-1.4558868408203125,0.4644622802734375,-1.2655181884765625,-4.10235595703125
2023-12-23,6,1,299.6461486816406,283.8382263183594,-2.3333892822265625,0.4235687255859375,0.0,91946.015625,268.6126708984375,286.08380126953125,291.04656982421875,0.0002235887513961,0.0008648585062474,0.0065743755549192,-3.3227996826171875,-6.717208862304688,-4.028778076171875,0.249481201171875,-5.1574554443359375,0.0658416748046875
2023-12-23,12,2,299.4596252441406,284.2601318359375,-1.8917083740234373,0.501220703125,0.0,91731.84375,267.4128112792969,286.355712890625,293.08795166015625,0.000240487177507,0.0007554194889962,0.0062213465571403,-3.5220489501953125,-9.284469604492188,-4.1407012939453125,-0.4210357666015625,-2.490234375,0.5827789306640625
2023-12-23,18,3,291.0965576171875,287.6658630371094,-2.9576873779296875,-0.5365447998046875,0.0,92045.796875,267.9927978515625,286.2274169921875,289.6733093261719,0.0002723175566643,0.0013650932814925,0.0075204074382781,-5.293853759765625,-12.142059326171877,-3.1918182373046875,-4.3756866455078125,1.1340484619140625,-0.2573394775390625
2023-12-24,0,0,289.4202575683594,288.241943359375,-2.2160797119140625,-0.6420135498046875,0.0,91945.546875,268.8944091796875,285.0391845703125,291.7068176269531,0.0002564708702266,0.0008811450097709,0.0033459460828453,-5.9036865234375,-10.663986206054688,-2.9940338134765625,-4.811553955078125,1.2743377685546875,-1.515472412109375
2023-12-24,6,1,299.16094970703125,284.138916015625,-2.301605224609375,-0.3238372802734375,0.0,92106.5,268.89190673828125,284.3148498535156,290.79266357421875,0.0013833388220518,0.001812603091821,0.0057316534221172,-7.33355712890625,-10.289581298828123,-4.2609405517578125,-6.278823852539063,-0.1294708251953125,0.2286376953125
2023-12-24,12,2,300.6316833496094,289.344482421875,-3.002838134765625,-0.0754852294921875,0.0,91779.734375,268.0830078125,284.9151306152344,293.4623413085937,0.0013727678451687,0.00194709491916,0.0107887387275695,-8.276718139648438,-9.972930908203123,-6.6400146484375,-5.4629669189453125,-1.73138427734375,0.09747314453125
2023-12-24,18,3,293.05352783203125,291.6239624023437,-3.2541046142578125,-0.007415771484375,0.0,92046.78125,268.5950927734375,284.5306091308594,291.0076599121094,0.0006161238998174,0.0023094953503459,0.011818591505289,-9.620254516601562,-11.861434936523438,-7.74053955078125,-4.178802490234375,-1.853546142578125,2.2743682861328125
2023-12-25,0,0,291.7081298828125,290.371826171875,-2.5682373046875,-0.7079010009765625,1.25,91929.921875,268.1610717773437,283.8274841308594,289.12164306640625,0.0002982879523187,0.0030776562634855,0.012455016374588,-8.72796630859375,-10.91741943359375,-10.529037475585938,-3.5099334716796875,-2.3886871337890625,2.68328857421875
2023-12-25,6,1,299.0745849609375,290.3798828125,-4.574630737304688,0.25457763671875,0.0,92052.28125,268.1771240234375,284.202880859375,290.705078125,0.0003174045123159,0.0025335322134196,0.0120230726897716,-9.063003540039062,-9.641204833984377,-7.196075439453125,-2.195220947265625,-3.123199462890625,0.3306732177734375
2023-12-25,12,2,299.4700927734375,287.3583984375,-3.2262420654296875,0.0731658935546875,0.0,91773.0,268.98651123046875,284.3158569335937,292.5186462402344,0.0002099142147926,0.0017289400566369,0.0102623775601387,-7.602783203125,-7.679656982421875,-6.6715087890625,-2.4873504638671875,-3.184234619140625,-0.4021453857421875
2023-12-25,18,3,291.97235107421875,289.1527404785156,-2.7666015625,-0.456695556640625,0.0,92013.140625,268.835693359375,283.6673889160156,291.02008056640625,0.0001892532745841,0.0011961925774812,0.0074331313371658,-9.818038940429688,-9.149917602539062,-5.6357421875,-2.198272705078125,-3.1255340576171875,-0.157958984375
2023-12-26,0,0,289.84375,289.38360595703125,-2.183502197265625,-0.5058135986328125,1.5,91882.109375,268.2753295898437,283.5035400390625,291.5610656738281,0.0002651561517268,0.0006712640170007,0.0022039411123842,-9.52081298828125,-9.366775512695312,-8.24700927734375,-1.0165863037109375,-1.0824737548828125,-0.147613525390625
2023-12-26,6,1,299.65606689453125,279.3655090332031,-3.59637451171875,-0.2382049560546875,0.0,92039.296875,267.9501953125,284.6656494140625,290.73583984375,0.0002970793284475,0.0004273769445717,0.0046215206384658,-10.485076904296877,-9.227676391601562,-6.57818603515625,0.431732177734375,-0.636322021484375,-0.03863525390625
2023-12-26,12,2,299.06268310546875,278.76092529296875,-2.493270874023437,-0.2160186767578125,0.0,91776.578125,268.3607788085937,285.3656616210937,293.16473388671875,0.0002729101106524,0.0004053581506013,0.0045856907963752,-6.9903106689453125,-9.360549926757812,-6.775054931640625,1.5896759033203125,0.2900390625,-0.7347412109375
2023-12-26,18,3,290.635498046875,285.9064025878906,-2.4625396728515625,-0.459320068359375,0.0,92085.78125,268.40240478515625,284.7698059082031,292.36236572265625,0.00025774812093,0.0006185751408338,0.0026744925417006,-7.349533081054687,-11.335235595703123,-7.666580200195312,1.2696990966796875,-0.0035247802734375,-0.50677490234375
2023-12-27,0,0,290.8041381835937,289.553466796875,-2.8099822998046875,-0.5010528564453125,0.0,92001.984375,267.83135986328125,284.659423828125,291.5599975585937,0.0002764842938631,0.0007665182929486,0.0029776319861412,-7.037750244140625,-10.032958984375,-8.424392700195312,0.063812255859375,2.1263580322265625,-0.8333892822265625
2023-12-27,6,1,299.75982666015625,284.36895751953125,-4.182632446289063,-1.0240325927734375,0.0,92107.4375,267.559814453125,285.6935729980469,290.8280029296875,0.0003127276431769,0.0007179228123277,0.0064537711441516,-6.320648193359375,-11.804519653320312,-8.094223022460938,0.2376251220703125,0.4719390869140625,-1.503082275390625
2023-12-27,12,2,299.85662841796875,284.3631591796875,-2.783554077148437,-0.7506256103515625,0.0,91730.640625,267.87469482421875,286.11328125,292.990966796875,0.0003172513097524,0.0007167656440287,0.0064652934670448,-3.436386108398437,-11.12799072265625,-6.8543548583984375,-0.32647705078125,0.6519012451171875,-1.699798583984375
2023-12-27,18,3,291.7716064453125,288.86993408203125,-3.1963348388671875,-0.5018310546875,0.0,92018.015625,268.223876953125,284.8892822265625,291.25653076171875,0.0003197623300366,0.0009151366539299,0.0062785632908344,-3.4907379150390625,-10.310775756835938,-7.0009307861328125,-1.3944091796875,0.1389312744140625,1.8756866455078125
2023-12-28,0,0,290.4754638671875,288.1864624023437,-2.8751678466796875,-0.7741851806640625,0.0,91861.71875,267.8245849609375,285.2590026855469,289.7796630859375,0.0003303628182038,0.0007607177831232,0.0109311006963253,-1.8660430908203125,-9.467300415039062,-9.61480712890625,-0.302215576171875,-1.2564849853515625,3.244384765625
2023-12-28,6,1,299.76776123046875,290.5528564453125,-4.49530029296875,1.1084747314453125,0.0,91958.546875,267.981201171875,285.21795654296875,290.4818115234375,0.0003267049323767,0.0007996109779924,0.0114079937338829,-1.8635711669921875,-10.206451416015623,-7.2402191162109375,-0.101806640625,-1.1190185546875,1.513275146484375
2023-12-28,12,2,299.74420166015625,287.7591857910156,-3.109588623046875,1.2554168701171875,0.0,91698.859375,268.5166015625,285.3427734375,292.3000183105469,0.000425026519224,0.0006345845758914,0.0092145502567291,-0.1972808837890625,-9.665679931640623,-6.5201416015625,-1.607513427734375,-0.3477783203125,2.1845855712890625
2023-12-28,18,3,292.8461608886719,290.3514709472656,-2.845184326171875,-0.160736083984375,0.0,91960.875,268.42901611328125,284.9278564453125,291.1290283203125,0.0005202803295105,0.000370614696294,0.0073517598211765,-0.712371826171875,-9.707733154296877,-5.827560424804688,-1.3319091796875,0.600677490234375,2.40301513671875
2023-12-29,0,0,291.8232421875,290.43133544921875,-2.648956298828125,-0.366455078125,0.375,91831.609375,268.2821350097656,285.13299560546875,289.29449462890625,0.0006032921373844,0.0005000883247703,0.0124432332813739,1.4337310791015625,-9.659805297851562,-8.4671630859375,-1.1276702880859375,0.9417724609375,3.678985595703125
2023-12-29,6,1,298.8027648925781,290.5716552734375,-4.640289306640625,0.368621826171875,0.0,91939.546875,268.26226806640625,284.5750732421875,290.759521484375,0.0006893868558108,0.001616156194359,0.0119229964911937,0.0567626953125,-9.406814575195312,-7.290557861328125,-1.5593719482421875,2.221176147460937,0.5737762451171875
2023-12-29,12,2,299.243896484375,288.2581481933594,-3.327362060546875,1.218048095703125,0.0,91711.265625,268.111328125,284.5718994140625,291.833984375,0.0008282745257019,0.0005883451085537,0.0105816200375556,2.037338256835937,-9.2342529296875,-5.90771484375,-5.6398773193359375,1.3050384521484375,1.6885986328125
2023-12-29,18,3,292.950439453125,290.9012451171875,-2.940185546875,0.2397308349609375,0.0,91966.6875,267.5018005371094,285.2196350097656,290.2642822265625,0.0009326268918812,0.0005092083010822,0.0090277083218097,-1.05572509765625,-8.955184936523438,-5.031951904296875,-3.124603271484375,4.085739135742188,0.3924713134765625
2023-12-30,0,0,293.09619140625,290.4156494140625,-2.837188720703125,0.361724853515625,1.375,91804.921875,267.1234436035156,285.04052734375,290.279296875,0.0010137048084288,0.0005426604766398,0.0079391114413738,-0.7650146484375,-8.204086303710938,-5.7862396240234375,-1.1208648681640625,2.690582275390625,4.1126556396484375
2023-12-30,6,1,299.58502197265625,289.584716796875,-2.6620025634765625,1.0149688720703125,0.0,91933.234375,268.4232788085937,284.27490234375,290.492919921875,0.0008634903933852,0.0007365879137068,0.0102838054299354,0.1375274658203125,-7.256210327148437,-4.25445556640625,-1.772491455078125,2.9453582763671875,1.359344482421875
2023-12-30,12,2,300.04937744140625,288.97967529296875,-2.1855621337890625,0.89239501953125,0.0,91656.828125,268.2294921875,283.84185791015625,293.2323608398437,0.0009342227131128,0.0007190268952399,0.0097414180636405,2.8270721435546875,-5.258026123046875,-4.18756103515625,0.3913421630859375,1.9408111572265625,1.2823333740234375
2023-12-30,18,3,293.49853515625,289.8014831542969,-3.25927734375,1.159454345703125,0.0,91890.546875,267.4916381835937,284.4393310546875,290.1612548828125,0.000968615990132,0.0005857332143932,0.010555200278759,2.9508514404296875,-6.5286407470703125,-4.705169677734375,2.720733642578125,4.83941650390625,2.93212890625
2023-12-31,0,0,292.0832824707031,290.1234741210937,-2.5579071044921875,0.5029449462890625,10.75,91812.1875,267.5455017089844,284.1982727050781,290.510498046875,0.0009308042936027,0.0005478309467434,0.0058943927288055,3.0390625,-7.4169769287109375,-4.6265869140625,4.147216796875,5.358657836914063,-0.646820068359375
2023-12-31,6,1,298.2460021972656,286.7035522460937,-2.5965576171875,0.6329345703125,0.0,91856.828125,268.57781982421875,284.4865417480469,289.7772827148437,0.000867054099217,0.0006183381192386,0.0092460811138153,4.721282958984375,-6.3638916015625,-4.13671875,4.304855346679688,6.7492218017578125,1.1458740234375
2023-12-31,12,2,299.4233093261719,288.04156494140625,-2.6714019775390625,1.31622314453125,0.0,91558.34375,268.57110595703125,285.0257263183594,292.5699462890625,0.0015720333904027,0.000424277735874,0.0093455910682678,5.53057861328125,-1.5723114013671875,-5.3271484375,4.7430267333984375,5.0670318603515625,2.52099609375
2023-12-31,18,3,292.6141357421875,288.95123291015625,-2.569305419921875,1.17022705078125,0.0,91853.875,267.3631591796875,284.34149169921875,289.8018798828125,0.0028464049100875,0.0004779025912284,0.0099582932889461,5.3091888427734375,-2.0811767578125,-0.9283599853515624,4.912368774414063,5.2050323486328125,4.4977569580078125
2024-01-01,0,0,292.00927734375,290.52313232421875,-2.811737060546875,0.5416717529296875,0.75,91758.625,267.0936889648437,284.3619689941406,290.6336669921875,0.0036003794521093,0.0006391278002411,0.0072027184069156,6.638839721679688,-2.465118408203125,2.070541381835937,4.0887451171875,3.47186279296875,2.9384307861328125
2024-01-01,6,1,298.9969482421875,288.3902893066406,-1.0597686767578125,0.456939697265625,0.0,91936.765625,267.79571533203125,284.0940856933594,290.1134033203125,0.0030984142795205,0.0007515330798923,0.0097643099725246,6.2420501708984375,-2.3597564697265625,-1.3405914306640625,6.5396270751953125,2.6566619873046875,0.154296875
2024-01-01,12,2,300.0506591796875,287.7902526855469,-1.3068695068359375,1.026641845703125,0.0,91587.84375,266.99322509765625,283.68194580078125,293.3978881835937,0.0027917202096432,0.0007421250920742,0.0083204209804534,8.17578125,0.7058258056640625,-2.369598388671875,-0.300445556640625,2.396759033203125,1.94805908203125
2024-01-01,18,3,294.1109924316406,289.5097045898437,-3.559844970703125,1.189361572265625,0.0,91819.375,267.449951171875,284.9456787109375,289.9868469238281,0.0047128945589065,0.0015462450683116,0.0103426240384578,9.090103149414062,-1.343292236328125,-4.5943756103515625,1.14013671875,0.288177490234375,4.13677978515625
2024-01-02,0,0,293.22967529296875,290.6134948730469,-2.1739654541015625,0.70989990234375,0.0,91690.09375,267.7613525390625,284.5081787109375,290.0390625,0.0046047829091548,0.0016591211315244,0.009523183107376,7.98626708984375,3.3462066650390625,-1.01416015625,0.8839263916015625,1.7035675048828125,0.202178955078125
2024-01-02,6,1,297.20623779296875,289.7294006347656,-2.3998565673828125,0.2372894287109375,0.0,91838.6875,268.25311279296875,284.677001953125,290.67266845703125,0.0048657208681106,0.003725339192897,0.0076445005834102,11.128250122070312,5.2928009033203125,-5.04986572265625,4.9962158203125,-1.468017578125,-2.4747467041015625
2024-01-02,12,2,298.0760192871094,286.86236572265625,-1.4146575927734375,-0.0522613525390625,0.0,91592.875,267.6874694824219,283.4984130859375,291.5948486328125,0.0048071788623929,0.0040119113400578,0.0084480680525302,9.846588134765623,4.4244232177734375,-2.8265380859375,1.4633636474609375,-1.394378662109375,1.074798583984375
2024-01-02,18,3,292.7591552734375,289.3900756835937,-3.1650543212890625,0.8081207275390625,0.25,91784.375,266.7050170898437,283.7958984375,290.29901123046875,0.0043267495930194,0.0060209557414054,0.010185457766056,10.324417114257812,5.00787353515625,-2.814193725585937,5.0238037109375,0.0924072265625,3.959396362304688
2024-01-03,0,0,292.0860900878906,290.5663452148437,-2.63885498046875,0.542877197265625,3.0,91626.84375,267.15606689453125,283.0149841308594,290.1876220703125,0.0043772980570793,0.0090002454817295,0.0094885416328907,12.498123168945312,3.95318603515625,-0.2130279541015625,3.752853393554688,1.313446044921875,1.2645721435546875
2024-01-03,6,1,297.4443359375,289.7328491210937,-2.2838134765625,0.563140869140625,0.0,91820.78125,267.50537109375,282.4569702148437,288.71319580078125,0.0045860111713409,0.0095254108309745,0.0104871559888124,10.660354614257812,2.58404541015625,-3.0149688720703125,1.7633819580078125,2.688232421875,0.3804931640625
2024-01-03,12,2,298.7575988769531,289.0452880859375,-1.359649658203125,-0.03106689453125,0.0,91519.828125,268.81378173828125,282.1141662597656,291.9046630859375,0.0051345657557249,0.0094371754676103,0.0098827965557575,10.456222534179688,5.703704833984375,-3.3938140869140625,3.05059814453125,1.1340789794921875,-0.3145599365234375
2024-01-03,18,3,294.37823486328125,290.6462097167969,-3.22686767578125,1.4560546875,0.0,91686.5625,267.2557983398437,282.8890686035156,289.9537353515625,0.0045069940388202,0.0096544828265905,0.0106252506375312,11.467575073242188,6.3016510009765625,-3.9399261474609375,1.06365966796875,0.9138946533203124,3.63629150390625
2024-01-04,0,0,293.3408203125,291.72393798828125,-2.4346160888671875,0.613128662109375,2.25,91655.671875,268.3377685546875,281.5787353515625,289.24493408203125,0.0047385543584823,0.0097969751805067,0.0114219710230827,13.7108154296875,4.8429107666015625,-2.580551147460937,3.3310699462890625,-0.1782073974609375,2.357040405273437
2024-01-04,6,1,296.70074462890625,291.4467468261719,-2.34661865234375,0.75927734375,0.0,91834.859375,268.4248962402344,281.59844970703125,289.2494506835937,0.0047623440623283,0.0097140362486243,0.0123280026018619,11.069992065429688,3.6725921630859375,-3.6955413818359375,5.518722534179688,1.1456756591796875,0.5454254150390625
2024-01-04,12,2,296.48907470703125,291.7300720214844,-1.167877197265625,-0.1748809814453125,11.625,91573.53125,268.41912841796875,282.11749267578125,289.6512451171875,0.0048086885362863,0.0098435170948505,0.0114415399730205,8.897018432617188,4.7271728515625,-5.2528839111328125,4.5734710693359375,1.366729736328125,-1.5531158447265625
2024-01-04,18,3,293.54351806640625,292.3080444335937,-2.05877685546875,1.4917755126953125,8.75,91731.34375,268.28729248046875,282.2990417480469,289.3143005371094,0.0047626867890357,0.0097475126385688,0.0117690376937389,9.218612670898438,4.2589263916015625,-5.074127197265625,3.127532958984375,-1.11077880859375,3.32025146484375
2024-01-05,0,0,293.4785461425781,291.8606872558594,-2.28021240234375,0.8599090576171875,4.5,91654.796875,268.5234375,282.20965576171875,289.4862976074219,0.0046764593571424,0.0075707025825977,0.01168043166399,12.596649169921877,2.47412109375,-2.64013671875,3.444183349609375,-1.0866241455078125,4.377487182617188
2024-01-05,6,1,298.03204345703125,291.3680419921875,-1.3538970947265625,1.4543304443359375,0.0,91726.5,268.4171142578125,284.3207702636719,291.03924560546875,0.0045811310410499,0.0025153260212391,0.0121576003730297,8.41680908203125,2.719329833984375,-1.6689910888671875,4.299652099609375,-0.059539794921875,1.7240753173828125
2024-01-05,12,2,297.9706420898437,292.17041015625,-2.088226318359375,1.82501220703125,1.0,91557.15625,267.9606628417969,283.7963562011719,290.906982421875,0.0045165047049522,0.0065249502658843,0.0125363133847713,5.885665893554688,4.4549560546875,-3.0109405517578125,5.3861083984375,2.7942047119140625,2.972076416015625
2024-01-05,18,3,294.33514404296875,291.7308349609375,-3.711151123046875,1.1888580322265625,18.875,91733.15625,268.5810241699219,283.7930908203125,289.93560791015625,0.0038258160930126,0.0059701688587665,0.0125768296420574,6.613052368164063,5.068328857421875,-5.792083740234375,2.7511749267578125,3.5534820556640625,3.9478912353515625
2024-01-06,0,0,293.18231201171875,291.4346618652344,-2.957183837890625,0.059844970703125,9.625,91612.0625,268.9644775390625,283.0399780273437,290.93267822265625,0.0040873512625694,0.0053985379636287,0.0130370184779167,6.4056396484375,5.595123291015625,-3.768508911132813,6.818618774414063,-0.2773590087890625,2.8277130126953125
2024-01-06,6,1,299.290771484375,290.9654541015625,-3.0712127685546875,1.0462188720703125,0.0,91779.03125,270.0810546875,283.0703125,290.74005126953125,0.0032530124299228,0.005546860396862,0.0126663632690906,3.727386474609375,2.4069366455078125,-4.9738616943359375,7.248321533203125,0.4152069091796875,1.3679962158203125
2024-01-06,12,2,300.17291259765625,290.41143798828125,-2.551971435546875,-0.2471771240234375,2.5,91531.703125,270.48077392578125,282.3403625488281,292.8834228515625,0.0030003462452441,0.0072313360869884,0.0123957283794879,4.23016357421875,2.8361053466796875,-4.469390869140625,7.426589965820312,0.931060791015625,-0.5772705078125
2024-01-06,18,3,293.9378662109375,291.7860717773437,-2.2505035400390625,0.5820465087890625,16.625,91823.859375,268.94415283203125,282.30157470703125,289.81170654296875,0.0030038917902857,0.0079083032906055,0.0133288092911243,3.56884765625,0.1430511474609375,-4.7642822265625,8.117843627929688,3.122650146484375,1.336456298828125
2024-01-07,0,0,294.2711181640625,291.7810974121094,-2.8889312744140625,0.2624053955078125,3.75,91729.03125,269.1805725097656,281.6575927734375,289.6679077148437,0.0024494272656738,0.0081016346812248,0.0123121067881584,1.1909637451171875,2.70947265625,-5.645782470703125,9.548873901367188,2.4907989501953125,1.6017303466796875
2024-01-07,6,1,299.8263854980469,287.6266174316406,-3.472030639648437,-0.4172515869140625,0.0,91842.8125,269.5074157714844,282.5176086425781,290.708251953125,0.0033300493378192,0.0084075331687927,0.0089136771857738,-2.256454467773437,0.6977081298828125,-5.862960815429688,12.206756591796877,1.65234375,-0.58795166015625
2024-01-07,12,2,300.2041320800781,288.8812866210937,-2.353500366210937,0.551727294921875,0.0,91511.59375,269.05963134765625,282.5020751953125,293.0032958984375,0.0032289559021592,0.0084361881017684,0.0100644379854202,2.35137939453125,1.09381103515625,-4.12237548828125,6.1416015625,2.647613525390625,0.0186309814453125
2024-01-07,18,3,294.2368469238281,291.56768798828125,-3.8896484375,-0.058197021484375,0.125,91804.328125,268.19537353515625,282.0836181640625,290.62744140625,0.0026169249322265,0.0081914328038692,0.0113151036202907,-0.9162445068359376,1.4080352783203125,-7.3296356201171875,7.3041839599609375,2.0565185546875,0.0376434326171875
2024-01-08,0,0,293.8880920410156,291.51812744140625,-3.15447998046875,-0.4991455078125,0.5,91706.421875,267.8884582519531,282.7977294921875,290.9111328125,0.0048923641443252,0.007871389389038,0.0105956830084323,-2.3490447998046875,2.1246490478515625,-10.995803833007812,8.7144775390625,4.0734710693359375,2.760467529296875
2024-01-08,6,1,295.591796875,292.8470458984375,-4.81085205078125,-0.7960357666015625,28.75,91952.953125,268.11529541015625,282.67401123046875,289.43048095703125,0.0049231387674808,0.0087382718920707,0.0135743096470832,-2.7689208984375,-4.008026123046875,-10.527374267578123,5.312545776367188,3.0301666259765625,0.118133544921875
2024-01-08,12,2,294.69708251953125,293.3075561523437,-3.629470825195313,0.2736968994140625,59.375,91711.75,267.6479187011719,283.70318603515625,290.933349609375,0.0048477202653884,0.0074688605964183,0.0130922198295593,1.1794281005859375,-4.668060302734375,-9.996505737304688,3.7177734375,0.647613525390625,1.7050018310546875
2024-01-08,18,3,293.7734069824219,292.92584228515625,-2.8175506591796875,-0.5592498779296875,26.0,91929.90625,268.576171875,282.422119140625,288.7391967773437,0.0040231272578239,0.0086186453700065,0.0130452178418636,1.3870086669921875,-4.852462768554688,-9.103073120117188,0.988525390625,6.210968017578125,2.6268768310546875
2024-01-09,0,0,293.62847900390625,292.0198974609375,-2.6705322265625,-1.5585784912109375,4.375,91683.890625,268.686279296875,282.62042236328125,289.3829345703125,0.0033357241190969,0.007887702435255,0.0129105299711227,-1.2221527099609375,-1.3599853515625,-7.822418212890625,3.4566802978515625,4.8411712646484375,0.6795196533203125
2024-01-09,6,1,297.3311462402344,291.5013427734375,-4.8981781005859375,0.6996917724609375,0.125,91942.0625,267.5477294921875,281.8013000488281,290.0917053222656,0.0037390580400824,0.0080925486981868,0.0125777162611484,-2.358245849609375,-2.2609405517578125,-8.055145263671875,3.8903961181640634,4.1165618896484375,0.7476348876953125
2024-01-09,12,2,296.9547119140625,289.01611328125,-4.1155548095703125,1.5865478515625,0.0,91741.890625,267.8442687988281,282.62408447265625,290.1148986816406,0.0031482405029237,0.0075100846588611,0.0101149082183837,-0.608978271484375,-2.5898590087890625,-11.41357421875,2.594451904296875,3.0990753173828125,2.930694580078125
2024-01-09,18,3,293.53240966796875,290.3938293457031,-3.80816650390625,-0.1395721435546875,0.0,91858.234375,268.02056884765625,283.5495910644531,290.3724060058594,0.0034875178243964,0.0073009580373764,0.0061216317117214,-1.6966705322265625,-3.955032348632813,-13.450347900390623,-0.3704986572265625,3.449203491210937,1.5374298095703125
2024-01-10,0,0,292.38238525390625,288.57086181640625,-2.2268218994140625,0.59326171875,0.0,91707.125,267.9848937988281,283.0692749023437,291.3067626953125,0.0038873478770256,0.0075895003974437,0.0061137340962886,-1.6567535400390625,-4.6365509033203125,-11.489990234375,1.0071563720703125,2.3665313720703125,4.058502197265625
2024-01-10,6,1,298.4520568847656,287.313232421875,-3.89227294921875,1.2992095947265625,0.0,91880.765625,268.1547546386719,282.8969116210937,289.7443542480469,0.0043665990233421,0.0078232400119304,0.0100367181003093,-3.771453857421875,-5.122955322265625,-7.1618194580078125,1.5839080810546875,1.4697723388671875,2.079437255859375
2024-01-10,12,2,297.5912475585937,288.7733154296875,-2.8131561279296875,1.8035888671875,0.0,91669.75,267.32342529296875,282.9481201171875,290.39508056640625,0.0046625640243291,0.0068694427609443,0.0113268345594406,-2.19366455078125,-3.4848785400390625,-6.416793823242188,3.8720855712890634,2.594345092773437,3.1557769775390625
2024-01-10,18,3,293.5531005859375,290.19122314453125,-2.784149169921875,-0.0243377685546875,0.0,91965.0,268.009033203125,282.3409118652344,289.0021057128906,0.0041689239442348,0.0068789944052696,0.0095973312854766,1.3737945556640625,-4.7024993896484375,-6.9285430908203125,1.7921600341796875,3.31805419921875,0.229949951171875
2024-01-11,0,0,291.6708374023437,289.9676818847656,-2.576751708984375,0.086761474609375,0.0,91861.109375,268.690185546875,282.8025207519531,290.8925170898437,0.0034838402643799,0.0059482790529727,0.0044973008334636,1.2522735595703125,-5.5942230224609375,-9.496810913085938,-0.2596588134765625,1.9512481689453125,2.0078887939453125
2024-01-11,6,1,299.696533203125,283.8471984863281,-4.26287841796875,0.4868621826171875,0.0,91943.25,268.7041015625,283.5550537109375,291.41656494140625,0.0031818833667784,0.0051595754921436,0.006464410573244,-0.5754241943359375,-5.6741485595703125,-9.218414306640623,-0.302947998046875,0.84075927734375,0.400421142578125
2024-01-11,12,2,300.1259765625,286.0036315917969,-2.958831787109375,0.3529815673828125,0.0,91618.59375,269.0091552734375,284.05157470703125,292.6495056152344,0.0022982978262007,0.004815898835659,0.0084914527833461,0.2480316162109375,-5.333282470703125,-6.669204711914063,-1.02978515625,0.1359100341796875,-0.1503448486328125
2024-01-11,18,3,292.8227233886719,289.82891845703125,-3.2312164306640625,0.41412353515625,0.0,91906.734375,268.048095703125,283.4227905273437,290.9794311523437,0.0018709094729274,0.0049153864383697,0.0047738514840602,-2.1240234375,-6.11639404296875,-8.076263427734375,1.071868896484375,-1.285430908203125,-0.011077880859375
2024-01-12,0,0,290.5834655761719,287.31103515625,-3.3673553466796875,-0.1875762939453125,0.0,91775.171875,268.29931640625,283.27734375,290.987060546875,0.0012364820577204,0.005160566419363,0.0033072368241846,-0.7992401123046875,-6.202117919921875,-14.455535888671877,0.0218353271484375,-0.4663238525390625,1.9976654052734373
2024-01-12,6,1,299.3451538085937,285.7660827636719,-5.071212768554688,1.01788330078125,0.0,91941.75,268.79803466796875,283.75,290.1328430175781,0.0001144783891504,0.0041405372321605,0.0082095637917518,-3.38458251953125,-6.726776123046875,-9.659988403320312,-9.810195922851562,0.8852081298828125,1.399200439453125
2024-01-12,12,2,299.20806884765625,287.7763366699219,-3.621536254882813,0.967681884765625,0.0,91665.6875,269.650390625,283.81573486328125,291.6298828125,0.0002499231486581,0.0043542459607124,0.010570403188467,-5.4732666015625,-3.92254638671875,-7.6907958984375,-10.1390380859375,0.01568603515625,1.3785400390625
2024-01-12,18,3,292.6766357421875,290.2805480957031,-2.13470458984375,0.302947998046875,0.0,91974.46875,270.05279541015625,283.404296875,289.7547607421875,0.0002267722738906,0.0040995795279741,0.0096148140728473,-7.50848388671875,-2.4326171875,-6.3650970458984375,-9.318435668945312,0.98828125,1.680908203125
2024-01-13,0,0,291.225830078125,289.79608154296875,-1.4499969482421875,-0.4506378173828125,0.0,91838.0625,270.15106201171875,283.69207763671875,290.6112060546875,0.0002518352994229,0.0035457506310194,0.0078442245721817,-6.2662200927734375,-1.361083984375,-7.2858734130859375,-6.1147003173828125,-0.718536376953125,1.0723876953125
2024-01-13,6,1,298.6298217773437,287.56890869140625,-3.39398193359375,0.1487884521484375,0.0,92019.03125,270.386962890625,282.40655517578125,290.0858154296875,0.0001848023821366,0.0046918094158172,0.0099884271621704,-6.252685546875,-2.443756103515625,-5.7793731689453125,-8.120513916015625,-1.9024200439453125,-0.201324462890625
2024-01-13,12,2,300.4447937011719,288.2628479003906,-2.217041015625,0.4046173095703125,1.625,91674.15625,270.4647216796875,282.1591186523437,293.3780212402344,0.0001982030371436,0.0046058576554059,0.009768970310688,-6.838470458984375,1.8044586181640625,-4.28863525390625,-7.9570770263671875,-5.5272064208984375,-0.6336517333984375
2024-01-13,18,3,293.7142333984375,290.85479736328125,-2.3328857421875,0.968536376953125,17.375,91989.828125,270.5584716796875,283.0599365234375,289.9309997558594,0.0002515816595405,0.0029547312296926,0.0120675712823867,-6.87567138671875,-0.9472808837890624,-6.0791778564453125,-5.8129425048828125,-5.576690673828125,-0.1796875
2024-01-14,0,0,292.090576171875,291.1900634765625,-2.33929443359375,-0.017974853515625,0.625,91817.125,270.3256225585937,284.03173828125,290.81365966796875,0.000237866610405,0.0013442817144095,0.009894136339426,-5.602813720703125,0.600555419921875,-3.981414794921875,-5.2231292724609375,-1.4296417236328125,-6.36016845703125
2024-01-14,6,1,300.1302795410156,287.45611572265625,-2.158660888671875,-2.8278350830078125,0.0,91942.625,269.2596435546875,285.0624084472656,291.2787780761719,0.000279088912066,0.0005969018675386,0.0095827654004096,-7.078948974609375,-2.035125732421875,-3.17327880859375,-6.578155517578125,-2.2203826904296875,-4.652801513671875
2024-01-14,12,2,300.8468322753906,287.0885925292969,-1.9365997314453125,-1.3446807861328125,0.0,91609.71875,269.6827392578125,285.3815002441406,293.78240966796875,0.0002197985159,0.000375852221623,0.0084178559482097,-6.229415893554688,-2.6288604736328125,-4.029586791992188,-8.3975830078125,-1.87322998046875,-3.1232147216796875
2024-01-14,18,3,292.83062744140625,288.48358154296875,-2.490814208984375,-0.03497314453125,0.0,91869.140625,270.0792236328125,284.8726806640625,290.65875244140625,0.0003514473792165,0.0004182935226708,0.0093032419681549,-7.869003295898437,-7.1883697509765625,-4.7683868408203125,-10.821426391601562,-1.8199310302734373,-2.932952880859375
2024-01-15,0,0,290.41680908203125,289.08892822265625,-1.7839508056640625,-0.1635589599609375,0.0,91772.703125,269.6654052734375,284.2605895996094,290.21240234375,0.0004736016271635,0.0003555635921657,0.0093185007572174,-5.654388427734375,-5.8176116943359375,-3.4126739501953125,-10.721389770507812,-1.782684326171875,-5.6081390380859375
2024-01-15,6,1,299.69903564453125,287.48095703125,-2.5394287109375,-1.3672332763671875,0.0,91902.125,268.4042053222656,285.6424560546875,290.7408142089844,0.0004441919736564,0.0006317996885627,0.0097158104181289,-5.697906494140625,-4.250747680664063,-3.625,-7.343719482421875,-1.4260101318359375,-2.3939361572265625
2024-01-15,12,2,301.302978515625,286.8580322265625,-1.3939208984375,-0.334625244140625,0.0,91523.734375,268.2855834960937,285.076904296875,294.3184814453125,0.0004043797962367,0.0005884398706257,0.0086195245385169,-4.880630493164063,-2.090667724609375,-2.7017822265625,-7.25457763671875,-2.4154815673828125,-1.5344085693359375
2024-01-15,18,3,293.2525634765625,289.4526672363281,-3.130462646484375,0.825653076171875,0.0,91747.390625,268.5768127441406,286.0391540527344,290.433349609375,0.0002861227840185,0.0004761612508445,0.0100844539701938,-5.7198333740234375,-3.460556030273437,-5.05120849609375,-8.22265625,-2.5692291259765625,0.226226806640625
2024-01-16,0,0,291.6128234863281,290.30242919921875,-2.345809936523437,1.3329925537109375,0.25,91670.046875,268.16094970703125,284.6741638183594,289.88250732421875,0.0002307149843545,0.0004433672875165,0.0102961510419845,-2.979248046875,-3.047088623046875,-3.4693603515625,-6.583740234375,-2.83282470703125,-1.3453521728515625
2024-01-16,6,1,299.03790283203125,287.88336181640625,-1.727081298828125,-0.03216552734375,0.0,91792.09375,267.9619140625,285.22021484375,290.5147705078125,0.0002307143440702,0.0003125353250652,0.0103495232760906,-2.6164093017578125,-1.6220703125,-2.185165405273437,-4.484542846679688,-2.453109741210937,-0.8631744384765625
2024-01-16,12,2,301.0595703125,287.5627746582031,-0.31256103515625,0.5496826171875,0.0,91415.453125,268.6446228027344,284.8665466308594,293.94842529296875,0.0002629680093377,0.0002735517919063,0.0087303407490253,-1.3229827880859375,-0.051971435546875,-0.3710174560546875,-2.1450958251953125,-0.851531982421875,0.3329620361328125
2024-01-16,18,3,293.3319396972656,289.1771850585937,-2.995468139648437,1.6095733642578125,0.0,91633.4375,268.7486572265625,285.9584655761719,290.8319091796875,0.0002961652353405,0.0003111935220658,0.0104512609541416,-1.2612457275390625,-2.426132202148437,-1.748992919921875,-2.3209686279296875,-0.434844970703125,5.6881866455078125
2024-01-17,0,0,291.0106811523437,289.5541076660156,-2.663299560546875,1.7133331298828125,0.5,91550.5625,268.7877197265625,285.0679931640625,289.2494812011719,0.0003282469697296,0.0002178973518311,0.0108121931552886,-1.1249237060546875,-2.3106842041015625,0.0107574462890625,-1.510833740234375,2.9093475341796875,4.794692993164063
2024-01-17,6,1,299.1487731933594,289.46002197265625,-0.7906646728515625,0.8976898193359375,0.0,91685.765625,268.8267822265625,284.7901611328125,290.58221435546875,0.0003202704247087,0.0003718782681971,0.0100955329835414,0.464263916015625,-0.3509368896484375,-0.84033203125,-1.2690582275390625,5.217926025390625,0.69805908203125
2024-01-17,12,2,301.3355712890625,285.87872314453125,-0.44342041015625,1.21820068359375,0.0,91426.8125,269.3187255859375,285.2146911621094,294.0057373046875,0.0003392114304006,0.0002432120381854,0.008029855787754,2.8836669921875,1.5468902587890625,-0.4557647705078125,1.01531982421875,3.5399932861328125,1.85589599609375
2024-01-17,18,3,293.568359375,287.9991149902344,-2.535751342773437,1.86126708984375,0.0,91644.015625,269.8307189941406,285.91766357421875,292.04150390625,0.0002911977935582,7.567678403574973e-05,0.0088361576199531,3.085205078125,3.966583251953125,0.0269622802734375,1.572052001953125,2.1457672119140625,3.767364501953125
2024-01-18,0,0,292.0721435546875,290.68731689453125,-2.183624267578125,1.5220794677734375,0.5,91604.046875,270.4569702148437,284.39434814453125,290.8959350585937,0.0002144417085219,0.0013321011792868,0.0088731627911329,4.6402130126953125,4.472946166992188,-0.010406494140625,-0.962310791015625,4.5205078125,3.700714111328125
2024-01-18,6,1,299.5551452636719,288.4959716796875,-1.22698974609375,2.30865478515625,0.0,91809.296875,270.20458984375,282.4851989746094,290.5639038085937,0.0001764815533533,0.0029833221342414,0.0102040208876132,2.7099609375,5.5025634765625,-1.535919189453125,-4.49871826171875,6.323089599609375,2.757049560546875
2024-01-18,12,2,301.1020812988281,285.9831848144531,-0.3115997314453125,1.5054931640625,8.5,91502.796875,270.52978515625,279.7237243652344,293.31695556640625,0.0001434719597455,0.0063726194202899,0.0094820894300937,2.1652374267578125,3.799102783203125,-0.123748779296875,-3.568817138671875,0.005523681640625,2.353424072265625
2024-01-18,18,3,294.0812683105469,287.6960754394531,-2.737289428710937,1.12042236328125,0.0,91724.4375,271.44873046875,280.50738525390625,291.8851928710937,0.0001693313679425,0.0047178380191326,0.0091659612953662,-0.66162109375,8.364151000976562,-2.6306610107421875,-2.8548126220703125,1.7715301513671875,4.9144439697265625
2024-01-19,0,0,292.08056640625,291.09063720703125,-2.564910888671875,1.845794677734375,25.875,91659.09375,270.1539611816406,284.69586181640625,290.68780517578125,0.0001810151006793,0.0007877508178353,0.0100020132958889,1.1352691650390625,5.915130615234375,-0.636138916015625,-2.184112548828125,0.3626556396484375,5.510345458984375
2024-01-19,6,1,299.98846435546875,289.9424743652344,-1.550048828125,1.391510009765625,0.0,91841.59375,270.90155029296875,283.4188232421875,291.2937927246094,0.0002721061464399,0.0017934921197593,0.01080809161067,1.5113983154296875,3.2909698486328125,-2.202011108398437,0.6390838623046875,3.143585205078125,1.637908935546875
2024-01-19,12,2,301.094482421875,287.8169860839844,-1.7637176513671875,1.539459228515625,0.0,91499.953125,270.94677734375,281.0450744628906,293.9554748535156,0.0002918904647231,0.0053805825300514,0.0096131190657615,-0.648590087890625,1.8525390625,-2.599700927734375,1.5679779052734375,0.643768310546875,1.6378173828125
2024-01-19,18,3,293.633544921875,290.0012512207031,-3.713043212890625,1.1514434814453125,0.0,91744.171875,270.02081298828125,284.5450134277344,291.4710388183594,0.0003162994980812,0.0013408248778432,0.0105433911085128,-1.012847900390625,5.8152618408203125,-4.4653167724609375,0.28515625,3.326385498046875,3.867385864257813
2024-01-20,0,0,292.25048828125,290.2856750488281,-3.1367645263671875,1.0177001953125,0.125,91740.109375,269.4684143066406,282.2808532714844,290.4442138671875,0.0003332514315843,0.0029584777075797,0.0089293085038661,-1.4740753173828125,5.929107666015625,-7.349090576171875,0.5548095703125,3.321533203125,3.086532592773437
2024-01-20,6,1,299.92010498046875,286.3216552734375,-3.1578369140625,1.2473907470703125,0.0,91958.53125,269.2100830078125,282.230712890625,290.71368408203125,0.0003370938356965,0.0035845295060425,0.0095969177782535,-3.332916259765625,5.99700927734375,-4.613861083984375,-2.2528533935546875,3.5189971923828125,1.540557861328125
2024-01-20,12,2,301.4615783691406,286.692138671875,-1.3489837646484375,2.194610595703125,6.875,91614.171875,270.64776611328125,279.64617919921875,293.85870361328125,0.0002551497891545,0.0069189667701721,0.009616881608963,-3.7389068603515625,2.86932373046875,-1.60833740234375,-0.566925048828125,-3.8946380615234375,2.6584930419921875
2024-01-20,18,3,294.1041564941406,289.34576416015625,-3.29510498046875,1.068817138671875,0.0,91891.28125,270.61212158203125,283.2869873046875,291.12371826171875,0.0002037588419625,0.001934595638886,0.0107063986361026,-4.0215606689453125,7.276153564453125,-4.0416412353515625,-0.3244781494140625,-1.7198486328125,3.5438385009765625
2024-01-21,0,0,291.8535461425781,290.08648681640625,-2.6038360595703125,1.341796875,11.1875,91780.46875,270.9859313964844,284.76593017578125,290.5726623535156,0.0001439141196897,0.0009512989781796,0.0112779699265956,-2.367584228515625,3.93060302734375,-2.6884918212890625,-0.017547607421875,-3.088775634765625,3.49169921875
2024-01-21,6,1,300.5574951171875,287.6452331542969,-2.65264892578125,1.7965240478515625,0.0,91923.234375,270.8538818359375,285.3258056640625,291.828369140625,0.0001445494563085,0.0006973100826144,0.0097250193357467,-1.829193115234375,2.7692413330078125,-3.738723754882813,-2.858642578125,-2.09423828125,2.3460693359375
2024-01-21,12,2,302.18572998046875,286.5173645019531,-0.9482574462890624,1.0437164306640625,0.0,91580.671875,270.58502197265625,283.9881591796875,295.0671081542969,0.0001368858647765,0.0018622316420078,0.0088981054723262,-1.7674407958984375,5.21160888671875,-1.0052642822265625,-2.298248291015625,-3.497314453125,1.108734130859375
2024-01-21,18,3,294.3959045410156,289.6689453125,-3.0258026123046875,1.4483642578125,0.0,91891.796875,270.491943359375,285.1743469238281,292.5745849609375,0.0001282535522477,0.0014708300586789,0.01003298163414,-3.2908477783203125,3.0852508544921875,-0.8655853271484375,-3.146636962890625,-3.048202514648437,3.840728759765625
2024-01-22,0,0,292.5032958984375,290.1493530273437,-1.5020751953125,0.8760528564453125,12.375,91834.03125,269.7767028808594,285.93572998046875,290.16583251953125,0.0001262526348,0.000705404439941,0.0117696896195411,-3.75738525390625,3.1766815185546875,-0.897491455078125,-2.26068115234375,-0.3074188232421875,5.721847534179688
2024-01-22,6,1,301.2276611328125,287.935302734375,-1.63427734375,1.7952880859375,0.0,91997.25,269.306640625,285.53643798828125,291.73004150390625,0.0001339002483291,0.000587600748986,0.0110196657478809,-2.9002685546875,5.256988525390625,-2.133407592773437,-3.7562103271484375,-0.8046112060546875,2.1220245361328125
2024-01-22,12,2,302.302978515625,287.0916748046875,-0.66619873046875,1.3015899658203125,0.0,91715.0625,269.6099853515625,283.6795959472656,294.96221923828125,0.0001313154789386,0.0021797455847263,0.0094851367175579,-2.476531982421875,5.962081909179688,-0.240203857421875,-1.9130859375,-4.017486572265625,1.281829833984375
2024-01-22,18,3,294.63104248046875,289.20623779296875,-3.2261199951171875,1.4911346435546875,0.0,91934.734375,270.0473022460937,284.12518310546875,292.7738037109375,0.000149793428136,0.0010878082830458,0.0099094146862626,-2.13067626953125,7.68511962890625,-0.8672943115234375,-3.3408203125,-4.70989990234375,3.035385131835937
2024-01-23,0,0,292.5037841796875,289.5069580078125,-1.41949462890625,0.99652099609375,0.0,91862.703125,270.9598999023437,284.85174560546875,290.970703125,0.000130014217575,0.0005221988540142,0.0089534148573875,-1.18927001953125,7.320724487304687,-1.519866943359375,-1.4088592529296875,-6.956832885742188,5.2097930908203125
2024-01-23,6,1,300.7151184082031,287.2282409667969,-1.21490478515625,1.785491943359375,0.0,91966.65625,270.4963073730469,285.3348999023437,291.6860656738281,0.000130710468511,0.0006222447846084,0.0091835148632526,0.4906005859375,5.0225830078125,-1.1234893798828125,-1.3377685546875,-3.846511840820313,1.887847900390625
2024-01-23,12,2,302.0899658203125,286.5003356933594,-0.587921142578125,1.7089385986328125,0.0,91592.328125,270.8727111816406,283.7513122558594,294.2998352050781,0.0001090046716853,0.0011742259375751,0.0086457654833793,3.8695220947265625,7.173187255859375,-0.102203369140625,-1.9758758544921875,-8.27276611328125,1.873687744140625
2024-01-23,18,3,294.4119873046875,290.5092163085937,-2.59027099609375,2.064117431640625,0.0,91800.984375,270.38409423828125,285.7867431640625,292.61334228515625,0.0001004245277727,0.0006016946863383,0.0094563215970993,3.063995361328125,6.597671508789063,1.8830718994140625,-4.070343017578125,-7.0340118408203125,5.1549072265625
2024-01-24,0,0,292.854736328125,290.7802734375,-1.2981414794921875,2.04425048828125,15.75,91799.453125,269.9420166015625,284.3668212890625,289.9996337890625,0.0004404035862535,0.0004700766876339,0.0112953856587409,6.395172119140625,7.0368194580078125,4.29705810546875,-6.262985229492188,-2.8916168212890625,6.2034454345703125
2024-01-24,6,1,300.48583984375,290.0966186523437,0.92645263671875,1.82440185546875,0.0,91925.1875,270.3929443359375,283.66949462890625,291.1201477050781,0.0005712010897696,0.0005692227277904,0.0113009288907051,5.952545166015625,5.6220703125,1.339019775390625,-4.890899658203125,-2.365875244140625,2.0506591796875
2024-01-24,12,2,302.1708679199219,286.8900756835937,-0.1101531982421875,0.7659454345703125,0.0,91562.75,270.1790466308594,281.0198974609375,294.24957275390625,0.0003762673586606,0.0051056453958153,0.009520836174488,5.6258544921875,2.6079254150390625,0.27752685546875,-3.909011840820313,-3.9911041259765625,0.280181884765625
2024-01-24,18,3,295.5762634277344,288.81719970703125,-2.973785400390625,2.228515625,2.375,91828.8125,269.52685546875,280.494384765625,291.625244140625,0.0001713002857286,0.0059492066502571,0.0102180317044258,3.2379150390625,3.812454223632813,-1.8435821533203125,-4.9912872314453125,-5.817184448242188,6.07080078125
2024-01-25,0,0,293.967529296875,290.61785888671875,-1.3086395263671875,1.2399139404296875,72.375,91813.984375,270.20269775390625,285.50408935546875,289.59686279296875,0.000173224878381,0.0007675518281757,0.0106934867799282,4.051193237304688,-1.6381378173828125,1.67840576171875,-5.720993041992188,-3.500152587890625,5.15936279296875
2024-01-25,6,1,300.19366455078125,288.1068725585937,-1.35174560546875,2.3629302978515625,2.25,91990.390625,270.001953125,285.21612548828125,291.3558044433594,0.0001874559238785,0.0005904720164835,0.0105286017060279,1.6181640625,-0.133392333984375,-1.8886260986328125,-5.234954833984375,-2.7797088623046875,2.996200561523437
2024-01-25,12,2,301.54168701171875,286.844970703125,-1.92010498046875,1.1230926513671875,3.625,91730.03125,270.9193725585937,279.3632507324219,293.5848999023437,0.0001700480061117,0.0069936476647853,0.0089748054742813,0.69140625,-0.429779052734375,-3.040756225585937,-0.106414794921875,-5.1905670166015625,1.008056640625
2024-01-25,18,3,293.9168701171875,289.29803466796875,-3.6796875,1.376983642578125,0.0,92001.328125,269.9661560058594,284.5743408203125,291.1947021484375,0.0001833929272834,0.0009528403170406,0.0090682376176118,0.88348388671875,-4.8319091796875,-6.310211181640625,-3.1891326904296875,-2.0047607421875,2.668365478515625
2024-01-26,0,0,291.919189453125,290.309814453125,-3.203338623046875,1.0536651611328125,0.125,91946.078125,269.3393249511719,283.3967590332031,290.38934326171875,0.000179782975465,0.0004591236356645,0.007923275232315,0.769561767578125,-4.4123382568359375,-8.134552001953125,-1.1785736083984375,-2.7766265869140625,-1.0878448486328125
2024-01-26,6,1,299.56024169921875,284.56591796875,-3.947479248046875,0.7933502197265625,0.0,92199.78125,269.25543212890625,284.29656982421875,290.3724365234375,0.0001779083395376,0.0004283350426703,0.0072711296379566,-1.3441925048828125,-5.0125274658203125,-5.9525146484375,-1.4403839111328125,-3.611236572265625,0.522247314453125
2024-01-26,12,2,300.7297668457031,283.4269714355469,-3.08978271484375,-0.042877197265625,0.0,91899.03125,269.57928466796875,281.81982421875,293.4743957519531,0.0001552733010612,0.0024215127341449,0.0068318843841552,-1.4105682373046875,-3.970672607421875,-4.766510009765625,0.9271392822265624,-4.0394134521484375,-0.8642730712890625
2024-01-26,18,3,293.1510009765625,287.2735595703125,-3.4950714111328125,0.4727325439453125,0.0,92123.609375,269.3004150390625,284.3799133300781,290.41748046875,0.0001539526419946,0.0006799071561545,0.0087792761623859,0.3478240966796875,-5.092987060546875,-6.9019622802734375,0.890411376953125,-4.3866119384765625,-1.094940185546875
2024-01-27,0,0,291.2284545898437,289.97418212890625,-3.0625762939453125,0.54107666015625,0.0,92064.015625,269.7085266113281,284.0550231933594,288.91119384765625,0.0001713187666609,0.0003890504594892,0.0082114227116107,0.5261688232421875,-4.31793212890625,-7.98681640625,-0.10595703125,-2.735824584960937,-2.8128204345703125
2024-01-27,6,1,299.27520751953125,285.5174865722656,-4.38616943359375,-0.612548828125,0.0,92207.875,268.47613525390625,284.8656311035156,289.88629150390625,0.0001781547471182,0.0003152498975396,0.0077717192471027,0.6019287109375,-4.615325927734375,-7.070281982421875,0.431549072265625,-1.2583160400390625,-1.24578857421875
2024-01-27,12,2,300.39166259765625,285.04229736328125,-3.5025177001953125,-0.31488037109375,0.0,91845.71875,269.34246826171875,284.9595642089844,292.90496826171875,0.0001746061461744,0.000333278439939,0.0075672566890716,2.2749176025390625,-2.042709350585937,-5.69915771484375,0.9957275390625,-3.698974609375,-1.0245208740234375
2024-01-27,18,3,293.6881103515625,288.7905578613281,-3.6175384521484375,0.4148101806640625,0.0,92113.421875,269.3685302734375,285.3124694824219,289.63916015625,0.0001713671954348,0.0002521376591175,0.0095294713973999,2.278717041015625,-3.8279876708984375,-9.118331909179688,0.2159881591796875,-1.9685516357421875,-0.1054534912109375
2024-01-28,0,0,291.6166687011719,289.6231994628906,-3.089324951171875,0.4559478759765625,1.0,91980.203125,269.0538330078125,285.43414306640625,288.482421875,0.0001803332852432,0.0002412906469544,0.0101853907108306,2.826751708984375,-0.5010528564453125,-7.698822021484375,0.564178466796875,-3.80194091796875,-1.6699066162109375
2024-01-28,6,1,298.9010009765625,287.3368530273437,-4.3148193359375,0.59686279296875,0.0,92148.25,269.1673889160156,284.7178955078125,289.7919616699219,0.0001808375964174,0.0003122176276519,0.009659681469202,1.69769287109375,-2.173553466796875,-6.378692626953125,0.734405517578125,-2.5938873291015625,0.6759796142578125
2024-01-28,12,2,300.3900756835937,285.8731689453125,-3.1220703125,0.3466796875,0.0,91836.234375,269.62335205078125,284.0604858398437,292.2964172363281,0.0001966089621419,0.0006166582461446,0.0085273794829845,3.5000152587890625,0.16796875,-4.5780792236328125,-0.8642120361328125,-1.5449066162109375,-0.0325775146484375
2024-01-28,18,3,293.89715576171875,289.0940246582031,-3.445785522460937,0.7219085693359375,0.0,92077.78125,269.7645263671875,285.6832275390625,289.41632080078125,0.0002005902933888,0.000250417535426,0.0102520957589149,2.23291015625,-0.92730712890625,-6.3336944580078125,-1.906585693359375,-1.2759857177734375,2.21063232421875
2024-01-29,0,0,291.13385009765625,289.73944091796875,-2.911590576171875,0.2059783935546875,0.0,91940.953125,269.7137145996094,285.4252319335937,289.0778503417969,0.0002158265269827,0.0002425040293019,0.0101196989417076,3.49798583984375,-0.40911865234375,-4.2084808349609375,-2.052734375,-0.231292724609375,-2.289047241210937
2024-01-29,6,1,299.06378173828125,285.0830078125,-2.865081787109375,-0.4486846923828125,0.0,92062.484375,269.81689453125,285.4447021484375,289.9912109375,0.0004004789516329,0.0002384559920756,0.0077311508357524,3.284027099609375,0.210235595703125,-4.1715087890625,-5.87335205078125,1.4096221923828125,-1.0598297119140625
2024-01-29,12,2,300.8920593261719,283.7606201171875,-2.1244354248046875,0.7997894287109375,0.0,91712.4375,270.8149108886719,285.0439453125,292.973876953125,0.0004907087422907,0.0002248910896014,0.0072555132210254,2.5762176513671875,2.105255126953125,-2.7378387451171875,-6.079132080078125,0.1533966064453125,0.7036895751953125
2024-01-29,18,3,292.9861145019531,286.30517578125,-3.49444580078125,0.54852294921875,0.0,91985.8125,271.00506591796875,286.32586669921875,289.6853942871094,0.0003496806602925,0.000209950201679,0.00858049467206,2.701141357421875,-0.637542724609375,-4.7992706298828125,-5.334640502929688,0.2691497802734375,2.1063690185546875
2024-01-30,0,0,290.60760498046875,287.9649658203125,-2.29827880859375,0.02099609375,0.0,91865.109375,270.60552978515625,284.3251953125,289.56134033203125,0.000543457455933,0.000309070572257,0.0089801615104079,2.112899780273437,3.673919677734375,-1.756011962890625,-7.876678466796875,3.836105346679688,-1.76885986328125
2024-01-30,6,1,299.78277587890625,285.39239501953125,-0.62042236328125,-0.033172607421875,0.0,91972.140625,269.8285522460937,285.00518798828125,290.90948486328125,0.0008840213995426,0.0003318104427307,0.0083613544702529,2.032821655273437,5.4215850830078125,-0.7834625244140625,-7.958206176757812,0.4118804931640625,-0.334625244140625
2024-01-30,12,2,301.99957275390625,284.3861389160156,0.9642486572265624,0.0049285888671875,0.0,91669.390625,269.7540283203125,282.804931640625,294.7958374023437,0.0014901510439813,0.0011285790242254,0.0065913349390029,1.1053924560546875,5.680938720703125,1.5055694580078125,-7.38519287109375,-0.34716796875,-0.232391357421875
2024-01-30,18,3,293.8735046386719,284.9594116210937,-3.047576904296875,-0.2220458984375,0.0,91968.15625,269.2364501953125,283.2785949707031,292.6835632324219,0.0015602363273501,0.000651704147458,0.0076120570302009,-2.103866577148437,7.8455810546875,-1.68463134765625,-4.21881103515625,0.1634979248046875,1.1891326904296875
2024-01-31,0,0,292.3953857421875,290.7902526855469,-2.9290771484375,1.469879150390625,1.625,91824.09375,268.80340576171875,285.09576416015625,290.263671875,0.0015028067864477,0.0002979454584419,0.0103815719485282,0.24053955078125,5.2303619384765625,1.129913330078125,-3.4245147705078125,-1.4068603515625,6.212188720703125
2024-01-31,6,1,300.7621459960937,288.6653137207031,0.1802978515625,2.041534423828125,0.0,91999.546875,268.5722045898437,284.0805053710937,291.34490966796875,0.0014131609350442,0.0005242091137915,0.0102526694536209,-0.5368804931640625,5.399093627929688,0.5998992919921875,-2.431884765625,0.75848388671875,2.4004058837890625
2024-01-31,12,2,303.02850341796875,285.5724792480469,1.54864501953125,0.6339263916015625,0.0,91642.078125,268.7535095214844,281.15069580078125,295.5174255371094,0.001361769856885,0.0046303337439894,0.0076501220464706,3.207870483398437,4.1393585205078125,2.4835357666015625,-4.2723236083984375,-0.3737945556640625,0.6129150390625
2024-01-31,18,3,295.9367370605469,287.8739624023437,-1.714141845703125,1.3702850341796875,2.375,91919.75,269.1748046875,279.40411376953125,293.5871276855469,0.0005257506854832,0.0065563544631004,0.0091970562934875,4.192794799804688,4.55859375,1.8986663818359373,-5.9962921142578125,-0.6306610107421875,3.5267486572265625
2024-02-01,0,0,293.3172302246094,291.6040954589844,-1.1751556396484375,1.4244384765625,74.625,91860.078125,268.0101013183594,282.0353088378906,291.10284423828125,0.0006707180291414,0.0022510369308292,0.0093315653502941,3.71429443359375,9.649993896484377,3.513656616210937,-4.7754974365234375,-1.3311004638671875,2.1548309326171875
2024-02-01,6,1,300.705810546875,287.8711853027344,0.954803466796875,-0.4272308349609375,0.0,92034.0,268.18817138671875,284.1224975585937,292.14337158203125,0.0006036066915839,0.0009139508474618,0.0091066695749759,4.0926513671875,6.6825103759765625,1.19769287109375,-4.173736572265625,1.5261993408203125,-0.7733001708984375
2024-02-01,12,2,302.97418212890625,286.0040283203125,1.320770263671875,-0.247406005859375,0.0,91688.140625,268.52880859375,280.6217346191406,295.50146484375,0.0005617295391857,0.0057729557156562,0.0079777278006076,5.6561431884765625,2.07598876953125,1.7342376708984375,-5.9710540771484375,0.75909423828125,-0.2353973388671875
2024-02-01,18,3,295.6854858398437,287.8814697265625,-2.242401123046875,0.302734375,0.0,91893.8125,268.729248046875,281.26885986328125,294.3300476074219,0.0004730944056063,0.0039715860038995,0.0077936723828315,3.6855621337890634,3.88214111328125,-0.1572418212890625,-5.98101806640625,1.056243896484375,0.08489990234375
2024-02-02,0,0,294.3816833496094,292.0504455566406,-0.915252685546875,1.018341064453125,252.25,91856.921875,267.61822509765625,283.5274658203125,290.65606689453125,0.0004164355341345,0.0011666412465274,0.0121825411915779,3.920486450195313,6.3616790771484375,3.2862091064453125,-4.977462768554688,-2.700408935546875,4.820098876953125
2024-02-02,6,1,300.99664306640625,289.8291931152344,0.5308685302734375,1.663299560546875,0.0,91992.671875,267.5014038085937,284.51348876953125,292.4749450683594,0.0004952270537614,0.0007032202556729,0.0102586224675178,3.300033569335937,4.227783203125,0.7843017578125,-8.913192749023438,-2.0202178955078125,2.141342163085937
2024-02-02,12,2,303.25311279296875,286.50323486328125,1.1607818603515625,0.863616943359375,0.0,91648.921875,267.46807861328125,281.1010131835937,295.65875244140625,0.0004979560617357,0.0061408225446939,0.0084978230297565,4.253173828125,0.6714630126953125,1.705108642578125,-8.542587280273438,-1.5074310302734375,0.9522857666015624
2024-02-02,18,3,296.2779235839844,290.4130249023437,-2.6511383056640625,0.55926513671875,74.5,91883.015625,267.8592224121094,281.3456420898437,293.26007080078125,0.000439926283434,0.0055768489837646,0.011237371712923,1.2724609375,1.4284210205078125,-1.7454986572265625,-6.3610382080078125,-3.896881103515625,1.654449462890625
2024-02-03,0,0,294.63433837890625,293.171142578125,-2.5923614501953125,1.7513580322265625,173.375,91836.125,267.3208312988281,286.191650390625,290.42889404296875,0.0004023846704512,0.0010897950269281,0.0135736092925071,1.99212646484375,1.128173828125,0.35699462890625,-7.769882202148437,-5.300994873046875,5.307632446289063
2024-02-03,6,1,300.76171875,290.626220703125,-2.56231689453125,1.525146484375,12.5,92011.15625,268.10064697265625,284.579833984375,291.9491577148437,0.0003649690188467,0.0015178823377937,0.0123563222587108,0.037933349609375,0.1188812255859375,-3.7253265380859375,-9.724807739257812,-1.6746368408203125,1.878143310546875
2024-02-03,12,2,302.67236328125,288.61981201171875,-2.61566162109375,0.6909332275390625,12.75,91691.25,268.3353881835937,280.68121337890625,294.91766357421875,0.0003647424746304,0.0078299138695001,0.0099840797483921,-0.62872314453125,-2.19293212890625,-3.9122314453125,-9.933197021484377,-4.9802093505859375,0.4924468994140625
2024-02-03,18,3,295.8238525390625,289.53436279296875,-3.841461181640625,0.7049407958984375,0.0,92026.15625,268.2308654785156,285.81768798828125,291.7177124023437,0.0004463100340217,0.0015155861619859,0.010111466050148,-2.189910888671875,-7.1311798095703125,-7.4524383544921875,-9.312240600585938,-3.707443237304688,0.419342041015625
2024-02-04,0,0,292.981201171875,290.6359558105469,-2.233306884765625,0.721160888671875,0.0,91980.453125,268.59796142578125,284.224609375,291.343017578125,0.0003511251416057,0.0014579412527382,0.0082598328590393,-2.0852508544921875,-4.55755615234375,-7.695404052734375,-5.4195709228515625,-5.1937103271484375,-2.0643310546875
2024-02-04,6,1,300.8546142578125,285.9877319335937,-3.7449798583984375,0.8479766845703125,0.0,92205.453125,267.0671081542969,284.3036804199219,291.65362548828125,0.0004921394865959,0.0019150811713188,0.0080178417265415,-5.483123779296875,-4.7823486328125,-5.686080932617188,-0.528289794921875,-7.427001953125,0.469512939453125
2024-02-04,12,2,302.4170227050781,284.7203369140625,-2.8788299560546875,0.4903106689453125,0.0,91855.921875,268.0392761230469,284.71649169921875,294.27764892578125,0.0003984796348959,0.0018627720419317,0.0076906085014343,-2.8872222900390625,-8.125991821289062,-4.239654541015625,-1.17816162109375,-8.656341552734375,0.0757904052734375
2024-02-04,18,3,294.89801025390625,286.94366455078125,-3.290557861328125,0.9156036376953124,0.0,92115.453125,268.1208190917969,284.0834045410156,291.7957763671875,0.0003171348944306,0.0024380213581025,0.0082189962267875,-2.14678955078125,-9.631072998046877,-5.113189697265625,-4.4589385986328125,-6.575469970703125,0.5585784912109375
2024-02-05,0,0,291.79931640625,289.7930908203125,-1.866455078125,-0.1810302734375,0.0,91981.328125,267.63287353515625,283.6839294433594,291.58331298828125,0.0002982942387461,0.0023704874329268,0.0067297555506229,-2.4046173095703125,-9.24359130859375,-3.81890869140625,-3.83544921875,-5.2762603759765625,-3.6248931884765625
2024-02-05,6,1,301.2200012207031,283.3818054199219,-3.29742431640625,-0.256103515625,0.0,92203.390625,267.73602294921875,283.2220458984375,292.2677001953125,0.0003278662916272,0.0024938136339187,0.0067780129611492,-2.969024658203125,-9.82342529296875,-5.123046875,-2.197113037109375,-3.736404418945313,-0.7074432373046875
2024-02-05,12,2,302.8448791503906,283.44970703125,-3.293197631835937,1.0401611328125,0.0,91840.71875,267.5387268066406,282.3421630859375,295.4496765136719,0.0003493083640933,0.0029512443579733,0.0065210834145545,-2.0838165283203125,-7.617889404296875,-5.7437896728515625,-0.8426361083984375,-3.1301422119140625,1.1929779052734375
2024-02-05,18,3,295.08984375,287.1333923339844,-3.1400146484375,1.206329345703125,0.0,92152.328125,267.56182861328125,282.9565124511719,293.03375244140625,0.0003402770962566,0.0026416089385747,0.0072788931429386,-1.3077392578125,-10.096466064453123,-5.244674682617188,-3.5605010986328125,-2.4790802001953125,-0.0226287841796875
2024-02-06,0,0,291.7784729003906,290.1985778808594,-1.643768310546875,-0.2301025390625,0.0,91988.484375,267.273681640625,283.0198974609375,293.317626953125,0.0003740936517715,0.0024619475007057,0.0045874714851379,-0.4925079345703125,-10.69036865234375,-6.949234008789063,-1.409393310546875,-2.3768463134765625,-1.8147735595703125
2024-02-06,6,1,302.6962890625,283.47332763671875,-3.9940032958984375,-0.471160888671875,0.0,92129.1875,267.3075561523437,283.4725952148437,293.8542175292969,0.0003741558175534,0.002151072723791,0.006546027958393,-1.5595550537109375,-11.536331176757812,-6.4953155517578125,1.4621124267578125,-3.1217498779296875,-1.1050262451171875
2024-02-06,12,2,304.0191955566406,282.4784240722656,-3.75250244140625,0.5671539306640625,0.0,91768.484375,267.4486694335937,283.0116271972656,296.43865966796875,0.0003712649922817,0.0025170783046633,0.0065893605351448,-1.4665985107421875,-7.67291259765625,-7.063232421875,1.96295166015625,-2.204742431640625,0.257720947265625
2024-02-06,18,3,294.8384704589844,288.46466064453125,-3.098846435546875,0.5998992919921875,0.0,92068.46875,268.0263671875,283.5136108398437,294.69317626953125,0.0004048866685479,0.0020937626250088,0.0057368241250514,-2.3034820556640625,-9.0814208984375,-7.955780029296875,0.1570587158203125,-2.1583404541015625,-2.286224365234375
2024-02-07,0,0,291.36181640625,289.7215881347656,-2.0158843994140625,-0.7322235107421875,0.0,91909.328125,267.44488525390625,283.1651611328125,294.4259033203125,0.0004046924877911,0.0021561293397098,0.0045342165976762,-1.83172607421875,-9.346450805664062,-9.803787231445312,2.583343505859375,-0.5449676513671875,-2.751327514648437
2024-02-07,6,1,303.8115539550781,281.8504638671875,-4.310104370117188,-0.52783203125,0.0,92160.90625,266.6972045898437,282.5025634765625,295.0835266113281,0.0003656537737697,0.0021611619740724,0.0049771405756473,-2.019561767578125,-9.8861083984375,-6.778289794921875,3.378692626953125,-0.86505126953125,-1.0717926025390625
2024-02-07,12,2,304.5320129394531,280.1669921875,-3.07830810546875,0.8664398193359375,0.0,91785.546875,266.6635131835937,281.7445068359375,297.3587646484375,0.0003646853147074,0.0043337391689419,0.0048089511692523,-1.85906982421875,-3.650558471679688,-6.0742034912109375,2.9096832275390625,-3.1846923828125,0.86981201171875
2024-02-07,18,3,295.89703369140625,285.39630126953125,-3.214569091796875,0.8810272216796875,0.0,92053.65625,266.72998046875,282.658203125,295.31256103515625,0.0003786574816331,0.0020616974215954,0.0054841712117195,-1.014434814453125,-6.359054565429688,-7.97283935546875,5.0094146728515625,-1.1269073486328125,-0.7234954833984375
2024-02-08,0,0,292.19677734375,287.4540100097656,-2.049896240234375,0.051116943359375,0.0,91860.765625,265.9720458984375,282.7672119140625,295.1089172363281,0.0003598671173676,0.0018890521023422,0.0036863726563751,0.2560577392578125,-6.3416595458984375,-6.97210693359375,4.846771240234375,-2.1681365966796875,-2.278167724609375
2024-02-08,6,1,304.04498291015625,281.0072631835937,-3.792312622070313,-1.423492431640625,0.0,92015.90625,265.6743469238281,282.8750915527344,295.8011474609375,0.0003697557840496,0.0017623300664126,0.0049773789942264,0.7469329833984375,-7.704437255859375,-5.718902587890625,3.8108978271484375,-0.256683349609375,-2.58660888671875
2024-02-08,12,2,305.14697265625,282.02496337890625,-2.55181884765625,-0.2342071533203125,0.0,91658.203125,265.7716064453125,281.7836303710937,297.8349914550781,0.0003032544627785,0.0051169879734516,0.0050861872732639,0.56524658203125,-3.1475372314453125,-4.68841552734375,1.982940673828125,-3.4351043701171875,-1.2173004150390625
2024-02-08,18,3,295.93365478515625,285.3414306640625,-2.78460693359375,1.283538818359375,0.0,91961.234375,266.7624206542969,282.9746398925781,295.45245361328125,0.0002304735971847,0.0023126425221562,0.0057720206677913,3.738372802734375,-4.9520263671875,-7.697662353515625,-0.435302734375,-0.8854827880859375,0.520599365234375
2024-02-09,0,0,292.27325439453125,287.3034973144531,-1.8139495849609373,1.1312255859375,0.0,91847.640625,267.3966979980469,281.03131103515625,294.0271301269531,0.0001898389018606,0.0018994202837347,0.0058652982115745,4.9964599609375,-3.481063842773437,-7.4246826171875,-0.4435577392578125,0.1670989990234375,1.08868408203125
2024-02-09,6,1,303.0677490234375,284.0847473144531,-3.190582275390625,0.415313720703125,0.0,92052.3125,267.2728271484375,282.1058959960937,294.2713928222656,0.0001865062804426,0.0013265283778309,0.006953902542591,3.3623046875,-6.612579345703125,-4.9588470458984375,1.5533447265625,-0.7532806396484375,-0.3498077392578125
2024-02-09,12,2,304.5140380859375,282.9283447265625,-3.25177001953125,0.3348236083984375,0.0,91699.828125,267.38787841796875,281.00439453125,296.8715515136719,0.0003338633105158,0.0055855237878859,0.0059859380125999,7.049606323242188,-3.644699096679688,-5.5606689453125,0.8303070068359375,-3.4165802001953125,-0.14410400390625
2024-02-09,18,3,295.5931396484375,291.1365966796875,-3.830123901367188,1.279510498046875,0.0,92079.015625,267.7755126953125,281.8662414550781,293.3572998046875,0.000379036180675,0.0014741928316652,0.0086229369044303,6.706390380859375,-8.486984252929688,-7.432861328125,-1.0974884033203125,-0.9646148681640624,0.0802154541015625
2024-02-10,0,0,292.9960327148437,291.38739013671875,-2.652572631835937,1.645538330078125,0.25,92017.03125,267.4803466796875,281.7561950683594,291.8048400878906,0.0003008448984473,0.0013321046717464,0.0079547241330146,4.3361663818359375,-6.699188232421875,-8.071319580078125,-2.9284210205078125,-0.2685394287109375,0.57977294921875
2024-02-10,6,1,300.7438659667969,287.5750732421875,-3.81182861328125,0.4544525146484375,0.0,92176.203125,268.7161560058594,282.5932312011719,291.716796875,0.0003245342522859,0.0012475573457777,0.0095627978444099,4.06854248046875,-6.96771240234375,-6.042083740234375,-2.58172607421875,0.127105712890625,0.0364990234375
2024-02-10,12,2,302.2786865234375,286.48895263671875,-3.941864013671875,1.7032470703125,0.0,91837.75,268.4320068359375,282.76708984375,294.3422241210937,0.0004784285556524,0.0012213073205202,0.0089871361851692,5.497100830078125,-5.6600341796875,-6.3185577392578125,-4.06396484375,-1.6245574951171875,2.3592987060546875
2024-02-10,18,3,294.8482666015625,289.37451171875,-3.089141845703125,1.1893157958984375,0.0,92104.90625,269.4389038085937,283.1317749023437,291.9637145996094,0.00069420482032,0.00136853242293,0.0085295476019382,6.1231689453125,-6.729888916015625,-4.919708251953125,-2.14617919921875,1.0175018310546875,0.5055389404296875
2024-02-11,0,0,292.3368530273437,291.16876220703125,-2.66558837890625,0.1836395263671875,0.375,92016.546875,268.61102294921875,282.48504638671875,291.9354858398437,0.0006853551603853,0.0011415225453674,0.0055013820528984,4.1512298583984375,-5.6011810302734375,-4.496505737304688,-0.69378662109375,0.618072509765625,1.350189208984375
2024-02-11,6,1,300.9154357910156,285.7381591796875,-3.809738159179688,0.8600006103515625,0.0,92248.46875,268.88189697265625,282.090087890625,291.2286682128906,0.000585762783885,0.0012764781713485,0.0083647519350051,3.4488525390625,-6.5973052978515625,-5.9654388427734375,-0.2133026123046875,2.846771240234375,1.0113677978515625
2024-02-11,12,2,301.8356628417969,285.45806884765625,-3.52606201171875,1.7144317626953125,0.0,91896.671875,267.489501953125,281.9525756835937,294.5244140625,0.0005741042550653,0.0014460575766861,0.0078097283840179,1.8462066650390625,-3.364242553710937,-5.531829833984375,1.54827880859375,0.4354248046875,2.41204833984375
2024-02-11,18,3,294.1068115234375,288.915771484375,-3.2843780517578125,0.9594573974609376,0.0,92109.9375,267.7159423828125,282.7396545410156,293.30279541015625,0.0005864414852112,0.0012285150587558,0.0036243647336959,5.483734130859375,-4.2521514892578125,-5.92706298828125,0.15234375,3.1291046142578125,0.9688262939453124
2024-02-12,0,0,291.353515625,289.86346435546875,-2.92657470703125,0.1512298583984375,0.25,92002.90625,266.5984802246094,281.63092041015625,293.49835205078125,0.0006378190591931,0.0013766111806035,0.0021273528691381,4.414718627929688,-3.602752685546875,-8.703750610351562,-0.749664306640625,2.103012084960937,1.3397674560546875
2024-02-12,6,1,301.46319580078125,278.12237548828125,-4.0126953125,0.9419708251953124,0.0,92173.0,266.3180236816406,282.3797607421875,292.5118713378906,0.000659980578348,0.0011724950745701,0.0043308325111866,2.9945526123046875,-4.9698638916015625,-7.064483642578125,0.6690521240234375,0.8997039794921875,0.8857269287109375
2024-02-12,12,2,302.9091796875,281.7774963378906,-3.4470367431640625,1.244873046875,0.0,91789.78125,266.9900817871094,282.5360107421875,294.9469909667969,0.0005596164846792,0.0011592083610594,0.0057498961687088,4.38238525390625,-3.8227386474609375,-5.86065673828125,3.4605865478515625,0.164703369140625,1.696533203125
2024-02-12,18,3,294.1838073730469,288.02862548828125,-3.039794921875,1.4046478271484375,0.0,92113.75,267.31121826171875,282.8006591796875,292.2108764648437,0.0005403556860983,0.0011646135244518,0.0054654069244861,6.35565185546875,-4.7674560546875,-5.403732299804688,2.242889404296875,1.9163818359375,2.372543334960937
2024-02-13,0,0,291.5361328125,290.2213134765625,-2.581207275390625,0.644744873046875,0.875,91921.109375,267.7292175292969,282.2397155761719,291.96728515625,0.0004741260781884,0.0012879178393632,0.003826092230156,8.583847045898438,-5.2435302734375,-4.9457550048828125,3.627639770507813,-0.8389129638671875,3.632110595703125
2024-02-13,6,1,300.7547607421875,286.21832275390625,-2.7784423828125,1.669403076171875,0.0,92107.09375,267.4530029296875,282.33709716796875,291.78662109375,0.0004852868150919,0.0009674404282122,0.0084622018039226,7.23516845703125,-7.052993774414063,-4.386810302734375,3.934158325195313,-0.6772308349609375,2.2826385498046875
2024-02-13,12,2,303.0429382324219,285.4762268066406,-3.2935028076171875,0.581085205078125,0.0,91763.21875,267.6546630859375,280.4832458496094,295.0751342773437,0.000474925385788,0.0045541068539023,0.0084129683673381,10.28857421875,-4.1512451171875,-5.030120849609375,2.2814178466796875,-1.3567047119140625,0.6041107177734375
2024-02-13,18,3,295.4471435546875,290.78485107421875,-4.0195159912109375,1.3237152099609375,0.0,92007.359375,267.64459228515625,281.8622436523437,291.791015625,0.0005605614278465,0.003513068659231,0.0104336775839328,8.750411987304688,-4.9869537353515625,-7.978759765625,2.08587646484375,2.7684783935546875,1.7870330810546875
2024-02-14,0,0,293.34344482421875,291.0189819335937,-2.536224365234375,0.721435546875,2.0,91880.75,267.9462280273437,283.0482177734375,292.1038818359375,0.0007831540424376,0.0004324603360146,0.0078711099922657,10.231491088867188,-5.443359375,-5.0653076171875,3.1808319091796875,1.3884429931640625,0.62750244140625
2024-02-14,6,1,301.2324523925781,288.59539794921875,-3.312713623046875,0.947265625,0.0,92036.359375,268.22821044921875,282.37481689453125,292.63916015625,0.0011102345306426,0.0025751034263521,0.0088220611214637,9.787521362304688,-3.4220123291015625,-4.761764526367188,2.48333740234375,3.2174072265625,1.1044921875
2024-02-14,12,2,302.6995544433594,286.5334167480469,-3.455718994140625,1.4718780517578125,0.0,91689.140625,268.8717041015625,281.383056640625,294.854248046875,0.0010789728257805,0.0045468183234333,0.0090040974318981,11.370330810546877,-1.8591766357421875,-5.101608276367188,1.75225830078125,-1.1204986572265625,1.962890625
2024-02-14,18,3,295.39117431640625,289.29156494140625,-3.7169036865234375,1.5598297119140625,0.0,91928.796875,268.59063720703125,282.2694702148437,292.4937438964844,0.0007959436625242,0.0029785281512886,0.0091368220746517,10.502639770507812,-2.358978271484375,-5.35888671875,-0.0458221435546875,2.42120361328125,3.366806030273437
2024-02-15,0,0,292.25079345703125,289.158203125,-2.455429077148437,0.2837982177734375,0.0,91810.859375,269.42840576171875,282.4312744140625,293.18670654296875,0.0008159866556525,0.0025081734638661,0.0026546008884906,10.561721801757812,-2.036773681640625,-5.57989501953125,2.257110595703125,1.9141082763671875,3.160263061523437
2024-02-15,6,1,301.2093505859375,281.400390625,-4.333770751953125,1.435516357421875,0.0,92038.25,269.7052001953125,282.1062927246094,292.40496826171875,0.0007948111742734,0.0028796521946787,0.0055229216814041,11.657516479492188,-3.135726928710937,-6.72674560546875,2.05059814453125,2.8461456298828125,1.8719482421875
2024-02-15,12,2,302.5208740234375,283.614013671875,-3.6755523681640634,0.72320556640625,0.0,91683.0,270.2225952148437,281.5590209960937,294.9640197753906,0.0004804723430424,0.0033002030104398,0.0067191161215305,12.34979248046875,-0.5649566650390625,-5.8124847412109375,0.0805206298828125,0.2654266357421875,0.9362640380859376
2024-02-15,18,3,294.7811889648437,288.457275390625,-4.026458740234375,1.008026123046875,0.0,91955.25,269.7971496582031,282.7630615234375,291.5331420898437,0.0003805689048022,0.0028436155989766,0.0073463208973407,10.919830322265623,-1.45831298828125,-7.88031005859375,0.2087249755859375,3.139495849609375,1.19049072265625
2024-02-16,0,0,291.42578125,288.4749450683594,-3.4344024658203125,0.0374908447265625,0.0,91871.546875,269.1772766113281,282.2677001953125,292.1961669921875,0.0003253319300711,0.0034285765141248,0.0035122968256473,12.073898315429688,-2.6849517822265625,-9.421127319335938,2.68731689453125,1.65155029296875,-0.5021514892578125
2024-02-16,6,1,300.29205322265625,286.1604309082031,-4.38641357421875,1.853302001953125,0.0,92066.625,268.8583679199219,283.24920654296875,291.2845458984375,0.0003267019055783,0.0040163770318031,0.0089699365198612,11.23480224609375,-2.797836303710937,-6.9666900634765625,1.358978271484375,3.0433502197265625,2.697494506835937
2024-02-16,12,2,302.3017578125,287.1928100585937,-3.732147216796875,1.4656524658203125,0.0,91697.265625,270.1127319335937,283.1536560058594,294.65826416015625,0.0001318237773375,0.003771690884605,0.0088262483477592,11.381729125976562,-0.0368499755859375,-5.9668731689453125,-0.6076507568359375,0.391082763671875,2.307586669921875
2024-02-16,18,3,295.4012451171875,290.21978759765625,-3.55792236328125,1.376495361328125,0.0,91994.375,269.1595153808594,283.3749389648437,291.253662109375,9.650189895182848e-05,0.0040981229394674,0.0103652887046337,8.287918090820312,0.6660919189453125,-6.7790374755859375,-2.671615600585937,1.8637542724609373,2.929718017578125
2024-02-17,0,0,292.8801574707031,288.869873046875,-2.701751708984375,0.0950927734375,0.0,91809.546875,269.80108642578125,282.70025634765625,291.53076171875,6.678921636193991e-05,0.0036978586576879,0.00801507756114,7.3376312255859375,-1.2350616455078125,-5.22998046875,-2.4036407470703125,0.0531463623046875,1.1157073974609375
2024-02-17,6,1,301.5328369140625,283.0902404785156,-3.2419586181640625,1.1173248291015625,0.0,91953.921875,269.8778076171875,282.9135131835937,293.02471923828125,5.976892134640366e-05,0.0034002515021711,0.0069565996527671,4.264984130859375,-0.1784515380859375,-4.7628936767578125,-3.5737457275390625,0.6902618408203125,1.414642333984375
2024-02-17,12,2,303.5955810546875,283.781982421875,-2.615386962890625,1.0269317626953125,0.0,91568.71875,270.30859375,281.01397705078125,296.3710021972656,5.7725352235138416e-05,0.0054375045001506,0.0061747692525386,3.0491180419921875,0.0286102294921875,-3.984909057617188,-2.568023681640625,-2.5055389404296875,1.2464141845703125
2024-02-17,18,3,295.5653076171875,287.4130249023437,-4.0861358642578125,1.8369140625,0.0,91866.890625,269.5002746582031,280.2013244628906,292.20001220703125,5.4580101277679205e-05,0.0055737569928169,0.0094001777470111,0.3843841552734375,4.696258544921875,-7.015304565429688,-3.137969970703125,-3.1024932861328125,6.008102416992188
2024-02-18,0,0,293.0829467773437,287.87078857421875,-1.753173828125,0.3455963134765625,0.0,91692.90625,271.26513671875,279.7680053710937,292.365234375,5.635654088109732e-05,0.004348861053586,0.0090029910206794,0.8549652099609375,1.9684600830078125,-1.7903900146484375,-2.04681396484375,-2.409408569335937,3.1377105712890625
2024-02-18,6,1,301.9256591796875,286.0953369140625,-1.728515625,0.4880523681640625,0.0,91918.640625,271.08038330078125,281.3014831542969,293.5408935546875,5.943674477748573e-05,0.0018019913695752,0.0074318423867225,-0.7689361572265625,2.8963775634765625,-2.47357177734375,-0.2522125244140625,-1.5008544921875,0.09063720703125
2024-02-18,12,2,304.2459716796875,282.58624267578125,-0.2032623291015625,0.5891265869140625,0.0,91489.28125,271.1669921875,280.802001953125,296.7664794921875,6.435489922296256e-05,0.0058563537895679,0.0058970153331756,0.7896270751953125,-0.3212738037109375,-0.13568115234375,-0.271728515625,-0.70428466796875,0.4392852783203125
2024-02-18,18,3,295.93408203125,286.9970397949219,-4.343307495117188,1.2293548583984375,0.0,91798.375,270.6703491210937,280.1864013671875,292.3337097167969,6.359803956001997e-05,0.0055949687957763,0.0093238614499568,-1.719390869140625,4.1065826416015625,-7.819000244140625,3.09185791015625,-2.934478759765625,6.0415802001953125
2024-02-19,0,0,292.5474853515625,287.9753723144531,-2.030746459960937,0.865936279296875,0.625,91699.5,271.4736328125,279.1019897460937,292.8857421875,8.182706369552761e-05,0.0059657208621501,0.0061435028910636,1.389739990234375,0.8768463134765625,-4.877609252929688,1.398590087890625,-5.32684326171875,3.8194427490234375
2024-02-19,6,1,302.3914794921875,281.5302734375,-2.25927734375,2.404266357421875,0.0,91939.59375,270.4386901855469,279.982177734375,293.57086181640625,9.886882617138326e-05,0.0038694299291819,0.0058575235307216,2.0135040283203125,0.081878662109375,-3.4115753173828125,0.3520660400390625,-1.3938751220703125,3.262664794921875
2024-02-19,12,2,303.71759033203125,283.6308288574219,-1.5195159912109375,0.8994140625,0.0,91556.203125,271.05206298828125,280.2840576171875,296.13543701171875,0.0001376123109366,0.0059062279760837,0.0061559788882732,1.7772369384765625,-0.1795196533203125,-1.83966064453125,3.3434295654296875,-1.4880218505859375,0.9592742919921876
2024-02-19,18,3,296.2892150878906,289.87066650390625,-3.4488677978515625,2.020721435546875,24.0,91851.203125,270.8006591796875,280.3128662109375,292.6444702148437,0.0002441925462335,0.0049311146140098,0.0097874365746974,1.6170654296875,3.779693603515625,-6.631607055664063,4.0398712158203125,-3.524566650390625,6.3759613037109375
2024-02-20,0,0,293.4196472167969,289.8406066894531,-1.3942413330078125,0.99285888671875,52.5,91762.5,269.60308837890625,279.29510498046875,292.1162414550781,0.0004183151759207,0.0051782727241516,0.008018635213375,5.8603363037109375,2.023284912109375,-3.8139801025390634,4.992340087890625,-2.8054351806640625,4.4864044189453125
2024-02-20,6,1,302.5848388671875,284.5750427246094,-1.996795654296875,1.1118011474609375,0.0,91893.109375,269.1078491210937,282.8523864746094,294.033447265625,0.0008045744616538,0.00191653938964,0.0068791694939136,8.469818115234375,3.366073608398437,-2.840805053710937,2.001205444335937,-4.535400390625,1.0541534423828125
2024-02-20,12,2,304.3209228515625,283.3607177734375,-0.1519317626953125,0.4185638427734375,0.0,91499.59375,269.7235107421875,280.9040222167969,296.9046325683594,0.0004504611715674,0.0061433836817741,0.0062162317335605,9.66156005859375,-0.507476806640625,-0.162353515625,-0.300933837890625,-1.716827392578125,0.084503173828125
2024-02-20,18,3,296.6080627441406,287.49664306640625,-2.89276123046875,1.2449951171875,39.75,91788.046875,271.919189453125,280.78961181640625,293.15509033203125,0.0002117007679771,0.0054414421319961,0.0098120421171188,2.700180053710937,5.973236083984375,-2.2583770751953125,2.6187744140625,-5.108184814453125,7.5789794921875
2024-02-21,0,0,294.39117431640625,291.2665100097656,-1.1927490234375,2.2439727783203125,102.875,91662.609375,269.8422546386719,279.54364013671875,291.03582763671875,0.000310460338369,0.0067576020956039,0.0121820978820323,6.775390625,3.381988525390625,1.01556396484375,-1.55902099609375,-4.996505737304688,7.2349853515625
2024-02-21,6,1,301.93975830078125,289.7890319824219,1.44122314453125,0.8142242431640625,7.5,91821.125,269.489501953125,282.6871643066406,293.2470092773437,0.0002114378730766,0.0024587193038314,0.0113098882138729,3.6029052734375,5.66802978515625,1.9149627685546875,-3.7058258056640634,-2.6373748779296875,0.6117095947265625
2024-02-21,12,2,304.35467529296875,287.2410888671875,1.142486572265625,-0.1017303466796875,0.0,91402.03125,270.7755126953125,281.080810546875,296.8576354980469,0.0003924849443137,0.008347850292921,0.0088991895318031,5.9454498291015625,1.1467437744140625,1.6365509033203125,-5.199737548828125,-2.70623779296875,-0.5508270263671875
2024-02-21,18,3,297.9630126953125,285.496337890625,-0.27362060546875,-0.9606781005859376,2.875,91666.671875,270.9331359863281,280.8099365234375,296.6620178222656,0.0003768894821405,0.0076248049736022,0.0070984028279781,2.441879272460937,-3.192047119140625,2.6730194091796875,-6.9487152099609375,-0.6971893310546875,-3.055404663085937
2024-02-22,0,0,295.33087158203125,289.1175231933594,0.74658203125,1.871337890625,60.5,91644.875,270.33819580078125,279.58135986328125,291.8411865234375,0.0004309865180402,0.0073114670813083,0.0111325345933437,-0.298614501953125,2.4995574951171875,2.7774658203125,-4.190963745117188,-0.1874847412109375,3.770919799804688
2024-02-22,6,1,302.4078369140625,284.476806640625,1.2541351318359375,-1.690887451171875,0.0,91833.875,270.323974609375,283.69439697265625,293.84930419921875,0.0004616456571966,0.0028479355387389,0.0074600279331207,-0.088348388671875,3.70697021484375,1.4935150146484375,-4.7247467041015625,3.76593017578125,-2.4619903564453125
2024-02-22,12,2,304.6437072753906,284.8936767578125,1.525665283203125,-0.1454315185546875,0.0,91478.5,270.8581848144531,281.4745483398437,297.1473083496094,0.0005552351940423,0.0056755766272544,0.0063069835305213,3.3038787841796875,-0.13250732421875,2.002670288085937,-5.0268402099609375,0.6549072265625,-0.238006591796875
2024-02-22,18,3,296.71026611328125,285.6785888671875,0.11114501953125,-1.5500640869140625,0.0,91713.671875,269.7872314453125,281.20965576171875,296.4036865234375,0.0007688668556511,0.0057630538940429,0.0063190497457981,1.3138427734375,0.7817840576171875,1.123687744140625,-4.8582305908203125,4.004898071289063,0.859619140625
2024-02-23,0,0,293.8256225585937,285.83837890625,1.216766357421875,-0.1458892822265625,0.0,91685.125,269.6502380371094,283.07080078125,293.28875732421875,0.0006110272370278,0.0021472997032105,0.0077506750822067,1.66949462890625,3.899810791015625,3.047332763671875,-2.6157989501953125,0.7963714599609375,-1.0777587890625
2024-02-23,6,1,302.35455322265625,284.96441650390625,1.437469482421875,-0.8722076416015625,0.0,91791.515625,269.81689453125,285.02099609375,294.0494689941406,0.0004757232964038,0.0008390655275434,0.0073201432824134,2.639312744140625,4.300704956054688,1.7084808349609375,-5.5323333740234375,1.6381378173828125,-1.2659454345703125
2024-02-23,12,2,304.791259765625,285.260986328125,0.78973388671875,0.5816802978515625,0.0,91437.453125,270.06500244140625,282.2673034667969,297.3641662597656,0.000427333638072,0.005664374679327,0.0071726143360137,5.234298706054688,-1.11639404296875,0.8621673583984375,-8.033676147460938,0.927825927734375,0.7545928955078125
2024-02-23,18,3,296.6878967285156,286.32958984375,-1.426483154296875,-0.5058746337890625,1.125,91635.1875,270.6332397460937,280.82745361328125,296.5246276855469,0.000403702026233,0.0082729421555995,0.0072284638881683,5.04705810546875,-2.998291015625,-1.332916259765625,-8.005950927734375,3.212921142578125,-0.4157562255859375
2024-02-24,0,0,295.79754638671875,291.30645751953125,0.7636566162109375,1.1817474365234375,208.125,91567.390625,269.8408508300781,280.2804260253906,292.41162109375,0.0003588781692087,0.0071731507778167,0.0109980665147304,3.7081146240234375,-0.4238739013671875,3.1148834228515625,-2.028305053710937,-0.26129150390625,4.2729034423828125
2024-02-24,6,1,302.84454345703125,288.1182861328125,0.8124237060546875,1.8237457275390625,0.0,91754.328125,269.5426940917969,285.5184326171875,293.7504272460937,0.0003712959587574,0.0015945183113217,0.0103910900652408,4.539718627929688,1.9248504638671875,0.9808502197265624,0.4110107421875,1.239593505859375,2.3940582275390625
2024-02-24,12,2,305.0538330078125,288.659912109375,-0.409149169921875,2.0102996826171875,6.0,91427.265625,269.2660522460937,281.7803039550781,297.37725830078125,0.0004017995670437,0.008672758936882,0.0091437362134456,6.238250732421875,0.0066070556640625,0.0075225830078125,1.036895751953125,-0.5107574462890625,2.374862670898437
2024-02-24,18,3,297.4340209960937,292.701904296875,-3.1651763916015625,2.0399932861328125,98.875,91665.734375,269.34771728515625,281.71044921875,293.8230285644531,0.000386421335861,0.0068569183349609,0.0129319131374359,4.22015380859375,0.8726043701171875,-2.5004425048828125,2.0088043212890625,-2.3955535888671875,5.8519439697265625
2024-02-25,0,0,295.3013916015625,291.70751953125,-1.9176025390625,1.870452880859375,95.875,91554.4375,268.7098999023437,281.2718811035156,291.1005249023437,0.0003681634552776,0.0067325644195079,0.01313266903162,4.44842529296875,-2.08856201171875,-1.7350006103515625,0.56890869140625,-1.796356201171875,7.42535400390625
2024-02-25,6,1,301.57281494140625,289.09295654296875,-1.9493865966796875,2.73779296875,0.0,91715.609375,268.2167053222656,283.95025634765625,293.3476257324219,0.0003770599141716,0.0034558654297143,0.0107983611524105,3.7245941162109375,-1.35711669921875,-2.67144775390625,1.2873077392578125,-0.822662353515625,3.764495849609375
2024-02-25,12,2,303.8891296386719,289.3737487792969,-3.18804931640625,1.36279296875,0.0,91353.796875,268.0719299316406,280.7582092285156,296.4932556152344,0.0004164087586104,0.0085630491375923,0.009572610259056,4.125762939453125,-2.351531982421875,-5.044692993164063,2.9453887939453125,0.6652984619140625,2.231719970703125
2024-02-25,18,3,296.4015808105469,291.3931884765625,-4.1715240478515625,2.0050201416015625,0.0,91664.5625,268.35205078125,283.6734619140625,294.22344970703125,0.0003712885081768,0.0016765398904681,0.0093879587948322,2.6956329345703125,-2.208465576171875,-8.388290405273438,6.673843383789063,2.8465728759765625,2.8975982666015625
2024-02-26,0,0,293.07037353515625,290.8563232421875,-3.3484649658203125,1.202972412109375,2.875,91602.046875,268.85992431640625,282.800048828125,293.5575256347656,0.0002977496478706,0.002309548901394,0.0063407383859157,3.55712890625,-2.9204254150390625,-9.916580200195312,5.326217651367188,2.720367431640625,1.8061676025390625
2024-02-26,6,1,300.75494384765625,288.3657531738281,-4.85272216796875,1.98486328125,0.0,91827.390625,268.69354248046875,283.06463623046875,292.63970947265625,0.0002756738103926,0.0027324939146637,0.0099656842648983,2.7668609619140625,-4.0803070068359375,-7.730087280273437,3.165618896484375,3.830108642578125,2.849395751953125
2024-02-26,12,2,303.0799255371094,287.5627746582031,-3.942062377929688,2.227203369140625,0.0,91495.421875,268.06085205078125,280.91815185546875,295.1711120605469,0.0002657086588442,0.0071494169533252,0.0091853216290473,1.44293212890625,-1.863372802734375,-6.2798614501953125,2.013031005859375,2.056304931640625,3.4765167236328125
2024-02-26,18,3,296.0194091796875,292.11138916015625,-4.139373779296875,1.622406005859375,0.0,91779.96875,267.7914428710937,282.8244934082031,292.818115234375,0.0002543306909501,0.0051014833152294,0.0096186511218547,2.1674041748046875,-1.91326904296875,-6.3161468505859375,0.4251861572265625,4.122222900390625,2.5488739013671875
2024-02-27,0,0,294.32525634765625,291.3375549316406,-3.2020263671875,1.154754638671875,5.125,91736.4375,267.8723449707031,282.81951904296875,291.42120361328125,0.0002083121653413,0.0031262254342436,0.0075144320726394,3.0183563232421875,-2.1753387451171875,-6.24029541015625,-0.28997802734375,3.238510131835937,3.386138916015625
2024-02-27,6,1,301.2235107421875,288.177001953125,-3.9184417724609375,1.1399383544921875,0.0,91874.59375,267.92510986328125,283.52618408203125,292.4368896484375,0.0002056874363915,0.0033512783702462,0.0098933987319469,1.279754638671875,-1.3290557861328125,-5.93682861328125,-0.7325286865234375,1.4588623046875,1.736053466796875
2024-02-27,12,2,303.747314453125,287.406494140625,-4.0008392333984375,0.8372955322265625,0.0,91503.59375,269.2341613769531,281.720703125,295.5014343261719,0.0001811782713048,0.0057285726070404,0.0098638236522674,0.177703857421875,-0.4268646240234375,-6.135406494140625,1.02294921875,-2.999008178710937,1.0264892578125
2024-02-27,18,3,296.3719482421875,290.7149963378906,-3.273178100585937,2.2957916259765625,3.875,91807.15625,268.9619445800781,281.9789733886719,292.8953552246094,0.0001898615446407,0.0040451996028423,0.0092244111001491,1.236053466796875,-1.050628662109375,-7.013839721679688,1.039459228515625,-5.2888031005859375,3.0972137451171875
2024-02-28,0,0,293.1571044921875,291.2869873046875,-1.93817138671875,0.6772613525390625,0.0,91698.59375,267.7979431152344,281.563232421875,293.6191101074219,0.0001971168967429,0.0021426775492727,0.005493190139532,1.1040802001953125,-2.8356170654296875,-5.45501708984375,1.4587249755859375,-6.212738037109375,-0.7122955322265625
2024-02-28,6,1,303.1232604980469,284.6087341308594,-3.382843017578125,-0.5561065673828125,0.0,91795.0,268.1864013671875,283.02862548828125,294.4379272460937,0.0002306467067683,0.0009639216586947,0.0064688101410865,1.3473052978515625,-5.217620849609375,-5.022216796875,2.8356170654296875,-3.929244995117188,-1.7414398193359375
2024-02-28,12,2,304.67462158203125,282.704345703125,-3.25982666015625,-0.07708740234375,0.0,91425.359375,269.0426025390625,280.97802734375,297.0518798828125,0.0002687075175344,0.0055992342531681,0.0057196468114852,4.25927734375,-3.316314697265625,-4.989593505859375,0.1278839111328125,-2.858154296875,-0.7080535888671875
2024-02-28,18,3,296.3692626953125,286.9486083984375,-3.927703857421875,1.0830078125,0.0,91748.8125,269.10601806640625,284.26422119140625,292.4889831542969,0.0002315319143235,0.000729776918888,0.0082825124263763,4.2536163330078125,-6.022216796875,-9.164413452148438,-0.6719207763671875,-4.65325927734375,1.6156463623046875
2024-02-29,0,0,292.54705810546875,287.49981689453125,-1.887420654296875,-0.01690673828125,0.0,91609.71875,267.8486022949219,283.5897216796875,293.67041015625,0.0002594427205622,0.0004846132360398,0.0036174699198454,2.8367919921875,-6.445465087890625,-5.4488525390625,0.7799835205078125,-3.2906646728515625,-2.590301513671875
2024-02-29,6,1,303.0008544921875,280.7723388671875,-4.3472747802734375,0.653411865234375,0.0,91848.875,268.15216064453125,283.4755859375,294.26910400390625,0.0002214173728134,0.0005301968194544,0.0043670311570167,3.140411376953125,-8.463714599609375,-7.0150299072265625,-2.5556793212890625,-4.012939453125,0.6021575927734375
2024-02-29,12,2,304.0814819335937,280.68218994140625,-3.905364990234375,1.008941650390625,0.0,91538.328125,268.2784729003906,280.634521484375,296.5343017578125,0.000219012828893,0.0044935531914234,0.0047928243875503,2.2132110595703125,-5.732696533203125,-6.901153564453125,-3.88262939453125,-1.787689208984375,1.3455810546875
2024-02-29,18,3,296.5384521484375,288.7143249511719,-3.355575561523437,1.4105682373046875,0.0,91898.15625,268.3632202148437,282.4435119628906,293.0067138671875,0.0001993003097595,0.0012021453585475,0.0076383724808692,1.044219970703125,-8.715927124023438,-7.621490478515625,-2.474716186523437,-2.233551025390625,1.6720123291015625
2024-03-01,0,0,292.9510803222656,289.7266845703125,-1.813262939453125,0.80096435546875,0.0,91786.265625,268.658447265625,282.4794311523437,293.2610778808594,0.0001937060878844,0.0010402810294181,0.0026618533302098,0.982269287109375,-6.4114532470703125,-6.059005737304688,2.6766357421875,-1.2605743408203125,0.526763916015625
2024-03-01,6,1,302.6456298828125,284.774658203125,-3.8086090087890634,1.360198974609375,0.0,91941.640625,269.83953857421875,282.3314208984375,293.92645263671875,0.0002126963227055,0.0010193423368036,0.0064791068434715,2.082382202148437,-7.666641235351562,-6.180755615234375,3.497467041015625,-1.8619384765625,1.67755126953125
2024-03-01,12,2,304.212646484375,283.944580078125,-4.10272216796875,1.2706756591796875,0.0,91594.234375,269.31231689453125,280.6618957519531,296.57403564453125,0.0001769159862305,0.0060544162988662,0.006336435675621,3.6013336181640625,-5.0716094970703125,-6.9207611083984375,3.784881591796875,-1.699310302734375,1.715118408203125
2024-03-01,18,3,297.19842529296875,288.6769104003906,-3.332672119140625,2.0624542236328125,0.0,91931.828125,268.74432373046875,281.32647705078125,293.0140380859375,0.0001874135632533,0.004670450463891,0.0080441683530807,3.6222076416015625,-2.600738525390625,-8.600967407226562,4.414337158203125,-2.522979736328125,3.684524536132813
2024-03-02,0,0,293.76470947265625,289.1693115234375,-2.0288848876953125,1.0486907958984375,0.0,91718.390625,269.0279541015625,283.10040283203125,293.2472229003906,0.0002265804505441,0.0020883379038423,0.0047028884291648,5.515167236328125,-2.1551666259765625,-10.245758056640623,3.011810302734375,0.1154327392578125,5.950454711914063
2024-03-02,6,1,302.7607421875,284.7335205078125,-2.623687744140625,3.0513458251953125,0.0,91929.125,269.198486328125,283.93426513671875,294.23016357421875,0.0002253735729027,0.0017488428857177,0.0063126794993877,6.8550872802734375,-0.74169921875,-4.3938751220703125,2.687530517578125,-0.4205322265625,4.095382690429688
2024-03-02,12,2,304.3910827636719,283.9089050292969,-1.2271575927734375,1.747222900390625,0.0,91514.375,269.3404541015625,282.5775451660156,297.02056884765625,0.0001937805063789,0.0039904275909066,0.0059164278209209,7.845428466796875,1.3443145751953125,-1.6671295166015625,0.6911163330078125,-1.7842864990234375,2.388046264648437
2024-03-02,18,3,297.55303955078125,284.1181640625,-2.4907379150390625,2.264755249023437,0.0,91772.140625,269.1181030273437,283.2630615234375,294.7632141113281,0.0004189740866422,0.0034804116003215,0.0072253309190273,8.021743774414062,1.4296875,-2.0262603759765625,-2.724945068359375,-2.32281494140625,7.438812255859375
2024-03-03,0,0,293.587158203125,286.84747314453125,0.2903289794921875,-1.3773193359375,0.0,91689.890625,269.7806396484375,281.6226806640625,291.8746643066406,0.0002563938032835,0.004131656140089,0.0090389400720596,4.876632690429688,-4.9112548828125,-0.0478057861328125,-2.023162841796875,-1.9151153564453125,4.53656005859375
2024-03-03,6,1,302.016845703125,287.90191650390625,-0.79595947265625,-0.007904052734375,0.0,91858.96875,270.03009033203125,282.70025634765625,293.4179077148437,0.0002520810521673,0.0034913509152829,0.0089367888867855,1.1899261474609375,-3.833206176757813,-1.2447052001953125,-0.076202392578125,1.531768798828125,-0.17193603515625
2024-03-03,12,2,304.89776611328125,285.3153991699219,-1.3386993408203125,0.6697235107421875,0.0,91440.75,270.04852294921875,281.52325439453125,297.4945678710937,0.0002528282930143,0.0068346187472343,0.0068906806409358,1.0478668212890625,-2.1996002197265625,-1.9149322509765625,-0.07958984375,-1.0029296875,0.4756622314453125
2024-03-03,18,3,297.8994140625,287.682861328125,-2.597518920898437,2.1365509033203125,0.0,91709.0,269.9779663085937,281.45855712890625,294.7538452148437,0.0002479634713381,0.0066120512783527,0.0079330392181873,1.123687744140625,0.653289794921875,-4.371917724609375,-0.3917083740234375,-4.552490234375,7.6745452880859375
2024-03-04,0,0,294.2772216796875,289.23736572265625,-1.1136627197265625,1.2289886474609375,0.0,91639.671875,269.671142578125,283.3757019042969,293.54718017578125,0.0002025122375926,0.0037777521647512,0.0076962746679782,0.3087158203125,1.07232666015625,-0.8389434814453125,2.308197021484375,0.486480712890625,4.3067474365234375
2024-03-04,6,1,303.1531982421875,286.8359375,0.184478759765625,1.314849853515625,0.0,91801.109375,269.3016357421875,284.1451416015625,295.1224975585937,0.0002181653981097,0.0026891331654042,0.0079725831747055,2.054595947265625,0.64013671875,-0.220855712890625,2.771713256835937,2.00103759765625,1.5782623291015625
2024-03-04,12,2,306.2338256835937,286.15545654296875,0.6222076416015625,-0.4572601318359375,0.0,91432.078125,268.4923095703125,282.96783447265625,299.0578918457031,0.0001683811715338,0.0068913325667381,0.0071456208825111,3.3249969482421875,-1.256378173828125,0.579864501953125,4.8326416015625,-1.770172119140625,-0.9847412109375
2024-03-04,18,3,297.7152099609375,289.4136962890625,-3.5308074951171875,1.6943359375,55.25,91801.21875,268.76727294921875,281.7791442871094,294.3584289550781,0.0001862844801507,0.0081079080700874,0.0096182711422443,0.313629150390625,3.51458740234375,-5.71923828125,3.722412109375,-2.62506103515625,6.289108276367188
2024-03-05,0,0,295.0854797363281,292.571044921875,-1.0222015380859375,1.5922393798828125,48.625,91672.65625,268.8737487792969,281.2847900390625,295.32891845703125,0.0001564670237712,0.0065624378621578,0.0039730104617774,2.668121337890625,0.22515869140625,-4.8576202392578125,4.467819213867188,-3.809783935546875,4.4647979736328125
2024-03-05,6,1,304.34796142578125,286.5260009765625,-1.8326873779296875,1.808258056640625,0.0,91759.75,269.155517578125,283.88238525390625,296.2518310546875,0.000141287149745,0.0026354384608566,0.0065536461770534,3.7501373291015625,0.1398162841796875,-3.22314453125,3.277252197265625,-2.968353271484375,2.2419586181640625
2024-03-05,12,2,306.4071350097656,285.33123779296875,-1.50604248046875,1.067474365234375,0.0,91402.9375,269.5419921875,283.35064697265625,299.4141540527344,0.0002627791836857,0.0061492621898651,0.0062443614006042,5.7889251708984375,-1.9265899658203125,-2.269515991210937,1.7974700927734375,-1.2519989013671875,1.01556396484375
2024-03-05,18,3,297.6718139648437,287.4500732421875,-3.1971893310546875,1.745574951171875,54.0,91784.296875,269.70654296875,282.3716735839844,295.682373046875,0.0003900625742971,0.0067024510353803,0.0053283683955669,2.477081298828125,4.777511596679688,-7.834075927734375,1.751007080078125,-2.0908355712890625,6.7821044921875
2024-03-06,0,0,294.5301818847656,290.4147644042969,-0.2924957275390625,1.5880584716796875,83.875,91655.609375,269.5386657714844,280.72686767578125,294.0428466796875,0.0005820197984576,0.0069608762860298,0.0075723975896835,2.9930877685546875,0.4006805419921875,2.623260498046875,4.0023193359375,-0.9143524169921876,5.36181640625
2024-03-06,6,1,303.32403564453125,287.4197998046875,0.59661865234375,0.330963134765625,0.0,91835.140625,269.44439697265625,281.3062438964844,295.4833984375,0.001199179328978,0.0053925365209579,0.0085115320980548,4.7068939208984375,-0.479705810546875,0.3012847900390625,4.939498901367188,-4.6143798828125,0.3824462890625
2024-03-06,12,2,305.7353210449219,285.831787109375,0.109771728515625,-0.3363494873046875,0.0,91431.875,270.22003173828125,282.70233154296875,298.8269958496094,0.0012539746239781,0.0061406902968883,0.0062205344438552,7.528289794921875,-1.2910003662109375,-0.1757049560546875,-0.1598358154296875,-1.687713623046875,-0.9034271240234376
2024-03-06,18,3,298.948974609375,286.7980651855469,-2.528549194335937,2.4111328125,18.875,91770.125,270.0111694335937,282.0971069335937,295.2154846191406,0.0010336136911064,0.0067232958972454,0.0074183605611324,2.9056549072265625,4.099166870117188,-4.88525390625,4.2247467041015625,-3.0711822509765625,9.279052734375
2024-03-07,0,0,295.67315673828125,288.6882629394531,-1.0229644775390625,1.457122802734375,1.375,91569.59375,269.4530639648437,280.81842041015625,293.768310546875,0.0009811338968575,0.0070110447704792,0.0081379972398281,6.9387969970703125,-1.75628662109375,0.69940185546875,1.695220947265625,-4.183258056640625,4.720855712890625
2024-03-07,6,1,303.634765625,287.6734313964844,0.3071441650390625,1.6968536376953125,0.0,91798.890625,270.09478759765625,280.9999084472656,295.130859375,0.0005816684570163,0.0063244998455047,0.0080235339701175,5.7464599609375,-3.536834716796875,0.2105712890625,-1.6205596923828125,-0.6779327392578125,2.2489013671875
2024-03-07,12,2,305.8704833984375,286.1943664550781,0.0316009521484375,0.1502532958984375,0.0,91383.578125,270.27203369140625,282.2618408203125,298.26141357421875,0.0001629483449505,0.007399745285511,0.0075491145253181,8.344833374023438,-0.9535369873046876,-0.1558380126953125,-5.122161865234375,-2.6488189697265625,-0.353363037109375
2024-03-07,18,3,298.8708190917969,285.3907470703125,-2.2207794189453125,1.3293914794921875,0.0,91723.734375,270.34527587890625,281.7109375,295.8482360839844,0.0002078709949273,0.0076168961822986,0.0073524378240108,5.2412872314453125,1.981475830078125,-2.4656982421875,-9.567062377929688,-3.098480224609375,5.4349212646484375
2024-03-08,0,0,296.5411682128906,288.767822265625,-0.5895843505859375,1.561309814453125,14.0,91578.578125,271.475341796875,280.85418701171875,294.3612670898437,0.0003092377446591,0.0065752752125263,0.007959246635437,3.534942626953125,-1.057952880859375,-0.015228271484375,-10.648681640625,-5.126800537109375,5.649078369140625
2024-03-08,6,1,303.88922119140625,288.0962829589844,1.054473876953125,1.8739776611328125,17.875,91788.65625,271.47320556640625,280.6518249511719,295.1748046875,0.0003651853185147,0.0059733297675848,0.0096957236528396,-2.0143280029296875,-4.5355377197265625,1.2431488037109375,-9.31201171875,-2.0845947265625,2.539825439453125
2024-03-08,12,2,305.7803039550781,286.5974426269531,1.0772857666015625,0.6757965087890625,0.0,91425.625,270.8717346191406,282.252197265625,298.2226257324219,0.0003599625779315,0.007235188037157,0.0075485296547412,-2.59490966796875,-1.786834716796875,1.0294952392578125,-5.5282135009765625,-1.3697357177734375,0.4911041259765625
2024-03-08,18,3,299.32745361328125,287.3524780273437,-3.190185546875,1.9510955810546875,11.75,91721.0625,270.71807861328125,281.8114318847656,295.6607360839844,0.0003492892719805,0.0073646046221256,0.0078056119382381,-4.174240112304688,3.5347442626953125,-3.8712158203125,-6.20166015625,-1.905426025390625,9.78094482421875
2024-03-09,0,0,296.5724182128906,289.1264038085937,-0.0227203369140625,1.7479095458984375,78.75,91622.875,270.351806640625,281.0050048828125,293.6871337890625,0.0003472093958407,0.007081925868988,0.0093930996954441,-2.864608764648437,-0.12188720703125,1.7124481201171875,-6.784103393554688,-0.6811981201171875,7.092086791992188
2024-03-09,6,1,304.2601013183594,287.1358337402344,-0.0051727294921875,2.391204833984375,0.0,91757.5,270.6181030273437,281.4838562011719,295.6495361328125,0.0003450848162174,0.0062056481838226,0.0076569132506847,-4.951095581054688,-5.390594482421875,-0.2669677734375,-3.832473754882813,-1.9400787353515625,3.2519989013671875
2024-03-09,12,2,306.5430908203125,285.57061767578125,0.8509674072265625,0.677642822265625,0.0,91404.296875,270.51226806640625,282.8367919921875,299.0067138671875,0.0003665185067802,0.0072761103510856,0.0073298290371894,-2.974029541015625,-2.594757080078125,0.6142730712890625,-4.291534423828125,0.1393585205078125,0.896697998046875
2024-03-09,18,3,299.5484924316406,290.0638427734375,-3.7852935791015625,1.887451171875,165.25,91756.40625,270.8123779296875,282.0315246582031,294.2357788085937,0.0004108403809368,0.0074400454759597,0.0120141096413135,-4.312835693359375,5.803756713867188,-7.7917633056640625,-2.4580230712890625,-0.7279815673828125,8.176040649414062
2024-03-10,0,0,297.4649963378906,292.152099609375,-0.986114501953125,3.161041259765625,522.0,91767.671875,271.0458374023437,281.92852783203125,292.25262451171875,0.0003853384405374,0.0083964876830577,0.0125670582056045,-1.5420989990234375,-2.2528533935546875,0.5516204833984375,-3.799041748046875,-0.7226715087890625,7.6142730712890625
2024-03-10,6,1,302.8436889648437,291.5394897460937,-0.313446044921875,3.68072509765625,14.375,91949.359375,270.8599548339844,281.8046264648437,293.7366943359375,0.0003608986735343,0.0075843967497348,0.0118059366941452,-2.9834747314453125,-5.074722290039063,-0.46783447265625,-5.7075042724609375,-0.8353729248046875,5.2813720703125
2024-03-10,12,2,305.00885009765625,288.9281616210937,-1.9134368896484373,1.0412750244140625,2.625,91611.140625,269.7904052734375,281.92437744140625,297.460693359375,0.0003201288636773,0.0085662044584751,0.0096052139997482,-4.19061279296875,0.089019775390625,-2.668212890625,-1.954345703125,-0.70458984375,1.3839111328125
2024-03-10,18,3,299.005126953125,290.7230529785156,-4.0074462890625,2.005767822265625,17.75,91938.203125,270.25128173828125,282.12481689453125,294.0322265625,0.0003026987542398,0.0088402070105075,0.0116371214389801,-6.731002807617188,2.865829467773437,-7.79168701171875,-2.855499267578125,-6.5979766845703125,7.334014892578125
2024-03-11,0,0,296.5216064453125,287.9332275390625,-1.39599609375,1.515838623046875,28.75,91912.34375,269.93621826171875,281.37890625,293.451171875,0.0002777334302663,0.0093404874205589,0.0085868202149868,-5.84661865234375,-3.058013916015625,-2.752685546875,-0.5900421142578125,-5.565765380859375,7.177749633789063
2024-03-11,6,1,303.84979248046875,286.5147399902344,-1.79693603515625,2.6351470947265625,0.0,92062.15625,269.83026123046875,282.1175537109375,294.86279296875,0.000297614140436,0.0079028196632862,0.0082044564187526,-6.070480346679688,-5.088882446289063,-2.84075927734375,-2.4934234619140625,-7.0680999755859375,3.447113037109375
2024-03-11,12,2,305.45440673828125,286.23358154296875,-2.6434783935546875,0.6539459228515625,0.0,91657.671875,269.8766784667969,282.48419189453125,298.11871337890625,0.0002971393987536,0.0075206346809864,0.0081235207617282,-5.889678955078125,-1.727783203125,-4.7830963134765625,-2.1653594970703125,-4.528854370117188,0.435333251953125
2024-03-11,18,3,298.78546142578125,290.2807006835937,-3.19537353515625,2.1777801513671875,0.0,91969.125,270.49493408203125,282.7677307128906,294.7698974609375,0.0003067664802074,0.0063689164817333,0.0099713131785392,-6.6873779296875,2.5008697509765625,-6.84759521484375,0.7612457275390625,-6.1332550048828125,5.4704437255859375
2024-03-12,0,0,295.8129577636719,290.22711181640625,-0.6536407470703125,2.363494873046875,39.125,91867.71875,270.0386047363281,280.9178161621094,292.43377685546875,0.0003256106283515,0.0073580853641033,0.0089566782116889,-2.9130401611328125,-2.215606689453125,-1.7948455810546875,1.0967559814453125,-7.199371337890625,7.841949462890625
2024-03-12,6,1,303.989501953125,286.95123291015625,-0.6882171630859375,3.0020294189453125,0.0,92022.96875,269.19610595703125,281.5087890625,294.78778076171875,0.0003669748548418,0.0077790804207324,0.0084603987634181,-1.6567840576171875,-6.024566650390625,-1.327545166015625,-1.785064697265625,-9.446640014648438,3.9769287109375
2024-03-12,12,2,305.9623413085937,286.9349670410156,-1.6136322021484375,-0.1332855224609375,0.0,91616.421875,268.76641845703125,282.42755126953125,298.6156005859375,0.0003307270817458,0.0077957510948181,0.0078160986304283,-2.0539703369140625,-3.3173370361328125,-2.3975982666015625,-2.5079498291015625,-2.958724975585937,-0.900634765625
2024-03-12,18,3,298.7082214355469,288.43194580078125,-2.7147369384765625,2.2910614013671875,2.25,91861.59375,268.8223571777344,282.2472229003906,295.05828857421875,0.0003207474946975,0.0071703866124153,0.0097092948853969,-3.6343841552734375,0.283233642578125,-5.762741088867188,-1.3217315673828125,-6.504058837890625,8.912918090820312
2024-03-13,0,0,296.5897827148437,289.6489562988281,0.2559356689453125,2.0417938232421875,1.125,91725.90625,269.29107666015625,282.0406494140625,294.10809326171875,0.0003176452592015,0.0052604563534259,0.0081874951720237,1.1715545654296875,-2.34918212890625,-3.061370849609375,-1.8134002685546875,-5.4730377197265625,6.0557861328125
2024-03-13,6,1,304.0312805175781,289.41363525390625,0.6382904052734375,2.114364624023437,0.0,91886.46875,269.22528076171875,281.77276611328125,295.1541748046875,0.0002986670006066,0.0058752298355102,0.0098755471408367,-0.7807464599609375,-4.772705078125,0.6098175048828125,-2.16552734375,-6.076629638671875,2.6246795654296875
2024-03-13,12,2,306.0206604003906,287.3901672363281,0.989654541015625,-0.00152587890625,0.0,91520.40625,268.7206420898437,282.8505859375,298.2802124023437,0.0003365757875144,0.0074239447712898,0.0085177272558212,-1.44378662109375,-3.8115386962890634,0.7206573486328125,-3.451171875,-3.3695831298828125,-0.376556396484375
2024-03-13,18,3,300.2945861816406,287.62969970703125,-2.61737060546875,1.468170166015625,2.0,91813.109375,269.4677124023437,282.46014404296875,296.66583251953125,0.0003762913402169,0.0080331228673458,0.0088563375174999,-0.585845947265625,2.380584716796875,-1.6998138427734375,-1.6782989501953125,-5.867919921875,3.805877685546875
2024-03-14,0,0,297.687255859375,289.2980651855469,1.2132720947265625,2.2314605712890625,185.125,91745.546875,267.71209716796875,281.8853454589844,293.3780517578125,0.0003870462533086,0.0089102648198604,0.0106269270181655,1.9899444580078125,-2.5260467529296875,3.9615325927734375,-1.5310516357421875,-5.5301513671875,6.3936614990234375
2024-03-14,6,1,302.61968994140625,291.37432861328125,1.5157623291015625,-0.5646820068359375,88.375,91895.09375,268.9601745605469,283.374267578125,293.80682373046875,0.0004268172197043,0.0075567215681076,0.0132260248064994,-0.2703857421875,-2.3657684326171875,2.175689697265625,-2.1051483154296875,-1.3824920654296875,-1.2566986083984375
2024-03-14,12,2,305.5544128417969,290.8447570800781,0.1046295166015625,0.8001708984375,0.0,91502.40625,269.1116638183594,283.2966003417969,297.55731201171875,0.0004499063361436,0.00763900578022,0.0109893716871738,0.9358978271484376,-0.424468994140625,0.05511474609375,-4.82427978515625,-4.267181396484375,0.1814727783203125
2024-03-14,18,3,300.2308654785156,290.2916259765625,-1.376434326171875,1.344482421875,35.75,91677.015625,269.8763427734375,282.63385009765625,297.5261535644531,0.0003441016888245,0.0082441046833992,0.0099964775145053,0.4336090087890625,-1.74908447265625,-0.9118194580078124,-1.952545166015625,-3.881317138671875,0.8452606201171875
2024-03-15,0,0,298.2279052734375,290.3570861816406,0.8581695556640625,1.76300048828125,108.125,91599.0625,269.2388000488281,281.9602355957031,293.4382629394531,0.000343746622093,0.0092373490333557,0.0127188451588153,2.4375457763671875,-2.0523223876953125,3.259002685546875,-1.2587738037109375,-2.268524169921875,5.716796875
2024-03-15,6,1,303.79998779296875,291.0682373046875,1.1162109375,1.3545379638671875,2.625,91762.875,269.651123046875,283.26043701171875,294.3304138183594,0.0002903856802731,0.0080059207975864,0.0123490281403064,2.14813232421875,-2.6586151123046875,1.4002227783203125,-1.56109619140625,1.416656494140625,1.8617706298828125
2024-03-15,12,2,305.191162109375,289.54510498046875,0.032623291015625,1.1301422119140625,0.0,91432.90625,270.2105712890625,283.17626953125,297.8700561523437,0.0002817411441355,0.0089229308068752,0.0105995088815689,1.735443115234375,-2.33428955078125,-0.484039306640625,-3.1060943603515625,1.25665283203125,1.714080810546875
2024-03-15,18,3,300.9883728027344,289.46807861328125,-2.4139404296875,2.720977783203125,2.125,91696.640625,269.54901123046875,282.6970520019531,296.2216796875,0.0002842871472239,0.0090717040002346,0.0105055384337902,0.2923431396484375,0.9826812744140624,-3.3323974609375,-1.3231201171875,-1.8991851806640625,9.177444458007812
2024-03-16,0,0,298.0050964355469,291.5931396484375,0.1823577880859375,1.8957672119140625,511.75,91639.5625,270.4192810058594,281.67901611328125,293.3209228515625,0.0001865922386059,0.0089725144207477,0.013110838830471,3.418563842773437,-3.01116943359375,2.92340087890625,-1.650787353515625,0.4202117919921875,5.932281494140625
2024-03-16,6,1,303.85498046875,289.8290405273437,0.2984771728515625,1.8904266357421875,0.0,91808.78125,271.2537841796875,282.5792236328125,294.9393615722656,0.000168262180523,0.0075731389224529,0.0110102891921997,1.2996826171875,-5.197311401367188,0.250030517578125,-1.262542724609375,0.191070556640625,2.489608764648437
2024-03-16,12,2,305.8752136230469,287.9700622558594,-1.1439056396484375,1.685699462890625,0.0,91477.15625,270.1973571777344,282.2038269042969,298.190185546875,0.0001512174931121,0.0092131979763507,0.0094771608710289,3.179550170898437,-3.285018920898437,-1.8699798583984373,-3.1600341796875,1.5334014892578125,2.393768310546875
2024-03-16,18,3,299.6722412109375,288.88287353515625,-2.607208251953125,2.2820587158203125,12.25,91713.84375,271.1347045898437,282.2679443359375,295.5697326660156,0.0002773294108919,0.0089085698127746,0.0108905509114265,3.48687744140625,-3.3308868408203125,-5.581207275390625,-3.74005126953125,-1.490753173828125,6.9884033203125
2024-03-17,0,0,296.3837890625,293.0306701660156,-1.830718994140625,1.8412017822265625,345.375,91614.71875,271.1976623535156,281.97607421875,294.822021484375,0.0002561103319749,0.0085494220256805,0.0080296285450458,2.6339111328125,-4.719696044921875,-2.2843780517578125,-2.8883056640625,-3.432952880859375,6.4910430908203125
2024-03-17,6,1,303.4843444824219,289.5899353027344,-1.4447021484375,2.5404815673828125,0.0,91818.40625,270.33544921875,282.34783935546875,294.7235717773437,0.0002502829302102,0.0067194402217864,0.0104678310453891,1.85748291015625,-6.509979248046875,-2.3179473876953125,-3.3839569091796875,-2.4228057861328125,3.630401611328125
2024-03-17,12,2,305.45263671875,286.2335205078125,-2.2294921875,1.7759857177734375,0.0,91517.625,269.83599853515625,281.802001953125,297.8604736328125,0.0003064442425966,0.0080576129257678,0.0081409588456153,1.2380218505859375,-2.312713623046875,-3.3725738525390625,-4.3509674072265625,0.3484344482421875,2.328964233398437
2024-03-17,18,3,298.7515563964844,289.05322265625,-3.09564208984375,2.74212646484375,0.0,91750.59375,270.45245361328125,282.43975830078125,296.0467224121094,0.000241375513724,0.0070846080780029,0.0087624490261077,1.42315673828125,1.39202880859375,-4.3974151611328125,-4.21160888671875,-4.580352783203125,6.54937744140625
2024-03-18,0,0,296.458984375,289.17303466796875,0.829193115234375,-0.764801025390625,49.25,91651.765625,270.00164794921875,282.02099609375,292.4368591308594,0.0002900885883718,0.0061583295464515,0.0112602151930332,0.7602691650390625,-4.4192657470703125,1.8150177001953125,-2.962982177734375,-1.3871307373046875,5.116912841796875
2024-03-18,6,1,303.70147705078125,287.012939453125,0.0241851806640625,1.658782958984375,0.0,91827.796875,269.14080810546875,282.4750366210937,295.1699523925781,0.0002977228723466,0.0057438444346189,0.008593950420618,0.8473663330078125,-6.8128204345703125,-0.1880950927734375,-0.7386322021484375,-1.9793548583984373,2.098236083984375
2024-03-18,12,2,306.1935729980469,285.65191650390625,-1.388031005859375,1.2463836669921875,0.0,91379.328125,269.48492431640625,283.01690673828125,299.10662841796875,0.0003007287159562,0.0068273954093456,0.0069687739014625,1.050445556640625,-2.417205810546875,-2.0936431884765625,-1.1934356689453125,-1.9416046142578125,1.0255279541015625
2024-03-18,18,3,298.9020080566406,286.7383117675781,-2.5904541015625,2.334075927734375,2.0,91698.90625,269.9583740234375,282.7528076171875,295.34161376953125,0.0003427759511396,0.0069877058267593,0.0079196877777576,2.1076202392578125,3.0301666259765625,-4.93914794921875,-1.524688720703125,-5.245285034179688,8.517471313476562
2024-03-19,0,0,296.1219177246094,288.20758056640625,-0.4152374267578125,1.7046051025390625,30.625,91608.671875,269.3827819824219,281.3243408203125,292.8124694824219,0.000330408103764,0.0084808319807052,0.0096075534820556,2.199951171875,-2.342681884765625,1.352447509765625,-1.138763427734375,-3.295501708984375,6.8507080078125
2024-03-19,6,1,303.96990966796875,285.3820495605469,-0.497650146484375,1.8520965576171875,0.0,91771.21875,269.3509521484375,281.8592224121094,295.1090087890625,0.0003351203631609,0.0057392977178096,0.0076923109591007,3.182159423828125,-4.3899993896484375,-0.8876953125,1.0193634033203125,-2.412811279296875,2.454620361328125
2024-03-19,12,2,305.947265625,284.1808166503906,-1.8802032470703125,1.51434326171875,0.0,91405.46875,268.64764404296875,282.15240478515625,298.2509155273437,0.0002837849315255,0.0068398900330066,0.0068924017250537,5.6041412353515625,-2.5792694091796875,-2.69049072265625,1.33917236328125,0.2580413818359375,1.915740966796875
2024-03-19,18,3,298.62677001953125,286.0681457519531,-2.420684814453125,2.364852905273437,0.0,91675.984375,268.138671875,283.596435546875,295.4545288085937,0.0003685299307107,0.0049964152276515,0.0077670700848102,6.2762603759765625,-2.737152099609375,-2.7521514892578125,-0.229705810546875,-3.0139923095703125,7.6050262451171875
2024-03-20,0,0,295.66339111328125,289.5422058105469,-0.855010986328125,1.5897369384765625,0.0,91571.078125,267.275146484375,282.024169921875,293.6087951660156,0.000582129927352,0.0067085437476634,0.0091957785189151,7.013916015625,-1.93719482421875,-0.124786376953125,0.5750732421875,-5.3264923095703125,5.7747955322265625
2024-03-20,6,1,303.8208923339844,288.6178894042969,0.18115234375,2.0193328857421875,4.125,91695.921875,267.43609619140625,282.3192749023437,295.12255859375,0.0008325120434165,0.0061824433505535,0.0102169476449489,8.737045288085938,-4.108673095703125,0.18206787109375,-1.4835662841796875,-2.238616943359375,2.438568115234375
2024-03-20,12,2,305.783447265625,287.0727233886719,-1.402740478515625,0.9310302734375,0.0,91363.515625,267.0738220214844,282.45135498046875,298.58453369140625,0.0001444362424081,0.0080500654876232,0.0082433223724365,6.3106689453125,-2.519882202148437,-2.033721923828125,-3.9556884765625,-1.30279541015625,0.672515869140625
2024-03-20,18,3,298.4920349121094,288.9871826171875,-4.667892456054688,1.327117919921875,79.5,91657.9375,268.1727294921875,282.2750244140625,292.6719970703125,5.919727846048772e-05,0.0076207853853702,0.0114601291716098,-2.6266326904296875,3.362335205078125,-9.148178100585938,-2.626815795898437,-4.2520751953125,7.553634643554687
2024-03-21,0,0,294.91754150390625,291.521728515625,-3.539794921875,0.7490081787109375,21.625,91661.15625,268.12701416015625,280.880615234375,290.3560791015625,4.519184585660696e-05,0.0073672980070114,0.0114627629518508,5.198699951171875,-1.5897216796875,-9.045120239257812,-2.511093139648437,-4.3448638916015625,4.668121337890625
2024-03-21,6,1,302.40850830078125,287.4966125488281,-3.562255859375,1.83819580078125,0.0,91768.3125,267.7909545898437,280.620361328125,293.24688720703125,7.011866546235979e-05,0.0057822167873382,0.0101743414998054,1.0815887451171875,-2.5606689453125,-5.3387603759765625,-1.2867889404296875,-3.06732177734375,2.481796264648437
2024-03-21,12,2,304.87811279296875,286.9944763183594,-2.250152587890625,0.3766937255859375,1.375,91361.046875,267.3537292480469,281.5844116210937,297.24365234375,0.0001334269763901,0.0079408884048461,0.0085896700620651,3.490753173828125,-1.8745574951171875,-3.3095855712890625,-3.82550048828125,-0.6301422119140625,0.5482025146484375
2024-03-21,18,3,298.1954345703125,290.9336242675781,-3.636322021484375,1.8755950927734373,0.0,91647.859375,267.62646484375,282.61895751953125,292.9389953613281,8.00145062385127e-05,0.005249863024801,0.0112203285098075,1.26678466796875,2.92791748046875,-7.0649261474609375,-2.134521484375,-3.8376312255859375,3.588775634765625
2024-03-22,0,0,295.58624267578125,292.5014953613281,-2.3104400634765625,1.1322021484375,294.0,91484.515625,267.4444580078125,283.4508056640625,292.5176696777344,6.400766142178327e-05,0.0030585802160203,0.0107428692281246,4.5630645751953125,-1.2257843017578125,-5.375823974609375,-0.430694580078125,-2.499252319335937,0.9211883544921876
2024-03-22,6,1,303.160888671875,290.3233642578125,-2.4488983154296875,-0.3197021484375,0.0,91599.546875,267.3383178710937,282.63897705078125,294.538818359375,0.000164825192769,0.0035526375286281,0.0105300098657608,4.346282958984375,-1.4597930908203125,-3.292098999023437,0.509124755859375,-3.594207763671875,-1.006591796875
2024-03-22,12,2,305.3910827636719,286.7128295898437,-2.1230621337890625,-1.127410888671875,1.75,91243.828125,268.16845703125,281.71978759765625,297.82037353515625,0.0001748900394886,0.0079441368579864,0.0080879516899585,7.4447784423828125,-2.82958984375,-3.221771240234375,-2.225326538085937,-2.336517333984375,-1.944610595703125
2024-03-22,18,3,299.0042419433594,288.8954467773437,-3.5751190185546875,1.91644287109375,1.0,91542.015625,268.030517578125,281.71563720703125,293.8585205078125,0.0004134739283472,0.0063841491937637,0.0105185285210609,4.331024169921875,3.55010986328125,-7.97662353515625,-1.92657470703125,-2.2269439697265625,4.0423583984375
2024-03-23,0,0,295.4193725585937,292.5690002441406,-1.3592681884765625,1.331573486328125,35.25,91406.640625,267.73876953125,281.5004272460937,294.5450439453125,0.0007286809850484,0.0055344179272651,0.0070640780031681,7.1895294189453125,-0.412353515625,-7.4282684326171875,-3.600570678710937,-7.1277923583984375,0.305755615234375
2024-03-23,6,1,304.0226745605469,287.0050354003906,-3.194305419921875,0.318328857421875,0.0,91645.046875,267.9686889648437,282.7745666503906,295.51483154296875,0.0006544028874486,0.0031627109274268,0.0083168260753154,4.203536987304688,-5.3050689697265625,-4.7913970947265625,-3.0462188720703125,-6.994064331054688,-0.10467529296875
2024-03-23,12,2,306.46630859375,284.91650390625,-2.897689819335937,0.431549072265625,0.0,91232.90625,268.6517028808594,283.3050231933594,299.42498779296875,0.0005715447477996,0.0060195848345756,0.0060869678854942,2.4372100830078125,-4.818939208984375,-4.8140869140625,-2.4258575439453125,-2.0007476806640625,-0.0753021240234375
2024-03-23,18,3,299.58819580078125,288.108642578125,-2.983428955078125,1.93817138671875,0.0,91647.015625,268.5868530273437,282.654052734375,295.4374389648437,0.0004730708897113,0.0060419682413339,0.007998738437891,0.6981353759765625,-0.677886962890625,-7.781951904296875,0.249786376953125,-3.739212036132813,5.7340240478515625
2024-03-24,0,0,295.0784912109375,288.7939147949219,-1.1141357421875,1.7023162841796875,0.0,91568.96875,269.09869384765625,282.1124267578125,294.3421630859375,0.0003470573574304,0.0055587887763977,0.0053250379860401,1.3816680908203125,-2.31146240234375,-5.1539154052734375,3.001312255859375,-6.287933349609375,5.6352386474609375
2024-03-24,6,1,304.48944091796875,284.2794494628906,-2.4425506591796875,2.4954071044921875,0.0,91808.046875,269.63037109375,282.9927978515625,295.6640625,0.0003699399530887,0.0032712204847484,0.0070333592593669,1.4682769775390625,-7.699325561523437,-3.996917724609375,3.9879302978515625,-5.03594970703125,3.3794403076171875
2024-03-24,12,2,306.2692565917969,282.1943359375,-3.235336303710937,1.284210205078125,0.0,91461.15625,269.248779296875,282.93914794921875,298.9566955566406,0.0004893830046057,0.00568588078022,0.0057524070143699,6.840728759765625,-4.292648315429688,-5.287628173828125,-1.2580413818359375,-0.83746337890625,1.6407928466796875
2024-03-24,18,3,298.4920959472656,286.752197265625,-3.165771484375,1.79107666015625,0.0,91784.328125,268.74932861328125,283.08953857421875,295.7814636230469,0.0005961374845355,0.0054983161389827,0.0070563629269599,3.6417083740234375,-0.7042388916015625,-9.679168701171877,-1.6397705078125,-5.5503997802734375,4.2971038818359375
2024-03-25,0,0,294.6436767578125,289.1976013183594,-1.3519439697265625,1.5616912841796875,0.0,91598.65625,270.3421630859375,283.23126220703125,295.7740478515625,0.0004860889166593,0.0050695352256298,0.0043669268488883,4.56427001953125,-3.1914520263671875,-8.3018798828125,-2.810333251953125,-5.574966430664063,5.612960815429688
2024-03-25,6,1,304.6377868652344,284.2166748046875,-2.737396240234375,1.654022216796875,0.0,91802.921875,270.0263671875,282.86688232421875,296.07879638671875,0.0003106943331658,0.0058304667472839,0.0059715174138545,3.3124237060546875,-7.708831787109375,-4.3380889892578125,-4.4962158203125,-7.53546142578125,2.18914794921875
2024-03-25,12,2,306.3451538085937,283.3529663085937,-3.469940185546875,-0.376007080078125,0.0,91451.15625,269.26031494140625,283.4300842285156,299.5665283203125,0.0005711943376809,0.0062635689973831,0.0063402950763702,2.001312255859375,-5.8006744384765625,-5.89398193359375,-6.410430908203125,-4.534149169921875,-1.793304443359375
2024-03-25,18,3,298.80743408203125,288.52520751953125,-2.668914794921875,1.32745361328125,5.625,91804.078125,268.66925048828125,282.6329040527344,294.89129638671875,0.0007298171985894,0.0068335924297571,0.0097632221877574,3.1516876220703125,-2.7326202392578125,-7.38458251953125,-6.763763427734375,-6.497528076171875,0.819122314453125
2024-03-26,0,0,295.70343017578125,291.058837890625,-1.34283447265625,1.42852783203125,0.0,91645.109375,268.1140441894531,282.338134765625,295.62371826171875,0.0004200006369501,0.0053976438939571,0.0045004002749919,2.028549194335937,-4.1638946533203125,-8.369277954101562,-7.503570556640625,-10.03662109375,1.747711181640625
2024-03-26,6,1,305.1557312011719,283.57244873046875,-3.0526123046875,0.7706298828125,0.0,91805.828125,268.42901611328125,282.60162353515625,296.6502685546875,0.000359472585842,0.0058742947876453,0.0062815025448799,-2.81597900390625,-9.64892578125,-5.019866943359375,-7.556427001953125,-10.379669189453123,0.6645355224609375
2024-03-26,12,2,306.8837280273437,282.86883544921875,-3.99578857421875,-0.6046142578125,0.0,91478.890625,268.65216064453125,283.51397705078125,299.590576171875,0.000385915627703,0.005898006260395,0.0059836246073246,-4.9479522705078125,-4.985519409179688,-6.793914794921875,-3.27886962890625,-4.100112915039063,-1.8840789794921875
2024-03-26,18,3,298.33209228515625,285.99200439453125,-2.904510498046875,1.32745361328125,0.0,91875.203125,268.0175476074219,283.1863098144531,297.4267578125,0.0004611350595951,0.0049615148454904,0.0065798200666904,-6.83746337890625,-5.2159271240234375,-7.5810699462890625,-0.2108154296875,-6.5863037109375,-2.7535400390625
2024-03-27,0,0,294.9061279296875,289.261962890625,-1.5615997314453125,0.9564971923828124,0.0,91816.46875,268.9060974121094,282.34490966796875,295.7231750488281,0.0003197097685188,0.0042093349620699,0.004853862337768,-5.045806884765625,-6.6979522705078125,-4.210906982421875,2.562408447265625,-6.214645385742188,-1.0590972900390625
2024-03-27,6,1,304.5956420898437,282.57476806640625,-2.9066314697265625,0.9501800537109376,0.0,91978.375,269.1093139648437,282.9971923828125,295.8118591308594,0.0002767359837889,0.0035790654364973,0.0058943703770637,-3.581527709960937,-10.294219970703123,-4.544769287109375,0.23992919921875,-3.591949462890625,0.6244659423828125
2024-03-27,12,2,306.4169921875,281.2566833496094,-3.2367706298828125,1.4326171875,0.0,91610.6875,268.97955322265625,283.0993347167969,298.82684326171875,0.0002976404502987,0.0047943405807018,0.0051178447902202,-3.24432373046875,-5.756103515625,-5.67388916015625,-3.214874267578125,-3.485076904296875,1.6688079833984375
2024-03-27,18,3,298.4394226074219,289.12579345703125,-2.3704833984375,2.0784149169921875,0.0,91888.34375,269.7396850585937,283.86505126953125,295.5165405273437,0.0002867453731596,0.0028995538596063,0.0085205771028995,-5.9861602783203125,-8.2222900390625,-2.3560943603515625,-2.226776123046875,-7.123062133789063,5.5368194580078125
2024-03-28,0,0,295.64166259765625,292.649658203125,-1.81072998046875,0.0405731201171875,89.125,91745.640625,269.39178466796875,283.212890625,295.7406921386719,0.0001949579891515,0.0037015604320913,0.0062430910766124,-5.5703125,-9.789077758789062,-4.066802978515625,-0.0131988525390625,-7.17083740234375,-0.7726593017578125
2024-03-28,6,1,304.72332763671875,288.4042358398437,-1.8211517333984373,1.9077606201171875,0.0,91817.84375,268.5652770996094,283.62530517578125,296.1108093261719,0.0002462114789523,0.0033801365643739,0.0091980174183845,-8.416091918945312,-10.345932006835938,-3.084136962890625,-1.575653076171875,-4.732421875,2.1758270263671875
2024-03-28,12,2,307.26318359375,284.4085998535156,-2.373397827148437,1.230438232421875,0.0,91437.046875,268.9117431640625,283.5902709960937,299.63983154296875,0.0007126342970877,0.0064838826656341,0.0066872090101242,-10.035293579101562,-3.701736450195313,-3.750320434570313,0.4003143310546875,-2.0206451416015625,1.2382354736328125
2024-03-28,18,3,299.4083557128906,287.2294921875,-2.3406524658203125,1.81298828125,0.0,91728.828125,269.0521850585937,283.79937744140625,296.6968994140625,0.0005680804606527,0.0047683678567409,0.0087421908974647,-7.9915771484375,-4.184173583984375,-5.3370208740234375,1.2315826416015625,-8.359466552734375,5.791305541992188
2024-03-29,0,0,296.5946655273437,290.0270080566406,-0.535186767578125,1.7769622802734375,71.125,91571.28125,268.7589416503906,282.3792724609375,295.2479553222656,0.0006434540264308,0.004591092467308,0.0081614032387733,-6.8289642333984375,-7.781341552734375,-3.061553955078125,0.846466064453125,-4.773361206054688,4.4965667724609375
2024-03-29,6,1,305.564453125,288.9662170410156,-2.7369537353515625,1.8787078857421875,0.0,91746.671875,268.2844543457031,283.0558776855469,296.9336853027344,0.0006559493485838,0.0042779259383678,0.0085726082324981,-6.050827026367188,-12.68292236328125,-4.6013031005859375,3.061492919921875,-4.117095947265625,2.1689453125
2024-03-29,12,2,307.3578491210937,285.0003662109375,-3.847320556640625,1.7286834716796875,0.0,91375.390625,268.83416748046875,283.75555419921875,299.90924072265625,0.0004846081137657,0.0069557763636112,0.007067784667015,-4.36041259765625,-6.254974365234375,-6.683380126953125,0.5382537841796875,-0.2929840087890625,2.307479858398437
2024-03-29,18,3,299.93719482421875,286.0008544921875,-2.1123809814453125,2.027069091796875,0.0,91764.0625,269.4466247558594,284.023681640625,296.5689697265625,0.0003232539165765,0.0046961419284343,0.0084952227771282,-4.136505126953125,-7.030776977539063,-5.2962799072265625,2.0716094970703125,-8.305450439453125,5.731201171875
2024-03-30,0,0,297.1837463378906,289.3677673339844,1.283843994140625,0.5208740234375,0.0,91714.859375,269.7433166503906,282.59307861328125,294.4816589355469,0.0002056788653135,0.0052154548466205,0.008092138916254,-2.623886108398437,-8.376708984375,-2.0417938232421875,6.216110229492188,-4.430511474609375,4.7523345947265625
2024-03-30,6,1,304.98468017578125,287.4673767089844,-1.46429443359375,0.964752197265625,0.0,91841.59375,269.25152587890625,283.5885314941406,296.1695556640625,0.0003967541269958,0.0025338346604257,0.0087725184857845,-3.3879547119140625,-14.134994506835938,-2.5279083251953125,7.9666748046875,-1.6896209716796875,1.0962982177734375
2024-03-30,12,2,307.63433837890625,281.72613525390625,-3.3839874267578125,1.518341064453125,0.0,91466.890625,268.93438720703125,283.927978515625,299.9643249511719,0.0008931187912821,0.0055062025785446,0.00576888397336,-0.2335357666015625,-6.3577880859375,-6.0863800048828125,5.1269378662109375,-0.946319580078125,2.1017608642578125
2024-03-30,18,3,298.6996459960937,284.32867431640625,-2.013046264648437,1.728973388671875,0.0,91832.125,269.0882568359375,284.82080078125,296.5484619140625,0.0007392913103103,0.0023349013645201,0.0075518041849136,-2.343475341796875,-8.858428955078125,-2.3410186767578125,2.5391845703125,-4.133514404296875,6.110382080078125
2024-03-31,0,0,295.6597900390625,287.07110595703125,-1.205718994140625,1.598968505859375,0.0,91816.078125,268.79248046875,284.1091613769531,292.9135437011719,0.0005760930944234,0.002037817146629,0.0097885094583034,-1.350006103515625,-11.523788452148438,0.22332763671875,3.0635986328125,-2.517547607421875,6.005783081054688
2024-03-31,6,1,304.1824951171875,287.8245849609375,0.1309814453125,1.721038818359375,0.0,91940.703125,267.70245361328125,284.7759094238281,294.7259826660156,0.0005494758952409,0.0020675542764365,0.0093670412898063,-1.213043212890625,-15.086746215820312,-0.0628204345703125,1.2799072265625,-0.3859100341796875,2.127670288085937
2024-03-31,12,2,306.7789611816406,282.7778625488281,-2.020492553710937,1.2208099365234375,0.0,91517.890625,268.1259155273437,283.16375732421875,299.1123046875,0.0004109665751457,0.0059604682028293,0.0061584822833538,-2.5030975341796875,-4.06207275390625,-3.1011199951171875,0.5626220703125,-1.287689208984375,1.350860595703125
2024-03-31,18,3,298.7135009765625,285.4603271484375,-2.686981201171875,1.6764984130859375,0.0,91704.0,268.6928100585937,284.59423828125,296.9558410644531,0.0004460089839994,0.0024943586904555,0.0069865100085735,-2.713241577148437,-5.6198577880859375,-2.9847412109375,2.098907470703125,-4.668975830078125,5.0546875
2024-04-01,0,0,296.0037841796875,292.2480773925781,-0.989898681640625,1.770538330078125,63.0,91610.78125,267.9766845703125,284.1705322265625,293.4680480957031,0.0004348787479102,0.0018838609103113,0.0113922320306301,-1.3365936279296875,-4.918060302734375,0.5005645751953125,2.507965087890625,-5.1726837158203125,5.63714599609375
2024-04-01,6,1,304.4681091308594,289.9775695800781,0.010101318359375,0.54803466796875,0.0,91727.984375,268.17999267578125,285.6629638671875,295.54510498046875,0.0004396089352667,0.0006282234098762,0.0107330679893493,-3.817184448242188,-6.311935424804688,-0.24871826171875,1.811553955078125,0.94781494140625,0.347686767578125
2024-04-01,12,2,307.65673828125,285.220703125,-0.916656494140625,0.3951416015625,0.0,91274.40625,269.67791748046875,283.6961975097656,299.6700439453125,0.0004348587244749,0.0065204948186874,0.007421039044857,-1.9950714111328125,-3.121246337890625,-1.5695343017578125,1.0832061767578125,-0.8657989501953125,0.246246337890625
2024-04-01,18,3,300.52734375,287.11865234375,-2.698715209960937,1.829864501953125,0.0,91537.3125,269.2677001953125,283.3346252441406,296.8314208984375,0.0004542011301964,0.0063534788787364,0.0108764320611953,-3.5111236572265625,0.2982025146484375,-2.352401733398437,-0.4184112548828125,-3.040771484375,7.93994140625
2024-04-02,0,0,298.11676025390625,292.150634765625,-0.1395111083984375,1.975616455078125,459.125,91450.921875,268.4339599609375,283.8205261230469,293.0451354980469,0.0005109377671033,0.0024863597936928,0.0139232389628887,-1.6394805908203125,-6.762222290039063,2.2548980712890625,2.274261474609375,-7.0012054443359375,5.4742431640625
2024-04-02,6,1,305.7211303710937,290.1479187011719,-0.91827392578125,0.6212158203125,0.0,91553.96875,267.9677734375,284.259765625,297.3173828125,0.000636123586446,0.0029138927347958,0.0099798962473869,-0.2528076171875,-9.326904296875,-1.77239990234375,2.5247344970703125,-1.7636260986328125,0.3553466796875
2024-04-02,12,2,308.30157470703125,284.128662109375,-2.643890380859375,0.78729248046875,0.0,91147.328125,269.00457763671875,285.33892822265625,301.6389465332031,0.000482004834339,0.0063855126500129,0.0064309574663639,0.5623626708984375,-4.613449096679688,-4.383804321289063,0.0893096923828125,-0.6545257568359375,0.820404052734375
2024-04-02,18,3,301.0240783691406,286.15386962890625,-2.7884674072265625,1.7096405029296875,0.0,91480.0,269.08837890625,285.03143310546875,298.85723876953125,0.0004305918700993,0.0057021528482437,0.0070933811366558,-1.1387176513671875,-1.1449432373046875,-7.53497314453125,-0.6458740234375,-4.4951171875,5.4335479736328125
2024-04-03,0,0,297.5220947265625,289.88153076171875,-0.08087158203125,2.12469482421875,18.25,91491.015625,269.58984375,284.04229736328125,293.8203125,0.0004003609064966,0.0038304924964904,0.0111984387040138,-0.914520263671875,-9.68939208984375,-0.3262786865234375,-0.8510894775390625,-4.490646362304688,6.9986724853515625
2024-04-03,6,1,304.8561096191406,290.7260437011719,-0.5122528076171875,2.5742950439453125,0.0,91634.75,269.98931884765625,284.2938842773437,296.434814453125,0.0003797523677349,0.0035363452043384,0.0106792673468589,-6.154449462890625,-8.534286499023438,-1.29937744140625,-0.174957275390625,-6.4495697021484375,3.3964996337890625
2024-04-03,12,2,307.9991760253906,285.63360595703125,-2.606903076171875,1.0735931396484375,0.0,91244.796875,270.2393493652344,284.5958251953125,300.7553100585937,0.0002901601837947,0.0073110535740852,0.0073902271687984,-7.740127563476562,-4.393798828125,-4.2318115234375,-0.3831787109375,-1.8908233642578125,0.8845062255859375
2024-04-03,18,3,300.5439758300781,285.01385498046875,-2.881561279296875,1.1457672119140625,0.0,91536.546875,270.0120849609375,284.7158203125,298.0160217285156,0.0002969054039567,0.0057396627962589,0.0079839080572128,-9.567901611328123,-1.5921630859375,-6.6910247802734375,0.8350067138671875,-7.2058258056640625,5.1276702880859375
2024-04-04,0,0,297.38458251953125,290.65069580078125,-1.3171539306640625,1.7018280029296875,27.5,91492.125,270.900146484375,283.92877197265625,294.6828308105469,0.0002853150945156,0.0043168133124709,0.0100724957883358,-7.987686157226562,-5.1170196533203125,-1.1522674560546875,3.4708251953125,-9.064178466796877,5.7128448486328125
2024-04-04,6,1,305.90142822265625,288.3190612792969,-1.5386199951171875,1.8111419677734373,0.0,91652.640625,270.2711181640625,284.7017517089844,297.0890197753906,0.0003152845893055,0.0013192750047892,0.0090648420155048,-6.6983489990234375,-8.546524047851562,-2.702621459960937,3.697952270507813,-5.1485137939453125,2.0922393798828125
2024-04-04,12,2,308.2713928222656,282.85546875,-2.0980224609375,1.436279296875,0.0,91297.640625,270.44561767578125,284.77911376953125,300.89813232421875,0.0002981382422149,0.0056785903871059,0.0057895183563232,-5.089889526367188,-3.068695068359375,-3.3559722900390625,1.5287017822265625,-0.399200439453125,1.7946319580078125
2024-04-04,18,3,300.4974975585937,285.587158203125,-2.868255615234375,1.8323211669921875,0.0,91594.90625,269.6341247558594,285.0703125,298.41229248046875,0.0003037347923964,0.0043995454907417,0.007448062300682,-7.354324340820312,-1.28607177734375,-5.3712005615234375,-0.4042816162109375,-8.032913208007812,6.7790374755859375
2024-04-05,0,0,297.7627258300781,287.63720703125,1.4826812744140625,1.3052215576171875,0.0,91523.1875,270.61962890625,284.0075378417969,294.7802734375,0.0001973283215193,0.0033063220325857,0.0102808587253093,-5.62939453125,-8.344268798828125,0.0805206298828125,3.3255157470703125,-8.114913940429688,5.25286865234375
2024-04-05,6,1,306.3817749023437,287.43524169921875,-1.9113616943359373,1.393280029296875,0.0,91619.453125,269.87274169921875,284.09820556640625,298.1868896484375,0.0001985822746064,0.0042127668857574,0.0071650333702564,-3.3736724853515625,-11.651046752929688,-3.2412261962890625,5.8725433349609375,-7.612091064453125,1.44293212890625
2024-04-05,12,2,308.55291748046875,281.9466857910156,-2.7516632080078125,0.92578125,0.0,91243.53125,270.7959289550781,285.144287109375,301.3160095214844,0.0002904986031353,0.0049176216125488,0.0049827210605144,-2.046417236328125,-5.47552490234375,-5.107711791992188,4.479217529296875,-1.1248626708984375,1.0526885986328125
2024-04-05,18,3,300.4549560546875,283.7314453125,-2.0171051025390625,1.53466796875,0.0,91496.890625,270.8369140625,285.0417175292969,299.650634765625,0.0002812827005982,0.0039145555347204,0.0057475082576274,-2.815826416015625,-7.954193115234375,-4.77935791015625,4.930023193359375,-3.72021484375,2.7245635986328125
2024-04-06,0,0,296.4380187988281,288.03289794921875,-1.3022613525390625,1.294219970703125,0.0,91375.09375,270.37469482421875,284.1141357421875,298.4258117675781,0.0003323785495012,0.0051295086741447,0.0052319192327558,-0.327484130859375,-9.590576171875,-3.839996337890625,4.4601593017578125,-2.020965576171875,1.1641387939453125
2024-04-06,6,1,307.07763671875,286.1043701171875,-1.1009368896484375,1.17144775390625,0.0,91541.65625,270.0800170898437,283.95928955078125,298.5296936035156,0.0005580654833465,0.0056156441569328,0.0079408213496208,-3.077499389648437,-11.829879760742188,-2.16705322265625,5.677047729492188,-0.5781402587890625,1.361297607421875
2024-04-06,12,2,308.6044921875,283.0341186523437,-2.993804931640625,2.501449584960937,0.0,91153.734375,269.33746337890625,285.16802978515625,301.3848876953125,0.0007599829696118,0.0062158666551113,0.0063277892768383,-0.198760986328125,-4.80181884765625,-5.0563507080078125,2.1405029296875,2.573089599609375,3.880218505859375
2024-04-06,18,3,301.2901916503906,284.1683044433594,-2.529876708984375,2.4298248291015625,0.0,91428.8125,269.4647216796875,284.9636535644531,299.2601318359375,0.0005006198771297,0.0056019574403762,0.0061467140913009,-1.4507598876953125,-2.8084716796875,-6.95623779296875,5.6939697265625,-3.661712646484375,7.426116943359375
2024-04-07,0,0,297.51190185546875,288.58026123046875,1.2177581787109375,1.4986419677734375,0.0,91380.3125,270.06353759765625,284.16510009765625,294.67645263671875,0.0002960949204862,0.0046639628708362,0.0100532881915569,-1.7754364013671875,-8.049285888671875,1.099822998046875,8.039794921875,-1.4889678955078125,7.555557250976562
2024-04-07,6,1,306.24298095703125,288.6561279296875,-0.2806243896484375,2.3573760986328125,0.0,91517.296875,270.0872802734375,284.38165283203125,297.3888854980469,0.0003933210391551,0.0033029203768819,0.0094440914690494,-2.95465087890625,-8.02783203125,-1.14697265625,9.324264526367188,-3.630584716796875,3.189605712890625
2024-04-07,12,2,308.6137084960937,282.929443359375,-1.3968048095703125,1.7465362548828125,0.0,91127.578125,270.4111633300781,285.19537353515625,301.4340209960937,0.0003656346816569,0.0054662115871906,0.005454808473587,-1.6488494873046875,-2.7841796875,-2.4219970703125,8.70404052734375,0.5518798828125,2.1879425048828125
2024-04-07,18,3,300.4971618652344,282.6632995605469,-2.236358642578125,2.1415252685546875,0.0,91417.0,270.7738647460937,285.20654296875,298.8059997558594,0.0003080458845943,0.0052794069051742,0.0064252503216266,-2.0573272705078125,-0.109344482421875,-4.8507080078125,10.843368530273438,-7.678573608398437,9.089828491210938
2024-04-08,0,0,297.184326171875,286.55694580078125,0.4039154052734375,2.0511474609375,0.0,91409.0,269.72509765625,284.34576416015625,295.29022216796875,0.0004451400600373,0.0047332234680652,0.0090209282934665,0.9912567138671876,-6.854049682617188,2.123931884765625,9.29498291015625,-5.143402099609375,4.384689331054688
2024-04-08,6,1,306.3373413085937,287.57177734375,-0.4605865478515625,1.127197265625,0.0,91576.0625,270.0592346191406,284.7880859375,297.6879272460937,0.0004910165444016,0.0032799940090626,0.0081431679427623,1.3878936767578125,-9.57843017578125,-0.9482269287109376,7.484283447265625,-3.5164947509765625,1.309539794921875
2024-04-08,12,2,308.3556213378906,283.80419921875,-2.69805908203125,1.248687744140625,0.0,91274.234375,270.7713623046875,284.7008361816406,300.92889404296875,0.000414574984461,0.0055669732391834,0.0055982302874326,5.16790771484375,-3.828323364257813,-4.1081390380859375,4.4747314453125,-0.0254364013671875,1.3718109130859375
2024-04-08,18,3,300.35369873046875,287.66748046875,-4.008758544921875,2.7441864013671875,0.0,91529.78125,271.0045166015625,284.5740966796875,296.7073974609375,0.0003745188005268,0.0051870085299015,0.0082033909857273,3.797042846679688,0.2130279541015625,-9.00640869140625,-0.0377960205078125,-4.095367431640625,8.282730102539062
2024-04-09,0,0,296.6985778808594,290.69512939453125,-1.4406585693359375,1.8239593505859373,0.0,91518.453125,269.3258361816406,284.2770690917969,294.7553100585937,0.0003894944675266,0.0052951499819755,0.0054444856941699,2.5233612060546875,-3.1568603515625,-4.8054962158203125,1.266021728515625,-5.2914581298828125,8.360946655273438
2024-04-09,6,1,305.041748046875,286.25457763671875,-1.928375244140625,2.610992431640625,0.0,91646.984375,269.47882080078125,284.8148193359375,296.2425537109375,0.0004642403218895,0.0046180784702301,0.0081930086016654,2.137191772460937,-7.0809478759765625,-2.7656707763671875,-0.3824310302734375,-4.75079345703125,3.679718017578125
2024-04-09,12,2,306.8351135253906,285.8981018066406,-3.4034423828125,1.2311553955078125,0.0,91268.59375,270.0640869140625,283.3928527832031,299.3758544921875,0.0006441315636038,0.0078176967799663,0.0080081261694431,2.7474822998046875,-4.234634399414063,-5.122817993164063,-3.2090301513671875,-1.5565185546875,1.4232177734375
2024-04-09,18,3,299.93170166015625,289.54010009765625,-3.889694213867188,1.982513427734375,0.0,91626.3125,269.757568359375,285.1865234375,295.4753723144531,0.0007258055265992,0.0025576311163604,0.0108123160898685,1.1580963134765625,-5.390289306640625,-7.08544921875,-2.862701416015625,-1.0454864501953125,4.839996337890625
2024-04-10,0,0,296.0885314941406,292.451416015625,-2.2689666748046875,1.28594970703125,0.0,91552.078125,269.5552978515625,284.6805419921875,295.40655517578125,0.0007903345394879,0.0012998862657696,0.0059874318540096,0.8312225341796875,-4.850143432617188,-5.3330078125,-2.6884918212890625,-2.991912841796875,3.315826416015625
2024-04-10,6,1,305.3841552734375,286.772705078125,-3.093124389648437,1.62359619140625,0.0,91657.25,269.1871337890625,285.2005920410156,296.578125,0.000846670474857,0.0019469237886369,0.0078157968819141,-0.6728515625,-8.703369140625,-4.6455078125,-1.502899169921875,-2.49462890625,1.9716339111328125
2024-04-10,12,2,307.2157287597656,283.9305419921875,-3.2139434814453125,1.306182861328125,0.0,91254.796875,269.488037109375,283.90020751953125,299.96539306640625,0.0010717855766415,0.0063664652407169,0.0064887069165706,0.6171875,-4.521011352539063,-5.076828002929688,-6.190582275390625,-0.537200927734375,1.6282958984375
2024-04-10,18,3,299.84381103515625,291.31134033203125,-3.672897338867188,2.556640625,22.375,91595.8125,268.82391357421875,284.92694091796875,295.81842041015625,0.001347835175693,0.0042959442362189,0.0109366066753864,-0.26348876953125,-3.37445068359375,-6.4873809814453125,-7.178985595703125,-1.862518310546875,7.488357543945312
2024-04-11,0,0,295.8578796386719,292.7030029296875,-1.2735748291015625,1.2086029052734375,24.625,91547.953125,268.5819091796875,284.4390869140625,295.52783203125,0.0023937462829053,0.0027203967329114,0.0064551085233688,1.7317047119140625,-4.521896362304688,-2.6107635498046875,-7.365142822265625,-1.5434417724609375,6.28460693359375
2024-04-11,6,1,305.45574951171875,286.4867858886719,-1.9696044921875,2.74969482421875,0.0,91665.75,268.3027038574219,284.59112548828125,296.905029296875,0.0023083568084985,0.0022209968883544,0.0080394446849823,-1.56829833984375,-6.7232818603515625,-2.998641967773437,-2.6723785400390625,-0.6072540283203125,3.7290191650390634
2024-04-11,12,2,307.79498291015625,284.0505676269531,-2.1888427734375,1.19464111328125,0.0,91280.390625,269.27117919921875,284.0798645019531,300.1647033691406,0.0018082507885992,0.0068622678518295,0.0069803185760974,-1.009613037109375,-3.4640350341796875,-3.3378448486328125,-0.19049072265625,-0.6249542236328125,1.232696533203125
2024-04-11,18,3,299.7265014648437,292.734130859375,-4.598190307617188,3.0121612548828125,207.5,91594.484375,269.4986572265625,284.40313720703125,294.9451904296875,0.0015335727948695,0.0060743317008018,0.0126523524522781,1.184173583984375,-0.2420501708984375,-8.74365234375,-0.2809600830078125,-5.142608642578125,9.166702270507812
2024-04-12,0,0,297.7215270996094,294.3044128417969,-1.29705810546875,1.341705322265625,453.5,91504.28125,268.5880432128906,283.11871337890625,292.3841552734375,0.0015452376101166,0.00658905133605,0.0131768286228179,2.5285797119140625,-3.348968505859375,-4.3031005859375,-0.867919921875,-3.6587066650390634,6.231414794921875
2024-04-12,6,1,304.1015930175781,291.99481201171875,-3.0966796875,1.8153228759765625,33.75,91687.046875,268.0819702148437,284.3896484375,294.5662841796875,0.001592384185642,0.0052981227636337,0.0130529478192329,1.98724365234375,-4.774673461914063,-4.73052978515625,-1.12664794921875,-0.300079345703125,2.4942779541015625
2024-04-12,12,2,306.8670959472656,287.9380798339844,-3.4158172607421875,1.032958984375,0.0,91285.171875,268.5121154785156,283.23876953125,299.0982360839844,0.0021027857437729,0.009233471006155,0.0095796845853328,1.246978759765625,-2.1302032470703125,-4.9520111083984375,0.5369110107421875,-1.1265716552734375,1.3458251953125
2024-04-12,18,3,299.376220703125,293.6063842773437,-3.7631683349609375,3.137680053710937,506.625,91593.53125,268.692138671875,284.005615234375,293.46856689453125,0.0019522081129252,0.0075961053371429,0.0141366999596357,3.553131103515625,-2.680328369140625,-9.1407470703125,0.000640869140625,-2.881622314453125,6.9114990234375
2024-04-13,0,0,297.5041809082031,294.3944702148437,-0.6768341064453125,1.44757080078125,549.375,91604.609375,269.1551513671875,283.28912353515625,291.418212890625,0.0025957422330975,0.0065225283615291,0.0131379626691341,4.4202423095703125,-3.782516479492188,-2.925445556640625,-2.46441650390625,-4.81298828125,6.829513549804688
2024-04-13,6,1,304.7878112792969,289.8621520996094,-2.3095245361328125,2.132537841796875,0.0,91696.609375,269.3135070800781,283.4266967773437,295.7912902832031,0.001977294916287,0.0044094994664192,0.0109049715101718,0.8562164306640625,-5.6004791259765625,-3.360824584960937,-3.5168609619140625,-1.007904052734375,2.948455810546875
2024-04-13,12,2,305.92364501953125,287.520263671875,-3.6248779296875,2.286041259765625,0.0,91304.671875,270.18670654296875,282.58740234375,298.65203857421875,0.0015641411300748,0.008529283106327,0.008593238890171,0.8436126708984375,-3.2193756103515625,-5.577789306640625,-2.799224853515625,-1.3148956298828125,2.565277099609375
2024-04-13,18,3,299.8858642578125,291.7254333496094,-3.0819854736328125,2.701995849609375,27.625,91646.375,270.41339111328125,283.8930969238281,294.40606689453125,0.0015707805287092,0.0065982080996036,0.0121789090335369,-1.646728515625,-1.7191925048828125,-7.90496826171875,-4.39691162109375,-3.64581298828125,7.4072418212890625
2024-04-14,0,0,296.722412109375,291.60992431640625,-1.45953369140625,-0.1123046875,0.0,91592.703125,269.2445678710937,284.2008361816406,293.08477783203125,0.0021354604978114,0.0045981025323271,0.0086881890892982,-3.44854736328125,-7.721817016601562,-2.0778961181640625,-2.38104248046875,-3.20367431640625,3.99249267578125
2024-04-14,6,1,304.8438415527344,286.8451232910156,-2.82928466796875,0.931854248046875,0.0,91755.90625,269.1856384277344,283.6397705078125,296.1679382324219,0.0019135081674903,0.0034675064962357,0.0082572288811206,-5.7425537109375,-9.053756713867188,-4.17083740234375,-0.7593536376953125,-3.579986572265625,1.04388427734375
2024-04-14,12,2,307.041259765625,285.7378845214844,-3.953399658203125,0.7602386474609375,0.0,91343.359375,271.6275939941406,283.1840209960937,299.3376770019531,0.0011253494303673,0.007808931171894,0.0078966580331325,-3.750457763671875,-4.82470703125,-6.0401458740234375,-0.95965576171875,-1.2477874755859375,0.665618896484375
2024-04-14,18,3,299.6842041015625,289.0351867675781,-3.803543090820313,2.1435546875,0.0,91678.6875,270.786376953125,284.85797119140625,295.2284851074219,0.0010983403772115,0.0041416771709918,0.010399654507637,-2.7337188720703125,-7.1630401611328125,-9.232528686523438,-3.4240264892578125,-3.127685546875,4.0400390625
2024-04-15,0,0,296.43438720703125,290.0102233886719,-2.009521484375,1.0153961181640625,0.0,91631.640625,270.50323486328125,284.9483947753906,296.2022705078125,0.0008100827690213,0.0030881848651915,0.0051190964877605,-2.473052978515625,-8.857833862304688,-7.03363037109375,-0.13323974609375,-4.795623779296875,1.024810791015625
2024-04-15,6,1,306.092529296875,284.3214111328125,-3.8967437744140634,0.6150665283203125,0.0,91758.8125,269.95465087890625,285.9244384765625,297.5728759765625,0.0008046666625887,0.002776077017188,0.0067124553024768,-2.4543609619140625,-12.25579833984375,-5.975128173828125,-2.6479949951171875,-3.66949462890625,0.4891204833984375
2024-04-15,12,2,307.86737060546875,284.22198486328125,-4.4202880859375,1.2997894287109375,0.0,91373.5,269.942138671875,283.8054504394531,299.71356201171875,0.0007509090937674,0.0070436112582683,0.007829762995243,-3.29730224609375,-7.316070556640625,-7.111053466796875,-4.462921142578125,-1.9362335205078125,1.70001220703125
2024-04-15,18,3,299.9853820800781,291.7037353515625,-2.561386108398437,2.4946746826171875,65.25,91747.03125,269.07879638671875,284.7294921875,295.51910400390625,0.0008877585642039,0.0050364658236503,0.0117623321712017,-5.9644775390625,-10.648101806640623,-4.723419189453125,-6.0696563720703125,-3.8717193603515625,3.608245849609375
2024-04-16,0,0,294.35064697265625,292.792724609375,-0.976531982421875,1.3652191162109375,91.25,91583.375,269.94586181640625,284.3054504394531,295.0823669433594,0.0007620612159371,0.0058628059923648,0.0084373652935028,-8.728179931640625,-8.686813354492188,-1.50054931640625,-4.933853149414063,-5.246673583984375,0.1056365966796875
2024-04-16,6,1,306.21875,285.1257019042969,-1.9909210205078125,0.610565185546875,0.0,91638.046875,271.1770324707031,284.4798583984375,297.4891967773437,0.0004578009247779,0.0057665184140205,0.0084726922214031,-9.658935546875,-10.961318969726562,-3.1722564697265625,-4.600860595703125,-3.2851104736328125,0.40020751953125
2024-04-16,12,2,307.6826171875,282.95538330078125,-3.292877197265625,1.6822509765625,0.0,91329.359375,270.6497802734375,284.5848999023437,300.74176025390625,0.0004541154485195,0.0067272521555423,0.0068104341626167,-7.3105010986328125,-4.5190277099609375,-5.136749267578125,-5.0421142578125,-0.2785797119140625,2.095077514648437
2024-04-16,18,3,300.2167053222656,285.64031982421875,-2.600738525390625,1.4487762451171875,0.0,91576.1875,270.63067626953125,284.62255859375,298.0497741699219,0.0003193041775375,0.0068767145276069,0.0078588388860225,-7.689971923828125,-3.976806640625,-6.1452484130859375,-4.6895751953125,-5.46978759765625,5.5410919189453125
2024-04-17,0,0,296.40362548828125,286.9097900390625,-0.0278778076171875,1.8377685546875,0.0,91505.46875,270.1078796386719,284.26239013671875,295.057861328125,0.0004544095136225,0.0059087462723255,0.0103885270655155,-5.2574462890625,-7.28411865234375,0.242584228515625,-3.7135009765625,-7.689865112304687,5.0426177978515625
2024-04-17,6,1,306.0517883300781,288.4563293457031,-0.2809906005859375,0.2700653076171875,0.0,91604.84375,269.9835205078125,284.3255920410156,297.5219116210937,0.0005943332798779,0.0062029995024204,0.0105185583233833,-3.947357177734375,-10.974212646484377,-0.897552490234375,-2.607879638671875,-6.0760040283203125,-0.0260009765625
2024-04-17,12,2,308.4248046875,285.0585632324219,-1.945343017578125,0.9049224853515624,0.0,91251.625,269.5307312011719,285.458251953125,301.7713623046875,0.0005978811532258,0.0079017803072929,0.0080244019627571,-3.8172760009765625,-4.54052734375,-3.5448150634765625,-6.13427734375,-1.9814300537109373,0.2496795654296875
2024-04-17,18,3,301.3506164550781,285.8069152832031,-2.501937866210937,1.6718292236328125,0.0,91531.40625,268.196533203125,285.3427124023437,298.7891845703125,0.0015161207411438,0.0074776858091354,0.0084798522293567,-8.275650024414062,-1.999237060546875,-4.987701416015625,-6.311737060546875,-4.998748779296875,7.54534912109375
2024-04-18,0,0,297.1000366210937,289.1363525390625,1.3482208251953125,0.656646728515625,33.75,91439.9375,270.4034423828125,284.58026123046875,295.8978271484375,0.0009111042600125,0.0076071210205554,0.0104987099766731,-6.3992462158203125,-6.2415313720703125,3.091766357421875,-4.199630737304688,-4.534027099609375,3.951583862304688
2024-04-18,6,1,306.5072021484375,288.5939025878906,-1.0091094970703125,-0.3749847412109375,0.0,91525.546875,270.0763244628906,285.17236328125,298.236572265625,0.0011469270102679,0.0071411840617656,0.0103745087981224,-6.758560180664063,-9.914947509765623,-1.86798095703125,-1.177398681640625,-4.7401123046875,-0.7562103271484375
2024-04-18,12,2,307.565673828125,286.5771484375,-2.185455322265625,0.5175628662109375,4.25,91078.125,270.001220703125,286.1318359375,302.5052185058594,0.0017062823753803,0.0077713169157505,0.0078522190451622,-6.11322021484375,-5.157745361328125,-4.029571533203125,-3.478134155273437,-1.189910888671875,0.1592864990234375
2024-04-18,18,3,302.3388366699219,287.2042236328125,-2.2164764404296875,2.101776123046875,12.5,91391.21875,268.28546142578125,285.1234130859375,298.8382263183594,0.0021261307410895,0.0083022192120552,0.0098080523312091,-9.975540161132812,0.3790130615234375,-6.028900146484375,-6.475265502929688,0.5745697021484375,7.449600219726562
2024-04-19,0,0,299.7516784667969,292.7582397460937,1.6536712646484375,1.135101318359375,1582.375,91299.203125,271.11151123046875,284.75408935546875,295.7532043457031,0.0008044340647757,0.0078198872506618,0.0125280544161796,-9.969024658203123,-6.584381103515625,2.843841552734375,0.03997802734375,-3.266952514648437,2.98590087890625
2024-04-19,6,1,305.4691772460937,293.1346130371094,-0.0913848876953125,0.2230987548828125,154.25,91384.78125,270.4122619628906,285.15087890625,298.0771789550781,0.0008587255142629,0.007064264267683,0.0126973614096641,-6.8290557861328125,-9.832763671875,-0.3681182861328125,4.922042846679688,-3.232208251953125,0.14959716796875
2024-04-19,12,2,307.7801818847656,289.04864501953125,-1.178680419921875,0.6880340576171875,12.0,90981.96875,269.58612060546875,286.03424072265625,302.4296264648437,0.0016620480455458,0.0087874010205268,0.0088872872292995,-4.291290283203125,-6.313644409179688,-3.0975341796875,2.1677703857421875,0.5501708984375,0.872283935546875
2024-04-19,18,3,302.335693359375,291.61846923828125,-0.65887451171875,0.7050628662109375,41.125,91313.203125,270.12548828125,284.3888854980469,299.2437438964844,0.0009578894823789,0.0089813210070133,0.0098314806818962,-6.0989532470703125,-2.093780517578125,-2.2652130126953125,1.168731689453125,3.576156616210937,6.37774658203125
2024-04-20,0,0,298.832763671875,292.09185791015625,1.290313720703125,0.1956329345703125,926.5,91191.59375,270.7244873046875,284.1444396972656,295.87774658203125,0.0004841457121074,0.0082846581935882,0.013549230992794,-4.390472412109375,-13.016510009765623,1.4915771484375,1.3688812255859375,-2.0897216796875,0.0286712646484375
2024-04-20,6,1,304.0111083984375,292.6880187988281,0.2104644775390625,-1.735198974609375,619.625,91469.359375,269.58056640625,284.95904541015625,296.8009338378906,0.0007747868075966,0.0064446292817592,0.0131307132542133,-6.817718505859375,-12.072296142578123,-0.552825927734375,1.6827545166015625,0.99169921875,-2.279754638671875
2024-04-20,12,2,303.1895751953125,292.9254150390625,-0.0290679931640625,-1.796173095703125,0.0,91104.375,269.5574951171875,284.463623046875,299.2522277832031,0.0012988240923732,0.0091007947921752,0.010763045400381,-4.0505218505859375,-9.602340698242188,-1.274993896484375,4.8250732421875,3.673126220703125,-1.74755859375
2024-04-20,18,3,299.9265441894531,293.6336364746094,-0.0362701416015625,-2.207275390625,1071.25,91415.046875,269.6744079589844,284.7255249023437,296.9278564453125,0.0007843044586479,0.0066141262650489,0.0129588283598423,-2.6344146728515625,-10.171234130859377,-2.345687866210937,0.5087738037109375,3.061553955078125,-2.426666259765625
2024-04-21,0,0,298.3224182128906,294.1064147949219,-0.6498260498046875,-1.6838531494140625,833.875,91323.25,268.79815673828125,284.9188232421875,295.0809936523437,0.0005568678025156,0.002690979745239,0.0133177489042282,-3.0146484375,-12.706878662109377,-5.516754150390625,1.1710357666015625,1.0452880859375,-2.73345947265625
2024-04-21,6,1,306.33905029296875,290.41583251953125,-2.8265380859375,-0.25347900390625,0.0,91412.75,268.3328857421875,285.0803527832031,298.2632751464844,0.0004523249808698,0.0031049356330186,0.0110782049596309,-6.4530029296875,-9.868179321289062,-4.1597747802734375,2.0930938720703125,2.491912841796875,-0.5215911865234375
2024-04-21,12,2,308.1968688964844,287.572509765625,-2.4890899658203125,1.59783935546875,0.0,91119.546875,267.98895263671875,285.240966796875,301.42547607421875,0.0007861955091357,0.0081723853945732,0.0082576423883438,-3.9632415771484375,-4.0622406005859375,-4.5997314453125,2.6176910400390625,0.623321533203125,2.362213134765625
2024-04-21,18,3,302.03680419921875,288.0037841796875,-2.2979278564453125,2.3587646484375,0.0,91386.625,268.20391845703125,285.2890625,298.9651794433594,0.0004377670120447,0.0077179633080959,0.0093730613589286,-5.5142669677734375,-2.157318115234375,-3.392547607421875,2.4709625244140625,-5.549484252929688,8.675399780273438
2024-04-22,0,0,298.8925170898437,291.2113037109375,0.9492950439453124,1.2019500732421875,435.875,91409.515625,270.431640625,284.1624755859375,294.7557373046875,0.0004462215583771,0.0081662647426128,0.0125669799745082,0.545654296875,-5.2847442626953125,3.561676025390625,6.49493408203125,-5.3158721923828125,3.951171875
2024-04-22,6,1,306.32647705078125,291.8433532714844,0.367767333984375,0.15203857421875,12.75,91529.6875,269.45172119140625,284.6822509765625,298.14373779296875,0.0006937067955732,0.0046649854630231,0.0110411532223224,4.216644287109375,-6.038619995117188,0.2324676513671875,3.840499877929688,-0.86773681640625,-0.139678955078125
2024-04-22,12,2,308.2691345214844,286.7108154296875,-1.74267578125,0.6879730224609375,0.0,91154.84375,268.9008178710937,285.4019775390625,301.687255859375,0.0016244011931121,0.0064704082906246,0.0065418519079685,3.5273895263671875,-4.512130737304688,-3.624908447265625,-0.5941619873046875,-0.4127960205078125,0.6470489501953125
2024-04-22,18,3,301.8896484375,284.94305419921875,-1.7021026611328125,0.4964447021484375,0.0,91503.78125,267.89239501953125,284.70965576171875,298.35858154296875,0.0016222472768276,0.0064436309039592,0.008383672684431,0.2621612548828125,0.7182769775390625,-3.6066741943359375,-1.91912841796875,-0.13006591796875,8.45672607421875
2024-04-23,0,0,298.337890625,289.3511962890625,-1.135650634765625,1.74822998046875,0.0,91308.859375,268.5038452148437,284.5870056152344,295.6312866210937,0.0024398819077759,0.0051815062761306,0.010314006358385,1.693206787109375,-7.701553344726562,1.4095916748046875,-1.352569580078125,-3.953369140625,5.224655151367188
2024-04-23,6,1,306.7314453125,287.5425109863281,-1.451690673828125,1.7265167236328125,0.0,91426.1875,269.7860107421875,285.2338562011719,298.26080322265625,0.0021120784804224,0.0020489515736699,0.0089692883193492,1.1588287353515625,-10.601852416992188,-2.40118408203125,-0.2918548583984375,0.0211639404296875,2.2719879150390625
2024-04-23,12,2,308.5074462890625,281.7025451660156,-3.3838653564453125,1.817291259765625,0.0,91059.984375,270.79638671875,285.1925048828125,301.38165283203125,0.0018872825894504,0.0045558810234069,0.0046204105019569,0.2906036376953125,-5.152633666992188,-6.27777099609375,-4.8769378662109375,2.251617431640625,3.1110382080078125
2024-04-23,18,3,301.44024658203125,285.8595886230469,-3.687347412109375,2.227752685546875,0.0,91341.9375,271.0753173828125,285.0214233398437,298.77984619140625,0.0017412232700735,0.0035280296579003,0.0050799809396266,-2.807342529296875,-1.38751220703125,-8.000106811523438,-2.51177978515625,-0.93389892578125,9.198455810546877
2024-04-24,0,0,298.31591796875,287.77197265625,0.49658203125,1.710693359375,0.0,91293.359375,270.4117736816406,285.04931640625,295.6535339355469,0.0018334509804844,0.0019485740922391,0.0090285614132881,3.56195068359375,-4.380874633789063,-0.6782684326171875,1.62347412109375,0.8397369384765625,7.353836059570312
2024-04-24,6,1,306.293212890625,287.4265441894531,-2.0146026611328125,3.2213592529296875,0.0,91432.046875,269.9112854003906,284.1571655273437,298.18463134765625,0.0018350223544985,0.0032259947620332,0.0083677135407924,0.6257781982421875,-6.7792510986328125,-3.4519195556640625,1.127838134765625,4.850357055664063,4.754547119140625
2024-04-24,12,2,308.1252136230469,284.4079284667969,-2.609619140625,2.3665313720703125,0.0,91078.8125,270.46270751953125,284.943115234375,301.1539306640625,0.0017824575770646,0.0064377188682556,0.0064964033663272,0.0074462890625,-4.994293212890625,-4.667755126953125,1.4537200927734375,2.562850952148437,3.671112060546875
2024-04-24,18,3,301.7744140625,283.3233337402344,-2.190155029296875,2.541168212890625,0.0,91416.125,269.96417236328125,284.6610412597656,298.5182189941406,0.0015804897993803,0.0057675614953041,0.0073425509035587,-1.41351318359375,-4.4719085693359375,-6.159698486328125,0.7164154052734375,-2.652984619140625,9.269241333007812
2024-04-25,0,0,297.70635986328125,287.4676513671875,1.8035888671875,-0.8172760009765625,0.0,91307.171875,269.63043212890625,284.2620849609375,295.66485595703125,0.0014898290392011,0.0046604052186012,0.0100350752472877,0.3726348876953125,-8.716110229492188,-1.0420379638671875,0.8521575927734375,-4.8492584228515625,4.296890258789063
2024-04-25,6,1,307.0052490234375,288.1087646484375,-2.600326538085937,1.2565460205078125,0.0,91418.375,269.607177734375,283.51287841796875,298.787841796875,0.0012024608440697,0.0048828087747097,0.0085272528231143,-1.886627197265625,-9.745773315429688,-4.43731689453125,1.0361328125,0.7660675048828125,1.7110748291015625
2024-04-25,12,2,308.8461608886719,284.4185485839844,-3.550765991210937,2.18914794921875,0.0,91118.28125,270.3614501953125,285.31640625,301.494873046875,0.001006283564493,0.0062807910144329,0.0064004622399806,-0.915863037109375,-5.456329345703125,-5.9336700439453125,1.624114990234375,0.994537353515625,3.160140991210937
2024-04-25,18,3,301.6097717285156,290.2343139648437,-2.3385467529296875,2.239364624023437,0.0,91364.984375,270.5016174316406,285.3507080078125,298.11114501953125,0.0009547928348183,0.0061848610639572,0.0086751542985439,-2.3529815673828125,-4.576873779296875,-6.386245727539063,0.8476715087890625,-3.83380126953125,8.888092041015625
2024-04-26,0,0,298.8349609375,290.224853515625,-0.2989959716796875,1.17584228515625,0.0,91303.40625,270.41619873046875,285.0990600585937,296.5501708984375,0.0012702473904937,0.0036256350576877,0.0087458044290542,-1.6454925537109375,-8.231033325195312,-3.103607177734375,4.73675537109375,-3.907440185546875,4.025970458984375
2024-04-26,6,1,307.66162109375,288.0495300292969,-3.7651233673095694,1.8639984130859373,0.0,91395.4375,269.765380859375,283.5364074707031,299.4153747558594,0.0017254375852644,0.0056405141949653,0.0077839568257331,-2.017547607421875,-9.589950561523438,-6.041229248046875,2.406982421875,2.0477752685546875,2.592864990234375
2024-04-26,12,2,308.80828857421875,285.0155639648437,-3.1614866256713867,2.2288360595703125,0.0,91089.703125,269.5531616210937,285.13720703125,301.351806640625,0.0017776070162653,0.0069441646337509,0.0070755034685134,-2.7089080810546875,-4.444625854492188,-5.3038330078125,3.792755126953125,1.580963134765625,3.2815704345703125
2024-04-26,18,3,301.5867919921875,286.6559143066406,-2.8045148849487305,1.916534423828125,0.0,91372.84375,269.36138916015625,285.4599609375,299.171875,0.0016529555432498,0.0050920713692903,0.0063737370073795,-5.7229766845703125,-3.2948760986328125,-7.778152465820312,5.401885986328125,-5.59393310546875,4.8992919921875
2024-04-27,0,0,297.2236633300781,287.7309875488281,-0.6187591552734375,0.8436431884765625,0.0,91300.28125,269.8327941894531,285.93377685546875,297.2791748046875,0.001711327349767,0.0015125905629247,0.0065069496631622,-1.7724609375,-8.356277465820312,-3.6882171630859375,5.46923828125,-2.3107147216796875,4.688751220703125
2024-04-27,6,1,307.7572021484375,284.1477966308594,-2.6785888671875,1.7241973876953125,0.0,91421.515625,269.22540283203125,285.16717529296875,299.0635070800781,0.0020403508096933,0.0023143400903791,0.0074072517454624,-1.9115753173828125,-11.53375244140625,-4.2537994384765625,5.3617095947265625,-0.2378997802734375,2.14849853515625
2024-04-27,12,2,309.15679931640625,281.58795166015625,-3.515106201171875,1.672088623046875,0.0,91100.328125,269.16265869140625,285.900634765625,302.04888916015625,0.0018969599623233,0.0054755099117755,0.0056015476584434,-2.390243530273437,-5.9058380126953125,-6.1590576171875,-2.041107177734375,0.2478485107421875,2.3862762451171875
2024-04-27,18,3,300.75653076171875,287.8871459960937,-2.78021240234375,1.9202423095703125,0.0,91403.59375,268.177734375,285.6338806152344,298.7597961425781,0.0018894146196544,0.0051813460886478,0.0085495039820671,-5.180343627929688,-10.044937133789062,-4.995285034179688,-2.745101928710937,0.4600982666015625,5.2054595947265625
2024-04-28,0,0,298.3529052734375,290.3594055175781,-0.33709716796875,1.7421875,0.0,91323.65625,270.06610107421875,285.433349609375,297.1205444335937,0.0017251134850084,0.0046060532331466,0.007733728736639,-3.4782867431640625,-10.320266723632812,-2.7588348388671875,1.3090667724609375,-2.3248291015625,3.5866241455078125
2024-04-28,6,1,307.71319580078125,286.7054443359375,-1.0276031494140625,1.513153076171875,0.0,91429.703125,270.0582580566406,285.9774780273437,299.1332397460937,0.0013331572990864,0.0047488547861576,0.008577961474657,-2.695892333984375,-11.456878662109377,-2.0011444091796875,2.484039306640625,-0.7830352783203125,1.722259521484375
2024-04-28,12,2,309.7940673828125,282.61627197265625,-3.932464599609375,1.64373779296875,0.0,91088.453125,270.1972351074219,286.45086669921875,302.66131591796875,0.0014017433859407,0.0063732229173183,0.006551157683134,-2.350250244140625,-5.895843505859375,-6.5040283203125,-0.1671142578125,-0.6447906494140625,2.164657592773437
2024-04-28,18,3,301.7821960449219,290.0833435058594,-2.402801513671875,2.577987670898437,0.0,91494.703125,269.6801147460937,286.56378173828125,298.4898376464844,0.0012990799732506,0.0042019300162792,0.0093587078154087,-4.7399749755859375,-7.497268676757812,-4.58782958984375,-2.8116607666015625,-3.5715484619140625,7.840713500976562
2024-04-29,0,0,298.8475341796875,290.718017578125,0.03265380859375,1.87738037109375,143.5,91482.546875,269.4652099609375,285.51934814453125,295.0668029785156,0.0010687815956771,0.0038545224815607,0.0122461393475532,-7.51153564453125,-10.427169799804688,0.1498870849609375,-2.319244384765625,-3.7661285400390634,6.72857666015625
2024-04-29,6,1,306.5865478515625,289.8887939453125,-0.448272705078125,1.8764801025390625,0.0,91611.59375,269.5848999023437,285.69970703125,298.0885009765625,0.0009389943443238,0.0033042607828974,0.0100336745381355,-8.1929931640625,-12.804061889648438,-1.0671234130859375,1.97552490234375,-2.4583892822265625,2.36029052734375
2024-04-29,12,2,309.7545166015625,284.086669921875,-1.886474609375,0.489013671875,0.0,91180.96875,269.6803283691406,285.6136169433594,301.81005859375,0.0008632438257336,0.0065801367163658,0.00668590888381,-5.8358154296875,-3.7317047119140634,-2.850082397460937,-0.2658233642578125,-1.511444091796875,0.215606689453125
2024-04-29,18,3,302.17047119140625,287.964111328125,-1.9586639404296875,1.69024658203125,0.0,91477.734375,269.9169921875,287.0007019042969,299.7158203125,0.0005503029096871,0.0040700887329876,0.0076116509735584,-4.916229248046875,-6.600143432617188,-3.341796875,-3.058944702148437,-3.578475952148437,6.328338623046875
2024-04-30,0,0,299.07147216796875,287.7000732421875,-0.5113067626953125,1.983978271484375,6.625,91376.84375,270.2689819335937,286.185791015625,296.04107666015625,0.0004209380131214,0.0039436854422092,0.0113901868462562,-2.153778076171875,-8.060577392578125,1.077606201171875,-0.64276123046875,-5.9614105224609375,4.9500579833984375
2024-04-30,6,1,307.0090637207031,290.3855285644531,0.0081634521484375,1.5378265380859375,0.0,91433.359375,270.2027587890625,286.2659912109375,298.9617004394531,0.0003848550841212,0.0044396370649337,0.0110568106174469,-3.5240936279296875,-10.254623413085938,-0.3396759033203125,-1.655792236328125,-3.312484741210937,1.684478759765625
2024-04-30,12,2,310.1141967773437,285.48590087890625,-1.0547637939453125,1.248260498046875,0.0,91078.6875,270.3580627441406,286.05865478515625,302.32635498046875,0.0004641376435756,0.0077988654375076,0.0078436769545078,-4.9485626220703125,-2.928924560546875,-1.9134063720703125,-3.05670166015625,-0.93896484375,1.0844879150390625
2024-04-30,18,3,302.7914428710937,287.2142944335937,-1.319244384765625,2.869384765625,0.0,91341.296875,269.59918212890625,286.32208251953125,299.4815368652344,0.0006268401630222,0.0072179734706878,0.0096589475870132,-5.3512725830078125,-1.0665130615234375,-2.242462158203125,-4.445465087890625,-5.015472412109375,10.325790405273438
2024-05-01,0,0,299.3734436035156,295.02490234375,2.4487762451171875,1.4362030029296875,1367.25,91200.640625,270.89306640625,287.0405578613281,295.4611511230469,0.0003546900115907,0.0034987833350896,0.0144405849277973,-2.3488922119140625,-8.14349365234375,6.342132568359375,-3.298309326171875,-3.8715972900390634,3.236297607421875
2024-05-01,6,1,306.91864013671875,292.84588623046875,1.623809814453125,-0.7480621337890625,88.75,91245.40625,271.3256225585937,286.75848388671875,299.04052734375,0.0002271303092129,0.0051562339067459,0.0127406306564807,-3.8386383056640634,-7.09112548828125,2.1101226806640625,0.6227569580078125,-0.0758514404296875,-1.38226318359375
2024-05-01,12,2,309.85552978515625,289.3933410644531,0.0761871337890625,0.2082977294921875,0.0,90907.484375,271.01666259765625,286.8248291015625,303.2391662597656,0.0008095987141132,0.0091718062758445,0.0092108845710754,-3.2779083251953125,-2.481170654296875,-0.47528076171875,-1.1430816650390625,-0.6573028564453125,-0.0789642333984375
2024-05-01,18,3,303.5655517578125,289.42095947265625,1.54327392578125,1.5027923583984375,161.625,91189.84375,273.1044616699219,285.76177978515625,299.940185546875,0.0002680320758372,0.0096005424857139,0.0113881081342697,-4.5718841552734375,-2.703720092773437,5.69244384765625,-1.805511474609375,-1.7350616455078125,1.2683563232421875
2024-05-02,0,0,300.4195251464844,296.09033203125,2.033065795898437,0.8175811767578125,2460.25,91218.4375,271.29229736328125,285.5997619628906,297.73681640625,0.0003007077611982,0.0084576867520809,0.0124290734529495,-0.795623779296875,-4.620376586914063,2.033447265625,-2.771148681640625,-3.3546600341796875,-3.0983428955078125
2024-05-02,6,1,307.5472106933594,292.98028564453125,1.48260498046875,-0.8043670654296875,142.0,91329.125,270.7476806640625,286.197265625,298.9061889648437,0.0004587841685861,0.0076849833130836,0.0130402222275733,-3.3086090087890625,-4.344390869140625,1.8571929931640625,-4.12457275390625,-0.515716552734375,-1.649993896484375
2024-05-02,12,2,309.03875732421875,290.3990783691406,-0.015625,0.7911834716796875,0.0,90974.65625,270.3746337890625,286.6575927734375,302.5684509277344,0.0020755846053361,0.0093615129590034,0.0103173814713954,-4.15972900390625,-3.5579071044921875,-0.3853607177734375,-5.618865966796875,-5.2259368896484375,-0.0893707275390625
2024-05-02,18,3,302.8768310546875,291.7420654296875,-1.6033935546875,0.906463623046875,1.375,91279.0,270.0123291015625,286.18768310546875,300.5404663085937,0.002099062083289,0.0092047005891799,0.0110809579491615,-5.53094482421875,0.8740997314453125,-2.0933074951171875,-4.8404083251953125,-4.4807891845703125,6.127044677734375
2024-05-03,0,0,301.4610290527344,292.4303894042969,1.33270263671875,1.7277374267578125,1806.5,91200.9375,270.6480712890625,286.31939697265625,297.61328125,0.0020931859035044,0.0093155018985271,0.014809064567089,-4.7350921630859375,-7.148452758789063,4.9832305908203125,-3.7225189208984375,-4.372360229492188,3.50054931640625
2024-05-03,6,1,308.07086181640625,292.04949951171875,1.523284912109375,-1.25750732421875,1523.5,91369.734375,270.48175048828125,286.0716552734375,299.581298828125,0.0021544359624385,0.0086979195475578,0.0147013664245605,-5.78912353515625,-5.93487548828125,1.72088623046875,-5.580474853515625,-1.940338134765625,-2.0980987548828125
2024-05-03,12,2,301.0364685058594,295.48028564453125,0.5307159423828125,1.61492919921875,2776.0,91277.046875,269.6822509765625,286.05810546875,297.74658203125,0.004082161001861,0.0108861364424228,0.0145331397652626,-6.2884521484375,-3.1016082763671875,-2.58184814453125,-4.702667236328125,-6.2730712890625,1.0932769775390625
2024-05-03,18,3,299.2359619140625,296.04461669921875,2.326080322265625,1.96832275390625,2411.75,91444.796875,270.51153564453125,285.73065185546875,297.18212890625,0.0025068102404475,0.0097747594118118,0.0152596123516559,-4.193756103515625,-2.4653778076171875,2.543853759765625,-5.198883056640625,-4.700927734375,6.633392333984375
2024-05-04,0,0,298.4176025390625,295.4593505859375,1.7138214111328125,0.150115966796875,2212.75,91329.609375,270.34381103515625,285.90838623046875,297.5872497558594,0.0017038283403962,0.0076552331447601,0.0125059857964515,-5.9411468505859375,-4.263946533203125,3.893112182617188,-5.60943603515625,-4.227294921875,1.8536529541015625
2024-05-04,6,1,307.5430908203125,292.42108154296875,2.29718017578125,-2.070587158203125,895.5,91416.46875,270.377197265625,285.65557861328125,299.5238037109375,0.0017881067469716,0.0087662227451801,0.0137923620641231,-5.213790893554688,-3.381134033203125,3.03143310546875,-6.964569091796875,-1.555816650390625,-3.387939453125
2024-05-04,12,2,308.1590576171875,290.3291015625,0.0619354248046875,0.8728485107421875,34.5,91067.96875,269.2729797363281,287.2266845703125,302.84820556640625,0.0029211381915956,0.0068025588989257,0.0076593458652496,-5.6016845703125,1.9250946044921875,1.0443115234375,-2.200653076171875,-6.467300415039063,-0.8572235107421875
2024-05-04,18,3,300.83642578125,293.4236755371094,2.327301025390625,2.8396453857421875,647.625,91328.5625,270.19732666015625,286.8016357421875,298.05352783203125,0.003077186178416,0.0060097277164459,0.0117690749466419,-2.8254547119140625,-4.51287841796875,6.3603515625,-1.847900390625,-6.485855102539063,2.6597900390625
2024-05-05,0,0,298.4989929199219,293.9989624023437,2.28326416015625,0.91326904296875,545.875,91226.578125,269.807373046875,286.5314636230469,297.0099792480469,0.0029399010818451,0.0072135962545871,0.0131062753498554,-3.8312835693359375,-4.136627197265625,5.42266845703125,-4.1933441162109375,-6.694427490234375,2.4823760986328125
2024-05-05,6,1,306.80230712890625,289.67950439453125,3.592376708984375,1.099273681640625,0.0,91288.28125,270.6114501953125,286.5233154296875,298.70281982421875,0.0014689469244331,0.0070219151675701,0.0115517079830169,-6.9669189453125,-4.012298583984375,5.2320556640625,-6.1468048095703125,-3.474578857421875,1.147186279296875
2024-05-05,12,2,309.8343505859375,286.5133056640625,1.3870391845703125,0.8767242431640625,0.0,91001.640625,269.802001953125,286.4620666503906,302.740966796875,0.0028664350975304,0.0083866082131862,0.008522231131792,-6.680831909179688,2.894561767578125,2.3125457763671875,-1.9425506591796875,-2.9873046875,0.3519439697265625
2024-05-05,18,3,302.5382080078125,288.81573486328125,2.7422637939453125,2.1858673095703125,4.125,91319.96875,269.1228942871094,285.62255859375,298.6112060546875,0.002616569167003,0.0085273012518882,0.0113363489508628,-2.90655517578125,-1.0879669189453125,7.87451171875,-2.9055328369140625,-2.616302490234375,-1.3625946044921875
2024-05-06,0,0,298.88092041015625,293.776611328125,2.0196685791015625,-0.2775726318359375,611.25,91309.03125,269.3841857910156,286.29217529296875,296.5386962890625,0.0012184744700789,0.0070064067840576,0.0113102048635482,-6.5165557861328125,-1.997802734375,6.6185302734375,1.5632476806640625,-5.12225341796875,-0.09283447265625
2024-05-06,6,1,306.42315673828125,292.00689697265625,2.0072784423828125,-0.4913787841796875,246.5,91367.6875,270.4530944824219,286.353515625,298.6372985839844,0.0010356081183999,0.0067238993942737,0.0127633549273014,-3.762664794921875,-4.781021118164063,2.638885498046875,-0.20806884765625,-5.271942138671875,-1.1768646240234375
2024-05-06,12,2,307.63482666015625,292.08795166015625,-0.909027099609375,1.62213134765625,22.875,91116.21875,269.76446533203125,286.2343444824219,300.6477966308594,0.0023754031863063,0.0100667066872119,0.0106129571795463,-0.7866363525390625,0.265655517578125,-1.097686767578125,-4.08306884765625,-3.857940673828125,1.2892303466796875
2024-05-06,18,3,299.1285705566406,292.5285339355469,1.4137420654296875,3.2386627197265625,38.5,91375.65625,268.8836669921875,285.33135986328125,298.0142822265625,0.0033527633640915,0.0099829621613025,0.0123000591993331,-1.7747650146484375,-3.960113525390625,1.0835113525390625,-2.7365875244140625,-4.3261260986328125,6.526641845703125
2024-05-07,0,0,298.31591796875,293.1210327148437,1.4859771728515625,0.656524658203125,225.625,91436.296875,267.9594116210937,285.4285583496094,295.89752197265625,0.0042990744113922,0.0094619952142238,0.01094426587224,-0.85833740234375,-6.07012939453125,0.76361083984375,-0.3611907958984375,-4.215118408203125,4.959259033203125
2024-05-07,6,1,304.1295166015625,293.00860595703125,1.010009765625,1.34344482421875,190.0,91538.1875,269.320556640625,285.2879943847656,297.1168518066406,0.0015640368219465,0.0073408298194408,0.0130267813801765,1.2357635498046875,-7.135650634765625,1.3254241943359375,-2.503265380859375,-0.9864654541015624,1.422607421875
2024-05-07,12,2,306.9561767578125,292.135986328125,-0.185821533203125,2.5417938232421875,166.625,91242.4375,269.609130859375,285.5745544433594,298.8589782714844,0.0017975685186684,0.0102112852036952,0.0125804990530014,0.648101806640625,-1.763214111328125,-0.3044281005859375,-4.37579345703125,-0.6173858642578125,3.72607421875
2024-05-07,18,3,299.0449523925781,293.9139709472656,1.0147552490234375,-0.8354339599609375,403.125,91500.1875,268.3885498046875,285.17755126953125,297.4856262207031,0.0033193374983966,0.0087435580790042,0.0128588341176509,1.9515380859375,-5.257293701171875,2.116317749023437,-2.4543609619140625,0.44024658203125,0.972747802734375
2024-05-08,0,0,297.59820556640625,293.1156005859375,-2.2280426025390625,-0.9947052001953124,1126.375,91530.984375,268.6551513671875,283.52020263671875,292.8377685546875,0.0025527994148433,0.0100264064967632,0.0152768604457378,3.545745849609375,1.3149871826171875,0.4090728759765625,-4.77154541015625,-3.5313720703125,-3.83203125
2024-05-08,6,1,302.925048828125,292.33660888671875,-0.519012451171875,-0.9052581787109376,1007.5,91539.953125,269.1107177734375,284.3548583984375,294.59100341796875,0.0011567252222448,0.0094500184059143,0.015181228518486,2.417449951171875,-3.4569244384765625,-0.605743408203125,-5.667816162109375,-5.248809814453125,-1.5232391357421875
2024-05-08,12,2,305.8379211425781,291.7572631835937,-0.0902557373046875,0.1349029541015625,271.25,91154.078125,268.804443359375,284.2592163085937,298.3978576660156,0.0023526803124696,0.0098174288868904,0.0122466720640659,3.392242431640625,-4.347412109375,-1.1511383056640625,-7.36962890625,-6.24761962890625,-0.7051544189453125
2024-05-08,18,3,297.6460876464844,294.8052978515625,0.7041778564453125,2.3930206298828125,365.5,91438.390625,268.4906311035156,284.4541015625,295.32550048828125,0.0021193625871092,0.008306335657835,0.0138869695365428,2.7027587890625,-2.68658447265625,-1.450836181640625,-7.041061401367188,-7.0720062255859375,6.1115570068359375
2024-05-09,0,0,297.6092224121094,293.4149169921875,0.736114501953125,0.376708984375,459.75,91322.765625,267.9847412109375,284.952392578125,293.98309326171875,0.002005869988352,0.0059150569140911,0.0140601582825183,1.0009765625,-5.049331665039063,1.4084930419921875,-2.026031494140625,-7.849533081054687,5.08734130859375
2024-05-09,6,1,303.697509765625,292.34552001953125,-0.0467681884765625,-0.1653900146484375,591.75,91476.359375,268.5906066894531,283.15069580078125,296.10809326171875,0.0021235032472759,0.008834172040224,0.013941042125225,2.845794677734375,-4.634674072265625,-0.2161102294921875,0.0422821044921875,-0.5267486572265625,-0.278533935546875
2024-05-09,12,2,304.1020812988281,291.9172058105469,-2.1078338623046875,1.0525054931640625,46.0,91141.0,269.359619140625,283.95928955078125,298.09100341796875,0.0030859974212944,0.0100358612835407,0.0114707946777343,5.026611328125,-0.977783203125,-2.99029541015625,2.0579376220703125,-1.841156005859375,0.9708404541015624
2024-05-09,18,3,296.6055908203125,293.2916564941406,-1.5221710205078125,2.205413818359375,122.5,91444.40625,268.07763671875,283.204345703125,295.65557861328125,0.0027771343011409,0.0097770243883132,0.0128838494420051,3.8222503662109375,-1.9080657958984373,-2.181396484375,0.44171142578125,-4.131881713867188,5.60760498046875
2024-05-10,0,0,297.2471923828125,294.0872802734375,-1.581329345703125,1.2241668701171875,1554.375,91383.34375,268.6134338378906,283.6200561523437,294.5365600585937,0.003696909872815,0.0088888928294181,0.0158930122852325,0.8630523681640625,-5.51849365234375,-0.925689697265625,1.25921630859375,-2.447357177734375,5.11517333984375
2024-05-10,6,1,303.023193359375,294.0785827636719,1.3860321044921875,1.817779541015625,1767.25,91575.5,268.4715576171875,284.291259765625,293.68524169921875,0.0043982751667499,0.0081268809735775,0.0164071768522262,-0.7784881591796875,-4.7528839111328125,1.791900634765625,0.2682952880859375,-0.849395751953125,2.572357177734375
2024-05-10,12,2,301.968505859375,295.76153564453125,-2.0827178955078125,-1.376251220703125,1482.0,91200.5625,269.8652648925781,284.9429626464844,297.0283203125,0.0025721141137182,0.0099383145570755,0.0139186978340148,1.7213592529296875,-1.0237884521484375,-0.6021881103515625,0.2035675048828125,-1.7427215576171875,-2.903350830078125
2024-05-10,18,3,297.142822265625,294.943115234375,-0.0850372314453125,0.829864501953125,1246.5,91584.59375,268.8861083984375,284.7953491210937,293.8410339355469,0.0043190093711018,0.0088867507874965,0.0146663337945938,0.3041229248046875,-1.8464202880859373,-0.254730224609375,-1.96673583984375,-2.7688446044921875,4.5251007080078125
2024-05-11,0,0,297.1763916015625,294.4053955078125,-0.939056396484375,-0.1195831298828125,249.5,91460.671875,268.6056823730469,284.5214233398437,295.55340576171875,0.0047249309718608,0.0077729076147079,0.0110778510570526,-2.0228271484375,-0.6721954345703125,-3.62939453125,-1.6125335693359375,-1.7137451171875,-3.9224700927734375
2024-05-11,6,1,302.2558898925781,294.2813415527344,-2.0490875244140625,0.4127655029296875,410.375,91585.25,268.5747375488281,284.1642150878906,295.56512451171875,0.0038439407944679,0.0073339752852916,0.0139822997152805,-1.120361328125,-4.054931640625,-3.091293334960937,-2.0518035888671875,-3.1622314453125,0.386993408203125
2024-05-11,12,2,301.96563720703125,294.2890319824219,-2.174057006835937,0.4434814453125,153.5,91282.40625,269.6918334960937,284.8389892578125,296.97528076171875,0.0041377460584044,0.0096235238015651,0.0132468473166227,2.165802001953125,-3.2085113525390625,-3.265167236328125,-1.3079376220703125,-1.955902099609375,0.707122802734375
2024-05-11,18,3,298.26129150390625,295.1791381835937,-1.2596588134765625,1.8090057373046875,806.0,91590.625,268.41796875,284.3355712890625,295.13427734375,0.0034783671144396,0.0091775842010974,0.0150159187614917,-3.235931396484375,-3.4675750732421875,-2.304168701171875,-0.854095458984375,-3.831756591796875,4.888198852539063
2024-05-12,0,0,297.6876220703125,294.96783447265625,-0.5135345458984375,0.0070648193359375,1712.25,91505.09375,267.79644775390625,284.51483154296875,293.8956298828125,0.0038136229850351,0.0089514721184968,0.0164847373962402,-0.4198150634765625,-5.4222259521484375,2.303375244140625,-2.7332000732421875,-1.4051513671875,1.68853759765625
2024-05-12,6,1,302.4559936523437,294.9280700683594,0.20947265625,0.273040771484375,1830.0,91634.5625,267.9179992675781,283.496337890625,294.7443542480469,0.0037308216560631,0.0090266652405262,0.0162187218666076,-2.2644500732421875,-4.4537200927734375,-0.0637969970703125,-2.5225372314453125,0.02374267578125,-0.0621185302734375
2024-05-12,12,2,303.4555969238281,294.0299072265625,-1.74798583984375,0.97344970703125,849.125,91203.703125,270.1383056640625,284.634521484375,296.60955810546875,0.0030608673114329,0.0100072249770164,0.0150345750153064,-1.620880126953125,-4.0452423095703125,-1.8176422119140625,-2.3502960205078125,-2.0963592529296875,1.6066741943359375
2024-05-12,18,3,296.2028503417969,294.7261047363281,0.302581787109375,-0.1873016357421875,622.375,91590.234375,268.81463623046875,284.0613708496094,293.6141357421875,0.0045835487544536,0.0100852474570274,0.0148398242890834,-0.1658935546875,-6.2397308349609375,-3.716156005859375,-1.4108428955078125,-1.0208587646484375,4.819015502929688
2024-05-13,0,0,296.6498107910156,293.9587097167969,0.2356719970703125,-0.6255035400390625,1296.875,91470.234375,268.7802429199219,283.6275634765625,292.98199462890625,0.0043417206034064,0.0080339759588241,0.0151950903236866,-0.73944091796875,-8.077392578125,-0.2288665771484375,0.6646270751953125,-2.1284637451171875,3.856719970703125
2024-05-13,6,1,300.8519287109375,293.26715087890625,-0.340118408203125,-0.6222686767578125,1534.5,91551.75,268.4488830566406,284.02789306640625,294.2017822265625,0.0041139312088489,0.0067353211343288,0.0154189355671405,-3.648727416992188,-7.1953125,-0.947113037109375,0.9679107666015624,0.3055419921875,-0.91925048828125
2024-05-13,12,2,304.0325927734375,293.35028076171875,-1.196441650390625,0.13983154296875,87.25,91212.890625,268.7563171386719,284.609130859375,297.69061279296875,0.0029630418866872,0.0080741457641124,0.0123906470835208,-0.357513427734375,-3.123016357421875,-2.3797760009765625,0.1273193359375,-3.0571746826171875,-0.7564849853515625
2024-05-13,18,3,297.05780029296875,294.0946655273437,-2.16546630859375,1.8559722900390625,432.75,91451.484375,269.28009033203125,283.81298828125,294.205322265625,0.0027587399818003,0.0096652917563915,0.0143776349723339,0.842498779296875,-4.0191802978515625,-5.689300537109375,0.1774749755859375,-4.612640380859375,3.9612884521484375
2024-05-14,0,0,296.5021667480469,294.42608642578125,-1.0326385498046875,0.96502685546875,836.125,91397.828125,268.2366943359375,283.5223388671875,293.5119934082031,0.0041905790567398,0.0080751553177833,0.014121226966381,-0.236114501953125,-6.668914794921875,-4.238540649414063,-1.193603515625,-4.287750244140625,1.2081298828125
2024-05-14,6,1,301.504638671875,293.0596923828125,-0.5246124267578125,0.6147918701171875,807.25,91541.78125,268.6922302246094,283.8456420898437,294.31597900390625,0.0043377354741096,0.0075027830898761,0.0147574320435523,-0.8330230712890625,-6.9450531005859375,-1.152679443359375,-2.1123809814453125,-2.279388427734375,0.5402984619140625
2024-05-14,12,2,303.240234375,292.38458251953125,-1.930908203125,0.542999267578125,35.0,91227.078125,269.29229736328125,284.62481689453125,297.0737609863281,0.0039166435599327,0.0088379271328449,0.0126512013375759,1.4476470947265625,-3.751678466796875,-3.956253051757813,-2.775543212890625,-2.9821929931640625,0.532470703125
2024-05-14,18,3,297.92193603515625,294.34185791015625,1.03961181640625,0.0737457275390625,98.125,91551.921875,268.85791015625,283.6610717773437,293.5828552246094,0.0027300927322357,0.0089504942297935,0.0136380642652511,-2.08660888671875,-6.0524444580078125,-1.2322998046875,-3.207122802734375,-1.4211883544921875,5.069549560546875
2024-05-15,0,0,297.05419921875,293.78985595703125,-0.440399169921875,0.774505615234375,359.25,91511.59375,268.8957214355469,283.3593139648437,293.0520935058594,0.0031899674795567,0.0082700364291667,0.0146215893328189,-1.81610107421875,-5.932876586914063,0.82861328125,1.22808837890625,-2.2218017578125,2.5840606689453125
2024-05-15,6,1,303.0648193359375,294.0389404296875,-0.1121673583984375,-1.6119384765625,684.0,91502.09375,268.46307373046875,285.5054931640625,294.3204040527344,0.0049755163490772,0.0061167553067207,0.0151240490376949,-2.1375885009765625,-5.498794555664063,-0.5616302490234375,3.34332275390625,-1.977783203125,-2.4250030517578125
2024-05-15,12,2,304.22808837890625,292.6390991210937,-1.8647308349609373,-0.3741455078125,100.75,91254.25,269.048828125,284.6778869628906,297.4691162109375,0.0052054664120078,0.0080915912985801,0.0126007199287414,1.341522216796875,-4.58367919921875,-4.459381103515625,1.6689453125,-2.408309936523437,-1.7450714111328125
2024-05-15,18,3,299.5126342773437,294.4236145019531,-1.672088623046875,0.9689788818359376,158.25,91551.609375,269.0211486816406,283.57733154296875,294.50738525390625,0.0050924383103847,0.0093234442174434,0.0135405361652374,-0.557830810546875,-4.533935546875,-5.0402679443359375,-0.3390655517578125,-3.785720825195313,6.4459075927734375
2024-05-16,0,0,296.8753967285156,294.4373474121094,0.536407470703125,0.888427734375,173.75,91502.96875,269.1476135253906,284.4930725097656,293.62506103515625,0.0053256265819072,0.0052677989006042,0.012741569429636,-1.699066162109375,-7.196868896484375,-1.3313446044921875,1.32940673828125,-3.9047698974609375,2.270111083984375
2024-05-16,6,1,301.33184814453125,293.98443603515625,0.141998291015625,0.5972747802734375,185.25,91617.6875,269.218994140625,284.4682006835937,293.5697631835937,0.0055188313126564,0.0059172883629798,0.0134666562080383,-4.6662139892578125,-7.719619750976562,-0.57635498046875,0.2281494140625,-4.269577026367188,-0.548553466796875
2024-05-16,12,2,302.8271179199219,292.5015869140625,-1.209228515625,0.287017822265625,0.125,91217.265625,269.45172119140625,285.397216796875,297.412841796875,0.0059017613530159,0.0063805505633354,0.0115099027752876,-0.9603271484375,-4.427642822265625,-4.0732269287109375,0.1436920166015625,-1.0594482421875,-0.7480316162109375
2024-05-16,18,3,298.320556640625,293.9706115722656,-1.9319000244140625,2.0821685791015625,824.375,91436.90625,269.872314453125,284.7752990722656,294.0911865234375,0.0053847283124923,0.0074359774589538,0.0148526392877101,-2.004989624023437,-5.894302368164063,-2.9015045166015625,-0.8697357177734375,-3.9230804443359375,5.240982055664063
2024-05-17,0,0,297.0236511230469,294.434814453125,0.76641845703125,-1.2244415283203125,819.375,91316.203125,269.99578857421875,283.34405517578125,293.35955810546875,0.0053903274238109,0.0096549987792968,0.0148199573159217,-0.596923828125,-2.6779022216796875,3.455535888671875,-0.92242431640625,-3.1326446533203125,-2.090545654296875
2024-05-17,6,1,301.4431457519531,295.8269348144531,-0.111785888671875,-0.23016357421875,608.5,91428.546875,269.4026184082031,283.6543884277344,293.880615234375,0.0054310001432895,0.0097706690430641,0.014847170561552,0.8880462646484375,-1.213043212890625,-0.527099609375,-0.028717041015625,-5.574630737304688,-0.693572998046875
2024-05-17,12,2,298.02655029296875,295.2069702148437,-1.5434417724609375,0.8054046630859375,880.375,91173.390625,270.22772216796875,284.875,294.77056884765625,0.0055958628654479,0.0101118646562099,0.0152668356895446,0.50592041015625,2.3352813720703125,-2.547836303710937,-0.7279052734375,-3.3483123779296875,-0.2696533203125
2024-05-17,18,3,296.2945556640625,294.8465576171875,0.9727783203125,1.60894775390625,211.75,91410.578125,270.1988525390625,284.68121337890625,293.5189208984375,0.00581506639719,0.00972256436944,0.0145802199840545,0.3575592041015625,-3.5247344970703125,-1.793853759765625,0.453857421875,-4.810836791992188,3.3418121337890625
2024-05-18,0,0,296.6163330078125,294.5347900390625,0.35992431640625,-0.263763427734375,131.5,91213.359375,270.364501953125,285.17645263671875,293.9405212402344,0.0057035023346543,0.009945772588253,0.0141398683190345,-0.4177703857421875,-1.7902069091796875,0.178619384765625,-0.043243408203125,1.2709197998046875,2.304901123046875
2024-05-18,6,1,302.27618408203125,293.99566650390625,0.302490234375,0.4179229736328125,726.75,91284.765625,270.1023254394531,283.9051818847656,294.8085327148437,0.0056465081870555,0.0105203054845333,0.015502743422985,-2.1421356201171875,-1.565887451171875,0.0830841064453125,-0.154693603515625,-0.0709686279296875,0.177215576171875
2024-05-18,12,2,299.45361328125,295.9269714355469,-0.5440826416015625,1.2332305908203125,1408.625,91008.1875,270.60302734375,284.8897705078125,294.7407531738281,0.0059999376535415,0.0112454071640968,0.0151879079639911,-2.740692138671875,-1.0626373291015625,-1.78668212890625,-1.3287811279296875,0.471160888671875,3.803436279296875
2024-05-18,18,3,296.49090576171875,294.9174194335937,0.6802978515625,-0.198974609375,1025.125,91268.5,270.0407409667969,284.43963623046875,292.6246032714844,0.005573347210884,0.0110955201089382,0.0156964287161827,-3.072662353515625,-1.4306182861328125,0.731689453125,2.08428955078125,2.0062408447265625,2.9116973876953125
2024-05-19,0,0,296.6544494628906,294.98931884765625,0.8388671875,-1.015899658203125,690.75,91064.15625,269.7560729980469,285.1391296386719,293.1666259765625,0.0056538991630077,0.009633645415306,0.0151738226413726,-1.359130859375,-1.2698211669921875,1.824371337890625,3.0155029296875,1.3185577392578125,-0.5862884521484375
2024-05-19,6,1,301.17596435546875,295.1517333984375,0.4613800048828125,-0.5340118408203125,1763.0,91191.265625,269.6304931640625,284.8436584472656,293.52410888671875,0.0055874958634376,0.0092640481889247,0.0161005407571792,-1.5903167724609375,-3.64471435546875,-0.5872039794921875,3.737472534179688,-1.69049072265625,-0.7029266357421875
2024-05-19,12,2,298.0147705078125,295.48907470703125,0.603851318359375,0.54052734375,828.125,90863.0625,270.49127197265625,285.14129638671875,294.8865966796875,0.0056688860058784,0.0103319361805915,0.0153007842600345,-4.2179107666015625,-5.4040374755859375,-0.1151275634765625,0.9325408935546876,-0.7734375,0.0813140869140625
2024-05-19,18,3,296.4454345703125,294.9773254394531,-0.6297607421875,1.3194122314453125,261.25,91157.046875,270.6252136230469,284.6024780273437,292.08740234375,0.0065363198518753,0.0109822526574134,0.0158329140394926,-5.7931671142578125,-6.04443359375,-1.1176910400390625,-0.4114227294921875,0.6233978271484375,1.9017791748046875
2024-05-20,0,0,296.6139831542969,294.949462890625,0.6057586669921875,-1.167022705078125,454.375,91014.09375,270.55108642578125,284.68658447265625,293.80633544921875,0.0055495277047157,0.0096942521631717,0.015572901815176,-7.975494384765625,-7.2183837890625,-2.571884155273437,-0.024078369140625,0.8878326416015625,0.116363525390625
2024-05-20,6,1,300.7703857421875,294.92926025390625,0.568511962890625,-0.5738677978515625,879.0,91220.90625,270.03778076171875,283.95758056640625,293.0406799316406,0.0057702809572219,0.0101730823516845,0.0155024677515029,-9.639068603515623,-11.112930297851562,-2.9127655029296875,-2.134262084960937,-0.808929443359375,0.3135833740234375
2024-05-20,12,2,300.0995788574219,294.6923217773437,-0.3773956298828125,-1.4979095458984375,1362.25,90887.234375,270.60418701171875,284.4576110839844,295.6644592285156,0.0062130019068717,0.0092084109783172,0.0159184522926807,-11.07672119140625,-9.054946899414062,-0.5763092041015625,2.600936889648437,-5.272674560546875,-4.966552734375
2024-05-20,18,3,295.79931640625,294.41522216796875,-0.6360626220703125,-0.4402008056640625,552.0,91197.046875,270.10333251953125,284.3504638671875,292.9942626953125,0.006016643717885,0.010322879999876,0.0159577429294586,-11.41729736328125,-9.842605590820312,-5.144546508789063,2.7726287841796875,-3.2986297607421875,0.5811767578125
2024-05-21,0,0,296.2122497558594,294.76220703125,0.883026123046875,-1.8646087646484373,735.75,91001.046875,270.14666748046875,285.29278564453125,293.83563232421875,0.0055737812072038,0.0086604952812194,0.0161750726401805,-9.569580078125,-9.502197265625,-4.0411376953125,3.5274200439453125,-3.8246917724609375,-3.0410614013671875
2024-05-21,6,1,302.094482421875,295.1767883300781,-2.1139373779296875,-1.2944793701171875,1168.125,91073.625,270.6628112792969,284.97723388671875,294.0248413085937,0.0056681111454963,0.0101169161498546,0.0167295038700103,-7.860702514648437,-9.914306640625,-3.909347534179688,0.5773468017578125,-1.90264892578125,-1.981536865234375
2024-05-21,12,2,299.461181640625,295.54254150390625,-1.343536376953125,-0.780181884765625,1014.5,90901.859375,271.3758544921875,285.0033874511719,294.33795166015625,0.0063295997679233,0.0109468400478363,0.0157438777387142,-6.989181518554688,-7.804229736328125,-5.5149688720703125,-1.0924530029296875,-4.856231689453125,-2.377288818359375
2024-05-21,18,3,297.41998291015625,295.9595947265625,-1.7880859375,0.1616973876953125,858.75,91156.625,270.4129638671875,285.36883544921875,293.2451477050781,0.0057019293308258,0.0103657208383083,0.0163459926843643,-9.164459228515623,-11.392990112304688,-4.1180572509765625,-4.164962768554688,-1.39666748046875,0.2430572509765625
2024-05-22,0,0,296.5184631347656,294.623046875,0.828033447265625,-2.4630126953125,128.125,90956.15625,270.6778869628906,285.03826904296875,294.836181640625,0.0050461143255233,0.0093360096216201,0.0144231803715229,-10.066390991210938,-7.3158721923828125,-2.4709625244140625,-1.31689453125,-3.242904663085937,-4.586456298828125
2024-05-22,6,1,303.3341064453125,294.8101806640625,-2.080291748046875,-1.99267578125,819.25,91066.40625,269.853759765625,285.2308959960937,294.46600341796875,0.0051448661834001,0.0109024122357368,0.0164754651486873,-7.518447875976562,-10.505752563476562,-3.3814697265625,0.602569580078125,-4.807052612304688,-3.1498565673828125
2024-05-22,12,2,303.1437683105469,295.2089233398437,-0.7881622314453125,-2.11602783203125,673.5,90715.609375,270.4951171875,286.217041015625,296.5374755859375,0.0050133280456066,0.0102087669074535,0.0162221193313598,-7.522781372070312,-9.253494262695312,-2.981353759765625,-0.561004638671875,-7.509918212890625,-4.51519775390625
2024-05-22,18,3,298.0014038085937,296.0545654296875,-0.341522216796875,1.9504241943359373,1096.0,91061.5,270.2624206542969,285.31231689453125,292.9280700683594,0.004520121961832,0.0089298821985721,0.0168547332286834,-9.89093017578125,-11.006317138671877,-5.364913940429688,-3.706390380859375,-6.826828002929688,0.6148834228515625
2024-05-23,0,0,296.86968994140625,295.0501708984375,0.84393310546875,-2.6220703125,551.5,90831.796875,270.6922607421875,286.8817749023437,294.4993591308594,0.004061784595251,0.0072516351938247,0.0165280550718307,-6.8504486083984375,-9.263076782226562,-2.6672821044921875,-1.7210235595703125,-3.595428466796875,-5.770309448242188
2024-05-23,6,1,303.34228515625,294.16748046875,-2.5865936279296875,0.217681884765625,859.375,90949.984375,269.6907043457031,286.0982971191406,295.3473815917969,0.0039391852915287,0.0082218497991561,0.015911366790533,-7.54876708984375,-7.23760986328125,-4.247314453125,-0.217193603515625,-6.233123779296875,-0.0192718505859375
2024-05-23,12,2,302.8740234375,295.6693115234375,0.5403594970703125,-0.734161376953125,779.375,90694.625,270.32098388671875,286.4658508300781,297.24530029296875,0.0044104121625423,0.0080998316407203,0.0147337317466735,-5.185226440429688,-6.734298706054688,0.0654449462890625,2.814315795898437,-5.497894287109375,-3.598052978515625
2024-05-23,18,3,298.68096923828125,296.0162658691406,0.1573638916015625,0.4895172119140625,734.625,90934.59375,270.360595703125,284.7938232421875,294.8163757324219,0.0049312636256217,0.0097529403865337,0.01531283557415,-7.908370971679687,-7.35723876953125,-0.869354248046875,0.7990264892578125,-6.649948120117188,-1.7296600341796875
2024-05-24,0,0,298.46502685546875,296.0078125,1.188507080078125,0.4059600830078125,620.625,90815.5625,270.144287109375,286.0723876953125,295.2383728027344,0.0055166967213153,0.004530131816864,0.0154989659786224,-3.39544677734375,-12.993087768554688,-1.5389556884765625,-0.9772491455078124,-3.54315185546875,-0.155181884765625
2024-05-24,6,1,302.3832397460937,296.0283203125,2.749130249023437,1.87408447265625,1313.75,90973.5,268.7852783203125,285.946533203125,294.66534423828125,0.0040541104972362,0.0075418762862682,0.0168421156704425,-8.64361572265625,-11.929519653320312,3.178924560546875,-7.0827178955078125,-5.90057373046875,1.94232177734375
2024-05-24,12,2,300.32110595703125,296.190673828125,1.8545989990234373,-1.7444305419921875,2592.125,90683.328125,271.05810546875,286.0311279296875,295.85595703125,0.0058573428541421,0.0099902655929327,0.0171156972646713,-3.38531494140625,-8.02044677734375,3.3078765869140625,4.73480224609375,-7.626739501953125,-2.4945526123046875
2024-05-24,18,3,295.9246826171875,294.2221069335937,3.142913818359375,-0.7346649169921875,1140.25,90957.4375,270.55108642578125,285.54815673828125,295.0877685546875,0.0058726668357849,0.0084021799266338,0.0164296515285968,-6.097686767578125,-4.5609130859375,10.760635375976562,-0.018096923828125,-6.73602294921875,-7.897552490234375
2024-05-25,0,0,296.6757202148437,293.7151184082031,2.908721923828125,0.5753173828125,937.25,90855.03125,269.7450866699219,284.9918212890625,295.13330078125,0.0060906508006155,0.0098363831639289,0.0132475793361663,-8.282882690429688,0.1647796630859375,5.7853851318359375,-1.7601318359375,-7.971878051757812,0.595794677734375
2024-05-25,6,1,300.9013061523437,293.7655639648437,4.687774658203125,-0.90985107421875,27.125,90977.859375,270.0133056640625,285.066162109375,296.5630798339844,0.0051054544746875,0.0095019154250621,0.007972314953804,-8.603134155273438,2.052963256835937,13.0892333984375,-0.6571197509765625,-7.938095092773437,-5.871307373046875
2024-05-25,12,2,300.39471435546875,293.529052734375,3.239166259765625,-1.2223663330078125,346.5,90796.796875,269.525390625,286.79266357421875,294.79083251953125,0.0048299096524715,0.0085457451641559,0.0143770985305309,-0.9097442626953124,2.2174835205078125,11.385269165039062,-2.346649169921875,-9.422866821289062,-5.8863525390625
2024-05-25,18,3,296.90399169921875,293.7331237792969,4.04541015625,0.8962249755859375,151.75,91128.234375,269.6664123535156,286.0914001464844,293.6663818359375,0.0042334273457527,0.0084842108190059,0.0121571086347103,-0.532501220703125,-4.131637573242188,12.214279174804688,-9.085037231445312,-6.44610595703125,-0.8853302001953125
2024-05-26,0,0,296.5591735839844,292.12213134765625,3.7471923828125,0.5558624267578125,80.0,90952.515625,269.134033203125,286.4515075683594,293.3469543457031,0.0043803229928016,0.0101472102105617,0.0108584389090538,0.90301513671875,-0.017822265625,13.442153930664062,-8.479415893554688,-7.391326904296875,-3.70233154296875
2024-05-26,6,1,301.86993408203125,293.80426025390625,6.4461517333984375,-1.413299560546875,78.625,91139.671875,269.6713562011719,285.4149475097656,294.067138671875,0.005188763141632,0.0111081823706626,0.0142966620624065,-1.5998687744140625,1.971527099609375,11.082427978515623,-8.06744384765625,-8.072357177734375,-2.8602294921875
2024-05-26,12,2,300.37158203125,292.79620361328125,5.3155517578125,-0.420013427734375,234.375,90820.484375,269.6584777832031,286.42266845703125,295.5362548828125,0.0047341287136077,0.0098589584231376,0.0144651792943477,-1.8228759765625,1.00347900390625,12.410018920898438,-5.3858489990234375,-9.866806030273438,-2.16949462890625
2024-05-26,18,3,297.088623046875,293.2381286621094,4.464385986328125,-0.0768890380859375,4.125,91183.953125,269.97686767578125,286.658447265625,292.8598022460937,0.001766893081367,0.0070620737969875,0.0143023952841758,-3.852691650390625,-0.107330322265625,13.686508178710938,-5.182952880859375,-4.9007110595703125,-3.5210418701171875
2024-05-27,0,0,295.9182434082031,292.8525390625,4.06524658203125,0.922698974609375,68.875,90984.5,270.91864013671875,286.9702453613281,295.25750732421875,0.0019223354756832,0.0072892308235168,0.0077999494969844,-1.4675140380859375,0.43511962890625,14.104949951171877,-4.01336669921875,-4.539825439453125,-3.003890991210937
2024-05-27,6,1,301.151123046875,292.6896057128906,4.966796875,-1.924835205078125,41.125,91167.296875,269.9950256347656,286.07183837890625,294.5538330078125,0.0032211409416049,0.0102345235645771,0.0134209357202053,-1.6059722900390625,0.05206298828125,8.4561767578125,-3.117050170898437,-1.965911865234375,-3.359771728515625
2024-05-27,12,2,302.40545654296875,293.38006591796875,4.100387573242188,-1.043304443359375,169.75,90923.703125,270.75006103515625,286.05035400390625,296.14996337890625,0.0045307627879083,0.0102468580007553,0.0146408826112747,-1.042572021484375,0.61370849609375,9.16534423828125,-3.7453460693359375,-3.28387451171875,-2.8549346923828125
2024-05-27,18,3,298.3250427246094,292.8313903808594,4.28411865234375,0.418670654296875,0.0,91143.5625,270.36016845703125,287.8232727050781,294.66082763671875,0.0045548230409622,0.0081543400883674,0.0102071277797222,-0.470703125,-2.166046142578125,13.873779296875,-0.3145904541015625,-1.254486083984375,-1.95977783203125
2024-05-28,0,0,296.7240905761719,292.55938720703125,3.32696533203125,0.14581298828125,6.625,91045.515625,270.34234619140625,287.1377868652344,292.86944580078125,0.0046775937080383,0.0085913278162479,0.0130036994814872,-1.5435638427734375,-2.7815399169921875,13.481124877929688,-2.974365234375,-0.61273193359375,-2.2287750244140625
2024-05-28,6,1,301.546875,293.05126953125,5.618011474609375,-0.3479156494140625,165.25,91169.046875,269.9618530273437,287.3616943359375,294.7662658691406,0.0044970996677875,0.0078474506735801,0.0145748183131217,-2.3986053466796875,-2.1249237060546875,9.063385009765623,-1.6207427978515625,0.2389678955078125,-0.708343505859375
2024-05-28,12,2,301.4381408691406,294.1721496582031,4.41094970703125,0.5527801513671875,355.0,91037.21875,270.0450439453125,287.208251953125,295.7635803222656,0.0036271014250814,0.0089518390595912,0.0147310681641101,-1.0316162109375,2.2852935791015625,9.978668212890623,-1.809661865234375,-2.851425170898437,-0.9462890625
2024-05-28,18,3,297.1594543457031,294.4666748046875,3.550811767578125,0.400482177734375,164.875,91160.828125,269.6336669921875,288.2675476074219,294.6143798828125,0.003573696129024,0.0064627379179,0.0131920054554939,-0.7051239013671875,-0.4602203369140625,10.891998291015623,-0.048828125,-1.8580780029296875,-4.335906982421875
2024-05-29,0,0,296.8539123535156,294.3783569335937,3.5867919921875,0.4529571533203125,94.25,91055.234375,270.4566345214844,288.0048828125,292.9966125488281,0.0042312741279602,0.0069262273609638,0.0133053101599216,-2.292098999023437,-1.345977783203125,12.319686889648438,1.4485931396484375,-2.65362548828125,-3.1552276611328125
2024-05-29,6,1,302.1890869140625,293.52996826171875,5.122222900390625,-0.9028778076171876,113.5,91159.390625,269.8041076660156,287.2967834472656,294.7740783691406,0.004883911460638,0.007151823490858,0.0141264572739601,-4.9298858642578125,-1.4936981201171875,8.057968139648438,1.2169036865234375,-0.134490966796875,-1.671356201171875
2024-05-29,12,2,303.998046875,292.8935852050781,3.288238525390625,-0.4294891357421875,83.5,90914.78125,270.9872741699219,286.682373046875,297.250244140625,0.0040201488882303,0.0064639821648597,0.0135321207344532,-5.79644775390625,-0.8465118408203125,7.118988037109375,2.997100830078125,-0.4163055419921875,-2.074981689453125
2024-05-29,18,3,298.4710693359375,294.98046875,2.7693634033203125,-0.1653594970703125,183.75,91162.1875,270.04071044921875,287.46502685546875,294.4178161621094,0.0039775930345058,0.0058267563581466,0.0140235796570777,-6.322555541992188,-1.612335205078125,9.121063232421877,4.7865753173828125,-1.10791015625,-4.9285736083984375
2024-05-30,0,0,296.9216613769531,293.8495788574219,2.4217987060546875,-0.568603515625,63.25,91058.875,270.872314453125,286.9784240722656,296.05029296875,0.0046807043254375,0.0061538256704807,0.0110057406127452,-7.0480804443359375,-3.816070556640625,6.704498291015625,6.7877044677734375,-2.5692901611328125,-5.801727294921875
2024-05-30,6,1,303.51092529296875,293.90240478515625,3.633590698242188,-1.4395294189453125,854.75,91242.625,270.392333984375,285.903076171875,294.48443603515625,0.0048202890902757,0.0092452019453048,0.0162430256605148,-6.07696533203125,-8.69244384765625,5.474029541015625,8.326004028320312,-1.894317626953125,-2.6610870361328125
2024-05-30,12,2,302.41259765625,295.5616455078125,1.2479705810546875,-0.385711669921875,1538.25,90986.96875,270.6181640625,285.9232177734375,297.81170654296875,0.0045400708913803,0.0089251361787319,0.0147679522633552,-5.9404296875,-3.9322357177734375,5.029342651367188,7.9315948486328125,-3.761672973632813,-4.6424102783203125
2024-05-30,18,3,298.7460327148437,296.0358581542969,3.215423583984375,-0.5370635986328125,287.625,91247.546875,270.30841064453125,286.4222412109375,294.3583374023437,0.0042279544286429,0.0083176381886005,0.0150381922721862,-4.748382568359375,-6.693283081054688,8.182708740234375,6.774673461914063,-4.033721923828125,-6.59735107421875
2024-05-31,0,0,298.0133056640625,295.107177734375,2.9889373779296875,-1.7294769287109375,600.125,91192.71875,270.81500244140625,285.670166015625,295.43994140625,0.0033182427287101,0.0097257867455482,0.0127013251185417,-1.2854461669921875,-5.8773040771484375,8.191864013671875,6.70379638671875,-1.4654083251953125,-7.650527954101562
2024-05-31,6,1,303.4995422363281,294.33367919921875,3.17620849609375,-2.778060913085937,656.375,91292.40625,270.2834167480469,285.4320678710937,295.6255798339844,0.0034499573521316,0.0089992396533489,0.0151369459927082,-2.890625,-5.9449462890625,4.685516357421875,2.39404296875,-0.2439117431640625,-4.96124267578125
2024-05-31,12,2,305.0147705078125,294.58087158203125,1.41888427734375,-1.582122802734375,748.0,90997.953125,271.065673828125,286.6884765625,299.57196044921875,0.0031315763480961,0.0081244818866252,0.0135885514318943,1.0444488525390625,-2.56878662109375,2.684295654296875,0.0804595947265625,-0.20001220703125,-4.753021240234375
2024-05-31,18,3,300.30352783203125,294.9248046875,2.925140380859375,0.1368560791015625,908.75,91264.828125,270.1446228027344,286.46533203125,296.7041015625,0.0038553897757083,0.0091090835630893,0.0150173157453536,-1.8926239013671875,-5.1458282470703125,5.485687255859375,-2.6065673828125,-0.47210693359375,-4.52008056640625
2024-06-01,0,0,298.7757873535156,295.712158203125,2.0871734619140625,-0.889892578125,1174.75,91052.40625,271.5608215332031,287.050048828125,297.0658874511719,0.0024640872143208,0.0081227011978626,0.0143011435866355,-2.1040802001953125,-7.36932373046875,3.3908233642578125,1.9579315185546875,-3.058837890625,-3.318344116210937
2024-06-01,6,1,303.58453369140625,295.7696228027344,3.2086944580078125,-1.1262969970703125,1760.5,91285.484375,271.36822509765625,285.774169921875,296.11346435546875,0.0025134359020739,0.0092469565570354,0.0166158564388752,-1.775482177734375,-9.6416015625,4.732208251953125,0.009002685546875,-0.6455535888671875,-1.887298583984375
2024-06-01,12,2,299.5540771484375,295.83660888671875,0.63909912109375,-0.608856201171875,3458.5,91068.984375,271.60546875,285.85107421875,296.5036926269531,0.0040950365364551,0.0122481025755405,0.0170766785740852,-2.9943389892578125,-2.0946807861328125,4.527801513671875,-3.0506134033203125,-0.871368408203125,-2.4523162841796875
2024-06-01,18,3,295.52996826171875,294.32391357421875,2.2150421142578125,-0.110382080078125,1247.75,91302.71875,269.8427429199219,285.92010498046875,295.7923583984375,0.004540130496025,0.0095524936914443,0.0156441293656826,-3.251815795898437,-2.713775634765625,6.2931060791015625,-3.6298980712890634,-0.6146392822265625,-1.1243133544921875
2024-06-02,0,0,296.1244506835937,294.49957275390625,2.385116577148437,-0.4906158447265625,755.75,91117.203125,269.32342529296875,286.67413330078125,298.3346862792969,0.0038903313688933,0.0077818110585212,0.0103550627827644,-5.7774505615234375,-5.986862182617188,4.005661010742188,-3.146224975585937,1.1961517333984375,0.27398681640625
2024-06-02,6,1,301.64208984375,293.8508605957031,2.284393310546875,-0.831634521484375,841.625,91424.203125,269.2172241210937,283.3809509277344,294.7010498046875,0.0050524268299341,0.0106268674135208,0.0145044438540935,-6.8368682861328125,-5.0239105224609375,3.6375732421875,0.3254241943359375,-1.3688507080078125,-2.013534545898437
2024-06-02,12,2,304.73358154296875,293.2514953613281,1.2976226806640625,0.0789794921875,1018.375,91124.484375,268.9912109375,285.2720947265625,297.6258544921875,0.0043806368485093,0.0096908286213874,0.0142597556114196,-5.2425537109375,-3.0692901611328125,3.708663940429688,-0.6168365478515625,2.940521240234375,-0.6128997802734375
2024-06-02,18,3,296.3736877441406,294.6436767578125,1.87664794921875,0.3330078125,1713.0,91422.171875,268.5672607421875,285.19122314453125,294.5512084960937,0.0047941394150257,0.0096733830869197,0.0162542574107646,-4.173675537109375,-1.5087890625,5.7962646484375,0.895477294921875,3.3082427978515625,-1.1977996826171875
2024-06-03,0,0,296.2232666015625,294.51202392578125,2.0897674560546875,-2.347518920898437,801.5,91278.359375,268.80084228515625,285.98663330078125,294.4931030273437,0.0042664157226681,0.0083924271166324,0.0135323777794837,-7.546630859375,-1.31878662109375,2.461944580078125,4.58587646484375,2.504302978515625,-4.67901611328125
2024-06-03,6,1,299.9171142578125,294.73779296875,1.0525360107421875,-1.925811767578125,409.75,91468.8125,270.0352783203125,283.6126403808594,293.2279663085937,0.0036722177173942,0.009660568088293,0.0151698105037212,-2.41485595703125,2.631866455078125,1.50604248046875,3.460693359375,1.345794677734375,-2.960784912109375
2024-06-03,12,2,301.33135986328125,294.7698669433594,1.9607391357421875,1.27227783203125,445.75,91202.15625,269.65875244140625,285.5190124511719,295.562255859375,0.0054655820131301,0.0092373304069042,0.014029424637556,2.007537841796875,1.7582244873046875,2.337890625,4.259857177734375,2.819000244140625,0.0263824462890625
2024-06-03,18,3,297.37847900390625,295.07135009765625,0.989288330078125,0.5522003173828125,522.0,91426.421875,270.117431640625,285.0787353515625,293.8251953125,0.0054473653435707,0.008615169674158,0.0149852782487869,6.5537872314453125,2.7894439697265625,2.8817138671875,9.066848754882812,1.387847900390625,0.913482666015625
2024-06-04,0,0,296.2185363769531,294.9658203125,1.1991119384765625,0.8297882080078125,409.75,91331.328125,270.009765625,284.6332702636719,293.9324951171875,0.0044013708829879,0.009332712739706,0.0139643885195255,8.6346435546875,-1.9391326904296875,3.835861206054688,10.149810791015623,0.2133636474609375,1.7114410400390625
2024-06-04,6,1,301.62823486328125,295.169677734375,2.598846435546875,0.9323883056640624,913.5,91504.875,271.0939636230469,284.078857421875,293.57891845703125,0.0038944862317293,0.0097842663526535,0.0159222781658172,7.17205810546875,-2.057952880859375,3.80340576171875,6.193527221679688,4.74481201171875,1.087799072265625
2024-06-04,12,2,301.88018798828125,294.53961181640625,2.525360107421875,0.3802490234375,294.0,91250.359375,271.38360595703125,284.36431884765625,294.7191772460937,0.0045541003346443,0.0104443579912185,0.0139768384397029,7.283447265625,0.775787353515625,5.0523834228515625,4.097503662109375,3.4958953857421875,1.454498291015625
2024-06-04,18,3,297.1863708496094,295.0536193847656,1.0919342041015625,0.5022430419921875,389.0,91491.90625,270.5205078125,284.67950439453125,293.38037109375,0.0045303665101528,0.0098856054246425,0.0148986913263797,5.76177978515625,3.057342529296875,4.457061767578125,2.5438690185546875,3.620880126953125,-1.1200103759765625
2024-06-05,0,0,297.168701171875,295.4723205566406,1.50390625,-0.0832672119140625,969.75,91363.828125,270.4486694335937,284.03448486328125,293.8478088378906,0.0039521940052509,0.0102185681462287,0.0140792801976203,5.9499359130859375,3.1593780517578125,3.6833343505859375,2.5872039794921875,-0.769683837890625,-2.182586669921875
2024-06-05,6,1,302.8804931640625,295.8348083496094,2.81683349609375,0.2968597412109375,1149.5,91528.921875,268.90985107421875,283.99169921875,293.14794921875,0.0050728730857372,0.0102336145937442,0.0160265453159809,4.422897338867188,2.8206787109375,4.143280029296875,0.1873321533203125,1.655029296875,0.2756805419921875
2024-06-05,12,2,299.16082763671875,295.375,2.560396194458008,1.2920074462890625,1640.25,91231.671875,270.2564392089844,284.2792358398437,295.0361328125,0.0053620412945747,0.0111177153885364,0.0160002075135707,3.8048248291015625,5.6937103271484375,6.0628662109375,-0.6247406005859375,1.76348876953125,1.430206298828125
2024-06-05,18,3,296.064208984375,294.9354248046875,1.6659698486328125,1.4290771484375,1503.0,91507.234375,269.6279602050781,284.3840637207031,292.933349609375,0.0057908408343791,0.0106892101466655,0.015609435737133,4.950531005859375,4.975357055664063,4.4498443603515625,-1.902313232421875,-1.1653594970703125,0.11004638671875
2024-06-06,0,0,296.4128723144531,295.1669311523437,1.7304534912109375,0.160491943359375,413.0,91341.421875,269.9756164550781,284.9327697753906,292.781005859375,0.0050294660031795,0.0100802965462207,0.0140552818775177,8.457687377929688,5.1326446533203125,4.138763427734375,0.166259765625,-2.1409149169921875,-0.7079925537109375
2024-06-06,6,1,302.5167236328125,295.44757080078125,2.3713836669921875,0.72955322265625,566.75,91499.71875,270.3600769042969,283.6540222167969,292.91571044921875,0.0046282261610031,0.0104014426469802,0.0154647938907146,5.88079833984375,5.7259521484375,3.871124267578125,-2.559967041015625,-1.0442657470703125,-0.3159027099609375
2024-06-06,12,2,298.76739501953125,295.74517822265625,1.1692962646484375,-0.4461517333984375,237.5,91244.625,270.7711181640625,284.5043029785156,294.6787414550781,0.0056150257587432,0.0099868364632129,0.0140087716281414,5.19390869140625,6.8544921875,3.6778564453125,-0.5239715576171875,-1.1173553466796875,-0.632110595703125
2024-06-06,18,3,295.5364990234375,294.6810913085937,1.684173583984375,1.2239837646484375,240.5,91498.65625,269.986083984375,284.6689147949219,292.671630859375,0.0057647861540317,0.0089176408946514,0.0143350251019001,4.1261138916015625,5.6799163818359375,6.378204345703125,-1.3075408935546875,0.0648651123046875,1.128021240234375
2024-06-07,0,0,295.8907470703125,294.83203125,1.6428680419921875,-0.0943145751953125,57.25,91179.078125,270.1446533203125,285.7187805175781,293.434814453125,0.0054447054862976,0.0085854232311248,0.0124294571578502,6.0956573486328125,6.8411407470703125,5.2006683349609375,2.067245483398437,3.075347900390625,0.8515472412109375
2024-06-07,6,1,299.8959350585937,294.2603454589844,2.4559478759765625,2.529052734375,141.0,91411.75,268.9971618652344,284.42059326171875,292.52862548828125,0.0043132752180099,0.0096323154866695,0.0146228224039077,8.399642944335938,4.5016632080078125,3.726852416992188,3.81146240234375,3.309906005859375,3.6802825927734375
2024-06-07,12,2,299.42059326171875,294.4041748046875,3.387680053710937,1.6035003662109375,304.5,91126.21875,270.1165771484375,285.1354675292969,292.5167236328125,0.0061873756349086,0.009851336479187,0.0151913240551948,9.674575805664062,8.650299072265625,7.771316528320312,3.402801513671875,8.50299072265625,3.493377685546875
2024-06-07,18,3,295.14764404296875,293.77789306640625,1.941680908203125,2.38079833984375,167.75,91368.6875,269.8264465332031,284.6097412109375,291.52691650390625,0.0044742748141288,0.0095861181616783,0.014960303902626,15.043899536132812,10.706634521484377,9.395584106445312,11.323928833007812,5.258956909179688,5.8941650390625
2024-06-08,0,0,296.3499755859375,294.3406982421875,3.1491241455078125,1.997650146484375,0.25,91148.734375,270.11041259765625,286.2040100097656,292.2031555175781,0.0030869331676512,0.0079350173473358,0.0126796551048755,12.448684692382812,12.612564086914062,12.104537963867188,8.70294189453125,8.2501220703125,4.8565521240234375
2024-06-08,6,1,301.08892822265625,293.12176513671875,5.315277099609375,2.84112548828125,4.0,91328.109375,269.9541320800781,284.7599792480469,292.8137512207031,0.0030211072880774,0.0090810768306255,0.0138943828642368,10.917938232421877,10.760162353515623,8.733139038085938,10.46600341796875,5.446319580078125,4.352066040039063
2024-06-08,12,2,300.3876037597656,293.60015869140625,4.343673706054688,2.389144897460937,95.75,91074.859375,270.2854309082031,284.1132202148437,293.51806640625,0.0043512117117643,0.011044692248106,0.0147509882226586,10.39923095703125,13.898284912109377,10.061141967773438,5.134689331054688,6.0576019287109375,5.404052734375
2024-06-08,18,3,295.6655578613281,293.40887451171875,2.421493530273437,1.6482086181640625,0.0,91253.984375,270.2303771972656,285.95831298828125,291.67401123046875,0.0047826021909713,0.0089380033314228,0.0143444389104843,11.509780883789062,13.277664184570312,12.095932006835938,7.608963012695312,3.9477386474609375,-0.336151123046875
2024-06-09,0,0,295.621337890625,293.85992431640625,2.767913818359375,1.8096771240234373,0.0,91145.09375,270.10211181640625,285.7225341796875,291.49005126953125,0.0034546824172139,0.0070938952267169,0.0129430294036865,14.37786865234375,17.032516479492188,13.160995483398438,6.355072021484375,4.326461791992188,2.7422637939453125
2024-06-09,6,1,300.5617370605469,293.34783935546875,6.030807495117188,3.243560791015625,80.25,91310.171875,270.1695556640625,285.3134765625,293.51007080078125,0.0030405463185161,0.0084010548889637,0.0142250247299671,14.273635864257812,15.794479370117188,12.67816162109375,6.5496978759765625,2.6663055419921875,5.799850463867188
2024-06-09,12,2,299.21160888671875,293.4034729003906,5.20892333984375,1.6462554931640625,47.5,91105.84375,270.0223388671875,285.6029663085937,292.8477478027344,0.0049152411520481,0.0070002935826778,0.0151731595396995,12.764694213867188,17.843582153320312,12.203414916992188,3.7837982177734375,0.760711669921875,3.5384674072265625
2024-06-09,18,3,296.2514038085937,293.7828063964844,3.93609619140625,1.7451934814453125,0.5,91383.890625,269.5331420898437,285.0147399902344,291.2181396484375,0.0045764073729515,0.0096820723265409,0.0146471746265888,11.547744750976562,15.990509033203123,13.901931762695312,2.857635498046875,-0.5773162841796875,2.1043701171875
2024-06-10,0,0,296.1790771484375,293.6722106933594,4.135040283203125,1.5274505615234375,3.25,91215.640625,270.5633544921875,285.3639221191406,290.3949279785156,0.0039327377453446,0.0068806484341621,0.0142933465540409,10.061111450195312,18.70423889160156,13.873153686523438,3.5824127197265625,-4.144699096679688,0.350555419921875
2024-06-10,6,1,300.77886962890625,294.4584045410156,6.273941040039063,1.1741485595703125,324.5,91320.640625,270.7216186523437,284.42071533203125,292.58477783203125,0.0028333440423011,0.0093590095639228,0.0154401324689388,11.043701171875,15.631729125976562,11.043548583984377,4.18341064453125,-1.6910400390625,1.881500244140625
2024-06-10,12,2,299.639404296875,293.918701171875,5.036788940429688,0.94708251953125,45.25,91167.8125,270.1011047363281,285.094970703125,292.6270751953125,0.0058031231164932,0.0081057362258434,0.0148422345519065,12.160614013671877,17.746170043945312,11.960708618164062,0.724609375,-2.53814697265625,1.8474884033203125
2024-06-10,18,3,296.4548645019531,293.77740478515625,4.404998779296875,1.770050048828125,103.25,91438.53125,270.1262512207031,284.67938232421875,291.179443359375,0.0050713196396827,0.007823422551155,0.0151484534144401,9.270156860351562,16.8314208984375,14.509475708007812,0.885711669921875,-5.318878173828125,1.0845489501953125
2024-06-11,0,0,296.2933959960937,294.26873779296875,3.9166107177734375,0.615264892578125,9.0,91262.53125,270.00665283203125,284.8935852050781,290.67657470703125,0.0051613189280033,0.0081231407821178,0.0143537521362304,9.933090209960938,13.900909423828123,14.619400024414062,2.6588134765625,-5.177413940429688,-0.8701171875
2024-06-11,6,1,299.3986511230469,295.52276611328125,5.9781646728515625,-0.084075927734375,437.5,91379.28125,269.38720703125,283.7889099121094,292.2083435058594,0.0054996348917484,0.0092341266572475,0.0153005830943584,9.436721801757812,15.689163208007812,10.855667114257812,2.722412109375,-4.286300659179688,-1.0386810302734375
2024-06-11,12,2,297.5460205078125,294.436279296875,4.035797119140625,0.1378936767578125,821.5,91248.328125,269.7596435546875,284.34356689453125,293.4047546386719,0.0056407824158668,0.0089242346584796,0.0148163922131061,7.971710205078125,16.725570678710938,12.56988525390625,-1.8928375244140625,-5.989715576171875,-0.89801025390625
2024-06-11,18,3,296.15234375,294.47137451171875,4.246505737304688,1.2252197265625,179.5,91422.34375,269.4632568359375,284.5980224609375,291.47998046875,0.0054749511182308,0.0084541998803615,0.0149355418980121,10.7440185546875,13.422744750976562,14.66351318359375,1.124359130859375,-5.8084869384765625,0.400054931640625
2024-06-12,0,0,296.3656005859375,294.939208984375,3.9388275146484375,0.577056884765625,136.25,91385.34375,268.98858642578125,283.7284851074219,290.6952514648437,0.0053544286638498,0.0094701535999774,0.0148196890950202,7.7055511474609375,13.252883911132812,13.9771728515625,0.35205078125,-6.0382843017578125,-1.8806915283203125
2024-06-12,6,1,299.43719482421875,294.538330078125,4.8697662353515625,1.1954193115234375,739.75,91544.5625,269.6375732421875,283.5576171875,291.3157958984375,0.0050900317728519,0.0077648498117923,0.0148711986839771,5.983917236328125,12.743118286132812,12.519744873046877,-2.615509033203125,-3.5097808837890625,0.530609130859375
2024-06-12,12,2,300.1104736328125,293.59259033203125,3.82373046875,-0.17388916015625,288.25,91328.546875,269.35137939453125,283.23114013671875,292.56402587890625,0.0053146407008171,0.0097036845982074,0.0144325010478496,1.89666748046875,16.191925048828125,12.143218994140623,-2.322982788085937,-4.430999755859375,-2.480453491210937
2024-06-12,18,3,295.3186950683594,293.02203369140625,3.3388671875,0.0980072021484375,41.625,91530.9375,269.1008605957031,284.0484924316406,290.58843994140625,0.0052201030775904,0.0081324242055416,0.0145796537399292,3.330108642578125,14.308609008789062,12.0941162109375,3.17633056640625,-5.364471435546875,-3.246322631835937
2024-06-13,0,0,295.8038330078125,293.828369140625,3.5585479736328125,1.26483154296875,7.875,91433.5625,269.375732421875,284.40533447265625,290.1981811523437,0.0048016607761383,0.0074338689446449,0.0130124539136886,7.267822265625,12.83453369140625,12.541000366210938,2.781890869140625,-7.140151977539063,-1.3721160888671875
2024-06-13,6,1,300.75836181640625,294.3937683105469,5.54522705078125,0.3089447021484375,14.375,91537.28125,269.8265991210937,283.8758544921875,292.13092041015625,0.0046238116919994,0.0093048512935638,0.0140228979289531,5.639007568359375,12.520843505859377,9.403060913085938,2.074188232421875,-4.330245971679688,0.23992919921875
2024-06-13,12,2,296.879150390625,294.068359375,3.8206787109375,-0.2512664794921875,415.0,91324.84375,270.2465209960937,283.5671691894531,292.0087890625,0.0056321136653423,0.0105029419064521,0.0147237256169319,6.5103912353515625,12.602432250976562,13.190017700195312,-0.924957275390625,-3.37445068359375,0.0373687744140625
2024-06-13,18,3,295.3436279296875,294.1983642578125,3.610153198242188,0.7930908203125,43.25,91431.578125,270.37945556640625,284.89093017578125,291.489501953125,0.0051406100392341,0.0073455721139907,0.0150250978767871,6.0416107177734375,14.292816162109377,12.099365234375,2.269927978515625,-8.1614990234375,-1.7129364013671875
2024-06-14,0,0,295.9498291015625,294.4237365722656,3.842697143554688,0.699249267578125,0.0,91274.21875,269.4727783203125,284.0126037597656,291.51953125,0.005080085247755,0.007976297289133,0.0131474994122982,5.9210205078125,10.039886474609377,13.707244873046877,-0.0635528564453125,-8.40704345703125,-2.937286376953125
2024-06-14,6,1,300.72705078125,293.35089111328125,5.38079833984375,-0.729827880859375,3.0,91393.109375,268.7642822265625,283.7064819335937,292.79669189453125,0.0047095715999603,0.0082043185830116,0.0135567933320999,8.759750366210938,9.45904541015625,8.862777709960938,-3.4060516357421875,-3.084091186523437,-1.5489959716796875
2024-06-14,12,2,301.71539306640625,293.15386962890625,3.489364624023437,-0.6583709716796875,0.0,91134.96875,270.1927490234375,284.2548828125,294.6009521484375,0.0048139207065105,0.0076977014541625,0.0132793374359607,3.2278289794921875,8.824386596679688,7.9355316162109375,-3.6948394775390634,-3.5675048828125,-1.60009765625
2024-06-14,18,3,297.2255859375,293.6916809082031,2.8693084716796875,-0.5475006103515625,3.75,91411.859375,269.00982666015625,285.1037292480469,292.6507568359375,0.0053685344755649,0.0058513097465038,0.0140013918280601,0.84039306640625,6.902557373046875,7.667160034179687,-2.3141326904296875,-3.3452301025390625,-2.774398803710937
2024-06-15,0,0,295.5319519042969,293.9257507324219,2.589340209960937,0.7392120361328125,0.0,91252.65625,269.63739013671875,284.292236328125,292.4241638183594,0.0052959993481636,0.0065752565860748,0.0102698728442192,2.095062255859375,5.3626556396484375,10.230911254882812,-2.249008178710937,-2.8853912353515625,-1.5915069580078125
2024-06-15,6,1,301.06793212890625,292.404052734375,4.551681518554688,0.55145263671875,0.25,91299.8125,269.68328857421875,284.3941650390625,292.58319091796875,0.0051191318780183,0.0048550255596637,0.0132451020181179,0.1727447509765625,7.085861206054688,7.7297515869140625,-3.8217926025390634,-0.5450439453125,0.7026519775390625
2024-06-15,12,2,302.22711181640625,291.69561767578125,2.9740753173828125,-0.0672454833984375,3.5,91097.65625,269.69390869140625,284.169921875,294.7994384765625,0.0043329633772373,0.0060947649180889,0.0114608705043792,0.8833465576171875,9.044845581054688,7.983367919921875,-1.471221923828125,-2.594940185546875,-1.241729736328125
2024-06-15,18,3,297.3149108886719,292.7977905273437,2.8584442138671875,0.5294647216796875,0.0,91345.296875,268.93634033203125,284.2430419921875,293.5509033203125,0.0039563737809658,0.0083768367767333,0.011428128927946,-2.2075347900390625,7.421142578125,9.109939575195312,-1.7232513427734375,-5.217575073242188,1.02777099609375
2024-06-16,0,0,295.8036499023437,293.2004699707031,2.62896728515625,1.3412322998046875,0.0,91266.90625,269.24334716796875,284.68023681640625,292.22149658203125,0.0040404126048088,0.0086318925023078,0.0118388943374156,0.8621063232421875,3.0155029296875,11.993850708007812,-1.614959716796875,-3.274688720703125,2.635482788085937
2024-06-16,6,1,301.1029357910156,294.0177001953125,5.196945190429688,0.777130126953125,25.0,91358.765625,269.0552673339844,284.0955810546875,293.0223388671875,0.0044379532337188,0.0087482258677482,0.0138766653835773,-1.8323974609375,3.04901123046875,8.839157104492188,-1.696685791015625,-1.3546600341796875,0.98095703125
2024-06-16,12,2,301.8001403808594,294.8610534667969,3.3616943359375,0.6186676025390625,264.5,91145.796875,268.97381591796875,283.9071655273437,294.013671875,0.0044658668339252,0.009547296911478,0.0138449110090732,-3.044525146484375,6.0362548828125,8.551925659179688,-1.4849853515625,-2.3596343994140625,1.4511871337890625
2024-06-16,18,3,296.78936767578125,293.6639709472656,1.898345947265625,0.834075927734375,125.25,91366.734375,268.8992614746094,284.8082275390625,292.603515625,0.0042527234181761,0.0083238221704959,0.0137269012629985,-0.8282012939453125,5.2398834228515625,6.8251800537109375,1.86212158203125,-0.23638916015625,0.5842437744140625
2024-06-17,0,0,296.0093994140625,293.91802978515625,2.0137176513671875,0.316070556640625,0.0,91247.375,269.1917724609375,284.7042236328125,292.95977783203125,0.0042858403176069,0.0091249011456966,0.012005977332592,0.503692626953125,5.0019073486328125,6.85772705078125,-0.0646820068359375,-1.15728759765625,0.0044708251953125
2024-06-17,6,1,302.191162109375,295.0419616699219,3.5744171142578125,1.3235015869140625,146.5,91365.046875,270.1068115234375,284.5473022460937,293.0240173339844,0.0042922906577587,0.0101107638329267,0.0145618878304958,-2.321075439453125,6.388351440429688,5.681671142578125,-1.0980682373046875,1.097900390625,1.862701416015625
2024-06-17,12,2,301.9690246582031,295.5678100585937,2.8757476806640625,0.941436767578125,954.75,91170.09375,269.8084716796875,284.6786804199219,293.5626220703125,0.0045089982450008,0.0106950029730796,0.0161199271678924,0.8306121826171875,6.88079833984375,7.3652496337890625,-0.1975555419921875,1.6809539794921875,1.45709228515625
2024-06-17,18,3,296.90533447265625,294.83624267578125,2.3444976806640625,0.536163330078125,621.25,91409.6875,269.73541259765625,284.134765625,292.736572265625,0.0044503509998321,0.0106904208660125,0.0145892649888992,0.414794921875,5.998825073242188,7.3432159423828125,0.7864837646484375,-0.07623291015625,-1.0597076416015625
2024-06-18,0,0,295.9451599121094,294.5693054199219,2.011688232421875,0.3316650390625,6.0,91226.109375,269.48162841796875,284.7258605957031,292.027587890625,0.0042390972375869,0.009403645992279,0.0135499574244022,1.655487060546875,6.316436767578125,6.684860229492188,2.149154663085937,-2.0653228759765625,-1.9887847900390625
2024-06-18,6,1,300.437744140625,294.1170654296875,4.77972412109375,1.121429443359375,66.75,91347.25,270.1918334960937,284.61700439453125,293.0274353027344,0.0040688961744308,0.0091474615037441,0.0140904858708381,1.9470062255859373,5.45599365234375,7.951629638671875,-0.0290985107421875,-0.3205718994140625,1.3893585205078125
2024-06-18,12,2,300.8121643066406,294.99053955078125,2.814605712890625,0.0485382080078125,531.5,91089.71875,270.3681335449219,284.71923828125,293.60528564453125,0.0053482428193092,0.0100556537508964,0.0142998434603214,2.2733917236328125,8.578903198242188,9.215011596679688,-2.26593017578125,-1.3711090087890625,0.3170166015625
2024-06-18,18,3,296.3815002441406,294.3433837890625,2.500244140625,0.0183258056640625,83.25,91400.5625,269.7913818359375,283.7073059082031,291.50830078125,0.0058813504874706,0.010865431278944,0.0150257311761379,2.1304473876953125,7.075958251953125,8.96112060546875,-1.3981781005859375,-2.17724609375,0.111053466796875
2024-06-19,0,0,296.3351135253906,295.11767578125,2.9702301025390625,0.7976226806640625,107.5,91179.3125,269.3695068359375,284.2471923828125,292.1353759765625,0.0052373223006725,0.0095819868147373,0.0137123093008995,2.836090087890625,8.92327880859375,11.7572021484375,1.180419921875,-3.24365234375,-0.896942138671875
2024-06-19,6,1,300.91876220703125,294.529296875,5.3905181884765625,0.0604400634765625,101.5,91284.828125,269.4454345703125,284.2831420898437,292.18719482421875,0.0051035694777965,0.0089061148464679,0.0143844969570636,2.626937866210937,8.3629150390625,9.99688720703125,0.3803558349609375,-1.6539154052734375,-0.5775909423828125
2024-06-19,12,2,299.94415283203125,296.1383972167969,2.726104736328125,-0.0625762939453125,1059.0,91004.453125,269.7994384765625,284.60430908203125,293.4154968261719,0.0053833089768886,0.0102350525557994,0.0150955766439437,3.205841064453125,7.59454345703125,9.5811767578125,-1.6417083740234375,-0.7040557861328125,-0.327392578125
2024-06-19,18,3,296.43212890625,294.151123046875,3.0103912353515625,0.686981201171875,149.5,91265.5,269.6390380859375,283.5719299316406,291.74835205078125,0.005430731922388,0.010171853005886,0.0147535391151905,0.3080596923828125,8.313919067382812,10.611892700195312,-0.1864471435546875,-1.4019622802734375,-0.16339111328125
2024-06-20,0,0,296.16217041015625,294.3905334472656,3.3685302734375,1.1557159423828125,17.0,91113.671875,269.5365600585937,284.3099670410156,290.7801513671875,0.0053129699081182,0.0088751651346683,0.0138193666934967,1.1234283447265625,9.287017822265623,12.658065795898438,0.2918701171875,-0.997467041015625,0.7877044677734375
2024-06-20,6,1,300.49835205078125,293.6996459960937,5.4123077392578125,1.2396087646484375,118.75,91313.6875,269.9372253417969,283.8305053710937,292.1723327636719,0.0049516260623931,0.0077825486660003,0.0144721940159797,1.2491302490234375,8.741302490234375,9.3201904296875,1.8949432373046875,-1.4024200439453125,1.683502197265625
2024-06-20,12,2,298.79229736328125,293.56011962890625,4.0905609130859375,1.8224334716796875,207.25,91052.859375,270.41961669921875,283.57977294921875,292.4862060546875,0.0039115622639656,0.0082140043377876,0.0146672651171684,1.7716064453125,10.684371948242188,11.497879028320312,0.4526824951171875,-1.4692535400390625,2.491973876953125
2024-06-20,18,3,295.9416198730469,292.56427001953125,3.457183837890625,0.65289306640625,0.0,91301.46875,269.7645874023437,284.3712158203125,291.30322265625,0.003559389617294,0.007219024002552,0.01339777931571,0.73748779296875,10.7041015625,13.526809692382812,2.584457397460937,-3.6730804443359375,-0.691741943359375
2024-06-21,0,0,296.12896728515625,293.9311828613281,3.637298583984375,1.24053955078125,6.25,91159.125,269.8492431640625,283.946044921875,290.0517578125,0.0042148046195507,0.0088822729885578,0.0141319520771503,1.865509033203125,7.815322875976562,12.795562744140623,1.5131072998046875,-4.5662841796875,0.180908203125
2024-06-21,6,1,300.52734375,293.98028564453125,5.722198486328125,0.4193572998046875,67.0,91262.09375,269.00201416015625,284.1260070800781,292.5466613769531,0.0042288675904273,0.0089852511882781,0.0143027640879154,2.346588134765625,10.495819091796877,10.072296142578123,2.2533721923828125,-4.2808990478515625,0.3245849609375
2024-06-21,12,2,299.2008361816406,293.7679748535156,4.1214599609375,0.6480560302734375,247.75,91027.953125,270.10870361328125,284.04376220703125,293.4491577148437,0.0044441632926464,0.0095414854586124,0.0145953148603439,3.29254150390625,9.5843505859375,11.712310791015623,0.176666259765625,-5.1111907958984375,0.9517059326171876
2024-06-21,18,3,295.36065673828125,292.9581604003906,3.846481323242188,0.7131500244140625,30.0,91226.828125,268.9958801269531,284.9302062988281,291.1940612792969,0.0046442076563835,0.0081588588654994,0.0146512016654014,3.9892578125,7.416152954101562,12.467941284179688,-0.8713836669921875,-3.916412353515625,-1.2433319091796875
2024-06-22,0,0,295.3640441894531,293.5751342773437,3.9465484619140634,0.6576385498046875,2.75,91009.109375,269.47283935546875,284.102294921875,290.63427734375,0.0044841133058071,0.0082247219979763,0.0139085501432418,2.5001983642578125,6.1874542236328125,11.515365600585938,0.4194488525390625,-5.067352294921875,-2.748275756835937
2024-06-22,6,1,300.0419311523437,293.8124694824219,5.058258056640625,-0.8929595947265625,22.25,91090.109375,271.2577209472656,284.04400634765625,292.4033203125,0.003803766798228,0.0088532753288745,0.0139713883399963,2.620834350585937,5.646484375,9.234786987304688,-0.5449371337890625,-3.86273193359375,-2.5192413330078125
2024-06-22,12,2,299.9356689453125,294.9368896484375,3.3830718994140625,0.1367645263671875,216.25,90811.40625,270.89422607421875,284.6573486328125,294.076904296875,0.0048387236893177,0.0087423399090766,0.0150052681565284,5.7234649658203125,5.529830932617188,7.263076782226562,2.36834716796875,0.388336181640625,0.3137969970703125
2024-06-22,18,3,296.2607421875,293.7484741210937,3.3129119873046875,1.7274017333984375,28.75,91132.453125,269.71173095703125,283.52081298828125,291.009521484375,0.0050357654690742,0.0090464986860752,0.0141354799270629,1.8578948974609373,5.7211456298828125,10.681716918945312,1.6669158935546875,2.676498413085937,2.534042358398437
2024-06-23,0,0,295.95135498046875,293.8256225585937,3.272186279296875,1.7276153564453125,1.0,90984.1875,269.6791381835937,283.83551025390625,290.89031982421875,0.0054396074265241,0.0091776251792907,0.0142084509134292,3.5691070556640625,6.46209716796875,11.872940063476562,3.033172607421875,1.948974609375,2.3039093017578125
2024-06-23,6,1,300.5809936523437,294.55908203125,4.8846435546875,0.62188720703125,0.0,91010.609375,270.822265625,283.6619567871094,292.4278869628906,0.0055597722530364,0.009874127805233,0.0139321088790893,7.294021606445312,10.164764404296877,7.718582153320312,4.738433837890625,-0.259857177734375,0.629974365234375
2024-06-23,12,2,298.8226318359375,294.6199951171875,2.7115478515625,1.9051666259765625,379.75,90785.09375,270.6718444824219,284.06494140625,293.0448303222656,0.0061379484832286,0.0103454403579235,0.0154919996857643,8.175186157226562,6.895843505859375,9.3896484375,1.2077789306640625,4.582443237304688,5.1961212158203125
2024-06-23,18,3,295.2744445800781,293.7137451171875,5.541015625,2.02117919921875,26.5,91120.34375,270.5768127441406,282.9149780273437,290.763427734375,0.0056987423449754,0.0101265907287597,0.0130557939410209,2.913192749023437,17.144119262695312,16.8309326171875,0.1637115478515625,0.7699737548828125,2.8106231689453125
2024-06-24,0,0,295.4379272460937,292.5905456542969,3.5151519775390625,1.4778289794921875,5.0,90886.046875,270.3544311523437,285.6267395019531,290.3182983398437,0.0055754296481609,0.0096128210425376,0.0123867467045784,5.9089202880859375,13.5037841796875,14.586257934570312,5.1505279541015625,2.031356811523437,1.388336181640625
2024-06-24,6,1,299.58746337890625,293.55682373046875,6.663330078125,1.356781005859375,5.25,90956.234375,271.2494812011719,284.5523376464844,293.29547119140625,0.0048323906958103,0.0098935775458812,0.013633843511343,3.4283905029296875,15.865341186523438,13.856216430664062,7.0045318603515625,1.91259765625,1.9697265625
2024-06-24,12,2,299.8468017578125,293.83477783203125,4.3326263427734375,2.110107421875,6.5,90833.90625,270.1142578125,283.83447265625,292.6253662109375,0.0053576081991195,0.0104124136269092,0.0143747515976428,6.202804565429688,14.87158203125,11.240127563476562,2.419189453125,-2.8521728515625,2.9322967529296875
2024-06-24,18,3,295.63494873046875,293.3705444335937,3.5715484619140625,1.6048736572265625,16.25,91043.265625,269.7862548828125,284.4265441894531,290.7090148925781,0.0053851902484893,0.0097008794546127,0.0147775970399379,5.8004913330078125,15.515960693359377,14.499481201171877,0.0872650146484375,-0.518341064453125,2.5904541015625
2024-06-25,0,0,296.7380065917969,294.3179626464844,5.1259613037109375,2.024810791015625,10.5,90912.609375,270.2088928222656,285.7581787109375,290.94696044921875,0.00537746027112,0.009615384042263,0.0150053426623344,5.94964599609375,16.520339965820312,16.3460693359375,0.5376739501953125,-0.1945343017578125,3.962982177734375
2024-06-25,6,1,300.8129577636719,294.5809631347656,7.318756103515625,2.0282135009765625,29.0,90921.5,270.3890686035156,285.06475830078125,293.00250244140625,0.0048737972974777,0.0105500258505344,0.0154687874019145,6.9748382568359375,16.606643676757812,13.459030151367188,2.177093505859375,1.1005859375,3.566253662109375
2024-06-25,12,2,298.3321533203125,294.794677734375,4.521514892578125,1.19134521484375,32.5,90828.15625,270.6098022460937,284.85272216796875,292.16131591796875,0.0053681693971157,0.0110485963523387,0.0153226368129253,6.133636474609375,16.763641357421875,13.890274047851562,-0.65374755859375,-0.5786285400390625,1.1207427978515625
2024-06-25,18,3,295.97222900390625,293.4407043457031,5.236373901367188,1.6848907470703125,23.5,91059.421875,270.5570678710937,284.287109375,291.0767822265625,0.0052097290754318,0.0102595835924148,0.0150790885090827,1.589080810546875,19.399688720703125,16.0198974609375,1.1499481201171875,-0.7490081787109375,1.6916046142578125
2024-06-26,0,0,295.82000732421875,293.8229675292969,4.8318939208984375,2.7132720947265625,5.0,90837.28125,270.3572998046875,285.9085388183594,290.70819091796875,0.0050094574689865,0.0094062313437461,0.0148668773472309,1.9087371826171875,16.63873291015625,16.213180541992188,0.340606689453125,1.274688720703125,5.301284790039063
2024-06-26,6,1,297.82012939453125,294.47125244140625,5.908981323242188,2.425445556640625,175.0,90963.375,269.502685546875,285.8087463378906,291.7862548828125,0.0056154895573854,0.0085176825523376,0.01530721783638,-3.148284912109375,16.339706420898438,15.13507080078125,-0.94415283203125,2.3872222900390625,3.976470947265625
2024-06-26,12,2,298.8749389648437,294.1559143066406,4.8598480224609375,1.8481597900390625,32.5,90883.21875,270.7287292480469,284.9095458984375,292.1048583984375,0.0052803605794906,0.0091929174959659,0.0147818997502326,0.8667755126953125,16.283233642578125,13.136154174804688,-2.0531005859375,0.6862335205078125,3.3280181884765625
2024-06-26,18,3,296.40655517578125,293.8881530761719,5.209014892578125,2.161407470703125,12.25,91142.203125,270.243408203125,284.9598999023437,291.1930847167969,0.0047872997820377,0.0096150673925876,0.0153057314455509,0.498443603515625,17.433547973632812,17.1982421875,0.4075927734375,0.887542724609375,3.0882720947265625
2024-06-27,0,0,295.7354736328125,293.4752502441406,5.625152587890625,2.857269287109375,3.0,90943.8125,269.8365478515625,285.54010009765625,290.92431640625,0.0050056502223014,0.0089681148529052,0.0149603355675935,5.162033081054688,18.136215209960938,17.859420776367188,0.16717529296875,2.459701538085937,6.138473510742188
2024-06-27,6,1,298.0306396484375,293.47772216796875,6.1617431640625,1.5121612548828125,56.5,91197.90625,269.8856201171875,284.0694274902344,291.0664978027344,0.0053446795791387,0.0087039247155189,0.0140481069684028,1.510955810546875,20.51156616210937,15.781158447265623,3.1433868408203125,4.3075103759765625,1.7084197998046875
2024-06-27,12,2,298.8007507324219,293.73468017578125,4.1858978271484375,1.0669403076171875,48.875,91063.375,270.21246337890625,284.4716186523437,291.6015014648437,0.0058078896254301,0.0077054612338542,0.0141732916235923,8.341705322265625,20.76324462890625,13.493850708007812,1.30926513671875,3.40789794921875,1.5513458251953125
2024-06-27,18,3,295.857421875,293.6830139160156,4.288497924804688,1.587615966796875,31.25,91328.046875,269.8013610839844,285.3052978515625,290.26422119140625,0.0057144612073898,0.0079867914319038,0.0143726877868175,10.116989135742188,15.76226806640625,15.626358032226562,2.493270874023437,1.392974853515625,2.3744049072265625
2024-06-28,0,0,295.88995361328125,293.87371826171875,3.120513916015625,1.5143890380859375,19.875,91188.0625,270.4384765625,285.3175048828125,290.6533203125,0.0022268646862357,0.0088718309998512,0.0145903453230857,13.490219116210938,14.62274169921875,13.39764404296875,6.545989990234375,2.21875,2.1540985107421875
2024-06-28,6,1,299.896240234375,293.3611755371094,6.04815673828125,2.085067749023437,10.25,91267.59375,271.5463256835937,285.1207580566406,292.71240234375,0.0009835094679147,0.0074409246444702,0.0139510817825794,14.3836669921875,16.133773803710938,10.870010375976562,3.074554443359375,1.7213592529296875,3.463165283203125
2024-06-28,12,2,300.55401611328125,294.08428955078125,3.73828125,1.0255126953125,0.5,91027.46875,271.1461181640625,284.720458984375,294.0384521484375,0.0004805743228644,0.0081662759184837,0.0142214260995388,13.610458374023438,13.55078125,9.24169921875,-0.7670135498046875,-0.562103271484375,1.775634765625
2024-06-28,18,3,296.49139404296875,294.0447998046875,3.242706298828125,1.2292938232421875,2.0,91300.390625,270.8500061035156,284.5477294921875,291.1866149902344,0.0003745951689779,0.0089630112051963,0.0147803500294685,9.174179077148438,11.80731201171875,11.402587890625,-0.0309906005859375,-0.2611846923828125,1.405792236328125
2024-06-29,0,0,296.49041748046875,294.0473022460937,3.216156005859375,1.723602294921875,21.25,91173.359375,270.790771484375,285.38848876953125,290.1301574707031,0.0009041856974363,0.0098569467663764,0.0142242833971977,8.890045166015625,9.0594482421875,11.972702026367188,-0.6882781982421875,1.0142822265625,1.2348175048828125
2024-06-29,6,1,300.1610717773437,294.07977294921875,5.43927001953125,2.045562744140625,55.0,91307.09375,270.03497314453125,285.7388000488281,292.8570556640625,0.0016108027193695,0.0088277943432331,0.0148780085146427,7.94708251953125,8.899856567382812,8.875442504882812,-3.846023559570313,1.923614501953125,3.169403076171875
2024-06-29,12,2,300.7517395019531,294.98516845703125,3.956100463867188,1.1302490234375,140.75,91088.546875,270.1532592773437,284.89306640625,294.5571594238281,0.0023472872562706,0.0093756131827831,0.014660108834505,9.3460693359375,10.480972290039062,9.5546875,-3.2080535888671875,1.521148681640625,2.769927978515625
2024-06-29,18,3,296.9150695800781,294.0876159667969,3.1162567138671875,0.868499755859375,1.0,91405.28125,269.6995849609375,285.0722045898437,291.56256103515625,0.0028431832324713,0.0090173706412315,0.0147292092442512,6.1683197021484375,9.0445556640625,11.199539184570312,-2.476837158203125,0.1470184326171875,-0.49273681640625
2024-06-30,0,0,296.52850341796875,294.32696533203125,2.941436767578125,1.9633331298828125,42.5,91249.921875,269.5883178710937,284.8811340332031,290.8026733398437,0.0037833862006664,0.0107543691992759,0.0147459767758846,7.8507080078125,7.25250244140625,11.00238037109375,-0.34344482421875,1.926055908203125,0.9566650390625
2024-06-30,6,1,299.2573547363281,294.8014221191406,4.6160430908203125,1.3157806396484375,412.75,91451.15625,269.48846435546875,284.4643249511719,292.28546142578125,0.0033467230387032,0.0103056654334068,0.0151438005268573,7.660919189453125,9.631988525390623,9.763778686523438,-1.5760040283203125,0.5189361572265625,1.4707183837890625
2024-06-30,12,2,299.3282165527344,295.3730163574219,3.8144378662109375,1.158905029296875,141.0,91163.28125,269.8726501464844,284.9080810546875,292.9789733886719,0.0037986647803336,0.0107003301382064,0.0152889341115951,7.880050659179687,9.014114379882812,8.7906494140625,-2.6884002685546875,1.0920562744140625,1.8502197265625
2024-06-30,18,3,296.24725341796875,294.3847961425781,2.5895538330078125,1.165130615234375,300.25,91449.09375,268.21002197265625,285.3525390625,291.79022216796875,0.0045705288648605,0.0099180899560451,0.0154935829341411,5.7151641845703125,10.998153686523438,11.788162231445312,-3.808746337890625,1.3989410400390625,0.7041778564453125
2024-07-01,0,0,296.1990051269531,294.96533203125,2.661361694335937,1.8438568115234373,73.5,91273.453125,268.66436767578125,285.2502136230469,290.586181640625,0.004208356142044,0.0102190487086772,0.0144905596971511,7.320938110351562,10.834320068359377,12.003341674804688,-0.5017547607421875,3.8560791015625,1.2360382080078125
2024-07-01,6,1,298.4374389648437,294.2774963378906,5.673599243164063,1.2752685546875,149.0,91391.390625,268.8260192871094,284.958984375,292.1220092773437,0.0042560398578643,0.0092600211501121,0.0152032971382141,7.755752563476562,11.58489990234375,10.022552490234377,-0.41717529296875,3.717208862304688,1.3369293212890625
2024-07-01,12,2,297.59454345703125,294.9190673828125,3.6463470458984375,1.1966552734375,262.25,91227.890625,268.5435485839844,284.20489501953125,292.3617248535156,0.0045292936265468,0.0096003003418445,0.0145412124693393,6.78533935546875,14.460052490234377,12.080856323242188,-2.620330810546875,1.2366180419921875,2.0424346923828125
2024-07-01,18,3,295.43572998046875,293.5096435546875,4.338287353515625,0.6460113525390625,2.75,91442.1875,268.3787841796875,285.29278564453125,290.96197509765625,0.0050442554056644,0.007302638143301,0.0137242078781127,5.0875091552734375,13.974685668945312,14.829681396484377,-1.451568603515625,1.92987060546875,-1.5040435791015625
2024-07-02,0,0,296.07861328125,294.2091369628906,4.758880615234375,1.3860321044921875,25.25,91166.390625,268.3601989746094,286.58123779296875,290.50347900390625,0.0041285455226898,0.006527304649353,0.014504175633192,5.720123291015625,13.68060302734375,15.567031860351562,-3.5438995361328125,1.1768035888671875,1.1121063232421875
2024-07-02,6,1,300.43902587890625,293.9622802734375,6.94720458984375,0.5002899169921875,58.25,91291.828125,268.2813720703125,286.5956726074219,292.9316711425781,0.0037097025196999,0.0055330693721771,0.0138880982995033,7.6765594482421875,13.455734252929688,13.328414916992188,-5.4931488037109375,0.204437255859375,0.55169677734375
2024-07-02,12,2,301.5132141113281,294.5272827148437,4.803497314453125,0.313201904296875,247.0,91064.03125,268.9936828613281,285.1104736328125,294.20440673828125,0.0019386212807148,0.0080882534384727,0.0141427628695964,11.160385131835938,13.929824829101562,10.5235595703125,-2.0157470703125,-2.3082427978515625,0.0897979736328125
2024-07-02,18,3,296.55389404296875,294.2503662109375,3.7890472412109375,0.557403564453125,75.25,91308.1875,269.471923828125,285.5048217773437,291.542236328125,0.0013637931551784,0.0070617347955703,0.0142217949032783,7.5558929443359375,12.52679443359375,13.1654052734375,0.0444793701171875,-3.01434326171875,-1.319549560546875
2024-07-03,0,0,296.59747314453125,294.5127868652344,3.101181030273437,1.047760009765625,10.25,91198.4375,269.00933837890625,285.6221923828125,290.245849609375,0.0020626075565814,0.0071540400385856,0.0138096436858177,9.430694580078123,13.2327880859375,11.718002319335938,-1.186981201171875,-2.005706787109375,0.0581512451171875
2024-07-03,6,1,300.6097412109375,293.8350830078125,5.6087493896484375,0.702392578125,16.25,91354.203125,268.88458251953125,284.5719909667969,292.346923828125,0.0023005192633718,0.008598405867815,0.0145874321460723,8.45587158203125,12.553817749023438,9.509963989257812,-1.1723480224609375,-0.1808319091796875,1.0354766845703125
2024-07-03,12,2,299.3658447265625,294.3660888671875,4.033203125,-0.261322021484375,103.0,91108.78125,269.38970947265625,284.0020751953125,292.845458984375,0.0050650052726268,0.0102112181484699,0.0143490172922611,5.766281127929688,12.697998046875,12.717498779296877,-1.426849365234375,-0.0258941650390625,-1.067718505859375
2024-07-03,18,3,295.33941650390625,292.83160400390625,3.510360717773437,0.6728515625,0.25,91444.34375,269.5218505859375,283.9208068847656,290.5170288085937,0.0053721256554126,0.0093472003936767,0.0140640623867511,3.5312957763671875,11.60223388671875,12.04547119140625,1.624420166015625,-1.930999755859375,-1.1169281005859375
2024-07-04,0,0,295.6066589355469,294.5785827636719,4.0005950927734375,1.3538055419921875,148.75,91258.8125,269.7786865234375,284.262939453125,290.43023681640625,0.0057868584990501,0.0098117683082818,0.0142619349062442,6.7089385986328125,7.308837890625,14.357955932617188,-0.2973785400390625,0.0248260498046875,-0.447479248046875
2024-07-04,6,1,298.4443664550781,293.9752502441406,4.698211669921875,-0.166717529296875,649.25,91444.921875,269.1125183105469,284.7650146484375,292.56549072265625,0.0056527145206928,0.009018063545227,0.0134935341775417,6.75421142578125,8.575592041015625,12.284927368164062,-0.5598907470703125,3.5396728515625,-3.315521240234375
2024-07-04,12,2,299.7763671875,294.3138122558594,3.503265380859375,-0.3493499755859375,208.25,91186.5625,269.338623046875,283.90802001953125,293.1996459960937,0.005561925470829,0.0094797387719154,0.0142254643142223,6.420425415039063,12.092544555664062,9.364898681640623,0.449188232421875,-0.4412689208984375,-1.482269287109375
2024-07-04,18,3,296.20635986328125,293.919921875,2.79388427734375,1.25439453125,28.25,91398.078125,269.321044921875,284.6187744140625,291.841064453125,0.0051334556192159,0.0076466910541057,0.0141166504472494,6.071136474609375,11.83880615234375,9.411422729492188,1.5309906005859375,-1.7760772705078125,-1.2348480224609375
2024-07-05,0,0,296.1336669921875,293.8605041503906,2.9538116455078125,1.7434539794921875,10.0,91207.859375,269.31561279296875,284.3125305175781,290.6861572265625,0.0050106905400753,0.0086605325341224,0.013680312782526,6.922042846679688,7.088623046875,11.804473876953123,0.364227294921875,-2.2181854248046875,1.7672882080078125
2024-07-05,6,1,300.6746826171875,294.7855834960937,5.395309448242188,1.6213226318359375,87.5,91282.796875,269.02325439453125,284.07080078125,292.22174072265625,0.0043640583753585,0.0088766366243362,0.0144076198339462,8.761001586914062,6.4520263671875,9.702606201171877,-1.431243896484375,0.6008758544921875,2.57440185546875
2024-07-05,12,2,297.74493408203125,294.993408203125,3.6251068115234375,0.472198486328125,123.0,91025.6875,269.822998046875,283.7221069335937,292.1473999023437,0.0055325292050838,0.0105959624052047,0.0145530775189399,7.262420654296875,11.205047607421877,11.170486450195312,-0.4830474853515625,2.1075439453125,1.3950042724609375
2024-07-05,18,3,294.91082763671875,293.26666259765625,4.2453460693359375,1.398040771484375,36.0,91258.234375,269.0041198730469,283.9105834960937,290.3570556640625,0.0054379664361476,0.0095945857465267,0.0139871090650558,7.28717041015625,15.401611328125,15.156021118164062,2.289169311523437,0.8167877197265625,2.368927001953125
2024-07-06,0,0,294.7342224121094,293.45635986328125,4.214752197265625,2.1175079345703125,7.25,91064.6875,268.7811889648437,285.32830810546875,289.68048095703125,0.0048329308629035,0.008173331618309,0.0137669332325458,11.353195190429688,10.640029907226562,15.223709106445312,2.2024078369140625,-2.702423095703125,2.963958740234375
2024-07-06,6,1,298.6195373535156,293.4320068359375,6.744049072265625,1.4684600830078125,96.5,91213.171875,267.85223388671875,285.16827392578125,292.8748779296875,0.004365287721157,0.0070463828742504,0.0132081415504217,13.18707275390625,11.676864624023438,14.118118286132812,-2.586700439453125,-0.30059814453125,2.39154052734375
2024-07-06,12,2,298.4684753417969,295.0229797363281,5.216476440429688,0.896820068359375,148.25,91009.390625,268.9796142578125,284.6532592773437,292.3622436523437,0.0051131024956703,0.0078845992684364,0.0144846439361572,9.296188354492188,14.640869140625,10.959121704101562,0.940948486328125,-1.6999969482421875,0.8063812255859375
2024-07-06,18,3,295.9179077148437,293.552490234375,3.726882934570313,0.913330078125,3.25,91217.96875,268.6644897460937,284.56396484375,290.57305908203125,0.0050096809864044,0.0068100579082965,0.0138470418751239,11.146026611328123,12.7034912109375,13.520706176757812,1.38385009765625,-1.88153076171875,0.8656158447265625
2024-07-07,0,0,295.93359375,293.5810546875,3.703445434570313,1.7816314697265625,96.75,91085.4375,268.5902709960937,283.87750244140625,290.317138671875,0.0049386285245418,0.007888700813055,0.0143957510590553,8.986801147460938,10.483474731445312,13.465042114257812,2.5679931640625,-2.777084350585937,1.666961669921875
2024-07-07,6,1,298.5278015136719,293.521728515625,6.26031494140625,1.0150299072265625,174.75,91246.703125,269.167724609375,283.861083984375,291.8831787109375,0.0053935423493385,0.0078269466757774,0.0144216939806938,7.8542327880859375,8.652938842773438,10.86785888671875,-1.2616119384765625,-0.669403076171875,1.2826690673828125
2024-07-07,12,2,297.4281616210937,293.7357177734375,4.0630645751953125,-0.1647186279296875,24.5,91028.0,269.7323608398437,283.6890869140625,291.4997253417969,0.0053651882335543,0.0086610689759254,0.0142370536923408,7.055923461914063,11.3787841796875,8.844696044921875,-0.88946533203125,0.30047607421875,-2.1526641845703125
2024-07-07,18,3,294.6098022460937,292.9186706542969,2.868804931640625,1.322174072265625,22.75,91257.09375,269.4329833984375,283.1230163574219,290.0428466796875,0.0052120387554168,0.0094141960144042,0.0142194479703903,6.9613037109375,9.8411865234375,10.698257446289062,0.194366455078125,-4.5307159423828125,-0.2606658935546875
2024-07-08,0,0,294.57965087890625,293.6737365722656,3.18218994140625,1.0051116943359375,3.25,91029.671875,270.36138916015625,283.31072998046875,290.1961669921875,0.0054743587970733,0.0101548992097377,0.0139477290213108,4.7105560302734375,7.8780517578125,11.988143920898438,-0.416351318359375,-1.819366455078125,-1.0407257080078125
2024-07-08,6,1,297.0799560546875,293.3201904296875,5.257476806640625,0.7257080078125,20.5,91190.109375,270.2681884765625,283.20562744140625,290.7884521484375,0.0053961686789989,0.0096241682767868,0.0141903795301914,1.138427734375,9.210205078125,8.860427856445312,0.6600189208984375,-0.199188232421875,-0.21612548828125
2024-07-08,12,2,296.8529052734375,293.7201538085937,3.0255126953125,1.8340911865234373,63.5,90990.109375,269.90997314453125,283.5726928710937,291.64617919921875,0.0058357212692499,0.0108622051775455,0.0142374746501445,9.5684814453125,10.289993286132812,7.688156127929687,-1.5677032470703125,5.4761962890625,3.80450439453125
2024-07-08,18,3,294.22314453125,293.1318054199219,4.0805206298828125,1.27313232421875,37.75,91217.5625,269.511962890625,284.0158386230469,290.2578125,0.0054500810801982,0.0101989582180976,0.0138002447783946,8.424118041992188,15.12799072265625,14.693710327148438,-2.1737060546875,-0.7282867431640625,-0.1248931884765625
2024-07-09,0,0,295.0350952148437,293.6351318359375,4.084564208984375,0.9256744384765624,2.25,91050.0,269.0996398925781,285.2200927734375,290.14190673828125,0.0054777115583419,0.0086462572216987,0.014009591192007,6.1855010986328125,11.131256103515623,14.666778564453123,6.56976318359375,5.669830322265625,-0.4842071533203125
2024-07-09,6,1,297.80419921875,293.9349365234375,5.739227294921875,0.75628662109375,12.0,91280.703125,269.41375732421875,284.2528686523437,291.37213134765625,0.004855677485466,0.0089694634079933,0.014144193381071,7.608734130859375,8.256851196289062,8.682083129882812,11.19140625,1.6142120361328125,0.9864349365234376
2024-07-09,12,2,298.88720703125,293.2760009765625,4.341339111328125,-0.175872802734375,0.0,91115.546875,270.4096069335937,283.908935546875,292.0653076171875,0.0040552727878093,0.0096973404288291,0.013681337237358,9.558456420898438,10.723419189453123,10.44219970703125,8.500442504882812,0.6147918701171875,0.073699951171875
2024-07-09,18,3,295.4501953125,293.0505676269531,3.084686279296875,0.6576080322265625,0.0,91438.78125,270.267333984375,283.2470397949219,291.13592529296875,0.0039296667091548,0.0098658949136734,0.0126872174441814,8.537094116210938,9.327133178710938,10.080352783203123,6.6405029296875,-0.60662841796875,-1.0463714599609375
2024-07-10,0,0,295.1026611328125,292.9218444824219,2.447479248046875,1.7445526123046875,0.0,91375.46875,269.363037109375,283.8582458496094,290.91033935546875,0.0048107430338859,0.0097270756959915,0.0129030458629131,5.873779296875,8.68072509765625,10.4732666015625,4.903335571289063,-1.5651702880859375,-0.191009521484375
2024-07-10,6,1,301.5934753417969,293.68621826171875,4.305999755859375,-0.1653900146484375,0.0,91469.9375,269.7989501953125,283.9652709960937,292.3938293457031,0.0043492168188095,0.0092543177306652,0.0133258216083049,4.80780029296875,8.006362915039062,6.534515380859375,2.213623046875,-0.38006591796875,-0.55206298828125
2024-07-10,12,2,300.07061767578125,294.7484130859375,2.1695556640625,0.045196533203125,476.5,91256.296875,270.0739440917969,283.793701171875,293.4665832519531,0.0053282044827938,0.0111050717532634,0.0142070092260837,5.3715362548828125,6.87286376953125,6.48944091796875,1.6331024169921875,0.0827484130859375,0.6622161865234375
2024-07-10,18,3,295.8212890625,294.14239501953125,3.5467529296875,0.665252685546875,96.25,91570.640625,269.618896484375,282.923095703125,291.9310302734375,0.0054981969296932,0.0109066944569349,0.0139026641845703,5.7408447265625,5.670166015625,11.411651611328123,3.546661376953125,-3.37322998046875,2.17559814453125
2024-07-11,0,0,295.455810546875,293.9029541015625,3.3734588623046875,0.350006103515625,13.75,91393.515625,269.01025390625,284.365234375,291.803466796875,0.005060214549303,0.0090365894138813,0.0125295557081699,4.4846038818359375,11.240158081054688,12.467330932617188,1.5808868408203125,0.249664306640625,-2.4575958251953125
2024-07-11,6,1,299.2738647460937,293.9027404785156,3.832916259765625,-0.296356201171875,121.0,91455.375,268.7425537109375,284.90496826171875,290.787109375,0.0046985484659671,0.0084944516420364,0.0143996328115463,13.350341796875,9.891128540039062,8.472366333007812,2.5627593994140625,-1.303680419921875,-1.78009033203125
2024-07-11,12,2,299.5477600097656,295.64410400390625,3.2807159423828125,-0.324249267578125,287.5,91120.890625,270.2011413574219,284.4001770019531,292.7581787109375,0.0035903335083276,0.0095036663115024,0.0146974250674247,9.51849365234375,9.52484130859375,7.883926391601562,3.4593658447265625,-2.6982574462890625,-0.7047119140625
2024-07-11,18,3,296.19024658203125,294.38360595703125,2.7967071533203125,0.209228515625,190.25,91346.6875,269.903076171875,283.840087890625,292.20428466796875,0.0033169197849929,0.0088147073984146,0.0147113390266895,9.625167846679688,8.829483032226562,9.259658813476562,3.95672607421875,-5.1265716552734375,-1.5888519287109375
2024-07-12,0,0,296.0439453125,294.2503356933594,2.680999755859375,1.040679931640625,87.5,91185.71875,269.6652526855469,284.460693359375,291.50738525390625,0.003789801383391,0.0079661831259727,0.0148527435958385,10.328506469726562,11.73638916015625,10.982131958007812,-0.6515960693359375,-6.220458984375,-1.5011444091796875
2024-07-12,6,1,300.91876220703125,295.1396484375,5.339279174804688,0.2845001220703125,236.75,91246.25,269.80499267578125,284.6449584960937,292.6997985839844,0.0043213572353124,0.0084411166608333,0.0150149874389171,8.824752807617188,10.547164916992188,8.864288330078125,-1.216644287109375,-3.134246826171875,0.2208099365234375
2024-07-12,12,2,298.93280029296875,295.1567077636719,3.1906890869140625,-0.038177490234375,498.25,91019.375,270.2593994140625,284.7374267578125,292.4360046386719,0.0051201581954956,0.0114260204136371,0.0153202451765537,9.983673095703123,13.404769897460938,12.003067016601562,-5.2447662353515625,0.49603271484375,0.0940093994140625
2024-07-12,18,3,294.6768798828125,293.6005859375,3.9600677490234375,0.1436920166015625,41.5,91266.1875,269.3006896972656,284.51837158203125,290.80340576171875,0.0044436641037464,0.0091748051345348,0.0150687582790851,8.65826416015625,15.31939697265625,13.795242309570312,-4.159637451171875,-2.0816192626953125,-1.841583251953125
2024-07-13,0,0,296.16046142578125,293.77569580078125,4.543228149414063,1.101165771484375,30.5,91206.546875,268.83038330078125,283.7337951660156,290.52850341796875,0.0047334246337413,0.0087868608534336,0.0145801492035388,5.9578857421875,14.440017700195312,14.77716064453125,-2.33355712890625,0.53900146484375,0.615478515625
2024-07-13,6,1,299.48736572265625,294.03826904296875,7.418563842773437,-0.7082061767578125,6.75,91182.640625,269.40594482421875,284.250244140625,292.396484375,0.0049170479178428,0.0081970617175102,0.0138878561556339,5.58148193359375,14.330947875976562,12.745895385742188,1.733428955078125,-1.9549713134765625,-1.058746337890625
2024-07-13,12,2,299.9788513183594,293.99432373046875,5.120635986328125,-0.0984039306640625,140.0,91055.25,269.962158203125,283.6647644042969,293.0277404785156,0.0051939822733402,0.0081892684102058,0.0139388814568519,9.550186157226562,15.106414794921877,13.091171264648438,-1.3449554443359375,-3.72979736328125,-1.24334716796875
2024-07-13,18,3,295.5958251953125,293.7862854003906,4.950347900390625,0.436248779296875,62.5,91264.0625,268.3640441894531,283.8306579589844,290.58013916015625,0.0051365476101636,0.0091322585940361,0.0147603191435337,4.80328369140625,16.519088745117188,15.032485961914062,-5.66741943359375,-4.3600006103515625,-2.1337432861328125
2024-07-14,0,0,295.9689025878906,293.486572265625,5.4486083984375,0.5732574462890625,22.75,91063.015625,269.0198059082031,284.60333251953125,289.8664855957031,0.0050271302461624,0.0072943158447742,0.0140869058668613,4.3499298095703125,18.213104248046875,16.22015380859375,-4.032562255859375,-3.5802001953125,-0.68890380859375
2024-07-14,6,1,298.8373107910156,293.90185546875,7.7222900390625,-0.5366058349609375,13.0,91068.359375,268.99908447265625,285.5283203125,291.68658447265625,0.0050566643476486,0.0079610049724578,0.0141515955328941,9.493515014648438,18.24932861328125,13.752120971679688,-2.154815673828125,-4.4891204833984375,-1.1347198486328125
2024-07-14,12,2,297.58282470703125,294.8453063964844,5.4337310791015625,0.829681396484375,26.0,90911.09375,269.358154296875,284.33551025390625,291.8448791503906,0.0052812434732913,0.0088822282850742,0.0141836367547512,4.372283935546875,20.85859680175781,14.87628173828125,-2.8508453369140625,0.4323272705078125,0.347503662109375
2024-07-14,18,3,295.07110595703125,293.98370361328125,5.283370971679688,0.52374267578125,58.5,91073.765625,269.99871826171875,284.03973388671875,290.7593994140625,0.0059614852070808,0.0074115805327892,0.01461598649621,9.0791015625,23.3614501953125,17.520278930664062,-1.1386871337890625,-0.85150146484375,-0.697601318359375
2024-07-15,0,0,294.7999267578125,293.5315856933594,4.53179931640625,2.1810455322265625,2.0,90906.328125,270.1552734375,284.988525390625,290.0972900390625,0.0061599314212799,0.0096702985465526,0.0139787644147872,16.468658447265625,19.445098876953125,16.830123901367188,-7.323974609375,1.8271026611328125,1.649261474609375
2024-07-15,6,1,296.60748291015625,294.5189208984375,4.6458282470703125,1.828033447265625,56.5,91025.46875,270.3925170898437,283.3277587890625,291.27178955078125,0.0055118016898632,0.0109888389706611,0.0144764333963394,21.07525634765625,18.445327758789062,15.214279174804688,-1.8477630615234373,-5.146041870117188,1.17120361328125
2024-07-15,12,2,296.47967529296875,294.71337890625,5.3746185302734375,1.306976318359375,16.0,90845.859375,270.3067626953125,283.78521728515625,291.20855712890625,0.0054235756397247,0.0113464966416358,0.0146954171359539,15.59893798828125,18.08831787109375,15.30767822265625,-1.4024200439453125,-6.26336669921875,-0.034332275390625
2024-07-15,18,3,295.3861999511719,293.4975280761719,6.744430541992188,1.3826446533203125,16.75,91052.34375,270.2822265625,283.2607727050781,290.92156982421875,0.006164139136672,0.0112090557813644,0.0138800106942653,19.244430541992188,23.65887451171875,21.57354736328125,-5.6920166015625,-2.169418334960937,1.7420806884765625
2024-07-16,0,0,294.8016662597656,293.44500732421875,5.086517333984375,2.6441192626953125,32.5,90931.53125,270.4107666015625,284.42071533203125,290.5099792480469,0.0059202015399932,0.0088780783116817,0.0145248547196388,13.622100830078123,18.366287231445312,17.254791259765625,-1.5500946044921875,-1.406585693359375,6.7369537353515625
2024-07-16,6,1,297.8039855957031,294.3731689453125,6.755096435546875,0.87548828125,80.5,91074.9375,270.7385559082031,284.0892639160156,291.6078491210937,0.0060172528028488,0.0097924955189228,0.014763243496418,16.253265380859375,21.19209289550781,13.746932983398438,1.0680084228515625,-2.2922821044921875,-0.183502197265625
2024-07-16,12,2,297.2072448730469,294.4608154296875,5.1011810302734375,0.998626708984375,171.5,90899.140625,270.5623474121094,284.4505920410156,291.17840576171875,0.0051148198544979,0.0100391507148742,0.0147343054413795,18.509292602539062,17.671401977539062,16.101303100585938,-2.09881591796875,-3.55828857421875,0.4061126708984375
2024-07-16,18,3,295.77691650390625,293.33551025390625,4.5909271240234375,1.621795654296875,58.25,91120.90625,269.72869873046875,283.92047119140625,291.0416259765625,0.0054676905274391,0.0100614055991172,0.0151372998952865,17.040374755859375,21.027069091796875,16.469558715820312,-2.948089599609375,-0.38323974609375,2.539031982421875
2024-07-17,0,0,295.54986572265625,293.58514404296875,4.785064697265625,1.5362548828125,0.5,91038.734375,269.98046875,283.8861694335937,290.6986083984375,0.0038867213297635,0.0090482793748378,0.0147141627967357,15.41790771484375,20.12925720214844,16.194778442382812,-6.20416259765625,-0.3627777099609375,2.99237060546875
2024-07-17,6,1,299.4992980957031,295.1658020019531,6.9512786865234375,0.8669586181640625,59.0,91197.171875,269.781982421875,283.8553161621094,291.9135437011719,0.0051415376365184,0.0102684423327445,0.0149463154375553,12.186126708984377,18.86395263671875,14.106918334960938,-4.839141845703125,0.3048858642578125,0.6062774658203125
2024-07-17,12,2,298.7359619140625,294.2301330566406,5.5513763427734375,0.6405029296875,29.5,91035.140625,269.79364013671875,284.025146484375,291.9238586425781,0.0057840161025524,0.0102415420114994,0.0144302099943161,12.4459228515625,17.964096069335938,16.7498779296875,-5.00634765625,-2.090484619140625,-0.023895263671875
2024-07-17,18,3,295.212890625,293.70654296875,5.470382690429688,1.33978271484375,40.75,91255.171875,270.0487670898437,283.8509521484375,291.0398864746094,0.0054173730313777,0.010585993528366,0.0150710809975862,11.913543701171877,19.94960021972656,17.742782592773438,-7.364883422851562,-2.6023406982421875,1.9951171875
2024-07-18,0,0,295.31573486328125,293.298583984375,5.8515167236328125,1.01605224609375,43.25,91049.8125,269.53924560546875,284.4951477050781,290.5881652832031,0.0056264884769916,0.0089472383260726,0.0144198238849639,8.504608154296875,19.35566711425781,18.898239135742188,-1.867584228515625,-2.204010009765625,0.419189453125
2024-07-18,6,1,297.6940002441406,294.5775451660156,5.111373901367188,0.4510345458984375,301.75,91225.515625,270.0926513671875,284.0561218261719,291.5540771484375,0.0059051215648651,0.0104046687483787,0.0152379162609577,10.24285888671875,18.265380859375,16.689910888671875,-0.44561767578125,-4.055099487304688,-0.4132080078125
2024-07-18,12,2,295.8182067871094,293.7318115234375,6.028335571289063,0.810760498046875,104.0,91029.71875,270.333984375,284.9130859375,290.59002685546875,0.0060215461999177,0.0088873878121376,0.0142327565699815,13.029327392578123,20.633331298828125,18.77845764160156,-6.121749877929688,-1.511199951171875,-0.96148681640625
2024-07-18,18,3,294.88232421875,293.5401306152344,6.1985626220703125,0.477996826171875,144.75,91177.84375,270.2140197753906,283.6060485839844,291.03057861328125,0.0058875158429145,0.0103428922593593,0.0150563307106494,14.377731323242188,24.607009887695312,19.79283142089844,-4.4373779296875,-2.5516510009765625,-0.8616180419921875
2024-07-19,0,0,294.90875244140625,293.185546875,5.502349853515625,1.534393310546875,13.75,90985.25,269.9080810546875,284.22198486328125,290.3813171386719,0.0059004053473472,0.0082708299160003,0.0144040547311306,11.511795043945312,22.94013977050781,18.22616577148437,-6.411544799804688,-0.805511474609375,2.3750152587890625
2024-07-19,6,1,296.9183349609375,294.43023681640625,6.112716674804688,0.96710205078125,160.0,91131.53125,270.379638671875,283.816650390625,290.5662536621094,0.005953699350357,0.0088501833379268,0.0145642794668674,14.798263549804688,23.923355102539062,19.033950805664062,-6.26092529296875,-3.3123321533203125,0.935577392578125
2024-07-19,12,2,296.0804138183594,293.75640869140625,6.50811767578125,1.1161041259765625,151.0,90971.9375,269.6010131835937,284.66583251953125,290.9548034667969,0.0056002233177423,0.0082640759646892,0.0143315382301807,17.110595703125,22.168991088867188,19.674545288085938,-5.739105224609375,-4.1097259521484375,0.3784942626953125
2024-07-19,18,3,294.4283142089844,292.8793640136719,6.2510833740234375,1.2678985595703125,0.0,91111.796875,269.709228515625,284.59625244140625,290.4965209960937,0.0057399701327085,0.0073586516082286,0.0137440636754035,15.692657470703123,22.807159423828125,20.45672607421875,-8.507705688476562,-2.160400390625,0.6332550048828125
2024-07-20,0,0,295.5251159667969,293.09039306640625,6.42156982421875,1.2323455810546875,1.25,90948.5,270.1629333496094,285.2449645996094,290.25067138671875,0.0054595582187175,0.0073870792984962,0.0143330171704292,13.851211547851562,22.54658508300781,18.741455078125,-6.908050537109375,-3.0597686767578125,1.5563507080078125
2024-07-20,6,1,298.48419189453125,293.34393310546875,6.377685546875,0.5371246337890625,6.0,91170.828125,269.62701416015625,284.8167419433594,291.30230712890625,0.0055258944630622,0.0065776966512203,0.0135264545679092,8.838912963867188,23.0230712890625,21.275192260742188,-0.1952667236328125,-3.975921630859375,-0.38446044921875
2024-07-20,12,2,298.8431396484375,293.0404663085937,6.535415649414063,0.7351531982421875,0.0,90987.1875,270.2653503417969,284.8832397460937,292.01348876953125,0.0045335665345191,0.00642741471529,0.0136962309479713,9.105865478515623,22.849609375,16.436782836914062,2.69873046875,-5.2548675537109375,0.7449188232421875
2024-07-20,18,3,296.2401123046875,293.0981140136719,5.6311798095703125,1.2926483154296875,0.0,91198.84375,270.4218139648437,284.7221984863281,290.2597045898437,0.0036277961917221,0.0079313330352306,0.0139885675162076,9.574569702148438,23.40545654296875,17.622650146484375,3.25177001953125,-3.8729095458984375,0.256195068359375
2024-07-21,0,0,296.4520874023437,293.4531555175781,5.68280029296875,1.69482421875,0.0,91055.640625,270.1314697265625,284.91864013671875,290.11737060546875,0.003967294935137,0.0080875791609287,0.0139325708150863,11.316635131835938,23.206085205078125,17.569091796875,-0.065673828125,-2.520248413085937,2.2612457275390625
2024-07-21,6,1,300.302978515625,293.34442138671875,7.523086547851562,1.274688720703125,7.25,91171.3125,270.5518798828125,284.9749450683594,292.3591003417969,0.0048918947577476,0.0096150077879428,0.0142198987305164,8.227264404296875,24.035720825195312,17.638870239257812,-1.182159423828125,-1.5826568603515625,1.21783447265625
2024-07-21,12,2,297.9500732421875,293.29327392578125,6.4425201416015625,0.3673553466796875,0.0,91067.765625,271.0532531738281,284.3089599609375,291.7795715332031,0.0051686875522136,0.0092128217220306,0.0144262798130512,9.14910888671875,24.632736206054688,17.054595947265625,0.5048370361328125,-1.3638916015625,-0.999298095703125
2024-07-21,18,3,296.021728515625,292.7451171875,5.605010986328125,1.2065887451171875,0.0,91256.078125,270.81182861328125,285.14794921875,290.1903686523437,0.0030093290843069,0.0087747201323509,0.0138320289552211,11.493911743164062,23.14122009277344,17.699508666992188,2.067001342773437,-4.581069946289063,0.1699066162109375
2024-07-22,0,0,296.1407470703125,292.653564453125,5.884780883789063,0.86114501953125,0.0,91158.515625,270.7897644042969,285.5712280273437,289.7515869140625,0.0025417979341,0.0073807872831821,0.0131302215158939,13.13311767578125,23.103668212890625,18.263671875,0.65887451171875,-5.69659423828125,-0.701171875
2024-07-22,6,1,300.346923828125,293.2333068847656,7.01458740234375,-0.2385101318359375,24.0,91384.46875,270.3482666015625,284.9922790527344,292.22119140625,0.0027664825320243,0.0077792890369892,0.0133301839232444,11.904800415039062,22.730865478515625,16.300491333007812,-0.9582977294921876,-3.78369140625,-2.4435577392578125
2024-07-22,12,2,298.5137634277344,292.64404296875,5.4115753173828125,-0.05133056640625,0.0,91240.3125,270.1678161621094,283.81298828125,292.0604248046875,0.0047552809119224,0.0093664117157459,0.0137892886996269,8.862411499023438,21.10919189453125,14.16094970703125,-0.233795166015625,-2.596771240234375,-1.4717864990234375
2024-07-22,18,3,295.4246826171875,292.89422607421875,5.267013549804688,0.333740234375,0.75,91489.25,269.8568420410156,285.9867553710937,290.3627319335937,0.0053601153194904,0.0067036226391792,0.0139346793293952,7.3986663818359375,21.033599853515625,17.310043334960938,-2.4622955322265625,-1.9470367431640625,-1.78509521484375
2024-07-23,0,0,295.8570251464844,293.2144775390625,5.3095245361328125,0.4414215087890625,0.25,91330.28125,268.7616271972656,286.0154724121094,290.0834350585937,0.003966580145061,0.0076617114245891,0.0137527212500572,11.455947875976562,20.83013916015625,17.147781372070312,-1.9007415771484373,-1.5321502685546875,-1.3015594482421875
2024-07-23,6,1,299.4434509277344,293.4105224609375,7.175872802734375,-0.493377685546875,8.25,91459.8125,269.57281494140625,284.461181640625,292.1109619140625,0.0035506603308022,0.0088872537016868,0.0140183120965957,9.21051025390625,20.47894287109375,14.714706420898438,4.5778350830078125,-2.676742553710937,-1.7550811767578125
2024-07-23,12,2,298.9395751953125,293.90313720703125,4.8162994384765625,0.4221038818359375,0.0,91211.609375,270.09490966796875,284.2198181152344,292.046630859375,0.0032682823948562,0.0097458288073539,0.0145021826028823,13.102127075195312,18.966232299804688,12.882675170898438,0.8741455078125,-0.583038330078125,-0.3261566162109375
2024-07-23,18,3,295.6106872558594,293.0641174316406,4.780303955078125,0.8608551025390625,9.0,91449.953125,269.9852905273437,284.21014404296875,290.3432312011719,0.003262793412432,0.0087182112038135,0.0142579721286892,13.249237060546877,19.806640625,15.324569702148438,0.216705322265625,-3.660888671875,-1.2138671875
2024-07-24,0,0,296.06524658203125,293.0697631835937,4.533981323242188,1.5708770751953125,20.75,91217.84375,270.3898010253906,284.389404296875,290.0098876953125,0.0024047794286161,0.0081623271107673,0.0140402913093566,13.694686889648438,19.747543334960938,14.799758911132812,0.2852325439453125,-2.6954498291015625,0.4678192138671875
2024-07-24,6,1,298.65966796875,292.82769775390625,6.9363861083984375,0.5572357177734375,17.0,91297.203125,270.4869384765625,284.324951171875,291.98468017578125,0.0023128783795982,0.0088712945580482,0.0136895030736923,11.54107666015625,21.19586181640625,16.11016845703125,0.2919464111328125,-3.44476318359375,-0.36126708984375
2024-07-24,12,2,297.88433837890625,293.92510986328125,5.1884765625,1.195068359375,0.0,91061.4375,271.1003112792969,283.741943359375,291.8028564453125,0.0027033337391912,0.0092880874872207,0.0141700245440006,15.29925537109375,19.583328247070312,13.803009033203123,-0.6086578369140625,-3.087677001953125,0.575347900390625
2024-07-24,18,3,295.6800842285156,293.09576416015625,4.9267578125,1.0400238037109375,0.0,91246.0,270.2589111328125,283.30322265625,290.6195068359375,0.0042509920895099,0.0101797692477703,0.0141907390207052,14.82080078125,22.602081298828125,16.042251586914062,-2.169647216796875,-6.542404174804688,0.0529327392578125
2024-07-25,0,0,295.45489501953125,294.11474609375,5.922607421875,0.93145751953125,29.75,91038.109375,269.69854736328125,283.64215087890625,290.9673156738281,0.0049268677830696,0.009143803268671,0.014990247786045,16.42633056640625,22.49156188964844,17.900894165039062,-2.53167724609375,-4.134033203125,0.0946044921875
2024-07-25,6,1,298.81317138671875,294.4513854980469,6.3326568603515625,0.6173553466796875,594.5,91120.375,269.9472961425781,283.4776306152344,292.25439453125,0.0053030177950859,0.0096164681017398,0.01547472178936,16.170150756835938,23.211700439453125,15.113983154296877,-0.866302490234375,-2.7208404541015625,1.028472900390625
2024-07-25,12,2,297.2283935546875,293.30206298828125,6.1258544921875,0.06243896484375,4.75,90973.890625,270.5489807128906,283.7242431640625,291.7198486328125,0.0045383386313915,0.009471271187067,0.0140777491033077,18.67808532714844,23.1612548828125,17.563812255859375,-0.9946136474609376,-3.023101806640625,-1.81365966796875
2024-07-25,18,3,295.28228759765625,293.739501953125,5.391769409179688,-0.0509796142578125,3.5,91167.703125,270.575439453125,283.454345703125,291.0946960449219,0.0050952993333339,0.0102018825709819,0.0145818889141082,19.150115966796875,22.410629272460938,17.125823974609375,-1.5228271484375,-5.329437255859375,-2.4147186279296875
2024-07-26,0,0,295.5221252441406,293.5753479003906,5.321701049804688,0.5641632080078125,9.75,91029.4375,270.3424377441406,283.7336120605469,290.66094970703125,0.0037488748785108,0.0098564997315406,0.0144542194902896,15.88909912109375,22.278533935546875,17.179977416992188,0.917205810546875,-2.972991943359375,-1.3074951171875
2024-07-26,6,1,298.8716735839844,294.1815795898437,7.062744140625,-0.720672607421875,241.5,91179.03125,270.5188293457031,283.5290832519531,291.3873596191406,0.0034490041434764,0.0105493292212486,0.0147696435451507,15.891647338867188,20.81475830078125,17.683731079101562,-0.2306976318359375,-4.929718017578125,-2.840362548828125
2024-07-26,12,2,298.37811279296875,293.7244873046875,6.33880615234375,-0.5177764892578125,1.25,91036.703125,270.34326171875,283.6849060058594,292.4807434082031,0.0038290568627417,0.0105626173317432,0.0143368896096944,16.951812744140625,21.39501953125,16.325332641601562,-2.1669158935546875,-6.571548461914063,-2.161239624023437
2024-07-26,18,3,295.83502197265625,293.4594116210937,5.685562133789063,-0.3898468017578125,0.0,91340.3125,270.6557006835937,282.8909912109375,290.6215209960937,0.0038748255465179,0.0102903097867965,0.01389991492033,12.348373413085938,22.663070678710938,17.524581909179688,-3.679534912109375,-7.5766448974609375,-3.560089111328125
2024-07-27,0,0,295.84490966796875,293.38848876953125,6.265594482421875,-0.227691650390625,0.25,91114.765625,269.3497314453125,284.9818115234375,290.5650634765625,0.0047534964978694,0.0091853030025959,0.0140808448195457,13.202743530273438,21.42979431152344,18.3626708984375,-2.82080078125,-4.50604248046875,-3.4114532470703125
2024-07-27,6,1,299.76177978515625,292.8191223144531,8.129867553710938,-1.9024658203125,0.0,91232.546875,269.2831726074219,285.0976257324219,291.962158203125,0.0045251920819282,0.0079995058476924,0.0138716585934162,13.055801391601562,22.26361083984375,16.397872924804688,-0.798675537109375,-4.2022552490234375,-4.176315307617188
2024-07-27,12,2,299.580810546875,291.759765625,6.4347991943359375,-0.746002197265625,0.0,91002.640625,269.5654296875,284.3612670898437,293.1724548339844,0.0049422308802604,0.0083891563117504,0.0124721080064773,14.04473876953125,21.0521240234375,15.4376220703125,-1.23016357421875,-6.38623046875,-2.806427001953125
2024-07-27,18,3,296.0253295898437,291.59979248046875,5.006881713867188,0.8074493408203125,0.0,91277.59375,269.3402099609375,285.18505859375,290.017822265625,0.005156205035746,0.0078818574547767,0.0128934532403945,9.84332275390625,21.29965209960937,16.078323364257812,-0.51995849609375,-9.927871704101562,-1.4932708740234375
2024-07-28,0,0,296.0897521972656,292.6986083984375,6.097579956054688,0.6605682373046875,0.0,91018.328125,269.2806396484375,286.1996459960937,289.90753173828125,0.005328943952918,0.0078922435641288,0.0135369226336479,6.679656982421875,17.084716796875,18.839828491210938,-4.202056884765625,-8.15704345703125,-0.7371063232421875
2024-07-28,6,1,298.7210693359375,292.6327209472656,8.713760375976562,-0.3825225830078125,8.375,91051.734375,269.92645263671875,285.26220703125,292.994384765625,0.0049205422401428,0.0082404129207134,0.0131531618535518,5.7309417724609375,20.655776977539062,18.51216125488281,-0.089202880859375,-7.180877685546875,-1.8426971435546875
2024-07-28,12,2,299.44097900390625,293.3750305175781,5.9027252197265625,0.7689208984375,1.5,90847.09375,269.4866943359375,284.47222900390625,292.53302001953125,0.0048053413629531,0.0089580938220024,0.0145157817751169,8.666534423828125,17.257049560546875,13.859756469726562,-1.2369232177734375,-5.91790771484375,0.6877593994140625
2024-07-28,18,3,295.9258728027344,292.6820678710937,5.0355072021484375,1.475555419921875,0.0,91047.03125,269.4066467285156,285.3699951171875,290.2847900390625,0.0051818266510963,0.0079729482531547,0.0140076056122779,5.63055419921875,16.705215454101562,16.519622802734375,0.82330322265625,-5.648223876953125,1.606658935546875
2024-07-29,0,0,296.7036437988281,294.01776123046875,5.2288360595703125,2.028839111328125,7.75,90851.296875,269.70037841796875,285.70147705078125,290.8055419921875,0.0049566254019737,0.0082985274493694,0.0148371160030364,5.4139404296875,15.954315185546877,16.406173706054688,0.12091064453125,-3.9643402099609375,3.719406127929688
2024-07-29,6,1,300.07623291015625,294.0486755371094,7.217849731445312,1.1860504150390625,40.375,90993.3125,269.2027587890625,285.51519775390625,292.0525207519531,0.0047917552292346,0.0080238692462444,0.015020290389657,7.568389892578125,16.003707885742188,14.073211669921877,2.133056640625,-1.0111236572265625,1.67266845703125
2024-07-29,12,2,299.2305908203125,294.77984619140625,4.985595703125,0.699249267578125,7.25,90826.09375,270.39520263671875,284.3871459960937,292.64971923828125,0.0057030655443668,0.0107585377991199,0.0150610096752643,5.993331909179688,12.99517822265625,13.3958740234375,1.931854248046875,-1.1369171142578125,1.0736236572265625
2024-07-29,18,3,295.8554992675781,294.04461669921875,3.0948638916015625,0.8585357666015625,140.25,91186.515625,270.296142578125,284.2575988769531,291.380615234375,0.0063333138823509,0.010508194565773,0.0153936520218849,5.7198333740234375,11.842483520507812,12.494659423828123,0.6058349609375,-0.654815673828125,0.547210693359375
2024-07-30,0,0,295.6525573730469,294.41925048828125,2.887786865234375,1.875,24.5,91144.578125,270.0894775390625,284.40087890625,290.66375732421875,0.0057203918695449,0.0092593133449554,0.0145529191941022,5.531509399414063,7.833526611328125,12.627182006835938,-1.8614501953125,-2.378753662109375,-0.1086578369140625
2024-07-30,6,1,299.20733642578125,293.52691650390625,3.675018310546875,1.7322235107421875,256.0,91352.515625,269.4744873046875,283.8022766113281,291.8241577148437,0.0056508816778659,0.0103451013565063,0.0146653838455677,4.171173095703125,12.44854736328125,13.824874877929688,-1.4135284423828125,-1.7640380859375,1.0130767822265625
2024-07-30,12,2,298.89569091796875,294.0507202148437,5.189361572265625,0.6783599853515625,34.75,91169.875,269.7353515625,284.57861328125,291.1761474609375,0.0056305117905139,0.0092568472027778,0.01430269703269,2.401885986328125,10.58367919921875,13.497344970703123,1.1194915771484375,-1.4887237548828125,0.0817413330078125
2024-07-30,18,3,295.64617919921875,293.24517822265625,4.322509765625,0.400238037109375,13.25,91404.359375,268.9671630859375,285.625244140625,291.6503295898437,0.0050895176827907,0.0095644071698188,0.0136978030204772,-0.00189208984375,10.996353149414062,17.730926513671875,2.9940948486328125,-1.2093505859375,-0.769317626953125
2024-07-31,0,0,295.8937683105469,293.7518920898437,4.66815185546875,0.11700439453125,5.0,91265.75,269.679931640625,285.3376159667969,290.2277526855469,0.0050662029534578,0.0092659071087837,0.0142522267997264,1.3258209228515625,7.287948608398437,15.955368041992188,4.160614013671875,1.1723175048828125,-2.396026611328125
2024-07-31,6,1,299.65606689453125,294.3016357421875,5.5370025634765625,-0.0198211669921875,42.5,91455.15625,269.6943359375,284.57879638671875,290.8323974609375,0.0049453903920948,0.0087580829858779,0.0148971900343894,1.76483154296875,9.552780151367188,10.725250244140623,0.8730010986328125,-1.9202728271484373,-2.129638671875
2024-07-31,12,2,298.7434997558594,294.3861083984375,3.94140625,0.5775604248046875,169.0,91213.796875,270.9677734375,283.33807373046875,292.139404296875,0.0050703324377536,0.0096789821982383,0.0143113993108272,3.277938842773437,13.042724609375,11.368362426757812,2.03887939453125,-5.4352874755859375,-1.2877960205078125
2024-07-31,18,3,295.5221252441406,293.6219482421875,3.268829345703125,1.62225341796875,96.75,91457.65625,269.7064208984375,283.9013366699219,291.6757202148437,0.004620648920536,0.0111088119447231,0.014304899610579,3.681304931640625,11.179275512695312,13.110885620117188,0.9279632568359376,-2.810516357421875,1.418243408203125
2024-08-01,0,0,295.276611328125,293.25909423828125,4.050933837890625,-0.2479095458984375,0.0,91254.828125,269.0826110839844,285.19512939453125,291.2179870605469,0.0052135176956653,0.0085818991065025,0.0128688290715217,2.938385009765625,6.675933837890625,15.670242309570312,0.2916717529296875,0.4148712158203125,-3.1934814453125
2024-08-01,6,1,299.6206359863281,294.5570678710937,5.2225189208984375,0.0761260986328125,13.0,91406.78125,270.0930480957031,284.56561279296875,291.0919189453125,0.0049097761511802,0.0087291747331619,0.0144702419638633,3.16888427734375,7.401535034179687,9.874526977539062,3.0775299072265625,1.229400634765625,-1.022735595703125
2024-08-01,12,2,298.8631286621094,295.0402526855469,3.9373779296875,0.0584716796875,190.25,91266.578125,269.57391357421875,283.6490173339844,292.0248413085937,0.0055635664612054,0.0102760456502437,0.0146827436983585,7.418563842773437,9.056411743164062,9.7236328125,1.3531341552734375,-2.903839111328125,-2.5690155029296875
2024-08-01,18,3,295.7229309082031,293.98455810546875,2.9050750732421875,0.9932861328125,91.5,91505.078125,269.348388671875,283.87066650390625,290.5700988769531,0.0055514201521873,0.0104868430644273,0.0147680602967739,6.3665313720703125,13.77783203125,11.683319091796877,-0.2364501953125,-3.99615478515625,-1.173583984375
2024-08-02,0,0,295.2559814453125,293.4390869140625,3.7107086181640634,-0.02362060546875,1.0,91240.703125,269.2156677246094,284.59832763671875,290.1517028808594,0.0051490478217601,0.0092327333986759,0.013572871685028,4.605316162109375,9.90899658203125,13.446121215820312,4.6641845703125,-2.68377685546875,-3.5639801025390625
2024-08-02,6,1,298.4384765625,294.2242126464844,6.2466888427734375,1.2079620361328125,91.0,91385.28125,268.8191833496094,283.76031494140625,291.87506103515625,0.0053317062556743,0.0094040296971797,0.0145287550985813,6.2961273193359375,11.488861083984377,12.323532104492188,1.6235504150390625,-2.1147613525390625,1.1428680419921875
2024-08-02,12,2,298.0758056640625,293.85113525390625,4.5468597412109375,0.4892730712890625,31.5,91232.296875,269.57891845703125,283.5572509765625,291.2039794921875,0.0054848976433277,0.0084292031824588,0.0140830874443054,6.861251831054688,11.86224365234375,13.022140502929688,2.459991455078125,-2.151214599609375,-0.7603302001953125
2024-08-02,18,3,294.72686767578125,293.2894897460937,3.300628662109375,0.99560546875,17.75,91543.53125,268.77069091796875,284.572998046875,289.6718139648437,0.0050340108573436,0.0084841772913932,0.0138913802802562,8.257080078125,9.734878540039062,11.417526245117188,-1.0587005615234375,-3.620086669921875,-1.37347412109375
2024-08-03,0,0,295.3090209960937,293.2621765136719,3.13287353515625,0.9620208740234376,0.25,91321.1875,268.9695129394531,285.2533264160156,289.7870178222656,0.0050097294151782,0.0086702592670917,0.0134345889091491,4.7249755859375,5.718017578125,12.9146728515625,1.8448028564453125,-2.0303192138671875,-2.264999389648437
2024-08-03,6,1,298.6151123046875,293.5659484863281,5.8262786865234375,0.414947509765625,50.5,91480.015625,269.6446533203125,284.82421875,290.9623413085937,0.0043843016028404,0.0092956200242042,0.0145040303468704,2.4756622314453125,4.7152099609375,9.701812744140623,0.8111572265625,0.7600250244140625,-0.58740234375
2024-08-03,12,2,299.0465393066406,294.8752136230469,3.43157958984375,-0.305267333984375,111.5,91293.75,269.3341064453125,283.6676025390625,291.6765441894531,0.0047276318073272,0.0102960243821144,0.0143591053783893,6.18560791015625,8.029403686523438,10.155914306640623,0.9589385986328124,-1.3033599853515625,-3.0899810791015625
2024-08-03,18,3,295.1786499023437,293.07745361328125,2.995101928710937,0.412109375,19.25,91617.953125,268.63787841796875,283.564208984375,290.5176086425781,0.0046559162437915,0.0099982358515262,0.0138430595397949,3.244659423828125,6.5133819580078125,10.921951293945312,-0.501312255859375,0.45330810546875,-3.55999755859375
2024-08-04,0,0,295.6986083984375,293.28680419921875,2.462631225585937,0.9308319091796876,21.0,91468.875,268.8392639160156,283.5418701171875,290.5023193359375,0.00480583216995,0.0095254704356193,0.0132909789681434,2.7253570556640625,4.523284912109375,11.76708984375,0.523681640625,1.669891357421875,-2.5330352783203125
2024-08-04,6,1,299.3358459472656,293.67193603515625,6.1737823486328125,-0.1909332275390625,14.25,91549.6875,268.76519775390625,283.80914306640625,292.10858154296875,0.0049019157886505,0.0093175768852233,0.0135791450738906,0.1524810791015625,3.902069091796875,10.336746215820312,0.8162994384765625,1.05584716796875,-0.939605712890625
2024-08-04,12,2,299.6064147949219,294.47540283203125,3.497406005859375,-0.306640625,129.5,91236.390625,269.2339782714844,283.8710632324219,292.7750244140625,0.0050176195800304,0.0087901167571544,0.0141890496015548,-0.162109375,6.0920257568359375,9.563705444335938,0.7371826171875,-0.319915771484375,-2.560394287109375
2024-08-04,18,3,295.3677673339844,293.2699279785156,2.61029052734375,0.2610626220703125,57.75,91561.28125,268.5340576171875,283.9628295898437,291.009521484375,0.0050883553922176,0.0081077553331851,0.0135125257074832,-0.5804290771484375,5.940216064453125,8.66229248046875,1.1160430908203125,-2.1006317138671875,-3.78631591796875
2024-08-05,0,0,295.4078674316406,293.3802490234375,1.896484375,0.8005523681640625,1.625,91410.109375,268.8168334960937,283.66131591796875,290.17706298828125,0.0050552003085613,0.009556345641613,0.0131920278072357,1.950347900390625,3.63836669921875,9.625946044921877,-1.1967010498046875,-0.2107391357421875,-2.7246246337890625
2024-08-05,6,1,298.8112487792969,294.04962158203125,3.8473968505859375,-0.6389617919921875,10.125,91496.234375,269.10504150390625,283.6795654296875,291.9921569824219,0.0045622810721397,0.0090453885495662,0.0136045962572097,0.95147705078125,3.5443572998046875,6.5091552734375,-1.1583251953125,-0.7447967529296875,-1.627105712890625
2024-08-05,12,2,300.2890319824219,295.0365905761719,2.104278564453125,-0.9371337890625,444.25,91279.015625,269.2449645996094,283.97821044921875,292.28057861328125,0.0045956447720527,0.0102894194424152,0.0154630728065967,-0.0850372314453125,3.3387908935546875,3.828704833984375,-1.8242950439453125,-1.3211669921875,-2.156768798828125
2024-08-05,18,3,295.373046875,294.0595092773437,1.6216583251953125,1.271453857421875,152.0,91551.03125,268.8831481933594,283.34283447265625,290.8370666503906,0.0048287361860275,0.0105346739292144,0.0146259032189846,-0.5961456298828125,3.1165008544921875,7.6530609130859375,-2.497222900390625,-0.1782989501953125,-2.779647827148437
2024-08-06,0,0,295.4921875,294.2474975585937,1.8625030517578125,-0.1033782958984375,35.75,91343.0625,268.4764404296875,283.9674987792969,290.9273681640625,0.0051083900034427,0.009115383028984,0.0137565322220325,-1.819549560546875,1.7033233642578125,7.65875244140625,-3.2925262451171875,0.3365020751953125,-3.1570587158203125
2024-08-06,6,1,299.0899963378906,293.92608642578125,3.853927612304688,-0.7548675537109375,102.5,91399.0625,268.62725830078125,284.0794677734375,291.67120361328125,0.0048034563660621,0.0089770443737506,0.0144232288002967,-2.276611328125,1.7369384765625,6.1720123291015625,-1.94403076171875,1.2274627685546875,-1.79119873046875
2024-08-06,12,2,297.70806884765625,294.2227783203125,3.00946044921875,-0.66986083984375,264.0,91184.875,269.29058837890625,283.2064208984375,292.1642150878906,0.0050237569957971,0.0095315724611282,0.0149768702685832,-1.509521484375,1.7381439208984375,6.2958831787109375,-1.15704345703125,2.242950439453125,-1.4658355712890625
2024-08-06,18,3,294.8072509765625,293.54791259765625,2.2526397705078125,-0.2571563720703125,274.0,91483.828125,268.83038330078125,282.850341796875,290.7669677734375,0.0054078344255685,0.0099778920412063,0.0142103284597396,0.1959686279296875,2.30340576171875,7.40643310546875,0.5246734619140625,1.2068939208984375,-3.9037017822265625
2024-08-07,0,0,294.8965759277344,293.6604919433594,2.6681671142578125,-0.2664642333984375,71.0,91306.734375,268.6408386230469,283.1313781738281,291.2304992675781,0.0050306506454944,0.010386899113655,0.0125096440315246,4.8570098876953125,6.146011352539063,7.858535766601562,1.4367828369140625,0.8734130859375,-4.5329132080078125
2024-08-07,6,1,297.50738525390625,294.2474060058594,4.1182861328125,-1.5438232421875,43.75,91415.078125,268.97509765625,283.54620361328125,290.4773254394531,0.0045640803873538,0.0098224766552448,0.014157198369503,7.052490234375,6.41278076171875,6.5566253662109375,4.182540893554688,-1.26983642578125,-2.5961456298828125
2024-08-07,12,2,296.7281494140625,294.6451416015625,3.3078155517578125,-0.945343017578125,55.75,91254.234375,269.7066650390625,283.5171813964844,291.3892822265625,0.0053326375782489,0.0100261978805065,0.0149391656741499,6.264923095703125,7.5941162109375,8.320953369140625,1.28253173828125,-3.58966064453125,-3.8472747802734375
2024-08-07,18,3,294.8121337890625,294.0335693359375,2.8566436767578125,-0.3607940673828125,48.75,91541.71875,269.5562744140625,282.69842529296875,290.519775390625,0.0051103085279464,0.0105680041015148,0.014294964261353,6.49554443359375,7.93621826171875,9.929733276367188,-0.22943115234375,-5.248794555664063,-4.3944244384765625
2024-08-08,0,0,294.9515075683594,293.8774108886719,2.5799102783203125,0.2224884033203125,9.875,91375.75,270.0548095703125,283.0500793457031,290.3720397949219,0.0051836213096976,0.0107017494738101,0.0129142925143241,4.432037353515625,5.047882080078125,10.096481323242188,0.8658447265625,-3.681076049804688,-4.402023315429688
2024-08-08,6,1,298.6876220703125,293.9096984863281,4.1907806396484375,-0.741119384765625,8.0,91488.59375,269.76519775390625,283.5807189941406,290.5044250488281,0.0049636662006378,0.0097467079758644,0.0137003138661384,-0.3072967529296875,4.870895385742188,8.556411743164062,1.2503662109375,-4.051116943359375,-4.59478759765625
2024-08-08,12,2,298.8002319335937,294.2750244140625,2.56829833984375,1.1491241455078125,4.625,91302.734375,270.4525451660156,283.6412353515625,290.9522705078125,0.0050663314759731,0.0107908360660076,0.0143010765314102,2.74700927734375,0.0636749267578125,6.663360595703125,-0.691925048828125,-3.059722900390625,-0.761505126953125
2024-08-08,18,3,294.7956848144531,293.97760009765625,2.74822998046875,0.6110992431640625,11.75,91592.5,269.773193359375,283.24169921875,290.2894287109375,0.005155898630619,0.0108745992183685,0.0134944282472133,-1.8538055419921875,1.738311767578125,9.620590209960938,-3.4864959716796875,1.45306396484375,-3.363265991210937
2024-08-09,0,0,294.8881530761719,293.92822265625,2.722198486328125,0.210205078125,23.5,91445.453125,269.31988525390625,283.7681884765625,290.4994506835937,0.0054214708507061,0.010653268545866,0.0130224600434303,-0.621856689453125,1.8509674072265625,7.8717041015625,1.46856689453125,-1.43170166015625,-3.908721923828125
2024-08-09,6,1,299.17486572265625,294.1739501953125,3.7471923828125,-2.8083953857421875,1.5,91516.21875,270.0619506835937,284.00909423828125,291.26080322265625,0.003722941270098,0.0106603093445301,0.0143356658518314,-3.1240234375,0.450653076171875,5.32305908203125,3.142852783203125,-0.5434722900390625,-4.6180419921875
2024-08-09,12,2,300.46002197265625,294.23065185546875,1.338348388671875,-1.2630767822265625,399.25,91273.859375,270.2664794921875,284.1654663085937,292.8504943847656,0.0043070577085018,0.011265080422163,0.0152491442859172,-2.8789215087890625,0.50408935546875,2.8013458251953125,2.1752471923828125,-0.45892333984375,-3.954269409179688
2024-08-09,18,3,296.440673828125,294.6776733398437,1.0791473388671875,-0.6567840576171875,263.5,91595.75,269.77508544921875,283.4298095703125,291.45166015625,0.0044647753238677,0.0112475324422121,0.0153214707970619,-0.4075469970703125,0.7677154541015625,4.088348388671875,0.6019744873046875,-1.213226318359375,-3.35992431640625
2024-08-10,0,0,295.6771850585937,294.39190673828125,2.558685302734375,0.0142974853515625,197.0,91527.734375,268.2240600585937,283.607666015625,290.581298828125,0.0050895996391773,0.0112800989300012,0.0144685804843902,1.2431488037109375,1.9238433837890625,5.7005462646484375,-3.908599853515625,-0.6564178466796875,-2.526351928710937
2024-08-10,6,1,299.52996826171875,293.8080444335937,2.6138153076171875,-2.575775146484375,39.0,91536.1875,269.5132141113281,284.34332275390625,291.7611389160156,0.0048974826931953,0.010546363890171,0.0144581235945224,-1.844635009765625,4.07025146484375,3.912063598632813,1.10919189453125,-2.80523681640625,-4.352218627929688
2024-08-10,12,2,300.615234375,294.6770935058594,1.7113800048828125,-0.265869140625,419.0,91224.0625,269.8656005859375,284.0679626464844,293.9684753417969,0.0036266793031245,0.0112272426486015,0.0140539333224296,-1.962066650390625,4.1859130859375,4.551284790039063,1.884124755859375,-4.473403930664063,-3.231536865234375
2024-08-10,18,3,296.3458557128906,294.2422180175781,1.636016845703125,-0.634429931640625,179.5,91498.125,269.70147705078125,284.0308837890625,292.0914306640625,0.0034406881313771,0.0097602717578411,0.0149488411843776,-1.5655670166015625,4.8856048583984375,4.7515869140625,1.0792999267578125,-4.1566925048828125,-4.021011352539063
2024-08-11,0,0,296.1772766113281,294.4691772460937,1.8006134033203125,0.32568359375,790.5,91414.65625,268.2631225585937,284.38232421875,290.5321350097656,0.004861693829298,0.011735338717699,0.0144821908324956,2.1346893310546875,3.0301971435546875,5.3869171142578125,0.6046295166015625,-2.05767822265625,-4.3845062255859375
2024-08-11,6,1,300.239013671875,294.81298828125,2.2071685791015625,-3.089874267578125,190.5,91337.546875,268.95263671875,284.8700561523437,292.19708251953125,0.0046733543276786,0.0090757720172405,0.0147382654249668,-1.1707763671875,2.2736053466796875,2.7107391357421875,-0.22515869140625,0.5733489990234375,-5.5233154296875
2024-08-11,12,2,299.7386779785156,295.58428955078125,1.5355072021484375,-2.4310302734375,883.5,90993.578125,271.0228271484375,285.02716064453125,293.893798828125,0.0026652736123651,0.009114071726799,0.0160283669829368,-5.844009399414063,-0.158294677734375,3.3701171875,-3.5557098388671875,-1.57745361328125,-5.7122344970703125
2024-08-11,18,3,297.10546875,294.8249816894531,1.359161376953125,1.0500030517578125,267.5,91352.890625,269.55499267578125,283.9708251953125,291.79205322265625,0.0035802677739411,0.0095202662050724,0.0153256617486476,-5.68701171875,0.3367919921875,4.4842681884765625,-3.1424713134765625,-3.650054931640625,-4.491180419921875
2024-08-12,0,0,295.2005615234375,293.85943603515625,0.15966796875,-1.312744140625,225.25,91286.65625,268.36572265625,283.6517028808594,291.6813659667969,0.0050410442054271,0.0091178715229034,0.0147891417145729,-2.2104644775390625,-0.9965972900390624,-0.0851898193359375,-2.1048583984375,0.0654144287109375,-6.564544677734375
2024-08-12,6,1,299.9486694335937,294.86065673828125,1.2984619140625,-2.96075439453125,100.5,91235.40625,269.60919189453125,285.9840087890625,293.33203125,0.0047848373651504,0.0090518444776535,0.0144856385886669,-7.248184204101562,-0.013671875,1.0810394287109375,2.60955810546875,0.97076416015625,-4.460861206054688
2024-08-12,12,2,300.8376159667969,294.9996337890625,0.8368682861328125,-2.1329345703125,97.75,90979.46875,270.4496765136719,285.08843994140625,293.845703125,0.0030563201289623,0.0096400268375873,0.0149901658296585,-8.102142333984375,-2.51092529296875,0.77880859375,0.8886566162109375,-1.194366455078125,-3.946823120117188
2024-08-12,18,3,297.541259765625,295.33428955078125,-0.569732666015625,-0.3457183837890625,319.0,91346.390625,269.8817138671875,283.68145751953125,292.8260192871094,0.0035256361588835,0.0102485492825508,0.0150830149650573,-8.394561767578125,-1.1675872802734375,1.8492889404296875,0.519622802734375,-2.7322540283203125,-4.939956665039063
2024-08-13,0,0,295.85693359375,294.034912109375,-0.518829345703125,-0.8238525390625,91.25,91219.15625,269.1897888183594,284.3611755371094,291.6693115234375,0.005483154207468,0.0093684345483779,0.014809375628829,-6.5586700439453125,-3.0597686767578125,-1.319915771484375,2.1024169921875,-1.854827880859375,-6.56500244140625
2024-08-13,6,1,301.634033203125,294.9864501953125,-1.5283203125,-1.42230224609375,209.5,91314.765625,270.1020812988281,284.535400390625,292.58795166015625,0.0027630615513771,0.0096101053059101,0.0153178386390209,-9.955780029296877,-3.365829467773437,-2.5803680419921875,1.9735260009765625,-2.8267822265625,-1.95684814453125
2024-08-13,12,2,301.34637451171875,295.93182373046875,-0.613311767578125,-0.186737060546875,431.0,91022.046875,270.4443664550781,284.93194580078125,294.5509033203125,0.0040374137461185,0.0100036896765232,0.0151183679699897,-8.597366333007812,-5.6675567626953125,-2.027008056640625,1.83734130859375,-1.7928314208984375,0.191680908203125
2024-08-13,18,3,297.1434936523437,296.13775634765625,-0.7572174072265625,-0.205841064453125,196.25,91322.75,269.58477783203125,284.6190490722656,292.98211669921875,0.002954863011837,0.0086337924003601,0.0153401307761669,-10.325668334960938,-7.886962890625,-2.02667236328125,0.7671356201171875,2.46636962890625,2.379669189453125
2024-08-14,0,0,296.0506591796875,294.6112060546875,-0.776611328125,-0.2182159423828125,100.25,91133.609375,270.3182983398437,284.6591796875,292.19195556640625,0.0024134165141731,0.0088982917368412,0.0151705294847488,-11.950927734375,-9.030975341796877,-3.2617340087890625,1.8092803955078125,2.6898345947265625,0.964599609375
2024-08-14,6,1,301.8206481933594,295.991943359375,-1.5167236328125,0.4028167724609375,506.25,91236.90625,270.5831298828125,284.33612060546875,293.7912902832031,0.0032594995573163,0.0095912721008062,0.0152103379368782,-10.809326171875,-6.77410888671875,-2.708587646484375,4.114913940429688,1.443756103515625,0.29034423828125
2024-08-14,12,2,302.7945556640625,294.6302185058594,-1.8215789794921875,-0.1013641357421875,26.0,90922.84375,270.8254699707031,285.2628173828125,295.55548095703125,0.004310879856348,0.0093939118087291,0.014502290636301,-5.354248046875,-5.3363037109375,-3.4117431640625,7.5844573974609375,0.6044158935546875,-0.3789215087890625
2024-08-14,18,3,298.0054931640625,295.30078125,-0.8300628662109375,0.3079376220703125,234.75,91231.453125,270.412841796875,284.7281494140625,293.6082763671875,0.0037131404969841,0.0093494392931461,0.0152496695518493,-3.2198944091796875,-7.141448974609375,-3.5592498779296875,7.296493530273437,0.8861083984375,2.3330230712890625
2024-08-15,0,0,297.4793701171875,294.88726806640625,-1.5082550048828125,1.430755615234375,32.0,91108.203125,269.9412841796875,285.1141967773437,291.63922119140625,0.0051632411777973,0.010455310344696,0.0153317172080278,-3.3123321533203125,-7.0707855224609375,-5.616470336914063,2.2563934326171875,-0.298126220703125,3.327301025390625
2024-08-15,6,1,301.0935974121094,295.1874694824219,-0.527313232421875,-0.0842437744140625,168.25,91187.984375,270.85772705078125,284.6845092773437,292.9402160644531,0.0041321255266666,0.0095562487840652,0.0155588760972023,-5.0557861328125,-6.547409057617188,-1.3470916748046875,3.7022552490234375,2.191009521484375,-0.4894866943359375
2024-08-15,12,2,299.4733581542969,295.9936828613281,-0.0156097412109375,0.4261932373046875,109.5,90893.125,271.70538330078125,285.713134765625,295.0040283203125,0.0036205393262207,0.0070021227002143,0.0153009742498397,-1.842315673828125,-3.160064697265625,-0.3726043701171875,3.050521850585937,0.9008941650390624,0.2541046142578125
2024-08-15,18,3,297.6380920410156,296.0269775390625,0.5740966796875,-1.16864013671875,39.25,91179.546875,270.834228515625,284.541259765625,293.197509765625,0.0033972607925534,0.00883249938488,0.0149452649056911,-1.2982025146484375,-2.014999389648437,-1.0422821044921875,5.824066162109375,0.046722412109375,-1.14453125
2024-08-16,0,0,296.9096069335937,295.39971923828125,1.0640106201171875,0.2593841552734375,142.75,91011.875,270.0419006347656,284.6376953125,291.9415283203125,0.0038872212171554,0.0107343234121799,0.0157953724265098,1.0208282470703125,-1.978729248046875,0.6343231201171875,2.9087677001953125,0.6472930908203125,2.444488525390625
2024-08-16,6,1,301.7333068847656,295.9638671875,2.0936737060546875,-0.53485107421875,1438.75,91133.0,270.4291381835937,285.09375,293.0805358886719,0.0034113104920834,0.0104848556220531,0.0154942832887172,-1.767852783203125,-1.8343353271484373,2.2843780517578125,5.5640869140625,-0.01641845703125,-0.14031982421875
2024-08-16,12,2,300.6473999023437,296.3567810058594,-0.9635467529296876,1.14105224609375,137.75,90843.75,271.32769775390625,285.3870544433594,294.23345947265625,0.0039773755706846,0.011221557855606,0.0152927450835704,-2.396087646484375,-2.0037078857421875,-0.539581298828125,3.1939239501953125,3.186767578125,1.1826629638671875
2024-08-16,18,3,296.97882080078125,295.7236328125,0.3546295166015625,0.451416015625,429.25,91229.71875,270.0589904785156,284.5070495605469,292.8616943359375,0.0038130700122565,0.0106803514063358,0.0156060867011547,-5.779022216796875,0.2851715087890625,1.50213623046875,4.6881866455078125,1.7890472412109375,1.4310455322265625
2024-08-17,0,0,296.7676696777344,295.3305053710937,0.7076263427734375,0.05389404296875,205.5,91111.1875,269.55712890625,286.1414794921875,292.2740478515625,0.0042925281450152,0.008350171148777,0.0150433871895074,-4.63873291015625,-1.1947174072265625,1.5515289306640625,3.3269805908203125,5.58056640625,1.4687042236328125
2024-08-17,6,1,301.31500244140625,295.26513671875,2.037216186523437,1.637786865234375,188.75,91184.140625,270.3727111816406,286.7971496582031,294.3876647949219,0.0029230793006718,0.0080368518829345,0.0144682470709085,-7.255020141601562,-3.220932006835937,2.815185546875,4.51788330078125,5.477340698242188,2.2750396728515625
2024-08-17,12,2,301.11834716796875,295.8336181640625,-0.117706298828125,2.024383544921875,704.25,90946.171875,270.6094665527344,285.7725830078125,294.490966796875,0.002295060781762,0.0112903267145156,0.0152496248483657,-7.161102294921875,-1.2289581298828125,-1.58172607421875,6.008544921875,2.290252685546875,3.5023956298828125
2024-08-17,18,3,297.4940490722656,294.8270874023437,-0.1011505126953125,0.6945953369140625,376.75,91305.640625,269.82086181640625,284.7928466796875,291.90838623046875,0.0041690748184919,0.0121701098978519,0.0152912363409996,-7.059249877929688,-4.209259033203125,2.955291748046875,3.9675140380859375,2.270736694335937,1.9420013427734373
2024-08-18,0,0,296.8111267089844,295.0294189453125,1.90887451171875,0.6649932861328125,3.75,91129.90625,270.27081298828125,285.197021484375,291.7491149902344,0.0029502992983907,0.0084748454391956,0.0131020210683345,-9.529022216796877,-2.4990997314453125,3.2476348876953125,6.7667083740234375,0.75750732421875,2.65789794921875
2024-08-18,6,1,301.86651611328125,295.184326171875,0.76104736328125,1.146331787109375,2.0,91311.8125,270.68218994140625,285.3609313964844,293.1420593261719,0.0034526570234447,0.0075488574802875,0.0137138105928897,-6.636886596679688,-3.371322631835937,0.587371826171875,5.409149169921875,2.5782470703125,1.5129547119140625
2024-08-18,12,2,300.04766845703125,294.7157287597656,-0.000946044921875,1.050689697265625,46.75,91028.265625,270.4508056640625,285.22900390625,295.22027587890625,0.0040768319740891,0.0099202245473861,0.0142337791621685,-5.2837982177734375,-2.5094146728515625,-0.880035400390625,5.062042236328125,3.470687866210937,1.1993408203125
2024-08-18,18,3,296.82977294921875,294.6039428710937,-1.1136322021484375,0.6311187744140625,246.25,91325.796875,269.8016967773437,284.8391418457031,293.93878173828125,0.0036243733484297,0.0098800621926784,0.0149006284773349,-4.754562377929688,-1.4385223388671875,-2.116073608398437,3.32855224609375,2.0249176025390625,1.6155853271484375
2024-08-19,0,0,297.31982421875,295.2470092773437,0.17034912109375,0.803863525390625,205.25,91130.65625,270.0228576660156,284.35369873046875,292.4636535644531,0.003526255255565,0.010938998311758,0.0150843784213066,-3.4918212890625,-3.62860107421875,0.290985107421875,0.7052459716796875,1.34051513671875,1.8088836669921875
2024-08-19,6,1,301.406982421875,296.9159851074219,1.3086700439453125,1.1614990234375,1317.75,91231.046875,270.4925537109375,284.5889892578125,293.6702575683594,0.0034515936858952,0.0105861462652683,0.0156539417803287,-4.361618041992188,-2.381072998046875,1.3013458251953125,-0.0453338623046875,1.551910400390625,1.292633056640625
2024-08-19,12,2,298.5150146484375,296.416015625,1.7174835205078125,1.1094970703125,497.25,90978.765625,270.6528625488281,284.8060913085937,292.70709228515625,0.0044268257915973,0.0110483020544052,0.0162429511547088,-5.63189697265625,-2.3642730712890625,2.828125,0.1519317626953125,3.453582763671875,1.794097900390625
2024-08-19,18,3,296.515625,295.24151611328125,1.4667510986328125,1.5808258056640625,346.75,91315.421875,269.7633056640625,284.3681640625,291.66656494140625,0.004919659346342,0.0107220560312271,0.0153854712843894,-4.1950225830078125,-2.40924072265625,5.6253662109375,-1.1329193115234375,4.0422210693359375,1.776458740234375
2024-08-20,0,0,296.0445861816406,294.7820129394531,1.4193878173828125,-0.6416015625,19.75,91100.5,269.0656433105469,284.67071533203125,292.07623291015625,0.0048390887677669,0.008909486234188,0.0140591599047183,-8.774322509765625,-0.47265625,3.4040985107421875,5.958099365234375,2.447860717773437,-1.79754638671875
2024-08-20,6,1,301.98193359375,294.7549133300781,0.67120361328125,0.4102783203125,66.5,91225.671875,270.4393310546875,284.5328369140625,293.2304382324219,0.0043506547808647,0.008950263261795,0.0146595798432827,-6.7143096923828125,-2.188018798828125,0.7776947021484375,5.696075439453125,2.98382568359375,0.4854583740234375
2024-08-20,12,2,300.36016845703125,295.6762390136719,-0.50439453125,1.55078125,974.5,90985.453125,270.21405029296875,285.774169921875,293.43310546875,0.0054774470627307,0.0124041736125946,0.0158275850117206,-2.60382080078125,-3.139251708984375,-2.236541748046875,5.8775634765625,6.393081665039063,5.0470123291015625
2024-08-20,18,3,297.33917236328125,295.86395263671875,-0.942596435546875,2.28765869140625,439.5,91311.125,270.22393798828125,285.20849609375,292.26904296875,0.0041902437806129,0.0103097967803478,0.0154249779880046,-6.063323974609375,-1.9998779296875,-0.087921142578125,4.891815185546875,7.48138427734375,9.034164428710938
2024-08-21,0,0,296.8292236328125,294.8018798828125,0.5684967041015625,0.7571868896484375,75.0,91231.765625,270.64166259765625,284.635986328125,291.9746398925781,0.0038746686186641,0.0103182457387447,0.0144215933978557,-8.143783569335938,-2.564971923828125,1.69781494140625,6.338623046875,1.25701904296875,2.642440795898437
2024-08-21,6,1,300.9061889648437,295.64801025390625,-0.442840576171875,3.820877075195313,847.5,91335.0,270.3282470703125,284.2887878417969,292.5295715332031,0.0049253068864345,0.0106509290635585,0.0155899189412593,-5.588058471679688,-3.611892700195313,-1.041778564453125,7.1405181884765625,6.0303497314453125,6.205291748046875
2024-08-21,12,2,300.2416076660156,294.86065673828125,2.5384521484375,2.9279022216796875,9.25,91083.53125,270.7838134765625,285.220458984375,291.6624755859375,0.0048929117619991,0.0104099847376346,0.0150159150362014,-7.702255249023437,1.5300140380859375,4.1695098876953125,4.0504913330078125,7.7213134765625,5.2681732177734375
2024-08-21,18,3,296.0531616210937,292.8974609375,3.7416839599609375,1.6569061279296875,0.0,91398.453125,269.37322998046875,285.101318359375,290.7843017578125,0.0043749138712882,0.0089586488902568,0.0132067389786243,-9.898727416992188,10.59814453125,11.148544311523438,5.565216064453125,4.501312255859375,8.264785766601562
2024-08-22,0,0,295.8085632324219,293.47637939453125,4.00714111328125,3.345703125,2.25,91332.453125,268.70172119140625,285.9786376953125,289.63604736328125,0.004541128873825,0.0077545531094074,0.0135899558663368,-6.2333526611328125,8.157211303710938,12.702194213867188,8.69390869140625,-0.005584716796875,7.131149291992188
2024-08-22,6,1,300.26055908203125,293.91461181640625,5.113937377929688,3.624542236328125,17.25,91460.84375,269.9989624023437,284.6571655273437,291.88604736328125,0.0043681263923645,0.0088418312370777,0.0132546871900558,-2.926544189453125,5.1700592041015625,8.9927978515625,6.9315032958984375,6.1762237548828125,6.223541259765625
2024-08-22,12,2,300.61358642578125,293.7383728027344,2.2951202392578125,2.051620483398437,5.25,91245.578125,270.44842529296875,284.06793212890625,292.6080627441406,0.0035596874076873,0.0076240375638008,0.0136151574552059,0.1722564697265625,10.438796997070312,6.195587158203125,4.59393310546875,5.084716796875,3.9297027587890634
2024-08-22,18,3,296.5076599121094,293.85223388671875,2.687118530273437,1.5828399658203125,0.0,91569.703125,269.44696044921875,284.1019897460937,291.71807861328125,0.0043425280600786,0.0074999369680881,0.0128619708120822,0.20880126953125,9.0526123046875,6.83648681640625,6.3043975830078125,4.9771270751953125,5.4995880126953125
2024-08-23,0,0,295.23895263671875,293.5830993652344,2.109222412109375,1.3580474853515625,0.0,91405.390625,268.66571044921875,284.9329833984375,292.0800170898437,0.0047820173203945,0.0070458091795444,0.011111382395029,4.4045257568359375,10.105453491210938,8.862747192382812,6.7078399658203125,6.4730072021484375,4.2315216064453125
2024-08-23,6,1,300.73126220703125,293.7744140625,4.771026611328125,3.19976806640625,4.75,91527.5625,269.45733642578125,285.3296203613281,292.6285400390625,0.0039210841059684,0.0067808777093887,0.0131507851183414,6.6149749755859375,10.48779296875,8.40435791015625,2.697662353515625,5.7132110595703125,5.1203155517578125
2024-08-23,12,2,301.09033203125,294.57940673828125,2.130599975585937,1.6064453125,51.875,91314.234375,269.9571533203125,284.52886962890625,293.1244812011719,0.0039678616449236,0.0076242201030254,0.0139460451900959,5.822662353515625,12.255630493164062,4.8392333984375,0.3734283447265625,3.200225830078125,2.908050537109375
2024-08-23,18,3,296.61688232421875,293.85205078125,3.2321319580078125,1.4452362060546875,13.5,91568.75,269.97265625,284.92510986328125,292.2304077148437,0.0037955427542328,0.0068334229290485,0.0133390240371227,1.75628662109375,11.54052734375,8.20501708984375,2.1823272705078125,3.1144561767578125,4.623092651367188
2024-08-24,0,0,295.44073486328125,293.92205810546875,3.7270660400390634,2.648910522460937,7.5,91472.4375,269.0284729003906,285.6410827636719,290.909423828125,0.0040805824100971,0.0052232593297958,0.0133636109530925,3.122528076171875,10.129119873046877,12.679306030273438,1.7314910888671875,5.271774291992188,8.225601196289062
2024-08-24,6,1,299.5484619140625,293.74566650390625,5.75506591796875,3.2772674560546875,48.625,91598.03125,268.549560546875,284.1093139648437,291.83551025390625,0.0044580474495887,0.0077524185180664,0.0136196836829185,5.1262054443359375,10.571243286132812,11.211761474609377,3.699310302734375,5.910079956054688,5.7749786376953125
2024-08-24,12,2,299.8312072753906,293.13690185546875,4.797134399414063,2.237411499023437,6.75,91333.59375,269.55255126953125,284.3017578125,291.09869384765625,0.0036278215702623,0.0082993991672992,0.0139542445540428,4.893325805664063,12.577804565429688,12.657623291015623,3.355209350585937,5.0438232421875,5.1537628173828125
2024-08-24,18,3,295.9583435058594,293.211669921875,4.216796875,1.876190185546875,0.0,91628.265625,267.4804382324219,284.8023681640625,290.58380126953125,0.0045264177024364,0.0074934400618076,0.0131428018212318,6.7252960205078125,12.966842651367188,14.540313720703123,5.863372802734375,3.4521942138671875,2.871688842773437
2024-08-25,0,0,295.9825439453125,293.53564453125,3.91156005859375,1.2541656494140625,2.0,91430.65625,268.5987854003906,284.724853515625,289.887939453125,0.0035345300566405,0.0060734786093235,0.0130939744412899,8.072418212890625,14.72509765625,14.344192504882812,4.527359008789063,2.685546875,1.0076904296875
2024-08-25,6,1,299.1941833496094,293.2828063964844,6.3844757080078125,1.885894775390625,5.25,91544.375,268.0013732910156,284.85137939453125,291.819580078125,0.0040132524445652,0.0072748623788356,0.0127963460981845,8.350372314453125,16.137039184570312,12.586349487304688,2.9623260498046875,-0.736785888671875,2.194686889648437
2024-08-25,12,2,299.6705627441406,293.3173217773437,4.6268463134765625,0.9935455322265624,0.0,91300.921875,268.897216796875,283.4205322265625,291.8892822265625,0.0030744175892323,0.0086778812110424,0.0136475712060928,10.688385009765623,15.878265380859377,11.466140747070312,-0.358306884765625,0.1882476806640625,1.42156982421875
2024-08-25,18,3,294.8037109375,292.37567138671875,3.807952880859375,1.92474365234375,0.0,91483.015625,268.525634765625,283.88018798828125,289.7790832519531,0.0032506296411156,0.0078536607325077,0.0131764374673366,8.974578857421875,14.899505615234377,13.848770141601562,-1.3021240234375,-1.6785888671875,3.477325439453125
2024-08-26,0,0,295.3160400390625,293.27716064453125,4.131988525390625,2.2567596435546875,2.0,91330.53125,268.378173828125,284.43280029296875,289.2854309082031,0.0038449426647275,0.0083399377763271,0.0132150668650865,7.1520843505859375,14.865036010742188,15.178298950195312,-0.23760986328125,-2.650848388671875,4.695404052734375
2024-08-26,6,1,300.46954345703125,292.90106201171875,7.1627349853515625,1.4527435302734375,8.5,91420.03125,268.28082275390625,285.04510498046875,292.20947265625,0.003470676485449,0.0074238888919353,0.0129151232540607,6.8991546630859375,14.28314208984375,13.51800537109375,0.7540283203125,-1.305267333984375,2.285400390625
2024-08-26,12,2,300.8263854980469,293.3128662109375,4.669921875,1.11590576171875,0.5,91198.90625,269.2589111328125,283.6100158691406,292.59100341796875,0.0036593633703887,0.0104918628931045,0.01361945271492,6.5634307861328125,13.703521728515623,12.354568481445312,0.0919342041015625,-1.2974090576171875,2.488983154296875
2024-08-26,18,3,295.7286376953125,293.13525390625,3.509796142578125,1.712127685546875,2.75,91510.28125,269.0159912109375,283.42852783203125,290.0657958984375,0.0034923951607197,0.0087696220725774,0.0139508452266454,2.8201904296875,12.90472412109375,12.224746704101562,0.699188232421875,-1.3524627685546875,1.159759521484375
2024-08-27,0,0,295.6674194335937,293.4664306640625,2.931747436523437,1.944122314453125,3.5,91394.890625,268.5440368652344,283.5892944335937,289.9349365234375,0.0040291640907526,0.0099361352622509,0.0136848129332065,2.6608123779296875,12.836380004882812,12.940872192382812,1.712677001953125,-0.598297119140625,3.0227813720703125
2024-08-27,6,1,299.66534423828125,293.367919921875,5.853790283203125,1.187164306640625,13.0,91488.40625,269.1828308105469,284.1235046386719,291.8415832519531,0.0031357230618596,0.0079781450331211,0.0134512260556221,0.6748809814453125,13.160125732421877,10.700637817382812,2.539093017578125,-0.5086669921875,1.7680206298828125
2024-08-27,12,2,299.798828125,294.5850524902344,3.688232421875,1.5646209716796875,0.5,91335.359375,269.29052734375,284.30389404296875,292.1405639648437,0.0046316832304,0.0068532153964042,0.0132270455360412,3.851974487304688,11.777481079101562,10.068344116210938,-0.41973876953125,-0.31500244140625,3.08770751953125
2024-08-27,18,3,295.5833740234375,292.839111328125,2.93743896484375,0.7580108642578125,0.75,91674.546875,268.1898803710937,283.0657958984375,290.89678955078125,0.0049593709409236,0.0082235299050807,0.0132639035582542,2.326324462890625,12.03369140625,10.340530395507812,0.8576812744140625,0.0544281005859375,-1.499267578125
2024-08-28,0,0,295.0869140625,293.4182434082031,3.475921630859375,1.367401123046875,5.5,91475.234375,268.0125427246094,284.551513671875,289.8051147460937,0.0048194341361522,0.0069999545812606,0.0130804814398288,4.0662384033203125,11.746170043945312,14.202285766601562,-2.468170166015625,-1.6405181884765625,1.6580810546875
2024-08-28,6,1,299.2571716308594,293.20703125,6.291656494140625,0.108734130859375,6.75,91528.75,268.2552185058594,283.3773498535156,291.5018310546875,0.0048771277070045,0.0086291171610355,0.0136087872087955,6.0946197509765625,13.643722534179688,10.7613525390625,-2.9462127685546875,-1.319732666015625,0.1120452880859375
2024-08-28,12,2,298.2345275878906,294.81396484375,2.766952514648437,0.569793701171875,188.5,91332.140625,267.74462890625,283.4328918457031,291.62127685546875,0.0036621303297579,0.0105775445699691,0.0138683728873729,8.484268188476562,10.08642578125,9.442855834960938,-5.539077758789063,-2.2727203369140625,-0.7018890380859375
2024-08-28,18,3,295.18084716796875,293.211669921875,3.9488372802734375,0.39599609375,1.5,91504.5625,268.41949462890625,283.84259033203125,290.3124389648437,0.002843166468665,0.0087169976904988,0.0137701369822025,8.558151245117188,13.113784790039062,12.9879150390625,-6.571456909179688,-2.147933959960937,-2.569732666015625
2024-08-29,0,0,295.7728271484375,293.6204833984375,3.7089691162109375,0.152435302734375,21.0,91304.8125,267.868408203125,283.8237609863281,289.7489929199219,0.0041911900043487,0.008644264191389,0.0138533264398574,8.298049926757812,13.54571533203125,12.949844360351562,-4.54754638671875,-3.0037841796875,-2.463592529296875
2024-08-29,6,1,297.6957702636719,294.1820678710937,5.710250854492188,-0.8198394775390625,19.5,91405.921875,268.6026611328125,283.68658447265625,291.5799560546875,0.003887016326189,0.0084082260727882,0.0142044983804225,6.542755126953125,14.183502197265623,10.033584594726562,-4.2086944580078125,-3.49407958984375,-1.798431396484375
2024-08-29,12,2,297.1847229003906,294.29376220703125,3.6102142333984375,-1.01025390625,479.75,91227.3125,267.730224609375,283.26495361328125,291.3787841796875,0.0045944638550281,0.0096196345984935,0.0147143900394439,9.280380249023438,10.535125732421877,11.832061767578123,-3.237396240234375,-6.9982452392578125,-5.1121368408203125
2024-08-29,18,3,294.6879272460937,293.2136535644531,3.82403564453125,0.303009033203125,59.25,91355.5,269.03839111328125,284.04498291015625,290.67254638671875,0.0023581406567245,0.0074042677879333,0.0137594938278198,9.582931518554688,9.029815673828123,12.587051391601562,-3.3138427734375,-6.320526123046875,-3.0674591064453125
2024-08-30,0,0,295.21075439453125,293.9058532714844,3.525131225585937,0.355926513671875,44.0,91243.984375,268.32452392578125,284.6400146484375,289.8087158203125,0.0017469758167862,0.0074458345770835,0.0139516852796077,6.463394165039063,8.245880126953125,12.457901000976562,-4.173599243164063,-6.2354278564453125,-1.7710113525390625
2024-08-30,6,1,298.3499755859375,294.328125,5.082321166992188,0.621551513671875,577.25,91458.21875,267.114501953125,283.2699584960937,291.46173095703125,0.0030919860582798,0.0084620900452137,0.0143999559804797,7.3330230712890625,8.694351196289062,10.755081176757812,-3.7494049072265625,-5.3345947265625,-0.34417724609375
2024-08-30,12,2,297.46978759765625,293.88092041015625,4.612838745117188,-0.19549560546875,145.5,91190.609375,268.05029296875,283.8847045898437,291.26837158203125,0.0041685476899147,0.0085342228412628,0.0144357867538928,7.0203704833984375,10.569412231445312,11.230316162109377,-6.349624633789063,-4.067398071289063,-0.929107666015625
2024-08-30,18,3,294.6506042480469,293.0360717773437,4.4854583740234375,0.238739013671875,56.0,91429.140625,267.49578857421875,284.4489440917969,290.0975341796875,0.0045649297535419,0.0076275542378425,0.0139100663363933,5.016510009765625,9.392852783203123,14.659423828125,-3.99176025390625,-5.7806396484375,-2.83740234375
2024-08-31,0,0,295.1513061523437,293.64794921875,4.3661956787109375,1.124755859375,24.25,91213.28125,268.1078491210937,284.358642578125,289.708251953125,0.0043247677385807,0.0074251033365726,0.0138104744255542,5.909088134765625,12.429763793945312,14.832260131835938,-3.2755279541015625,-7.33477783203125,-1.0404205322265625
2024-08-31,6,1,297.9640808105469,293.970947265625,6.181640625,-1.3649139404296875,165.25,91410.828125,267.8583679199219,282.8251037597656,290.8886108398437,0.0046179853379726,0.0080169104039669,0.0140508934855461,7.252090454101562,9.78216552734375,11.23834228515625,-4.9235382080078125,-7.674072265625,-3.1628570556640625
2024-08-31,12,2,297.746826171875,294.5766296386719,4.553634643554688,-1.432769775390625,163.0,91134.859375,269.8111572265625,283.41424560546875,291.3323974609375,0.0055243335664272,0.0074054114520549,0.0139641147106885,8.920852661132812,13.81256103515625,13.811691284179688,-2.203582763671875,-9.798980712890623,-5.3787841796875
2024-08-31,18,3,294.99029541015625,293.6260986328125,4.250534057617188,0.645263671875,133.5,91387.171875,269.31414794921875,282.4891052246094,290.10260009765625,0.005334410816431,0.0081253759562969,0.0144043453037738,10.381301879882812,13.817947387695312,15.084503173828123,-3.621414184570313,-7.91217041015625,-2.08038330078125
2024-09-01,0,0,295.465576171875,293.9244384765625,4.247406005859375,-0.3759918212890625,12.5,91152.640625,269.1903686523437,283.175048828125,290.05029296875,0.0056844055652618,0.0075482707470655,0.0141944363713264,7.505859375,14.589553833007812,14.32763671875,-0.471099853515625,-8.654983520507812,-4.807769775390625
2024-09-01,6,1,299.8641662597656,294.1664428710937,6.457809448242188,-2.7051544189453125,66.75,91259.0,269.971923828125,283.8712158203125,292.06915283203125,0.0047264285385608,0.0084260739386081,0.013864729553461,9.164138793945312,17.49200439453125,11.91796875,5.8812255859375,-5.439010620117188,-5.40789794921875
2024-09-01,12,2,297.69256591796875,294.2983703613281,3.4608917236328125,-0.1065521240234375,247.0,91045.921875,270.1185913085937,282.87078857421875,293.425537109375,0.0046508722007274,0.007849559187889,0.0132675133645534,10.444488525390623,15.050613403320312,10.600296020507812,2.0115966796875,-5.6129302978515625,-3.780120849609375
2024-09-01,18,3,295.4692687988281,293.7086486816406,2.947250366210937,-0.143157958984375,86.75,91314.390625,270.0868835449219,283.8438720703125,290.60821533203125,0.0046566817909479,0.0065200105309486,0.0145942727103829,10.355010986328123,17.350494384765625,10.969497680664062,2.3078155517578125,-6.31048583984375,-4.082000732421875
2024-09-02,0,0,295.6151733398437,293.994873046875,3.747344970703125,0.3822174072265625,10.0,91181.546875,271.3471069335937,282.894775390625,289.9504699707031,0.0046484768390655,0.0080181658267974,0.014009203761816,8.647903442382812,12.807907104492188,11.492950439453123,0.7671356201171875,-7.782302856445312,-4.1209869384765625
2024-09-02,6,1,300.0538330078125,295.8620300292969,4.326171875,0.723480224609375,649.5,91330.390625,270.9671630859375,283.37371826171875,291.7503967285156,0.0043648295104503,0.0079223588109016,0.0142671130597591,10.316543579101562,13.31927490234375,10.00506591796875,-0.275299072265625,-5.0310821533203125,-0.6019439697265625
2024-09-02,12,2,297.98406982421875,295.1501159667969,2.914093017578125,0.466339111328125,118.5,91084.765625,269.85748291015625,283.5550537109375,292.48486328125,0.0054597072303295,0.0103295631706714,0.0144748091697692,9.330520629882812,12.3675537109375,10.155364990234377,-1.841766357421875,-3.065704345703125,0.4044647216796875
2024-09-02,18,3,295.83355712890625,293.9965209960937,3.56671142578125,1.268402099609375,6.625,91389.6875,269.4797668457031,283.7950439453125,290.3940734863281,0.0049607530236244,0.0075027123093605,0.0143060833215713,4.551483154296875,12.161468505859377,11.408676147460938,-0.815093994140625,-3.177352905273437,-0.38262939453125
2024-09-03,0,0,295.55487060546875,294.00128173828125,3.228759765625,1.2766265869140625,29.75,91208.171875,269.84161376953125,284.0684509277344,289.78515625,0.0049251765012741,0.009063497185707,0.0138619840145111,2.424423217773437,12.403564453125,11.781478881835938,1.47076416015625,-4.523117065429688,-0.0234527587890625
2024-09-03,6,1,299.1488647460937,293.8781433105469,5.835052490234375,0.87689208984375,17.75,91451.34375,269.3843688964844,283.5704345703125,291.8966369628906,0.0046222656965255,0.0084487199783325,0.0139759443700313,3.4987335205078125,12.325439453125,10.1021728515625,-0.414306640625,-3.554550170898437,1.2017974853515625
2024-09-03,12,2,299.9027099609375,294.41363525390625,3.722564697265625,1.1536407470703125,84.5,91222.546875,269.572998046875,284.35601806640625,292.82476806640625,0.0052621737122535,0.0086355619132518,0.0142043009400367,3.1742706298828125,9.848007202148438,10.387863159179688,-2.6707763671875,-1.915069580078125,1.8172454833984373
2024-09-03,18,3,295.3983764648437,293.1181640625,3.7957611083984375,0.80010986328125,1.5,91529.921875,269.1352844238281,284.57733154296875,291.3796691894531,0.0052128434181213,0.0079960040748119,0.0132145918905735,-0.229156494140625,9.822982788085938,12.315475463867188,-0.670562744140625,-1.479949951171875,-0.83502197265625
2024-09-04,0,0,295.7705993652344,293.8720703125,4.0514068603515625,0.513763427734375,25.75,91420.515625,269.3489990234375,284.1324157714844,289.4439697265625,0.0046912431716918,0.0092570893466472,0.0136895142495632,3.020782470703125,11.306976318359377,13.503509521484377,0.1273651123046875,-5.16387939453125,-1.0965576171875
2024-09-04,6,1,299.46392822265625,293.1695861816406,6.6873931884765625,-0.3034820556640625,13.5,91520.359375,268.79766845703125,284.1556396484375,291.53375244140625,0.0048501975834369,0.0072499513626098,0.0132354870438575,3.4581298828125,11.532058715820312,11.700225830078123,-2.8995513916015625,-3.2579345703125,-0.846038818359375
2024-09-04,12,2,299.3441772460937,293.5714111328125,3.4307098388671875,-0.0316162109375,7.5,91217.140625,268.9876708984375,283.5672607421875,293.5030822753906,0.0049996897578239,0.0084738619625568,0.0132577754557132,7.3969573974609375,12.352371215820312,9.867095947265623,-2.82257080078125,-4.20330810546875,-1.7052154541015625
2024-09-04,18,3,296.1843566894531,293.6579895019531,3.37939453125,0.9304046630859376,13.25,91450.546875,268.13153076171875,283.8741455078125,290.9051513671875,0.0035563111305236,0.0066379457712173,0.014150645583868,11.234817504882812,11.700439453125,10.4881591796875,0.042633056640625,-5.0355224609375,-0.93963623046875
2024-09-05,0,0,296.05340576171875,293.88397216796875,3.182891845703125,0.9560089111328124,6.25,91267.421875,269.92633056640625,284.3397827148437,289.75909423828125,0.0020203199237585,0.0057246219366788,0.0134231373667716,7.7861480712890625,10.339447021484377,11.431259155273438,0.0205841064453125,-6.9697113037109375,-1.5113067626953125
2024-09-05,6,1,300.623779296875,293.19610595703125,5.9866790771484375,-0.7892303466796875,11.5,91386.984375,269.1723327636719,284.7455749511719,292.625,0.0048854928463697,0.0064231678843498,0.0128795839846134,5.61785888671875,11.176742553710938,11.526626586914062,-3.2660369873046875,-6.093505859375,-2.4988555908203125
2024-09-05,12,2,300.56072998046875,294.17626953125,3.783493041992188,0.0181884765625,25.0,91091.828125,269.0309143066406,284.2403564453125,293.5735168457031,0.0046702027320861,0.0083506405353546,0.0138706602156162,2.569931030273437,9.606063842773438,10.5975341796875,-6.6996917724609375,-4.668991088867188,-1.7221527099609375
2024-09-05,18,3,295.927001953125,293.65447998046875,3.479248046875,0.4528350830078125,12.25,91398.78125,268.110595703125,284.3276672363281,290.7831420898437,0.0049748942255973,0.0079716257750988,0.0143889933824539,0.94769287109375,10.185821533203123,11.188278198242188,-3.092742919921875,-5.714645385742188,-2.871978759765625
2024-09-06,0,0,295.9359741210937,293.8265380859375,4.28118896484375,-0.61505126953125,13.125,91245.75,268.43084716796875,283.8056030273437,289.7574768066406,0.0048324409872293,0.0092974193394184,0.0138239040970802,4.125823974609375,10.060562133789062,12.5753173828125,-2.165252685546875,-6.0695343017578125,-4.3060455322265625
2024-09-06,6,1,299.1531982421875,293.52587890625,5.7113800048828125,-1.3662261962890625,18.0,91424.90625,268.7842712402344,283.82086181640625,291.9017333984375,0.0048936270177364,0.0080015622079372,0.013958316296339,2.674057006835937,10.075119018554688,10.12646484375,-1.0977020263671875,-5.613937377929688,-2.573211669921875
2024-09-06,12,2,299.01611328125,294.14776611328125,2.7427520751953125,-0.0122222900390625,79.375,91196.421875,270.8340759277344,283.8375549316406,293.0199279785156,0.0039559840224683,0.0081152729690074,0.0139246471226215,2.68194580078125,7.7928466796875,9.54730224609375,-2.1490478515625,-5.878936767578125,-2.81988525390625
2024-09-06,18,3,295.97271728515625,293.24566650390625,3.429183959960937,-0.1649932861328125,7.5,91475.234375,269.0204772949219,284.10284423828125,291.165283203125,0.0040212078019976,0.0082549937069416,0.0140061452984809,3.2115020751953125,7.059906005859375,10.683837890625,-1.1601715087890625,-6.400238037109375,-3.8930816650390634
2024-09-07,0,0,295.9830322265625,293.7674560546875,3.592254638671875,-0.0614776611328125,11.5,91288.90625,269.0630798339844,284.1628112792969,289.864013671875,0.0046313218772411,0.0092749670147895,0.0140345804393291,7.390518188476562,8.123611450195312,11.284530639648438,-1.35516357421875,-6.1212921142578125,-4.4425811767578125
2024-09-07,6,1,299.747802734375,294.1502685546875,4.219985961914063,-0.438262939453125,901.375,91490.046875,268.3736572265625,283.45172119140625,291.4525146484375,0.004663523286581,0.008704487234354,0.0151606649160385,5.7126312255859375,8.239089965820312,8.933425903320312,-1.8790130615234373,-5.6051025390625,-1.6606903076171875
2024-09-07,12,2,299.20343017578125,294.9195556640625,2.912582397460937,0.2696990966796875,469.0,91248.78125,269.1991577148437,283.9529724121094,292.8349609375,0.0051713995635509,0.0087521597743034,0.0142567455768585,5.4669189453125,8.890151977539062,10.17279052734375,-3.6104888916015625,-3.496795654296875,-1.415252685546875
2024-09-07,18,3,295.5299377441406,293.3411865234375,3.847610473632813,0.441497802734375,0.0,91539.640625,268.7156982421875,283.95172119140625,291.23291015625,0.0051999799907207,0.0079701282083988,0.0132075101137161,3.814376831054688,9.7191162109375,11.703460693359377,-2.12896728515625,-3.323883056640625,-2.0952301025390625
2024-09-08,0,0,295.37139892578125,293.65924072265625,3.756134033203125,0.9232025146484376,5.0,91417.90625,268.91461181640625,283.7102355957031,289.958740234375,0.0048328153789043,0.008383261039853,0.0134489499032497,6.133071899414063,12.403167724609377,13.106521606445312,-2.2435760498046875,-5.702117919921875,-1.7525634765625
2024-09-08,6,1,298.7218322753906,293.3485107421875,5.8140869140625,0.1747894287109375,80.0,91527.046875,268.8970947265625,284.05255126953125,291.15460205078125,0.0048225671052932,0.0086614601314067,0.0140912197530269,9.093215942382812,11.484466552734377,10.124298095703123,-3.192840576171875,-3.643646240234375,-0.2670135498046875
2024-09-08,12,2,296.50115966796875,294.93084716796875,3.937591552734375,0.5282440185546875,172.0,91276.578125,269.3487548828125,283.68609619140625,292.21795654296875,0.0052548572421073,0.009593678638339,0.0141223408281803,7.409271240234375,12.938140869140623,12.28985595703125,-3.469467163085937,-3.0177001953125,0.5228729248046875
2024-09-08,18,3,295.2855834960937,293.7760314941406,4.365646362304688,0.7968597412109375,39.75,91459.609375,269.03277587890625,284.29345703125,290.2188720703125,0.0052628852427005,0.0087207369506359,0.0143443010747432,5.1224212646484375,13.43426513671875,14.594894409179688,-1.0973358154296875,-4.810104370117188,-1.088775634765625
2024-09-09,0,0,295.7560119628906,294.41943359375,3.700607299804688,0.46551513671875,41.5,91196.84375,269.4762268066406,284.6919860839844,290.50909423828125,0.0053092651069164,0.0077916458249092,0.0145342275500297,6.8127288818359375,14.722808837890623,12.985580444335938,0.0444183349609375,-4.854171752929688,-1.8468475341796875
2024-09-09,6,1,298.53582763671875,294.44000244140625,5.7326202392578125,1.19110107421875,35.75,91331.3125,269.6356201171875,284.7613525390625,291.18280029296875,0.0056142006069421,0.0059334523975849,0.0143219865858554,5.936569213867188,13.842727661132812,10.007659912109377,-2.174957275390625,-1.83001708984375,1.2884063720703125
2024-09-09,12,2,298.9420471191406,294.220703125,4.11761474609375,0.6046295166015625,31.75,91097.703125,270.1595458984375,283.4249267578125,292.7794189453125,0.0049944221973419,0.0094644501805305,0.0136982947587966,5.366226196289063,12.706039428710938,12.690811157226562,-4.7993927001953125,-1.351043701171875,0.0489654541015625
2024-09-09,18,3,295.5238037109375,293.250732421875,4.185714721679688,1.20562744140625,0.5,91252.078125,270.50543212890625,284.1485595703125,290.06573486328125,0.0045902393758296,0.0072879381477832,0.0137121081352233,1.723480224609375,15.43682861328125,14.090423583984377,-3.627639770507813,-1.0693359375,0.44561767578125
2024-09-10,0,0,296.1552124023437,293.94500732421875,3.828292846679688,1.4411163330078125,9.25,91178.875,269.1690673828125,284.8406982421875,290.10693359375,0.0037354517262429,0.0078504234552383,0.0141520947217941,3.14373779296875,14.385818481445312,14.072021484375,1.058502197265625,-1.6781005859375,1.3209686279296875
2024-09-10,6,1,300.5743408203125,293.24688720703125,7.243988037109375,1.2197265625,17.5,91278.6875,269.6731872558594,284.6634826660156,292.63232421875,0.0037694692146033,0.0076298266649246,0.0137908272445201,3.434921264648437,16.054794311523438,12.966384887695312,1.4414215087890625,-0.71966552734375,2.0093536376953125
2024-09-10,12,2,300.2087707519531,293.7295837402344,4.829513549804688,1.3025360107421875,24.5,91058.046875,270.5998840332031,283.533203125,293.1718139648437,0.0048153661191463,0.0085181407630443,0.014116495847702,3.0554656982421875,14.822830200195312,12.773361206054688,0.8652191162109375,0.151092529296875,2.530624389648437
2024-09-10,18,3,295.421142578125,292.90728759765625,3.382293701171875,1.0641632080078125,1.5,91386.09375,269.6952209472656,283.89227294921875,290.1114501953125,0.004834659397602,0.0076696500182151,0.0135811306536197,1.300201416015625,15.182022094726562,12.40008544921875,2.6936187744140625,1.19140625,0.9922637939453124
2024-09-11,0,0,295.5108642578125,293.3527526855469,3.766647338867188,1.7271881103515625,5.5,91221.484375,269.9227905273437,285.3949584960937,289.8087158203125,0.0042816959321498,0.0073864832520484,0.0130426473915576,2.2162628173828125,11.700408935546877,13.156448364257812,4.4862823486328125,-0.2192840576171875,2.631820678710937
2024-09-11,6,1,299.49951171875,292.733642578125,6.2921295166015625,1.0518035888671875,9.75,91407.453125,270.1351623535156,285.015869140625,292.2483215332031,0.0030603616032749,0.0053497366607189,0.0134558081626892,2.7746124267578125,13.686370849609377,10.500823974609377,5.452926635742188,-0.479248046875,1.62451171875
2024-09-11,12,2,300.3391418457031,292.94696044921875,3.897216796875,1.0216827392578125,15.75,91246.25,270.79840087890625,283.730224609375,293.5781555175781,0.0030379469972103,0.0074050575494766,0.0136171877384185,2.47308349609375,15.10406494140625,10.704391479492188,2.452011108398437,-0.1856842041015625,2.038681030273437
2024-09-11,18,3,295.0492858886719,292.884521484375,3.4590301513671875,1.0803680419921875,0.5,91541.78125,269.9609375,283.96002197265625,290.424072265625,0.0029833675362169,0.0064652077853679,0.0128507725894451,0.0207061767578125,12.778976440429688,12.273422241210938,1.50372314453125,0.1200408935546875,0.37152099609375
2024-09-12,0,0,295.26446533203125,293.2401733398437,3.0851287841796875,1.19427490234375,2.0,91410.140625,270.2152709960937,284.55291748046875,289.86328125,0.0033871030900627,0.0079454407095909,0.0118910297751426,-0.212677001953125,11.48663330078125,12.096694946289062,0.4064178466796875,-0.9748992919921876,0.5890045166015625
2024-09-12,6,1,299.79022216796875,293.0101928710937,5.140655517578125,0.9031829833984376,9.0,91542.375,270.8168640136719,284.7405090332031,292.01812744140625,0.0026314489077776,0.006692785769701,0.0128969475626945,-0.7100830078125,11.291107177734377,9.671035766601562,0.6626739501953125,0.9310302734375,0.6105804443359375
2024-09-12,12,2,300.6252746582031,293.6849365234375,2.358627319335937,-0.359832763671875,27.75,91346.765625,270.8432006835937,283.1282958984375,293.5770263671875,0.0026935481000691,0.0084049776196479,0.0133520513772964,-0.217071533203125,11.202163696289062,7.083099365234375,4.02374267578125,-2.88214111328125,-1.6589813232421875
2024-09-12,18,3,296.01446533203125,293.4090576171875,2.5380096435546875,0.0567474365234375,0.0,91544.09375,270.516357421875,283.95831298828125,291.5443725585937,0.0026680454611778,0.0073344819247722,0.0136829689145088,3.2847900390625,8.604339599609375,6.621490478515625,3.154998779296875,-1.993011474609375,-1.83154296875
2024-09-13,0,0,294.9880065917969,293.4637145996094,2.5652618408203125,0.48663330078125,0.375,91398.875,271.0908508300781,284.6757202148437,291.27703857421875,0.0024471764918416,0.0069800578057765,0.011649852618575,3.0775146484375,6.3065948486328125,8.983840942382812,-0.5660858154296875,-0.2065582275390625,-2.294662475585937
2024-09-13,6,1,299.70526123046875,292.2919311523437,5.0075225830078125,-0.251220703125,12.375,91559.6875,271.2490539550781,283.94305419921875,291.76251220703125,0.0023451268207281,0.0048180148005485,0.0119943916797637,2.4565582275390625,7.873199462890625,8.768295288085938,-1.786865234375,0.858062744140625,-0.8203125
2024-09-13,12,2,300.89581298828125,292.55499267578125,2.2462921142578125,-0.5,1.375,91278.5,270.629638671875,282.7503662109375,294.24322509765625,0.0028636800125241,0.0073107331991195,0.0120335891842842,1.197357177734375,13.886444091796877,6.6021575927734375,-2.99444580078125,-4.010498046875,-1.808380126953125
2024-09-13,18,3,295.5672302246094,292.8486328125,2.408782958984375,0.29754638671875,8.875,91514.671875,269.51171875,282.6651611328125,291.2229919433594,0.00306525407359,0.0084793753921985,0.0136033035814762,0.5621185302734375,10.4105224609375,7.92230224609375,-1.6596527099609375,-3.6457366943359375,-2.1377105712890625
2024-09-14,0,0,295.4908752441406,293.2879638671875,2.984588623046875,-0.101776123046875,2.75,91347.28125,269.5364685058594,283.1021728515625,290.6543273925781,0.0026774506550282,0.0084114223718643,0.0122927613556385,0.588714599609375,11.113082885742188,8.655075073242188,-1.19140625,-2.5248260498046875,-3.21038818359375
2024-09-14,6,1,299.7799987792969,292.157470703125,4.8096466064453125,-1.3337249755859375,1.625,91471.15625,269.8431701660156,283.3780517578125,291.9722900390625,0.0023791110143065,0.0089904442429542,0.0123006924986839,0.8502655029296875,11.42529296875,7.7238616943359375,0.407135009765625,-1.468475341796875,-2.18536376953125
2024-09-14,12,2,300.3232727050781,292.3761291503906,2.0469207763671875,-0.8457489013671875,25.25,91223.71875,269.9598999023437,282.996826171875,293.92889404296875,0.0021667645778506,0.008370004594326,0.0120682818815112,3.82421875,13.228271484375,6.9494171142578125,-1.366607666015625,-3.616058349609375,-2.776473999023437
2024-09-14,18,3,295.8221435546875,292.7088623046875,3.149200439453125,0.335601806640625,0.0,91496.40625,269.285888671875,283.5917358398437,291.48797607421875,0.0024331016466021,0.0050841383635997,0.0130015909671783,3.114166259765625,10.059616088867188,9.030532836914062,-0.572021484375,-5.800949096679688,-2.32293701171875
2024-09-15,0,0,294.5507202148437,293.0333251953125,2.963973999023437,0.5067291259765625,0.0,91392.84375,268.966796875,283.0008544921875,290.8058166503906,0.0021398549433797,0.0081660188734531,0.01162601262331,3.5260162353515625,10.440948486328123,9.3438720703125,-0.1950225830078125,-3.935745239257813,-3.013168334960937
2024-09-15,6,1,299.2193603515625,292.97613525390625,4.93115234375,-1.2182769775390625,0.0,91495.625,269.2657165527344,282.83563232421875,291.1951904296875,0.0016534803435206,0.0070155225694179,0.0129441432654857,5.029220581054688,9.641082763671877,8.333572387695312,-0.4520721435546875,-3.265167236328125,-2.272491455078125
2024-09-15,12,2,300.41473388671875,292.9417724609375,2.560211181640625,-1.1744232177734375,11.0,91248.875,269.44549560546875,282.6297607421875,293.70233154296875,0.0015435679815709,0.0084256306290626,0.0125847421586513,5.949798583984375,10.4857177734375,7.33642578125,-2.822738647460937,-3.927947998046875,-3.49072265625
2024-09-15,18,3,295.43701171875,292.72808837890625,2.5078125,-0.485595703125,0.0,91528.0625,269.2298889160156,282.99566650390625,291.2295227050781,0.0016892347484827,0.0055493712425231,0.0129321254789829,5.2398681640625,9.243972778320312,9.22344970703125,-4.2808685302734375,-4.8807373046875,-3.3614501953125
2024-09-16,0,0,294.12713623046875,292.4451904296875,2.708038330078125,-0.2612457275390625,0.0,91397.8125,268.7803955078125,284.434326171875,290.57550048828125,0.0015523557085543,0.0031955845188349,0.0099509246647357,2.6428375244140625,11.42340087890625,9.229446411132812,-2.986801147460937,-5.99261474609375,-5.9298095703125
2024-09-16,6,1,299.88116455078125,292.3484191894531,5.0460968017578125,-2.791473388671875,2.75,91514.140625,268.90350341796875,283.66143798828125,291.8275451660156,0.0014393650926649,0.0057728812098503,0.0117450803518295,3.47943115234375,11.262680053710938,8.210433959960938,-1.823333740234375,-5.466720581054688,-4.5670013427734375
2024-09-16,12,2,299.998291015625,293.7975158691406,3.2179107666015625,-1.331512451171875,16.75,91265.421875,269.26904296875,282.8226013183594,292.85809326171875,0.0014637091662734,0.0094595029950141,0.0128843169659376,4.624755859375,11.6419677734375,8.072952270507812,-3.478118896484375,-6.073577880859375,-4.3668975830078125
2024-09-16,18,3,295.82769775390625,293.25537109375,2.978729248046875,0.2890167236328125,17.25,91538.4375,268.8203430175781,282.4292297363281,290.86944580078125,0.0014520103577524,0.007860779762268,0.0138213634490966,3.88177490234375,9.522415161132812,10.112594604492188,-4.05694580078125,-6.0753936767578125,-3.464447021484375
2024-09-17,0,0,295.0001220703125,293.1633605957031,3.121063232421875,0.1990203857421875,2.5,91419.796875,269.1632385253906,282.3413391113281,290.313720703125,0.0007971273735165,0.008830476552248,0.0120113603770732,3.901657104492188,9.26202392578125,10.978073120117188,-4.2469024658203125,-8.33758544921875,-4.4477081298828125
2024-09-17,6,1,300.06671142578125,292.7416381835937,5.113311767578125,-1.93865966796875,0.375,91484.390625,269.9243469238281,282.9024658203125,291.45751953125,0.0004955695476382,0.0068301372230052,0.0129631273448467,4.232269287109375,10.786148071289062,8.386215209960938,-2.116607666015625,-5.2597198486328125,-3.292327880859375
2024-09-17,12,2,301.111572265625,293.08599853515625,2.5467987060546875,-0.6561737060546875,62.25,91146.21875,270.36920166015625,282.81707763671875,294.1116943359375,0.0003821719437837,0.00855603069067,0.0124920941889286,5.4033966064453125,9.658676147460938,7.252838134765625,-2.532089233398437,-5.3275146484375,-2.506927490234375
2024-09-17,18,3,296.162109375,292.38348388671875,2.98419189453125,-0.12567138671875,0.0,91390.203125,269.512451171875,282.8408203125,291.59197998046875,0.0006896897684782,0.0042087100446224,0.0130087286233901,6.6694183349609375,6.949005126953125,7.7608642578125,-1.100677490234375,-2.785888671875,-2.746246337890625
2024-09-18,0,0,294.41473388671875,291.5130615234375,3.2011871337890625,-0.8429718017578125,0.0,91286.234375,269.999267578125,282.96173095703125,290.3642578125,0.0007063958328217,0.0038001635111868,0.0100836344063282,6.221221923828125,3.8131103515625,9.392333984375,-2.72747802734375,0.774383544921875,-5.793136596679688
2024-09-18,6,1,300.0421142578125,290.74957275390625,3.294784545898437,-2.11712646484375,0.0,91356.75,270.8448791503906,282.31268310546875,291.2883605957031,0.0004107395652681,0.0032015258911997,0.0108642019331455,3.2571258544921875,6.85601806640625,5.017822265625,-2.0074462890625,-1.2290496826171875,-3.618850708007813
2024-09-18,12,2,300.93115234375,291.5853881835937,1.1828460693359375,-0.4596710205078125,0.0,91047.59375,270.2760925292969,282.89111328125,294.3751220703125,0.0004669849295169,0.0040464499033987,0.0095298029482364,5.4261016845703125,5.6012725830078125,3.519760131835937,-2.695068359375,-4.75946044921875,-1.5933685302734375
2024-09-18,18,3,296.0394897460937,291.196044921875,1.691558837890625,-0.7875518798828125,5.0,91362.9375,270.99346923828125,281.0540771484375,292.96051025390625,0.000397237483412,0.0045898035168647,0.0104634054005146,3.425765991210937,0.1343841552734375,4.19091796875,-2.885284423828125,-0.8817901611328125,-2.7637481689453125
2024-09-19,0,0,294.2112121582031,292.12701416015625,1.956878662109375,-0.687713623046875,0.0,91284.796875,270.8060913085937,281.302001953125,291.23748779296875,0.0003888139035552,0.0047541595995426,0.010737095028162,-2.22918701171875,0.7653350830078125,4.936569213867188,-1.8585052490234373,-0.974639892578125,-2.534774780273437
2024-09-19,6,1,299.3243408203125,291.63153076171875,2.7524871826171875,-0.10888671875,2.75,91398.921875,270.963623046875,281.312255859375,291.7172546386719,0.0003679655492305,0.0062741823494434,0.0115037746727466,-0.7846221923828125,1.2225341796875,4.046432495117188,0.277099609375,-1.131072998046875,-0.37310791015625
2024-09-19,12,2,301.0004272460937,292.9658203125,1.31072998046875,-0.325103759765625,13.625,91105.40625,271.53302001953125,282.6845703125,293.5117492675781,0.0005237360019236,0.0077561922371387,0.0112919732928276,0.8816680908203125,2.653564453125,3.9921722412109375,0.2958221435546875,-1.6960296630859375,-1.405670166015625
2024-09-19,18,3,295.044189453125,292.0654296875,2.0055694580078125,-0.23553466796875,94.125,91366.796875,271.2731628417969,282.12261962890625,291.961181640625,0.0005845131818205,0.008125402033329,0.0126215778291225,-1.7193450927734375,-0.6568756103515625,4.5767669677734375,-1.3614654541015625,0.30389404296875,-2.59613037109375
2024-09-20,0,0,295.0872802734375,293.263916015625,2.2252349853515625,-0.13665771484375,77.875,91264.609375,271.62237548828125,281.4207763671875,290.79229736328125,0.0017581086140125,0.0093387179076671,0.0121284909546375,-2.5644073486328125,0.0577239990234375,5.089157104492188,-1.8296356201171875,-0.8538665771484375,-2.7983856201171875
2024-09-20,6,1,299.9283447265625,291.97320556640625,3.4575958251953125,-1.1527252197265625,18.25,91378.375,271.6069030761719,281.8406066894531,291.7366638183594,0.0023908880539238,0.0088530629873275,0.0121913142502307,-1.70220947265625,0.73095703125,5.130950927734375,-1.2459869384765625,-0.4341888427734375,-1.971435546875
2024-09-20,12,2,300.99871826171875,292.20916748046875,1.6741943359375,-0.3813934326171875,11.25,91115.15625,270.93505859375,283.4076843261719,294.3559265136719,0.0017538173124194,0.0069862492382526,0.0111633911728858,-2.645751953125,1.18072509765625,4.7143402099609375,-2.2017364501953125,-2.9521942138671875,-1.9664154052734373
2024-09-20,18,3,296.15869140625,292.9803466796875,2.520263671875,0.0400238037109375,13.25,91381.859375,270.3443908691406,283.8593139648437,291.9493103027344,0.001606720034033,0.0056224991567432,0.0131125673651695,-1.8406219482421875,0.527618408203125,7.0249786376953125,-2.515365600585937,-2.98040771484375,-3.949615478515625
2024-09-21,0,0,295.02349853515625,293.4107971191406,3.161483764648437,-0.30084228515625,10.375,91292.421875,269.8977355957031,282.7177734375,290.6456298828125,0.0023303129710257,0.0080121271312236,0.0127168782055377,3.20379638671875,2.645736694335937,8.5926513671875,-3.982131958007813,-1.8393096923828125,-3.7467193603515625
2024-09-21,6,1,301.242431640625,292.63397216796875,4.20574951171875,-2.268173217773437,2.75,91394.53125,269.01043701171875,283.5589599609375,292.2986755371094,0.0047960691154003,0.0072722323238849,0.0120355226099491,2.199951171875,4.23797607421875,7.059585571289063,-3.71832275390625,-0.486114501953125,-3.97894287109375
2024-09-21,12,2,300.1993103027344,293.1815185546875,2.273223876953125,-1.0557403564453125,12.5,91130.0625,269.59393310546875,283.65484619140625,293.4760437011719,0.0043320730328559,0.0072691552340984,0.0124473311007022,1.8422393798828125,3.637649536132813,5.303192138671875,-2.3654327392578125,-1.2241058349609375,-3.341552734375
2024-09-21,18,3,295.79766845703125,292.9971923828125,2.7589874267578125,-0.0938262939453125,25.125,91440.71875,268.9110107421875,283.0800476074219,291.527587890625,0.0047189518809318,0.0073683336377143,0.0134911313652992,-1.4616241455078125,1.98974609375,8.204864501953125,-4.6766510009765625,-2.466796875,-3.386810302734375
2024-09-22,0,0,294.72711181640625,292.5497436523437,3.048324584960937,-0.867950439453125,0.0,91200.8125,270.32965087890625,282.9990539550781,290.8848876953125,0.005032917484641,0.0081789009273052,0.0114801675081253,-6.954986572265625,3.556610107421875,9.064300537109377,-2.1560821533203125,-2.312469482421875,-5.761138916015625
2024-09-22,6,1,299.8206787109375,292.6771850585937,4.138397216796875,-2.826385498046875,0.875,91309.09375,269.48785400390625,283.5709533691406,292.55712890625,0.0043708905577659,0.0088378190994262,0.0122384577989578,-2.762664794921875,3.68255615234375,7.58099365234375,-0.423187255859375,-4.120529174804688,-5.32891845703125
2024-09-22,12,2,299.7331237792969,292.64410400390625,2.1759185791015625,-0.0377655029296875,21.5,91012.328125,270.20428466796875,283.9496459960937,293.52734375,0.0026850446593016,0.0091650560498237,0.0135435946285724,-0.73211669921875,3.273468017578125,5.5263214111328125,-3.5260009765625,-3.866378784179688,-1.0108795166015625
2024-09-22,18,3,296.519287109375,293.6950378417969,2.761932373046875,0.0992431640625,8.0,91314.53125,268.59033203125,283.7740173339844,291.7416381835937,0.0036946332547813,0.0094817988574504,0.0141424611210823,-3.6752777099609375,1.6403961181640625,6.991607666015625,-3.5399932861328125,-2.7575836181640625,-3.700393676757813
2024-09-23,0,0,295.0166015625,293.619384765625,3.04669189453125,-0.2775421142578125,5.25,91172.375,269.6419372558594,284.1844787597656,290.7391967773437,0.0050279013812541,0.0098489075899124,0.0135877393186092,-4.728485107421875,2.171493530273437,8.743408203125,-4.6908721923828125,-2.0284881591796875,-4.953872680664063
2024-09-23,6,1,298.79510498046875,293.7452392578125,3.9050445556640634,-2.474029541015625,5.75,91281.9375,269.7585754394531,284.2575988769531,291.830322265625,0.0049866773188114,0.0097435265779495,0.0140703842043876,-4.385055541992188,2.20220947265625,7.1356353759765625,0.2835235595703125,-2.3610992431640625,-4.470245361328125
2024-09-23,12,2,300.0230712890625,294.18316650390625,3.1498260498046875,0.146087646484375,48.5,90996.5625,269.98736572265625,283.99481201171875,293.5045166015625,0.0048783905804157,0.0104723237454891,0.0141770802438259,-4.0659942626953125,5.364166259765625,7.950302124023437,2.296966552734375,-2.40240478515625,-0.516204833984375
2024-09-23,18,3,295.88055419921875,293.4920654296875,3.645477294921875,0.8237762451171875,0.0,91261.40625,270.521240234375,284.0150756835937,290.9369812011719,0.0046202316880226,0.0102334804832935,0.0140963606536388,-1.133758544921875,2.5771942138671875,10.596710205078123,2.0619049072265625,-0.092498779296875,-1.0940093994140625
2024-09-24,0,0,295.2886657714844,294.04638671875,4.272918701171875,1.3720550537109375,1.25,91115.5625,269.7767333984375,284.119140625,290.2867736816406,0.0042709037661552,0.0107338577508926,0.0139498524367809,0.68109130859375,-0.088470458984375,12.202117919921877,1.1579132080078125,-0.4092864990234375,-0.1797943115234375
2024-09-24,6,1,299.26690673828125,294.2630615234375,5.18505859375,1.1343841552734375,0.625,91198.203125,270.42633056640625,284.5116577148437,291.9080810546875,0.004284244030714,0.010287806391716,0.0141340307891368,-0.87713623046875,3.138671875,9.004653930664062,2.1265411376953125,-0.9776611328125,0.3508453369140625
2024-09-24,12,2,298.70880126953125,294.46173095703125,4.131027221679688,1.0051422119140625,115.875,90919.53125,270.5585327148437,284.6424560546875,292.0272216796875,0.0044087246060371,0.0102886296808719,0.0148135311901569,2.757186889648437,6.741302490234375,10.919219970703123,-0.2419586181640625,-1.0275421142578125,1.97900390625
2024-09-24,18,3,295.54217529296875,293.89166259765625,3.732330322265625,0.9911956787109376,3.625,91228.484375,270.2648620605469,284.2958374023437,290.40093994140625,0.0047221668064594,0.010662455111742,0.0145011991262435,3.368392944335937,8.407363891601562,11.925155639648438,0.9482421875,-2.1472320556640625,-1.5010986328125
2024-09-25,0,0,295.9232177734375,293.8895874023437,4.2918243408203125,0.7944488525390625,6.375,91094.09375,270.6554260253906,285.10675048828125,289.896728515625,0.0047605372965335,0.0092409998178482,0.0120081603527069,3.6447601318359375,10.063446044921877,13.4749755859375,-0.8541717529296875,-3.355255126953125,-0.950164794921875
2024-09-25,6,1,300.525146484375,293.2989807128906,6.302749633789063,-0.2739410400390625,0.0,91244.421875,270.6884460449219,284.5509033203125,292.4906005859375,0.004665907472372,0.0087661929428577,0.012295302003622,3.4347686767578125,9.451812744140623,10.23138427734375,3.0980224609375,-0.355621337890625,-0.552703857421875
2024-09-25,12,2,298.38006591796875,293.93780517578125,3.960601806640625,0.51324462890625,0.5,91062.859375,270.33447265625,284.06036376953125,292.92608642578125,0.0047905184328556,0.0099961832165718,0.0139406882226467,4.53765869140625,9.61053466796875,10.463394165039062,-0.52166748046875,0.3473052978515625,-0.0759429931640625
2024-09-25,18,3,295.230712890625,292.90655517578125,3.542510986328125,1.0274200439453125,0.0,91224.40625,270.8119201660156,284.2828674316406,291.25360107421875,0.00417076703161,0.0088827833533287,0.0133755020797252,2.8464813232421875,9.756423950195312,11.214706420898438,-1.147003173828125,-0.9096527099609376,-1.1655426025390625
2024-09-26,0,0,295.1522827148437,293.38385009765625,3.5660858154296875,1.2169189453125,3.0,91093.328125,271.18896484375,285.0157165527344,289.9257202148437,0.003294379916042,0.0101456735283136,0.0133361518383026,5.0155181884765625,7.412841796875,11.820159912109377,2.976669311523437,0.660614013671875,-0.5655059814453125
2024-09-26,6,1,298.6026611328125,293.32647705078125,4.70013427734375,0.263763427734375,5.875,91308.546875,269.9078369140625,284.6012878417969,292.46124267578125,0.0039104325696825,0.008884709328413,0.0135704800486564,4.082977294921875,6.535308837890625,7.9601898193359375,1.8064422607421875,2.81756591796875,0.056884765625
2024-09-26,12,2,299.57354736328125,293.9979553222656,2.9305419921875,0.6707611083984375,15.0,91056.9375,270.75830078125,284.1572265625,293.2160949707031,0.0037770024500787,0.0088706091046333,0.0141461789608001,-0.2386932373046875,5.749526977539063,8.521255493164062,1.119140625,1.730255126953125,0.668121337890625
2024-09-26,18,3,296.22186279296875,293.2186279296875,2.6798095703125,1.176849365234375,0.0,91389.375,269.0409240722656,284.0304260253906,291.8739013671875,0.0043366514146327,0.0080711916089057,0.0130597352981567,-2.9573211669921875,4.32012939453125,8.47991943359375,1.88800048828125,2.0072021484375,-0.548980712890625
2024-09-27,0,0,294.76910400390625,293.49639892578125,3.121063232421875,0.91900634765625,0.0,91274.546875,268.2579040527344,283.70758056640625,291.0550842285156,0.0048983208835124,0.0089771822094917,0.0128668285906314,-3.04833984375,2.732528686523437,11.108749389648438,4.070816040039063,0.2453460693359375,-1.579681396484375
2024-09-27,6,1,299.4243469238281,293.16180419921875,3.999481201171875,0.6939544677734375,7.0,91505.703125,268.895751953125,283.3372802734375,292.7398681640625,0.0026827205438166,0.0086012408137321,0.0130248144268989,-4.9311065673828125,1.9532318115234373,7.43780517578125,5.071868896484375,1.101409912109375,0.6485595703125
2024-09-27,12,2,300.0225830078125,293.905517578125,1.7108154296875,-0.2420501708984375,72.5,91279.5625,269.2419128417969,283.581787109375,293.97705078125,0.002884664805606,0.0091041587293148,0.013608943670988,-3.214691162109375,2.5548553466796875,3.8124847412109375,4.0566253662109375,-0.059722900390625,-0.584075927734375
2024-09-27,18,3,296.1400756835937,293.7772521972656,1.9435882568359373,-0.434814453125,55.875,91535.796875,268.72296142578125,283.3176574707031,291.61346435546875,0.0035218184348195,0.0092316195368766,0.0144481938332319,-3.0807647705078125,0.1470794677734375,4.977081298828125,3.7181396484375,0.5445098876953125,-2.5634002685546875
2024-09-28,0,0,295.46441650390625,293.3832397460937,1.162445068359375,-0.1154022216796875,0.0,91395.125,269.0747375488281,283.6192626953125,291.4833984375,0.0038268589414656,0.0092384479939937,0.0128782950341701,-5.2014007568359375,0.135009765625,3.4737548828125,3.45770263671875,1.420074462890625,-2.227890014648437
2024-09-28,6,1,300.8587341308594,293.62994384765625,0.69091796875,-0.48785400390625,0.0,91588.390625,269.4172058105469,283.67877197265625,292.53009033203125,0.0032377357129007,0.0095355585217475,0.0136174783110618,-6.525726318359375,-1.48590087890625,0.77032470703125,2.748809814453125,2.17877197265625,-0.7267913818359375
2024-09-28,12,2,301.2793884277344,294.1807556152344,-0.084136962890625,-1.0868682861328125,433.25,91298.109375,269.69781494140625,284.290771484375,293.8870849609375,0.0030475954990833,0.0096695385873317,0.0144618675112724,-6.6232757568359375,-1.2121124267578125,0.4161376953125,0.821075439453125,-0.12506103515625,-2.2632293701171875
2024-09-28,18,3,295.7474365234375,294.52520751953125,-2.020477294921875,0.8430023193359375,251.0,91647.234375,269.2776184082031,283.6410522460937,291.509521484375,0.00315992673859,0.0101841948926448,0.0144556947052478,-6.1688079833984375,-3.61865234375,-2.512969970703125,0.089324951171875,0.87066650390625,-1.0699310302734375
2024-09-29,0,0,295.7178039550781,293.7451171875,-0.6121673583984375,-0.0133514404296875,124.875,91530.390625,268.50994873046875,283.10400390625,291.2435302734375,0.0038441640790551,0.0099840462207794,0.0139874853193759,-7.100311279296875,-4.5648345947265625,-2.4372711181640625,-1.2277374267578125,-0.7012176513671875,-1.386993408203125
2024-09-29,6,1,300.3074951171875,294.30633544921875,-2.5636444091796875,0.65582275390625,126.75,91634.328125,269.5639343261719,283.6845092773437,292.1871337890625,0.002595228375867,0.0095283947885036,0.014407955110073,-8.24957275390625,-4.1056671142578125,-4.013763427734375,-3.9052734375,-0.046722412109375,0.905059814453125
2024-09-29,12,2,301.11773681640625,294.4295959472656,-1.6227264404296875,0.3127288818359375,204.75,91356.421875,268.8545227050781,283.9047241210937,294.70263671875,0.0035448072012513,0.0088217332959175,0.013939544558525,-9.176910400390623,-5.1473236083984375,-4.993621826171875,-3.46014404296875,-2.3454132080078125,1.6212310791015625
2024-09-29,18,3,297.4633178710937,294.3539123535156,-2.1197662353515625,0.9060821533203124,317.375,91651.8125,268.3870849609375,283.3568115234375,292.3549194335937,0.0030188758391886,0.0090877413749694,0.0148864313960075,-10.819854736328123,-5.054458618164063,-3.4610137939453125,-1.7092437744140625,-1.6257476806640625,4.175704956054688
2024-09-30,0,0,296.57977294921875,294.2997131347656,-0.0770111083984375,1.30950927734375,49.0,91586.09375,268.25958251953125,283.5650634765625,291.8269958496094,0.0026196632534265,0.0085106454789638,0.0135178640484809,-10.281463623046877,-6.200241088867188,-1.651275634765625,0.2191314697265625,-2.6292266845703125,3.5765533447265625
2024-09-30,6,1,301.63037109375,294.09356689453125,-2.078765869140625,1.108734130859375,9.0,91679.703125,268.4418640136719,283.9756774902344,292.52301025390625,0.0032835074234753,0.0078141093254089,0.0136385448276996,-10.035232543945312,-6.79376220703125,-3.106353759765625,2.640777587890625,-1.5265960693359375,1.4323272705078125
2024-09-30,12,2,301.6580810546875,293.97900390625,-1.1442413330078125,0.449249267578125,89.625,91289.578125,269.1872253417969,284.86627197265625,295.0668334960937,0.0038902810774743,0.0073446556925773,0.0132755450904369,-8.462020874023438,-5.20294189453125,-3.5830535888671875,1.5810699462890625,-1.0849761962890625,1.512451171875
2024-09-30,18,3,297.33697509765625,293.44256591796875,-1.873443603515625,1.54791259765625,186.0,91527.328125,268.3641357421875,284.3995666503906,293.1519470214844,0.0037032433319836,0.0086375102400779,0.0139370523393154,-8.418075561523438,-6.3141021728515625,-2.3362579345703125,4.814376831054688,1.0781707763671875,3.7529449462890634
2024-10-01,0,0,296.0728759765625,293.9627685546875,-1.124725341796875,1.06121826171875,44.0,91404.671875,268.95184326171875,284.60308837890625,292.5165405273437,0.0041282214224338,0.0066308416426181,0.0129937268793582,-4.162033081054688,-7.7273101806640625,-1.4380645751953125,4.69464111328125,2.9670562744140625,0.062469482421875
2024-10-01,6,1,302.2272033691406,293.9432678222656,-1.6539459228515625,0.8755340576171875,54.75,91463.046875,269.9164123535156,284.7959289550781,293.5145263671875,0.0037492834962904,0.0080732367932796,0.0137044079601764,-4.6362152099609375,-7.239990234375,-2.4914093017578125,1.333953857421875,4.463958740234375,1.061553955078125
2024-10-01,12,2,302.1600036621094,294.4234619140625,-0.798797607421875,0.5416259765625,3.75,91190.65625,269.6820068359375,284.46893310546875,294.9373779296875,0.0042733252048492,0.0099288113415241,0.0130967572331428,-5.417892456054688,-1.9254150390625,-2.34173583984375,-0.3542022705078125,3.6831207275390634,1.72686767578125
2024-10-01,18,3,297.53857421875,294.7411804199219,-0.69708251953125,0.4121856689453125,60.5,91562.359375,268.2024841308594,284.7098999023437,293.45977783203125,0.0032930690795183,0.008416011929512,0.0133162401616573,-6.0523834228515625,-0.5338287353515625,-1.8793792724609373,1.733612060546875,4.321197509765625,2.4242095947265625
2024-10-02,0,0,296.130126953125,293.64483642578125,0.6203460693359375,1.467132568359375,0.0,91367.40625,268.8970031738281,285.4140625,292.8853454589844,0.0016108329873532,0.0067883320152759,0.012721661478281,-5.46881103515625,0.644622802734375,0.5544586181640625,0.4110870361328125,2.0582733154296875,3.3984832763671875
2024-10-02,6,1,302.1708374023437,294.5034484863281,1.183929443359375,1.12774658203125,395.25,91564.109375,268.826416015625,284.5899658203125,293.4044189453125,0.0017296262085437,0.0075465515255928,0.0144312120974063,-4.681610107421875,0.91668701171875,1.3509368896484375,-1.3828582763671875,3.304656982421875,1.5729217529296875
2024-10-02,12,2,302.92352294921875,294.4985046386719,-0.0790557861328125,0.7842254638671875,2364.0,91252.921875,269.8245849609375,283.8476257324219,295.65625,0.002471933607012,0.009358175098896,0.015707354992628,-4.9304046630859375,0.3769989013671875,0.7593231201171875,-1.0582427978515625,2.793319702148437,1.6562652587890625
2024-10-02,18,3,295.9368896484375,294.55303955078125,1.085235595703125,-1.9334564208984373,972.625,91674.140625,268.3583068847656,283.855712890625,292.6431884765625,0.0038357947487384,0.0087565444409847,0.0152208730578422,-3.0705108642578125,0.6986236572265625,3.010238647460937,0.007843017578125,-1.8708038330078125,-2.463287353515625
2024-10-03,0,0,295.3443298339844,293.68603515625,1.892608642578125,-0.6287384033203125,25.25,91430.625,268.4007873535156,284.9955444335937,292.5977478027344,0.0043544881045818,0.0071770064532756,0.0130607336759567,-2.2305908203125,1.7502593994140625,3.0997314453125,-0.8302154541015625,-1.920684814453125,-4.595733642578125
2024-10-03,6,1,300.2498779296875,294.9683837890625,3.52593994140625,-1.1999664306640625,123.25,91582.625,268.65753173828125,284.73748779296875,292.75787353515625,0.004160915967077,0.0074795708060264,0.0137741677463054,-1.954345703125,1.0546112060546875,4.9341888427734375,0.177886962890625,-2.841400146484375,-2.474761962890625
2024-10-03,12,2,299.5050964355469,294.1341857910156,1.888458251953125,-1.2808837890625,134.25,91282.34375,269.16754150390625,284.41680908203125,293.39410400390625,0.0041408943943679,0.0088601075112819,0.0143969804048538,0.0002593994140625,2.0576629638671875,4.364044189453125,-0.11572265625,-3.1108551025390625,-3.120101928710937
2024-10-03,18,3,295.51715087890625,293.5924987792969,1.4457244873046875,-0.0480499267578125,206.625,91551.796875,268.62506103515625,283.7923583984375,292.505615234375,0.0041403868235647,0.0094870738685131,0.01441515609622,1.6266937255859375,-0.668853759765625,4.902099609375,0.773651123046875,-2.7596893310546875,-3.1560516357421875
2024-10-04,0,0,295.5805358886719,294.0457763671875,1.4484710693359375,-1.09954833984375,92.0,91458.734375,268.4437255859375,283.2838439941406,292.31787109375,0.0049606747925281,0.0095844194293022,0.0128139778971672,2.9662017822265625,2.105987548828125,2.933822631835937,-2.590728759765625,-1.2808837890625,-3.79986572265625
2024-10-04,6,1,300.6729736328125,294.6583557128906,2.674652099609375,-1.6580963134765625,276.25,91572.9375,269.0224609375,283.6322631835937,292.50811767578125,0.0049393652006983,0.0095737800002098,0.0143790766596794,-0.8484344482421875,2.8589324951171875,3.841339111328125,-3.93243408203125,-1.1077423095703125,-2.585433959960937
2024-10-04,12,2,299.1329345703125,295.4529724121094,1.3761444091796875,-1.4539337158203125,408.875,91284.375,269.47509765625,283.5223999023437,293.7041015625,0.0058545395731925,0.0091952160000801,0.0122551620006561,-1.339752197265625,3.3685760498046875,3.864776611328125,-1.5264739990234375,-4.2413482666015625,-4.6852874755859375
2024-10-04,18,3,295.7943420410156,294.236083984375,2.321533203125,-0.135284423828125,516.125,91555.96875,269.03662109375,283.3978881835937,291.6542663574219,0.0056032501161098,0.0095967091619968,0.0138874128460884,-4.911422729492188,1.1696319580078125,4.2672119140625,-1.5646820068359375,-4.8756256103515625,-4.677581787109375
2024-10-05,0,0,295.3980407714844,293.70703125,2.182373046875,-1.207366943359375,178.875,91497.59375,268.8067321777344,282.6226806640625,291.10699462890625,0.0054271323606371,0.0090299732983112,0.0138810761272907,0.81805419921875,0.30377197265625,3.753448486328125,-3.156234741210937,-4.4786529541015625,-4.8734130859375
2024-10-05,6,1,298.1158142089844,294.82769775390625,3.4038543701171875,-0.3687286376953125,109.125,91597.109375,268.77984619140625,283.1419677734375,291.35662841796875,0.005362082272768,0.0086954589933156,0.0135303363204002,-5.13909912109375,0.95623779296875,5.351974487304688,-2.7157135009765625,-3.332672119140625,-1.946685791015625
2024-10-05,12,2,298.77154541015625,294.5682373046875,1.8166351318359373,-0.9873046875,199.0,91349.890625,269.7799072265625,283.35272216796875,291.33648681640625,0.0057888552546501,0.0100753381848335,0.0141447745263576,-0.303558349609375,-0.86981201171875,2.94775390625,-2.3399810791015625,-3.121688842773437,-4.03411865234375
2024-10-05,18,3,295.0925598144531,293.99041748046875,1.4900054931640625,0.1528778076171875,212.25,91563.875,268.63494873046875,282.5185546875,291.66265869140625,0.0052457898855209,0.0100205466151237,0.0127858482301235,-1.7369232177734375,-2.545135498046875,2.52410888671875,-2.3223114013671875,-1.9025726318359373,-3.4886627197265625
2024-10-06,0,0,295.24334716796875,294.15216064453125,1.1576995849609375,-1.4326934814453125,9.125,91416.21875,268.7325744628906,282.6564636230469,290.8336181640625,0.0042281858623027,0.0090985037386417,0.0132256858050823,-0.5156707763671875,-3.5635223388671875,-0.263092041015625,-1.76055908203125,-0.034210205078125,-4.697067260742188
2024-10-06,6,1,299.87548828125,294.9242553710937,-1.558685302734375,-0.3843536376953125,95.0,91585.671875,269.20037841796875,283.240478515625,291.47900390625,0.0040340945124626,0.0070252120494842,0.0139096491038799,0.6017913818359375,-6.512603759765625,-3.294952392578125,0.57659912109375,0.482879638671875,-0.116790771484375
2024-10-06,12,2,299.9931640625,294.2979431152344,-1.2424163818359375,0.0282440185546875,7.375,91308.359375,269.14532470703125,282.9753112792969,294.757080078125,0.0043707266449928,0.0083249919116497,0.0119757913053035,0.6987457275390625,-6.29083251953125,-5.13037109375,1.0373687744140625,-1.1696014404296875,-0.1435394287109375
2024-10-06,18,3,295.61883544921875,293.8224792480469,-1.2152862548828125,0.6883087158203125,182.875,91589.578125,268.4834899902344,282.7813720703125,292.5340576171875,0.0037880211602896,0.0062992274761199,0.0135687515139579,-1.7877960205078125,-7.86474609375,-3.5253448486328125,-0.169281005859375,-1.1332855224609375,1.92401123046875
2024-10-07,0,0,295.5404052734375,294.19189453125,-1.389678955078125,0.03509521484375,68.375,91505.75,268.0,283.5045471191406,291.8160095214844,0.0039387010037899,0.0064835473895072,0.010677695274353,-2.61724853515625,-8.662124633789062,-5.37982177734375,4.118255615234375,-1.6584625244140625,-0.1792449951171875
2024-10-07,6,1,300.82208251953125,292.2812194824219,-2.7364044189453125,-0.650543212890625,0.0,91661.0,268.44403076171875,283.0369567871094,292.051025390625,0.0041558416560292,0.0064880661666393,0.0113552957773208,-2.1690826416015625,-8.013946533203125,-4.4122467041015625,3.9189605712890634,2.1417694091796875,-1.2862396240234375
2024-10-07,12,2,298.75048828125,292.7823181152344,-3.49066162109375,1.413604736328125,32.375,91389.15625,269.2997741699219,283.20587158203125,292.9752197265625,0.004398513585329,0.0102719962596893,0.0125440619885921,-5.1105804443359375,-5.474609375,-6.2749786376953125,4.652145385742188,2.7042694091796875,0.8181610107421875
2024-10-07,18,3,295.8336486816406,293.980224609375,-1.299072265625,1.1075592041015625,107.5,91691.046875,268.39654541015625,282.77667236328125,291.6151733398437,0.0043822228908538,0.0096639487892389,0.01407241076231,-7.784317016601562,-3.0146484375,-2.239898681640625,3.488265991210937,3.4114990234375,4.0548858642578125
2024-10-08,0,0,295.74761962890625,294.5406494140625,-0.208831787109375,1.3141326904296875,54.875,91585.328125,268.05279541015625,283.38720703125,290.93145751953125,0.0049124732613563,0.0082842260599136,0.0136122442781925,-5.89697265625,-1.9471282958984373,-0.9111480712890624,5.803497314453125,4.8148193359375,4.46044921875
2024-10-08,6,1,300.98748779296875,294.10797119140625,-1.2940521240234375,1.597076416015625,829.75,91706.921875,268.5776062011719,283.22186279296875,291.8668212890625,0.0042853597551584,0.0082982853055,0.0148466974496841,-6.233566284179688,-0.0422821044921875,-2.261962890625,3.5624542236328125,6.168792724609375,2.261993408203125
2024-10-08,12,2,298.4945678710937,294.9736022949219,-1.496337890625,1.3248748779296875,364.625,91365.90625,269.1833801269531,283.7886962890625,293.03521728515625,0.004284169524908,0.008293729275465,0.0143692940473556,-3.95758056640625,-1.021697998046875,-4.1617584228515625,4.011749267578125,5.791015625,3.2353515625
2024-10-08,18,3,296.09429931640625,294.701904296875,-1.9504547119140625,1.657470703125,232.75,91656.65625,269.013671875,283.2645874023437,291.83660888671875,0.0043134912848472,0.0083772502839565,0.0145123936235904,-6.6076202392578125,-3.2198486328125,-2.9377593994140625,4.3039398193359375,4.494674682617188,7.0574493408203125
2024-10-09,0,0,295.6094970703125,294.1748962402344,-1.5920867919921875,1.4010772705078125,8.625,91432.4375,268.7041015625,284.20465087890625,291.19744873046875,0.0032550245523452,0.0083793774247169,0.0126337744295597,-5.395233154296875,-4.4702911376953125,-3.97265625,3.935470581054688,3.5581207275390625,5.206207275390625
2024-10-09,6,1,300.64752197265625,294.5717468261719,-1.81341552734375,3.238250732421875,20.625,91559.25,269.2802124023437,283.13214111328125,292.04693603515625,0.0025445003993809,0.0091108195483684,0.0137422457337379,-7.233749389648437,-5.690689086914063,-3.118881225585937,2.857879638671875,5.0596466064453125,5.1920166015625
2024-10-09,12,2,300.4452514648437,294.2093505859375,-2.383209228515625,1.7328338623046875,312.25,91200.375,269.0242004394531,284.11773681640625,293.4830322265625,0.0032543283887207,0.0089447163045406,0.0147314555943012,-5.687271118164063,-2.0017242431640625,-5.0188751220703125,2.5950927734375,4.523605346679688,4.098648071289063
2024-10-09,18,3,296.120849609375,294.3758544921875,-0.9967041015625,1.5990142822265625,107.375,91490.46875,268.9970703125,283.5611572265625,291.130615234375,0.0044993832707405,0.0093063712120056,0.0150929000228643,-3.407958984375,-3.057723999023437,-1.9365997314453125,3.7276611328125,3.64666748046875,4.9024810791015625
2024-10-10,0,0,295.6690979003906,294.33709716796875,-0.5460205078125,1.1605987548828125,9.125,91344.125,269.4864501953125,282.6534423828125,291.0617370605469,0.0046339351683855,0.0093409605324268,0.0138608887791633,-1.94244384765625,-3.296478271484375,-1.4380340576171875,3.2275390625,1.94921875,4.19317626953125
2024-10-10,6,1,300.09600830078125,294.5341796875,-2.2882537841796875,1.6927490234375,180.75,91436.859375,268.79864501953125,283.4084167480469,291.87261962890625,0.0045671500265598,0.0092017576098442,0.0144915133714675,-3.0399627685546875,-3.426376342773437,-4.071746826171875,2.5483856201171875,3.4478912353515625,2.5409698486328125
2024-10-10,12,2,299.003173828125,294.9237670898437,-0.144439697265625,1.4779815673828125,251.25,91160.640625,269.548583984375,283.6918029785156,292.466796875,0.0040578432381153,0.0097970813512802,0.0152505598962306,-5.831100463867188,-2.9930877685546875,-1.300445556640625,5.30474853515625,1.7018280029296875,4.498947143554688
2024-10-10,18,3,295.89898681640625,294.300537109375,-0.13037109375,1.2832183837890625,150.625,91421.96875,269.04931640625,283.4984741210937,291.076171875,0.0048098862171173,0.0095786433666944,0.0151064600795507,-4.7121429443359375,-3.08648681640625,0.717041015625,5.209503173828125,3.053802490234375,2.998046875
2024-10-11,0,0,296.0228881835937,294.060546875,-0.8162841796875,1.217254638671875,6.0,91232.21875,269.9313659667969,284.1358642578125,290.4885559082031,0.0041093565523624,0.0101861581206321,0.0141113698482513,-5.7442169189453125,-3.241683959960937,-1.7355804443359375,4.507904052734375,3.06884765625,3.4130859375
2024-10-11,6,1,300.7787475585937,294.2311096191406,-1.3360595703125,2.292816162109375,353.125,91405.859375,269.511474609375,283.6513671875,291.36376953125,0.0033236693125218,0.0105487816035747,0.0150239765644073,-7.370223999023437,-5.0316009521484375,-2.5504913330078125,5.772247314453125,4.862838745117188,3.534896850585937
2024-10-11,12,2,298.55145263671875,295.44342041015625,-0.9437255859375,1.36602783203125,147.5,91141.625,270.1948547363281,284.0457763671875,292.67401123046875,0.0035607498139142,0.010638665407896,0.0145769380033016,-8.437942504882812,-5.1838226318359375,-3.5632781982421875,5.19451904296875,4.82781982421875,3.061920166015625
2024-10-11,18,3,296.0305480957031,294.57440185546875,-1.749542236328125,0.7906494140625,96.75,91429.796875,269.23223876953125,283.7325134277344,291.1988830566406,0.0030154513660818,0.0095097534358501,0.0152211831882596,-9.895294189453123,-6.9516448974609375,-4.008834838867188,7.284286499023437,6.712570190429688,3.3272857666015625
2024-10-12,0,0,295.5038452148437,294.22833251953125,-1.97430419921875,0.8481597900390625,27.875,91366.6875,268.965087890625,283.59796142578125,291.04864501953125,0.0027188367675989,0.009562499821186,0.0138534307479858,-7.439544677734375,-7.6677093505859375,-5.884323120117188,5.52801513671875,5.5263214111328125,3.9771728515625
2024-10-12,6,1,300.32305908203125,294.23638916015625,-1.704925537109375,1.840728759765625,1102.375,91496.421875,269.50616455078125,283.236572265625,291.79248046875,0.002818769076839,0.0101155154407024,0.0148536339402198,-7.204605102539063,-8.858673095703125,-4.704010009765625,2.739471435546875,5.3939208984375,2.8850250244140625
2024-10-12,12,2,298.8119506835937,294.6341857910156,-1.615997314453125,1.03167724609375,38.125,91255.609375,269.45001220703125,284.22808837890625,291.6771240234375,0.0039829458110034,0.0108111053705215,0.0144068039953708,-8.56634521484375,-7.203628540039063,-4.626678466796875,2.7922821044921875,3.325180053710937,2.386947631835937
2024-10-12,18,3,295.6253662109375,294.30938720703125,-2.06494140625,-0.196075439453125,88.75,91530.265625,268.9832763671875,283.58465576171875,291.09869384765625,0.0029556252993643,0.0101989358663558,0.0144737213850021,-9.164306640625,-8.04254150390625,-7.936981201171875,4.146743774414063,4.5634613037109375,1.5345611572265625
2024-10-13,0,0,295.81304931640625,294.2900695800781,-2.0832061767578125,-0.7882537841796875,2.625,91366.90625,269.16552734375,284.1229858398437,290.4659423828125,0.0023632147349417,0.0092664361000061,0.0138843022286891,-10.078933715820312,-8.964202880859375,-7.9553070068359375,3.559310913085937,3.4751739501953125,1.7282867431640625
2024-10-13,6,1,300.1841125488281,294.271240234375,-4.0891876220703125,1.480133056640625,19.0,91512.96875,268.9684143066406,283.80718994140625,291.725830078125,0.0024165627546608,0.0083671920001506,0.0141426920890808,-11.424087524414062,-9.347320556640623,-7.0150299072265625,1.36651611328125,1.3909759521484375,2.0609893798828125
2024-10-13,12,2,299.41119384765625,294.2330627441406,-0.5188751220703125,1.33721923828125,341.25,91293.21875,269.36602783203125,283.7154541015625,293.1771850585937,0.0029068344738334,0.0073657408356666,0.0141293331980705,-9.58001708984375,-8.796920776367188,-5.753692626953125,0.5226898193359375,-1.23785400390625,2.6380157470703125
2024-10-13,18,3,295.62841796875,294.365966796875,-0.4814605712890625,0.7283477783203125,37.5,91510.515625,269.0980834960937,282.8656616210937,291.75250244140625,0.0033936698455363,0.0089525692164897,0.0137636438012123,-11.699920654296877,-7.652206420898437,-4.46209716796875,0.9310455322265624,-0.43084716796875,1.2286224365234375
2024-10-14,0,0,295.1905517578125,294.246337890625,0.67608642578125,-0.7269287109375,104.0,91440.609375,268.8014831542969,282.4205627441406,290.88482666015625,0.0053228661417961,0.0094171464443206,0.0129330232739448,-10.33343505859375,-4.81097412109375,-1.3045196533203125,2.5037994384765625,-2.145004272460937,-1.255218505859375
2024-10-14,6,1,296.91925048828125,294.5500183105469,0.176239013671875,-2.873870849609375,159.875,91562.765625,268.947265625,283.39324951171875,290.77410888671875,0.0053444425575435,0.0091947019100189,0.0133448205888271,-13.658447265625,-7.08087158203125,-1.1435546875,1.4348602294921875,-7.728118896484375,-4.7757415771484375
2024-10-14,12,2,296.20904541015625,293.82421875,-0.1900787353515625,-1.0522003173828125,124.0,91280.5625,269.3012390136719,283.5384521484375,291.362548828125,0.0053823553025722,0.0099201053380966,0.0131553374230861,-15.426803588867188,-5.867965698242188,-4.1546478271484375,-1.8016357421875,-4.9616546630859375,-7.05517578125
2024-10-14,18,3,294.3551330566406,293.4420166015625,-0.12109375,-1.7030029296875,205.875,91504.046875,268.6060791015625,283.57177734375,290.2630615234375,0.0048699788749217,0.0094998143613338,0.0144263431429862,-17.422286987304688,-5.351318359375,-5.2321319580078125,-3.660797119140625,-2.718246459960937,-4.10540771484375
2024-10-15,0,0,294.5996398925781,293.807861328125,-0.86090087890625,-2.9497833251953125,78.625,91288.1875,268.96173095703125,283.57928466796875,290.5023803710937,0.005234370008111,0.009107120335102,0.013764701783657,-7.422760009765625,-7.810577392578125,-4.4099884033203125,6.084503173828125,-1.0721435546875,-5.399185180664063
2024-10-15,6,1,296.3612670898437,295.15399169921875,-1.9892578125,-1.9455108642578125,183.0,91472.15625,269.1685791015625,283.50494384765625,290.9397277832031,0.0051235351711511,0.0101770870387554,0.0141772292554378,-2.1116943359375,-9.654876708984377,-6.41278076171875,3.108367919921875,-0.8828277587890625,-3.7861175537109375
2024-10-15,12,2,295.33282470703125,293.6365051269531,-0.72772216796875,0.551666259765625,118.75,91329.578125,269.643310546875,283.3172607421875,290.61285400390625,0.0055735222995281,0.0101620592176914,0.013899490237236,-9.439254760742188,-4.999526977539063,-4.3497314453125,-1.0559844970703125,0.4769287109375,-0.887908935546875
2024-10-15,18,3,294.33306884765625,293.703857421875,1.05938720703125,-0.2422637939453125,182.25,91510.890625,268.6244506835937,283.448486328125,290.06866455078125,0.0055003613233566,0.0086771426722407,0.0140053145587444,-11.9990234375,-8.303298950195312,-1.320068359375,-0.398284912109375,-1.70513916015625,-2.059921264648437
2024-10-16,0,0,294.2518615722656,293.5228881835937,0.56805419921875,-0.6822509765625,67.375,91311.734375,268.66033935546875,282.6200866699219,289.8946533203125,0.0053681600838899,0.0091222412884235,0.0134942531585693,-10.0152587890625,-6.606613159179688,-2.4755096435546875,2.36065673828125,-0.5736236572265625,-3.1659698486328125
2024-10-16,6,1,295.8110656738281,293.6683044433594,0.7547149658203125,-0.8960723876953125,314.75,91469.234375,269.29229736328125,283.0599975585937,290.82330322265625,0.0055289901793003,0.011011816561222,0.0140355713665485,-6.607421875,-4.6232757568359375,-0.2572174072265625,1.7389984130859375,0.7425384521484375,-0.9089508056640624
2024-10-16,12,2,295.73272705078125,293.9629211425781,0.56121826171875,-2.2304229736328125,46.875,91203.4375,270.1361083984375,283.766845703125,291.2732238769531,0.0048745088279247,0.0110780596733093,0.0137699320912361,-5.012908935546875,-2.579193115234375,3.0858154296875,4.1226348876953125,1.9082794189453125,-3.9641265869140634
2024-10-16,18,3,294.24072265625,293.5218811035156,1.261749267578125,0.001708984375,0.0,91370.75,270.10467529296875,283.8363952636719,291.1195678710937,0.0042213536798954,0.0107410177588462,0.0136912018060684,-8.24359130859375,-1.13037109375,3.186752319335937,4.669891357421875,2.2574462890625,-0.705810546875
2024-10-17,0,0,294.0746459960937,293.40576171875,2.5614471435546875,0.225311279296875,5.0,91239.828125,269.93780517578125,284.3207092285156,290.2344970703125,0.0042468719184398,0.0107261016964912,0.0136634148657321,-5.838134765625,-4.470733642578125,4.524566650390625,4.8621368408203125,-0.064605712890625,-0.8014678955078125
2024-10-17,6,1,298.8001708984375,294.27960205078125,3.291839599609375,0.7202301025390625,7.875,91406.453125,269.5960693359375,283.5599365234375,291.5131530761719,0.0038479922804981,0.0104580856859683,0.0143197439610958,-8.592849731445312,-0.2927398681640625,4.67822265625,3.5345916748046875,0.80194091796875,0.3352508544921875
2024-10-17,12,2,298.8475952148437,294.70849609375,1.3141632080078125,0.6671905517578125,15.25,91159.171875,269.3846435546875,284.6331787109375,292.4358825683594,0.0043261162936687,0.0097213126718997,0.0147592686116695,-10.1007080078125,-0.300506591796875,3.783660888671875,4.46734619140625,0.956298828125,0.8343963623046875
2024-10-17,18,3,295.53955078125,294.01513671875,0.9665069580078124,0.88330078125,19.5,91436.0625,270.09649658203125,283.2890014648437,291.3658447265625,0.0036241130437701,0.010041270405054,0.0143764875829219,-11.362152099609377,-0.672149658203125,3.6702728271484375,5.763641357421875,0.64202880859375,0.2088775634765625
2024-10-18,0,0,294.8323974609375,293.57354736328125,1.5807647705078125,1.056671142578125,0.0,91269.515625,269.8341064453125,283.9306335449219,291.4174194335937,0.0034332911018282,0.0099087841808795,0.0129700787365436,-10.704498291015623,0.2497100830078125,3.908493041992188,4.232818603515625,1.3109283447265625,1.9647674560546875
2024-10-18,6,1,299.563720703125,293.6015625,2.18170166015625,0.506805419921875,0.0,91514.15625,269.6047058105469,283.0218200683594,291.4100646972656,0.0024425268638879,0.0102792084217071,0.013679414987564,-9.8115234375,-1.936676025390625,3.1207275390625,2.578094482421875,0.4634246826171875,0.470794677734375
2024-10-18,12,2,299.3036804199219,294.8975830078125,0.7669219970703125,-0.24456787109375,43.5,91238.953125,269.4435119628906,284.2866516113281,293.02410888671875,0.0032206117175519,0.010130625218153,0.0142767056822776,-7.1033935546875,-2.8114013671875,2.3711090087890625,1.2622222900390625,0.4727783203125,-1.0076141357421875
2024-10-18,18,3,295.8321228027344,294.5699462890625,-0.9062957763671876,0.683563232421875,139.0,91559.78125,268.96014404296875,282.8078918457031,291.54083251953125,0.0037418210413306,0.0106526426970958,0.0144513435661792,-6.873382568359375,-2.62298583984375,1.9603729248046875,1.6523284912109375,0.4759979248046875,1.0189666748046875
2024-10-19,0,0,295.2367248535156,294.2033996582031,1.2358856201171875,-0.0462799072265625,0.0,91446.65625,268.27056884765625,283.1165771484375,290.75067138671875,0.0043338201940059,0.0097360759973526,0.0139160677790641,-4.577560424804688,-2.88189697265625,1.603759765625,0.232330322265625,-1.338104248046875,-0.864471435546875
2024-10-19,6,1,297.7423400878906,294.9315795898437,1.497100830078125,-1.488616943359375,344.75,91642.796875,268.28619384765625,284.31231689453125,290.9173583984375,0.0052239540964365,0.0086732394993305,0.0136679522693157,-11.362686157226562,-6.162078857421875,0.344512939453125,-0.248565673828125,1.10015869140625,-2.1298065185546875
2024-10-19,12,2,297.3852233886719,294.9166259765625,-0.15484619140625,-0.8726806640625,357.0,91373.953125,270.0355834960937,283.2557373046875,291.5018920898437,0.0042438767850399,0.0102324187755584,0.0145717076957225,-8.041534423828125,-5.514190673828125,-0.2897796630859375,0.73492431640625,-1.176513671875,-2.23876953125
2024-10-19,18,3,294.6488342285156,293.8646240234375,0.0846099853515625,-0.46368408203125,135.0,91629.71875,269.5250244140625,282.8800048828125,290.9334411621094,0.0042012222111225,0.0103595331311225,0.0144037082791328,-5.6446075439453125,-4.7266845703125,-1.54815673828125,4.2962799072265625,-0.3557891845703125,-1.0023193359375
2024-10-20,0,0,295.5414733886719,294.02813720703125,-0.151763916015625,-0.4287872314453125,20.25,91550.453125,268.70819091796875,282.8687744140625,290.6337890625,0.0036405571736395,0.0103377141058444,0.013821817934513,-6.205123901367188,-1.67059326171875,-0.6417083740234375,6.640640258789063,0.573577880859375,-0.9072418212890624
2024-10-20,6,1,300.287841796875,295.3591003417969,-0.5167388916015625,-0.7749481201171875,44.0,91683.328125,268.63623046875,283.546630859375,291.46600341796875,0.0039443271234631,0.0099497847259044,0.0140425972640514,-0.7691497802734375,-2.31072998046875,-1.3240814208984375,6.6502532958984375,3.0376129150390625,-1.157318115234375
2024-10-20,12,2,299.25164794921875,295.518798828125,-0.5218048095703125,0.2396697998046875,746.5,91465.703125,268.36871337890625,283.8284912109375,292.3329772949219,0.0040685180574655,0.0094791948795318,0.0149929113686084,0.1200408935546875,-2.4564971923828125,-1.494720458984375,4.5877227783203125,3.468856811523437,0.8758697509765625
2024-10-20,18,3,295.5555419921875,294.3665771484375,-2.0074615478515625,0.5695648193359375,575.625,91700.8125,268.70513916015625,283.6104431152344,291.2245483398437,0.0035123180132359,0.0091847777366638,0.0154025666415691,0.8594818115234375,-3.244354248046875,-3.06219482421875,3.8206939697265625,4.213348388671875,3.521575927734375
2024-10-21,0,0,295.9019470214844,294.5562744140625,-1.18341064453125,0.23480224609375,89.125,91564.0625,269.13006591796875,282.8046264648437,290.3880920410156,0.0039724679663777,0.0102125667035579,0.0144070573151111,-2.64678955078125,-1.14105224609375,-2.5067901611328125,2.6007843017578125,3.0736236572265625,2.219940185546875
2024-10-21,6,1,300.3659973144531,295.01885986328125,0.3154296875,1.088348388671875,510.25,91670.4375,268.23614501953125,283.75323486328125,291.3241577148437,0.0040723728016018,0.0093841888010501,0.0149188935756683,-3.23260498046875,-1.690704345703125,-0.706390380859375,3.89306640625,2.2435302734375,0.8578948974609375
2024-10-21,12,2,299.323486328125,295.3563842773437,-0.0243988037109375,1.2994537353515625,516.5,91402.421875,269.0,283.892578125,291.9984436035156,0.0042967498302459,0.0096011012792587,0.0151386745274066,1.115081787109375,-1.2392120361328125,0.2110595703125,3.880935668945313,1.4988250732421875,3.2609100341796875
2024-10-21,18,3,295.3922424316406,293.97528076171875,-1.713409423828125,-1.0408477783203125,284.875,91660.0,269.04608154296875,283.3083190917969,291.3760070800781,0.0042226947844028,0.0093443542718887,0.0149727575480937,0.7823944091796875,0.1632080078125,1.3390960693359375,2.3146514892578125,2.436370849609375,-0.232086181640625
2024-10-22,0,0,294.7215881347656,293.1830444335937,-0.467559814453125,0.2269439697265625,0.5,91555.84375,268.2094116210937,284.38800048828125,291.284912109375,0.0047063454985618,0.0081215985119342,0.0135170370340347,-1.408447265625,0.097137451171875,1.468170166015625,0.5904693603515625,1.3561248779296875,0.2569732666015625
2024-10-22,6,1,300.1944580078125,294.2544250488281,-0.018035888671875,0.75372314453125,112.375,91676.375,268.4599609375,283.45654296875,292.03631591796875,0.004304215312004,0.0092291012406349,0.014162790030241,-1.549072265625,-0.4225921630859375,-0.2191162109375,0.5824127197265625,-0.5574493408203125,0.8757476806640625
2024-10-22,12,2,297.6475524902344,294.7578125,-0.78228759765625,-0.5074005126953125,450.625,91492.953125,268.62664794921875,283.36590576171875,291.6322631835937,0.0049240924417972,0.0103748738765716,0.0146639496088027,0.7698974609375,-1.407928466796875,-0.953277587890625,-1.3018646240234375,-1.3721923828125,-1.2816009521484375
2024-10-22,18,3,295.3553466796875,293.7055053710937,0.6519317626953125,0.422271728515625,472.5,91734.796875,268.2982788085937,283.4527587890625,291.602294921875,0.0049902573227882,0.0089796259999275,0.0146822519600391,-1.1084442138671875,-1.7388458251953125,-3.282623291015625,-1.8749542236328125,0.64031982421875,1.3728179931640625
2024-10-23,0,0,295.3759765625,293.8746643066406,-0.2122039794921875,-1.4561004638671875,43.375,91482.84375,268.7637023925781,284.3416748046875,291.3671264648437,0.0043624313548207,0.0076938569545745,0.0137743707746267,-1.5224456787109375,1.2071990966796875,-1.497222900390625,0.0257415771484375,0.593597412109375,0.6175994873046875
2024-10-23,6,1,300.33233642578125,294.7497253417969,-0.7967681884765625,0.56829833984375,303.125,91630.359375,267.836669921875,283.1448669433594,291.7479248046875,0.0044356174767017,0.0091275982558727,0.0143880061805248,-0.3134918212890625,-0.6660003662109375,-1.5198516845703125,-0.391387939453125,-1.2915191650390625,0.5042877197265625
2024-10-23,12,2,298.4210205078125,294.4483642578125,-1.165374755859375,-0.0351104736328125,548.75,91355.5,269.6744384765625,283.29278564453125,292.2803649902344,0.0037827501073479,0.0095199458301067,0.0144443996250629,0.5184326171875,2.1599578857421875,-2.03521728515625,-1.2016143798828125,-1.900115966796875,-1.10894775390625
2024-10-23,18,3,295.3519897460937,294.20050048828125,-0.3975067138671875,1.031768798828125,248.5,91636.953125,268.6660461425781,282.570068359375,290.8402099609375,0.0048383884131908,0.0091022998094558,0.0145605579018592,0.8448028564453125,2.542465209960937,-2.41119384765625,-1.6660308837890625,-2.299072265625,2.83673095703125
2024-10-24,0,0,295.5149230957031,293.7895202636719,1.4821319580078125,-0.116729736328125,52.875,91475.90625,269.0350952148437,282.50909423828125,290.2055053710937,0.0050118379294872,0.0102334097027778,0.0137504339218139,0.774383544921875,0.477294921875,1.144561767578125,0.91357421875,-2.514373779296875,0.774749755859375
2024-10-24,6,1,297.0855712890625,294.32177734375,1.0974273681640625,-0.5439605712890625,136.25,91601.796875,270.3788452148437,282.3948974609375,290.42041015625,0.0042623654007911,0.0097167454659938,0.0143387019634246,3.688018798828125,0.5380401611328125,0.79156494140625,-1.169525146484375,-0.5529327392578125,-0.873779296875
2024-10-24,12,2,297.909423828125,294.8641967773437,0.20794677734375,-0.140289306640625,236.25,91363.9375,270.5809326171875,282.7021179199219,292.06707763671875,0.0005123312585055,0.0081954635679721,0.0134648792445659,1.9168701171875,4.0555572509765625,-0.0659637451171875,-5.574920654296875,-1.8126068115234373,-3.895217895507813
2024-10-24,18,3,295.06805419921875,293.811767578125,1.526824951171875,0.7087249755859375,230.75,91606.8125,271.0462646484375,281.73028564453125,291.5404052734375,0.0001447916874894,0.0081061758100986,0.0125293433666229,-2.0612945556640625,4.6028594970703125,-0.1621551513671875,-3.0859832763671875,-2.4694366455078125,-2.68719482421875
2024-10-25,0,0,294.52008056640625,293.4822692871094,0.9201507568359376,-0.908203125,14.625,91464.65625,270.84722900390625,281.8195495605469,290.69580078125,0.0001066304830601,0.0056251510977745,0.0115162394940853,-3.7334136962890634,8.558670043945312,2.3059844970703125,-2.685943603515625,-4.273223876953125,-5.062179565429688
2024-10-25,6,1,300.562255859375,292.2855834960937,1.0054473876953125,-1.7930755615234375,1.25,91636.234375,270.4500732421875,281.5960693359375,291.5862121582031,9.523362678010015e-05,0.0049019083380699,0.0119628123939037,-1.29547119140625,8.415313720703125,1.11029052734375,-4.917877197265625,-2.83856201171875,-2.97491455078125
2024-10-25,12,2,299.3436889648437,292.3800354003906,0.7852325439453125,-1.2478179931640625,0.0,91370.640625,270.4648742675781,282.3399658203125,292.639892578125,0.0001340406015515,0.0067652054131031,0.0118027999997138,-1.86895751953125,11.848617553710938,1.9911041259765625,-7.72930908203125,-4.228912353515625,-3.75848388671875
2024-10-25,18,3,294.62725830078125,292.391357421875,0.1384124755859375,-1.5991058349609375,30.75,91666.078125,271.26300048828125,280.2470703125,291.8544921875,0.0003921841271221,0.0078346505761146,0.0115781128406524,-5.343597412109375,7.83770751953125,2.4664306640625,-5.3324127197265625,-4.853073120117188,-2.923446655273437
2024-10-26,0,0,294.3426208496094,292.2869873046875,1.2877655029296875,-1.0616607666015625,8.25,91488.609375,271.05096435546875,281.7606811523437,290.8051452636719,0.0003601354546844,0.0033435919322073,0.011050559580326,-3.20751953125,10.4376220703125,3.1839141845703125,-2.596038818359375,-4.5498046875,-4.7279205322265625
2024-10-26,6,1,300.0201721191406,291.8284912109375,1.291778564453125,-2.8609771728515625,7.75,91606.234375,271.12725830078125,280.96099853515625,291.005126953125,0.0002974406816065,0.0046355761587619,0.0116488225758075,0.0051422119140625,6.285919189453125,1.7128753662109375,-2.6802215576171875,-2.9521942138671875,-4.67987060546875
2024-10-26,12,2,299.6705322265625,291.2723693847656,0.7388916015625,-1.2592926025390625,16.125,91322.296875,271.3412780761719,280.7025451660156,292.77703857421875,0.0002689317334443,0.0052818842232227,0.010593943297863,-3.4264068603515625,8.546859741210938,2.244857788085937,-5.12548828125,0.0238037109375,-3.767608642578125
2024-10-26,18,3,293.2760009765625,290.8158874511719,0.409759521484375,-1.8691864013671875,0.0,91545.953125,270.8267822265625,280.23907470703125,291.86041259765625,0.0003271913155913,0.0067065916955471,0.0099226459860801,-6.8832550048828125,7.243438720703125,2.83447265625,-1.925506591796875,-1.843597412109375,-2.923690795898437
2024-10-27,0,0,293.2172241210937,290.94146728515625,1.7904815673828125,-0.5716094970703125,0.0,91445.796875,271.02520751953125,281.8917236328125,291.02716064453125,0.0008663493208587,0.0021995774004608,0.0090259052813053,-1.5495758056640625,0.8768768310546875,4.869186401367188,-1.70916748046875,-3.2180328369140625,-3.763427734375
2024-10-27,6,1,300.51397705078125,291.4389038085937,1.2142791748046875,-2.25738525390625,0.0,91527.171875,270.6474609375,281.499755859375,291.7889099121094,0.0015742948744446,0.0038923744577914,0.0112763568758964,2.233612060546875,3.2118377685546875,1.592620849609375,-0.5234222412109375,0.580108642578125,-3.5218048095703125
2024-10-27,12,2,298.8720703125,291.9738464355469,0.454803466796875,-1.9248046875,72.125,91239.296875,270.60797119140625,281.4178466796875,292.6215515136719,0.0009417969267815,0.0069683529436588,0.0120369531214237,5.0595550537109375,3.339569091796875,1.4244384765625,-1.7921905517578125,-2.466064453125,-3.4498748779296875
2024-10-27,18,3,294.2059326171875,292.6299743652344,-0.2599029541015625,-1.7129669189453125,6.75,91404.1875,270.9136962890625,281.3348999023437,292.5646667480469,0.0002109118067892,0.0059967674314975,0.010968392714858,3.69561767578125,1.6631317138671875,1.6181488037109375,1.96209716796875,0.237701416015625,-2.964111328125
2024-10-28,0,0,293.3832702636719,291.860595703125,1.253387451171875,0.563751220703125,14.625,91335.359375,270.9284973144531,281.12939453125,291.90631103515625,0.0005049922037869,0.0053951479494571,0.0098652616143226,3.8438720703125,5.193878173828125,-0.021331787109375,6.33282470703125,0.9331512451171876,-3.655715942382813
2024-10-28,6,1,300.6544494628906,291.7845458984375,0.6029510498046875,-0.06439208984375,0.0,91433.484375,270.7060241699219,282.1344299316406,292.06561279296875,0.0006239351350814,0.004731573164463,0.0116605088114738,6.537628173828125,6.6383209228515625,0.52960205078125,5.1412506103515625,2.9969482421875,-0.4319305419921875
2024-10-28,12,2,300.3548278808594,293.751220703125,1.1669921875,-0.0544281005859375,35.5,91219.46875,271.2304992675781,281.82373046875,293.04595947265625,0.0008618093561381,0.0065558366477489,0.0118339471518993,4.9743194580078125,6.165328979492188,2.387603759765625,2.570175170898437,2.6829376220703125,-0.5690765380859375
2024-10-28,18,3,295.8145446777344,292.8924560546875,2.16015625,-0.0399627685546875,1.0,91476.828125,270.64971923828125,281.816650390625,292.4505615234375,0.0012574617285281,0.0065381899476051,0.0116125922650098,0.6651458740234375,4.294097900390625,3.8245849609375,3.4519500732421875,2.4403076171875,0.4300537109375
2024-10-29,0,0,294.49468994140625,292.79742431640625,1.5066070556640625,0.044586181640625,0.0,91401.0,270.0166931152344,282.56268310546875,291.3194580078125,0.0019226765725761,0.0071310512721538,0.0118993185460567,-0.553131103515625,4.833160400390625,2.888458251953125,4.5023345947265625,0.82110595703125,-1.538665771484375
2024-10-29,6,1,300.573974609375,293.1766967773437,1.4128265380859375,-0.54766845703125,3.375,91568.015625,269.1426696777344,282.1029052734375,292.101806640625,0.0027203315403312,0.0077604558318853,0.0126238726079463,2.121078491210937,3.4881744384765625,1.896148681640625,4.189865112304688,0.0661468505859375,-1.0066070556640625
2024-10-29,12,2,299.90399169921875,294.5773010253906,0.84649658203125,-0.750518798828125,2.0,91351.484375,269.8231811523437,283.25152587890625,293.2287292480469,0.0035768400412052,0.0070030055940151,0.0121016092598438,8.980865478515625,5.177780151367188,1.5572052001953125,3.9076995849609375,-0.7044525146484375,-2.096786499023437
2024-10-29,18,3,296.031005859375,293.5946655273437,-0.722137451171875,-1.5453033447265625,0.0,91540.046875,269.98828125,282.4017944335937,292.5526733398437,0.0026167167816311,0.0070255137979984,0.012222234159708,8.362136840820312,1.92266845703125,-0.3164825439453125,1.779571533203125,-1.8549957275390625,-0.2729644775390625
2024-10-30,0,0,294.8856506347656,292.6043701171875,-0.892425537109375,-0.9821624755859376,0.0,91419.546875,270.0881652832031,283.0587158203125,291.1473388671875,0.002869188087061,0.0062709338963031,0.0123084336519241,6.508148193359375,0.871612548828125,-1.840087890625,-0.3281707763671875,0.6830902099609375,-0.65533447265625
2024-10-30,6,1,300.52734375,293.36456298828125,-0.2830810546875,0.3432159423828125,17.125,91597.375,270.0777893066406,282.49151611328125,292.14813232421875,0.0027294256724417,0.0066451989114284,0.012868583202362,3.4489288330078125,-1.60650634765625,-0.4918975830078125,-0.428558349609375,1.4195709228515625,0.33941650390625
2024-10-30,12,2,299.3614501953125,294.76885986328125,-0.942169189453125,-0.081787109375,37.875,91406.46875,269.995361328125,282.8458557128906,293.1517639160156,0.0027501829899847,0.0072832070291042,0.0128261148929595,1.6510772705078125,0.2416229248046875,-1.328094482421875,-0.116973876953125,1.96356201171875,0.1879730224609375
2024-10-30,18,3,295.2484741210937,293.55572509765625,-1.4248504638671875,-0.071685791015625,0.0,91659.328125,269.76251220703125,283.53289794921875,292.0802001953125,0.0022828998044133,0.0059460289776325,0.0133196003735065,0.701904296875,-0.9563140869140624,-2.344696044921875,1.626617431640625,1.2783966064453125,-0.8670654296875
2024-10-31,0,0,294.9554443359375,293.3211669921875,-0.831390380859375,1.361602783203125,6.25,91517.140625,269.900634765625,282.7065734863281,291.6114807128906,0.0024235756136476,0.007374819368124,0.0130187161266803,0.47528076171875,-1.60198974609375,-1.7931365966796875,1.071624755859375,0.0704803466796875,-0.100555419921875
2024-10-31,6,1,300.6249389648437,294.8800354003906,-0.57073974609375,0.26507568359375,572.875,91674.1875,269.786376953125,282.5928955078125,292.06060791015625,0.0024018413387238,0.0083370581269264,0.0146553441882133,0.8387298583984375,-3.6632080078125,-0.993072509765625,1.397491455078125,-0.452056884765625,0.13385009765625
2024-10-31,12,2,299.2727966308594,294.15106201171875,-1.684051513671875,-0.5312652587890625,179.875,91451.0,269.8216857910156,283.1490173339844,292.38446044921875,0.0025901331100612,0.0095867849886417,0.0142285898327827,2.41412353515625,-1.9960174560546875,-3.1768798828125,-1.3713836669921875,-0.4852294921875,-1.44781494140625
2024-10-31,18,3,295.98443603515625,294.27520751953125,-1.90191650390625,0.697052001953125,321.625,91704.328125,269.2359924316406,282.90380859375,291.7113037109375,0.0028218394145369,0.009422555565834,0.0148283764719963,0.0637054443359375,-2.0119171142578125,-2.948272705078125,-2.519027709960937,-0.84454345703125,1.1896209716796875
2024-11-01,0,0,296.13531494140625,294.333251953125,0.3092803955078125,0.588409423828125,28.25,91587.171875,268.4349975585937,283.1626892089844,290.4588928222656,0.0019013138953596,0.008998904377222,0.013925202190876,-3.6851654052734375,-2.610687255859375,-1.899200439453125,-2.394439697265625,-0.872833251953125,1.860504150390625
2024-11-01,6,1,300.07623291015625,294.8065185546875,-0.6397705078125,0.378204345703125,974.5,91801.640625,268.3533935546875,282.19110107421875,291.32080078125,0.0013622459955513,0.0091094933450222,0.0138509012758731,-5.32843017578125,-2.7159423828125,-2.683822631835937,0.0516815185546875,-1.2754669189453125,-0.0430450439453125
2024-11-01,12,2,299.31353759765625,294.35955810546875,-0.9443359375,0.1455535888671875,69.25,91545.171875,268.56109619140625,282.86004638671875,292.59979248046875,0.0022524944506585,0.0086153708398342,0.0130299478769302,-3.181732177734375,-1.0457305908203125,-4.71539306640625,0.0590057373046875,-2.9561004638671875,-2.0907745361328125
2024-11-01,18,3,295.753662109375,294.0598449707031,-1.773040771484375,0.435150146484375,105.375,91817.875,267.9569091796875,282.7958984375,290.93829345703125,0.001348098507151,0.0066068992018699,0.0137526169419288,-4.486236572265625,-1.1627655029296875,-4.132095336914063,-1.9710693359375,-2.35064697265625,0.110015869140625
2024-11-02,0,0,295.40216064453125,293.9491577148437,-0.9772491455078124,0.2449493408203125,5.5,91657.078125,268.0344543457031,283.350830078125,291.0734558105469,0.0014997336547821,0.0061620064079761,0.0111865140497684,-7.032806396484375,-1.9048309326171875,-2.1970977783203125,-0.0559539794921875,1.1529083251953125,-2.829208374023437
2024-11-02,6,1,300.561279296875,293.135986328125,-2.4700164794921875,-0.5607452392578125,0.5,91813.578125,268.47491455078125,282.60357666015625,291.1990051269531,0.000779349124059,0.0084758102893829,0.0128984525799751,-9.213592529296877,-3.27569580078125,-3.780609130859375,-1.1034393310546875,1.200775146484375,-0.889617919921875
2024-11-02,12,2,299.2149963378906,293.74609375,-1.551116943359375,0.08673095703125,123.0,91519.84375,268.5421142578125,283.10894775390625,292.8927307128906,0.0006179381161928,0.0094876512885093,0.0133064612746238,-7.8889312744140625,-4.145782470703125,-4.96490478515625,-1.8053741455078125,-1.3330230712890625,-1.96697998046875
2024-11-02,18,3,294.9613342285156,293.596435546875,-1.3903961181640625,1.4016876220703125,90.5,91809.953125,269.13140869140625,282.308349609375,290.8925170898437,0.0012661782093346,0.008814238011837,0.0128307156264781,-10.573806762695312,-5.250579833984375,-6.99200439453125,1.24908447265625,-2.136474609375,-0.5986480712890625
2024-11-03,0,0,294.783935546875,293.369873046875,-1.92755126953125,0.186126708984375,1.875,91618.96875,268.4256591796875,282.4526062011719,291.2582397460937,0.0007002837955951,0.0073743388056755,0.0118921287357807,-12.128814697265623,-3.288604736328125,-5.353179931640625,-0.4795379638671875,-1.677154541015625,0.5859527587890625
2024-11-03,6,1,300.7036437988281,292.2083740234375,-3.3651885986328125,-0.00469970703125,0.0,91764.53125,268.897216796875,283.0075988769531,291.67041015625,0.0007316353730857,0.0062123611569404,0.0128021761775016,-11.388671875,-3.6499176025390634,-5.264678955078125,-0.003814697265625,1.09930419921875,-0.311676025390625
2024-11-03,12,2,299.20977783203125,293.09930419921875,-1.5700531005859375,0.1014862060546875,27.875,91515.546875,268.8445129394531,283.2070007324219,292.7861328125,0.0007302020676434,0.0077950656414031,0.012660976499319,-9.366989135742188,-1.86163330078125,-4.405929565429688,2.75616455078125,-0.30413818359375,-0.0256805419921875
2024-11-03,18,3,295.3682861328125,293.4794311523437,-1.97503662109375,0.2269287109375,76.875,91806.5625,269.127685546875,282.2832946777344,290.3538818359375,0.0007882751524448,0.0077381059527397,0.0141930989921092,-7.587066650390625,-1.5588226318359375,-5.2625885009765625,0.743011474609375,-1.5829620361328125,0.733551025390625
2024-11-04,0,0,295.1663818359375,293.61993408203125,-1.636016845703125,0.7041168212890625,29.25,91619.046875,269.2343139648437,281.7802734375,290.5311279296875,0.0004610326141119,0.0093848556280136,0.0124119482934474,-7.252548217773437,-3.47808837890625,-4.849945068359375,-0.6562957763671875,-3.826873779296875,0.6759185791015625
2024-11-04,6,1,299.9506225585937,293.3495178222656,-2.80615234375,0.2626953125,12.625,91679.703125,269.2548828125,281.71453857421875,290.974853515625,0.0003304935526102,0.0081601962447166,0.0129225775599479,-6.1232452392578125,-5.3661956787109375,-4.4904327392578125,-2.3714599609375,-1.6213531494140625,0.1651458740234375
2024-11-04,12,2,297.84625244140625,292.96319580078125,-2.122467041015625,-0.3615570068359375,5.0,91419.90625,269.87823486328125,282.54669189453125,291.4317321777344,0.0002874523634091,0.0090198442339897,0.0128899663686752,-6.8260345458984375,-2.6905975341796875,-5.7839202880859375,-4.31256103515625,-1.712646484375,-1.1584625244140625
2024-11-04,18,3,295.0052490234375,292.66455078125,-2.073577880859375,1.397003173828125,0.875,91721.28125,269.4242858886719,282.1448669433594,290.1591796875,0.0002494239597581,0.0080291926860809,0.0128608793020248,-9.858535766601562,-1.0443267822265625,-7.204849243164063,-4.6183929443359375,-1.7241058349609375,1.0661773681640625
2024-11-05,0,0,294.3863525390625,292.8811340332031,-1.9988861083984373,-0.51385498046875,5.75,91625.078125,269.1439819335937,281.28912353515625,291.3277587890625,0.0002952020149677,0.0065189562737941,0.0068660639226436,-8.01666259765625,0.7461090087890625,-6.927017211914063,-3.1699371337890625,-3.46533203125,-0.5594635009765625
2024-11-05,6,1,299.52130126953125,290.8340759277344,-2.7822723388671875,-0.3753814697265625,0.0,91746.578125,269.1068115234375,283.0634765625,290.5931396484375,0.0002647578949108,0.0038923218380659,0.0108739081770181,-6.6353759765625,-0.0353240966796875,-4.6066741943359375,-3.095199584960937,-4.72381591796875,-0.923248291015625
2024-11-05,12,2,299.34832763671875,293.1008605957031,-0.5882720947265625,-0.891082763671875,51.5,91509.140625,269.2387390136719,282.7772521972656,292.6361083984375,0.0002396642230451,0.0031803525052964,0.0102510526776313,-5.9552001953125,0.368804931640625,-2.365951538085937,-3.72271728515625,-3.7129058837890634,-3.0606689453125
2024-11-05,18,3,294.6756896972656,291.9214172363281,-1.2935333251953125,-1.136138916015625,33.625,91752.390625,269.046142578125,283.59136962890625,291.77783203125,0.0002061569248326,0.0011994338128715,0.0100270025432109,-6.38470458984375,-2.5330352783203125,-3.742156982421875,-3.773269653320313,-3.32427978515625,-2.739349365234375
2024-11-06,0,0,292.8681945800781,291.5265808105469,-1.481475830078125,-1.0870361328125,0.0,91679.171875,269.1031188964844,283.08990478515625,289.6968994140625,0.0001690082281129,0.0027111459057778,0.0100936666131019,-6.408111572265625,-7.08514404296875,-3.01507568359375,-1.9701995849609373,-0.1339569091796875,-4.345001220703125
2024-11-06,6,1,299.5972900390625,290.12799072265625,-0.921356201171875,-2.8282012939453125,0.0,91778.265625,269.327392578125,282.77593994140625,290.9994506835937,0.0003506178618408,0.0060472637414932,0.0102662630379199,-8.175216674804688,-8.3887939453125,-1.62469482421875,-1.429718017578125,0.53533935546875,-4.3303070068359375
2024-11-06,12,2,299.4052429199219,291.390380859375,-0.7138214111328125,-1.2130126953125,1.875,91527.40625,270.33843994140625,282.52020263671875,292.5517883300781,0.0025244979187846,0.0101426616311073,0.0111318007111549,-11.001556396484377,-8.450454711914062,-3.1758270263671875,-2.115142822265625,-0.18792724609375,-3.657150268554688
2024-11-06,18,3,296.4310913085937,292.1337280273437,-1.9717254638671875,-0.301483154296875,0.0,91696.734375,270.06597900390625,282.3659973144531,291.3695068359375,0.0003369357436895,0.0100355893373489,0.0118039175868034,-13.832199096679688,-7.792083740234375,-3.9085845947265625,-1.972412109375,-1.9311065673828125,-3.946365356445313
2024-11-07,0,0,294.69952392578125,292.4014892578125,-1.65533447265625,-1.76849365234375,0.0,91606.25,270.4462585449219,283.17852783203125,290.8410949707031,7.976205961313099e-05,0.0077586248517036,0.010716401040554,-13.08685302734375,-6.969390869140625,-7.952316284179687,-3.3739471435546875,0.2058868408203125,-6.807586669921875
2024-11-07,6,1,299.40789794921875,292.4809265136719,-3.638015747070313,-2.9008026123046875,27.25,91733.65625,270.39031982421875,282.3898010253906,291.04150390625,0.0001322800817433,0.0096440240740776,0.0122889094054698,-12.68341064453125,-5.987640380859375,-5.912887573242188,-3.811569213867188,1.629547119140625,-4.664154052734375
2024-11-07,12,2,298.69140625,292.3544921875,-1.578216552734375,-0.9812469482421876,2.75,91541.71875,270.121337890625,283.3554077148437,291.7762756347656,0.0002400813391432,0.0089760422706604,0.0126348808407783,-11.4111328125,-3.467864990234375,-5.1703033447265625,-2.7248992919921875,0.4654083251953125,-3.213851928710937
2024-11-07,18,3,295.18658447265625,292.4893798828125,-2.53643798828125,-0.1604766845703125,0.0,91747.171875,269.4232788085937,284.19061279296875,291.3757629394531,0.0002545962342992,0.0081580094993114,0.0123597607016563,-9.198898315429688,-0.626373291015625,-5.895599365234375,-3.23358154296875,1.36395263671875,-2.855804443359375
2024-11-08,0,0,294.20758056640625,292.1934814453125,-1.9698333740234373,-0.6914825439453125,0.0,91628.25,269.3669738769531,283.26788330078125,290.9315795898437,0.0002486819867044,0.0072740847244858,0.0102357938885688,-6.515228271484375,0.6185760498046875,-8.533645629882812,-4.02813720703125,0.7777862548828125,-3.776397705078125
2024-11-08,6,1,300.3505859375,291.0791320800781,-3.1822052001953125,-1.6435089111328125,0.0,91697.84375,268.709716796875,283.60162353515625,291.6317138671875,0.0002574275713413,0.006492506712675,0.0110531579703092,-6.502044677734375,1.15478515625,-5.272003173828125,-3.8072662353515625,-0.4410247802734375,-2.5854949951171875
2024-11-08,12,2,300.0145874023437,292.9789733886719,-1.562835693359375,-0.1745452880859375,11.375,91482.75,268.59893798828125,282.6817626953125,293.69879150390625,0.0002522021532058,0.0050411019474267,0.0105225667357444,-4.0224456787109375,-0.943328857421875,-5.14178466796875,-3.5537261962890625,-3.952239990234375,-0.7423553466796875
2024-11-08,18,3,295.3480834960937,292.3922424316406,-2.670272827148437,0.0265655517578125,1.75,91712.703125,268.9349365234375,284.22052001953125,291.0545654296875,0.0002521713031455,0.0015175291337072,0.012139368802309,-5.330612182617188,-6.2398681640625,-5.2669525146484375,-3.236297607421875,-0.343414306640625,-1.2111968994140625
2024-11-09,0,0,294.3743896484375,292.22320556640625,-2.112823486328125,-0.01251220703125,0.125,91649.203125,269.6331787109375,283.0916442871094,290.5818176269531,0.0002095501404255,0.0015524292830377,0.0096769891679286,-5.494964599609375,-6.4283447265625,-7.5961761474609375,-6.3558349609375,-0.050811767578125,-2.193511962890625
2024-11-09,6,1,300.36151123046875,289.856201171875,-3.343368530273437,-2.036346435546875,0.0,91732.171875,270.3304443359375,283.2332763671875,291.3428039550781,0.0001800503523554,0.001690205419436,0.0094729177653789,-7.42559814453125,-10.318374633789062,-5.47125244140625,-8.02374267578125,0.2529296875,-3.3857421875
2024-11-09,12,2,298.90350341796875,291.2454833984375,-1.4130859375,-1.287567138671875,0.0,91507.109375,270.1298217773437,283.96240234375,292.9090576171875,0.00011698709568,0.002176871523261,0.009534977376461,-8.768386840820312,-7.29736328125,-4.538864135742188,-7.6364593505859375,-1.279541015625,-2.5522613525390625
2024-11-09,18,3,294.5804443359375,291.26336669921875,-2.3383331298828125,0.3697052001953125,0.5,91748.390625,270.25830078125,283.1703491210937,290.6395568847656,7.28932791389525e-05,0.0014796012546867,0.0118976011872291,-8.26702880859375,-7.676727294921875,-6.6168365478515625,-6.82037353515625,-3.3707733154296875,-1.2979888916015625
2024-11-10,0,0,293.625,291.8897705078125,-1.7928314208984375,-0.752471923828125,0.125,91636.15625,271.5516357421875,283.0246887207031,290.67071533203125,6.706283602397889e-05,0.0008586000185459,0.0091538056731224,-10.521591186523438,-7.3410797119140625,-6.7067718505859375,-7.43341064453125,-3.8789215087890634,-3.922821044921875
2024-11-10,6,1,300.1305847167969,289.89501953125,-2.4384307861328125,-2.107330322265625,0.0,91718.765625,271.99713134765625,282.8855895996094,291.3822631835937,0.0001271664659725,0.0026474548503756,0.0098585784435272,-13.93145751953125,-7.694473266601562,-3.72235107421875,-7.5682373046875,-7.144195556640625,-3.2358551025390625
2024-11-10,12,2,298.9641418457031,290.612060546875,-1.37884521484375,-1.431732177734375,51.625,91473.875,272.0302734375,280.8673400878906,292.0599365234375,0.000133391629788,0.0066202692687511,0.0112391449511051,-12.7235107421875,-5.113571166992188,-3.807083129882813,-8.546112060546875,-5.9020538330078125,-4.424163818359375
2024-11-10,18,3,294.7942810058594,291.58819580078125,-2.142913818359375,-0.421051025390625,16.875,91711.515625,272.06170654296875,280.4300231933594,290.8637084960937,4.02424338972196e-05,0.0057473555207252,0.0117150507867336,-11.874740600585938,-6.840591430664063,-5.360565185546875,-4.677642822265625,-4.238067626953125,-2.948104858398437
2024-11-11,0,0,293.90655517578125,292.2223205566406,-1.22650146484375,-1.13360595703125,0.0,91569.75,271.1988830566406,281.92822265625,289.56805419921875,0.0024899868294596,0.0061123333871364,0.0110503956675529,-9.642227172851562,-6.93292236328125,-5.279067993164063,-0.314483642578125,-0.23931884765625,-6.97314453125
2024-11-11,6,1,299.6522216796875,289.93896484375,-2.2270965576171875,-3.0811004638671875,0.0,91651.859375,270.15966796875,282.58612060546875,291.0799560546875,0.0028768142219632,0.0078609362244606,0.0101515855640172,-10.184234619140623,-6.608489990234375,-3.746047973632813,1.5583343505859375,0.73870849609375,-4.82720947265625
2024-11-11,12,2,299.0120544433594,290.1570129394531,-0.570037841796875,-1.6408233642578125,0.0,91392.828125,269.89947509765625,283.9599609375,292.437744140625,0.0026076789945364,0.0080436021089553,0.0099296756088733,-8.875930786132812,-5.5487213134765625,-3.2506103515625,5.1636505126953125,-0.8107757568359375,-4.1929931640625
2024-11-11,18,3,294.5186767578125,290.20166015625,-0.4467620849609375,-1.6297607421875,0.0,91613.546875,269.331298828125,283.2713623046875,292.3016662597656,0.0027276813052594,0.0088222436606884,0.0097636505961418,-6.1732330322265625,-5.33428955078125,-3.82342529296875,4.34765625,1.8965301513671875,-4.955001831054688
2024-11-12,0,0,295.418701171875,291.1949768066406,-1.1950531005859375,-1.30706787109375,5.875,91470.90625,269.4345703125,282.7525939941406,290.9892578125,0.0025544518139213,0.0098085477948188,0.0102621540427207,-4.213653564453125,-9.63818359375,-4.39556884765625,3.921310424804688,1.3687896728515625,-3.857955932617188
2024-11-12,6,1,297.8114929199219,292.0355834960937,-1.5089569091796875,-3.5868682861328125,15.875,91626.484375,268.9480895996094,282.83160400390625,290.212158203125,0.003653700929135,0.0109381787478923,0.0129558444023132,-4.5774993896484375,-7.1004486083984375,-6.4860687255859375,1.523773193359375,-1.571929931640625,-8.152908325195312
2024-11-12,12,2,297.71014404296875,293.2288818359375,-1.9307708740234373,-2.368865966796875,0.25,91356.234375,269.12451171875,284.089599609375,290.142578125,0.0039097713306546,0.0094907656311988,0.0142461545765399,-2.69921875,-7.525039672851562,-4.695724487304688,-2.387420654296875,2.8234405517578125,-2.5031280517578125
2024-11-12,18,3,295.53045654296875,294.0067138671875,-0.5345611572265625,-2.0450897216796875,108.0,91534.09375,269.3480834960937,283.1700439453125,290.4457397460937,0.0033272965811192,0.0107628069818019,0.0144698489457368,-7.472442626953125,-8.944183349609375,-6.2578887939453125,-3.245574951171875,1.565582275390625,-3.453369140625
2024-11-13,0,0,294.9947204589844,294.21356201171875,-2.468109130859375,-1.67877197265625,8.625,91380.75,268.6003723144531,283.40216064453125,290.02459716796875,0.0020704756025224,0.0082716941833496,0.0141936391592025,-7.094039916992188,-7.2476043701171875,-8.424331665039062,-3.393096923828125,-0.115631103515625,-0.6629791259765625
2024-11-13,6,1,299.9892272949219,294.75347900390625,-3.709808349609375,-1.796875,31.75,91509.65625,268.7655029296875,283.3563232421875,291.5626220703125,0.0040518566966056,0.0085051693022251,0.0138153545558452,-11.276260375976562,-5.870208740234375,-6.85736083984375,-3.145172119140625,0.8469085693359375,-2.432769775390625
2024-11-13,12,2,297.4696044921875,294.14208984375,-2.8902130126953125,-0.5579071044921875,121.5,91344.578125,268.5384216308594,283.4158935546875,291.4745788574219,0.0051129311323165,0.0091742910444736,0.0134472399950027,-7.94512939453125,-9.869247436523438,-9.160797119140623,-3.857223510742188,1.929351806640625,-0.278656005859375
2024-11-13,18,3,294.99969482421875,293.93731689453125,-3.2449493408203125,-0.851654052734375,82.0,91572.65625,268.8242492675781,283.1553039550781,290.33868408203125,0.0048447120934724,0.009220078587532,0.0139359906315803,-9.228683471679688,-5.61920166015625,-10.873031616210938,3.6329193115234375,7.429962158203125,-0.2803192138671875
2024-11-14,0,0,295.23651123046875,293.39764404296875,-2.15234375,-0.3794403076171875,2.75,91453.421875,268.8592529296875,283.2449951171875,289.5887451171875,0.0038251138757914,0.0083703100681304,0.0135039985179901,-7.3536376953125,-6.1896820068359375,-9.840316772460938,6.82476806640625,2.717498779296875,3.533065795898437
2024-11-14,6,1,298.7884521484375,294.19696044921875,-4.715576171875,0.257293701171875,43.5,91699.484375,268.3228759765625,283.10675048828125,291.1739501953125,0.004921119660139,0.0094519928097724,0.0139512959867715,-4.6790771484375,-7.367538452148437,-8.28643798828125,3.107635498046875,2.428070068359375,0.9481048583984376
2024-11-14,12,2,296.9296264648437,294.1651611328125,-1.1567230224609375,-0.7257537841796875,117.375,91536.890625,268.4602966308594,282.93878173828125,291.0816345214844,0.0048232786357402,0.0107204467058181,0.0140433311462402,-4.69384765625,-7.251785278320312,-6.058349609375,1.87994384765625,1.702056884765625,0.3418121337890625
2024-11-14,18,3,294.4151611328125,293.51397705078125,-2.5004119873046875,0.288330078125,2.125,91705.65625,268.72772216796875,284.3759460449219,290.6766052246094,0.0042611993849277,0.0082888416945934,0.0141252260655164,-5.125274658203125,-6.7794342041015625,-8.5614013671875,2.296112060546875,1.2851409912109375,1.37738037109375
2024-11-15,0,0,294.3858947753906,293.18865966796875,-2.426727294921875,-0.678619384765625,6.5,91629.8125,268.25982666015625,283.3324584960937,290.40118408203125,0.0037435828708112,0.0087509294971823,0.0123441033065319,-7.04840087890625,-5.6201019287109375,-9.782791137695312,1.3229522705078125,0.5345458984375,0.1448211669921875
2024-11-15,6,1,298.5121459960937,293.97882080078125,-2.72430419921875,-0.553741455078125,4.25,91721.75,269.05035400390625,283.5502014160156,291.3636474609375,0.0029967345762997,0.0087152309715747,0.0132427653297781,-8.536865234375,-7.8593902587890625,-5.6060638427734375,0.7384796142578125,0.2104949951171875,-0.741546630859375
2024-11-15,12,2,297.0162353515625,293.9867553710937,-1.703277587890625,-1.830108642578125,166.375,91493.1875,268.6371154785156,283.1000366210937,291.016357421875,0.0037012617103755,0.0108366049826145,0.0143004842102527,-9.444091796875,-6.432891845703125,-6.443771362304688,-1.3530120849609375,0.592498779296875,-3.326019287109375
2024-11-15,18,3,295.1879272460937,293.92041015625,-2.171295166015625,-1.16082763671875,73.75,91692.359375,268.8270568847656,283.39654541015625,290.2830810546875,0.0042283795773983,0.0105843693017959,0.0144869126379489,-8.360702514648438,-6.46661376953125,-9.162521362304688,2.1343536376953125,-0.11114501953125,-3.2788543701171875
2024-11-16,0,0,295.18798828125,293.7422180175781,-2.4787139892578125,-0.987548828125,20.75,91550.125,269.32275390625,283.6319274902344,289.9957275390625,0.0025134722236543,0.0093949362635612,0.0131528750061988,-7.551437377929687,-7.949905395507812,-7.37005615234375,1.5857086181640625,-0.498779296875,-1.3433074951171875
2024-11-16,6,1,298.8290710449219,293.49725341796875,-4.517242431640625,-1.76165771484375,13.75,91648.921875,269.3813781738281,283.7126770019531,292.1123352050781,0.0026010768488049,0.0086796805262565,0.0126493908464908,-6.242202758789063,-7.504791259765625,-9.543960571289062,3.93231201171875,1.165283203125,-2.802642822265625
2024-11-16,12,2,296.9746398925781,294.3446655273437,-2.1009521484375,-0.4368743896484375,33.125,91459.90625,268.3367919921875,282.970458984375,291.09112548828125,0.0041529685258865,0.0098810940980911,0.0137607306241989,-5.96722412109375,-6.605316162109375,-6.2381591796875,0.1417694091796875,0.88372802734375,-1.866241455078125
2024-11-16,18,3,294.83544921875,293.90753173828125,-2.505584716796875,-0.35125732421875,15.25,91648.421875,268.156005859375,283.9237670898437,290.8139038085937,0.0044518038630485,0.008974615484476,0.013705026358366,-5.3202667236328125,-6.266632080078125,-9.119110107421877,-0.227691650390625,0.0590362548828125,0.44635009765625
2024-11-17,0,0,295.32012939453125,293.6289367675781,-2.6226348876953125,-0.690521240234375,7.875,91478.796875,268.8831787109375,283.9544372558594,289.76470947265625,0.0037302263081073,0.007760401815176,0.0132438875734806,-3.3193359375,-5.640396118164063,-8.574356079101562,-0.8704681396484375,-1.1089935302734375,-1.0612335205078125
2024-11-17,6,1,298.8099975585937,294.0159606933594,-3.971649169921875,-0.9573974609375,9.875,91653.203125,269.1387023925781,283.5628967285156,291.0414428710937,0.0025764426682144,0.0075147747993469,0.0133988820016384,-4.35894775390625,-7.544281005859375,-6.312347412109375,-0.7632904052734375,-0.2187042236328125,-1.3712005615234375
2024-11-17,12,2,298.13348388671875,292.2508239746094,-2.246322631835937,-1.4866790771484375,6.5,91402.390625,269.58282470703125,283.5106201171875,291.77215576171875,0.0022427453659474,0.0074446275830268,0.0127177909016609,-5.3871002197265625,-3.93499755859375,-6.99334716796875,-2.7241363525390625,0.585906982421875,-4.792388916015625
2024-11-17,18,3,293.8178100585937,292.4399719238281,-2.2188873291015625,-0.5316162109375,0.0,91676.21875,269.59112548828125,283.4239501953125,290.4032592773437,0.0018043064046651,0.0062160566449165,0.0126407630741596,-7.981124877929687,-5.93292236328125,-4.9680938720703125,-1.37774658203125,-1.3749542236328125,-2.2413787841796875
2024-11-18,0,0,294.63629150390625,292.82379150390625,-2.116729736328125,-0.5895538330078125,7.25,91557.75,269.5980224609375,283.628173828125,289.0216979980469,0.0009240659419447,0.0058887712657451,0.0124880634248256,-7.127716064453125,-5.241714477539063,-6.85760498046875,-1.91070556640625,-0.82794189453125,-3.763336181640625
2024-11-18,6,1,298.5732116699219,292.1224365234375,-4.204925537109375,-1.8187713623046875,5.0625,91699.65625,269.25299072265625,284.0020446777344,291.1676025390625,0.0005133505910634,0.005245603621006,0.011499036103487,-6.754852294921875,-4.1737823486328125,-6.784881591796875,-0.6768341064453125,-0.65716552734375,-2.9305419921875
2024-11-18,12,2,298.523193359375,291.8402099609375,-1.973114013671875,-0.274200439453125,27.875,91472.84375,269.77618408203125,284.451904296875,291.6637268066406,0.0005318166222423,0.0037157270126044,0.0120326727628707,-4.608367919921875,-2.694564819335937,-6.111846923828125,-0.7570953369140625,-2.6491851806640625,-1.390472412109375
2024-11-18,18,3,294.011474609375,293.014892578125,-2.3900299072265625,0.3676300048828125,7.0,91774.546875,270.2391357421875,284.5130615234375,289.4898681640625,0.0005001593381166,0.0022149728611111,0.0130389146506786,-5.826873779296875,-0.045806884765625,-4.6463470458984375,-3.3617401123046875,-0.745361328125,-1.2149810791015625
2024-11-19,0,0,294.23590087890625,292.48736572265625,-1.723388671875,-0.9972076416015624,18.125,91636.46875,270.023681640625,284.68609619140625,288.15283203125,0.0003687783610075,0.002160444157198,0.0117991007864475,-7.7018890380859375,1.34771728515625,-5.04541015625,-3.892166137695313,0.23223876953125,-1.8757781982421875
2024-11-19,6,1,298.58209228515625,291.4064636230469,-2.2837371826171875,-0.9179840087890624,4.875,91805.765625,269.57342529296875,283.24285888671875,290.0420227050781,0.0002975868992507,0.0031213115435093,0.011417381465435,-9.0850830078125,1.923980712890625,-3.188720703125,-3.627410888671875,0.7154998779296875,-1.266326904296875
2024-11-19,12,2,298.33453369140625,291.5556640625,-0.8319091796875,-1.69781494140625,0.0,91508.296875,269.75457763671875,284.4120788574219,291.5634155273437,0.0003662751987576,0.0032090877648442,0.0110864974558353,-8.671905517578125,1.7436981201171875,-3.619415283203125,-4.7709808349609375,1.536834716796875,-4.1339263916015625
2024-11-19,18,3,293.9718933105469,290.87554931640625,-2.5298614501953125,-0.857421875,0.0,91727.921875,269.2209777832031,285.2854919433594,288.9515380859375,0.0004572297912091,0.0029186392202973,0.0114603154361248,-9.481643676757812,-0.529937744140625,-5.877471923828125,-4.2769927978515625,-0.272186279296875,-3.6730804443359375
2024-11-20,0,0,293.5628662109375,291.97760009765625,-2.336212158203125,-1.252105712890625,2.125,91606.375,268.4978942871094,284.8469543457031,289.1429443359375,0.000439568888396,0.0027423712890595,0.0094068460166454,-8.148223876953125,0.493621826171875,-2.1510772705078125,-6.56903076171875,-1.4133148193359375,-1.66278076171875
2024-11-20,6,1,298.5959777832031,290.57379150390625,-2.061614990234375,-0.8459625244140625,0.0,91778.328125,267.8995361328125,284.5604858398437,289.0697631835937,0.000412757275626,0.0022423076443374,0.0107075311243534,-9.721023559570312,-2.28515625,-3.060760498046875,-7.8510284423828125,-1.620849609375,-1.0556488037109375
2024-11-20,12,2,298.1712341308594,291.60797119140625,-1.271759033203125,0.9948577880859376,5.625,91526.640625,267.5766296386719,284.28350830078125,291.6623229980469,0.0004411292029544,0.0024739378131926,0.0106892846524715,-8.399917602539062,-0.36968994140625,-3.3178253173828125,-5.7171478271484375,-0.1070404052734375,2.257431030273437
2024-11-20,18,3,293.35968017578125,290.75054931640625,-2.1071014404296875,0.0709228515625,0.0,91641.03125,268.4292907714844,285.095703125,290.4486694335937,0.0001812428381526,0.0013774672988802,0.0106855332851409,-9.786041259765623,-2.2794189453125,-2.25091552734375,-2.7425689697265625,2.5874176025390625,-0.6329803466796875
2024-11-21,0,0,293.1718139648437,291.6629333496094,-2.892242431640625,-0.797210693359375,0.375,91516.0625,268.856201171875,285.3828125,289.0234680175781,0.0001782612816896,0.001473281532526,0.010189514607191,-7.9984130859375,-2.2981109619140625,-3.57965087890625,-1.8450927734375,0.81732177734375,-2.1824951171875
2024-11-21,6,1,298.043212890625,291.6178894042969,-1.6081390380859375,-0.382232666015625,0.0,91792.109375,267.54034423828125,284.7576904296875,288.7062072753906,0.0001893511071102,0.0016469343099743,0.0114983133971691,-8.046615600585938,-2.8116455078125,-2.300018310546875,-3.052719116210937,-0.0250396728515625,-0.3566741943359375
2024-11-21,12,2,298.56060791015625,292.4626770019531,0.1297760009765625,-0.8070526123046875,5.5,91535.125,267.70147705078125,284.6502685546875,291.61553955078125,0.0002091367641696,0.0012664003297686,0.0114270336925983,-8.846939086914062,-1.7354736328125,0.0113525390625,-7.97650146484375,0.116851806640625,-1.1995697021484375
2024-11-21,18,3,293.5102233886719,290.4930114746094,-2.0602264404296875,-0.71234130859375,0.0,91756.296875,268.976318359375,284.6322021484375,290.518310546875,0.0001220175181515,0.0006860790308564,0.0108385309576988,-13.13555908203125,-2.970306396484375,-2.5161895751953125,-6.384979248046875,-3.115814208984375,-0.7149200439453125
2024-11-22,0,0,291.9299011230469,290.0982666015625,-1.9199371337890625,-0.7046966552734375,0.0,91562.09375,268.3984069824219,285.003662109375,289.5912170410156,0.0002487126330379,0.0005713300779461,0.0103098414838314,-14.575286865234377,-5.402587890625,-1.2231903076171875,-5.9379730224609375,-1.4600372314453125,-1.757781982421875
2024-11-22,6,1,298.82330322265625,290.4261779785156,-1.33929443359375,-1.9451446533203125,0.0,91695.890625,267.9574279785156,286.1278076171875,289.8306579589844,0.0003728079609572,0.0004972445312887,0.0106372386217117,-15.313278198242188,-6.0639495849609375,-1.9311065673828125,-3.4365997314453125,-1.8096771240234373,-2.770980834960937
2024-11-22,12,2,297.9239501953125,290.9952697753906,-0.9636383056640624,-1.3328094482421875,0.0,91468.046875,268.4794921875,285.77984619140625,291.7788391113281,0.0003656768240034,0.0005518950056284,0.0093671791255474,-14.84478759765625,-2.85968017578125,-2.3302764892578125,-4.8859405517578125,-1.47491455078125,-2.9647674560546875
2024-11-22,18,3,293.0787048339844,289.2901306152344,-2.214324951171875,-0.3563690185546875,0.0,91715.296875,267.5332336425781,285.52349853515625,290.3807983398437,0.0003227448323741,0.000470052473247,0.0089793428778648,-13.321929931640623,-4.22515869140625,-0.6587677001953125,-2.684921264648437,-1.2160186767578125,0.4362640380859375
2024-11-23,0,0,290.9395446777344,289.4989624023437,-1.9810791015625,-0.8683624267578125,0.0,91663.0625,268.1640625,285.06134033203125,289.4449462890625,0.0003018758725374,0.0004365779459476,0.0091171562671661,-11.800979614257812,-1.9908905029296875,-0.1282196044921875,-4.2619476318359375,0.36859130859375,0.11224365234375
2024-11-23,6,1,298.547607421875,289.9000549316406,-1.06744384765625,-0.477783203125,0.0,91802.640625,268.33612060546875,285.121826171875,290.0790710449219,0.0002771972795017,0.0003784012515097,0.0099346302449703,-12.505996704101562,-3.631378173828125,-1.6893768310546875,-4.360015869140625,-1.852752685546875,-0.4519805908203125
2024-11-23,12,2,298.2621459960937,292.5974426269531,-0.965667724609375,-1.4391021728515625,0.0,91560.4375,269.5971069335937,284.8628234863281,292.4696655273437,0.0002341370854992,0.0004673190414905,0.0102119483053684,-10.652191162109377,-2.403289794921875,-2.3624725341796875,-4.486907958984375,-3.126205444335937,-1.663482666015625
2024-11-23,18,3,293.9544677734375,290.9718017578125,-2.019927978515625,-0.2485504150390625,0.0,91763.53125,269.907470703125,284.9751281738281,290.5911865234375,0.0001942280359799,0.000385669292882,0.0108752101659774,-10.932769775390623,-6.006072998046875,-4.73681640625,-3.48504638671875,-2.559356689453125,-1.0625
2024-11-24,0,0,293.5228881835937,292.3671264648437,-1.8562774658203125,-0.1336822509765625,13.375,91682.4375,269.94110107421875,285.42559814453125,289.202392578125,0.0002312165161129,0.0004656803794205,0.009811270982027,-11.611068725585938,-5.284637451171875,-1.87579345703125,-2.885238647460937,-2.839141845703125,-1.3638763427734375
2024-11-24,6,1,298.63751220703125,291.9981384277344,-0.8018646240234375,-1.3152008056640625,0.0,91792.25,268.0599975585937,285.76446533203125,289.6112976074219,0.0003512389957904,0.0004034268204122,0.0111441053450107,-11.324951171875,-6.91510009765625,-1.6164398193359375,-2.6804351806640625,-2.429473876953125,-1.6407318115234375
2024-11-24,12,2,298.54150390625,292.1198425292969,-0.7982025146484375,-1.116058349609375,0.0,91546.390625,268.9957275390625,285.4007263183594,292.3868103027344,0.000357445795089,0.0002832719474099,0.0101450979709625,-11.831085205078123,-5.7777252197265625,-2.692001342773437,-2.380767822265625,-4.6325225830078125,-1.124420166015625
2024-11-24,18,3,294.0730895996094,290.60015869140625,-2.127777099609375,-0.20050048828125,0.0,91717.90625,268.6146850585937,285.4314270019531,289.9635314941406,0.0003282376565039,0.000396434450522,0.0107108019292354,-11.854202270507812,-7.267974853515625,-5.1772003173828125,-2.38360595703125,-4.6324615478515625,-0.724639892578125
2024-11-25,0,0,292.56591796875,290.6862487792969,-1.8364410400390625,-1.4338836669921875,0.0,91541.671875,268.73907470703125,285.77423095703125,289.13116455078125,0.0002974832896143,0.0003292406909167,0.0093518123030662,-11.996673583984377,-5.6269073486328125,-2.5178985595703125,-2.4347076416015625,-3.389129638671875,-4.0115509033203125
2024-11-25,6,1,297.6094970703125,289.4178466796875,-1.90875244140625,-2.336044311523437,0.0,91701.71875,268.0908203125,285.447021484375,289.455322265625,0.0003040097653865,0.0003437719133216,0.0093651227653026,-10.316909790039062,-6.273605346679688,-3.2158355712890625,-2.510116577148437,-4.94879150390625,-3.0753631591796875
2024-11-25,12,2,297.36151123046875,290.7221374511719,-1.55322265625,-1.172149658203125,0.0,91476.875,268.2361145019531,285.3807983398437,291.1575012207031,0.0002671643160283,0.0002327491092728,0.0100181549787521,-8.5601806640625,-7.1041259765625,-5.663619995117188,-3.31878662109375,-6.09539794921875,-2.16278076171875
2024-11-25,18,3,293.7468566894531,290.93951416015625,-1.852142333984375,-1.7371673583984375,0.0,91623.796875,269.217041015625,284.87158203125,290.3318786621094,0.0006943577900528,0.0006237349007278,0.0093954168260097,-8.13824462890625,-10.0361328125,-5.7930450439453125,-5.503707885742188,-0.45062255859375,-1.94293212890625
2024-11-26,0,0,293.187255859375,290.65362548828125,-1.6818084716796875,-2.709945678710937,8.375,91465.59375,269.4305114746094,283.30877685546875,289.55914306640625,0.001163411187008,0.0057659707963466,0.012959599494934,-9.099319458007812,-10.003250122070312,-8.506637573242188,-7.413650512695312,2.4555206298828125,-4.040695190429688
2024-11-26,6,1,297.0133056640625,291.8006286621094,-3.9056396484375,-3.804443359375,2.125,91606.703125,269.41412353515625,283.1668395996094,290.3016357421875,0.0005904037971049,0.0086311399936676,0.0126737728714942,-9.8253173828125,-9.687713623046877,-6.22314453125,-8.417831420898438,2.535186767578125,-5.328536987304688
2024-11-26,12,2,295.0557861328125,290.7962646484375,-1.539276123046875,-3.596282958984375,0.0,91376.75,269.9111328125,283.4509582519531,288.92388916015625,0.0003494170960038,0.0086250379681587,0.0126226171851158,-10.378692626953123,-7.4647979736328125,-4.5668487548828125,-10.279953002929688,1.404541015625,-6.391525268554688
2024-11-26,18,3,292.9348449707031,290.431640625,-1.81683349609375,-3.0274658203125,0.0,91628.21875,270.099609375,282.93853759765625,289.19195556640625,0.000237638989347,0.0086097791790962,0.0131382141262292,-9.733474731445312,-4.351119995117188,-11.927581787109377,-11.083877563476562,-3.253158569335937,-6.826385498046875
2024-11-27,0,0,292.6205444335937,290.6993103027344,-2.1475830078125,-2.638290405273437,0.0,91391.046875,269.47528076171875,282.52325439453125,289.4439697265625,9.73371061263606e-05,0.0085116252303123,0.0099030919373035,-10.182113647460938,-2.4980621337890625,-12.987152099609377,-7.645889282226562,-3.056869506835937,-7.036773681640625
2024-11-27,6,1,296.89276123046875,291.135498046875,-3.2314453125,-3.695526123046875,0.0,91534.0,268.9696350097656,282.5396423339844,289.919677734375,0.0001711158984107,0.0091138146817684,0.0115971602499485,-8.704132080078125,-5.44329833984375,-5.4616546630859375,-9.098907470703123,-2.401107788085937,-5.978561401367188
2024-11-27,12,2,295.7936706542969,290.6700439453125,-0.827880859375,-2.6951446533203125,0.0,91311.1875,269.49041748046875,283.765869140625,289.0682373046875,0.0001650908379815,0.0081893159076571,0.0116766989231109,-14.537445068359377,-6.191909790039063,-2.0552215576171875,-4.3546295166015625,-0.87860107421875,-7.2878265380859375
2024-11-27,18,3,293.19464111328125,289.827392578125,-1.416900634765625,-2.722503662109375,0.0,91499.6875,270.2584533691406,282.748046875,289.5872802734375,0.0005870060995221,0.0089631043374538,0.0100261382758617,-13.705657958984377,-4.3803253173828125,-3.10223388671875,-7.742324829101562,-2.477386474609375,-9.508209228515623
2024-11-28,0,0,291.7989501953125,288.7601928710937,-1.522125244140625,-3.4607391357421875,0.0,91315.015625,270.6837158203125,283.7349548339844,289.3705749511719,0.0002412315225228,0.0074363760650157,0.007688783109188,-8.163742065429688,-2.3817901611328125,-5.448257446289063,-9.326904296875,-4.536041259765625,-10.682723999023438
2024-11-28,6,1,296.25372314453125,286.7736511230469,-1.1045989990234375,-4.158660888671875,0.0,91549.25,270.0191345214844,283.2507019042969,289.331298828125,0.0001877907052403,0.0060505904257297,0.0087115354835987,-8.481674194335938,-3.867996215820313,-3.0130157470703125,-8.868621826171875,-4.0253448486328125,-6.8855743408203125
2024-11-28,12,2,297.52703857421875,286.8352355957031,-0.888580322265625,-2.3722076416015625,0.0,91289.046875,270.8402709960937,283.9413146972656,290.5450439453125,0.0002278774918522,0.0042075514793396,0.008308757096529,-7.008544921875,-4.2323760986328125,-2.8750457763671875,-10.870529174804688,-6.2872161865234375,-6.919937133789063
2024-11-28,18,3,292.8948669433594,286.26434326171875,-1.3995513916015625,-2.822296142578125,7.25,91465.21875,270.8726806640625,283.29833984375,290.6766357421875,0.0002210881211794,0.0078701265156269,0.0086889192461967,-11.809280395507812,-7.600250244140625,-7.64666748046875,-10.00421142578125,-4.651275634765625,-10.031402587890623
2024-11-29,0,0,292.7723693847656,288.1859130859375,-1.2624053955078125,-3.813796997070313,0.0,91326.421875,270.33544921875,283.7463073730469,289.0162658691406,0.0002972166985273,0.0095267407596111,0.0123814716935157,-7.231765747070312,-7.0043792724609375,-9.3896484375,-12.845748901367188,-5.491226196289063,-9.358505249023438
2024-11-29,6,1,297.20770263671875,288.4744873046875,-0.834869384765625,-5.113922119140625,9.25,91480.5625,269.74102783203125,284.40789794921875,289.63604736328125,0.0002250428660772,0.0095532052218914,0.0116055756807327,-11.32373046875,-7.272186279296875,-5.527008056640625,-11.110671997070312,-5.0884552001953125,-10.397216796875
2024-11-29,12,2,296.2973937988281,290.23565673828125,-0.6515960693359375,-2.697052001953125,0.0,91284.390625,269.67144775390625,284.56787109375,289.60430908203125,0.000492078019306,0.0091548524796962,0.0115206465125083,-11.97674560546875,-3.8494873046875,-3.831268310546875,-11.175018310546877,-8.600143432617188,-8.634689331054688
2024-11-29,18,3,293.3583984375,289.3117370605469,-0.662872314453125,-3.2852935791015625,0.0,91473.921875,268.62066650390625,283.8792724609375,289.912841796875,0.0019273885991424,0.0086701363325119,0.0134016275405883,-6.542449951171875,-3.5124664306640625,-6.7987823486328125,-7.880020141601562,-6.8657073974609375,-11.721969604492188
2024-11-30,0,0,293.47515869140625,291.553955078125,-0.1405181884765625,-4.1161651611328125,0.0,91183.171875,269.3930358886719,284.49676513671875,289.84698486328125,0.0031601903028786,0.0102084651589393,0.0133031830191612,-11.734283447265623,1.238433837890625,-4.027847290039063,-8.334274291992188,-7.324798583984375,-12.929031372070312
2024-11-30,6,1,295.7539978027344,292.41729736328125,-0.8032073974609375,-5.80035400390625,5.875,91347.90625,268.5410461425781,284.4757080078125,289.0226745605469,0.0029719611629843,0.0092839337885379,0.0136187821626663,-7.6948394775390625,-0.217742919921875,-2.68084716796875,-16.395950317382812,-7.58575439453125,-10.184326171875
2024-11-30,12,2,295.5059814453125,291.86895751953125,0.880462646484375,-4.463165283203125,25.625,91042.609375,268.611328125,284.3436889648437,290.2660827636719,0.0026332824490964,0.0077535808086395,0.0136287547647953,-9.060699462890623,-2.588973999023437,-0.1629791259765625,-23.59686279296875,-8.2783203125,-13.334793090820312
2024-11-30,18,3,294.927490234375,292.3809814453125,2.482421875,-3.0479888916015625,60.0,91215.796875,270.3950500488281,282.6650085449219,290.3461303710937,0.0038283271715044,0.0105136595666408,0.0142298527061939,-13.532516479492188,-7.9609832763671875,2.3507843017578125,-17.406890869140625,-15.772369384765623,-13.035690307617188
2024-12-01,0,0,293.9678649902344,293.0775756835937,1.164031982421875,-4.831802368164063,7.25,91087.765625,270.28546142578125,282.97808837890625,289.8065185546875,0.0027478619012981,0.0097930394113063,0.0139308534562587,-18.4537353515625,-4.1917877197265625,-1.442413330078125,-13.920684814453123,-12.988739013671877,-15.176742553710938
2024-12-01,6,1,295.1510009765625,293.15753173828125,1.0425567626953125,-5.9083099365234375,16.25,91185.859375,270.9487609863281,284.14666748046875,290.01641845703125,0.0028796650003641,0.009592343121767,0.0141824651509523,-14.10723876953125,-7.6099090576171875,-0.32598876953125,-14.711410522460938,-8.901870727539062,-9.676651000976562
2024-12-01,12,2,295.5357360839844,292.81005859375,1.0424041748046875,-4.075363159179688,17.125,90922.65625,269.4156494140625,284.11285400390625,290.64013671875,0.0048215873539447,0.0102904960513114,0.0141709111630916,-10.08062744140625,-5.8028717041015625,0.40887451171875,-13.633560180664062,-10.2977294921875,-12.903472900390623
2024-12-01,18,3,294.2298278808594,293.39898681640625,0.860931396484375,-3.66119384765625,67.5,91089.25,268.85504150390625,283.66943359375,290.49932861328125,0.0048022083938121,0.0109304003417491,0.0145368799567222,-16.901458740234375,-10.903152465820312,-1.9442138671875,0.6587677001953125,-7.453521728515625,-13.342041015625
2024-12-02,0,0,294.1806335449219,293.6239013671875,-0.1312408447265625,-5.439361572265625,7.25,90868.078125,269.4315795898437,283.65460205078125,290.58074951171875,0.0051147975027561,0.0111203789710998,0.0146761909127235,-14.556167602539062,-9.6724853515625,-7.226470947265625,0.0001220703125,-6.0946044921875,-13.2591552734375
2024-12-02,6,1,294.7583312988281,294.4032592773437,-3.2601470947265625,-2.1550750732421875,9.0,91139.703125,271.06396484375,283.45318603515625,290.93780517578125,0.0055805929005146,0.0111609734594821,0.0150323808193206,-7.401123046875,-8.685302734375,-10.640304565429688,9.85931396484375,1.5346527099609375,-4.3172149658203125
2024-12-02,12,2,294.81622314453125,294.109130859375,-2.3424072265625,-0.20513916015625,24.125,91009.390625,270.3865966796875,284.0226135253906,291.2993469238281,0.0038525173440575,0.0103688649833202,0.0151729844510555,-7.6645050048828125,-5.915191650390625,-7.7233734130859375,8.8895263671875,-1.1312103271484375,-0.5721282958984375
2024-12-02,18,3,294.47576904296875,293.5424194335937,-2.5926666259765625,2.028915405273437,40.5,91286.96875,270.3409729003906,283.2384033203125,290.8252258300781,0.00417713355273,0.0106270760297775,0.0148557610809803,-8.797119140625,-8.27911376953125,-7.3012237548828125,6.568893432617188,5.82965087890625,7.455459594726562
2024-12-03,0,0,294.52850341796875,293.8717041015625,-2.7955322265625,1.657379150390625,60.375,91234.953125,269.95758056640625,283.586669921875,290.51910400390625,0.0040821619331836,0.0114107020199298,0.0146369226276874,-8.675628662109375,-3.126495361328125,-7.0641632080078125,2.2677154541015625,7.876571655273437,8.1505126953125
2024-12-03,6,1,296.88299560546875,295.2748107910156,-1.4223785400390625,2.34429931640625,294.25,91500.828125,268.3150634765625,284.18115234375,291.363525390625,0.0041787922382354,0.0090350471436977,0.0138968639075756,-6.380584716796875,0.593719482421875,-0.74786376953125,3.4762115478515625,6.259918212890625,4.305450439453125
2024-12-03,12,2,297.14337158203125,294.5137939453125,-1.4024658203125,-0.358154296875,232.25,91372.75,268.01904296875,284.0911560058594,291.724365234375,0.004109438508749,0.0093266330659389,0.0146244205534458,-3.226043701171875,-2.689559936523437,-2.481842041015625,6.0590667724609375,2.24298095703125,0.596099853515625
2024-12-03,18,3,294.97186279296875,293.9771728515625,-3.614959716796875,1.194671630859375,302.375,91531.890625,267.810546875,285.78192138671875,291.00421142578125,0.0037881669122725,0.0074453726410865,0.0138415768742561,-1.9097442626953125,-5.265914916992188,-9.9893798828125,0.1305694580078125,0.08013916015625,4.8106231689453125
2024-12-04,0,0,293.68865966796875,292.2069091796875,-2.954559326171875,1.448760986328125,2.625,91465.421875,268.8455810546875,285.52032470703125,290.26812744140625,0.003185476642102,0.0057499967515468,0.0094825029373168,-2.7783966064453125,-7.29620361328125,-8.196929931640625,-1.4574432373046875,1.7398681640625,6.0025634765625
2024-12-04,6,1,298.2494506835937,292.1964111328125,-3.39349365234375,1.0904541015625,4.875,91678.640625,269.78485107421875,284.6928100585937,290.9542236328125,0.0026998361572623,0.0032347540836781,0.0117686092853546,-4.7262115478515625,-7.637847900390625,-5.628692626953125,-2.305328369140625,4.952667236328125,1.926544189453125
2024-12-04,12,2,297.91900634765625,293.2105712890625,-2.2239532470703125,-0.492340087890625,12.75,91448.78125,269.60528564453125,282.8419189453125,291.14141845703125,0.0032104668207466,0.0102264285087585,0.0138135030865669,-4.2650909423828125,-8.541671752929688,-4.9429931640625,-1.786865234375,3.808563232421875,-0.7048492431640625
2024-12-04,18,3,295.11505126953125,293.3780517578125,-2.308990478515625,-0.2010498046875,6.375,91689.671875,268.82769775390625,283.2380676269531,290.71942138671875,0.0034292079508304,0.0101029314100742,0.0139965452253818,-6.110870361328125,-8.653579711914062,-5.617477416992188,-3.378204345703125,1.6387481689453125,1.7880096435546875
2024-12-05,0,0,295.01025390625,293.5388488769531,-1.646514892578125,-0.46832275390625,0.0,91546.390625,268.82147216796875,283.4422302246094,290.23394775390625,0.003907024860382,0.0088201723992824,0.0136904940009117,-6.577072143554688,-7.1863861083984375,-5.0768890380859375,-1.9606475830078125,1.1271820068359375,2.3507843017578125
2024-12-05,6,1,299.724853515625,293.4122619628906,-2.825836181640625,0.6107635498046875,3.125,91714.703125,268.67645263671875,282.74560546875,291.18975830078125,0.0033625834621489,0.0086481161415576,0.0132164526730775,-9.070297241210938,-6.8885040283203125,-4.777877807617188,-1.3477325439453125,2.011703491210937,0.82305908203125
2024-12-05,12,2,298.64422607421875,293.07818603515625,-1.9793701171875,0.5975494384765625,83.0,91478.59375,268.8148498535156,283.2524108886719,291.7397155761719,0.0020803520455956,0.0074410773813724,0.0135092623531818,-8.343917846679688,-6.0094757080078125,-5.96722412109375,-2.2274322509765625,2.3260040283203125,2.371612548828125
2024-12-05,18,3,295.3634033203125,293.51483154296875,-2.1129302978515625,0.8386383056640625,101.625,91741.3125,269.1129455566406,283.7582702636719,290.90350341796875,0.0012359162792563,0.0049981027841567,0.0134116448462009,-9.009307861328123,-4.491378784179688,-5.1973876953125,0.4212799072265625,1.009613037109375,2.1687164306640625
2024-12-06,0,0,295.6048583984375,293.4608154296875,-1.393707275390625,0.8132171630859375,7.125,91570.296875,269.2942810058594,284.2597045898437,291.1136474609375,0.0014435665216296,0.0032489991281181,0.011244423687458,-5.09722900390625,-4.046905517578125,-3.215240478515625,3.58831787109375,0.703857421875,2.444976806640625
2024-12-06,6,1,300.001708984375,292.0669860839844,-2.220855712890625,0.9185333251953124,0.0,91762.546875,269.32470703125,283.99920654296875,290.8172912597656,0.001332935411483,0.0040864199399948,0.0116567760705947,-4.2763671875,-2.741607666015625,-4.111358642578125,-0.8576202392578125,2.399078369140625,1.0923309326171875
2024-12-06,12,2,300.00799560546875,291.5035400390625,-1.5923309326171875,0.5814208984375,2.875,91433.25,269.7265625,283.73297119140625,293.18377685546875,0.0012247229460626,0.0048296153545379,0.0117181129753589,-5.301605224609375,-1.3495330810546875,-4.796920776367188,-4.08099365234375,-1.0566558837890625,0.1238250732421875
2024-12-06,18,3,294.6956787109375,292.70477294921875,-1.8851776123046875,0.7424774169921875,15.75,91688.828125,270.4007568359375,283.24737548828125,291.64947509765625,0.0021876639220863,0.0045253597199916,0.0122828222811222,-8.386795043945312,-1.3028564453125,-3.5161285400390625,-2.09033203125,-1.279510498046875,0.6197357177734375
2024-12-07,0,0,294.03472900390625,292.82012939453125,-1.0346832275390625,-0.2933807373046875,0.125,91518.5625,270.87139892578125,283.90802001953125,291.6718139648437,0.0018731739837676,0.0045884549617767,0.0108920186758041,-8.22650146484375,-0.4185333251953125,-2.9557647705078125,2.9574127197265625,-3.408843994140625,-1.4936065673828125
2024-12-07,6,1,300.2713623046875,292.8685913085937,-1.9734649658203125,0.33465576171875,60.625,91698.09375,270.27154541015625,282.68365478515625,291.15533447265625,0.0008460616227239,0.0065219029784202,0.0131356082856655,-6.796783447265625,-3.145538330078125,-3.191635131835937,1.025390625,-1.847991943359375,0.0807037353515625
2024-12-07,12,2,299.1011047363281,293.57305908203125,-1.2983551025390625,0.52130126953125,85.875,91471.203125,270.0841064453125,282.24560546875,292.7049560546875,0.0004952240269631,0.0081402324140071,0.0124817118048667,-6.634536743164063,-3.0007781982421875,-3.851516723632813,-0.7993011474609375,-1.49481201171875,1.435302734375
2024-12-07,18,3,295.1051025390625,293.481689453125,-1.977081298828125,1.417083740234375,1.5,91624.84375,270.558837890625,282.9144897460937,291.8175048828125,0.0005127396434545,0.0077684046700596,0.0122525691986083,-7.238189697265625,-2.076034545898437,-2.6409149169921875,-0.9046783447265624,-3.968963623046875,2.54058837890625
2024-12-08,0,0,294.433349609375,292.74029541015625,-1.503326416015625,1.13043212890625,1.125,91516.53125,271.1209716796875,282.3253173828125,291.0694580078125,0.0006039524450898,0.0066066570580005,0.0110623277723789,-6.6265869140625,-3.611282348632813,-0.44012451171875,-3.9512939453125,-3.902175903320313,2.8438720703125
2024-12-08,6,1,299.8690185546875,292.00244140625,-1.2080078125,1.481048583984375,4.375,91708.171875,270.5989990234375,281.4946594238281,290.79742431640625,0.0006269586738198,0.0069625079631805,0.012459710240364,-6.3403167724609375,-4.18255615234375,-1.7331390380859375,-6.173309326171875,-1.5269622802734375,1.743743896484375
2024-12-08,12,2,299.8554382324219,292.8696594238281,-1.186065673828125,1.0058441162109375,2.875,91448.296875,270.14996337890625,282.2919921875,293.1658020019531,0.0007043438963592,0.0072085745632648,0.0116838552057743,-5.6464691162109375,-0.1669769287109375,-3.17327880859375,-5.432159423828125,-4.64581298828125,2.246200561523437
2024-12-08,18,3,294.30255126953125,291.5514831542969,-1.32403564453125,1.5562744140625,0.0,91633.640625,270.52081298828125,282.3450927734375,291.98455810546875,0.0007938707713037,0.0069085545837879,0.0108612366020679,-6.2108917236328125,-2.3800048828125,-1.3118743896484375,-5.5740966796875,-5.6081390380859375,2.224090576171875
2024-12-09,0,0,293.5938415527344,291.3777160644531,-0.9759979248046876,1.308868408203125,0.0,91504.34375,270.8830261230469,281.8687438964844,291.7674865722656,0.0006052483804523,0.0063403509557247,0.0084066614508628,-6.062469482421875,-3.4564208984375,-0.466064453125,-3.7079010009765625,-5.385284423828125,2.022079467773437
2024-12-09,6,1,299.92431640625,291.7838134765625,-0.2754669189453125,0.4408416748046875,0.0,91691.25,270.8248291015625,281.637939453125,291.3019714355469,0.0004791608080267,0.0068118721246719,0.0111792087554931,-6.2611083984375,-5.2065277099609375,-0.7355499267578125,-5.527435302734375,-3.3477783203125,0.0712738037109375
2024-12-09,12,2,299.5843200683594,292.8214111328125,-0.7187042236328125,-1.20355224609375,7.5,91436.921875,269.0434875488281,282.39508056640625,293.4478454589844,0.0003015229012817,0.0070301555097103,0.011470902711153,-5.5933685302734375,-3.2981719970703125,-2.5973052978515625,-5.0443878173828125,-4.8770751953125,-2.814788818359375
2024-12-09,18,3,295.0094909667969,292.1102905273437,-2.027740478515625,0.55523681640625,0.0,91653.828125,269.4721984863281,282.2008056640625,291.1993408203125,0.0002629023510962,0.0054800882935523,0.0120921526104211,-7.4385223388671875,-4.5156097412109375,-3.723419189453125,-6.4734954833984375,-5.9810943603515625,0.8386688232421875
2024-12-10,0,0,293.08209228515625,291.63067626953125,-1.2318267822265625,-0.433868408203125,0.0625,91460.75,269.979736328125,281.4057922363281,291.4840087890625,0.0002076718665193,0.0046995021402835,0.0104232765734195,-5.105255126953125,-6.189132690429688,-2.349517822265625,-5.728363037109375,-4.902359008789063,-3.157501220703125
2024-12-10,6,1,299.3780822753906,291.82647705078125,-2.6763458251953125,-1.5550079345703125,0.0,91690.984375,269.59747314453125,281.4908752441406,290.47979736328125,0.0002319019986316,0.0048767700791358,0.011302750557661,-5.8914794921875,-6.2431640625,-4.2407073974609375,-6.82232666015625,-1.24871826171875,-2.54962158203125
2024-12-10,12,2,298.7994384765625,291.49090576171875,-1.799591064453125,-1.66839599609375,8.25,91430.90625,269.6702880859375,282.90313720703125,292.2048034667969,0.0001982628455152,0.0057325959205627,0.0116544589400291,-5.8966217041015625,-4.6163177490234375,-4.9633331298828125,-5.04486083984375,-0.1778717041015625,-4.3954925537109375
2024-12-10,18,3,294.55889892578125,291.3759460449219,-2.44775390625,-1.11175537109375,1.125,91725.703125,269.4541015625,282.72998046875,291.6828918457031,0.000188599093235,0.0051956363022327,0.0101621001958847,-5.286285400390625,-3.22216796875,-5.6761474609375,-3.26165771484375,-1.9739227294921875,-4.535247802734375
2024-12-11,0,0,294.1108093261719,291.6293640136719,-2.554168701171875,-2.3175048828125,0.0,91544.046875,269.4903564453125,283.4067687988281,290.33966064453125,0.0001457170001231,0.0051214769482612,0.008186250925064,-5.3341064453125,-2.3685302734375,-8.62298583984375,-6.589035034179688,-0.56719970703125,-6.74810791015625
2024-12-11,6,1,297.91455078125,291.466552734375,-4.212814331054688,-2.618408203125,0.0,91739.46875,269.1671142578125,283.763427734375,290.0842590332031,0.0003798438701778,0.0041786469519138,0.0115800090134143,-8.6558837890625,-3.934494018554688,-6.9976959228515625,-5.490631103515625,-3.31396484375,-4.081466674804688
2024-12-11,12,2,297.3448181152344,291.2189025878906,-1.7775421142578125,-1.6630401611328125,0.0,91443.96875,268.77032470703125,283.2381286621094,290.08380126953125,0.0025824406184256,0.0089584961533546,0.0122623927891254,-9.032394409179688,-10.392852783203123,-4.5650634765625,-4.386627197265625,-2.8157501220703125,-5.334381103515625
2024-12-11,18,3,294.806396484375,292.1628723144531,-1.9846343994140625,-2.658111572265625,0.0,91571.5625,269.5310974121094,283.44317626953125,290.0826721191406,0.0041337497532367,0.0085055604577064,0.0120015703141689,-10.589828491210938,-9.615524291992188,-8.776504516601562,-1.3126983642578125,-1.4645538330078125,-6.62628173828125
2024-12-12,0,0,293.9872436523437,292.689453125,-2.931747436523437,-1.6140594482421875,3.0,91432.140625,268.823486328125,283.0468139648437,288.9654235839844,0.0050962343811988,0.0090767741203308,0.0125595144927501,-4.99365234375,-6.3963470458984375,-11.19256591796875,5.2105712890625,-0.467864990234375,-5.1905059814453125
2024-12-12,6,1,295.0544128417969,293.8817138671875,-2.319076538085937,-1.6330413818359375,114.5,91690.109375,268.8602294921875,283.30108642578125,289.1123046875,0.0055153761059045,0.0098787285387516,0.0133556723594665,-12.181259155273438,-9.12445068359375,-12.004302978515623,4.301193237304688,-1.545013427734375,-3.7866058349609375
2024-12-12,12,2,294.9437561035156,293.759765625,-3.4014129638671875,-2.588470458984375,71.0,91418.8125,268.91668701171875,284.3060607910156,289.7991638183594,0.0051867477595806,0.009309247136116,0.0138920657336711,-5.651947021484375,-10.256149291992188,-12.175979614257812,2.528106689453125,-0.7854156494140625,-3.692794799804688
2024-12-12,18,3,294.0838317871094,293.11895751953125,-3.8799896240234375,-2.3097381591796875,12.25,91643.453125,268.8697509765625,284.1600952148437,289.8253173828125,0.003981864079833,0.0089387334883213,0.0140237472951412,-6.907516479492188,-8.823379516601562,-11.92333984375,5.8024444580078125,-1.732330322265625,-3.005859375
2024-12-13,0,0,294.287841796875,292.9545288085937,-3.982131958007813,-1.368499755859375,14.0,91415.796875,268.79180908203125,284.708251953125,289.30523681640625,0.0046904440969228,0.0081982687115669,0.0135831944644451,-7.011001586914063,-7.6220703125,-11.87054443359375,2.1450958251953125,-0.8298187255859375,-0.2493743896484375
2024-12-13,6,1,296.0739440917969,292.14178466796875,-5.029052734375,-0.968780517578125,4.625,91696.46875,268.8958740234375,282.9716796875,289.1096496582031,0.0027288536075502,0.0094067342579364,0.0130521990358829,-10.91241455078125,-7.06390380859375,-8.662887573242188,-1.6443939208984375,3.437896728515625,-0.6576995849609375
2024-12-13,12,2,296.7857666015625,291.6106262207031,-2.5178985595703125,-1.005584716796875,0.375,91450.875,269.4985656738281,283.50653076171875,290.51171875,0.0018910707440227,0.009266298264265,0.0128955580294132,-11.614517211914062,-5.74481201171875,-7.8948974609375,-1.3530731201171875,5.708038330078125,-2.915069580078125
2024-12-13,18,3,294.58837890625,292.5799255371094,-2.6958160400390625,-1.1022186279296875,2.875,91734.234375,269.8777770996094,282.6942749023437,289.2335205078125,0.0016507778782397,0.0096284076571464,0.0132326912134885,-9.296966552734377,-6.1339874267578125,-8.299118041992188,3.191680908203125,2.336273193359375,-3.06390380859375
2024-12-14,0,0,293.7108154296875,291.7613525390625,-2.543182373046875,-1.2669830322265625,2.25,91608.46875,269.101318359375,283.2178955078125,290.31475830078125,0.0018150052055716,0.0076911263167858,0.0100959725677967,-9.89459228515625,-4.595504760742188,-8.790496826171875,1.705596923828125,-1.637725830078125,-3.027069091796875
2024-12-14,6,1,297.2239990234375,291.29229736328125,-3.708694458007813,-1.533172607421875,0.0,91790.375,267.7392883300781,284.0627746582031,288.93316650390625,0.0020227825734764,0.0055622607469558,0.011210061609745,-10.198944091796877,-6.11737060546875,-7.001739501953125,-0.1337738037109375,0.53118896484375,-2.7330780029296875
2024-12-14,12,2,297.04644775390625,291.57147216796875,-2.7334442138671875,-1.40008544921875,1.125,91581.75,267.89898681640625,283.937744140625,290.76104736328125,0.0024543143808841,0.0039854869246482,0.0117717795073986,-8.656494140625,-5.814605712890625,-6.130096435546875,-4.9132232666015625,-4.605072021484375,-3.4010162353515625
2024-12-14,18,3,291.9237670898437,290.6458740234375,-3.0349578857421875,-0.4642181396484375,0.0,91857.28125,268.07830810546875,285.69793701171875,288.7213439941406,0.0018543456681072,0.0013743203599005,0.0096908919513225,-9.095932006835938,-10.299346923828123,-5.568206787109375,-4.416259765625,-5.10089111328125,-3.126434326171875
2024-12-15,0,0,291.506103515625,289.6579284667969,-2.4508056640625,-0.6084136962890625,0.0,91704.453125,269.532470703125,285.21697998046875,289.1038818359375,0.0011029003653675,0.004089917987585,0.0025026907678693,-9.394256591796877,-9.288070678710938,-10.248870849609377,-5.4818115234375,-4.426300048828125,-2.4822235107421875
2024-12-15,6,1,296.2121887207031,289.09637451171875,-3.47698974609375,-1.115081787109375,0.0,91974.34375,270.3558959960937,285.4862060546875,286.11993408203125,0.000684815691784,0.0022230548784136,0.0096230395138263,-9.702850341796877,-9.350570678710938,-6.320724487304688,-3.2023468017578125,-3.1107940673828125,-1.8186798095703125
2024-12-15,12,2,296.6386413574219,289.400390625,-2.109893798828125,-1.1551666259765625,0.0,91675.171875,269.9078369140625,284.6159973144531,289.25811767578125,0.0003746133297681,0.0011462615802884,0.0103109739720821,-7.8183441162109375,-7.8390960693359375,-6.1555938720703125,-2.6051788330078125,-2.5072479248046875,-3.055755615234375
2024-12-15,18,3,290.96051025390625,289.2433166503906,-1.9942779541015625,-0.80303955078125,0.0,91865.78125,270.4017028808594,284.76348876953125,287.05029296875,0.0003085697535425,0.0011878162622451,0.0102499313652515,-7.849472045898437,-9.1131591796875,-6.0928497314453125,-2.6295928955078125,-2.76947021484375,-1.3591156005859375
2024-12-16,0,0,291.56884765625,289.673828125,-1.8160858154296875,-1.685272216796875,1.5,91670.453125,270.65533447265625,285.21026611328125,289.03778076171875,0.0001222385035362,0.0010208410676568,0.0022296167444437,-10.433349609375,-8.163711547851562,-7.7014312744140625,0.8025665283203125,-2.3241729736328125,-3.354476928710937
2024-12-16,6,1,296.45587158203125,286.61199951171875,-2.5435028076171875,-1.2309722900390625,0.0,91820.75,271.08575439453125,285.65216064453125,288.3654479980469,0.0001085236435756,0.0008702562190592,0.0058598443865776,-11.660491943359377,-7.85577392578125,-5.89581298828125,2.6488494873046875,-3.207977294921875,-1.5020599365234375
2024-12-16,12,2,297.3524780273437,289.2703552246094,-1.641204833984375,-0.8782806396484375,0.0,91520.875,269.8417663574219,285.71160888671875,290.2576904296875,0.000319029437378,0.0008811922743916,0.009565345942974,-10.6585693359375,-4.858078002929688,-5.024093627929688,1.48614501953125,-2.398162841796875,-2.4178619384765625
2024-12-16,18,3,290.3314208984375,288.6728515625,-1.5617218017578125,-1.2117919921875,0.0,91731.203125,270.43408203125,285.2876281738281,291.8572998046875,0.0003712740726768,0.0006786477752029,0.0027096034027636,-10.502838134765623,-4.4762115478515625,-5.825592041015625,0.37274169921875,-0.7587890625,-0.6363525390625
2024-12-17,0,0,289.877685546875,288.3095092773437,-0.7760467529296875,-1.9618988037109373,0.0,91520.96875,270.615478515625,285.3763122558594,291.2813720703125,9.235383186023682e-05,0.0004462492652237,0.0050404481589794,-8.720947265625,-4.169448852539063,-4.408538818359375,-1.2248687744140625,-0.657318115234375,0.168853759765625
2024-12-17,6,1,297.294677734375,289.01348876953125,-1.5852203369140625,-2.02435302734375,0.0,91665.75,269.81793212890625,284.5257263183594,290.82635498046875,2.1515676053240892e-05,0.0020876347552984,0.008817009627819,-8.658370971679688,-1.5765228271484375,-3.3553466796875,-4.513931274414063,-0.0589447021484375,-1.5454559326171875
2024-12-17,12,2,298.85455322265625,291.46356201171875,-0.3389434814453125,-1.2552337646484375,0.0,91414.484375,269.7218322753906,283.92144775390625,292.07135009765625,0.0001019174960674,0.0028999117203056,0.0117406845092773,-5.0324554443359375,-1.1464080810546875,-2.280670166015625,-4.248077392578125,-2.046783447265625,-1.8427581787109373
2024-12-17,18,3,293.72869873046875,290.92236328125,-1.1961822509765625,-1.10577392578125,0.0,91676.5,269.6993713378906,283.0516662597656,290.47760009765625,8.875610365066677e-05,0.0056205578148365,0.0123070664703845,-7.444015502929687,-2.640960693359375,0.2842559814453125,-3.5289306640625,-0.011993408203125,0.3993072509765625
2024-12-18,0,0,292.579833984375,290.861572265625,-1.3054656982421875,-1.6284332275390625,0.0,91477.453125,268.8140563964844,284.63262939453125,290.10955810546875,0.0031245318241417,0.0057914294302463,0.0119416564702987,-5.700531005859375,-0.6644134521484375,-0.6538848876953125,-0.0482635498046875,-0.150970458984375,-3.5159912109375
2024-12-18,6,1,298.51141357421875,293.5097961425781,-1.5222625732421875,-2.7124481201171875,12.125,91532.53125,268.8081359863281,283.5858764648437,291.82403564453125,0.0035175839439034,0.0081547982990741,0.013310857117176,-5.119171142578125,-1.105987548828125,-2.98480224609375,-0.98944091796875,-1.0127105712890625,-4.426925659179688
2024-12-18,12,2,297.251220703125,293.29400634765625,-1.556610107421875,-2.8601226806640625,0.0,91375.609375,269.92169189453125,283.39361572265625,290.864501953125,0.0016038478352129,0.0071619488298892,0.0135486759245395,-3.857208251953125,0.6534576416015625,-5.2846221923828125,-2.4835357666015625,-2.024871826171875,-4.685272216796875
2024-12-18,18,3,294.8204345703125,292.5760498046875,-0.8549957275390625,-2.009506225585937,0.0,91562.390625,269.2435607910156,283.04754638671875,290.52569580078125,0.0019480742048472,0.0067318901419639,0.0127493292093276,-3.678314208984375,-0.726104736328125,-6.486328125,-0.80841064453125,-3.058837890625,-7.091644287109375
2024-12-19,0,0,293.1253356933594,292.0990905761719,-0.9443817138671876,-1.4915313720703125,0.0,91447.09375,269.6424865722656,284.99932861328125,290.3748779296875,0.0016265311278402,0.0043567735701799,0.0120656266808509,-2.134765625,-1.1848297119140625,-5.2040863037109375,-2.0165252685546875,-4.933853149414063,-4.708755493164063
2024-12-19,6,1,298.45220947265625,292.20361328125,-1.1333160400390625,-2.4951171875,5.75,91609.53125,271.1292419433594,282.750732421875,290.3442077636719,0.00033799582161,0.0088596977293491,0.0121308714151382,-3.9779205322265625,-3.7073974609375,-2.2841033935546875,-3.936859130859375,-3.288558959960937,-4.2822265625
2024-12-19,12,2,298.6093139648437,292.5197448730469,-0.5108184814453125,-1.56829833984375,6.75,91283.90625,270.240966796875,283.7969970703125,292.70025634765625,0.0004309928044676,0.0090078972280025,0.0130356922745704,-0.4171600341796875,-1.880218505859375,-0.829559326171875,-2.8488922119140625,-3.09912109375,-4.625762939453125
2024-12-19,18,3,295.7997436523437,292.8371887207031,-0.93505859375,-1.7028350830078125,11.125,91526.15625,270.7581787109375,282.3003234863281,292.14434814453125,0.0001029402046697,0.0091583728790283,0.0124808959662914,-1.7029876708984375,0.616546630859375,1.17279052734375,-4.6389923095703125,-2.247543334960937,-5.881759643554688
2024-12-20,0,0,294.7738037109375,292.922607421875,0.8797607421875,-0.799041748046875,18.25,91407.625,270.0048828125,282.72393798828125,290.8909912109375,0.0001917979680001,0.0070909336209297,0.0124159827828407,0.447174072265625,-0.5820465087890625,2.35321044921875,-2.9392852783203125,-1.6482086181640625,-5.918991088867188
2024-12-20,6,1,299.53271484375,293.2294616699219,0.4797210693359375,-3.529632568359375,6.375,91584.96875,269.3284606933594,283.7479248046875,292.1583251953125,0.0001737509592203,0.0069328099489212,0.0124724246561527,1.6433868408203125,1.1409912109375,0.6587066650390625,-1.6451873779296875,1.967041015625,-5.638519287109375
2024-12-20,12,2,298.7538146972656,292.90338134765625,-0.036224365234375,-2.5617218017578125,11.625,91304.71875,269.8631286621094,283.95849609375,292.30133056640625,0.000164699711604,0.0040169544517993,0.0132793225347995,3.86126708984375,1.8462982177734373,-0.6997528076171875,-0.7837371826171875,1.2772064208984375,-7.24078369140625
2024-12-20,18,3,294.3031005859375,292.601318359375,-0.9260711669921876,-1.416595458984375,62.375,91554.75,270.09234619140625,282.61883544921875,292.20281982421875,0.0001805532374419,0.0031162037048488,0.0120179764926433,4.296890258789063,0.744873046875,0.991851806640625,-1.7049560546875,2.8419952392578125,-2.7288055419921875
2024-12-21,0,0,293.5633544921875,292.0042419433594,-0.2349090576171875,-0.6594085693359375,8.125,91409.125,270.6476745605469,284.8100891113281,291.1688232421875,0.0001478701888117,0.0006622115615755,0.0115800760686397,3.96527099609375,5.0897064208984375,0.54315185546875,-2.702545166015625,-3.2260284423828125,-1.9956817626953125
2024-12-21,6,1,299.30029296875,292.80682373046875,0.7388153076171875,-1.325775146484375,6.875,91616.1875,270.66259765625,285.1619873046875,290.7574462890625,0.0002190995583077,0.0008120643906295,0.0127579011023044,3.55694580078125,6.158477783203125,0.76641845703125,-2.8812255859375,-2.369781494140625,-2.1100311279296875
2024-12-21,12,2,299.9335632324219,292.6253662109375,1.3938751220703125,-0.6086578369140625,5.75,91381.984375,270.3085632324219,284.1280517578125,293.43267822265625,0.0006196936592459,0.0010409629903733,0.0108640678226947,3.2415313720703125,8.079132080078125,1.47686767578125,-5.1588897705078125,-1.1423492431640625,-1.7812652587890625
2024-12-21,18,3,294.3821105957031,291.6887512207031,-1.9442291259765625,-0.929290771484375,50.5,91696.375,269.71942138671875,282.4173889160156,292.0995483398437,0.0007843011990189,0.0023143438156694,0.0114791169762611,1.5709991455078125,6.5680084228515625,-0.4169769287109375,-2.8029937744140625,0.2227020263671875,-1.421600341796875
2024-12-22,0,0,293.1694641113281,291.9281616210937,-0.9737701416015624,0.916900634765625,9.25,91540.609375,269.81298828125,282.83502197265625,290.60321044921875,0.0008634065743535,0.0024044248275458,0.0113606862723827,1.7557525634765625,6.23687744140625,-0.3221282958984375,-1.3029327392578125,0.2072906494140625,0.7315673828125
2024-12-22,6,1,297.7790832519531,291.811279296875,-0.5493011474609375,-0.337066650390625,1.25,91694.421875,270.0111694335937,282.9398803710937,290.5963134765625,0.000562721164897,0.0019803778268396,0.0123259052634239,1.5550079345703125,6.171630859375,-0.69610595703125,-1.781158447265625,0.3095703125,-0.69464111328125
2024-12-22,12,2,298.7110595703125,292.5907287597656,0.8695831298828125,0.211639404296875,13.75,91395.921875,270.4791564941406,282.4003601074219,293.01959228515625,0.0003528043162077,0.0025902090128511,0.0109419673681259,1.01123046875,4.989547729492188,0.6493682861328125,-0.978057861328125,0.3728179931640625,-0.1738433837890625
2024-12-22,18,3,294.4828186035156,291.2859802246094,-3.08880615234375,1.0043792724609375,110.875,91643.734375,269.65875244140625,282.88922119140625,289.9861755371094,0.0002966762986034,0.0019138136412948,0.0129473395645618,1.502593994140625,3.780364990234375,-4.286712646484375,-2.8022003173828125,3.065277099609375,3.613006591796875
2024-12-23,0,0,293.618896484375,292.1307983398437,-1.686309814453125,1.4313507080078125,3.0,91516.765625,270.25946044921875,282.5567626953125,289.90777587890625,0.0002053685166174,0.0037994240410625,0.0119250640273094,-1.4415130615234375,3.8181304931640634,-1.527618408203125,-0.9459381103515624,1.303497314453125,3.098373413085937
2024-12-23,6,1,298.46148681640625,291.5576171875,-2.3329315185546875,1.0075836181640625,13.625,91696.09375,270.13677978515625,283.5228881835937,289.7917785644531,0.0002125307510141,0.0029255647677928,0.0119814462959766,-0.195526123046875,2.05743408203125,-3.3241119384765625,-1.7988739013671875,2.376449584960937,1.177581787109375
2024-12-23,12,2,298.4554443359375,291.5876159667969,-0.3235321044921875,0.973358154296875,25.75,91411.84375,270.76129150390625,283.306396484375,291.0193786621094,0.0002594835823401,0.0046041533350944,0.0117516815662384,-0.1014251708984375,1.7412261962890625,-2.1402740478515625,-0.96551513671875,1.88720703125,1.7495269775390625
2024-12-23,18,3,293.4169921875,291.7471008300781,-1.99908447265625,-0.20831298828125,13.75,91607.1875,270.2581787109375,284.94976806640625,289.9215087890625,0.0002799155190587,0.0016354115214198,0.0113531053066253,1.7498626708984375,-3.1171417236328125,-5.2978057861328125,0.011688232421875,4.4813232421875,0.6292724609375
2024-12-24,0,0,291.723388671875,290.1753845214844,-1.4808807373046875,-0.373565673828125,0.0,91459.015625,270.3606872558594,284.9859619140625,289.54833984375,0.0002814328763633,0.0016281164716929,0.010378886014223,0.8096771240234375,-1.018402099609375,-1.9138946533203125,0.4989166259765625,7.885848999023437,-0.38580322265625
2024-12-24,6,1,299.0545654296875,289.6966857910156,-0.913177490234375,-1.1270599365234375,0.0,91672.484375,270.270751953125,283.99346923828125,290.13787841796875,0.0002581805456429,0.0015865387395024,0.0107862055301666,1.786102294921875,-1.8094024658203125,-1.270965576171875,-0.40069580078125,5.223724365234375,-1.5728607177734375
2024-12-24,12,2,299.2366638183594,290.5421142578125,0.0587310791015625,-0.3810577392578125,10.75,91404.984375,271.6393127441406,283.6603088378906,292.7139892578125,0.0001905820099636,0.0008970031049102,0.010433979332447,0.472076416015625,0.746673583984375,0.49029541015625,-0.124298095703125,1.2830963134765625,-0.87750244140625
2024-12-24,18,3,293.2381286621094,291.0082397460937,-1.909515380859375,-1.5068817138671875,0.0,91667.578125,269.9390869140625,284.844482421875,290.742919921875,0.0002314411831321,0.00072090793401,0.0105490162968635,3.2875213623046875,-2.942840576171875,-0.4875030517578125,3.315948486328125,1.6070404052734375,-0.7655029296875
2024-12-25,0,0,292.528564453125,291.1629943847656,-1.2034149169921875,-1.5096435546875,0.0,91504.484375,268.255615234375,286.2725830078125,291.0501708984375,0.000339706428349,0.0007101069204509,0.0090312287211418,3.319564819335937,0.54583740234375,0.655364990234375,2.113510131835937,3.9506683349609375,-4.000579833984375
2024-12-25,6,1,297.531494140625,291.5753173828125,-1.2480926513671875,-1.6809844970703125,0.125,91765.109375,268.4378662109375,285.6077880859375,290.21368408203125,0.0002940481062978,0.0007289787754416,0.0114643573760986,2.8485107421875,0.7879486083984375,-1.9154815673828125,0.040740966796875,3.65399169921875,-2.5322418212890625
2024-12-25,12,2,296.9036865234375,292.8236083984375,-1.3711090087890625,-1.9135894775390625,72.75,91595.859375,269.4951171875,283.9179077148437,290.42535400390625,0.0002509788610041,0.0025989774148911,0.0131957121193408,1.8190155029296875,-0.22320556640625,-1.5708465576171875,0.0437469482421875,-0.2649078369140625,-3.0126495361328125
2024-12-25,18,3,294.46453857421875,292.7209167480469,-1.498931884765625,-2.478118896484375,65.625,91839.78125,268.6443786621094,284.1524658203125,290.03106689453125,0.0002840729430317,0.0023590710479766,0.0134627893567085,3.1753082275390625,-3.62469482421875,-4.279022216796875,-0.0353546142578125,0.6808013916015625,-4.1896514892578125
2024-12-26,0,0,294.2030639648437,292.802734375,-1.367645263671875,-2.581634521484375,19.375,91720.75,268.90631103515625,283.45867919921875,289.8247985839844,0.0003050754312425,0.0038241937290877,0.0126541778445243,0.9735870361328124,-6.76751708984375,-8.34320068359375,0.3149566650390625,3.574859619140625,-4.245147705078125
2024-12-26,6,1,296.8783874511719,293.904296875,-2.6761016845703125,-2.32183837890625,254.5,91940.8125,267.9532470703125,282.8375244140625,290.2808837890625,0.0003455539699643,0.0086690932512283,0.0140547938644886,-0.8022003173828125,-8.332855224609375,-8.802688598632812,1.37579345703125,1.0233001708984375,-3.042694091796875
2024-12-26,12,2,296.947265625,293.0655517578125,-3.38446044921875,-1.14129638671875,27.25,91654.125,268.3475036621094,284.7772216796875,290.6020202636719,0.000347537221387,0.0075842104852199,0.0136167332530021,-0.05108642578125,-6.492828369140625,-9.810150146484377,1.9701995849609373,1.511138916015625,-1.26812744140625
2024-12-26,18,3,294.7269287109375,293.04559326171875,-3.590057373046875,-0.4218597412109375,14.875,91919.859375,269.4916687011719,282.8819580078125,289.9984130859375,0.0002662618644535,0.0088789723813533,0.0123619884252548,0.2613983154296875,-7.60546875,-11.461212158203123,2.0063934326171875,2.827621459960937,2.495346069335937
2024-12-27,0,0,293.74346923828125,292.34625244140625,-3.8079681396484375,0.976654052734375,11.0,91789.953125,268.321044921875,282.6285400390625,289.66375732421875,0.0007812837138772,0.0069916695356369,0.0123885944485664,-3.0191192626953125,-6.9903717041015625,-9.948135375976562,2.135162353515625,5.103485107421875,3.82720947265625
2024-12-27,6,1,297.3261413574219,294.1422119140625,-4.5418243408203125,1.139251708984375,59.125,92049.796875,267.962158203125,282.3110656738281,290.0902099609375,0.0010867780074477,0.0105114169418811,0.0136601887643337,-1.743896484375,-7.872406005859375,-8.439453125,3.2596435546875,4.197021484375,2.31427001953125
2024-12-27,12,2,294.9412841796875,293.3439636230469,-3.1555633544921875,0.017974853515625,13.625,91844.953125,267.9355163574219,282.2279968261719,289.935546875,0.0013676004018634,0.0097868554294109,0.0127811171114444,0.4994354248046875,-6.138214111328125,-9.427108764648438,1.723541259765625,2.5200347900390625,0.4338836669921875
2024-12-27,18,3,293.317138671875,292.0482177734375,-3.255599975585937,-0.094940185546875,0.375,92020.4375,268.5106201171875,281.92236328125,290.61590576171875,0.0012703393585979,0.0089257471263408,0.0068048387765884,1.6166839599609375,-3.0027313232421875,-10.29681396484375,1.636444091796875,0.258331298828125,0.6549224853515625
2024-12-28,0,0,292.283935546875,290.68182373046875,-3.4446563720703125,0.5925140380859375,1.375,91831.25,268.1955871582031,282.5028381347656,289.640625,0.0009596666786819,0.007036704570055,0.0075523890554904,0.2738189697265625,-1.621978759765625,-10.925155639648438,0.848724365234375,-3.134750366210937,1.2634735107421875
2024-12-28,6,1,297.2585754394531,290.95556640625,-3.538299560546875,0.68267822265625,0.0,92028.078125,268.196533203125,283.1904602050781,288.5220031738281,0.001175336074084,0.0053028315305709,0.0107596367597579,1.2118072509765625,-4.644454956054688,-6.053863525390625,1.3996429443359375,-4.95050048828125,1.152069091796875
2024-12-28,12,2,297.86785888671875,290.07989501953125,-2.03167724609375,0.4782867431640625,0.0,91725.9375,268.7215576171875,283.9444580078125,291.24468994140625,0.0010824555065482,0.0045223794877529,0.0103817731142044,2.64471435546875,-3.3116912841796875,-5.43048095703125,-0.7574615478515625,-4.625762939453125,1.61029052734375
2024-12-28,18,3,292.9345092773437,291.19415283203125,-2.7553863525390625,0.2222137451171875,0.0,91948.671875,269.09228515625,284.055419921875,289.4823303222656,0.0014286555815488,0.0032347713131457,0.0104906372725963,2.9793243408203125,-2.838653564453125,-4.3766937255859375,1.8523406982421875,-5.089859008789063,-0.213134765625
2024-12-29,0,0,292.3809509277344,291.1100769042969,-3.28582763671875,-0.7312164306640625,3.0,91876.3125,268.5127258300781,282.46392822265625,289.388916015625,0.0008782835211604,0.0026828402187675,0.0080579668283462,4.4007720947265625,-5.8126220703125,-4.7264251708984375,-0.6058502197265625,-4.184860229492188,-0.258636474609375
2024-12-29,6,1,298.34765625,289.48956298828125,-2.75042724609375,-0.297210693359375,0.0,91993.546875,268.1713256835937,282.809326171875,289.3622436523437,0.0002414601913187,0.0020716274157166,0.009129986166954,3.7641754150390634,-7.6737060546875,-5.0181884765625,-3.741546630859375,-2.394027709960937,-0.1772918701171875
2024-12-29,12,2,298.5331420898437,290.1121520996094,-1.9195709228515625,-0.869140625,0.0,91709.3125,268.1981811523437,282.6789855957031,291.91876220703125,0.0001822316844481,0.001646569231525,0.0105439573526382,2.773178100585937,-5.2550811767578125,-5.155319213867188,-6.048828125,0.409637451171875,-2.406402587890625
2024-12-29,18,3,292.8210144042969,290.3945617675781,-2.54815673828125,-1.1873931884765625,0.0,91932.953125,268.647216796875,283.3524780273437,291.1629333496094,9.259644139092416e-05,0.001997833373025,0.0085945427417755,-1.8919677734375,-4.166778564453125,-6.5028228759765625,-10.77996826171875,0.8136749267578125,-2.329742431640625
2024-12-30,0,0,292.40887451171875,290.609130859375,-1.6385345458984375,-1.7415008544921875,0.0,91814.421875,269.0550842285156,282.36865234375,289.3256225585937,0.0001388287055306,0.0045044794678688,0.0117055140435695,-3.143539428710937,-5.27655029296875,-9.437393188476562,-12.118637084960938,2.429306030273437,-2.761581420898437
2024-12-30,6,1,298.3778381347656,291.6054382324219,-5.02752685546875,-0.4293975830078125,2.375,91983.859375,268.7950744628906,282.8912048339844,290.71343994140625,0.0001629906910238,0.0037506648804992,0.0120987743139266,-6.424407958984375,-4.620162963867188,-8.397079467773438,-11.93255615234375,1.1342926025390625,-0.2432403564453125
2024-12-30,12,2,297.9465637207031,292.1304931640625,-3.3647918701171875,-0.74066162109375,7.625,91731.265625,268.9163818359375,284.1332702636719,290.2186889648437,0.0002346350811421,0.003098732791841,0.0126623064279556,-7.7573394775390625,-4.547698974609375,-7.595870971679687,-11.068511962890623,0.139312744140625,-1.6368255615234375
2024-12-30,18,3,293.9009704589844,290.53057861328125,-3.14508056640625,-1.5878448486328125,0.0,92019.734375,268.24859619140625,282.9520263671875,289.7586364746094,0.0002032801421592,0.0017789965495467,0.0098183117806911,-9.523681640625,-5.3858642578125,-11.863510131835938,-8.77197265625,-3.16607666015625,-1.6449127197265625
2024-12-31,0,0,291.98809814453125,287.1200256347656,-2.811126708984375,-1.3235321044921875,0.0,91867.734375,267.2646484375,283.4242858886719,289.91851806640625,0.0002313266595592,0.0009265046101063,0.0088182128965854,-9.136062622070312,-7.362014770507812,-11.876907348632812,-7.815399169921875,-1.87982177734375,-0.5414581298828125
2024-12-31,6,1,299.6205444335937,287.7447509765625,-4.6363525390625,-0.9553375244140624,0.0,92027.90625,267.5289001464844,283.77545166015625,290.24053955078125,0.0002608746872283,0.0007402808405458,0.00941938534379,-9.940032958984377,-8.001327514648438,-9.681060791015623,-9.394302368164062,-2.905868530273437,-1.41778564453125
2024-12-31,12,2,298.6634826660156,289.0206298828125,-2.3685760498046875,-0.1013641357421875,0.0,91697.53125,268.61529541015625,284.8773193359375,291.4794921875,0.0002188289945479,0.0006716933567076,0.0094421505928039,-8.99365234375,-8.688461303710938,-6.3267669677734375,-7.716033935546875,-4.1627960205078125,-0.826263427734375
2024-12-31,18,3,292.79803466796875,290.10009765625,-2.6851959228515625,-1.1255035400390625,0.0,91955.046875,269.20623779296875,284.14862060546875,289.1427001953125,0.0001851707347668,0.0008432029280811,0.0088090784847736,-10.928939819335938,-10.599151611328123,-5.509857177734375,-5.324996948242188,-3.9014892578125,-3.2925567626953125
2025-01-01,0,0,291.52734375,288.7336730957031,-2.6063385009765625,-1.7306060791015625,0.0,91739.953125,270.15142822265625,285.7677001953125,288.5943603515625,0.000208548415685,0.0008047034498304,0.0059988461434841,-10.402587890625,-10.894882202148438,-8.595794677734375,-4.377288818359375,-4.5307464599609375,-5.202117919921875
2025-01-01,6,1,298.00250244140625,288.3964538574219,-4.2827911376953125,-1.7070159912109375,0.0,91911.40625,269.21142578125,284.9291687011719,288.954833984375,0.0002604066394269,0.0008194390684366,0.0093184411525726,-12.075820922851562,-11.91204833984375,-7.452362060546875,-2.485137939453125,-5.3658294677734375,-2.73797607421875
2025-01-01,12,2,298.1515808105469,289.15869140625,-2.774017333984375,-0.62176513671875,0.0,91604.359375,268.5605163574219,285.33502197265625,291.02752685546875,0.000223695882596,0.0006529532838612,0.0102562420070171,-11.604034423828123,-12.597198486328123,-6.665695190429688,-3.321273803710937,-3.11590576171875,-1.7448577880859375
2025-01-01,18,3,292.22265625,290.15869140625,-2.333038330078125,-0.4296112060546875,0.0,91856.40625,267.9661865234375,285.1220703125,288.4914245605469,0.000188160513062,0.0008291560225188,0.0104914829134941,-13.170486450195312,-13.829803466796877,-5.5745391845703125,-2.325592041015625,-5.02130126953125,-2.609100341796875
2025-01-02,0,0,291.5130920410156,289.6629943847656,-2.947509765625,-0.769500732421875,0.125,91679.109375,268.3011474609375,285.6025390625,289.02215576171875,0.0001761555176926,0.0008097229292616,0.0037575266323983,-11.686111450195312,-13.718521118164062,-10.250564575195312,-2.1492919921875,-4.1231689453125,-5.096588134765625
2025-01-02,6,1,297.55303955078125,288.0020446777344,-4.007049560546875,-0.474945068359375,0.0,91881.140625,268.1771545410156,284.99267578125,288.4047241210937,0.0002148848725482,0.0007938935887068,0.0091167911887168,-12.936492919921877,-14.683364868164062,-7.079803466796875,-2.3892822265625,-3.469955444335937,-1.1889495849609375
2025-01-02,12,2,297.42449951171875,288.216796875,-2.369979858398437,-0.0064239501953125,0.0,91633.078125,268.3143310546875,285.06207275390625,290.63873291015625,0.0003064282936975,0.0008909851312637,0.0095471963286399,-14.227005004882812,-14.622573852539062,-5.876495361328125,-4.4349365234375,-2.850982666015625,-0.6636505126953125
2025-01-02,18,3,291.3168029785156,288.84381103515625,-2.30865478515625,-0.0349578857421875,0.0,91912.734375,268.6495056152344,285.2008056640625,287.7339172363281,0.0002986751496791,0.000998378265649,0.010236021131277,-15.948806762695312,-14.140594482421877,-4.682785034179688,-0.7208251953125,-1.0407562255859375,-1.025634765625
2025-01-03,0,0,292.114990234375,290.1253662109375,-2.263946533203125,-0.9477081298828124,2.125,91759.828125,268.7518005371094,284.91229248046875,287.6724853515625,0.0003488386282697,0.0008870637975633,0.0049226880073547,-16.667022705078125,-12.261489868164062,-5.401763916015625,2.08917236328125,-0.6115570068359375,-5.3117523193359375
2025-01-03,6,1,296.91424560546875,286.316162109375,-4.290435791015625,-1.5137176513671875,0.0,91923.109375,268.1114501953125,285.1741027832031,287.7532958984375,0.0003602730575948,0.0009064271580427,0.0087679401040077,-17.286880493164062,-10.964309692382812,-7.742050170898437,3.266754150390625,-1.2963409423828125,-2.5708160400390625
2025-01-03,12,2,296.98602294921875,287.30914306640625,-3.014144897460937,-0.4656524658203125,0.0,91603.21875,268.69580078125,285.7338562011719,290.34033203125,0.0003390412312,0.0008831801824271,0.0087480209767818,-14.47259521484375,-11.12335205078125,-7.4304656982421875,4.996017456054688,-1.200286865234375,-1.840240478515625
2025-01-03,18,3,290.5857238769531,288.430908203125,-1.9038238525390625,0.069091796875,0.0,91786.828125,269.42193603515625,285.3682861328125,289.6436462402344,0.000298736966215,0.00094575737603,0.0040354379452764,-13.567535400390623,-11.803680419921877,-7.905303955078125,6.0696563720703125,-0.0446624755859375,-1.8526458740234373
2025-01-04,0,0,289.0694580078125,287.7992553710937,-2.12591552734375,-0.17999267578125,0.0,91643.4375,269.5157470703125,285.480712890625,290.59149169921875,0.0002215272397734,0.0006960593163967,0.0015513417311012,-12.227005004882812,-10.616714477539062,-10.138504028320312,7.680694580078125,0.323455810546875,-0.3685302734375
2025-01-04,6,1,295.77520751953125,285.6459045410156,-3.4940338134765625,0.46368408203125,0.0,91855.359375,268.69287109375,285.7725830078125,287.0919494628906,0.000187139652553,0.0005714716389775,0.0071194656193256,-13.40850830078125,-8.132965087890625,-6.7377471923828125,7.501312255859375,2.8382110595703125,0.60394287109375
2025-01-04,12,2,297.536376953125,286.9765319824219,-1.8618011474609373,0.415557861328125,0.0,91509.390625,268.5397644042969,286.2469177246094,290.4003295898437,0.0001589159801369,0.0006033510435372,0.0085669234395027,-9.115234375,-5.83599853515625,-5.089141845703125,9.466751098632812,1.4929351806640625,0.109039306640625
2025-01-04,18,3,290.5626220703125,288.38287353515625,-1.9263153076171875,0.82366943359375,0.0,91794.96875,268.6240234375,285.4667663574219,288.2618103027344,0.0001289309293497,0.0006781562697142,0.0090769603848457,-8.54034423828125,-7.872940063476562,-1.2208709716796875,9.358261108398438,-0.0815277099609375,-0.250885009765625
2025-01-05,0,0,289.5381774902344,288.0059814453125,-1.809600830078125,-0.1075439453125,0.0,91668.828125,268.5303955078125,285.63433837890625,288.02178955078125,0.0001222384307766,0.0007288076449185,0.0062373913824558,-6.455337524414063,-6.68707275390625,0.0669097900390625,8.817428588867188,0.4670257568359375,-3.59625244140625
2025-01-05,6,1,296.4852905273437,288.0809326171875,-2.009796142578125,-0.678009033203125,0.0,91824.078125,268.35333251953125,285.4297180175781,288.4476013183594,0.0001325362391071,0.0007464739028364,0.0057698860764503,-5.90704345703125,-7.2042999267578125,-4.123321533203125,8.269180297851562,2.097152709960937,-2.750579833984375
2025-01-05,12,2,298.11968994140625,287.86181640625,-1.3400726318359375,-0.4405975341796875,0.0,91517.421875,268.057373046875,284.3821716308594,291.7232666015625,0.0001248822954948,0.0007389883976429,0.0079001933336257,-5.69970703125,-3.680130004882813,-2.648056030273437,6.9441680908203125,1.653961181640625,-1.740386962890625
2025-01-05,18,3,290.89288330078125,288.868408203125,-2.839706420898437,0.7716064453125,0.0,91748.921875,268.2723388671875,284.8013916015625,289.1253967285156,0.0001429351686965,0.000753786182031,0.0093174874782562,-2.821197509765625,-4.762939453125,-3.60687255859375,6.018112182617188,0.8075103759765625,0.5379791259765625
2025-01-06,0,0,290.4989013671875,289.58355712890625,-1.6749725341796875,0.6226959228515625,0.0,91608.78125,268.6448669433594,284.4903564453125,288.237060546875,0.0001563357509439,0.000570693751797,0.0059183575212955,-2.591522216796875,-3.95245361328125,0.1696624755859375,7.134002685546875,-0.73260498046875,-3.9648284912109375
2025-01-06,6,1,296.61920166015625,288.7016296386719,-1.174835205078125,-0.224273681640625,0.0,91778.515625,268.5712280273437,284.3475952148437,288.185546875,0.0005690075922757,0.0006016928236931,0.0058989226818084,-0.5049591064453125,-2.7079315185546875,-2.61993408203125,5.6136474609375,-1.453369140625,-2.017120361328125
2025-01-06,12,2,298.2398681640625,288.109130859375,-1.051361083984375,0.7371826171875,0.0,91489.328125,268.304443359375,284.51031494140625,291.21173095703125,0.0016070222482085,0.0005363931413739,0.0085106305778026,0.620269775390625,-2.266937255859375,-2.172119140625,2.295074462890625,-4.084747314453125,0.9499664306640624
2025-01-06,18,3,291.0419006347656,287.8748779296875,-2.2250518798828125,1.3035125732421875,0.0,91767.921875,268.60626220703125,284.5702514648437,289.2239990234375,0.0023352918215095,0.0005398639477789,0.0090628378093242,0.8331451416015625,-4.335861206054688,-1.113250732421875,1.7541046142578125,-1.7955169677734375,0.7740020751953125
2025-01-07,0,0,290.46295166015625,288.8056640625,-1.774322509765625,-0.081512451171875,0.0,91631.796875,268.2347106933594,285.5595703125,287.8600158691406,0.0024444283917546,0.0004409009125083,0.0089538507163524,0.3800201416015625,-5.400054931640625,-0.431396484375,-0.1955718994140625,-1.0149383544921875,-0.592010498046875
2025-01-07,6,1,297.4718017578125,289.0047607421875,-1.73626708984375,-0.349609375,0.0,91811.453125,269.0194091796875,284.85528564453125,288.32830810546875,0.0019512637518346,0.0005190819501876,0.0096942344680428,1.607666015625,-2.14105224609375,-2.506088256835937,-2.392852783203125,-0.2709808349609375,-0.9339141845703124
2025-01-07,12,2,298.5092163085937,289.32489013671875,-1.03985595703125,-0.203521728515625,0.0,91466.28125,269.2450866699219,284.19598388671875,291.6348571777344,0.0003494566772133,0.0005019092932343,0.0088250525295734,1.6085968017578125,-0.9517974853515624,-1.7649688720703125,-5.004486083984375,-3.901031494140625,-0.9962005615234376
2025-01-07,18,3,292.24884033203125,288.70831298828125,-2.5663604736328125,-0.3316802978515625,0.0,91689.453125,269.20135498046875,284.88458251953125,289.27618408203125,0.0008553594816476,0.0004793459083884,0.0092962309718132,2.104476928710937,-5.10382080078125,-6.3290557861328125,-4.421432495117188,-2.779296875,0.00042724609375
2025-01-08,0,0,290.6249084472656,289.4778747558594,-1.4730072021484375,-0.47509765625,0.125,91538.359375,268.1398620605469,284.38116455078125,288.1975402832031,0.0008657345315441,0.0004552633035928,0.0079818069934844,0.287200927734375,-4.58050537109375,-3.7908935546875,-3.3067626953125,-1.829681396484375,-3.1410675048828125
2025-01-08,6,1,298.0518798828125,285.218017578125,-2.105331420898437,-1.8282012939453125,0.0,91789.40625,269.38739013671875,284.7787780761719,288.56463623046875,0.0006913610268384,0.000509850680828,0.0072522088885307,0.1990203857421875,-5.951187133789063,-3.17584228515625,1.121856689453125,-0.6941680908203125,-2.827301025390625
2025-01-08,12,2,298.2229919433594,284.6019287109375,-1.623779296875,-0.5887908935546875,0.0,91515.78125,267.90972900390625,284.3031616210937,291.4052734375,0.0007876576855778,0.0005996006075292,0.006166722625494,-0.3227386474609375,-4.053619384765625,-4.2030029296875,-0.2201385498046875,-0.75274658203125,-1.6865081787109375
2025-01-08,18,3,291.0809936523437,286.66326904296875,-3.388702392578125,-0.0201873779296875,0.0,91733.125,267.8748779296875,284.72772216796875,289.06610107421875,0.0007980081718415,0.0006588054820895,0.0068578869104385,0.1997222900390625,-6.899261474609375,-4.2569732666015625,0.835601806640625,-0.117462158203125,-1.420257568359375
2025-01-09,0,0,289.68048095703125,288.3028564453125,-3.406723022460937,-0.588958740234375,0.125,91642.609375,268.2523803710937,285.1805419921875,288.5539855957031,0.0008462998084723,0.0006312683690339,0.0026813161093741,0.551055908203125,-5.182464599609375,-7.17608642578125,-0.768402099609375,4.113815307617188,-0.9505615234375
2025-01-09,6,1,295.9525756835937,285.74908447265625,-4.519439697265625,0.4737091064453125,0.0,91798.21875,269.0036315917969,285.160888671875,287.0772705078125,0.0009585276711732,0.0016282298602163,0.0079470537602901,2.3742828369140625,-3.196517944335937,-7.702972412109375,0.5478515625,6.081573486328125,0.634002685546875
2025-01-09,12,2,297.2791748046875,288.1256408691406,-2.670761108398437,0.8530426025390625,0.0,91602.5,268.600341796875,284.7557373046875,290.2125244140625,0.0009048252832144,0.0034914133138954,0.0095551013946533,1.000885009765625,-1.83203125,-5.17010498046875,3.002059936523437,5.167388916015625,2.0540008544921875
2025-01-09,18,3,292.0669860839844,289.2203369140625,-3.326873779296875,0.865997314453125,0.0,91940.234375,267.801513671875,284.4837646484375,288.4104919433594,0.0008778811898082,0.0026524388231337,0.0099966265261173,-0.91619873046875,-3.057769775390625,-4.780029296875,5.11077880859375,4.594940185546875,2.916290283203125
2025-01-10,0,0,291.0163269042969,289.7788391113281,-3.225555419921875,0.0423736572265625,0.125,91761.53125,268.3486633300781,285.1490783691406,288.5583801269531,0.0005757198669016,0.0023198111448436,0.0082217156887054,1.5562286376953125,-2.1483306884765625,-2.324005126953125,2.631591796875,7.655853271484375,5.4947509765625
2025-01-10,6,1,296.96759033203125,290.06689453125,-2.549057006835937,1.242767333984375,0.0,91951.953125,269.595703125,284.3583374023437,288.31121826171875,0.000680865952745,0.0031965428497642,0.0106209591031074,0.7025604248046875,-0.886505126953125,-3.707839965820313,2.20941162109375,7.976882934570312,2.2228240966796875
2025-01-10,12,2,296.99810791015625,290.8414611816406,-2.89923095703125,2.080596923828125,4.875,91744.1875,269.3301086425781,282.9326477050781,289.9112548828125,0.000673248199746,0.0050727948546409,0.0113603062927722,0.7179107666015625,1.4467010498046875,-4.3321533203125,3.250030517578125,5.2094573974609375,3.093490600585937
2025-01-10,18,3,292.43731689453125,291.47381591796875,-2.966217041015625,1.079498291015625,0.0,91941.8125,268.57000732421875,283.3505859375,290.13531494140625,0.0008080971892923,0.0059539601206779,0.0115542821586132,-1.2092742919921875,1.990570068359375,-3.5076904296875,4.1371612548828125,5.22027587890625,5.419769287109375
2025-01-11,0,0,293.4655456542969,291.1644897460937,-3.203460693359375,0.874176025390625,3.875,91736.78125,269.8382873535156,283.6434936523437,288.9454040527344,0.0006454945541918,0.0046878382563591,0.0107117146253585,2.547958374023437,-1.5228424072265625,-2.320541381835937,2.64324951171875,1.676422119140625,3.8105621337890634
2025-01-11,6,1,296.7431640625,290.7703857421875,-1.9832305908203125,0.38201904296875,1.625,91992.375,268.88238525390625,284.14727783203125,289.52520751953125,0.0007443921640515,0.0036373778712004,0.0110193751752376,2.423583984375,-1.608642578125,-2.556915283203125,-1.8938751220703125,1.99932861328125,0.354095458984375
2025-01-11,12,2,297.3231506347656,290.5364990234375,-1.83203125,0.7653045654296875,10.125,91681.671875,268.1756591796875,284.4100952148437,291.2369079589844,0.0007939331699162,0.0030953981913626,0.0113483257591724,0.39093017578125,0.8997955322265625,-2.828582763671875,-2.6696929931640625,1.3476409912109375,0.739349365234375
2025-01-11,18,3,293.02471923828125,291.48797607421875,-3.38177490234375,0.3306884765625,0.0,91936.765625,269.16241455078125,283.6131591796875,290.0263977050781,0.0005140849389135,0.0024828084278851,0.0116039253771305,-1.954742431640625,-3.7811431884765625,-3.097900390625,-1.5024871826171875,2.1533355712890625,0.9071044921875
2025-01-12,0,0,292.1307373046875,291.04571533203125,-1.933319091796875,0.0035247802734375,7.625,91769.890625,269.1122436523437,283.601806640625,289.9802551269531,0.0003535114228725,0.0019217720255255,0.0100376345217227,0.3307037353515625,-5.6175689697265625,-0.2886810302734375,-4.13385009765625,3.267196655273437,-2.0277862548828125
2025-01-12,6,1,298.2748413085937,290.8638916015625,-1.3257293701171875,-1.376434326171875,0.0,91927.734375,269.0177917480469,282.4495849609375,289.8515014648437,0.0003419395070523,0.0049503594636917,0.0110403969883918,-3.213592529296875,-3.5901031494140625,-2.626678466796875,-4.609893798828125,2.4796905517578125,-2.47039794921875
2025-01-12,12,2,299.95281982421875,290.4608154296875,-2.0706787109375,-0.1667327880859375,8.25,91569.125,269.0243835449219,281.9089660644531,293.5955505371094,0.0003025135956704,0.0039932178333401,0.0103136152029037,-2.39971923828125,-1.1179351806640625,-4.320556640625,-7.1891632080078125,-0.483123779296875,-0.683624267578125
2025-01-12,18,3,293.4801025390625,291.61651611328125,-3.1017303466796875,0.6442413330078125,0.0,91848.3125,269.04425048828125,283.4815673828125,290.71319580078125,0.0003329010214656,0.004389714449644,0.0109311118721961,-2.8587799072265625,-4.3081817626953125,-7.0103302001953125,-5.979034423828125,0.707275390625,-0.2990570068359375
2025-01-13,0,0,293.93756103515625,291.768310546875,-2.664276123046875,-0.4217681884765625,6.5,91635.921875,268.81378173828125,282.7353515625,290.7052307128906,0.0002603896427899,0.0079165138304233,0.0114008411765098,-3.461761474609375,-3.370712280273437,-4.531173706054688,-5.502166748046875,-0.3056793212890625,0.2901153564453125
2025-01-13,6,1,298.333740234375,290.898681640625,-3.3158721923828125,-1.44317626953125,16.875,91776.21875,269.74542236328125,282.8813781738281,290.6166381835937,0.000233932674746,0.0095626786351203,0.0119598470628261,-4.7373809814453125,-5.0736236572265625,-5.315719604492188,-3.666793823242188,1.6021728515625,-2.3958892822265625
2025-01-13,12,2,298.24176025390625,291.9271850585937,-3.556915283203125,0.0404510498046875,2.875,91506.140625,269.18292236328125,282.0971069335937,291.5090637207031,0.0001944753312272,0.0089632384479045,0.012629147619009,-4.949462890625,-5.514373779296875,-6.449554443359375,-5.655929565429688,0.0231475830078125,-1.3672637939453125
2025-01-13,18,3,293.9178466796875,293.0530700683594,-3.256591796875,-0.2627105712890625,76.75,91809.859375,268.67144775390625,281.8426208496094,289.78277587890625,0.0002228530647698,0.0085607916116714,0.0139671638607978,-9.911224365234377,-1.5043487548828125,-6.7902679443359375,-3.164520263671875,-0.8442230224609375,1.2650909423828125
2025-01-14,0,0,293.730224609375,292.1834716796875,-2.9889373779296875,0.2017822265625,7.5,91691.21875,268.9682006835937,281.68243408203125,289.08258056640625,0.0002505879383534,0.0081435292959213,0.0123942829668521,-10.84332275390625,-2.8161773681640625,-6.391769409179688,0.57110595703125,0.27752685546875,2.2982940673828125
2025-01-14,6,1,297.9075927734375,291.5169677734375,-4.671875,-0.0903472900390625,0.0,91913.796875,268.6568908691406,281.6444091796875,289.4266967773437,0.000232539823628,0.0087540969252586,0.012712225317955,-10.578125,-2.4675750732421875,-7.0489501953125,2.9093170166015625,1.1536102294921875,-0.1536865234375
2025-01-14,12,2,297.3962707519531,291.2778015136719,-3.934158325195313,-0.3021087646484375,0.625,91654.171875,268.3467102050781,282.1601257324219,290.3924560546875,0.0006573805585503,0.0083300955593585,0.0121609643101692,-9.221969604492188,-0.962249755859375,-8.122360229492188,4.8816986083984375,0.8351593017578125,-0.9373931884765624
2025-01-14,18,3,292.6744689941406,289.84674072265625,-3.244659423828125,-0.4354705810546875,0.0,91948.390625,267.5316772460937,282.2694702148437,290.47882080078125,0.0031067503150552,0.0073884446173906,0.0054766684770584,-5.21636962890625,-5.05938720703125,-10.70233154296875,6.522384643554688,-0.7158203125,-0.4985809326171875
2025-01-15,0,0,290.8388671875,288.7769470214844,-2.560775756835937,-0.764862060546875,0.0,91779.703125,267.82421875,282.8338623046875,290.9229736328125,0.0039635393768548,0.0052884751930832,0.0049885846674442,-4.358901977539063,-5.2649688720703125,-8.122055053710938,7.0069732666015625,2.412841796875,0.1103668212890625
2025-01-15,6,1,297.5468139648437,288.4376220703125,-3.947845458984375,0.558197021484375,0.0,91997.390625,266.8447265625,282.77899169921875,288.9679870605469,0.0038023176603019,0.0064046457409858,0.0088851824402809,-5.979049682617188,-3.22332763671875,-7.744476318359375,7.4211883544921875,3.2341461181640625,1.4377899169921875
2025-01-15,12,2,297.97906494140625,288.79559326171875,-2.5347900390625,0.049591064453125,0.625,91704.875,267.6788635253906,282.7276306152344,291.395263671875,0.0044314749538898,0.0072024557739496,0.0104096420109272,-2.063873291015625,-3.165756225585937,-6.0489501953125,7.104751586914063,0.7998046875,0.2519073486328125
2025-01-15,18,3,292.7969970703125,289.5211486816406,-4.024566650390625,-0.0035858154296875,0.0,91924.078125,267.24053955078125,283.4263916015625,288.78887939453125,0.0040005804039537,0.0060416758060455,0.010087314993143,-1.566314697265625,-4.558685302734375,-7.4638519287109375,4.709686279296875,1.989166259765625,0.247406005859375
2025-01-16,0,0,290.85284423828125,288.7752990722656,-3.3726348876953125,-0.2436370849609375,0.0,91746.234375,267.735107421875,283.7679138183594,289.7142333984375,0.0034080049954354,0.0042307116091251,0.004415825009346,-3.541961669921875,-4.7088165283203125,-9.092926025390623,5.287643432617188,1.23223876953125,0.41748046875
2025-01-16,6,1,297.6500244140625,288.27105712890625,-4.1240997314453125,0.0946807861328125,0.0,91938.328125,267.9322814941406,283.26763916015625,288.5199584960937,0.0027182486373931,0.0032597268000245,0.009077500551939,-5.204513549804688,-5.815185546875,-7.13067626953125,5.7825927734375,1.519134521484375,-0.28582763671875
2025-01-16,12,2,298.326904296875,287.9999084472656,-2.439727783203125,0.2086029052734375,0.0,91659.515625,268.3675231933594,282.7710266113281,291.2571105957031,0.0024114958941936,0.0039304681122303,0.0096268542110919,-4.5696563720703125,-4.91107177734375,-5.097747802734375,5.275680541992188,2.1555633544921875,-0.119232177734375
2025-01-16,18,3,292.9373779296875,290.0341186523437,-3.533538818359375,0.885406494140625,0.0,91970.34375,268.6543884277344,282.8446655273437,288.49102783203125,0.0005354266613721,0.0034183426760137,0.0109184123575687,-4.9445648193359375,-5.095748901367188,-6.468017578125,6.4703216552734375,0.1631927490234375,0.1961517333984375
2025-01-17,0,0,292.23486328125,289.9857177734375,-2.8389434814453125,-0.50787353515625,7.625,91694.0625,268.8685302734375,282.7373046875,289.8343505859375,0.0013801609165966,0.004097101278603,0.0074048601090908,-5.337310791015625,-5.0691680908203125,-6.7003021240234375,9.029495239257812,-1.7549896240234375,-3.04302978515625
2025-01-17,6,1,297.2197265625,289.1563720703125,-3.7646636962890634,-1.2318267822265625,0.0,91797.765625,268.6343078613281,283.50299072265625,288.4719543457031,0.0018839524127542,0.0040293107740581,0.0104712322354316,-3.501861572265625,-5.9128265380859375,-6.192398071289063,7.017425537109375,-1.1128997802734375,-2.195785522460937
2025-01-17,12,2,297.4892272949219,288.0523376464844,-3.508026123046875,0.6475372314453125,0.0,91536.40625,268.35546875,283.2220458984375,290.8678283691406,0.0024711685255169,0.0044067464768886,0.0097960829734802,-2.107513427734375,-4.2051544189453125,-6.7271728515625,5.81890869140625,-1.472442626953125,0.8192901611328125
2025-01-17,18,3,291.7032470703125,290.0802001953125,-3.6072845458984375,0.002685546875,0.125,91756.890625,268.95587158203125,283.7088928222656,288.3155517578125,0.0024438688997179,0.0035697580315172,0.0105208046734333,-2.2430419921875,-6.239227294921875,-6.963165283203125,5.243377685546875,-0.2361907958984375,-0.9320831298828124
2025-01-18,0,0,291.6451721191406,288.899658203125,-2.7834625244140625,-0.63543701171875,1.875,91615.03125,269.20477294921875,284.0157470703125,288.8782958984375,0.0023564838338643,0.0020239853765815,0.0064785927534103,-3.08477783203125,-5.573394775390625,-8.58331298828125,5.19708251953125,-0.620513916015625,-1.87493896484375
2025-01-18,6,1,297.01141357421875,288.489013671875,-3.086700439453125,-0.876800537109375,0.0,91784.15625,268.1833190917969,283.96453857421875,288.3572082519531,0.0024740099906921,0.0013416393194347,0.0095025934278965,-5.927398681640625,-6.543716430664063,-5.5979766845703125,4.7730560302734375,0.356536865234375,-1.46240234375
2025-01-18,12,2,298.4333801269531,288.6851501464844,-2.892578125,0.1333465576171875,0.0,91492.953125,268.0030212402344,282.40093994140625,291.5498962402344,0.0022991369478404,0.0081065893173217,0.010477390140295,-6.367691040039063,-6.330825805664063,-6.4079132080078125,0.58319091796875,5.2907257080078125,-0.3711090087890625
2025-01-18,18,3,293.7369689941406,288.60552978515625,-2.80908203125,-1.301727294921875,1.375,91725.671875,267.61572265625,282.6146240234375,290.5574645996094,0.0039753355085849,0.0083984471857547,0.0118188150227069,-8.778854370117188,-6.020538330078125,-6.1185302734375,3.0903472900390625,2.5152587890625,0.5054168701171875
2025-01-19,0,0,292.8636169433594,289.61279296875,-2.230453491210937,-1.623321533203125,0.125,91633.3125,267.52496337890625,281.70672607421875,289.721923828125,0.0045982040464878,0.009671377018094,0.0128034502267837,-6.019378662109375,-7.51544189453125,-8.422088623046875,3.651901245117188,2.8681182861328125,-0.18853759765625
2025-01-19,6,1,295.7772827148437,290.6308288574219,-2.5142364501953125,-1.8543243408203125,10.5,91902.3125,267.6820983886719,282.4560546875,289.1747131347656,0.0047427602112293,0.0098476745188236,0.0130960457026958,-6.8885498046875,-7.551101684570312,-10.379974365234377,1.707916259765625,0.4524383544921875,-2.62225341796875
2025-01-19,12,2,294.9623413085937,292.59228515625,-2.970001220703125,-1.263092041015625,1.625,91603.078125,267.17755126953125,282.030517578125,289.50006103515625,0.0040729544125497,0.0084450915455818,0.0129314679652452,-4.517852783203125,-6.900146484375,-6.6535186767578125,-1.5992279052734375,-3.47259521484375,-1.662933349609375
2025-01-19,18,3,293.35125732421875,292.3201599121094,-1.8456878662109373,-0.289642333984375,0.0,91807.8125,267.5927429199219,282.52276611328125,289.7142639160156,0.0033646146766841,0.0057545565068721,0.011983573436737,-5.6186370849609375,-5.852569580078125,-4.51458740234375,-4.161285400390625,-4.002655029296875,-2.5390625
2025-01-20,0,0,291.91766357421875,290.9031677246094,-2.274810791015625,-0.3531494140625,0.0,91604.65625,267.4962158203125,283.7206420898437,290.0372009277344,0.0023563578724861,0.0020075610373169,0.0093202516436576,-5.96551513671875,-6.257110595703125,-6.12939453125,-5.552993774414063,-2.8389129638671875,-1.579315185546875
2025-01-20,6,1,298.6322021484375,288.91015625,-2.5809478759765625,-1.5841217041015625,0.0,91791.203125,267.5222473144531,283.8065185546875,290.421142578125,0.001743724104017,0.0027700082864612,0.0090502500534057,-7.976837158203125,-5.95989990234375,-4.247894287109375,-8.64215087890625,-2.538925170898437,-2.6501617431640625
2025-01-20,12,2,299.3934326171875,286.7654724121094,-1.55865478515625,-1.2526702880859375,0.0,91435.328125,267.75457763671875,284.392578125,293.1141052246094,0.001730986405164,0.0024453555233776,0.0072662606835365,-9.914337158203123,-5.9212646484375,-3.960525512695313,-6.9249267578125,-4.14520263671875,-3.16741943359375
2025-01-20,18,3,292.2843322753906,287.8592529296875,-2.3730926513671875,-0.862518310546875,0.0,91687.34375,268.4989013671875,284.63824462890625,291.271728515625,0.0017788868863135,0.002116156509146,0.0071643106639385,-8.998092651367188,-7.620773315429687,-2.4729156494140625,-1.872406005859375,-2.42877197265625,-4.054046630859375
2025-01-21,0,0,289.5905456542969,287.88946533203125,-1.886871337890625,-1.11163330078125,0.0,91525.609375,268.8240661621094,284.8324584960937,290.7826843261719,0.0016987470444291,0.0023833888117223,0.0027056541293859,-7.0055999755859375,-8.147232055664062,-6.21380615234375,-2.398300170898437,-0.6940155029296875,-5.918701171875
2025-01-21,6,1,297.9359130859375,284.6654968261719,-3.2596435546875,-1.5894012451171875,0.0,91733.078125,268.8509826660156,284.404052734375,289.77886962890625,0.0013703689910471,0.002138300333172,0.0069056041538715,-8.436019897460938,-8.393753051757812,-5.5475006103515625,-2.371978759765625,-0.540740966796875,-2.740234375
2025-01-21,12,2,298.3222045898437,284.6789245605469,-1.9849853515625,-0.559173583984375,0.0,91425.484375,268.723876953125,284.4008178710937,292.5120849609375,0.0008244095370173,0.0023223764728754,0.005984978750348,-9.088577270507812,-6.87542724609375,-4.8694610595703125,-3.80401611328125,0.133209228515625,-2.0764617919921875
2025-01-21,18,3,291.3075561523437,285.0479431152344,-2.4676666259765625,-0.6174468994140625,0.0,91606.53125,269.46014404296875,284.73223876953125,292.6741943359375,0.0009439392015337,0.0032414873130619,0.0030937606934458,-10.761993408203123,-7.5375518798828125,-4.5387725830078125,0.1708831787109375,0.79290771484375,-2.4111328125
2025-01-22,0,0,289.2912902832031,286.7879638671875,-2.0921630859375,0.0135650634765625,0.0,91464.203125,269.6551208496094,284.0612487792969,292.5158386230469,0.0011808315757662,0.0045924596488475,0.0026913550682365,-9.34161376953125,-8.405441284179688,-5.328384399414063,4.8661651611328125,0.50714111328125,2.912078857421875
2025-01-22,6,1,298.29412841796875,286.6499938964844,-2.1360321044921875,0.54644775390625,0.0,91697.890625,269.38067626953125,283.596923828125,290.60650634765625,0.0003033715765923,0.0057462938129901,0.006618283689022,-11.146194458007812,-9.352691650390623,-3.7984771728515625,5.6386566162109375,3.8936920166015625,1.533477783203125
2025-01-22,12,2,299.37921142578125,289.84234619140625,-2.4392547607421875,1.074432373046875,0.0,91434.359375,268.6275634765625,283.496826171875,292.69708251953125,0.0004753181710839,0.0068676546216011,0.0105433240532875,-10.241561889648438,-7.620574951171875,-4.64178466796875,6.238525390625,3.643341064453125,1.7735748291015625
2025-01-22,18,3,293.3571472167969,290.44244384765625,-3.077133178710937,1.1114654541015625,0.0,91685.28125,269.32672119140625,284.0301818847656,291.8334655761719,0.000242532667471,0.0026292945258319,0.0099349319934844,-10.790542602539062,-8.497589111328125,-3.1157379150390625,6.748931884765625,3.29266357421875,0.3894195556640625
2025-01-23,0,0,292.2931823730469,290.6689453125,-2.6158447265625,0.7698974609375,4.75,91502.890625,269.28009033203125,284.6627502441406,291.773681640625,0.0002181922172894,0.0007991888560354,0.0080837123095989,-10.340866088867188,-9.416305541992188,-3.827545166015625,6.4068145751953125,4.665191650390625,1.754058837890625
2025-01-23,6,1,299.83709716796875,289.2599792480469,-2.1137237548828125,1.0410308837890625,0.0,91739.515625,269.4159851074219,284.8447265625,291.4921875,0.0001653606450418,0.0003041543532162,0.0085570737719535,-10.776718139648438,-10.23309326171875,-4.5520782470703125,7.348846435546875,6.1976470947265625,0.698577880859375
2025-01-23,12,2,299.6580810546875,286.4277038574219,-2.4130096435546875,0.692047119140625,0.0,91401.09375,268.81134033203125,283.781982421875,293.9110717773437,0.0003459006547927,0.000998463248834,0.0072696842253208,-9.751663208007812,-8.00567626953125,-6.097946166992188,6.839019775390625,4.6923828125,0.5057220458984375
2025-01-23,18,3,292.6294860839844,289.52978515625,-2.5435333251953125,1.1251373291015625,0.0,91589.34375,268.75128173828125,285.089599609375,293.96148681640625,0.0002068496542051,0.001937776338309,0.0041144005954265,-10.881393432617188,-8.9464111328125,-8.248992919921875,3.3625946044921875,4.6116485595703125,0.8861541748046875
2025-01-24,0,0,291.2809753417969,289.8505249023437,-2.5839996337890625,-0.056060791015625,1.75,91414.875,268.00360107421875,285.29547119140625,293.2181396484375,0.0002224582276539,0.0016647002194076,0.0021373138297349,-11.264678955078123,-8.375534057617188,-7.006881713867188,3.084381103515625,3.3075408935546875,4.5323638916015625
2025-01-24,6,1,297.5960388183594,287.00933837890625,-2.536376953125,0.975433349609375,0.0,91740.515625,268.6396484375,284.709716796875,289.0556030273437,0.0003181961365044,0.0006773616187274,0.0073765665292739,-13.658050537109377,-10.411209106445312,-4.628463745117188,3.167098999023437,2.85174560546875,1.722930908203125
2025-01-24,12,2,299.17987060546875,287.6739501953125,-2.6696014404296875,0.735595703125,0.0,91426.734375,268.65966796875,284.47265625,292.0538330078125,0.0003899130970239,0.0004932896699756,0.0088290646672248,-11.394134521484377,-8.125213623046875,-5.28216552734375,0.0234222412109375,3.163299560546875,0.656829833984375
2025-01-24,18,3,291.9087829589844,289.4901123046875,-2.364166259765625,0.611480712890625,0.0,91690.890625,268.7094116210937,285.1361999511719,290.83074951171875,0.0003389271441847,0.0005973244551569,0.0057590417563915,-13.080322265625,-8.993133544921875,-4.908203125,-0.8359832763671875,2.186264038085937,-0.7090911865234375
2025-01-25,0,0,289.7805480957031,288.2529602050781,-2.2308807373046875,-0.014678955078125,0.0,91514.125,268.6383056640625,284.5639038085937,293.263671875,0.0003353024367243,0.0004424185026437,0.0010855034925043,-14.205978393554688,-8.191116333007812,-9.403945922851562,1.01763916015625,0.4688873291015625,2.0275421142578125
2025-01-25,6,1,298.1557006835937,285.8067321777344,-2.901824951171875,-0.4221038818359375,0.0,91773.046875,268.3455810546875,284.30584716796875,292.8655090332031,0.0004054699093103,0.0004455919843167,0.0017840899527072,-15.773025512695312,-9.901763916015623,-8.318405151367188,0.443511962890625,0.7198028564453125,1.322479248046875
2025-01-25,12,2,299.7037353515625,285.4378662109375,-1.8927459716796875,-0.55267333984375,0.0,91423.421875,269.2474060058594,284.7554931640625,293.5845947265625,0.000408693915233,0.0005109633784741,0.0068038180470466,-16.757644653320312,-8.467437744140625,-4.834518432617188,2.5715484619140625,-0.0459747314453125,-2.1632080078125
2025-01-25,18,3,291.78253173828125,287.90020751953125,-2.8616485595703125,0.1439056396484375,0.0,91737.90625,268.8648376464844,285.35333251953125,290.75653076171875,0.0004103570245206,0.0005139920394867,0.0068864710628986,-14.716705322265623,-9.820037841796877,-6.462249755859375,4.83544921875,-1.8884735107421875,-1.593048095703125
2025-01-26,0,0,289.3026123046875,288.0775756835937,-1.9636077880859373,-0.3906402587890625,0.0,91578.21875,269.7691955566406,284.6302185058594,292.5888977050781,0.0004599194508045,0.0005232396069914,0.00072508235462,-12.345046997070312,-9.749237060546877,-11.0137939453125,4.7807159423828125,-2.6206207275390625,0.4844970703125
2025-01-26,6,1,300.6586303710937,277.5663452148437,-4.096954345703125,-0.939483642578125,0.0,91755.0,268.7626953125,285.21844482421875,292.1905517578125,0.0004394431598484,0.0005106623284518,0.0016994297038763,-12.14801025390625,-9.114364624023438,-10.777420043945312,2.936004638671875,-1.812042236328125,-1.162689208984375
2025-01-26,12,2,299.7152099609375,280.9974670410156,-2.705322265625,0.3837127685546875,0.0,91438.8125,268.5882263183594,284.3588256835937,293.7081298828125,0.0003843449521809,0.0005718513857573,0.0044007711112499,-9.440017700195312,-6.5630645751953125,-7.3555145263671875,-0.9034576416015624,-0.81591796875,0.19647216796875
2025-01-26,18,3,291.51422119140625,285.8260192871094,-2.474838256835937,0.212249755859375,0.0,91657.046875,268.91265869140625,285.30230712890625,291.9017944335937,0.0004966489505022,0.0006469483487308,0.0037186981644481,-11.493545532226562,-7.27899169921875,-5.283477783203125,0.086761474609375,-2.5058135986328125,-0.856292724609375
2025-01-27,0,0,288.7278747558594,287.6080017089844,-2.403793334960937,0.0268707275390625,0.0,91496.6875,269.1473999023437,285.3561706542969,290.186767578125,0.0003973476123064,0.0005137135740369,0.0037898584268987,-12.903335571289062,-7.4675140380859375,-4.639083862304688,1.61285400390625,-2.585556030273437,-0.7062225341796875
2025-01-27,6,1,299.19146728515625,282.6810913085937,-1.712890625,-2.268890380859375,0.0,91707.390625,268.369873046875,285.4090576171875,290.31854248046875,0.0004254912491887,0.0004462031647562,0.0059684999287128,-12.535781860351562,-7.819366455078125,-2.77099609375,2.7838592529296875,-1.0248260498046875,-3.921340942382813
2025-01-27,12,2,299.8551025390625,285.48876953125,-1.5968170166015625,-0.4221343994140625,0.0,91337.90625,268.0252380371094,284.52447509765625,293.5379943847656,0.0004682166036218,0.000458939699456,0.005964983254671,-10.90594482421875,-5.595962524414063,-3.877761840820313,1.003875732421875,-0.35601806640625,-1.31768798828125
2025-01-27,18,3,291.79833984375,285.700927734375,-2.6057891845703125,0.8798675537109375,0.0,91627.65625,268.62701416015625,285.14898681640625,290.96746826171875,0.0004971588496118,0.0004059609491378,0.0064756423234939,-11.838424682617188,-7.01104736328125,-4.252532958984375,0.9613800048828124,-1.8813018798828125,0.4354400634765625
2025-01-28,0,0,289.78778076171875,287.9965209960937,-1.7572784423828125,0.6990509033203125,0.0,91424.71875,268.2838134765625,285.5994873046875,290.0234375,0.0005602354649454,0.0004099623765796,0.0049105379730463,-10.951461791992188,-6.888961791992188,-2.953964233398437,0.2994537353515625,-0.24017333984375,-1.1935272216796875
2025-01-28,6,1,298.4711303710937,283.2161560058594,-1.657196044921875,-0.779937744140625,0.0,91762.453125,268.28289794921875,285.212158203125,290.15191650390625,0.0005313500296324,0.0004387667868286,0.0055772252380847,-11.7552490234375,-6.9031829833984375,-2.966415405273437,-0.047149658203125,1.35882568359375,-1.7825775146484375
2025-01-28,12,2,299.7296447753906,285.3097229003906,-1.1603240966796875,0.063323974609375,0.0,91444.40625,268.43902587890625,284.0223388671875,293.85498046875,0.000463900854811,0.0004864584188908,0.0053759925067424,-10.846572875976562,-4.07061767578125,-2.625961303710937,-1.2603607177734375,0.5230560302734375,-0.737396240234375
2025-01-28,18,3,292.0323486328125,287.1334228515625,-3.0966339111328125,0.660064697265625,0.0,91759.03125,268.8968811035156,284.85858154296875,291.29669189453125,0.0004474024754017,0.0005687735974788,0.0070445388555526,-12.328048706054688,-6.3896026611328125,-4.2157745361328125,-1.0725555419921875,2.1865386962890625,-0.5650482177734375
2025-01-29,0,0,291.19970703125,289.8133544921875,-2.8695068359375,0.8306884765625,0.0,91640.203125,269.0473022460937,285.1918640136719,291.0412902832031,0.0005314415320754,0.0007370903622359,0.0053793042898178,-10.30511474609375,-5.86181640625,-3.25054931640625,-0.85137939453125,1.1097564697265625,-2.7843780517578125
2025-01-29,6,1,298.00567626953125,284.6846008300781,-2.61737060546875,-2.202301025390625,0.0,91804.65625,268.24041748046875,285.66339111328125,292.18914794921875,0.0005735545419156,0.0009505245834589,0.0031300703994929,-11.593017578125,-5.804046630859375,-6.12921142578125,0.6932373046875,3.7821197509765625,-3.3844451904296875
2025-01-29,12,2,300.7886962890625,284.8866882324219,-2.1106109619140625,-0.591033935546875,0.0,91456.703125,268.77960205078125,285.479248046875,294.51495361328125,0.0005568626802414,0.0038567639421671,0.0065544508397579,-8.4229736328125,-3.7386322021484375,-5.1103515625,-0.269744873046875,2.37518310546875,-2.03167724609375
2025-01-29,18,3,292.6736145019531,289.3348999023437,-2.91497802734375,0.5101776123046875,0.0,91711.734375,269.1508178710937,284.61676025390625,291.0977783203125,0.0005667665973305,0.0039049217011779,0.0091012716293334,-9.106216430664062,-4.63494873046875,-3.828704833984375,-2.540283203125,-0.0426483154296875,-0.4234161376953125
2025-01-30,0,0,290.4398803710937,289.50445556640625,-2.23345947265625,0.3463592529296875,0.0,91600.078125,268.04443359375,284.401611328125,291.80548095703125,0.0005879802629351,0.0028113073203712,0.0051168277859687,-7.843231201171875,-3.8786468505859375,-2.8643035888671875,-2.2751617431640625,-0.214263916015625,1.0388946533203125
2025-01-30,6,1,298.617431640625,288.9183959960937,-0.5834197998046875,1.929107666015625,0.0,91848.84375,267.4564208984375,284.3672180175781,289.95611572265625,0.0005849117878824,0.0028103650547564,0.0100579299032688,-7.866119384765625,-4.05023193359375,-1.2228546142578125,-1.7613067626953125,-0.4643402099609375,3.193222045898437
2025-01-30,12,2,300.4913330078125,290.0272216796875,-1.020660400390625,1.175994873046875,0.0,91386.71875,267.5012512207031,285.1627197265625,293.4432983398437,0.000543514965102,0.0013727149926126,0.0112160257995128,-7.2627105712890625,-1.5332489013671875,-1.747528076171875,-3.619827270507813,-1.78204345703125,1.8428955078125
2025-01-30,18,3,294.4779968261719,290.7473449707031,-1.9093475341796875,1.7865753173828125,0.0,91620.984375,267.2584228515625,284.9193725585937,292.12469482421875,0.0005009502638131,0.0008949318435043,0.0108981393277645,-8.1229248046875,-1.774200439453125,-0.55059814453125,-1.7803192138671875,1.0645751953125,1.976806640625
2025-01-31,0,0,293.20037841796875,291.60858154296875,-1.7339019775390625,0.9559326171875,0.0,91469.84375,267.16558837890625,284.3614501953125,291.1640014648437,0.0004674540832638,0.0009907952044159,0.0105617307126522,-6.6527099609375,-0.642333984375,-0.9246368408203124,-2.5312652587890625,0.0985107421875,0.8809814453125
2025-01-31,6,1,301.09991455078125,289.61138916015625,-2.175933837890625,1.0107421875,0.0,91734.125,266.8548583984375,284.4375,292.0980834960937,0.0004613701603375,0.0009649663697928,0.0090973488986492,-8.029159545898438,-0.8799896240234375,-3.1377105712890625,-1.44427490234375,0.10906982421875,1.3520965576171875
2025-01-31,12,2,301.5902709960937,288.766357421875,-1.381866455078125,0.842742919921875,0.0,91374.734375,266.9750061035156,284.52764892578125,294.80865478515625,0.0005618582945317,0.0012056150007992,0.0091926418244838,-7.349517822265625,0.851715087890625,-2.6005859375,-0.11572265625,-0.7448577880859375,1.2529754638671875
2025-01-31,18,3,295.5400390625,292.09521484375,-2.499740600585937,1.8383026123046875,0.0,91619.8125,268.3662414550781,285.265625,292.35699462890625,0.0004044221714138,0.0009559877216815,0.0108609199523925,-6.1148223876953125,-2.6054840087890625,-2.702545166015625,0.1334075927734375,0.60528564453125,4.1561279296875
2025-02-01,0,0,293.56512451171875,292.23052978515625,-2.0418701171875,1.1926422119140625,0.875,91504.015625,268.93609619140625,283.6976318359375,292.0657043457031,0.00039331195876,0.0005616911221295,0.0092898868024349,-5.06781005859375,-4.512130737304688,-0.72332763671875,1.7095184326171875,-1.894073486328125,2.4684295654296875
2025-02-01,6,1,300.71661376953125,290.6438293457031,-1.0031890869140625,0.3945770263671875,0.0,91798.140625,268.5132751464844,283.64276123046875,290.8700561523437,0.0002628901565913,0.0005080862902104,0.0113159976899623,-7.303863525390625,-6.3403167724609375,-1.5521240234375,3.2287139892578125,0.2229461669921875,-0.144744873046875
2025-02-01,12,2,302.059326171875,286.7142333984375,-1.0760650634765625,-0.515472412109375,0.0,91458.40625,268.7529296875,283.29754638671875,295.21685791015625,0.0002039294049609,0.0008676254656165,0.0075487829744815,-8.001602172851562,-2.536239624023437,-2.5065460205078125,1.674652099609375,-0.2010650634765625,-1.89361572265625
2025-02-01,18,3,294.69189453125,287.4501342773437,-2.709014892578125,0.7649993896484375,0.0,91742.890625,268.8898620605469,284.22332763671875,292.9322814941406,0.0001772967370925,0.0006691515445709,0.0080602616071701,-7.508697509765625,-3.831863403320313,-4.39776611328125,3.0782623291015625,-2.146728515625,1.6646270751953125
2025-02-02,0,0,292.0041198730469,290.310302734375,-1.919403076171875,0.7749176025390625,0.0,91596.015625,269.84295654296875,283.4080810546875,292.0805053710937,0.0001789710076991,0.0005639914888888,0.0071148388087749,-4.681610107421875,-4.67315673828125,-3.3187255859375,1.8667144775390625,-3.0589752197265625,-0.7822265625
2025-02-02,6,1,301.1168212890625,285.3431396484375,-1.1708221435546875,-0.3399810791015625,0.0,91773.796875,269.65087890625,284.3943786621094,291.86065673828125,0.0001626343291718,0.0002506435848772,0.0067907720804214,-4.47216796875,-7.3437042236328125,-2.411865234375,2.422348022460937,-1.84759521484375,-1.6391754150390625
2025-02-02,12,2,301.9584655761719,284.507080078125,-1.601287841796875,-0.2327728271484375,0.0,91416.96875,269.97515869140625,283.7015380859375,295.8982849121094,0.0003996060695499,0.0004525433760136,0.0044865161180496,-4.260177612304688,-6.048843383789063,-4.1522979736328125,3.134063720703125,-0.146575927734375,-1.02484130859375
2025-02-02,18,3,293.9904479980469,286.7411499023437,-3.13519287109375,0.2949981689453125,0.0,91727.703125,269.583984375,284.27264404296875,293.11456298828125,0.0009995796717703,0.0007632749620825,0.0066410079598426,-5.7960357666015625,-8.232620239257812,-4.83648681640625,3.5831756591796875,0.7498626708984375,-0.507568359375
2025-02-03,0,0,290.133056640625,288.7021179199219,-1.91485595703125,0.2573699951171875,0.0,91567.359375,269.646728515625,283.4542236328125,293.24981689453125,0.0015087227802723,0.0006773890927433,0.0033192648552358,-3.652786254882813,-9.854156494140623,-2.8358306884765625,4.0816650390625,2.02813720703125,-3.24041748046875
2025-02-03,6,1,300.712646484375,282.544921875,-1.9253692626953125,0.76861572265625,0.0,91798.21875,269.25830078125,282.9711303710937,291.9341125488281,0.0014259915333241,0.0008359965868294,0.0054203979671001,-6.638687133789063,-10.28094482421875,-3.363265991210937,2.2526092529296875,3.311126708984375,1.0615234375
2025-02-03,12,2,301.2071533203125,282.2486877441406,-1.9000091552734373,1.2314300537109375,0.0,91538.4375,268.9091796875,282.94659423828125,294.5258178710937,0.0008161643054336,0.0008622398599982,0.0053678900003433,-7.833328247070312,-7.7644195556640625,-4.18035888671875,3.236358642578125,3.016754150390625,2.6220855712890625
2025-02-03,18,3,293.3097229003906,284.80194091796875,-2.5413818359375,0.7952117919921875,0.0,91825.90625,267.9610290527344,283.0239562988281,292.77264404296875,0.0022157528437674,0.0010475222952663,0.0057630389928817,-8.339523315429688,-8.187271118164062,-3.761184692382813,2.680084228515625,5.79644775390625,0.180572509765625
2025-02-04,0,0,289.9734191894531,287.1492004394531,-2.371673583984375,0.2138671875,0.0,91676.90625,267.714111328125,282.79571533203125,293.2075500488281,0.001952436985448,0.0013897223398089,0.0018550925888121,-3.6019744873046875,-9.06207275390625,-5.4412841796875,3.6655120849609375,4.4191741943359375,2.008163452148437
2025-02-04,6,1,301.0317077636719,280.595458984375,-2.397308349609375,1.2219085693359375,0.0,91884.09375,267.81463623046875,282.77349853515625,292.57977294921875,0.0027883304283022,0.0016017982270568,0.0045665018260478,-1.023590087890625,-10.083892822265623,-4.290557861328125,1.3670654296875,4.448776245117188,1.6823272705078125
2025-02-04,12,2,301.5416259765625,282.60595703125,-1.8303375244140625,0.5425872802734375,0.0,91512.75,269.0346069335937,282.345947265625,294.979736328125,0.0022205321583896,0.0013781564775854,0.0049857310950756,-1.8976898193359373,-6.757843017578125,-4.6103515625,-1.3000030517578125,2.144287109375,0.80633544921875
2025-02-04,18,3,294.365478515625,283.69171142578125,-2.8637237548828125,0.6776580810546875,0.0,91728.53125,268.9688720703125,282.8258361816406,293.4740600585937,0.0018311077728867,0.0012017707340419,0.0049958750605583,-3.814254760742188,-5.842987060546875,-6.3255157470703125,-0.5777435302734375,1.9969940185546875,-0.0597381591796875
2025-02-05,0,0,291.81744384765625,287.0702209472656,-2.376800537109375,0.3343505859375,0.0,91585.578125,268.5782470703125,282.3863525390625,291.3875732421875,0.0016937530599534,0.0009922401513904,0.0056507028639316,-1.294036865234375,-5.2789154052734375,-8.593246459960938,2.2160797119140625,-0.4122161865234375,2.189666748046875
2025-02-05,6,1,301.43572998046875,285.17730712890625,-4.2403106689453125,1.294281005859375,0.0,91776.8125,267.52423095703125,283.3590393066406,292.17242431640625,0.0017029796727001,0.0010966684203594,0.0063924193382263,-2.292633056640625,-5.5185546875,-7.1056060791015625,2.4178466796875,0.192474365234375,1.810791015625
2025-02-05,12,2,301.64501953125,284.1893615722656,-2.9914703369140625,1.2807159423828125,0.0,91423.859375,267.8375244140625,282.906982421875,294.80517578125,0.0016427028458565,0.0014671613462269,0.0061835013329982,-1.7594451904296875,-4.085052490234375,-6.5186920166015625,2.34881591796875,-0.84283447265625,2.2270660400390625
2025-02-05,18,3,294.23834228515625,285.56884765625,-3.088958740234375,1.2609100341796875,0.0,91662.234375,267.40869140625,284.55487060546875,293.34039306640625,0.0015127875376492,0.0027090581133961,0.0030422436539083,-0.318634033203125,-4.462677001953125,-9.687896728515623,1.424468994140625,2.86798095703125,2.212310791015625
2025-02-06,0,0,291.8594970703125,286.83673095703125,-2.648406982421875,0.3705291748046875,0.0,91509.71875,267.37750244140625,284.3902587890625,292.2457275390625,0.0013794999103993,0.0028739371336996,0.003243783256039,0.1431884765625,-4.029937744140625,-10.509170532226562,0.82952880859375,2.9307403564453125,3.3923492431640625
2025-02-06,6,1,301.07183837890625,281.63446044921875,-4.142501831054688,1.25555419921875,0.0,91780.703125,269.2177734375,283.2777099609375,291.7164306640625,0.000757856760174,0.0024979370646178,0.0054270811378955,0.2170562744140625,-4.7397308349609375,-6.9925079345703125,2.08526611328125,1.2537384033203125,1.781005859375
2025-02-06,12,2,300.86773681640625,283.13726806640625,-2.8254547119140625,1.1345367431640625,0.0,91427.6875,268.3587951660156,284.98358154296875,293.8189697265625,0.0008130534552037,0.0029928737785667,0.0059028714895248,1.3168487548828125,-4.3391876220703125,-5.935226440429688,-0.5992279052734375,0.48095703125,1.977630615234375
2025-02-06,18,3,293.5779113769531,284.72509765625,-2.5991363525390625,0.9532318115234376,0.0,91716.21875,269.3221740722656,284.9022216796875,291.55078125,0.0006710388697683,0.0021724626421928,0.0069586522877216,1.054229736328125,-6.17626953125,-6.24041748046875,-2.66949462890625,0.143829345703125,0.411834716796875
2025-02-07,0,0,290.94287109375,288.6752319335937,-2.11553955078125,0.189300537109375,0.0,91622.046875,268.70428466796875,284.0859069824219,291.38580322265625,0.0007099451031535,0.0015682538505643,0.0035649018827825,1.126434326171875,-5.048263549804688,-8.094207763671875,-4.219268798828125,-1.1096038818359375,2.489501953125
2025-02-07,6,1,301.61444091796875,282.15728759765625,-3.8393707275390634,1.8424530029296875,0.0,91920.5625,268.374755859375,284.06024169921875,291.7043151855469,0.0007074370514601,0.0012253883760422,0.0050840452313423,-2.337127685546875,-6.25238037109375,-6.329315185546875,-2.08001708984375,-2.768646240234375,2.5938873291015625
2025-02-07,12,2,301.28662109375,281.6269836425781,-2.814849853515625,0.5783233642578125,0.0,91589.25,268.7275695800781,284.2290954589844,294.01483154296875,0.0006994267459958,0.0010570569429546,0.0052455812692642,-2.151641845703125,-5.4914398193359375,-5.843063354492188,-1.0306396484375,-1.800079345703125,0.8108367919921875
2025-02-07,18,3,293.396728515625,284.0608215332031,-2.9287261962890625,0.618194580078125,0.0,91821.9375,268.9285888671875,284.2795104980469,292.3444519042969,0.0005927493330091,0.0016510777641087,0.0044176317751407,-0.8530120849609375,-5.179107666015625,-7.613937377929687,-1.3217315673828125,-2.77874755859375,-0.7017974853515625
2025-02-08,0,0,290.94317626953125,288.0400390625,-2.194427490234375,-0.1424560546875,0.0,91635.4375,269.244384765625,284.0079040527344,290.7091064453125,0.0004772457759827,0.0017877197824418,0.0042051905766129,0.12982177734375,-4.7289581298828125,-10.362228393554688,-2.0405731201171875,-4.6578521728515625,3.1223297119140625
2025-02-08,6,1,300.940673828125,284.2041320800781,-4.411865234375,0.7493896484375,0.0,91895.734375,269.0879821777344,283.67529296875,291.455078125,0.000380934914574,0.0019825941417366,0.0069567859172821,-1.66973876953125,-6.0011749267578125,-7.33270263671875,-2.7620391845703125,-3.412704467773437,0.7535552978515625
2025-02-08,12,2,301.0730285644531,285.533447265625,-3.234588623046875,0.59423828125,0.0,91512.984375,269.1068115234375,284.1236267089844,294.1287536621094,0.0003747181035578,0.0017594082746654,0.0073843300342559,-1.122100830078125,-5.417205810546875,-6.24261474609375,-2.1125030517578125,-4.694381713867188,0.549530029296875
2025-02-08,18,3,294.344482421875,286.2369689941406,-2.8909912109375,0.779876708984375,0.0,91833.671875,269.23797607421875,283.5562744140625,291.1768798828125,0.000555335311219,0.0018555214628577,0.0087569030001759,-0.0065765380859375,-5.752288818359375,-7.8007354736328125,0.237884521484375,-3.468978881835937,0.83001708984375
2025-02-09,0,0,291.9334716796875,289.2587890625,-2.207244873046875,0.0574798583984375,0.0,91605.28125,268.9805603027344,283.24542236328125,291.26495361328125,0.0006399638950824,0.0016367363277822,0.0070615410804748,1.49456787109375,-2.6847686767578125,-8.136734008789062,1.097930908203125,-4.3902130126953125,-2.852401733398437
2025-02-09,6,1,300.97906494140625,285.59478759765625,-4.8163909912109375,-0.2912445068359375,0.0,91798.75,268.83709716796875,283.7160339355469,292.23114013671875,0.0007421236950904,0.0009896494448184,0.0075033493340015,1.961944580078125,-4.2910919189453125,-7.474319458007812,-1.91241455078125,-2.731109619140625,-0.9268035888671876
2025-02-09,12,2,301.0155029296875,285.6464233398437,-3.77392578125,0.8109893798828125,0.0,91456.96875,268.71356201171875,283.59552001953125,293.8319091796875,0.0004829920362681,0.0011151556391268,0.0080269500613212,1.9655914306640625,-4.541412353515625,-6.688003540039063,-3.642486572265625,-3.5977325439453125,0.8944854736328125
2025-02-09,18,3,294.4324951171875,288.2696838378906,-3.392822265625,1.008270263671875,0.0,91791.984375,269.5443115234375,284.4869384765625,290.857421875,0.0002094928786391,0.0006382563151419,0.0091061331331729,0.513702392578125,-8.452713012695312,-7.646026611328125,-4.2580413818359375,-1.675689697265625,0.3011322021484375
2025-02-10,0,0,291.4911499023437,289.83380126953125,-2.2408905029296875,0.23602294921875,0.0,91690.3125,269.44439697265625,283.6253356933594,289.450927734375,0.0002337996847927,0.0008163144811987,0.0068917199969291,0.8815765380859375,-9.9681396484375,-7.671844482421875,-6.638031005859375,0.233978271484375,0.078765869140625
2025-02-10,6,1,299.37957763671875,285.58905029296875,-3.13714599609375,0.110382080078125,0.0,91974.203125,269.16705322265625,282.7471618652344,290.01177978515625,0.0002696539741009,0.0008050792384892,0.0075601488351821,-4.4195404052734375,-7.0142669677734375,-5.091156005859375,-5.2951202392578125,1.3263397216796875,-0.1116180419921875
2025-02-10,12,2,300.7117614746094,284.6092834472656,-2.616943359375,-0.8728790283203125,0.0,91579.84375,269.4379272460937,282.5216064453125,293.7501220703125,0.0003394613740965,0.0008846190758049,0.0062190890312194,-5.367950439453125,-6.627410888671875,-4.82135009765625,-4.8565826416015625,-1.4052276611328125,-2.1190948486328125
2025-02-10,18,3,293.52587890625,285.94317626953125,-3.0337677001953125,-0.3500213623046875,0.0,91894.8125,269.5738830566406,283.7140197753906,291.4311218261719,0.0003778296522796,0.001014637062326,0.0074549503624439,-7.00909423828125,-7.9875946044921875,-5.8729248046875,-2.784530639648437,-0.24755859375,-3.281723022460937
2025-02-11,0,0,290.72442626953125,288.59478759765625,-2.086532592773437,0.01397705078125,0.0,91708.859375,269.3558349609375,283.7906799316406,292.1641845703125,0.0003068021032959,0.0010228347964584,0.0014413837343454,-4.097625732421875,-6.904937744140625,-8.682785034179688,-4.2324066162109375,-1.2568359375,-2.33343505859375
2025-02-11,6,1,300.223876953125,282.6205444335937,-2.236724853515625,0.7414093017578125,0.0,91985.515625,268.5675048828125,283.9506225585937,291.06256103515625,0.0003110980615019,0.0010055082384496,0.0054189935326576,-3.6656494140625,-8.870895385742188,-4.154937744140625,-5.076751708984375,0.6213836669921875,0.5965576171875
2025-02-11,12,2,301.9046630859375,282.83428955078125,-1.704803466796875,0.214324951171875,0.0,91598.796875,268.4209289550781,282.9853515625,295.26837158203125,0.0002590887015685,0.0009697780478745,0.0046028606593608,-3.5464019775390625,-5.917037963867188,-3.82183837890625,-3.4834136962890625,-0.4630279541015625,-0.40509033203125
2025-02-11,18,3,293.5234375,284.0909729003906,-2.826263427734375,0.3232421875,0.0,91820.734375,268.529052734375,284.57647705078125,293.34588623046875,0.0002173573593609,0.0009183986112475,0.0051396302878856,-2.4727935791015625,-7.79437255859375,-5.2124786376953125,-5.58563232421875,1.2547454833984375,-1.4475250244140625
2025-02-12,0,0,290.143310546875,287.8698425292969,-2.231109619140625,-0.044342041015625,0.0,91684.390625,269.2491455078125,284.1163635253906,293.2821350097656,0.0001463189692003,0.000877647427842,0.0019237115047872,-1.073974609375,-6.7636566162109375,-5.525543212890625,-5.655914306640625,-0.4181671142578125,-4.634124755859375
2025-02-12,6,1,301.8162841796875,279.15582275390625,-3.1007843017578125,-0.955047607421875,0.0,91971.640625,268.2999572753906,283.94073486328125,293.29400634765625,0.0001684939052211,0.0009532291442155,0.0038989456370472,-2.1161346435546875,-5.7481231689453125,-5.3997802734375,-7.313140869140625,0.1860198974609375,-1.9133148193359373
2025-02-12,12,2,302.89276123046875,280.24658203125,-1.7973175048828125,-0.19537353515625,0.0,91574.671875,268.7442932128906,283.67095947265625,296.45513916015625,0.0001746475172694,0.0009032699745148,0.0032199095003306,-3.773529052734375,-2.774383544921875,-4.79620361328125,-8.05657958984375,-1.1477203369140625,-1.3162841796875
2025-02-12,18,3,293.9111328125,281.6489562988281,-2.966781616210937,0.17413330078125,0.0,91847.734375,269.3391418457031,284.49609375,294.26239013671875,0.000206016600714,0.0009567835368216,0.0041240192949771,-4.9416351318359375,-4.648345947265625,-5.025161743164063,-6.731536865234375,-3.4033355712890625,-1.5343780517578125
2025-02-13,0,0,289.8175354003906,284.9085693359375,-2.344146728515625,-0.5678558349609375,0.0,91677.140625,269.0267028808594,283.9244689941406,293.5428466796875,0.0002435506612528,0.0009547332301735,0.0041127456352114,-3.847366333007813,-4.9349212646484375,-5.46710205078125,-6.931076049804688,-3.0096893310546875,-5.1151885986328125
2025-02-13,6,1,302.09521484375,284.12078857421875,-3.419784545898437,-1.2679901123046875,0.0,91900.765625,268.9188232421875,283.6575622558594,293.74090576171875,0.0002517809625715,0.0010480978526175,0.0059459619224071,-3.986724853515625,-4.6854248046875,-5.418014526367188,-7.510116577148437,-3.88934326171875,-2.440826416015625
2025-02-13,12,2,303.6170959472656,283.91259765625,-2.27337646484375,-0.448455810546875,0.0,91518.203125,269.0145263671875,280.9315795898437,296.76470947265625,0.000243963455432,0.0058446153998374,0.0060021616518497,-3.037689208984375,-2.618621826171875,-4.77825927734375,-8.041412353515625,-5.2809600830078125,-2.0693359375
2025-02-13,18,3,295.21881103515625,281.95916748046875,-2.8225555419921875,0.915435791015625,0.0,91823.609375,269.2978515625,283.6405639648437,293.8143920898437,0.0002265953662572,0.0011653299443423,0.0052317045629024,-2.050048828125,-2.0707244873046875,-7.532821655273437,-6.697769165039063,-7.4389190673828125,0.28155517578125
2025-02-14,0,0,290.82928466796875,284.9637756347656,-2.5457916259765625,0.302764892578125,0.0,91646.921875,268.9760131835937,283.5653686523437,293.6123046875,0.0002234557905467,0.0004346803762018,0.0058253332972526,0.013153076171875,-5.8409423828125,-5.011932373046875,-7.2159423828125,-8.134429931640625,-2.236053466796875
2025-02-14,6,1,302.2724609375,284.2647399902344,-2.077239990234375,-0.8909454345703125,0.0,91879.953125,268.77960205078125,282.36376953125,293.8169250488281,0.0002898509847,0.0008815182372927,0.0060810334980487,-2.3646392822265625,-6.889739990234375,-3.242584228515625,-7.87322998046875,-4.5630645751953125,-1.803070068359375
2025-02-14,12,2,303.6366577148437,285.38232421875,-1.5096282958984375,-0.4648590087890625,0.0,91464.328125,268.5198669433594,280.710693359375,296.7467041015625,0.0002507460303604,0.0054617673158645,0.0054784528911113,-2.9276275634765625,-2.937835693359375,-3.4927520751953125,-9.705947875976562,-3.5533447265625,-1.6974029541015625
2025-02-14,18,3,295.1514892578125,284.3413391113281,-2.3307342529296875,0.83203125,0.0,91764.515625,268.516845703125,282.46893310546875,293.4399108886719,0.0001665685558691,0.003430435899645,0.0058584325015544,-2.00811767578125,-0.975677490234375,-3.2749786376953125,-9.661941528320312,-5.611175537109375,3.87225341796875
2025-02-15,0,0,292.1120300292969,285.95477294921875,-1.8515167236328125,0.4324493408203125,0.0,91593.53125,268.2218017578125,283.1168212890625,292.45703125,0.0001732343516778,0.0015340493991971,0.006077904254198,0.1890411376953125,-6.593673706054688,-1.12164306640625,-9.3922119140625,-8.81732177734375,0.2217864990234375
2025-02-15,6,1,301.8957214355469,284.0775756835937,-1.3910369873046875,-0.219573974609375,0.0,91759.90625,267.9864807128906,282.7619323730469,292.89996337890625,0.0002594718243926,0.0018047960475087,0.0068267509341239,0.6938934326171875,-8.354278564453125,-2.2242889404296875,-8.409149169921875,-7.288742065429687,-0.968231201171875
2025-02-15,12,2,303.5272827148437,285.2797546386719,-2.032821655273437,-1.46234130859375,0.0,91383.640625,267.92352294921875,280.777099609375,296.7222900390625,0.0001959432847797,0.0059713944792747,0.0062372907996177,-1.3118743896484375,-4.2809906005859375,-4.21466064453125,-9.827301025390623,-4.91436767578125,-3.526824951171875
2025-02-15,18,3,295.7882080078125,285.4682312011719,-2.918563842773437,0.9610137939453124,0.0,91654.71875,267.93316650390625,284.13653564453125,293.4234619140625,0.0001649079495109,0.0015196120366454,0.007662110030651,-0.0937347412109375,-7.57965087890625,-6.316421508789063,-8.644210815429688,-4.31103515625,-0.0985565185546875
2025-02-16,0,0,291.9176025390625,288.4024658203125,-1.782073974609375,0.5137176513671875,0.0,91608.53125,267.7394104003906,282.85333251953125,292.3516845703125,0.0001745030167512,0.0017709664534777,0.0075053982436656,1.639404296875,-6.3490142822265625,-5.3142852783203125,-9.5570068359375,-2.880477905273437,-1.918731689453125
2025-02-16,6,1,301.96258544921875,284.4957275390625,-2.3514556884765625,-0.577117919921875,0.0,91807.890625,267.18231201171875,282.8994140625,292.9163818359375,0.0001861731579992,0.0017487730365246,0.0071408338844776,1.4224395751953125,-6.00506591796875,-3.564682006835937,-9.061553955078123,-3.78955078125,-1.402435302734375
2025-02-16,12,2,303.6522827148437,283.736572265625,-2.2136383056640625,-0.4931182861328125,0.0,91503.375,267.22344970703125,280.8558044433594,296.3388671875,0.0005004482809454,0.0046683088876307,0.0056846141815185,-1.518829345703125,-3.3556671142578125,-4.058609008789063,-7.521896362304687,-4.3546142578125,-1.6389312744140625
2025-02-16,18,3,295.4867858886719,284.82489013671875,-3.4350128173828125,0.8925323486328125,0.0,91811.265625,266.743896484375,284.0163879394531,293.0240783691406,0.0005011066095903,0.0008249259553849,0.007104855030775,-0.7774505615234375,-6.219024658203125,-7.059249877929688,-6.9566802978515625,-4.3842620849609375,0.2117462158203125
2025-02-17,0,0,292.3069152832031,289.4428100585937,-1.9088897705078125,0.5743255615234375,0.0,91722.375,266.3572998046875,282.6285400390625,292.92877197265625,0.0007870581466704,0.001169117167592,0.0055450201034545,0.018463134765625,-4.8826446533203125,-7.338409423828125,-9.834014892578123,-4.170669555664063,-2.151596069335937
2025-02-17,6,1,301.9755249023437,284.1283569335937,-2.8489532470703125,0.934478759765625,0.0,91916.125,265.9661865234375,283.2572631835937,292.8468322753906,0.0007867999374866,0.0009198416955769,0.0061880648136138,-0.8682403564453125,-6.416229248046875,-4.7008209228515625,-8.675827026367188,-5.86138916015625,0.5040283203125
2025-02-17,12,2,302.95233154296875,283.6762390136719,-2.398895263671875,0.6341552734375,0.0,91574.0625,266.20849609375,280.9049987792969,296.12274169921875,0.0009516975842416,0.0044837947934865,0.0054966881871223,-3.776580810546875,-2.8585662841796875,-4.30047607421875,-9.196060180664062,-5.858428955078125,-0.0110626220703125
2025-02-17,18,3,295.3578491210937,287.6023864746094,-2.891342163085937,1.4645843505859375,0.0,91852.75,265.72174072265625,283.4356689453125,292.7088623046875,0.0008938554674386,0.0021536187268793,0.0078194476664066,-4.3636627197265625,-7.1118011474609375,-6.42315673828125,-7.10052490234375,-5.503219604492188,2.17242431640625
2025-02-18,0,0,291.61041259765625,289.90142822265625,-1.8081817626953125,0.4393157958984375,0.0,91700.265625,264.98785400390625,283.2691650390625,293.63409423828125,0.0007848849054425,0.0024640071205794,0.0028617705684155,-3.728073120117188,-6.5911712646484375,-6.35443115234375,-5.714645385742188,-6.81890869140625,-1.2421112060546875
2025-02-18,6,1,301.7158508300781,283.10479736328125,-2.2561492919921875,1.0594329833984375,0.0,91948.25,265.5826416015625,282.5313720703125,292.9052124023437,0.0008773191366344,0.0028330907225608,0.0056859105825424,-3.266143798828125,-9.13037109375,-3.7789306640625,-5.522018432617188,-6.188079833984375,0.9044342041015624
2025-02-18,12,2,302.8991394042969,283.3846130371094,-2.2584228515625,0.805145263671875,0.0,91597.140625,265.8209533691406,280.51873779296875,296.03741455078125,0.000934389187023,0.0055105318315327,0.0060413032770156,-2.55999755859375,-2.982406616210937,-4.048385620117188,-3.8458099365234375,-4.521743774414063,0.65777587890625
2025-02-18,18,3,295.90386962890625,287.2528076171875,-2.5194244384765625,1.6376495361328125,0.0,91820.125,266.4674072265625,282.9765319824219,294.121337890625,0.0007028756663203,0.0029758857563138,0.0067784376442432,-1.429412841796875,-6.202239990234375,-5.3565673828125,-7.196136474609375,-6.66143798828125,1.942138671875
2025-02-19,0,0,291.7535095214844,289.0749816894531,-2.1611480712890625,0.219085693359375,0.0,91605.046875,266.11572265625,282.6822814941406,294.1949462890625,0.0005683198105543,0.0028385177720338,0.0046668648719787,1.7958221435546875,-6.41839599609375,-6.2066650390625,-7.4663238525390625,-6.8846588134765625,-0.70465087890625
2025-02-19,6,1,303.0366516113281,284.1435546875,-2.10125732421875,0.3022308349609375,0.0,91741.875,265.5893249511719,283.0809936523437,294.5502014160156,0.0007849379908293,0.0025114656891673,0.0065333135426044,0.068939208984375,-7.446884155273437,-3.526031494140625,-6.17706298828125,-4.44622802734375,-0.224456787109375
2025-02-19,12,2,304.17926025390625,286.13873291015625,-1.624298095703125,0.1112213134765625,0.0,91398.046875,267.1473999023437,281.7837829589844,297.81689453125,0.0005185001064091,0.0058480091392993,0.0059330277144908,0.96966552734375,-3.0338592529296875,-3.43402099609375,-7.385940551757812,-2.7812042236328125,-0.5768280029296875
2025-02-19,18,3,296.1777038574219,287.72674560546875,-2.5066375732421875,1.076080322265625,0.0,91698.984375,267.0934143066406,281.6596374511719,293.9665832519531,0.0005878957454115,0.0054564401507377,0.0078257322311401,0.4343109130859375,0.932342529296875,-5.5745849609375,-6.9632415771484375,-4.9168548583984375,3.387237548828125
2025-02-20,0,0,293.2946472167969,290.47607421875,-1.4366607666015625,1.0717315673828125,0.0,91617.390625,266.7424621582031,282.5135192871094,293.4891967773437,0.0006117280572652,0.00357411429286,0.0066702216863632,1.32025146484375,-4.171722412109375,-5.7674560546875,-3.28277587890625,-4.5681915283203125,0.9685821533203124
2025-02-20,6,1,302.0038757324219,285.8934936523437,-2.5517120361328125,1.5726776123046875,0.0,91817.40625,267.7920227050781,282.2419128417969,293.7668151855469,0.0004699784331023,0.0028637538198381,0.0082082115113735,2.94854736328125,-6.982635498046875,-4.2698516845703125,-7.249588012695312,-2.6962127685546875,1.63409423828125
2025-02-20,12,2,303.73150634765625,284.783203125,-2.773300170898437,1.1332550048828125,0.0,91532.9375,267.73785400390625,281.2069091796875,296.91290283203125,0.0004134166520088,0.0066294372081756,0.0068767629563808,5.2022552490234375,-2.6707000732421875,-4.9409942626953125,-7.1979522705078125,-2.9930419921875,1.246368408203125
2025-02-20,18,3,295.9653625488281,287.5709533691406,-2.7050018310546875,1.5395355224609375,0.0,91804.203125,267.49822998046875,282.6942138671875,294.24078369140625,0.0004585357382893,0.0040242904797196,0.0078457370400428,5.148193359375,-2.206649780273437,-6.01910400390625,-6.8765869140625,-2.3328399658203125,2.2412261962890625
2025-02-21,0,0,292.939697265625,290.4619140625,-1.587890625,0.5266571044921875,0.0,91735.578125,267.52197265625,282.67535400390625,293.81402587890625,0.0008300540503114,0.00266081886366,0.0046123266220092,5.2530670166015625,-3.336883544921875,-7.27984619140625,-4.4628753662109375,-2.1706085205078125,-0.2243194580078125
2025-02-21,6,1,302.40869140625,286.2265319824219,-2.90936279296875,0.7505035400390625,0.0,91963.921875,269.2295837402344,281.52032470703125,293.4881896972656,0.0002363259845878,0.0033984628971666,0.0071182027459144,3.0188446044921875,-3.9120025634765625,-4.811065673828125,-7.6071624755859375,-4.5883331298828125,0.37664794921875
2025-02-21,12,2,303.5042724609375,284.859619140625,-2.843124389648437,0.2008209228515625,0.0,91630.234375,270.26641845703125,280.890625,296.7606811523437,0.0001549231965327,0.0063046813011169,0.0064644217491149,1.7531280517578125,-2.959228515625,-4.8622589111328125,-6.5880889892578125,-3.6595611572265625,-0.5832977294921875
2025-02-21,18,3,296.4100341796875,286.9975891113281,-2.9757843017578125,0.7697601318359375,0.0,91888.625,269.79510498046875,282.245361328125,292.976806640625,0.0002304967638337,0.0030967409256845,0.0087766051292419,0.0234375,-2.047393798828125,-8.644073486328125,-7.848785400390625,-3.40716552734375,0.7352447509765625
2025-02-22,0,0,293.00958251953125,291.35888671875,-1.56854248046875,0.46685791015625,120.25,91791.640625,270.00604248046875,280.1904296875,292.79058837890625,0.0004115209449082,0.0050343945622444,0.0067340917885303,0.749847412109375,-1.3681488037109375,-7.621795654296875,-6.607147216796875,-5.3746185302734375,0.087799072265625
2025-02-22,6,1,302.12677001953125,287.5590515136719,-2.919525146484375,0.0191497802734375,0.0,91999.515625,268.5336303710937,280.57421875,293.00982666015625,0.0004247075412422,0.0032076344359666,0.0088991597294807,-0.22686767578125,-4.90216064453125,-4.78656005859375,-1.9799346923828125,-7.5961761474609375,-0.7709197998046875
2025-02-22,12,2,303.9789733886719,284.6801452636719,-2.5036163330078125,-1.7548828125,0.0,91653.171875,268.1558837890625,280.9443359375,297.0096130371094,0.0004494695458561,0.0059066973626613,0.0060716234147548,-0.5967254638671875,-3.8524169921875,-4.56524658203125,-2.381500244140625,-5.9684600830078125,-4.091552734375
2025-02-22,18,3,296.94061279296875,287.75103759765625,-2.62091064453125,1.316802978515625,1.625,91996.203125,268.4921875,280.9320678710937,292.72216796875,0.000483940122649,0.0051370747387409,0.0091899298131465,0.9856719970703124,-1.9199676513671875,-7.910324096679687,-1.863067626953125,-10.140457153320312,1.0057830810546875
2025-02-23,0,0,293.49859619140625,291.02197265625,-1.662445068359375,0.3789520263671875,81.75,91793.359375,268.3164978027344,280.1806945800781,293.21783447265625,0.0003340148832648,0.0046611707657575,0.0064258128404617,5.9644927978515625,-7.2658843994140625,-7.125244140625,-3.0416412353515625,-9.789825439453123,-1.782958984375
2025-02-23,6,1,302.0064697265625,286.5267944335937,-3.798828125,-1.7788848876953125,0.0,91970.796875,268.7056579589844,279.9300537109375,293.890625,0.0002371822483837,0.0035931144375354,0.007766731083393,6.02740478515625,-10.67156982421875,-5.89556884765625,-2.009033203125,-9.346282958984377,-3.2287750244140625
2025-02-23,12,2,303.58154296875,281.5154113769531,-3.2467041015625,-2.2136993408203125,0.0,91694.328125,268.5675048828125,280.166259765625,296.2175598144531,0.000278805848211,0.0049440003931522,0.0050637684762477,6.8969573974609375,-5.785186767578125,-6.30108642578125,0.7830657958984375,-5.451904296875,-4.7137298583984375
2025-02-23,18,3,296.53814697265625,285.8576965332031,-3.403167724609375,0.81396484375,0.0,91943.828125,267.7921142578125,279.7048645019531,293.1258544921875,0.0003265375271439,0.0044080168008804,0.0054206065833568,4.445159912109375,-1.82073974609375,-12.656402587890623,-0.9504852294921876,-7.896026611328125,-0.8281097412109375
2025-02-24,0,0,293.83349609375,287.8300476074219,-2.550750732421875,-0.136260986328125,0.0,91795.75,268.37274169921875,279.393310546875,292.2997741699219,0.000140982272569,0.0023941106628626,0.0050043351948261,3.823165893554688,-6.3951263427734375,-12.81488037109375,-4.9108428955078125,-4.823654174804688,-3.2852783203125
2025-02-24,6,1,302.3876342773437,280.7386474609375,-4.840347290039063,-1.7813568115234375,0.0,92029.546875,268.156005859375,280.8888244628906,293.27984619140625,0.0001240838173544,0.0010637920349836,0.004955630749464,-2.2386627197265625,-6.439743041992188,-7.421707153320312,-4.222702026367188,-1.922882080078125,-3.06072998046875
2025-02-24,12,2,302.6530456542969,280.7192077636719,-3.53082275390625,0.1106719970703125,0.0,91651.125,268.8275146484375,279.491455078125,295.46661376953125,0.000113715941552,0.0050776973366737,0.0051694698631763,-2.628158569335937,-5.794113159179688,-6.83148193359375,-4.1243896484375,-1.907928466796875,-0.257415771484375
2025-02-24,18,3,295.4672546386719,287.5133056640625,-4.0972747802734375,0.413238525390625,0.0,92027.734375,269.2274475097656,281.7777099609375,290.6608581542969,0.0001019085902953,0.002100933343172,0.0079169049859046,-6.1742095947265625,-3.499420166015625,-13.107025146484377,-3.9609527587890634,-1.94122314453125,0.09686279296875
2025-02-25,0,0,292.9134521484375,288.329833984375,-3.1115264892578125,-0.1163482666015625,0.0,91861.390625,269.67498779296875,280.93231201171875,290.75225830078125,0.0001715897960821,0.0015948812942951,0.004593800753355,-6.30419921875,-5.041046142578125,-9.464752197265623,-2.85882568359375,0.3167266845703125,0.5783233642578125
2025-02-25,6,1,301.231689453125,282.7341003417969,-4.5059814453125,0.3247222900390625,0.0,92094.984375,269.15234375,281.4593505859375,291.934326171875,0.0001900579809444,0.001183733344078,0.0062271691858768,-6.771041870117188,-7.7888641357421875,-7.007354736328125,-1.442352294921875,0.8964691162109375,0.4244384765625
2025-02-25,12,2,302.434326171875,285.6578369140625,-3.8685455322265625,0.3239898681640625,0.0,91758.3125,268.79345703125,279.420654296875,294.7181396484375,0.0001779174053808,0.0062149986624717,0.0075362510979175,-6.192626953125,-5.1673431396484375,-6.636764526367188,-2.288314819335937,-0.3151702880859375,0.4165191650390625
2025-02-25,18,3,295.2470092773437,286.28973388671875,-4.472412109375,-0.0574951171875,0.0,92093.828125,269.12371826171875,281.95928955078125,291.6373291015625,0.0002940283156931,0.0042331740260124,0.0084120668470859,-4.8852081298828125,-7.61114501953125,-11.437057495117188,-1.3709716796875,2.531280517578125,-0.461822509765625
2025-02-26,0,0,294.5293273925781,282.8014831542969,-3.740997314453125,-0.639373779296875,0.0,91884.328125,269.40203857421875,281.3494873046875,291.0716552734375,0.0003440898144617,0.0054593794047832,0.0055568814277648,-1.8114166259765625,-5.871856689453125,-13.594940185546877,0.7615814208984375,3.144256591796875,-0.5327301025390625
2025-02-26,6,1,301.9267578125,284.1861572265625,-5.602508544921875,-0.2771759033203125,0.0,92096.765625,268.60614013671875,282.2911376953125,292.4227294921875,0.0002825590781867,0.005371581763029,0.0073552429676055,-2.857086181640625,-5.6440277099609375,-8.985610961914062,-0.3134307861328125,3.2436065673828125,-0.58294677734375
2025-02-26,12,2,302.4735717773437,286.67022705078125,-4.2418975830078125,-0.381256103515625,0.0,91686.796875,268.28033447265625,280.336181640625,295.19732666015625,0.0002894634380936,0.0068214833736419,0.0081300437450408,-1.967529296875,-3.5688629150390625,-7.0252838134765625,-2.86767578125,-2.155792236328125,-1.142669677734375
2025-02-26,18,3,295.31158447265625,287.11492919921875,-4.3586273193359375,-0.0586395263671875,0.0,92028.859375,268.618896484375,282.96197509765625,291.5780029296875,0.000388887245208,0.0027159780729562,0.0063164010643959,-1.9823455810546875,-6.5972900390625,-12.408584594726562,-3.882904052734375,-1.6011810302734375,-2.03839111328125
2025-02-27,0,0,293.2574462890625,286.23956298828125,-3.127044677734375,-0.8802337646484375,0.0,91811.046875,268.8037109375,283.152587890625,290.9832763671875,0.0004304458852857,0.0010858403984457,0.0046903789043426,1.2659454345703125,-5.1432037353515625,-11.18597412109375,-4.16851806640625,-3.1017303466796875,-1.6068115234375
2025-02-27,6,1,301.9374389648437,281.2174377441406,-4.30963134765625,0.3189239501953125,0.0,91973.234375,268.1999816894531,283.86212158203125,292.69775390625,0.000421553151682,0.0004412913694977,0.0049342848360538,0.201507568359375,-8.039352416992188,-6.6568450927734375,-4.915283203125,-3.2502899169921875,0.32000732421875
2025-02-27,12,2,302.74151611328125,281.4670104980469,-3.6153564453125,0.16851806640625,0.0,91498.453125,268.39520263671875,282.23876953125,295.67974853515625,0.0003129404503852,0.0016509976703673,0.0053905621170997,-0.746734619140625,-5.826141357421875,-6.682037353515625,-5.6880645751953125,-2.05865478515625,0.0904388427734375
2025-02-27,18,3,295.5480041503906,287.4456787109375,-4.181198120117188,0.4489288330078125,0.0,91887.640625,267.6801147460937,283.8003234863281,290.8421325683594,0.0003002134326379,0.0005408904980868,0.0087530314922332,-3.533065795898437,-8.434921264648438,-9.91656494140625,-4.6940765380859375,-0.5943756103515625,0.71392822265625
2025-02-28,0,0,292.6771545410156,287.08349609375,-2.255615234375,-0.5588531494140625,0.0,91687.578125,267.3734741210937,284.3943176269531,291.7210693359375,0.0003331282641738,0.0006304820999503,0.003664179239422,-3.080413818359375,-6.683258056640625,-6.403656005859375,-2.536285400390625,0.2010345458984375,0.9086151123046876
2025-02-28,6,1,300.83795166015625,281.81866455078125,-3.6353759765625,0.432220458984375,0.0,91904.671875,267.4041748046875,284.125,292.96392822265625,0.000428739702329,0.0007399236783385,0.0068936385214328,-4.469573974609375,-6.3468170166015625,-5.5780792236328125,-0.5741729736328125,1.3973846435546875,0.6360931396484375
2025-02-28,12,2,302.9574279785156,285.45147705078125,-3.729217529296875,0.688507080078125,0.0,91438.203125,267.7347412109375,283.947509765625,295.79107666015625,0.0004828518722206,0.0009417917462997,0.0076429806649684,-3.7802581787109375,-4.18994140625,-6.531402587890625,-0.946319580078125,0.1395721435546875,0.950164794921875
2025-02-28,18,3,295.9848022460937,290.6180725097656,-4.0853424072265625,1.82965087890625,0.0,91843.578125,268.13262939453125,282.778564453125,291.4799194335937,0.0006816955283284,0.0018836201634258,0.0109682939946651,-4.6082611083984375,-7.2781219482421875,-8.487228393554688,-0.894256591796875,3.1038970947265625,3.413604736328125
2025-03-01,0,0,293.70916748046875,291.79864501953125,-3.031219482421875,0.0013275146484375,0.125,91600.390625,268.9457397460937,283.8588256835937,290.89373779296875,0.0008554733358323,0.001027600839734,0.0110025480389595,-5.6220245361328125,-6.5994415283203125,-7.077178955078125,-2.501953125,0.6396026611328125,1.0408477783203125
2025-03-01,6,1,300.638427734375,290.76092529296875,-3.53375244140625,1.6491241455078125,6.75,91846.21875,268.70855712890625,283.4507141113281,292.7689514160156,0.0008104627486318,0.0019624105188995,0.0115854479372501,-6.844085693359375,-6.959640502929688,-5.409469604492188,-1.576141357421875,1.2460784912109375,2.348358154296875
2025-03-01,12,2,302.9940185546875,289.1455078125,-2.60101318359375,0.47027587890625,0.0,91454.9375,268.5238342285156,281.960693359375,295.6973876953125,0.000862177927047,0.0043218955397605,0.0099599994719028,-5.1291351318359375,-2.1596221923828125,-3.97344970703125,-1.75103759765625,-0.3740081787109375,0.03790283203125
2025-03-01,18,3,296.81689453125,291.9020080566406,-3.65863037109375,2.139129638671875,0.25,91701.828125,268.85308837890625,284.443359375,292.069091796875,0.0005112197250127,0.0009545327629894,0.0120077282190322,-5.762786865234375,-1.8108673095703125,-8.014251708984375,-8.93975830078125,-0.4928131103515625,4.50286865234375
2025-03-02,0,0,294.686767578125,292.0509338378906,-2.9473876953125,0.4561920166015625,11.25,91464.625,269.03570556640625,284.1829833984375,293.447998046875,0.0003626584075391,0.0011463609989732,0.0083321146667003,-2.952880859375,-5.855438232421875,-7.504989624023437,-10.021697998046877,-1.9353485107421875,0.5843505859375
2025-03-02,6,1,300.3774108886719,289.6536865234375,-1.941253662109375,1.6485137939453125,0.0,91720.875,269.1522827148437,284.22247314453125,292.54522705078125,0.0003315592184662,0.0010903780348598,0.0114441998302936,-3.269287109375,-6.8791046142578125,-3.2556915283203125,-9.222640991210938,-1.7873382568359375,1.822174072265625
2025-03-02,12,2,303.8159484863281,287.3462219238281,-1.629241943359375,0.5913848876953125,0.0,91321.296875,268.9955444335937,281.4601135253906,296.81695556640625,0.0002649263478815,0.0068746428005397,0.0089937336742877,-4.463882446289063,-2.84368896484375,-2.2582244873046875,-7.543853759765625,-3.60321044921875,0.1092071533203125
2025-03-02,18,3,297.7498474121094,289.1370849609375,-2.216537475585937,1.5560302734375,0.0,91646.296875,268.5978088378906,281.3702087402344,294.37371826171875,0.0002173777174903,0.0066883489489555,0.0099260732531547,-6.7546234130859375,1.83978271484375,-2.177581787109375,-5.850845336914063,-5.79144287109375,6.2909698486328125
2025-03-03,0,0,295.4174499511719,292.3175048828125,-1.341766357421875,0.878326416015625,151.75,91571.0,269.67950439453125,281.9423217773437,291.3885803222656,0.00017672451213,0.0036073655355721,0.0129632204771041,-5.302658081054688,-2.8329315185546875,0.8210906982421875,-4.56695556640625,-5.50750732421875,4.845428466796875
2025-03-03,6,1,302.7616271972656,289.952392578125,-2.0106201171875,-1.290557861328125,0.0,91722.390625,269.0693359375,283.0152587890625,294.2593994140625,0.0001578387309564,0.0013012972194701,0.0104320533573627,-5.530426025390625,-5.7236175537109375,-3.0133209228515625,-6.3238677978515625,-7.659271240234375,-2.314971923828125
2025-03-03,12,2,304.83544921875,282.8436279296875,-1.8335418701171875,-1.704742431640625,0.0,91331.53125,268.2796325683594,282.26812744140625,298.4223022460937,0.0001828926906455,0.0054921731352806,0.005546998232603,-7.883056640625,-4.13812255859375,-4.061309814453125,-8.1512451171875,-4.5193939208984375,-4.0381927490234375
2025-03-03,18,3,298.02203369140625,287.2373046875,-3.059555053710937,1.29278564453125,11.0,91680.140625,268.7130432128906,281.2649841308594,293.8376159667969,0.0001811112597351,0.0056100338697433,0.0093507878482341,-9.9793701171875,1.2939453125,-9.732070922851562,-6.0999908447265625,-5.8936920166015625,1.6618804931640625
2025-03-04,0,0,294.3226318359375,291.5035095214844,-1.42205810546875,0.1724395751953125,43.0,91490.34375,269.41961669921875,280.23016357421875,294.6604919433594,0.0001930300495587,0.0056075677275657,0.0053518749773502,-8.46649169921875,-5.508590698242188,-8.016387939453125,-4.1786041259765625,-9.935073852539062,-2.0710601806640625
2025-03-04,6,1,303.6446838378906,285.4574890136719,-4.858154296875,-2.2574462890625,0.0,91708.546875,269.4721069335937,282.2420959472656,295.4879150390625,0.0002120692952303,0.0017595840618014,0.006260585039854,-6.676910400390625,-10.590133666992188,-7.717483520507812,-3.548248291015625,-10.168563842773438,-4.017257690429688
2025-03-04,12,2,304.3771057128906,284.7069396972656,-3.3877716064453125,0.4707489013671875,0.0,91428.375,268.5605163574219,281.7284851074219,297.8778381347656,0.0002541413996368,0.0059631615877151,0.0060357935726642,-6.2287139892578125,-6.1124420166015625,-6.399444580078125,-5.385284423828125,-2.34063720703125,0.1920928955078125
2025-03-04,18,3,297.30987548828125,286.1044311523437,-2.656219482421875,0.45379638671875,0.0,91715.5,269.20611572265625,281.5060119628906,295.09033203125,0.000218921151827,0.0036062302533537,0.0065533369779586,-7.772308349609375,-7.79376220703125,-9.491485595703123,-3.677444458007813,-8.069442749023438,-0.4603118896484375
2025-03-05,0,0,294.6641845703125,287.0669250488281,-2.087509155273437,0.3532562255859375,0.0,91507.46875,269.29412841796875,281.5072021484375,294.61700439453125,0.0002435752976452,0.0029228515923023,0.0054605230689048,-6.2419281005859375,-7.996994018554687,-9.135055541992188,-2.8557281494140625,-10.679473876953123,0.6167144775390625
2025-03-05,6,1,303.153076171875,286.1317749023437,-3.4134674072265625,-0.464569091796875,0.0,91664.625,269.0620422363281,281.8743591308594,295.7834167480469,0.0002521784044802,0.0031021852046251,0.0063537508249282,-5.2959747314453125,-9.805572509765623,-5.340103149414063,-6.650726318359375,-8.539474487304688,-1.3865509033203125
2025-03-05,12,2,305.2182312011719,284.97760009765625,-1.924774169921875,-0.661407470703125,0.0,91393.09375,269.4195861816406,282.0052490234375,298.1908569335937,0.0002401304518571,0.0062397308647632,0.0063585229218006,-6.8275146484375,-3.9551849365234375,-3.8398590087890634,-7.975173950195312,-4.194488525390625,-2.0794830322265625
2025-03-05,18,3,298.05242919921875,284.8426818847656,-2.01177978515625,0.615509033203125,0.0,91699.796875,270.27349853515625,281.3089599609375,295.0531005859375,0.0003469554067123,0.0065715424716472,0.0076456069946289,-7.7081298828125,1.1336517333984375,-3.502685546875,-8.391983032226562,-6.5518341064453125,4.958038330078125
2025-03-06,0,0,294.9718017578125,288.0604553222656,-1.63433837890625,1.3402557373046875,0.0,91642.046875,270.6278381347656,279.66192626953125,293.3998413085937,0.0008706713560968,0.0066947806626558,0.008518997579813,-5.8939056396484375,-2.1586151123046875,1.157012939453125,-5.583465576171875,-4.5076751708984375,3.434173583984375
2025-03-06,6,1,303.24237060546875,287.6588439941406,-0.8387908935546875,0.251678466796875,0.0,91808.703125,270.355224609375,281.0296630859375,294.52447509765625,0.0002786490367725,0.0036796221975237,0.0089023672044277,-6.099899291992188,-3.42620849609375,-1.27105712890625,-3.0811767578125,-6.4628448486328125,-0.1584014892578125
2025-03-06,12,2,305.2527160644531,285.8230285644531,-0.945556640625,-2.1596832275390625,0.0,91444.75,270.275634765625,281.8349609375,297.9162292480469,0.0001427707902621,0.0068533755838871,0.0069369375705718,-7.55047607421875,-2.46820068359375,-1.73614501953125,-3.509552001953125,-4.44354248046875,-3.945281982421875
2025-03-06,18,3,297.5509948730469,283.5667724609375,-2.34051513671875,-0.459503173828125,0.0,91612.046875,270.3519287109375,283.373046875,295.6582946777344,0.0002068976318696,0.0023492097388952,0.0058469586074352,-8.685165405273438,-1.357177734375,-6.93133544921875,-4.25018310546875,-5.330352783203125,-3.107894897460937
2025-03-07,0,0,293.823974609375,289.2870178222656,-1.79833984375,-0.0755767822265625,0.0,91500.1875,270.530029296875,284.37744140625,293.0475769042969,0.0002597689162939,0.0003397813998162,0.0069199576973915,-6.575286865234375,-6.883758544921875,-3.722091674804688,-6.633636474609375,-7.249435424804687,-1.72088623046875
2025-03-07,6,1,302.7481384277344,286.397705078125,-0.3432769775390625,-0.0581207275390625,0.0,91663.546875,269.52789306640625,285.0811767578125,294.2679748535156,0.0004306405317038,0.0006260657683014,0.0069823823869228,-4.470138549804688,-8.364181518554688,-0.4445953369140625,-7.893234252929687,-6.087570190429688,-0.5457305908203125
2025-03-07,12,2,305.2847595214844,284.0418701171875,-0.25634765625,-1.110015869140625,0.0,91277.671875,269.9328308105469,282.4505615234375,298.4682922363281,0.0003916474524885,0.0040068724192678,0.0041647618636488,-2.716827392578125,-1.8873748779296875,-0.835205078125,-6.693023681640625,-3.722412109375,-2.856063842773437
2025-03-07,18,3,296.0311279296875,278.45147705078125,-2.985870361328125,0.4016876220703125,0.0,91581.515625,268.95233154296875,282.56903076171875,294.93634033203125,0.0003048321232199,0.0027321502566337,0.004928458482027,-6.099822998046875,1.95074462890625,-4.8890228271484375,-7.5518798828125,-0.8524169921875,3.115142822265625
2025-03-08,0,0,293.10400390625,285.9928894042969,-1.9413604736328125,1.13385009765625,0.0,91410.3125,269.30615234375,283.5577392578125,292.25457763671875,0.0003247584681957,0.0016208363231271,0.0091111958026885,-4.358367919921875,-2.536117553710937,1.0951995849609375,-7.156707763671875,-8.195281982421875,3.9409027099609375
2025-03-08,6,1,303.0668334960937,287.00390625,-0.13299560546875,-0.0130157470703125,0.0,91556.4375,268.83154296875,285.09735107421875,294.25164794921875,0.0003276203060522,0.0010369000956416,0.0079328641295433,-2.814361572265625,-6.4759368896484375,-0.3727264404296875,-6.6364288330078125,-6.02362060546875,-0.562408447265625
2025-03-08,12,2,305.42791748046875,285.1265869140625,-0.9790191650390624,-1.0942535400390625,0.0,91148.21875,268.6723022460937,282.6171569824219,298.63671875,0.0002299647167092,0.0046191252768039,0.0048341378569602,-3.59588623046875,-2.970932006835937,-2.0540313720703125,-8.373199462890625,-4.46490478515625,-2.644378662109375
2025-03-08,18,3,297.17919921875,284.5985107421875,-3.291595458984375,0.980010986328125,0.0,91487.125,268.4642639160156,283.15362548828125,295.26666259765625,0.000336067052558,0.0028463725466281,0.0072585307061672,-4.7947845458984375,0.0200347900390625,-4.3677825927734375,-6.96722412109375,-3.3222808837890625,4.9678497314453125
2025-03-09,0,0,294.04815673828125,288.5223999023437,-1.8040924072265625,0.6973876953125,0.0,91358.390625,269.3943786621094,283.8207092285156,293.9216003417969,0.0002512148930691,0.0011379073839634,0.0077285021543502,-4.1608734130859375,-5.830413818359375,-2.692108154296875,-5.694793701171875,-4.8167266845703125,2.340484619140625
2025-03-09,6,1,304.4903564453125,283.2860107421875,-3.380615234375,-0.224578857421875,0.0,91558.15625,269.1640625,284.75262451171875,295.78497314453125,0.0002587367780506,0.0016723833978176,0.0061973445117473,-5.175094604492188,-8.415512084960938,-5.22564697265625,-4.503463745117188,-5.096160888671875,-0.8957977294921875
2025-03-09,12,2,305.1660461425781,282.8009948730469,-3.8384857177734375,1.045440673828125,0.0,91280.25,269.4754638671875,282.6371765136719,298.0625305175781,0.0002198664587922,0.0043696761131286,0.0049582161009311,-6.1862640380859375,-2.2505035400390625,-7.319442749023437,-3.439483642578125,-4.58843994140625,1.2303466796875
2025-03-09,18,3,296.5121765136719,288.43096923828125,-3.695114135742188,1.2940673828125,0.0,91677.8125,269.6342163085937,283.2900695800781,294.9823608398437,0.0002099643606925,0.003042769152671,0.0051832757890224,-6.128463745117188,-2.937957763671875,-10.21563720703125,-3.0985107421875,-4.4346466064453125,-0.5235748291015625
2025-03-10,0,0,293.2391967773437,291.08111572265625,-2.8985595703125,0.61993408203125,0.0,91616.6875,270.027099609375,282.3968505859375,294.53045654296875,0.0002067570894723,0.0028055622242391,0.00202356162481,-5.881637573242188,-2.959503173828125,-11.04937744140625,-1.75323486328125,-6.163970947265625,0.3360137939453125
2025-03-10,6,1,301.8192749023437,285.33746337890625,-3.865631103515625,0.649505615234375,0.0,91849.515625,270.3615417480469,282.48992919921875,292.3937683105469,0.0002081818820443,0.0027663651853799,0.0069750808179378,-5.58837890625,-7.4919891357421875,-6.3697509765625,0.173431396484375,-4.745285034179688,0.3931732177734375
2025-03-10,12,2,303.1508178710937,284.02203369140625,-4.137374877929688,-0.0872802734375,0.0,91459.21875,269.3269958496094,283.31158447265625,295.71319580078125,0.0002128377527697,0.0017178342677652,0.0064480304718017,-3.4454803466796875,-8.091094970703125,-7.4053192138671875,-4.4630279541015625,-0.5510711669921875,-0.5101470947265625
2025-03-10,18,3,295.79180908203125,287.5750427246094,-3.8656158447265625,-0.23419189453125,0.0,91831.875,269.14111328125,284.12469482421875,292.4213256835937,0.0002209272643085,0.001258235424757,0.0079584792256355,-5.6392974853515625,-8.824081420898438,-8.588363647460938,-2.106918334960937,-0.0570526123046875,-1.72552490234375
2025-03-11,0,0,293.4750366210937,291.1726989746094,-2.9959716796875,-0.711700439453125,0.0,91616.65625,269.7958374023437,285.0945129394531,292.20904541015625,0.0001976363128051,0.0006849481724202,0.0051986016333103,-4.155120849609375,-8.796371459960938,-11.650360107421877,-2.170379638671875,1.7079925537109375,-1.2439117431640625
2025-03-11,6,1,300.87359619140625,286.946044921875,-4.9859466552734375,0.6479644775390625,0.0,91836.953125,269.4552917480469,283.6998291015625,292.6005249023437,0.0001618536916794,0.0076347850263118,0.0102634727954864,-6.419479370117188,-8.669769287109375,-8.469207763671875,-2.871612548828125,0.6074981689453125,0.91839599609375
2025-03-11,12,2,300.84228515625,292.8197326660156,-4.5823974609375,2.59405517578125,87.0,91549.5,269.11285400390625,282.9110717773437,292.7756652832031,0.0002240329049527,0.0096074678003788,0.0137423798441886,-8.438003540039062,-6.557632446289063,-9.503997802734377,-7.391769409179687,-2.6481475830078125,3.4407958984375
2025-03-11,18,3,295.701171875,293.545166015625,-3.124664306640625,1.4378662109375,12.875,91831.578125,268.4025573730469,282.6693725585937,291.26092529296875,0.000339584192261,0.008327342569828,0.0137387365102767,-10.96905517578125,-6.581588745117188,-8.612960815429688,-6.903488159179688,-2.381820678710937,4.567428588867188
2025-03-12,0,0,295.4354248046875,292.8535461425781,-2.21527099609375,0.0625152587890625,64.125,91596.4375,268.5653076171875,282.3748474121094,291.5300598144531,0.0002747566904872,0.0095699317753314,0.0128571540117263,-10.843734741210938,-9.121353149414062,-8.686965942382812,-7.555267333984375,-1.78973388671875,1.3129425048828125
2025-03-12,6,1,301.9030456542969,293.1771545410156,-3.4129791259765625,0.89373779296875,692.75,91706.734375,268.7406616210937,282.7601928710937,293.44805908203125,0.0003179383929818,0.0086007192730903,0.0143102779984474,-11.647369384765623,-9.549118041992188,-5.2785491943359375,-4.097442626953125,-0.21929931640625,1.0036773681640625
2025-03-12,12,2,300.321044921875,293.185791015625,-2.9934844970703125,1.7198486328125,471.375,91448.40625,267.412109375,283.5526123046875,293.3641967773437,0.0014029666781425,0.0072502456605434,0.0138668492436409,-8.474853515625,-6.7479095458984375,-6.6392822265625,-2.369598388671875,-2.534881591796875,3.00604248046875
2025-03-12,18,3,294.941650390625,292.75421142578125,-1.4212799072265625,1.6459197998046875,150.0,91715.0,267.38189697265625,283.26416015625,291.908935546875,0.0006152826827019,0.0059377588331699,0.0134651437401771,-10.18646240234375,-3.992218017578125,-5.518966674804688,-2.001800537109375,-1.4423065185546875,3.087860107421875
2025-03-13,0,0,294.4760437011719,292.5535888671875,-1.285675048828125,0.6775665283203125,63.375,91544.765625,267.4393920898437,283.53582763671875,293.5448608398437,0.000483670970425,0.0027761033270508,0.0098404958844184,-5.213897705078125,-5.48712158203125,-4.528900146484375,1.7073516845703125,-1.7361907958984375,-1.803253173828125
2025-03-13,6,1,302.855712890625,289.32440185546875,-1.787109375,-1.4422149658203125,0.0,91727.109375,267.86602783203125,284.072021484375,294.04034423828125,0.0003440766595304,0.0016193718183785,0.0094629190862178,-3.548583984375,-7.901763916015625,-2.9815826416015625,1.9246368408203125,-2.431396484375,-2.2293243408203125
2025-03-13,12,2,305.4379272460937,282.9474792480469,-2.4455718994140625,0.1577606201171875,0.0,91305.40625,267.69464111328125,282.4438781738281,298.5624389648437,0.000328202964738,0.0061271302402019,0.0062677823007106,-2.503326416015625,-5.1103363037109375,-5.39556884765625,-3.2177886962890625,-2.3152313232421875,-0.34832763671875
2025-03-13,18,3,297.31060791015625,290.61669921875,-2.4539794921875,1.5363616943359375,8.875,91624.40625,267.73175048828125,283.51763916015625,295.73858642578125,0.0002645524218678,0.0030014512594789,0.0072290785610675,-3.833663940429688,-3.668899536132813,-7.652923583984375,-2.82958984375,-2.24310302734375,3.0087432861328125
2025-03-14,0,0,294.12030029296875,291.65289306640625,1.0270538330078125,1.4935760498046875,19.75,91534.171875,267.77459716796875,283.515380859375,295.54180908203125,0.0002540528075769,0.0014541307464241,0.0040371585637331,-3.34783935546875,-7.229400634765625,-6.30780029296875,0.391815185546875,-2.8955535888671875,0.6378631591796875
2025-03-14,6,1,304.9632568359375,284.929931640625,-3.02606201171875,-0.3375701904296875,0.0,91745.15625,268.1164245605469,283.7665710449219,296.04168701171875,0.0002317529142601,0.0012042478192597,0.0066998153924942,-3.368560791015625,-9.894622802734377,-4.9315338134765625,0.3948974609375,-3.4434967041015625,-1.0843048095703125
2025-03-14,12,2,306.0244140625,281.02423095703125,-3.0272216796875,0.791839599609375,0.0,91328.71875,268.22174072265625,283.48687744140625,299.38336181640625,0.0002574424725025,0.0042554996907711,0.0045356564223766,-5.729583740234375,-4.9816741943359375,-6.7582550048828125,0.459014892578125,-4.3263092041015625,0.4831390380859375
2025-03-14,18,3,297.51483154296875,288.6130065917969,-2.589599609375,1.6663055419921875,0.0,91654.765625,268.29547119140625,284.1513061523437,296.18170166015625,0.0002768938429653,0.0021900532301515,0.0040252888575196,-5.506393432617188,-6.124282836914063,-11.822952270507812,-0.568267822265625,-4.0521087646484375,1.554412841796875
2025-03-15,0,0,292.70538330078125,289.08966064453125,-1.741455078125,1.4889984130859375,0.0,91529.359375,268.5906982421875,284.20220947265625,295.1630249023437,0.0003036870621144,0.0011710044927895,0.0026310242246836,-4.9780120849609375,-9.84332275390625,-7.6962890625,1.730560302734375,-3.952682495117188,2.906494140625
2025-03-15,6,1,304.2623291015625,282.8455810546875,-2.330108642578125,1.315582275390625,0.0,91759.84375,268.68194580078125,283.88787841796875,295.063232421875,0.000244790513534,0.001067909412086,0.0055810250341892,-6.13775634765625,-10.944427490234377,-4.1027374267578125,2.58740234375,-1.4869537353515625,1.5410919189453125
2025-03-15,12,2,305.59429931640625,279.6761169433594,-3.2251129150390625,0.943359375,0.0,91437.40625,268.5422668457031,282.92352294921875,298.1427917480469,0.0002331120485905,0.0031367437914013,0.0042779818177223,-7.7785797119140625,-6.545257568359375,-6.7288970947265625,4.316574096679688,-2.6990203857421875,1.203521728515625
2025-03-15,18,3,297.0001525878906,287.0124206542969,-2.7957916259765625,1.3176727294921875,0.0,91773.21875,268.20953369140625,284.0977783203125,295.6749267578125,0.0003090749960392,0.0008525121957063,0.0041292319074273,-8.77032470703125,-6.816650390625,-7.378875732421875,5.710845947265625,-0.2801666259765625,-0.1142120361328125
2025-03-16,0,0,292.9944763183594,290.33221435546875,-2.142852783203125,0.773040771484375,0.0,91631.90625,268.2901611328125,284.5538024902344,294.3056030273437,0.0002906036097556,0.001233838731423,0.0034048333764076,-7.1595001220703125,-5.526519775390625,-1.9453887939453125,8.107452392578125,-0.5219879150390625,2.5247039794921875
2025-03-16,6,1,303.54559326171875,288.12896728515625,-0.6130218505859375,1.64208984375,0.0,91774.109375,268.2591857910156,284.3534240722656,294.3951416015625,0.0003113034181296,0.0024115471169352,0.0074744895100593,-6.1539459228515625,-5.561676025390625,-1.1960296630859375,6.999679565429688,1.904937744140625,1.9913177490234373
2025-03-16,12,2,305.2833251953125,287.3263854980469,-1.7639007568359375,1.9034881591796875,0.0,91369.09375,268.2728576660156,281.9678039550781,297.8759460449219,0.0005978443659842,0.0078509077429771,0.0083045959472656,-5.2689971923828125,-2.0938873291015625,-2.775009155273437,5.919921875,-0.958953857421875,2.44677734375
2025-03-16,18,3,297.80078125,291.23516845703125,-1.4685821533203125,2.706451416015625,3.75,91662.671875,268.5243225097656,283.5550537109375,294.26910400390625,0.0005238947924226,0.0045809857547283,0.0114086531102657,-5.727447509765625,-0.8289031982421875,-1.7950592041015625,7.01983642578125,-4.140472412109375,7.33099365234375
2025-03-17,0,0,296.6097412109375,292.0992736816406,1.538482666015625,1.0264892578125,194.25,91617.15625,267.29278564453125,282.991943359375,291.8041381835937,0.0007778354920446,0.0042687775567173,0.0130518712103366,-2.900009155273437,-2.569061279296875,6.781494140625,7.3409423828125,-2.732330322265625,3.1161651611328125
2025-03-17,6,1,302.676513671875,291.423583984375,1.457275390625,0.22088623046875,26.125,91754.3125,267.1679077148437,283.74810791015625,294.7823486328125,0.0010342097375541,0.0021302048116922,0.0114197470247745,-1.05499267578125,-2.778427124023437,1.6743621826171875,4.951019287109375,-0.66546630859375,-0.1624908447265625
2025-03-17,12,2,305.255615234375,289.1107788085937,-0.647308349609375,-0.189239501953125,1.375,91328.09375,266.90008544921875,282.90826416015625,298.8852233886719,0.0027680643834173,0.0078235566616058,0.008114643394947,1.10479736328125,-2.808380126953125,-1.084075927734375,2.5605621337890625,-6.004425048828125,-1.598968505859375
2025-03-17,18,3,297.7291259765625,291.6793212890625,-0.3824462890625,1.91485595703125,273.0,91721.703125,267.33453369140625,282.6141357421875,294.17437744140625,0.0026948708109557,0.0067337416112422,0.0121525488793849,1.224273681640625,-1.35565185546875,0.144989013671875,1.1061248779296875,-6.015838623046875,5.426483154296875
2025-03-18,0,0,296.297607421875,292.1373596191406,-1.259735107421875,1.0604400634765625,169.125,91518.453125,267.9661865234375,283.7125549316406,293.3954467773437,0.0024940045550465,0.0033509365748614,0.0125907622277736,3.236724853515625,-5.118698120117188,-1.98663330078125,-0.39239501953125,-2.87054443359375,2.8922882080078125
2025-03-18,6,1,304.2763671875,290.53192138671875,-0.8421173095703125,1.0674285888671875,13.375,91642.9375,269.1338806152344,284.75274658203125,295.26300048828125,0.0016131405718624,0.0004986673593521,0.0110527649521827,0.1320953369140625,-6.968017578125,-1.55096435546875,0.436737060546875,-0.644744873046875,0.8828277587890625
2025-03-18,12,2,306.4718017578125,286.218994140625,-2.2792205810546875,1.4987335205078125,0.0,91376.296875,268.95050048828125,282.9035339355469,298.9324951171875,0.001670635305345,0.007834430783987,0.008155308663845,-1.5186767578125,-2.2651519775390625,-3.7058258056640634,0.9042510986328124,-2.3006744384765625,1.6705169677734375
2025-03-18,18,3,298.821044921875,291.3060913085937,-3.115966796875,2.473373413085937,3.625,91722.953125,268.91851806640625,283.9822998046875,294.50714111328125,0.0012389875482767,0.0048648756928741,0.0114018060266971,-4.638595581054688,0.1607208251953125,-4.529205322265625,-1.218902587890625,-5.201141357421875,9.049819946289062
2025-03-19,0,0,296.422119140625,292.7841796875,-0.2898712158203125,1.73651123046875,103.5,91688.03125,269.037109375,283.4635009765625,291.6326904296875,0.0009149694815278,0.0030695889145135,0.0136505030095577,-4.315643310546875,-5.6646728515625,1.819732666015625,1.0206451416015625,-2.707855224609375,5.832778930664063
2025-03-19,6,1,303.6132202148437,291.9344787597656,-0.8416290283203125,2.205902099609375,0.0,91883.03125,268.97802734375,284.2957458496094,294.0243530273437,0.0004614173667505,0.0017129636835306,0.0118642412126064,-7.00787353515625,-5.3797760009765625,-1.382293701171875,4.9941253662109375,2.5314483642578125,2.8514862060546875
2025-03-19,12,2,305.103271484375,287.7544860839844,-2.5848541259765625,2.45196533203125,0.0,91499.421875,270.21728515625,282.7650756835937,297.03350830078125,0.0004769784864038,0.0051901191473007,0.0091969035565853,-4.660491943359375,-3.2032623291015625,-4.052658081054688,6.588058471679688,-0.81988525390625,3.397674560546875
2025-03-19,18,3,298.4124450683594,291.3104553222656,-3.071258544921875,2.795883178710937,0.0,91868.09375,269.97125244140625,284.0234069824219,293.9261474609375,0.0008378783240914,0.0025314651429653,0.010838221758604,-4.69183349609375,-3.5767059326171875,-3.503387451171875,7.170379638671875,0.9587860107421876,7.486007690429687
2025-03-20,0,0,296.37677001953125,293.4535827636719,-1.8849029541015625,1.8742828369140625,54.25,91810.6875,268.9271850585937,282.94903564453125,292.86822509765625,0.0009724562987685,0.0030928158666938,0.0096090659499168,-2.4663543701171875,-4.2708740234375,-2.97320556640625,8.480316162109375,-1.9467926025390625,5.077911376953125
2025-03-20,6,1,303.567138671875,288.9331359863281,-1.870391845703125,3.0023345947265625,0.0,91976.34375,268.22412109375,284.1605224609375,293.861083984375,0.0017618706915527,0.0009473888203501,0.0096543356776237,-0.59246826171875,-8.129989624023438,-2.844970703125,6.4544830322265625,1.4495086669921875,4.22943115234375
2025-03-20,12,2,304.7613220214844,285.1191711425781,-2.0747833251953125,2.137908935546875,0.0,91618.921875,267.77276611328125,282.8385925292969,297.19403076171875,0.0018939489964395,0.0027267516124993,0.0071532689034938,0.091033935546875,-3.612579345703125,-3.253326416015625,6.395233154296875,-0.887451171875,2.9916229248046875
2025-03-20,18,3,297.98992919921875,289.3071594238281,-2.482528686523437,2.7998504638671875,0.0,91905.8125,268.44097900390625,285.7147216796875,294.2844543457031,0.0016090122517198,0.0007493160665035,0.0092269666492939,1.7353363037109375,-3.631195068359375,-1.8796539306640625,6.297088623046875,2.846771240234375,8.319580078125
2025-03-21,0,0,296.44879150390625,291.701904296875,-0.6854248046875,1.2420196533203125,0.0,91899.09375,267.4454040527344,284.095458984375,291.4489440917969,0.0019493636209517,0.0009180414490401,0.0113550685346126,0.2403411865234375,-4.6280364990234375,0.5994720458984375,5.53021240234375,2.146224975585937,6.7169342041015625
2025-03-21,6,1,302.6907653808594,291.0668640136719,-0.523895263671875,1.96514892578125,0.0,92033.484375,267.6641845703125,283.48223876953125,293.02410888671875,0.0016105822287499,0.0021466920152306,0.0113483779132366,1.0014495849609375,-3.5747833251953125,-0.9043121337890624,5.881607055664063,2.48760986328125,2.470809936523437
2025-03-21,12,2,305.19097900390625,287.2954406738281,-0.9831695556640624,0.5608062744140625,0.0,91633.765625,267.85675048828125,281.4266052246094,296.94122314453125,0.0018455649260431,0.0071682445704936,0.008579459041357,4.775650024414063,-2.4488525390625,-1.5779876708984375,5.054107666015625,-0.655303955078125,0.3529510498046875
2025-03-21,18,3,298.52325439453125,291.90838623046875,-1.7431182861328125,2.5347442626953125,8.5,91835.796875,267.3407287597656,284.0875549316406,293.86968994140625,0.0023088825400918,0.0039217621088027,0.0120286494493484,5.99200439453125,2.1173248291015625,-1.4922637939453125,2.766265869140625,1.1802978515625,7.0248870849609375
2025-03-22,0,0,296.5848083496094,292.6017761230469,-0.165557861328125,1.498809814453125,383.125,91748.328125,265.3993225097656,283.755615234375,291.36474609375,0.0030179540626704,0.0051043108105659,0.013604000210762,5.9339141845703125,-0.6331634521484375,3.82989501953125,3.527679443359375,-1.341461181640625,5.55419921875
2025-03-22,6,1,303.1304931640625,292.52301025390625,0.527008056640625,1.0894622802734375,207.5,91900.25,265.6823425292969,283.3663330078125,293.5709533691406,0.0025465895887464,0.0061040930449962,0.0125946514308452,5.0446624755859375,0.4350433349609375,0.754119873046875,2.19195556640625,-0.3198089599609375,1.1600494384765625
2025-03-22,12,2,301.8258056640625,291.8873291015625,-2.291000366210937,2.4782257080078125,1104.0,91619.34375,268.143798828125,282.59771728515625,293.1136474609375,0.0023852854501456,0.0095327608287334,0.0139327235519886,9.170150756835938,2.09735107421875,-3.82830810546875,-1.4101715087890625,-2.4555206298828125,4.783172607421875
2025-03-22,18,3,295.0577697753906,293.0409851074219,-1.4172210693359375,1.7247772216796875,602.5,91863.859375,266.9434814453125,282.3075561523437,292.3792724609375,0.0030260065104812,0.0085298493504524,0.0132181756198406,6.051727294921875,-0.070892333984375,-1.06536865234375,1.6307525634765625,-4.876632690429688,7.546707153320312
2025-03-23,0,0,295.6437683105469,293.2943115234375,-1.0993804931640625,1.2201080322265625,261.5,91712.765625,267.28973388671875,282.4862060546875,292.28570556640625,0.0012522160541266,0.0072007961571216,0.0123936086893081,9.107940673828123,-4.0250091552734375,2.006561279296875,-2.286239624023437,-2.75897216796875,3.1546783447265625
2025-03-23,6,1,300.91357421875,293.64068603515625,-0.8271026611328125,1.675811767578125,910.625,91880.953125,267.34814453125,281.6750183105469,292.97271728515625,0.000797466142103,0.0085785761475563,0.0140290781855583,7.106719970703125,-4.6149444580078125,-1.1083221435546875,-1.695556640625,-2.173797607421875,1.805084228515625
2025-03-23,12,2,301.8902893066406,294.4994506835937,-1.677276611328125,0.6906890869140625,1143.875,91543.703125,267.6656494140625,283.0426940917969,294.9497375488281,0.0013796950224786,0.0070207193493843,0.014065895229578,4.652069091796875,-0.629638671875,-3.814300537109375,-1.012664794921875,-2.9869537353515625,1.8945159912109373
2025-03-23,18,3,295.8162536621094,293.4634704589844,-1.211517333984375,1.4111328125,344.25,91899.46875,266.1339111328125,283.2754211425781,292.02349853515625,0.0034871620591729,0.0064066089689731,0.0130765363574028,2.673309326171875,-0.3728790283203125,-3.292343139648437,1.289947509765625,-5.289825439453125,5.76715087890625
2025-03-24,0,0,295.6174011230469,293.41082763671875,-0.28021240234375,0.9976348876953124,228.5,91702.515625,266.8637084960937,281.8299560546875,292.75555419921875,0.002013134304434,0.0077212937176227,0.0115727744996547,5.7213897705078125,-4.69622802734375,-0.14404296875,-0.94073486328125,-6.763702392578125,2.1577606201171875
2025-03-24,6,1,302.13214111328125,293.22607421875,-1.653717041015625,-0.2600555419921875,156.625,91849.046875,267.0267944335937,283.01861572265625,293.1363830566406,0.0004375418648123,0.0061239525675773,0.0127184242010116,3.2598114013671875,-5.0469818115234375,-2.666778564453125,-0.1133880615234375,-2.761749267578125,-0.514495849609375
2025-03-24,12,2,304.1138916015625,290.640625,-1.971954345703125,0.693206787109375,0.0,91448.703125,267.4232177734375,282.3928527832031,296.7335205078125,0.0003346160519868,0.0078174732625484,0.0097948499023914,4.7391204833984375,-4.043304443359375,-4.34674072265625,0.2078094482421875,-3.745559692382813,0.3444061279296875
2025-03-24,18,3,297.867431640625,290.6967163085937,-2.6880645751953125,1.3453216552734375,2.75,91754.4375,267.0609436035156,283.3427124023437,293.907958984375,0.0003189528360962,0.0066462457180023,0.0106074698269367,5.266571044921875,-1.4102783203125,-4.086700439453125,0.406585693359375,-3.30926513671875,4.8446197509765625
2025-03-25,0,0,295.35308837890625,293.453857421875,-1.4049835205078125,0.793487548828125,147.0,91494.515625,267.6883544921875,281.5274658203125,293.78973388671875,0.0003528138622641,0.0075614787638187,0.0102713070809841,9.733566284179688,-3.4043426513671875,-1.6879730224609375,-0.8189544677734375,-6.6851654052734375,1.510894775390625
2025-03-25,6,1,302.4163818359375,289.7960205078125,-1.2516632080078125,0.62542724609375,0.0,91621.453125,267.7484130859375,281.5263977050781,294.5714111328125,0.0004851617850363,0.0080112256109714,0.0095363482832908,6.55303955078125,-4.10968017578125,-2.101913452148437,-3.5277557373046875,-5.552093505859375,0.5154571533203125
2025-03-25,12,2,304.54156494140625,289.31011962890625,-1.1024627685546875,0.451263427734375,0.0,91208.921875,267.7149963378906,281.8939819335937,297.96502685546875,0.0006178903859108,0.0072357840836048,0.0073532573878765,3.9775543212890634,-4.99725341796875,-3.633834838867188,-3.183822631835937,-2.56787109375,-0.0675048828125
2025-03-25,18,3,297.3236083984375,289.0965576171875,-2.2327423095703125,1.1478424072265625,0.0,91515.296875,266.7452087402344,281.57281494140625,294.5567321777344,0.0010079704225063,0.0069719105958938,0.0092967115342617,-1.3932647705078125,0.9961700439453124,-1.9330291748046875,-2.5167388916015625,-4.788055419921875,7.59698486328125
2025-03-26,0,0,295.3969421386719,290.441162109375,-1.178558349609375,1.4594879150390625,0.0,91370.890625,266.158203125,281.4971008300781,292.807373046875,0.001017702743411,0.0069111138582229,0.0101388283073902,-1.312835693359375,-3.864990234375,3.2185211181640625,1.56671142578125,-4.9942474365234375,4.618896484375
2025-03-26,6,1,303.235107421875,290.3050842285156,-0.6192169189453125,0.359161376953125,0.0,91529.5,267.10369873046875,282.2860717773437,294.79705810546875,0.001266163541004,0.00526624917984,0.0096893087029457,0.1341400146484375,-2.746185302734375,-1.266754150390625,1.8586273193359373,-3.8583984375,0.0272674560546875
2025-03-26,12,2,304.390625,288.1729736328125,-0.5413360595703125,0.7340545654296875,0.0,91134.59375,267.8380126953125,282.177978515625,298.0941772460937,0.0016513362061232,0.007050547748804,0.0076501443982124,2.4781494140625,-4.449142456054688,-2.004913330078125,-1.46331787109375,-4.2389984130859375,0.2071685791015625
2025-03-26,18,3,298.2757873535156,287.8943176269531,-2.098114013671875,1.491058349609375,0.0,91526.46875,266.1070251464844,281.6343078613281,295.05926513671875,0.0015555240679532,0.0071736462414264,0.0090109519660472,-1.6957855224609375,0.9295654296875,-1.5261688232421875,-1.4278106689453125,-2.55584716796875,8.699752807617188
2025-03-27,0,0,296.1122436523437,289.44146728515625,1.27935791015625,1.3622283935546875,165.125,91440.390625,266.5550842285156,281.1292724609375,292.3011474609375,0.001721222884953,0.0066178739070892,0.0114573799073696,-0.7814788818359375,-3.600433349609375,3.268768310546875,-2.0341949462890625,-3.7647857666015625,2.502105712890625
2025-03-27,6,1,302.84356689453125,291.2348937988281,0.698333740234375,-0.5473175048828125,27.375,91553.625,267.037109375,282.594970703125,294.0801696777344,0.0020344192162156,0.005136601626873,0.0109488368034362,1.1397705078125,-2.78704833984375,0.672119140625,0.09246826171875,-5.2000274658203125,-0.9587249755859376
2025-03-27,12,2,304.0538330078125,289.2647705078125,0.4921875,-0.80718994140625,0.0,91103.5625,266.808837890625,282.9638671875,297.38037109375,0.0024213455617427,0.0065005160868167,0.0091957002878189,4.083251953125,-7.45269775390625,0.0480499267578125,-1.722412109375,-4.84674072265625,-2.931732177734375
2025-03-27,18,3,298.1629638671875,288.9091796875,-2.1779022216796875,0.1053924560546875,7.875,91415.9375,265.8309326171875,282.1295166015625,296.3617553710937,0.0021002904977649,0.0068297795951366,0.0086704716086387,0.3593292236328125,-2.690399169921875,-4.149826049804688,-3.1538848876953125,-4.90753173828125,-0.304779052734375
2025-03-28,0,0,296.3679504394531,290.0126953125,-0.121826171875,2.085296630859375,92.625,91361.90625,266.1947021484375,281.425048828125,293.4028625488281,0.0010394712444394,0.0070000737905502,0.0116761848330497,-2.9871826171875,-4.243667602539063,1.429962158203125,0.40301513671875,-7.421249389648437,5.564865112304688
2025-03-28,6,1,303.00799560546875,291.2846069335937,0.045684814453125,0.1920166015625,27.125,91497.03125,267.37945556640625,282.8641357421875,294.95050048828125,0.0014700109604746,0.0053296796977519,0.0111993514001369,-2.794540405273437,-5.351089477539063,-0.5890045166015625,3.697677612304688,-5.696380615234375,0.1590576171875
2025-03-28,12,2,305.1479797363281,289.26104736328125,0.295440673828125,-0.2297821044921875,0.0,91074.6875,268.50445556640625,283.6835327148437,299.4877624511719,0.001552136382088,0.0066069327294826,0.0072185695171356,-2.38336181640625,-6.801422119140625,-1.1466827392578125,0.107391357421875,-4.0243072509765625,-1.16485595703125
2025-03-28,18,3,299.8363647460937,287.33233642578125,-2.3291778564453125,1.612213134765625,0.5,91443.921875,267.7001953125,282.54937744140625,296.72711181640625,0.0009788814932107,0.0071234293282032,0.0081869922578334,-3.477264404296875,-1.6446990966796875,-4.6797637939453125,-2.271636962890625,0.3609161376953125,6.583740234375
2025-03-29,0,0,296.22882080078125,288.24859619140625,-0.7956695556640625,2.02716064453125,0.0,91261.953125,269.0419311523437,282.44317626953125,294.779296875,0.0002259988687001,0.0052693672478199,0.0082036964595317,-7.715484619140625,-4.7860870361328125,-3.6620941162109375,-1.1474456787109375,-6.999237060546875,4.3378448486328125
2025-03-29,6,1,304.553466796875,287.7777099609375,-1.15789794921875,1.760894775390625,0.0,91489.46875,269.6182556152344,282.1539306640625,295.6168518066406,0.0001400484179612,0.0041494760662317,0.0081792622804641,-8.559112548828125,-9.169509887695312,-2.20709228515625,1.2515716552734375,-7.337493896484375,2.108871459960937
2025-03-29,12,2,306.011474609375,284.65594482421875,-1.5872955322265625,0.830352783203125,0.0,91085.890625,268.6663818359375,283.5930480957031,299.6326904296875,0.0001484823005739,0.0050961188971996,0.0052677877247333,-6.6499786376953125,-5.327163696289063,-4.5003204345703125,1.06494140625,-2.751571655273437,0.899688720703125
2025-03-29,18,3,298.7872314453125,284.303955078125,-1.965057373046875,1.4459381103515625,0.0,91458.421875,268.1129150390625,283.5469970703125,297.41082763671875,0.0001439484331058,0.0044640600681304,0.005716897547245,-8.163970947265625,-2.7652587890625,-6.7195892333984375,1.810760498046875,-5.8940277099609375,5.1465911865234375
2025-03-30,0,0,295.17547607421875,285.7787780761719,-1.06353759765625,2.311004638671875,0.0,91380.609375,268.4859619140625,282.6327209472656,295.52410888671875,0.0001580134412506,0.0041963444091379,0.0058200769126415,-6.6369476318359375,-5.611846923828125,-3.630691528320313,3.003173828125,-7.563812255859375,4.9071807861328125
2025-03-30,6,1,303.7167053222656,284.96514892578125,-0.820770263671875,2.1207275390625,0.0,91577.15625,268.84765625,282.4762878417969,295.8211364746094,0.0001568995212437,0.0055127255618572,0.0063846819102764,-2.861541748046875,-9.198089599609377,-1.785552978515625,3.70458984375,-7.6379547119140625,2.861907958984375
2025-03-30,12,2,305.2126770019531,283.336669921875,-1.7895965576171875,1.4241180419921875,0.0,91239.75,268.4088134765625,282.6591796875,298.57275390625,0.0002022674743784,0.0055016539990901,0.0057015866041183,-1.08978271484375,-5.82122802734375,-4.193649291992188,-0.0432281494140625,-1.5262603759765625,2.214569091796875
2025-03-30,18,3,298.0498046875,280.67626953125,-1.8474273681640625,1.6963653564453125,8.5,91571.25,269.310302734375,283.36016845703125,296.80078125,0.0003225214313715,0.0054412260651588,0.0056212097406387,0.3777618408203125,-5.2955474853515625,-5.62799072265625,-1.919830322265625,-5.776947021484375,4.204833984375
2025-03-31,0,0,296.1376342773437,285.67840576171875,-1.326934814453125,1.48248291015625,0.0,91393.5625,270.94097900390625,282.93780517578125,295.6378173828125,0.0008098597172647,0.0061268173158168,0.0036572944372892,3.1961822509765625,-6.7555999755859375,-2.609344482421875,-0.825531005859375,-7.18780517578125,3.3646392822265625
2025-03-31,6,1,304.0653686523437,285.56512451171875,-1.1276397705078125,0.8725128173828125,0.0,91577.03125,271.2811279296875,282.47088623046875,295.89990234375,0.0008616035338491,0.0062052942812442,0.0060875825583934,0.70306396484375,-11.044830322265623,-2.0352935791015625,-1.24200439453125,-6.515655517578125,0.982452392578125
2025-03-31,12,2,305.01611328125,285.5427551269531,-3.160186767578125,-0.4665374755859375,0.125,91139.015625,270.628662109375,283.0568542480469,298.95318603515625,0.0006642946973443,0.0067121759057044,0.0068944320082664,0.821197509765625,-6.553756713867188,-7.486663818359375,-3.9868316650390634,-5.015289306640625,-2.06353759765625
2025-03-31,18,3,298.1781005859375,288.9401550292969,-2.104705810546875,0.9900970458984376,0.0,91471.34375,270.732177734375,282.5765075683594,295.90020751953125,0.0005263341590762,0.0051349885761737,0.0088202245533466,-4.3265228271484375,-10.372177124023438,-3.879592895507813,-2.4458160400390625,-7.966995239257812,0.9461669921875
2025-04-01,0,0,295.4689025878906,291.28472900390625,-1.3886871337890625,1.293121337890625,12.625,91330.484375,271.55084228515625,282.0155334472656,292.943603515625,0.0012935597915202,0.0043941317126154,0.0098564811050891,-3.518783569335937,-11.744842529296877,1.117950439453125,5.3463287353515625,-9.789779663085938,3.692703247070313
2025-04-01,6,1,302.5845947265625,290.7308044433594,-0.37518310546875,-0.3748626708984375,0.0,91485.625,270.62481689453125,281.8558349609375,294.2411804199219,0.0008040200918912,0.0026194951497018,0.0104932226240634,-3.050079345703125,-8.530975341796875,-0.555755615234375,6.951919555664063,-7.829483032226562,-1.0710296630859375
2025-04-01,12,2,304.414306640625,288.0823059082031,-1.3115234375,1.02655029296875,12.375,91076.046875,270.6702880859375,281.5159912109375,297.40045166015625,0.0012187289539724,0.0079302117228508,0.0082490593194961,-2.094589233398437,-1.313446044921875,-1.8619537353515625,5.63671875,-2.2585906982421875,0.532989501953125
2025-04-01,18,3,297.6129455566406,289.8431091308594,-3.578704833984375,2.17425537109375,0.0,91417.5625,269.5062255859375,281.54754638671875,293.016357421875,0.0005616266280412,0.0061775222420692,0.010982409119606,0.3287200927734375,3.2523345947265625,-5.7090911865234375,4.795135498046875,-4.52734375,10.057479858398438
2025-04-02,0,0,295.65924072265625,292.05682373046875,-1.73388671875,1.8229217529296875,0.0,91370.765625,269.1595458984375,282.153564453125,290.89117431640625,0.0009957391303032,0.0048189796507358,0.0128044076263904,0.1885833740234375,-0.4033050537109375,-0.5827484130859375,5.047393798828125,0.18536376953125,8.570068359375
2025-04-02,6,1,302.3141784667969,291.59649658203125,-1.0017547607421875,2.961944580078125,0.0,91569.75,268.4158630371094,282.9803161621094,293.389892578125,0.0022328519262373,0.0058167465031147,0.0116536691784858,-1.599822998046875,-1.5322265625,-1.6595611572265625,6.9439544677734375,4.72760009765625,4.2332916259765625
2025-04-02,12,2,303.5905456542969,289.9471130371094,-0.2371978759765625,1.75653076171875,0.0,91267.265625,268.247314453125,283.205810546875,296.3681030273437,0.0024746181443333,0.006462562829256,0.0107750184834003,-0.386199951171875,-1.561431884765625,-0.8973388671875,4.816009521484375,3.3068084716796875,2.5577392578125
2025-04-02,18,3,298.4862976074219,289.9728088378906,-2.21331787109375,1.9026031494140625,0.0,91599.5,268.2122802734375,282.8760070800781,293.8440856933594,0.0025337419938296,0.0067598782479763,0.0120422467589378,-0.0769805908203125,-1.5868988037109375,-3.9134368896484375,4.148345947265625,1.7600555419921875,8.58843994140625
2025-04-03,0,0,296.1242980957031,292.59893798828125,-0.8999176025390625,0.8473358154296875,199.125,91564.5625,267.82049560546875,283.0400390625,291.10040283203125,0.0028738267719745,0.0073731653392314,0.0136069357395172,0.0984649658203125,-2.6961212158203125,1.859161376953125,6.3045806884765625,1.4899444580078125,2.853607177734375
2025-04-03,6,1,301.51885986328125,293.3555603027344,-0.2284088134765625,1.6179656982421875,849.125,91760.703125,267.23883056640625,282.24774169921875,292.3121337890625,0.0036512005608528,0.0079207010567188,0.0144616290926933,-0.1307220458984375,-4.3892822265625,-0.697723388671875,4.730560302734375,2.375106811523437,1.9267425537109373
2025-04-03,12,2,298.08502197265625,293.1318359375,0.191162109375,1.1899566650390625,365.5,91435.640625,268.81610107421875,283.253662109375,293.40533447265625,0.0036895426455885,0.0079203210771083,0.0136263146996498,0.9316558837890624,-1.558563232421875,-0.9363250732421876,4.240142822265625,1.910064697265625,1.586761474609375
2025-04-03,18,3,295.1866149902344,293.7145080566406,0.021148681640625,-0.2713165283203125,438.875,91841.765625,267.6059265136719,281.79815673828125,291.85748291015625,0.0046609044075012,0.0086483471095561,0.0137308314442634,0.888641357421875,-2.20025634765625,-1.329345703125,1.9962158203125,1.0363006591796875,2.5393524169921875
2025-04-04,0,0,296.2843933105469,293.356689453125,0.3401947021484375,-2.7198638916015625,496.25,91711.046875,266.7232360839844,281.777099609375,291.0009765625,0.0043850056827068,0.0087740123271942,0.0137357302010059,2.90185546875,-1.20501708984375,-0.1418304443359375,-0.3650054931640625,1.563812255859375,-2.0647430419921875
2025-04-04,6,1,300.9555969238281,293.27685546875,0.1567230224609375,-1.42901611328125,235.625,91779.625,267.20916748046875,282.4892883300781,292.570556640625,0.0036556189879775,0.0085257440805435,0.0134595520794391,0.1287994384765625,-1.8520050048828125,-0.1167755126953125,-0.6708831787109375,-0.912139892578125,-1.8038330078125
2025-04-04,12,2,303.36065673828125,291.02557373046875,-0.1703643798828125,-1.93646240234375,13.625,91345.359375,268.381591796875,283.1085510253906,295.8189392089844,0.0018082757014781,0.0080629512667655,0.0111817829310894,5.641891479492188,-2.3821258544921875,-0.488555908203125,1.881317138671875,-2.2200469970703125,-3.73486328125
2025-04-04,18,3,296.27154541015625,293.45343017578125,-1.756744384765625,1.674530029296875,391.0,91755.65625,267.9311218261719,282.57452392578125,292.259765625,0.0030385057907551,0.0081006810069084,0.01360934227705,5.791183471679688,-0.4140777587890625,-4.6071624755859375,0.2884521484375,-3.2328643798828125,2.60284423828125
2025-04-05,0,0,295.727294921875,293.5697937011719,-0.590301513671875,1.4703521728515625,293.625,91575.765625,268.60009765625,282.50408935546875,291.59967041015625,0.0028835209086537,0.0083896704018116,0.0135639794170856,1.953277587890625,-3.602020263671875,-3.1007232666015625,-1.6305389404296875,-4.90228271484375,2.63104248046875
2025-04-05,6,1,302.789794921875,292.30780029296875,-0.4451141357421875,-0.228607177734375,943.0,91690.578125,268.886962890625,282.43212890625,293.1047058105469,0.0023960291873663,0.0089961476624012,0.0142942741513252,2.0825958251953125,-4.67193603515625,-1.2904510498046875,2.193450927734375,-3.405242919921875,-0.536590576171875
2025-04-05,12,2,301.55340576171875,294.275390625,0.1034088134765625,0.143890380859375,580.625,91318.0625,268.89093017578125,283.0203857421875,295.10076904296875,0.0030741146765649,0.0092210359871387,0.0119223371148109,3.53424072265625,-2.53759765625,-3.111846923828125,2.5074615478515625,-2.666732788085937,-1.701873779296875
2025-04-05,18,3,297.22625732421875,294.9908447265625,0.968475341796875,0.6205291748046875,1067.25,91622.671875,267.4608459472656,282.7634582519531,292.9057312011719,0.0046776235103607,0.0084042623639106,0.0134111382067203,0.8532562255859375,-2.0554962158203125,-1.41986083984375,3.338729858398437,-4.2234649658203125,1.7555389404296875
2025-04-06,0,0,297.2669372558594,294.6290588378906,-0.0126953125,0.049285888671875,1327.375,91434.9375,267.3193359375,283.31549072265625,293.2243957519531,0.004799760878086,0.0066230408847332,0.012780237942934,7.945587158203125,-1.907958984375,-1.4222564697265625,1.9957122802734373,-5.3082427978515625,0.0177154541015625
2025-04-06,6,1,301.7132568359375,293.2471008300781,-0.142364501953125,-0.7705535888671875,1010.875,91609.40625,267.54547119140625,283.1883239746094,293.9898681640625,0.0026469626463949,0.0064015425741672,0.0143086016178131,6.3175201416015625,-3.9376373291015625,-0.5648345947265625,-0.9035491943359376,-7.3050537109375,-1.2781829833984375
2025-04-06,12,2,303.9208984375,290.8486328125,-0.938385009765625,-1.8805694580078125,76.5,91191.8125,267.4230041503906,283.105224609375,297.9675598144531,0.0027806211728602,0.0078975670039653,0.0100666619837284,8.0220947265625,-3.2629852294921875,-2.9614715576171875,-0.1369476318359375,-4.7837677001953125,-4.6450042724609375
2025-04-06,18,3,298.5333557128906,290.7567138671875,-1.517791748046875,0.725067138671875,284.625,91608.703125,266.7802734375,282.0511474609375,294.84869384765625,0.0022161435335874,0.0070595256984233,0.0112786293029785,8.944961547851562,-5.046066284179688,-5.1051177978515625,-2.0631256103515625,-4.2071685791015625,3.896072387695313
2025-04-07,0,0,296.20196533203125,292.4379272460937,-1.1208953857421875,0.54937744140625,653.375,91478.03125,266.09539794921875,282.4002685546875,293.81201171875,0.0016998718492686,0.0049422718584537,0.0104445554316043,9.225204467773438,-7.8049468994140625,-3.3794403076171875,-1.8251953125,-8.472244262695312,0.083038330078125
2025-04-07,6,1,303.6330871582031,289.93719482421875,-1.745361328125,-1.203094482421875,55.5,91568.328125,266.53570556640625,282.9888916015625,295.8060607910156,0.0011041229590773,0.0045445188879966,0.0101074464619159,9.639984130859377,-8.2684326171875,-3.113998413085937,-0.2407073974609375,-7.7761688232421875,-2.072021484375
2025-04-07,12,2,306.12310791015625,287.75244140625,-1.4937896728515625,-1.132415771484375,5.25,91185.734375,266.44000244140625,283.6073608398437,299.8187561035156,0.0007907894905656,0.006471898406744,0.0065134428441524,10.283187866210938,-5.7078704833984375,-4.48443603515625,-0.454620361328125,-2.2923126220703125,-3.0546875
2025-04-07,18,3,298.8345642089844,289.6841735839844,-1.936767578125,1.185638427734375,122.0,91630.296875,265.38427734375,282.970703125,295.6143493652344,0.0011484189890325,0.0051659420132637,0.0096716918051242,5.3827056884765625,-5.990325927734375,-4.7940673828125,0.96258544921875,-4.190841674804688,4.1287841796875
2025-04-08,0,0,295.65380859375,293.23687744140625,-1.7019805908203125,0.953521728515625,424.5,91521.8125,266.748779296875,282.2330322265625,294.81182861328125,0.0001995203201659,0.0038724378682672,0.0081403851509094,8.400177001953125,-5.1194915771484375,-3.9791412353515625,2.306915283203125,-8.673568725585938,0.3879547119140625
2025-04-08,6,1,304.60772705078125,289.6707763671875,-1.4828643798828125,-0.2223358154296875,39.375,91638.21875,267.26251220703125,283.04736328125,295.520751953125,0.0002934425137937,0.0044597685337066,0.0096891000866889,8.7301025390625,-8.96038818359375,-2.52587890625,2.71649169921875,-9.69366455078125,-0.635009765625
2025-04-08,12,2,305.3792419433594,286.49609375,-2.3719482421875,-1.8586273193359373,8.75,91279.890625,267.276611328125,282.83404541015625,298.941650390625,0.0007384815253317,0.0068396851420402,0.0069725029170513,10.904647827148438,-7.098358154296875,-6.51861572265625,0.9526824951171876,-3.846160888671875,-4.869155883789063
2025-04-08,18,3,297.4512939453125,288.6619567871094,-1.7096710205078125,0.47705078125,41.75,91730.6875,266.01904296875,282.320068359375,294.4063720703125,0.0010983592364937,0.0060204751789569,0.0104005932807922,3.9578704833984375,-7.597824096679687,-5.244064331054688,-4.7994537353515625,-4.838302612304688,1.182373046875
2025-04-09,0,0,295.7294311523437,291.0621337890625,-1.8429412841796875,0.0135040283203125,29.25,91543.859375,267.2333374023437,281.85845947265625,294.1631774902344,0.0008056920487433,0.0054858997464179,0.0081224739551544,7.530548095703125,-5.8636627197265625,-3.78466796875,-0.252716064453125,-7.683425903320312,-4.807830810546875
2025-04-09,6,1,302.8692932128906,288.2703857421875,-1.9118194580078125,-0.8618927001953125,0.0,91618.15625,267.4996032714844,283.04302978515625,295.293701171875,0.0007566481363028,0.0050711743533611,0.0089619867503643,6.6278076171875,-6.245391845703125,-3.0330352783203125,-1.440338134765625,-7.9580230712890625,-1.4799041748046875
2025-04-09,12,2,304.87213134765625,287.3587646484375,-1.2935028076171875,-2.61346435546875,0.0,91242.25,267.21502685546875,281.7846069335937,297.43267822265625,0.0014979925472289,0.0074749663472175,0.0080730840563774,6.81561279296875,-6.398361206054688,-4.1971588134765625,-2.9718475341796875,-2.8900299072265625,-5.7490234375
2025-04-09,18,3,297.37652587890625,287.9698486328125,-1.8020172119140625,0.5750274658203125,0.0,91515.796875,267.69073486328125,282.6912841796875,295.4990234375,0.0011082810815423,0.0047278553247451,0.0093473456799983,3.520965576171875,-4.28961181640625,-2.7955474853515625,-3.617401123046875,-3.56201171875,3.4569244384765625
2025-04-10,0,0,296.2880859375,289.6325988769531,0.67095947265625,1.76971435546875,0.0,91346.765625,267.3327941894531,283.21759033203125,293.594970703125,0.0019318149425089,0.0032420284114778,0.0104377456009387,3.0743408203125,-5.5504302978515625,3.5138702392578125,-0.483917236328125,-6.033843994140625,3.3623046875
2025-04-10,6,1,303.7297668457031,291.17694091796875,2.603240966796875,-0.0561370849609375,126.75,91515.4375,266.6510314941406,283.00244140625,294.92730712890625,0.0019181012175977,0.0046060904860496,0.0113266445696353,3.072357177734375,-4.008819580078125,3.511383056640625,1.6867828369140625,-7.240936279296875,-0.4776763916015625
2025-04-10,12,2,304.31787109375,290.702392578125,0.95123291015625,-0.7860260009765625,2.375,91036.734375,268.115478515625,282.64776611328125,297.400390625,0.0018073618412017,0.0084484554827213,0.0097861737012863,9.084213256835938,-2.1176300048828125,1.4085845947265625,3.114486694335937,-5.1092376708984375,-1.8829193115234373
2025-04-10,18,3,297.95587158203125,291.25177001953125,2.4411773681640625,-1.1226959228515625,335.375,91373.734375,267.0162353515625,282.487548828125,294.0282592773437,0.0025541628710925,0.0080545768141746,0.0128242261707782,9.319137573242188,-5.402191162109375,6.6748046875,4.673614501953125,-0.6569366455078125,-5.545578002929688
2025-04-11,0,0,296.42999267578125,293.23614501953125,2.53546142578125,-0.0871734619140625,519.0,91308.828125,267.4775390625,282.2885437011719,291.59088134765625,0.0016590452287346,0.0076684430241584,0.0122772678732872,8.936538696289062,1.3020477294921875,3.393829345703125,3.854705810546875,-3.93426513671875,-5.257354736328125
2025-04-11,6,1,301.34112548828125,291.2437744140625,3.5395660400390625,-0.5880126953125,412.5,91431.265625,266.6275329589844,284.0225830078125,293.6596069335937,0.0014761334750801,0.0058509223163127,0.0128314197063446,9.415252685546877,-3.225082397460937,5.307403564453125,2.8942108154296875,-6.4080963134765625,-1.2570648193359375
2025-04-11,12,2,302.54888916015625,292.0130615234375,1.738861083984375,-0.89306640625,222.25,91140.953125,266.97119140625,283.109375,294.7245483398437,0.0036449441686272,0.0093998424708843,0.0120625011622905,8.518524169921875,-0.51263427734375,3.420150756835937,0.2967987060546875,-2.078704833984375,-2.1466064453125
2025-04-11,18,3,295.3775939941406,293.1431884765625,0.334136962890625,1.062835693359375,590.5,91518.265625,265.4944152832031,282.6981811523437,293.2904052734375,0.0029731788672506,0.0077144168317317,0.0127158984541893,5.841323852539063,-3.292724609375,1.6387786865234375,1.576019287109375,-2.45208740234375,-0.7552947998046875
2025-04-12,0,0,295.2237548828125,292.5886535644531,2.00799560546875,1.1228179931640625,409.125,91315.578125,264.5464172363281,283.7714538574219,294.0039367675781,0.0025973652955144,0.0055224001407623,0.0104800164699554,4.634780883789063,-5.2127532958984375,2.46441650390625,0.91400146484375,-1.3331451416015625,0.2403106689453125
2025-04-12,6,1,301.8915710449219,293.2748718261719,2.519439697265625,-1.22186279296875,919.25,91545.09375,265.7025756835937,283.22625732421875,293.74005126953125,0.0012424478773027,0.0065167248249053,0.0132011733949184,5.278244018554688,-5.900054931640625,3.4294891357421875,4.920654296875,-1.46588134765625,-2.0842437744140625
2025-04-12,12,2,302.92303466796875,293.4573974609375,-1.13018798828125,0.2628021240234375,638.875,91230.984375,266.8570556640625,283.0382080078125,295.8094482421875,0.0020185315515846,0.0077319182455539,0.0123024433851242,4.955474853515625,-1.823883056640625,-0.1290435791015625,5.6253204345703125,-1.8765411376953125,-2.436126708984375
2025-04-12,18,3,294.85162353515625,292.94403076171875,-0.41259765625,1.24468994140625,655.25,91628.03125,265.289794921875,282.05535888671875,293.3330078125,0.0034544081427156,0.0088182650506496,0.0125856287777423,4.1609954833984375,-4.7188873291015625,-1.5637969970703125,3.5057830810546875,-3.4028778076171875,-2.4044647216796875
2025-04-13,0,0,295.2789306640625,292.4639587402344,1.2710418701171875,-0.83612060546875,642.25,91403.09375,264.5531616210937,282.4747619628906,295.7657470703125,0.0028079648036509,0.0063492655754089,0.007905289530754,3.879791259765625,-4.4834747314453125,-6.83050537109375,5.2352294921875,-7.873992919921875,-3.3528594970703125
2025-04-13,6,1,299.46063232421875,293.1666259765625,0.6343994140625,-1.814727783203125,567.0,91592.765625,264.9195556640625,282.7841796875,294.6725158691406,0.0019927893299609,0.0053616501390933,0.0117211937904357,7.58331298828125,-6.5439453125,0.5748748779296875,4.787368774414063,-1.91424560546875,-3.035736083984375
2025-04-13,12,2,303.0658264160156,291.01934814453125,-0.2316741943359375,0.0746612548828125,13.625,91258.84375,265.9590759277344,282.296630859375,297.5245666503906,0.001957741100341,0.0080520212650299,0.0093011409044265,9.694747924804688,-4.6236114501953125,-2.111480712890625,0.94427490234375,-3.108795166015625,-0.9777374267578124
2025-04-13,18,3,296.9830322265625,289.697509765625,-1.4800262451171875,-0.198638916015625,7.875,91551.6875,264.9932861328125,282.1257019042969,296.33721923828125,0.0021404011640697,0.0074901655316352,0.0089843310415744,2.7132720947265625,-2.2523345947265625,-2.56842041015625,1.1570892333984375,-3.51678466796875,0.16790771484375
2025-04-14,0,0,296.1744384765625,289.38543701171875,-1.318084716796875,1.3530120849609375,356.375,91435.90625,264.0782470703125,283.14306640625,294.55206298828125,0.0023335060104727,0.0051257126033306,0.0101951770484447,2.8191070556640625,-5.200775146484375,-0.7700653076171875,-0.0260467529296875,-7.686233520507812,3.3568878173828125
2025-04-14,6,1,302.4345092773437,291.0282287597656,0.45355224609375,0.7027435302734375,596.875,91551.203125,265.2593078613281,283.2469177246094,294.9955444335937,0.0010246580932289,0.0053240843117237,0.0120271854102611,3.88165283203125,-7.811843872070312,0.2630157470703125,-2.441879272460937,-8.88287353515625,0.5408477783203125
2025-04-14,12,2,300.71051025390625,290.767333984375,0.0702362060546875,0.533050537109375,742.25,91230.84375,266.4822998046875,282.9502258300781,296.3545227050781,0.0019996562041342,0.0092147551476955,0.0115796253085136,1.3364715576171875,-3.564926147460937,-0.4600067138671875,-2.7584381103515625,-5.6408538818359375,-2.2906036376953125
2025-04-14,18,3,295.6273498535156,290.8530578613281,1.529388427734375,1.8968505859375,791.625,91602.78125,265.4306945800781,282.1796264648437,293.6649169921875,0.0027358019724488,0.0079502016305923,0.0122183412313461,-0.2720947265625,-5.486846923828125,0.1902313232421875,-2.322982788085937,-5.8497467041015625,3.760345458984375
2025-04-15,0,0,295.1342163085937,291.2310791015625,1.2093048095703125,0.87469482421875,258.875,91468.796875,266.2987670898437,283.0736389160156,293.51373291015625,0.0037117972970008,0.0059530958533287,0.0108487196266651,3.653900146484375,-5.194351196289063,0.2409820556640625,0.009979248046875,-5.973724365234375,4.309539794921875
2025-04-15,6,1,302.5826416015625,291.5052185058594,1.377471923828125,-0.033050537109375,511.5,91591.046875,266.6444702148437,283.37847900390625,294.5078125,0.0036970749497413,0.0053503215312957,0.0123879685997962,2.1767578125,-6.398223876953125,1.519073486328125,2.408920288085937,-4.668258666992188,-0.3870391845703125
2025-04-15,12,2,304.1918334960937,290.29815673828125,-0.7141265869140625,0.7174530029296875,16.875,91226.96875,267.6334228515625,283.5648193359375,297.24969482421875,0.0025716801173985,0.0057388246059417,0.0099931433796882,4.048019409179688,-3.993896484375,-1.548492431640625,1.4433135986328125,-3.4678497314453125,0.1172027587890625
2025-04-15,18,3,297.2779846191406,290.9707946777344,-1.1829681396484375,1.671295166015625,56.625,91505.125,266.623046875,282.27197265625,296.4729919433594,0.0023137358948588,0.0076410360634326,0.0104141794145107,1.2099609375,-2.9506072998046875,-1.5734405517578125,-0.2315826416015625,-4.467254638671875,2.613372802734375
2025-04-16,0,0,296.0093994140625,291.2952880859375,-0.4407196044921875,2.263031005859375,722.625,91447.109375,266.2502746582031,283.68719482421875,292.42578125,0.0023600850254297,0.0047514513134956,0.013568677008152,2.6435089111328125,-5.796188354492188,1.6327362060546875,-0.2123870849609375,-5.1758880615234375,8.099639892578125
2025-04-16,6,1,301.7034912109375,293.3580017089844,1.8484649658203125,0.8896636962890625,1028.625,91631.796875,266.86822509765625,282.99578857421875,293.6055603027344,0.0021849845070391,0.0065592750906944,0.0143424458801746,0.391845703125,-3.989990234375,2.536102294921875,0.5661773681640625,-1.821319580078125,0.9979248046875
2025-04-16,12,2,301.2794189453125,293.2810974121094,-0.318756103515625,-0.651763916015625,365.0,91260.953125,268.050048828125,283.416015625,295.6328430175781,0.0023845906835049,0.0087863244116306,0.0133207067847251,-1.1056976318359375,0.4564666748046875,1.330474853515625,0.4337158203125,-3.38629150390625,-1.6144866943359375
2025-04-16,18,3,294.9217834472656,293.0478820800781,0.6913909912109375,1.2963714599609375,222.125,91595.0,267.40264892578125,283.13165283203125,294.380859375,0.0035433953162282,0.0079762004315853,0.01276271417737,1.466278076171875,-3.218124389648437,3.248077392578125,0.175689697265625,-4.601486206054688,1.76263427734375
2025-04-17,0,0,296.0375671386719,293.1612548828125,0.933349609375,0.388397216796875,338.25,91411.75,268.33380126953125,283.303955078125,293.84771728515625,0.0029648500494658,0.0069021470844745,0.0120240673422813,3.6206207275390634,-6.319137573242188,-0.34857177734375,-0.4756317138671875,-5.7518157958984375,0.2263031005859375
2025-04-17,6,1,302.1641845703125,293.97369384765625,1.3612060546875,0.6336669921875,778.0,91561.21875,269.058349609375,283.7210693359375,294.23272705078125,0.0015758092049509,0.0060567334294319,0.0141828954219818,0.84222412109375,-5.36334228515625,1.6522979736328125,-0.453460693359375,-5.955169677734375,0.4371185302734375
2025-04-17,12,2,303.3080444335937,293.272705078125,-0.3432464599609375,0.3169097900390625,137.5,91151.625,269.6473693847656,283.674072265625,297.3248596191406,0.0007101893424987,0.007998801767826,0.0126766115427017,3.05487060546875,-3.43609619140625,-0.623016357421875,0.55706787109375,-4.307296752929688,-0.8909454345703125
2025-04-17,18,3,297.7606201171875,294.04150390625,-0.229644775390625,1.44769287109375,166.875,91381.015625,270.1005249023437,282.8356628417969,297.3216552734375,0.0007423420902341,0.0096539594233036,0.0112593956291675,2.523193359375,-1.7743988037109375,0.101043701171875,-0.1465606689453125,-3.3523406982421875,-1.0608062744140625
2025-04-18,0,0,296.65460205078125,293.9642028808594,1.006805419921875,1.2636566162109375,502.375,91370.921875,270.0808410644531,284.3395690917969,293.26837158203125,0.0003836443356703,0.0071546994149684,0.0133211947977542,1.3997344970703125,-6.834686279296875,2.552459716796875,-1.09356689453125,-3.5888214111328125,4.1541900634765625
2025-04-18,6,1,302.1724548339844,294.8578796386719,1.909881591796875,1.0438213348388672,1156.375,91518.71875,270.10302734375,283.8861694335937,294.2148132324219,0.0005505473818629,0.0071924664080142,0.014881320297718,2.606796264648437,-6.4553070068359375,2.5487518310546875,-0.3428497314453125,-1.949737548828125,1.215911865234375
2025-04-18,12,2,300.07208251953125,294.7807006835937,-2.056503295898437,-0.3241653442382812,2070.625,91145.984375,268.62518310546875,283.9419860839844,296.3218994140625,0.0019631416071206,0.009966891258955,0.0149586535990238,2.2535858154296875,0.15216064453125,0.413238525390625,-1.3282318115234375,-0.89556884765625,0.064849853515625
2025-04-18,18,3,295.9486083984375,293.83203125,0.5632476806640625,-1.0534515380859375,1114.0,91505.203125,267.9305419921875,283.9945678710937,293.0244140625,0.0034845140762627,0.0094139315187931,0.0150363408029079,-0.1262664794921875,-3.668304443359375,3.112213134765625,-4.409439086914063,-2.80975341796875,-1.48199462890625
2025-04-19,0,0,296.5335388183594,294.0968017578125,1.5357818603515625,1.0316009521484375,430.0,91338.921875,267.3311767578125,284.329833984375,293.7088623046875,0.0041010454297065,0.0078033246099948,0.0135794430971145,-1.815093994140625,-5.1615753173828125,2.7759246826171875,-2.6887664794921875,-4.428619384765625,0.4173431396484375
2025-04-19,6,1,302.49761962890625,294.8500671386719,1.7385406494140625,-0.6336669921875,1318.25,91486.265625,268.2689819335937,284.5516967773437,294.0838623046875,0.0035685084294527,0.0060087777674198,0.0151539929211139,-0.954833984375,-5.6669464111328125,2.1909332275390625,-0.154296875,-5.003143310546875,-1.3294830322265625
2025-04-19,12,2,303.59844970703125,294.2417297363281,-0.3836669921875,-0.8722686767578125,491.625,91123.734375,268.9759826660156,283.42156982421875,297.55963134765625,0.0018123521003872,0.0094049796462059,0.0132072605192661,2.3777008056640625,-4.450531005859375,-0.4470367431640625,-2.9473114013671875,-3.653884887695313,-2.1254119873046875
2025-04-19,18,3,297.2486572265625,294.8337707519531,0.9602813720703124,1.3115234375,416.125,91365.34375,267.900146484375,282.8830261230469,296.8302307128906,0.0023941665422171,0.0093868635594844,0.0114860646426677,-4.47821044921875,-6.3793487548828125,0.569549560546875,-5.249298095703125,-5.953277587890625,-1.400848388671875
2025-04-20,0,0,296.5668640136719,293.8704833984375,0.83526611328125,0.9950103759765624,238.75,91337.953125,267.5726318359375,284.1526184082031,293.7532958984375,0.0030568595975637,0.0061558187007904,0.0130879022181034,-2.8330841064453125,-10.7872314453125,1.8292236328125,-3.960113525390625,-2.5961456298828125,0.134368896484375
2025-04-20,6,1,302.1871337890625,295.01470947265625,1.59918212890625,0.2400054931640625,1098.375,91501.984375,269.1078796386719,284.39453125,294.7576599121094,0.0017726912628859,0.0055244080722332,0.014616921544075,-4.646240234375,-11.939224243164062,1.9957427978515625,-0.1365203857421875,-1.1228790283203125,-0.0768280029296875
2025-04-20,12,2,300.13397216796875,294.9228515625,-0.2563934326171875,-1.662445068359375,1833.875,91217.65625,269.2835998535156,283.966552734375,295.7393493652344,0.0022204369306564,0.0094443522393703,0.0146094635128974,-5.8604736328125,-6.5797119140625,-1.3237762451171875,-0.19036865234375,0.5978851318359375,-0.3140716552734375
2025-04-20,18,3,296.66357421875,294.37091064453125,0.5980072021484375,-2.088851928710937,1277.0,91596.953125,267.5478515625,284.15283203125,294.9870910644531,0.0040095215663313,0.0060776956379413,0.0128282532095909,-4.176055908203125,-9.901840209960938,-1.999267578125,-3.2488250732421875,1.0546875,-0.50408935546875
2025-04-21,0,0,295.569091796875,293.2763061523437,-0.3007049560546875,-0.86688232421875,135.0,91390.28125,268.9958801269531,284.63934326171875,294.3528747558594,0.0015039092395454,0.0044017862528562,0.0125646293163299,-4.967437744140625,-14.524215698242188,-2.2152252197265625,-0.394012451171875,-2.8131103515625,1.374542236328125
2025-04-21,6,1,303.2281799316406,292.3807067871094,-1.950927734375,0.3868865966796875,103.25,91615.484375,269.18536376953125,284.1551818847656,295.0439147949219,0.0006484221667051,0.0052818953990936,0.0123524703085422,-8.151382446289062,-11.73516845703125,-3.1681671142578125,-0.1024017333984375,-4.2472991943359375,0.2204742431640625
2025-04-21,12,2,304.40087890625,292.26275634765625,-1.250701904296875,1.2179107666015625,1.75,91346.4375,269.66668701171875,283.046875,298.04083251953125,0.0004026049282401,0.0078958421945571,0.0093550942838191,-8.735244750976562,-7.7497711181640625,-5.142105102539063,-0.2261505126953125,-5.468109130859375,1.62835693359375
2025-04-21,18,3,297.5028076171875,291.4527282714844,-1.752593994140625,0.3085479736328125,4.75,91668.5625,268.9483337402344,283.0985107421875,296.50506591796875,0.0003218289930373,0.0070890337228775,0.0092939771711826,-11.093048095703123,-7.830474853515625,-3.2815704345703125,-0.1087188720703125,-2.8615875244140625,2.189315795898437
2025-04-22,0,0,295.368408203125,290.3685302734375,-2.2832489013671875,0.28558349609375,0.0,91553.5,268.82244873046875,283.4882202148437,296.3506164550781,0.0002579600259196,0.0033203705679625,0.006553154438734,-11.790283203125,-13.65875244140625,-4.767364501953125,-1.445526123046875,-3.530548095703125,-0.1896820068359375
2025-04-22,6,1,303.4757080078125,291.5666198730469,-1.6209869384765625,1.435302734375,0.0,91726.546875,268.2279663085937,283.2963256835937,295.6678466796875,0.000438981456682,0.0049339719116687,0.0100951492786407,-13.989334106445312,-13.9613037109375,-2.7896270751953125,-0.3592529296875,-4.389495849609375,1.4491729736328125
2025-04-22,12,2,304.81805419921875,291.0684814453125,-1.5868988037109375,1.6467742919921875,5.25,91357.078125,269.00177001953125,283.91845703125,298.7582397460937,0.0011545924935489,0.0072420500218868,0.0088407211005687,-10.185256958007812,-7.0722503662109375,-5.149429321289063,2.718841552734375,-7.49322509765625,2.05609130859375
2025-04-22,18,3,298.09197998046875,290.6265869140625,-1.5941009521484375,1.408477783203125,0.875,91659.546875,268.4285888671875,284.1308898925781,296.4180908203125,0.0026572039350867,0.0056634601205587,0.0093543380498886,-8.176010131835938,-7.877349853515625,-4.642425537109375,2.5885162353515625,-7.014083862304688,4.1447296142578125
2025-04-23,0,0,297.53826904296875,291.2606506347656,0.836944580078125,1.307708740234375,2.0,91486.0625,269.80987548828125,283.4823303222656,294.1065673828125,0.0022000730969011,0.005849864333868,0.0102608427405357,-5.73883056640625,-10.139022827148438,0.443328857421875,1.9830780029296875,-5.516128540039063,3.371429443359375
2025-04-23,6,1,303.96929931640625,291.349365234375,0.4180908203125,-0.1036376953125,0.0,91571.3125,268.661865234375,283.9870910644531,295.83984375,0.0036298348568379,0.0050381533801555,0.0105238258838653,-4.187271118164063,-10.918014526367188,0.072540283203125,4.3229522705078125,-3.8621826171875,-0.7119293212890625
2025-04-23,12,2,305.7081298828125,290.3958740234375,-0.6668548583984375,1.2650909423828125,6.5,91151.53125,268.96990966796875,284.18682861328125,299.86700439453125,0.0036361932288855,0.0078262239694595,0.0086659789085388,-2.6335906982421875,-6.4945068359375,-3.077865600585937,1.7645721435546875,-5.37408447265625,1.0897979736328125
2025-04-23,18,3,299.2198486328125,290.9713134765625,-1.3284149169921875,1.499053955078125,0.0,91424.9375,268.8260498046875,283.69586181640625,296.8045959472656,0.0029325939249247,0.0081910155713558,0.0110273845493793,-4.88909912109375,-3.08758544921875,-1.1349029541015625,-0.0221099853515625,-5.204833984375,5.022491455078125
2025-04-24,0,0,296.6218566894531,293.36846923828125,1.20977783203125,0.7617950439453125,276.875,91361.4375,268.46405029296875,284.4853515625,294.07305908203125,0.002802446950227,0.0020885940175503,0.0120476372539997,-2.145004272460937,-11.457504272460938,2.424468994140625,0.66937255859375,-5.231719970703125,2.009613037109375
2025-04-24,6,1,304.01580810546875,293.55426025390625,0.3660125732421875,-0.1107177734375,150.375,91509.84375,267.9866638183594,285.9955444335937,295.8694152832031,0.0025224657729268,0.0013836519792675,0.012600690126419,-4.892303466796875,-11.783843994140623,-0.056488037109375,3.18743896484375,-3.921920776367188,-0.793121337890625
2025-04-24,12,2,306.351806640625,289.908935546875,-0.9286346435546876,0.84991455078125,0.0,91081.28125,268.94122314453125,284.5431213378906,300.22442626953125,0.0019552307203412,0.006975132972002,0.0077841468155384,-5.3106536865234375,-6.5795440673828125,-3.239044189453125,-1.045501708984375,-5.09295654296875,0.2948455810546875
2025-04-24,18,3,298.6438903808594,289.8597412109375,-2.06365966796875,0.1893768310546875,0.0,91415.578125,268.2945556640625,284.642822265625,297.6768798828125,0.0014576490502804,0.0064862146973609,0.0100335478782653,-5.0423126220703125,-6.705657958984375,-2.2659454345703125,-1.2570343017578125,-4.4457855224609375,3.92327880859375
2025-04-25,0,0,296.7151184082031,293.0155944824219,-0.1465911865234375,1.7505340576171875,208.875,91298.734375,268.9172668457031,285.2669677734375,294.0199584960937,0.0007595687638968,0.0048286207020282,0.0126064978539943,-3.783416748046875,-12.748153686523438,0.504180908203125,-0.056793212890625,-4.0843658447265625,4.876998901367188
2025-04-25,6,1,303.37237548828125,294.0615234375,0.5154876708984375,0.44256591796875,223.875,91514.953125,269.12030029296875,284.75738525390625,295.01190185546875,0.0006638292688876,0.0048394501209259,0.0135072395205497,-5.05828857421875,-13.027908325195312,0.494476318359375,1.1403961181640625,-2.6153564453125,0.282623291015625
2025-04-25,12,2,306.0248413085937,291.39361572265625,-0.527191162109375,1.2816314697265625,0.0,91141.609375,268.2862243652344,283.8626708984375,299.1620178222656,0.0017524103168398,0.008128635585308,0.0093668103218078,-4.734588623046875,-9.046401977539062,-2.595916748046875,-0.884063720703125,-4.717086791992188,1.3936767578125
2025-04-25,18,3,299.20953369140625,290.41259765625,-1.6005401611328125,0.0471343994140625,12.0,91448.40625,268.1614990234375,283.9288024902344,297.2864074707031,0.0005461534019559,0.00746675953269,0.0103893540799617,-5.8925323486328125,-5.593429565429688,-1.5717926025390625,-1.5811767578125,-4.8175048828125,3.297760009765625
2025-04-26,0,0,297.20318603515625,292.25244140625,0.497894287109375,0.232269287109375,155.75,91312.15625,269.024169921875,283.4053649902344,293.1215209960937,0.0006525919307023,0.0052411258220672,0.0127506516873836,-1.7599029541015625,-12.22100830078125,1.5614471435546875,0.8025360107421875,-2.9030914306640625,2.4084625244140625
2025-04-26,6,1,303.8578491210937,292.4577331542969,-1.5467529296875,0.90972900390625,1.0,91458.09375,268.3702392578125,284.1381530761719,295.79010009765625,0.0004431360866874,0.0050750933587551,0.0118990689516067,-2.881561279296875,-11.818511962890623,-2.380035400390625,0.659454345703125,-1.946624755859375,0.8677520751953125
2025-04-26,12,2,305.0560302734375,290.2762451171875,-1.2584991455078125,1.851104736328125,0.0,91178.75,268.3984375,283.1968994140625,298.1036682128906,0.0007161360699683,0.0079005546867847,0.0095192492008209,-1.995330810546875,-8.443267822265625,-3.42950439453125,-0.144989013671875,-3.8358154296875,2.74029541015625
2025-04-26,18,3,298.90380859375,289.51043701171875,-1.5343780517578125,1.066192626953125,0.0,91457.390625,268.8951721191406,284.4388427734375,296.4835205078125,0.0006780119147151,0.0044447947293519,0.0100149288773536,-3.5084686279296875,-7.0379638671875,-2.0336456298828125,-1.036529541015625,-5.585235595703125,5.935882568359375
2025-04-27,0,0,296.5927734375,292.0286865234375,0.03363037109375,1.7038421630859375,53.125,91381.890625,269.6150207519531,283.3958740234375,293.11492919921875,0.0003647645935416,0.0041182464919984,0.0131248086690902,2.308837890625,-8.082855224609375,3.785308837890625,1.2035980224609375,-3.959716796875,2.5377655029296875
2025-04-27,6,1,303.471435546875,292.5669250488281,-0.2029266357421875,-0.144561767578125,7.375,91553.96875,268.1702880859375,283.746337890625,294.8618469238281,0.0006137923337519,0.0054576061666011,0.0126192867755889,0.3076019287109375,-5.701950073242188,-0.308868408203125,-2.1206817626953125,-1.31884765625,-0.823150634765625
2025-04-27,12,2,305.28338623046875,290.34698486328125,-1.2032012939453125,0.681427001953125,0.625,91181.734375,267.677734375,283.35205078125,298.4945678710937,0.0024434600491076,0.0088963843882083,0.009949468076229,-1.65191650390625,-5.1312103271484375,-2.758941650390625,-1.3200225830078125,-3.670928955078125,0.039398193359375
2025-04-27,18,3,298.1002197265625,290.428466796875,-3.1765899658203125,2.087020874023437,177.875,91518.1875,268.06756591796875,283.04803466796875,294.7938842773437,0.0016982555389404,0.0084395967423915,0.011894516646862,-2.6584014892578125,0.4073333740234375,-3.6375579833984375,-1.350860595703125,-5.405563354492188,8.075927734375
2025-04-28,0,0,296.6597900390625,293.660400390625,-0.2350616455078125,1.106719970703125,767.5,91319.609375,268.5714111328125,284.3290100097656,293.0919494628906,0.0023876528721302,0.0066779367625713,0.0132445879280567,0.913482666015625,-5.370025634765625,1.7354888916015625,-0.1269989013671875,-6.46759033203125,3.494537353515625
2025-04-28,6,1,303.25927734375,293.2062072753906,-0.7923126220703125,0.71142578125,721.625,91436.375,269.00341796875,283.87237548828125,294.655029296875,0.0024366478901356,0.0061175189912319,0.0140072293579578,-0.3293304443359375,-5.425201416015625,-1.0956268310546875,-0.11700439453125,-3.9798736572265625,0.7046661376953125
2025-04-28,12,2,305.02130126953125,291.2406616210937,-1.1638946533203125,-0.0126190185546875,0.875,91087.109375,269.525390625,283.6089172363281,297.37078857421875,0.0029611005447804,0.0080801472067832,0.0106418989598751,0.9274139404296876,-5.834396362304688,-2.4591522216796875,-2.3119049072265625,-4.8743438720703125,-0.9300384521484376
2025-04-28,18,3,298.61627197265625,292.9725341796875,-1.529296875,1.09637451171875,3.5,91381.234375,268.1636962890625,282.7442626953125,295.8021240234375,0.0034896731376647,0.0078017190098762,0.0114927850663661,-1.3001556396484375,-2.7589569091796875,-0.4063873291015625,-1.3379364013671875,-4.1132354736328125,4.8754730224609375
2025-04-29,0,0,297.08612060546875,292.9468688964844,-0.895904541015625,1.359832763671875,349.125,91300.109375,267.859130859375,284.34283447265625,293.46697998046875,0.0026215682737529,0.0051557049155235,0.0126097314059734,1.092193603515625,-6.606781005859375,2.4049224853515625,0.2779693603515625,-5.3326416015625,2.69793701171875
2025-04-29,6,1,303.17938232421875,292.8815612792969,-1.360626220703125,0.2014617919921875,119.875,91414.78125,269.70184326171875,284.013671875,295.2337646484375,0.0016243902500718,0.005664974451065,0.0127322599291801,1.7422027587890625,-8.696456909179688,-1.978179931640625,-1.0511627197265625,-4.7290802001953125,-0.0361785888671875
2025-04-29,12,2,304.9964599609375,290.6951904296875,-0.9645843505859376,1.021759033203125,1.375,91097.9375,269.3881225585937,283.5111083984375,298.2513732910156,0.0007033445872366,0.0082217529416084,0.0102269574999809,0.31597900390625,-7.005523681640625,-3.160125732421875,-3.3293914794921875,-5.623550415039063,0.4067230224609375
2025-04-29,18,3,300.2043762207031,291.8505859375,-0.6866302490234375,1.7425079345703125,63.0,91374.25,268.4338684082031,284.14569091796875,296.7601318359375,0.0003239016514271,0.0050992667675018,0.0118380412459373,-2.674591064453125,-7.850616455078125,-0.399932861328125,-4.0810394287109375,-3.1464996337890625,3.9970703125
2025-04-30,0,0,297.2254943847656,292.6337585449219,0.615234375,1.5120391845703125,95.0,91322.859375,269.2298583984375,284.25250244140625,293.3524780273437,0.0003509656526148,0.0038126858416944,0.0124669149518013,1.2373046875,-9.072433471679688,3.1624298095703125,0.571197509765625,-2.550689697265625,3.064361572265625
2025-04-30,6,1,304.08697509765625,292.4625244140625,1.06451416015625,-0.938446044921875,256.125,91486.671875,269.7080993652344,284.4779663085937,295.82989501953125,0.0003018262796103,0.0048852749168872,0.0126951411366462,-0.0330047607421875,-7.1864776611328125,1.2595977783203125,-1.2646942138671875,-4.093765258789063,-1.63043212890625
2025-04-30,12,2,303.5716552734375,289.9683837890625,-0.5427093505859375,-1.1707611083984375,54.375,91153.203125,269.64959716796875,283.4993896484375,297.974853515625,0.0010670055635273,0.0095103867352008,0.0114990808069705,2.2968292236328125,-3.042633056640625,-1.1694488525390625,-4.696090698242188,-4.6268310546875,-2.185455322265625
2025-04-30,18,3,298.323486328125,290.84283447265625,1.646087646484375,-0.7725372314453125,40.25,91449.0,267.0966491699219,282.7424011230469,296.87762451171875,0.0025606590788811,0.0092278383672237,0.0113201290369033,-1.645233154296875,-5.919189453125,0.869354248046875,-6.114181518554688,-0.5373687744140625,-4.1850128173828125
2025-05-01,0,0,297.226806640625,292.29791259765625,0.544525146484375,1.6293182373046875,336.75,91388.703125,269.0560302734375,284.94805908203125,294.15478515625,0.0030004095751792,0.0058645978569984,0.0118287131190299,0.6569061279296875,-7.0704193115234375,1.034271240234375,-0.536529541015625,-7.705276489257812,2.1793975830078125
2025-05-01,6,1,303.0129699707031,293.46588134765625,1.532257080078125,-0.6436004638671875,777.0,91570.140625,270.442626953125,284.3658447265625,295.21075439453125,0.0012121233157813,0.0063319578766822,0.0137449614703655,-3.009857177734375,-5.7694244384765625,1.8045196533203125,-4.91522216796875,-2.9611358642578125,-1.1144256591796875
2025-05-01,12,2,302.6656494140625,293.0826416015625,-0.83447265625,1.012115478515625,692.25,91220.015625,269.5604858398437,284.15496826171875,296.8697204589844,0.0016884072683751,0.0090245716273784,0.0125281438231468,-2.16925048828125,-4.405120849609375,-1.1557769775390625,-2.885040283203125,-4.2559356689453125,-1.3280487060546875
2025-05-01,18,3,296.78497314453125,292.576171875,0.9504852294921876,1.561248779296875,341.625,91494.671875,268.72821044921875,284.08856201171875,295.6181640625,0.002293539000675,0.0090176351368427,0.0121465288102626,-2.5891876220703125,-4.09808349609375,-0.050750732421875,-1.3199615478515625,-5.786468505859375,0.4339447021484375
2025-05-02,0,0,296.6779479980469,293.705810546875,1.6099853515625,0.4202117919921875,958.375,91446.421875,269.25213623046875,284.82501220703125,294.2994384765625,0.0011560069397091,0.0071133859455585,0.0123295709490776,-2.7113189697265625,-5.4752349853515625,3.9111480712890634,0.5881500244140625,-7.507537841796875,1.5058441162109375
2025-05-02,6,1,303.5746459960937,293.66094970703125,0.8805084228515625,-1.15106201171875,1100.25,91600.03125,269.20416259765625,283.7980041503906,295.5092163085937,0.0016420853789895,0.007931986823678,0.014204267412424,-1.150543212890625,-5.148696899414063,0.9796295166015624,2.3772125244140625,-3.0886383056640625,-1.9569549560546875
2025-05-02,12,2,301.5001220703125,293.462646484375,-1.94488525390625,1.7554168701171875,2196.0,91251.890625,269.85595703125,284.3862609863281,295.710693359375,0.0026867387350648,0.0107926093041896,0.0147941298782825,3.577499389648437,-1.9736480712890625,-1.5665130615234375,-1.0936737060546875,-4.7945709228515625,-0.05810546875
2025-05-02,18,3,294.5314636230469,292.2235107421875,1.0144805908203125,0.8934326171875,1091.125,91535.21875,267.214599609375,284.29705810546875,294.503662109375,0.0041629970073699,0.0090056359767913,0.0142448507249355,0.7624053955078125,-5.1744384765625,0.2469329833984375,-2.664901733398437,-2.24517822265625,3.1025848388671875
2025-05-03,0,0,295.6904296875,293.26324462890625,2.60516357421875,1.288177490234375,635.75,91416.734375,267.4273986816406,284.5994873046875,294.39178466796875,0.0042566247284412,0.0056443698704242,0.0131033435463905,1.5323333740234375,-7.326904296875,2.087875366210937,-0.8472900390625,-2.211410522460937,0.59393310546875
2025-05-03,6,1,301.7378845214844,292.0457458496094,1.869903564453125,-0.8269195556640625,1106.625,91540.46875,268.1659240722656,284.3358154296875,294.5608215332031,0.0038462234660983,0.0062728337943553,0.0144372098147869,0.300140380859375,-4.326324462890625,2.3438720703125,1.7698211669921875,-1.8850860595703125,-1.3578643798828125
2025-05-03,12,2,303.004638671875,293.34002685546875,-0.973480224609375,0.815765380859375,304.375,91215.171875,267.8730773925781,283.87908935546875,296.98291015625,0.0027798942755907,0.0083521790802478,0.0122710019350051,4.736862182617188,0.8494415283203125,-0.35003662109375,0.0481109619140625,-2.094711303710937,0.087860107421875
2025-05-03,18,3,296.7310485839844,294.0155029296875,2.38763427734375,1.177154541015625,768.0,91392.0,267.8546142578125,283.0829772949219,295.2586669921875,0.0028097736649215,0.008971445262432,0.0120687708258628,4.6750030517578125,-4.31060791015625,4.7730255126953125,2.030120849609375,-2.4697723388671875,0.277313232421875
2025-05-04,0,0,296.79248046875,294.62109375,2.693084716796875,0.2266387939453125,1491.5,91357.390625,267.1654968261719,283.398193359375,294.046630859375,0.0014375403989106,0.007810890674591,0.0121731273829936,6.674774169921875,-1.6944427490234375,5.5970001220703125,1.926666259765625,-3.22015380859375,-0.6472015380859375
2025-05-04,6,1,303.485107421875,293.4940185546875,2.494903564453125,-1.6301422119140625,553.875,91468.09375,268.4571838378906,284.0953369140625,295.2266845703125,0.0004002393689006,0.0065210051834583,0.0132314935326576,9.34918212890625,-1.5052337646484375,3.49554443359375,3.60858154296875,-2.401519775390625,-3.06976318359375
2025-05-04,12,2,303.64373779296875,292.51031494140625,0.7143402099609375,-1.839263916015625,0.0,91136.078125,266.85626220703125,284.2247314453125,298.230224609375,0.001571936532855,0.0063803680241107,0.0090131126344203,7.985549926757812,-0.4601593017578125,1.281463623046875,3.352691650390625,-1.7244415283203125,-5.65972900390625
2025-05-04,18,3,296.81463623046875,290.7748107910156,-2.4154815673828125,1.7040863037109375,109.625,91419.34375,267.4129943847656,282.5515441894531,296.3529968261719,0.0006739280652254,0.0075716488063335,0.0101588070392608,12.207855224609377,-0.4645843505859375,-2.21856689453125,0.2732696533203125,-5.277435302734375,2.9204254150390625
2025-05-05,0,0,295.534912109375,291.86944580078125,-0.1627044677734375,1.604644775390625,6.25,91295.953125,268.2391357421875,284.4468994140625,293.7818298339844,0.0003375238738954,0.0043487399816513,0.0122747458517551,11.406112670898438,1.5587005615234375,3.3208465576171875,-0.1848297119140625,-2.843353271484375,3.2993316650390625
2025-05-05,6,1,302.5234375,292.295166015625,1.3684539794921875,-0.648040771484375,147.0,91383.265625,268.61578369140625,283.8597412109375,295.62548828125,0.0003190413117408,0.004432488232851,0.0124043561518192,11.0875244140625,-1.389404296875,1.7322845458984375,1.909698486328125,-3.981292724609375,-1.3240509033203125
2025-05-05,12,2,305.03375244140625,290.52203369140625,0.4735260009765625,0.2378387451171875,0.0,91135.71875,267.9769897460937,283.6298828125,299.06353759765625,0.0004799920134246,0.0064122416079044,0.0078985355794429,11.25128173828125,-2.4900360107421875,0.54608154296875,0.686065673828125,-5.0174102783203125,-1.1176910400390625
2025-05-05,18,3,298.717529296875,291.1957397460937,1.4533843994140625,2.10919189453125,118.0,91413.09375,268.7851257324219,283.16412353515625,296.0948486328125,0.0008087633177638,0.0070059709250926,0.0105697326362133,11.13922119140625,-1.3076934814453125,6.0596466064453125,1.9985504150390625,-4.039352416992188,2.90313720703125
2025-05-06,0,0,296.1920166015625,293.6753234863281,1.8503875732421875,0.258056640625,600.75,91404.078125,268.26873779296875,282.51043701171875,294.53094482421875,0.0002205455675721,0.0069022960960865,0.0099521726369857,10.339157104492188,-1.6002655029296875,5.2608795166015625,2.730194091796875,-3.210311889648437,-0.98553466796875
2025-05-06,6,1,303.10528564453125,291.17333984375,1.77728271484375,-1.90240478515625,75.5,91505.28125,269.34619140625,282.9672241210937,295.1748962402344,0.0001840001787059,0.0065034553408622,0.0114845409989357,9.521316528320312,-1.9214019775390625,2.440780639648437,3.068603515625,-0.480621337890625,-3.1587066650390625
2025-05-06,12,2,304.6507568359375,291.5774230957031,0.5354766845703125,-0.3082122802734375,0.0,91078.25,268.9462890625,283.34820556640625,298.53985595703125,0.0002005540591198,0.0067178532481193,0.008450724184513,9.66021728515625,-0.499908447265625,0.9401702880859376,2.965545654296875,-3.443954467773437,-2.1174774169921875
2025-05-06,18,3,297.416015625,288.42138671875,1.836090087890625,1.187469482421875,0.125,91375.375,268.2453308105469,282.7145080566406,297.3750915527344,0.0002459669485688,0.0078692063689231,0.0086712799966335,9.77789306640625,-4.310943603515625,4.9286041259765625,3.437042236328125,-2.2957916259765625,0.1866455078125
2025-05-07,0,0,297.086181640625,292.4373779296875,2.42315673828125,0.00360107421875,332.25,91390.203125,268.9314880371094,281.44000244140625,293.00885009765625,0.0001773021067492,0.007965438067913,0.0111416466534137,8.145477294921875,1.1381683349609375,4.650360107421875,3.952789306640625,-3.2301788330078125,-4.805999755859375
2025-05-07,6,1,303.00750732421875,291.9903869628906,1.5303497314453125,-1.9501190185546875,57.5,91373.625,268.4526062011719,283.2485656738281,295.225341796875,0.0001944894029293,0.0053730569779872,0.0116726383566856,9.497802734375,-1.9937744140625,2.0866241455078125,4.891326904296875,-0.5684814453125,-3.0836181640625
2025-05-07,12,2,303.3593139648437,290.9417724609375,-0.169189453125,-0.9970550537109376,11.875,91055.6875,268.2789611816406,282.9240417480469,297.5762939453125,0.0001970629527932,0.007857572287321,0.0101512745022773,8.908767700195312,2.503570556640625,-0.0097198486328125,3.730667114257813,2.1516265869140625,-1.5559844970703125
2025-05-07,18,3,297.5492858886719,289.437744140625,0.8359222412109375,1.8040924072265625,19.5,91417.125,267.1661682128906,281.6209716796875,295.17010498046875,0.0008571739308536,0.0088525377213954,0.0106886960566043,5.64569091796875,1.754547119140625,1.6783599853515625,4.6231536865234375,-0.4207763671875,3.5449676513671875
2025-05-08,0,0,296.0651550292969,292.0058288574219,2.4548492431640625,0.13031005859375,60.625,91294.40625,269.04345703125,282.16650390625,292.9849548339844,0.000476008746773,0.0074039064347743,0.0104212835431098,6.2724151611328125,0.7201690673828125,5.84796142578125,9.291885375976562,1.520355224609375,-1.301483154296875
2025-05-08,6,1,301.77392578125,291.67608642578125,2.491424560546875,-0.7727203369140625,93.625,91420.5,268.4696044921875,282.1842041015625,294.2440795898437,0.0004394650459289,0.0066845789551734,0.01155411824584,6.870941162109375,1.2023773193359375,3.454742431640625,8.434921264648438,4.061431884765625,-1.2077484130859375
2025-05-08,12,2,302.87384033203125,289.3376770019531,1.455169677734375,0.5424041748046875,0.0,91165.328125,268.62139892578125,282.83544921875,296.8673400878906,0.0010018106549978,0.0060016699135303,0.0092882700264453,5.247604370117188,5.5282135009765625,3.612991333007813,8.670196533203125,1.4010467529296875,1.0886688232421875
2025-05-08,18,3,297.360107421875,288.20867919921875,2.1083984375,0.427642822265625,0.0,91505.6875,268.6474609375,281.0296325683594,293.9244384765625,0.0018507856875658,0.0081088319420814,0.0103183761239051,6.2828369140625,-3.111785888671875,5.6009063720703125,10.616470336914062,0.9134979248046876,-4.417266845703125
2025-05-09,0,0,295.62518310546875,291.2049865722656,1.5395050048828125,-0.0363616943359375,0.0,91418.03125,268.3865661621094,281.9246520996094,292.4359130859375,0.002019245410338,0.0068728365004062,0.0103204734623432,4.340988159179688,0.6618194580078125,2.85760498046875,10.616104125976562,1.9378662109375,-2.565704345703125
2025-05-09,6,1,302.4623413085937,290.6473083496094,1.1534576416015625,-0.9481658935546876,0.0,91518.734375,268.65545654296875,282.3334350585937,294.5997314453125,0.0012008233461529,0.0067481063306331,0.010429497808218,4.1164093017578125,-0.483978271484375,1.4403533935546875,11.224044799804688,2.977264404296875,-1.4951019287109375
2025-05-09,12,2,303.68218994140625,290.7477722167969,0.2226715087890625,0.6356658935546875,7.75,91187.21875,268.6944274902344,283.3526916503906,296.99676513671875,0.0002852142788469,0.0058036297559738,0.0106046572327613,6.381362915039063,1.691436767578125,0.7558746337890625,8.378738403320312,1.52777099609375,0.5346527099609375
2025-05-09,18,3,296.7442932128906,290.50537109375,1.806243896484375,1.2644500732421875,28.375,91507.640625,268.702880859375,281.670166015625,295.36834716796875,0.0002222448238171,0.0078489482402801,0.0106875374913215,3.91595458984375,0.921600341796875,2.936981201171875,7.761505126953125,0.13055419921875,2.4402313232421875
2025-05-10,0,0,295.444580078125,292.0833740234375,1.4256591796875,0.6849365234375,0.125,91400.28125,267.9039306640625,283.0201416015625,293.04522705078125,0.0009897991549223,0.0044058933854103,0.0107204169034957,2.7381591796875,0.2150115966796875,1.6192474365234375,6.2075042724609375,3.1895751953125,-2.33837890625
2025-05-10,6,1,302.7250366210937,290.3754577636719,1.4783782958984375,-0.058807373046875,0.125,91538.234375,268.65289306640625,283.16436767578125,294.23193359375,0.0020288603845983,0.0060308426618576,0.0113696232438087,2.9633331298828125,-2.354843139648437,2.01483154296875,3.886520385742188,4.16094970703125,-0.314300537109375
2025-05-10,12,2,303.2308349609375,290.81964111328125,0.873687744140625,0.6802520751953125,4.625,91211.546875,269.0072021484375,283.2601928710937,296.7731018066406,0.0025253694038838,0.007415298372507,0.0107354782521724,2.051544189453125,0.4566497802734375,2.222274780273437,1.1212310791015625,0.582763671875,0.2543792724609375
2025-05-10,18,3,298.1208801269531,290.9580383300781,1.754974365234375,0.8106231689453125,10.25,91474.453125,267.9361267089844,281.6739196777344,294.66778564453125,0.0028503630310297,0.0092053525149822,0.0110516361892223,3.586044311523437,-0.76690673828125,4.4739990234375,-0.0483856201171875,-1.39569091796875,-0.42889404296875
2025-05-11,0,0,296.0668334960937,292.4474182128906,1.5810699462890625,-0.1653900146484375,0.0,91411.046875,267.73150634765625,282.61700439453125,293.3200378417969,0.0024576252326369,0.0090769492089748,0.0106991119682788,1.4730987548828125,-1.5531158447265625,3.215118408203125,-1.2379150390625,1.39794921875,-2.0765533447265625
2025-05-11,6,1,302.4977722167969,291.2587890625,0.998016357421875,-0.615447998046875,4.75,91460.265625,268.6332397460937,283.67529296875,294.5872802734375,0.0018936216365545,0.0074446089565753,0.0120075978338718,0.72125244140625,-2.54644775390625,1.2436370849609375,-1.18731689453125,1.1999053955078125,-1.125946044921875
2025-05-11,12,2,302.64312744140625,292.0395812988281,-0.0468292236328125,-0.45111083984375,65.375,91117.4375,269.5494079589844,283.862060546875,296.1009216308594,0.0019967057742178,0.00814700871706,0.0126210451126098,0.8285675048828125,-0.78167724609375,0.2625579833984375,-3.129913330078125,1.913543701171875,-0.355010986328125
2025-05-11,18,3,298.40899658203125,292.7737121582031,1.782623291015625,-0.169158935546875,25.375,91393.515625,269.3520812988281,282.8155517578125,294.7972412109375,0.0019584316760301,0.0090953074395656,0.0128368474543094,-0.9644012451171876,-0.892669677734375,4.865402221679688,-1.7039337158203125,1.0305938720703125,-0.650177001953125
2025-05-12,0,0,296.8253173828125,293.59051513671875,2.6397705078125,0.2935333251953125,63.125,91228.15625,268.0477905273437,284.158203125,293.45733642578125,0.001872906461358,0.0084443241357803,0.0118158906698226,-3.079132080078125,-1.77044677734375,7.082183837890625,1.1624908447265625,-2.04522705078125,0.1906280517578125
2025-05-12,6,1,302.1730651855469,292.63702392578125,2.613494873046875,-1.0311431884765625,14.75,91330.453125,269.25018310546875,283.8980407714844,294.5988464355469,0.0013082586228847,0.0087465494871139,0.0131328888237476,-0.78692626953125,-3.277084350585937,3.866256713867188,6.0933380126953125,-0.3300933837890625,-1.5644378662109375
2025-05-12,12,2,303.5278625488281,292.6357727050781,-0.0417022705078125,-1.13800048828125,732.5,90920.984375,269.3378295898437,285.2171630859375,297.5166015625,0.0023344524670392,0.0084350407123565,0.0143889896571636,0.226226806640625,-2.2161407470703125,0.982635498046875,1.9111175537109373,-0.6694488525390625,-1.334808349609375
2025-05-12,18,3,298.206787109375,293.6191101074219,1.592620849609375,0.5877227783203125,771.5,91371.609375,268.90948486328125,284.06695556640625,293.7604064941406,0.0038645854219794,0.0087774954736232,0.0142046436667442,-0.7543792724609375,-4.125289916992188,2.62615966796875,0.1341705322265625,-1.3828125,0.7894744873046875
2025-05-13,0,0,296.4307556152344,294.2489013671875,1.4014434814453125,-1.0031280517578125,277.25,91209.640625,268.9842529296875,284.0157470703125,294.10113525390625,0.003919830545783,0.0090227387845516,0.0134761966764926,-1.6050567626953125,-2.649566650390625,1.5802764892578125,1.7314300537109375,1.34552001953125,0.3446044921875
2025-05-13,6,1,301.90606689453125,295.29962158203125,1.8971710205078125,-0.708221435546875,1507.125,91334.546875,269.5438232421875,284.0626220703125,294.17578125,0.0033884611912071,0.0089234933257102,0.0158042274415493,-2.8822479248046875,-3.0392608642578125,2.459701538085937,0.598846435546875,0.0634002685546875,-1.2088775634765625
2025-05-13,12,2,300.37860107421875,295.65399169921875,0.635833740234375,-0.602081298828125,1292.5,91050.421875,270.2341003417969,284.15362548828125,295.1051025390625,0.0041263201273977,0.0104854181408882,0.0151002183556556,-3.094589233398437,-1.235443115234375,0.9508819580078124,2.524520874023437,1.405303955078125,-0.412261962890625
2025-05-13,18,3,295.64923095703125,294.23931884765625,1.7108154296875,-1.1617279052734375,937.125,91361.5625,269.10137939453125,283.5439453125,293.04541015625,0.0047864392399787,0.0110356770455837,0.0148323290050029,-4.22454833984375,-2.9917144775390625,4.4725189208984375,2.1542510986328125,0.1421966552734375,-1.6632232666015625
2025-05-14,0,0,296.189453125,294.04742431640625,1.1652679443359375,-1.237152099609375,255.5,91283.984375,268.39654541015625,283.79205322265625,293.8077392578125,0.0043634269386529,0.0096148811280727,0.0135064125061035,-0.1489105224609375,-4.524581909179688,-0.8374176025390625,2.4041290283203125,-0.0855865478515625,-1.1632537841796875
2025-05-14,6,1,302.78643798828125,294.54766845703125,0.839141845703125,-1.627288818359375,1300.75,91391.4375,268.6999816894531,284.3119812011719,294.40753173828125,0.0039869677275419,0.0083755366504192,0.0155513063073158,-1.48504638671875,-3.838088989257813,0.9432373046875,2.8205718994140625,0.48651123046875,-2.3491363525390625
2025-05-14,12,2,303.0841369628906,295.6375732421875,-0.4583740234375,-1.0709686279296875,1585.25,91050.796875,269.4379272460937,284.7987060546875,296.5977783203125,0.00388332339935,0.0088074095547199,0.0153338350355625,-3.550689697265625,-2.325912475585937,-1.1826629638671875,1.54681396484375,0.117401123046875,-2.251800537109375
2025-05-14,18,3,296.5491943359375,294.91314697265625,1.513580322265625,0.9999847412109376,728.375,91445.5,268.9814453125,284.0352783203125,293.18719482421875,0.0038327439688146,0.0092388801276683,0.0153849869966506,-3.6342926025390634,-3.351715087890625,-0.5223388671875,0.8962554931640625,-1.1381072998046875,-0.3654632568359375
2025-05-15,0,0,295.1806030273437,293.4941711425781,1.2016754150390625,-0.3184814453125,119.25,91281.78125,268.22100830078125,285.3370361328125,294.06793212890625,0.0047583803534507,0.0069146864116191,0.0136590301990509,-1.4652557373046875,0.512908935546875,-1.3446044921875,2.7975616455078125,1.3538360595703125,-1.829010009765625
2025-05-15,6,1,301.0781555175781,294.92987060546875,0.373565673828125,-1.1343841552734375,992.0,91407.453125,269.1348876953125,284.6552124023437,294.0648803710937,0.0041819000616669,0.0077674090862274,0.0152106173336505,-2.5247039794921875,-0.4020233154296875,0.228759765625,1.112701416015625,0.426239013671875,-1.6513519287109375
2025-05-15,12,2,302.0167236328125,295.7604675292969,1.2548065185546875,-0.129364013671875,734.0,91117.171875,269.95281982421875,284.5189514160156,295.8060607910156,0.003035137662664,0.0090706050395965,0.0150205418467521,-2.8910675048828125,-1.89056396484375,1.764617919921875,0.460235595703125,-0.75836181640625,-0.1965789794921875
2025-05-15,18,3,296.54302978515625,294.7430419921875,1.1468048095703125,-1.3953857421875,813.25,91476.0,268.6670227050781,283.70770263671875,293.5860595703125,0.00356350466609,0.0096770636737346,0.0147980265319347,-1.0920562744140625,-3.450592041015625,2.8004302978515625,-0.102203369140625,-1.453857421875,-0.8203125
2025-05-16,0,0,296.0890808105469,294.16290283203125,1.7892608642578125,0.49468994140625,110.125,91242.828125,268.7467346191406,284.7601928710937,293.5272216796875,0.0038988024462014,0.0079360418021678,0.0139750130474567,0.7893218994140625,-1.404510498046875,2.294921875,-2.372421264648437,0.3848724365234375,-0.48199462890625
2025-05-16,6,1,301.1830749511719,294.7860107421875,2.1797637939453125,-0.80194091796875,1060.0,91394.515625,268.758056640625,284.60894775390625,293.6976013183594,0.0033453055657446,0.0082455724477767,0.0153708606958389,-2.58770751953125,-0.5281829833984375,3.09075927734375,-3.160507202148437,0.3592681884765625,-1.2646484375
2025-05-16,12,2,301.2117614746094,295.1839599609375,1.4532318115234375,-1.5771484375,1672.625,91091.203125,269.39288330078125,284.19122314453125,294.7024841308594,0.0034930012188851,0.009532805532217,0.0157485678791999,-2.8853912353515625,0.574859619140625,3.020721435546875,-3.4666748046875,0.3602294921875,-2.3643035888671875
2025-05-16,18,3,296.37567138671875,294.9659423828125,1.148773193359375,-0.8484649658203125,879.5,91454.84375,268.4748840332031,284.32598876953125,292.6788330078125,0.0044482164084911,0.00894595682621,0.0154691971838474,-2.9903106689453125,1.2844390869140625,5.864273071289063,-3.1382598876953125,-2.154693603515625,-4.266510009765625
2025-05-17,0,0,296.6522827148437,294.7662353515625,1.9967193603515625,0.1216278076171875,581.625,91240.5,268.45703125,284.31182861328125,292.4093933105469,0.0043870285153388,0.0086460895836353,0.0134416483342647,-2.7227935791015625,-0.5389404296875,6.0001983642578125,-4.7323150634765625,-5.42559814453125,-2.224853515625
2025-05-17,6,1,301.1888122558594,294.88934326171875,3.17376708984375,-1.6114654541015625,506.375,91329.890625,268.52606201171875,284.0448303222656,292.8532409667969,0.0041642040014266,0.0096998475492,0.0148764140903949,-5.7308197021484375,0.6036529541015625,4.800308227539063,-5.792037963867188,-4.6005859375,-2.740585327148437
2025-05-17,12,2,299.441650390625,293.851318359375,2.4237060546875,-0.245391845703125,353.5,91007.25,269.1464233398437,283.9774475097656,294.99517822265625,0.0038858561310917,0.0103881172835826,0.0145866461098194,-7.530960083007812,2.8329010009765625,4.996841430664063,-7.354202270507812,-5.173004150390625,-1.2475433349609375
2025-05-17,18,3,295.03955078125,294.041259765625,2.71868896484375,-0.4334564208984375,350.0,91383.375,269.15673828125,284.1466064453125,292.05767822265625,0.0058823935687541,0.0107959769666194,0.0146973170340061,-12.715301513671877,0.571258544921875,8.187286376953125,-5.9101104736328125,-4.366729736328125,-2.3011627197265625
2025-05-18,0,0,295.4691162109375,294.06036376953125,1.52423095703125,0.3831634521484375,226.625,91222.0625,268.8588256835937,282.9609680175781,292.45953369140625,0.0045633725821971,0.0086669400334358,0.0122769325971603,-9.13873291015625,-1.961029052734375,5.5621185302734375,-3.453582763671875,-0.7508697509765625,-2.499496459960937
2025-05-18,6,1,301.19610595703125,293.66180419921875,2.882904052734375,-2.646224975585937,54.5,91269.625,269.8809814453125,284.00762939453125,292.830810546875,0.0045725591480731,0.0081888698041439,0.0139902727678418,-10.006500244140623,-0.749176025390625,4.545166015625,1.9578094482421875,-1.76519775390625,-4.0738067626953125
2025-05-18,12,2,300.2005615234375,293.787353515625,1.4195404052734375,-1.6512603759765625,420.5,90938.0625,270.3656005859375,284.0111083984375,294.21563720703125,0.0052602440118789,0.0092603415250778,0.0149943195283412,-6.6489105224609375,-2.2840576171875,1.87982177734375,2.5441131591796875,-2.1562652587890625,-5.439727783203125
2025-05-18,18,3,296.552490234375,294.5130615234375,0.6844940185546875,0.263824462890625,248.375,91191.296875,270.14752197265625,283.8319091796875,291.900634765625,0.0060149878263473,0.0099965333938598,0.0152043513953685,-5.6461334228515625,-2.8595123291015625,1.4832763671875,1.019989013671875,-2.059051513671875,-2.790008544921875
2025-05-19,0,0,296.0557861328125,294.25115966796875,1.654266357421875,-1.5749969482421875,25.375,91067.53125,270.5986022949219,283.72100830078125,291.96343994140625,0.0053422600030899,0.0106772389262914,0.0146086402237415,-6.9814300537109375,-4.506622314453125,2.276092529296875,-1.234375,-4.66473388671875,-5.649505615234375
2025-05-19,6,1,299.27984619140625,296.34991455078125,1.2073822021484375,-2.34136962890625,281.125,91149.90625,270.271728515625,285.0252380371094,292.4219665527344,0.0057739280164241,0.0107122734189033,0.0155317448079586,-6.8207550048828125,-5.3588714599609375,0.5648040771484375,-1.35089111328125,-2.696044921875,-3.753173828125
2025-05-19,12,2,299.13775634765625,295.8718566894531,0.216278076171875,-1.09051513671875,208.0,90848.4375,270.77520751953125,285.1054077148437,293.5301208496094,0.0058770254254341,0.0119121745228767,0.0152824111282825,-3.0570068359375,-4.7816162109375,-0.3879852294921875,0.7845916748046875,1.395050048828125,-2.5415802001953125
2025-05-19,18,3,296.3905334472656,295.1878662109375,1.467376708984375,1.16986083984375,125.5,91101.5,270.95147705078125,284.6337280273437,292.101318359375,0.0060217007994651,0.0114464461803436,0.0157624334096908,-5.09539794921875,-1.7258758544921875,2.000396728515625,1.00152587890625,1.4822845458984375,0.541412353515625
2025-05-20,0,0,295.8382568359375,295.1053466796875,0.9614715576171876,0.0695953369140625,49.875,90978.84375,270.66851806640625,284.3431396484375,291.8119201660156,0.0062256157398223,0.0100077241659164,0.0148484706878662,-4.167510986328125,-2.627304077148437,1.76641845703125,1.0264892578125,1.2463836669921875,1.720458984375
2025-05-20,6,1,298.4739990234375,295.3302001953125,2.967926025390625,0.9239654541015624,365.375,91116.046875,270.9159545898437,284.7515563964844,292.639404296875,0.0047902502119541,0.0090521462261676,0.0146103762090206,-3.1852264404296875,1.6966552734375,6.787353515625,5.011260986328125,2.723129272460937,2.60638427734375
2025-05-20,12,2,298.0300598144531,294.22491455078125,2.5023651123046875,0.2859954833984375,204.75,90879.609375,270.79071044921875,284.57720947265625,292.886474609375,0.004757035523653,0.0113963708281517,0.0142611153423786,-1.221771240234375,3.584991455078125,8.915512084960938,4.2808380126953125,2.6468658447265625,0.1399078369140625
2025-05-20,18,3,295.6071472167969,293.1158447265625,3.855072021484375,1.7224578857421875,0.0,91076.09375,270.6754150390625,284.468505859375,291.8895874023437,0.0051157884299755,0.0107377655804157,0.0143224969506263,-0.0912017822265625,6.599639892578125,12.270858764648438,4.6274261474609375,-0.7438507080078125,2.4375457763671875
2025-05-21,0,0,295.4970703125,293.8367004394531,2.4380035400390625,2.225250244140625,0.25,91078.90625,269.81903076171875,284.5556335449219,290.77740478515625,0.0050788447260856,0.010124035179615,0.0147209241986274,1.75433349609375,3.904220581054688,12.067764282226562,5.354644775390625,2.7350311279296875,2.533432006835937
2025-05-21,6,1,299.1014099121094,293.619140625,5.646209716796875,0.9127044677734376,23.0,91286.078125,269.4804992675781,284.3339233398437,292.54473876953125,0.0049988999962806,0.010082583874464,0.0142690725624561,0.1399688720703125,6.262176513671875,10.23138427734375,4.187286376953125,3.246917724609375,1.1948394775390625
2025-05-21,12,2,298.3899841308594,293.54736328125,4.977096557617188,0.4383392333984375,77.75,91066.546875,270.09930419921875,284.46710205078125,292.2234802246094,0.0046769604086875,0.0091179050505161,0.0146004594862461,-2.696624755859375,13.963790893554688,13.48651123046875,2.6363525390625,1.948883056640625,0.2508392333984375
2025-05-21,18,3,295.3378295898437,292.6439208984375,2.83978271484375,1.3025054931640625,0.0,91280.203125,269.6219177246094,286.994384765625,291.26568603515625,0.0042116232216358,0.0048325881361961,0.0127008445560932,0.947296142578125,14.380401611328123,12.082717895507812,5.838638305664063,-0.519287109375,0.842376708984375
2025-05-22,0,0,295.3202514648437,293.5015563964844,2.4727325439453125,0.86053466796875,1.25,91189.984375,268.8894348144531,285.9312744140625,290.21075439453125,0.0048312358558177,0.0050808973610401,0.0137862302362918,4.88018798828125,14.34088134765625,12.535797119140623,5.6576995849609375,-1.8770294189453125,-0.1906280517578125
2025-05-22,6,1,299.96881103515625,293.13360595703125,5.24957275390625,1.446685791015625,23.875,91295.265625,269.6978759765625,285.34930419921875,292.7108154296875,0.0040317382663488,0.0061331242322921,0.0140140801668167,6.27545166015625,14.652359008789062,9.740249633789062,3.9793701171875,0.090606689453125,2.26129150390625
2025-05-22,12,2,300.9878845214844,292.6624755859375,3.288238525390625,1.4549713134765625,0.0,91039.859375,269.65191650390625,284.6071472167969,294.3529663085937,0.0041178278625011,0.0069186314940452,0.0133620779961347,12.29388427734375,14.419082641601562,8.45343017578125,2.0556182861328125,0.7328643798828125,2.7877197265625
2025-05-22,18,3,296.32916259765625,293.2342529296875,2.4592437744140625,1.54632568359375,0.0,91250.484375,270.6817626953125,284.1922302246094,291.92938232421875,0.0023147361353039,0.0086297169327735,0.0132215917110443,10.678863525390623,12.8385009765625,10.075714111328123,-0.6645050048828125,2.22320556640625,3.51214599609375
2025-05-23,0,0,295.92108154296875,293.8292236328125,1.794769287109375,1.812347412109375,0.0,91040.71875,269.5894775390625,284.544189453125,291.676025390625,0.0020237367134541,0.0083287432789802,0.0126887001097202,10.245819091796877,13.779266357421877,11.160537719726562,-0.768463134765625,1.3944549560546875,4.9862213134765625
2025-05-23,6,1,301.239013671875,293.8325500488281,5.69256591796875,3.5129852294921875,0.0,91101.1875,270.4803466796875,284.2957763671875,293.2593994140625,0.0025330414064228,0.010008405894041,0.0141470357775688,6.389862060546875,14.656845092773438,10.002227783203123,2.7497100830078125,4.9195404052734375,6.106842041015625
2025-05-23,12,2,299.4299011230469,293.7355041503906,4.009078979492188,2.866424560546875,95.75,90812.578125,271.30517578125,284.44451904296875,293.206787109375,0.0039867712184786,0.0109652578830719,0.0149223580956459,4.7252197265625,16.480010986328125,12.010299682617188,3.1239166259765625,5.2796630859375,7.02374267578125
2025-05-23,18,3,295.3675537109375,293.5765380859375,3.373046875,3.7939300537109375,10.125,91025.375,270.58966064453125,285.58660888671875,291.4510192871094,0.0062065385282039,0.009032342582941,0.0155251398682594,6.20135498046875,22.499984741210938,13.271011352539062,2.0730743408203125,4.428634643554688,10.07830810546875
2025-05-24,0,0,295.5556640625,293.52886962890625,2.785247802734375,3.732955932617188,34.5,90909.453125,270.83416748046875,284.01373291015625,291.9174194335937,0.0056988857686519,0.0087840035557746,0.0152821149677038,4.7257843017578125,23.161544799804688,14.276535034179688,2.7932586669921875,5.294097900390625,8.861740112304688
2025-05-24,6,1,298.78515625,294.39483642578125,6.0250091552734375,5.196868896484375,58.0,90984.09375,270.71392822265625,285.1347351074219,292.810302734375,0.0059913992881774,0.0080864131450653,0.0152569189667701,7.036666870117188,23.598892211914062,12.591049194335938,3.0117645263671875,5.0076751708984375,9.338958740234377
2025-05-24,12,2,298.723388671875,294.2948913574219,4.8461456298828125,3.057113647460937,49.875,90774.9375,270.157958984375,285.90966796875,292.7461242675781,0.004911083728075,0.0091389007866382,0.0153709761798381,9.543853759765623,21.62353515625,12.854156494140623,-0.8524627685546875,6.3205108642578125,7.027252197265625
2025-05-24,18,3,295.578369140625,294.10321044921875,4.19232177734375,3.297454833984375,63.75,91125.875,269.8787536621094,284.802734375,291.4053649902344,0.0058703813701868,0.0084049291908741,0.0152789242565631,9.108535766601562,19.70867919921875,16.535659790039062,2.392822265625,5.306167602539063,7.86810302734375
2025-05-25,0,0,295.978271484375,294.0610046386719,4.261642456054688,3.937301635742188,38.75,90895.828125,269.8321533203125,285.4805908203125,291.6534118652344,0.0054508931934833,0.0079540209844708,0.0154465585947036,6.749435424804688,23.28277587890625,15.564895629882812,-1.6667327880859375,5.2249603271484375,10.954360961914062
2025-05-25,6,1,299.3642578125,294.582763671875,6.960006713867188,4.2321624755859375,144.5,91092.609375,270.1624755859375,284.51043701171875,292.6786499023437,0.0061446540057659,0.0099581629037857,0.0154884308576583,12.599075317382812,22.1107177734375,15.576568603515623,1.839691162109375,4.3128204345703125,8.44049072265625
2025-05-25,12,2,297.8467102050781,294.4267883300781,6.134689331054688,3.35321044921875,182.5,90943.65625,270.158203125,283.89892578125,291.6791381835937,0.0056127943098545,0.0103255547583103,0.0152233522385358,21.341552734375,20.1654052734375,16.50970458984375,1.156646728515625,4.738052368164063,6.892486572265625
2025-05-25,18,3,294.65576171875,293.88397216796875,4.2386322021484375,3.0505828857421875,419.25,91203.859375,269.72198486328125,284.4960632324219,291.8066101074219,0.0058261416852474,0.0090885255485773,0.0158515758812427,16.100830078125,24.31768798828125,16.347900390625,-7.0674591064453125,2.636093139648437,7.1671295166015625
2025-05-26,0,0,295.44647216796875,293.8825378417969,5.486114501953125,1.51507568359375,24.75,90985.40625,269.26043701171875,285.0524597167969,290.6055908203125,0.0054854415357112,0.0079476907849311,0.0145535953342914,10.303817749023438,23.551254272460938,17.28570556640625,-1.9066314697265625,-0.1322174072265625,1.5742034912109375
2025-05-26,6,1,296.67578125,293.79498291015625,6.272872924804688,1.9575042724609373,279.75,91135.625,270.2177124023437,283.9078369140625,291.264892578125,0.0058960001915693,0.0094114542007446,0.0151793546974658,12.893386840820312,22.501754760742188,15.786209106445312,-4.411285400390625,-1.07305908203125,1.986328125
2025-05-26,12,2,297.04473876953125,294.1006164550781,5.392425537109375,1.7225799560546875,234.25,90875.28125,270.61083984375,284.0440979003906,291.6987609863281,0.0061725880950689,0.0098812729120254,0.0149800814688205,8.22650146484375,23.00372314453125,16.0323486328125,-7.184478759765625,1.65106201171875,2.621932983398437
2025-05-26,18,3,294.7581787109375,292.91754150390625,5.81341552734375,1.777618408203125,42.25,91044.796875,270.18170166015625,284.84393310546875,290.7959899902344,0.0058710742741823,0.0085561461746692,0.0145956985652446,8.364837646484375,24.959442138671875,18.99676513671875,-2.1004638671875,-1.40185546875,2.17547607421875
2025-05-27,0,0,295.66094970703125,293.29742431640625,5.16595458984375,0.41339111328125,143.25,90850.859375,270.0116882324219,284.7787475585937,291.76043701171875,0.0054965279996395,0.0090154223144054,0.0153808258473873,7.4677886962890625,24.35169982910156,16.530258178710938,-3.65362548828125,-3.7930755615234375,-0.3580169677734375
2025-05-27,6,1,299.342041015625,294.69073486328125,5.837432861328125,0.655548095703125,243.125,91036.296875,270.0028991699219,284.44110107421875,291.94793701171875,0.0057263560593128,0.0091913603246212,0.0154061280190944,14.582778930664062,21.38189697265625,17.02490234375,-2.4719696044921875,-3.901336669921875,0.41204833984375
2025-05-27,12,2,298.9337158203125,294.3251953125,6.1864013671875,0.1356353759765625,102.375,90819.453125,270.5047607421875,284.1009521484375,291.8670654296875,0.0054314099252223,0.0097970366477966,0.0153338313102722,20.29090881347656,20.67793273925781,15.512649536132812,-2.8995361328125,-1.5033721923828125,-0.4752197265625
2025-05-27,18,3,296.1478881835937,293.6953125,5.204254150390625,0.854766845703125,87.125,91046.875,269.5804443359375,284.96466064453125,291.59381103515625,0.0055226981639862,0.0080636292695999,0.0151919797062873,17.756622314453125,23.401290893554688,17.101165771484375,-1.7666473388671875,-2.133087158203125,0.114501953125
2025-05-28,0,0,296.401611328125,292.9667358398437,6.100753784179688,0.7115325927734375,5.5,90833.09375,270.16485595703125,284.49127197265625,290.6437683105469,0.0050041042268276,0.0080357193946838,0.0145757347345352,16.560546875,23.833328247070312,16.9959716796875,-5.3986358642578125,-1.276885986328125,-0.580413818359375
2025-05-28,6,1,298.25555419921875,294.3143920898437,7.39166259765625,-0.049957275390625,68.375,90973.125,270.2839050292969,284.39654541015625,292.7384948730469,0.0059445612132549,0.0092160552740097,0.0149632580578327,12.048355102539062,20.32159423828125,15.991790771484377,-5.6195831298828125,-1.439422607421875,-0.31805419921875
2025-05-28,12,2,297.8158569335937,293.7977905273437,4.923110961914063,0.261962890625,1.375,90823.8125,270.1044006347656,284.1830749511719,292.5665588378906,0.0058467891067266,0.0102971531450748,0.0146196521818637,10.9652099609375,19.60726928710937,12.913558959960938,-3.055694580078125,-0.2551116943359375,-0.719970703125
2025-05-28,18,3,295.7538452148437,293.2459411621094,5.07037353515625,1.12725830078125,22.25,90993.796875,271.18951416015625,284.31268310546875,291.39361572265625,0.0060039088129997,0.0100274197757244,0.0152509659528732,8.6409912109375,21.57867431640625,14.765457153320312,-1.248992919921875,-2.6067657470703125,1.2876434326171875
2025-05-29,0,0,295.837646484375,293.9447326660156,5.684982299804688,1.4569549560546875,4.0,90797.09375,270.98065185546875,283.8849182128906,290.94342041015625,0.0053129643201828,0.0104499831795692,0.0149756595492362,5.881103515625,16.833816528320312,18.08895874023437,-0.71240234375,-1.72808837890625,2.490585327148437
2025-05-29,6,1,299.19464111328125,295.6619567871094,6.203826904296875,0.850677490234375,47.0,90983.5,270.1149597167969,284.23809814453125,291.7582702636719,0.005951453000307,0.011094607412815,0.0152103006839752,6.630050659179688,13.599105834960938,13.85760498046875,-0.7462310791015625,-0.3939056396484375,0.0753021240234375
2025-05-29,12,2,298.2819519042969,294.86932373046875,3.998382568359375,1.591583251953125,160.5,90747.171875,271.2968444824219,284.4073486328125,292.0537109375,0.0060239657759666,0.0104191377758979,0.0144769875332713,8.5989990234375,15.550125122070312,12.902572631835938,2.1319122314453125,-0.3564910888671875,2.842987060546875
2025-05-29,18,3,295.2396850585937,294.0814208984375,3.48321533203125,0.8415069580078125,52.5,91009.296875,270.9461669921875,284.1680908203125,291.5620422363281,0.0064148604869842,0.0101912803947925,0.0137745849788188,9.814773559570312,12.011154174804688,13.228927612304688,5.0841827392578125,-3.626296997070313,-1.584228515625
2025-05-30,0,0,295.2447204589844,293.3757019042969,3.614654541015625,0.3736572265625,5.875,90844.515625,269.9476318359375,283.8575439453125,291.07098388671875,0.0058267349377274,0.0101761706173419,0.014805968850851,4.658599853515625,4.9645538330078125,13.86181640625,0.140350341796875,-8.528717041015625,-3.399154663085937
2025-05-30,6,1,297.208251953125,294.65643310546875,4.80145263671875,-1.35174560546875,202.375,91074.375,269.69842529296875,284.3011474609375,291.37017822265625,0.0056555792689323,0.0093298926949501,0.0154529213905334,1.5616607666015625,9.835205078125,12.792617797851562,0.735107421875,-6.448883056640625,-5.4696044921875
2025-05-30,12,2,298.170166015625,294.2814025878906,4.47344970703125,1.1268157958984375,219.75,90945.390625,269.8676147460937,284.4306945800781,292.73291015625,0.005838731303811,0.0069008618593215,0.0145000889897346,0.9659271240234376,10.2962646484375,13.313430786132812,3.54046630859375,-8.981185913085938,-0.1204071044921875
2025-05-30,18,3,295.350830078125,293.82305908203125,4.740753173828125,0.7918548583984375,61.0,91222.609375,269.60089111328125,284.96441650390625,291.038818359375,0.0057621337473392,0.0070464983582496,0.015049509704113,-2.661651611328125,9.895248413085938,15.386810302734377,-0.4916229248046875,-8.914520263671875,-0.4373931884765625
2025-05-31,0,0,296.42431640625,294.22314453125,4.371353149414063,0.394622802734375,94.25,91140.65625,269.134765625,286.0404052734375,290.9459533691406,0.0045479498803615,0.0041808448731899,0.0149701721966266,5.093017578125,3.302886962890625,13.606292724609377,1.23779296875,-11.270660400390623,-2.730560302734375
2025-05-31,6,1,300.3292236328125,293.68798828125,6.8119964599609375,-0.4215850830078125,110.875,91390.53125,269.46270751953125,285.81939697265625,292.7818298339844,0.0047527439892292,0.0028650222811847,0.014034379273653,8.215408325195312,3.638702392578125,12.017898559570312,-1.6039886474609375,-7.1405029296875,-1.3298797607421875
2025-05-31,12,2,302.45361328125,293.4259033203125,3.269561767578125,-0.0367431640625,312.5,91168.78125,269.463623046875,286.11383056640625,295.70098876953125,0.0044652950018644,0.0024430849589407,0.0135588459670543,9.71990966796875,4.828338623046875,8.502700805664062,1.121063232421875,-4.693374633789063,-1.5014801025390625
2025-05-31,18,3,296.40625,294.1046142578125,3.82806396484375,0.1588592529296875,43.125,91437.328125,269.511474609375,286.06640625,292.7138671875,0.0028471441473811,0.0023012575693428,0.0134749710559844,8.173675537109375,3.4437255859375,10.667022705078123,2.569183349609375,-2.367095947265625,-4.1159515380859375
2025-06-01,0,0,296.6473693847656,294.0489807128906,3.2222137451171875,0.58074951171875,17.125,91408.328125,271.0958251953125,285.4779052734375,290.5316162109375,0.0016767152119427,0.0029084780253469,0.0129917971789836,7.1110687255859375,2.53729248046875,12.660385131835938,1.969482421875,0.6761016845703125,-1.0791015625
2025-06-01,6,1,300.26123046875,293.2195739746094,5.55963134765625,0.11224365234375,59.875,91498.75,270.74737548828125,284.8052062988281,293.2664794921875,0.0015311171300709,0.0047298483550548,0.0131381936371326,4.359878540039063,4.2199554443359375,9.778244018554688,5.364776611328125,2.0760650634765625,-0.458587646484375
2025-06-01,12,2,302.0658569335937,294.4560546875,3.4448699951171875,0.58416748046875,264.5,91259.0625,269.42926025390625,283.9964599609375,295.17352294921875,0.0017689201049506,0.006959531456232,0.0129706710577011,6.9687042236328125,8.207656860351562,9.93804931640625,5.259857177734375,0.41064453125,0.851318359375
2025-06-01,18,3,296.1836853027344,292.99951171875,3.67791748046875,1.2026519775390625,33.75,91497.6875,270.75927734375,284.06121826171875,292.2513427734375,0.0010208257008343,0.0061523877084255,0.0123111121356487,3.791473388671875,9.012741088867188,11.724334716796877,2.3455963134765625,1.6366424560546875,0.852447509765625
2025-06-02,0,0,296.1148681640625,293.8056030273437,3.033111572265625,1.21759033203125,1.125,91359.75,271.0746765136719,284.3976745605469,291.3470458984375,0.0013826501090079,0.0060606990009546,0.0119337923824787,2.6328582763671875,9.600234985351562,13.243148803710938,3.4523468017578125,2.580230712890625,2.1579742431640625
2025-06-02,6,1,301.10333251953125,293.185302734375,5.855255126953125,1.45611572265625,3.625,91402.484375,271.3050231933594,284.95465087890625,292.9864807128906,0.001748172333464,0.0067417733371257,0.0127315744757652,4.1693267822265625,10.909683227539062,10.072113037109377,4.99151611328125,0.7216796875,2.1513214111328125
2025-06-02,12,2,300.66796875,293.3334655761719,3.777313232421875,1.31866455078125,57.125,91212.640625,270.72998046875,283.89752197265625,293.60662841796875,0.0023880368098616,0.0085688382387161,0.0135926492512226,7.754989624023437,12.7833251953125,9.91424560546875,3.2660064697265625,1.44793701171875,2.3040924072265625
2025-06-02,18,3,295.9583435058594,293.2599792480469,3.519561767578125,1.80401611328125,0.0,91454.625,270.7122802734375,283.9249267578125,291.4149780273437,0.0021164848003536,0.0083544477820396,0.0131621602922678,7.152374267578125,12.103759765625,11.908721923828123,3.1175689697265625,2.0689697265625,3.095687866210937
2025-06-03,0,0,295.9457397460937,293.6075134277344,3.398910522460937,1.3018341064453125,0.0,91330.828125,270.7301330566406,283.837890625,290.49237060546875,0.0029365085065364,0.0085631124675273,0.014317974448204,6.2273712158203125,15.1043701171875,13.984390258789062,4.771820068359375,2.367156982421875,3.006210327148437
2025-06-03,6,1,300.4544677734375,293.5393981933594,6.00238037109375,1.284820556640625,21.25,91432.390625,270.2625732421875,283.7650451660156,292.67437744140625,0.0037953606806695,0.0094874426722526,0.0141056962311267,7.20672607421875,13.624710083007812,10.054611206054688,6.8428802490234375,1.0728607177734375,1.9732513427734373
2025-06-03,12,2,301.256591796875,293.67626953125,3.255157470703125,0.5865936279296875,79.0,91198.328125,270.3931884765625,283.8804931640625,293.25958251953125,0.0042456313967704,0.0087728202342987,0.0143560506403446,9.819503784179688,14.053619384765623,8.431549072265625,5.334487915039063,0.7285003662109375,0.872589111328125
2025-06-03,18,3,295.55279541015625,293.40460205078125,3.00592041015625,1.1262359619140625,0.0,91474.203125,270.9847717285156,283.78045654296875,291.852294921875,0.0031257974915206,0.0078165456652641,0.0127319730818271,8.390090942382812,11.482315063476562,10.775665283203123,3.790481567382813,-0.37890625,0.2889862060546875
2025-06-04,0,0,295.7226867675781,293.60479736328125,2.8435516357421875,1.06878662109375,3.875,91403.640625,270.5118408203125,283.5972900390625,291.47412109375,0.0027788660954684,0.0084028430283069,0.0118440017104148,8.8839111328125,5.12847900390625,10.0831298828125,3.519439697265625,-2.176742553710937,-0.9927825927734376
2025-06-04,6,1,300.6796264648437,293.23779296875,4.512130737304688,0.414276123046875,1.75,91488.78125,271.2367858886719,283.6327209472656,292.63055419921875,0.0029259838629513,0.0067448504269123,0.0131454654037952,7.5483856201171875,5.012847900390625,7.192672729492188,2.5637969970703125,-2.2316131591796875,0.26123046875
2025-06-04,12,2,301.0516052246094,294.3092956542969,3.3073883056640625,1.2090606689453125,170.875,91262.109375,271.73016357421875,283.59014892578125,293.8094787597656,0.0029913543257862,0.00777318328619,0.013313703238964,5.736740112304688,5.766815185546875,8.49114990234375,1.00714111328125,-2.0362548828125,1.401885986328125
2025-06-04,18,3,295.9750061035156,293.7635498046875,2.7652130126953125,0.4161529541015625,0.0,91510.21875,270.1141967773437,284.021728515625,292.12530517578125,0.0029478457290679,0.0070047751069068,0.0127441957592964,5.938018798828125,4.881500244140625,7.9501800537109375,3.5338134765625,-1.86444091796875,-2.9491424560546875
2025-06-05,0,0,294.6480407714844,293.02880859375,2.5816192626953125,-0.013397216796875,0.0,91438.3125,269.3245849609375,283.6482849121094,291.10089111328125,0.0040203742682933,0.0051589086651802,0.0113651305437088,6.8178558349609375,0.5010223388671875,9.629302978515623,3.73760986328125,3.24639892578125,-4.103286743164063
2025-06-05,6,1,301.4932556152344,292.72686767578125,3.46929931640625,-2.15594482421875,0.0,91514.859375,270.03045654296875,283.6954345703125,292.20819091796875,0.0030450457707047,0.0043036937713623,0.0129532590508461,5.5628662109375,3.866668701171875,5.392059326171875,4.14288330078125,3.3885498046875,-3.7860260009765625
2025-06-05,12,2,302.4160461425781,292.52447509765625,1.8875274658203125,-0.79522705078125,10.125,91287.71875,270.9287109375,282.8939208984375,294.5297241210937,0.002425466896966,0.0065280348062515,0.0120906792581081,8.082122802734375,6.0372467041015625,4.22052001953125,1.635528564453125,-0.0099334716796875,-2.40228271484375
2025-06-05,18,3,297.04962158203125,292.935791015625,1.7721710205078125,-0.5029754638671875,3.25,91589.484375,270.3146667480469,282.2156982421875,293.34197998046875,0.0023644068278372,0.0068944692611694,0.0123613849282264,7.6057281494140625,2.4764404296875,4.7582550048828125,2.462890625,-0.96002197265625,-3.1013336181640625
2025-06-06,0,0,296.2797241210937,293.3243103027344,1.9774322509765625,-0.856292724609375,47.75,91509.421875,269.0933837890625,281.7194519042969,292.54901123046875,0.0026184485759586,0.0076392032206058,0.0122658871114254,5.86761474609375,1.10211181640625,4.849899291992188,0.9291839599609376,2.0171661376953125,-3.719528198242188
2025-06-06,6,1,301.7201538085937,292.5682373046875,2.3802490234375,-1.0115814208984375,1.125,91543.359375,268.6466064453125,282.95391845703125,293.08331298828125,0.0031438020523637,0.0069027878344058,0.0129542332142591,4.19647216796875,1.6464691162109375,3.412078857421875,3.6895751953125,-0.64398193359375,-1.6450042724609375
2025-06-06,12,2,303.3265991210937,293.2263488769531,2.044769287109375,-0.7617950439453125,13.625,91260.703125,269.65185546875,283.658203125,295.50518798828125,0.0025000120513141,0.0066097863018512,0.0124950297176837,6.818862915039063,0.1978607177734375,4.8754730224609375,3.19036865234375,-0.6343231201171875,-1.594085693359375
2025-06-06,18,3,297.83026123046875,293.18115234375,2.108245849609375,-0.1708526611328125,17.375,91561.046875,269.673583984375,282.488525390625,293.525390625,0.0022229605820029,0.0071606189012527,0.0127303376793861,7.555084228515625,-1.633636474609375,6.564468383789063,1.3958282470703125,0.184661865234375,-4.219161987304688
2025-06-07,0,0,295.2973022460937,293.5878295898437,2.0354156494140625,0.226959228515625,16.75,91521.453125,269.37286376953125,282.7286071777344,292.63482666015625,0.0021037650294601,0.0080807693302631,0.0107051692903041,5.3646240234375,0.43853759765625,7.4860687255859375,-1.1457977294921875,0.96075439453125,-1.9686737060546875
2025-06-07,6,1,301.7620849609375,292.13934326171875,3.6410980224609375,-0.9693450927734376,2.625,91588.1875,269.5467224121094,282.8511962890625,292.88006591796875,0.0019924056250602,0.0076938532292842,0.0124163217842578,3.66827392578125,0.1299285888671875,5.653411865234375,-1.8903961181640625,1.539276123046875,-1.8284149169921875
2025-06-07,12,2,303.3922119140625,292.0305480957031,2.46044921875,-0.1707000732421875,0.0,91238.859375,269.9457397460937,284.0813903808594,295.6500244140625,0.0018243887461721,0.0066144838929176,0.011809229850769,5.7905120849609375,1.914459228515625,5.5548858642578125,-1.8007354736328125,1.6390533447265625,-0.79949951171875
2025-06-07,18,3,297.504638671875,293.04205322265625,2.723861694335937,-0.402618408203125,22.25,91558.609375,268.9380798339844,283.82049560546875,292.6109619140625,0.0015111067332327,0.0058644525706768,0.013316836208105,3.4003143310546875,0.5226593017578125,7.9594573974609375,-3.0040740966796875,0.631134033203125,-3.55792236328125
2025-06-08,0,0,295.4842529296875,293.67047119140625,2.5892791748046875,-0.246734619140625,0.0,91452.25,268.73065185546875,283.21649169921875,292.1838073730469,0.0018667564727365,0.0069323629140853,0.011549562215805,3.5903472900390625,-0.1649627685546875,8.166519165039062,-4.062255859375,0.25494384765625,-4.95233154296875
2025-06-08,6,1,301.7496337890625,292.92724609375,3.72601318359375,-2.452056884765625,37.0,91475.390625,269.01727294921875,283.6644897460937,293.3040771484375,0.0032046309206634,0.0071532651782035,0.013201393187046,1.2288665771484375,-0.2242889404296875,5.691314697265625,-3.46734619140625,-1.319854736328125,-3.775299072265625
2025-06-08,12,2,303.01007080078125,293.3775329589844,1.8902435302734373,-0.7838592529296875,297.0,91183.234375,268.47869873046875,284.271728515625,295.542724609375,0.0041252858936786,0.0082680024206638,0.0132686011493206,2.0631561279296875,-0.0314178466796875,4.3630218505859375,-3.659744262695313,-3.0995025634765625,-2.95001220703125
2025-06-08,18,3,296.748046875,294.0731811523437,2.042098999023437,0.6143035888671875,211.25,91461.171875,268.8127746582031,283.84527587890625,292.43585205078125,0.0048723630607128,0.0089134499430656,0.0146179310977458,0.4405059814453125,0.622711181640625,8.170974731445312,-4.9583282470703125,-3.941802978515625,-3.642379760742188
2025-06-09,0,0,296.060302734375,294.33013916015625,3.397430419921875,-0.272247314453125,199.75,91361.640625,268.817138671875,283.4264221191406,290.859130859375,0.0046167783439159,0.0082825683057308,0.0139652341604232,-1.44647216796875,2.3554840087890625,11.251708984375,-3.792800903320313,-3.1228179931640625,-4.5931549072265625
2025-06-09,6,1,300.2380065917969,294.5917358398437,4.912353515625,-1.4575042724609375,378.125,91380.296875,268.75152587890625,283.6552734375,292.20050048828125,0.0040729530155658,0.0086196660995483,0.0146734490990638,-0.121368408203125,1.6638336181640625,7.9373016357421875,-4.0611419677734375,-4.806610107421875,-2.756805419921875
2025-06-09,12,2,298.6244506835937,294.8175354003906,3.5064697265625,-1.9212799072265625,468.5,91117.328125,268.7242736816406,283.6996459960937,292.7486267089844,0.0047070495784282,0.0089628882706165,0.0149606950581073,1.8025665283203125,3.879638671875,9.247085571289062,-5.67962646484375,-5.973876953125,-6.22857666015625
2025-06-09,18,3,296.134521484375,293.8843688964844,3.0432586669921875,-0.8033905029296875,69.75,91279.5,268.5614929199219,284.6770935058594,292.4138488769531,0.0038909299764782,0.0077988021075725,0.014239277690649,2.8747711181640625,1.6819915771484375,9.308395385742188,-4.86114501953125,-5.547119140625,-6.43048095703125
2025-06-10,0,0,295.75689697265625,293.4118347167969,3.082611083984375,-0.50341796875,0.0,91083.90625,268.9130249023437,284.4608764648437,291.9906005859375,0.0030397679656744,0.0077361240983009,0.0120589099824428,-1.92657470703125,-0.3567962646484375,9.23980712890625,-7.5756988525390625,-4.5055084228515625,-7.50732421875
2025-06-10,6,1,301.68035888671875,293.8040466308594,4.818161010742188,-1.5965118408203125,182.125,91144.234375,269.03582763671875,283.8350524902344,293.3309326171875,0.0037631341256201,0.0091106630861759,0.0140774361789226,-2.8120269775390625,1.297271728515625,7.543075561523437,-3.052215576171875,-6.671844482421875,-2.894271850585937
2025-06-10,12,2,300.0131530761719,295.5207214355469,3.830734252929688,-1.9140472412109373,969.5,90890.40625,269.5816345214844,284.4418029785156,292.4667358398437,0.0038862815126776,0.0092487409710884,0.0160884819924831,-0.2165374755859375,2.53497314453125,8.672119140625,-3.659423828125,-6.561279296875,-6.451461791992188
2025-06-10,18,3,295.6044921875,293.6278381347656,3.615798950195313,0.365814208984375,196.25,91142.796875,269.0302734375,284.3909912109375,291.70428466796875,0.0041937381029129,0.0088953115046024,0.0150106586515903,-0.021087646484375,-1.298919677734375,10.944808959960938,-5.288619995117188,-5.534469604492188,-4.89764404296875
2025-06-11,0,0,295.38238525390625,294.0510559082031,3.62689208984375,0.00872802734375,54.0,90952.6875,268.8185729980469,284.96148681640625,291.3278503417969,0.0039673708379268,0.0080563239753246,0.0133502967655658,0.6212158203125,0.8509674072265625,11.323379516601562,-4.403823852539063,-3.0921173095703125,-5.907241821289063
2025-06-11,6,1,299.94195556640625,294.074462890625,4.111968994140625,-3.0752716064453125,304.25,91066.75,269.2770080566406,283.79412841796875,293.114501953125,0.0037213056348264,0.0094342194497585,0.0145826339721679,0.7238922119140625,3.7886810302734375,6.66046142578125,-3.801116943359375,-3.907623291015625,-5.2389068603515625
2025-06-11,12,2,298.1568603515625,293.80133056640625,3.919036865234375,0.4517059326171875,222.5,90832.171875,270.0294189453125,284.07452392578125,292.51416015625,0.0045214891433715,0.0095341466367244,0.0154006108641624,0.8376007080078125,7.385589599609375,7.925262451171875,-4.00091552734375,-4.8733978271484375,-1.1840057373046875
2025-06-11,18,3,295.14727783203125,293.768310546875,3.72332763671875,1.561279296875,81.5,90963.015625,269.9389038085937,285.1282958984375,291.416015625,0.005132969468832,0.0089532248675823,0.015286486595869,2.298614501953125,8.446624755859375,12.835494995117188,-4.309982299804688,-2.173690795898437,0.6020660400390625
2025-06-12,0,0,295.3063049316406,293.9205322265625,4.171661376953125,1.8832244873046875,14.625,90845.015625,270.41680908203125,283.8027038574219,290.6337890625,0.0051030553877353,0.0094976089894771,0.0144537016749382,-0.187164306640625,9.953628540039062,14.20208740234375,1.3033447265625,-3.0546112060546875,0.1148223876953125
2025-06-12,6,1,297.85430908203125,295.02557373046875,6.9571380615234375,-0.136444091796875,0.0,90959.171875,270.877685546875,284.0029602050781,291.5464782714844,0.0045622196048498,0.0103072263300418,0.0142893306910991,2.3099517822265625,10.087814331054688,11.316253662109377,2.828399658203125,-2.986724853515625,-0.861297607421875
2025-06-12,12,2,298.2117004394531,293.8057861328125,3.7541351318359375,1.9051361083984373,0.0,90712.25,271.3217163085937,284.84295654296875,291.45166015625,0.0048011355102062,0.0108472257852554,0.0143978185951709,4.454315185546875,13.2451171875,9.59942626953125,2.9090118408203125,1.1747283935546875,5.0339202880859375
2025-06-12,18,3,295.4754638671875,293.0739440917969,3.47833251953125,2.977874755859375,0.625,90990.046875,271.15740966796875,284.88726806640625,290.22625732421875,0.0050659589469432,0.0105302557349205,0.0142651721835136,3.61614990234375,13.037887573242188,12.060928344726562,2.8897857666015625,1.2768402099609375,5.030670166015625
2025-06-13,0,0,295.23797607421875,293.71875,3.3520660400390625,1.9137725830078125,0.125,90856.28125,271.38702392578125,284.826416015625,291.484375,0.0047207288444042,0.0095352903008461,0.0141862221062183,0.294769287109375,12.262100219726562,13.18072509765625,2.0446929931640625,1.70849609375,4.091964721679688
2025-06-13,6,1,300.27655029296875,294.4688720703125,4.5860748291015625,1.779266357421875,263.25,91003.140625,271.1061096191406,284.7561950683594,292.3113708496094,0.0043113678693771,0.0108204111456871,0.0155766643583774,-1.6097564697265625,12.222808837890623,8.556533813476562,4.2404632568359375,2.37603759765625,2.6039276123046875
2025-06-13,12,2,298.127685546875,295.03253173828125,3.171295166015625,1.7733154296875,46.5,90836.109375,271.31707763671875,284.90673828125,292.799560546875,0.0053041204810142,0.0107105076313018,0.014883667230606,2.491180419921875,10.988937377929688,11.012130737304688,5.4873809814453125,1.809112548828125,2.8191070556640625
2025-06-13,18,3,295.4384765625,293.80108642578125,2.799774169921875,2.4669952392578125,7.125,91111.390625,270.70782470703125,285.21124267578125,291.33367919921875,0.0055063031613826,0.0099864862859249,0.0141874514520168,2.748565673828125,10.832656860351562,12.123809814453123,5.153244018554688,0.9035797119140624,3.594757080078125
2025-06-14,0,0,295.6918640136719,294.44158935546875,3.680130004882813,2.561370849609375,18.0,90961.46875,270.6962890625,285.5467224121094,290.76171875,0.0046751014888286,0.0093505904078483,0.0146958632394671,1.5338134765625,10.226913452148438,13.254104614257812,5.872894287109375,-0.0657196044921875,3.87066650390625
2025-06-14,6,1,299.5438232421875,293.313720703125,6.1268310546875,2.200180053710937,14.25,91090.453125,270.73345947265625,284.84527587890625,292.4360046386719,0.0047679208219051,0.0102384500205516,0.0146571639925241,4.9449310302734375,11.94940185546875,11.116287231445312,2.66094970703125,3.365585327148437,3.57086181640625
2025-06-14,12,2,296.3790588378906,294.153076171875,5.2708892822265625,3.021240234375,0.75,90955.546875,270.6978454589844,284.2402038574219,291.2982177734375,0.0051298961043357,0.0114073492586612,0.0143090896308422,5.0407257080078125,13.9752197265625,16.311355590820312,4.06781005859375,2.18316650390625,5.9405059814453125
2025-06-14,18,3,294.6659545898437,292.5994873046875,5.099777221679688,2.2530975341796875,0.0,91151.09375,270.2679443359375,284.33172607421875,290.88702392578125,0.0058008711785078,0.0091533102095127,0.0147796534001827,4.258819580078125,20.96542358398437,17.759140014648438,3.1020050048828125,2.153778076171875,4.234909057617188
2025-06-15,0,0,295.43048095703125,293.28009033203125,4.720230102539063,3.6606292724609375,0.0,90881.203125,269.846435546875,286.11480712890625,290.7045288085937,0.0052928365767002,0.0091289170086383,0.0146359987556934,3.968994140625,14.955230712890623,15.708633422851562,5.145050048828125,1.14398193359375,9.373062133789062
2025-06-15,6,1,298.40020751953125,294.2172241210937,7.3364410400390625,4.539840698242188,137.5,91034.78125,270.1946716308594,284.6082763671875,292.1346130371094,0.0059137754142284,0.010590948164463,0.0149215906858444,6.67242431640625,17.459579467773438,19.080490112304688,4.410369873046875,3.77557373046875,7.245437622070312
2025-06-15,12,2,296.4911499023437,293.8880615234375,5.07421875,2.5918731689453125,12.625,90919.546875,270.7406616210937,285.0713195800781,290.7425231933594,0.0061221867799758,0.009317647665739,0.0141891427338123,9.74871826171875,18.063552856445312,16.42498779296875,3.735015869140625,3.79852294921875,5.2067413330078125
2025-06-15,18,3,294.129150390625,292.1173095703125,4.958648681640625,3.17303466796875,7.375,91108.9375,270.8010559082031,284.50933837890625,290.2269287109375,0.0057080462574958,0.0098761692643165,0.0143732726573944,6.337799072265625,19.62031555175781,17.778091430664062,2.4654083251953125,3.864944458007813,6.626495361328125
2025-06-16,0,0,295.1932678222656,292.98748779296875,5.762939453125,3.082489013671875,4.125,90967.328125,269.9857788085937,285.1083984375,290.1939697265625,0.0057670772075653,0.0088967010378837,0.0143619626760482,5.8899993896484375,20.9107666015625,18.456527709960938,3.0236358642578125,3.652679443359375,6.927734375
2025-06-16,6,1,299.05291748046875,293.08465576171875,9.346389770507812,2.607513427734375,39.0,91116.078125,270.8786926269531,283.7255859375,291.7996826171875,0.0058806203305721,0.0094093829393386,0.0141513235867023,9.962936401367188,21.803466796875,20.45379638671875,3.3489990234375,2.6294097900390625,4.059585571289063
2025-06-16,12,2,297.6474914550781,293.987548828125,5.365646362304688,1.7194366455078125,8.25,90985.515625,270.82635498046875,284.2831420898437,291.1572265625,0.0049675144255161,0.0081753842532634,0.0141033977270126,7.90753173828125,20.27252197265625,16.847488403320312,5.6775970458984375,1.210205078125,2.4516754150390625
2025-06-16,18,3,295.426025390625,293.1282958984375,4.167938232421875,2.665390014648437,2.25,91254.015625,269.5035095214844,283.94488525390625,290.9571533203125,0.0049238838255405,0.0084308385848999,0.0150493569672107,5.9066162109375,18.967575073242188,16.34149169921875,7.29638671875,0.6472930908203125,5.3324127197265625
2025-06-17,0,0,296.0050048828125,293.2830505371094,4.514083862304688,2.1244049072265625,0.25,91166.0,269.18182373046875,283.8646850585937,290.5286865234375,0.0047060661017894,0.0090826861560344,0.0142379887402057,9.225509643554688,16.971405029296875,15.889068603515623,3.586898803710937,0.722442626953125,3.3204345703125
2025-06-17,6,1,298.9140014648437,293.8094787597656,6.3443145751953125,1.79608154296875,118.0,91334.578125,268.8905029296875,283.78936767578125,292.1368408203125,0.0050457082688808,0.0094782300293445,0.0146043598651885,7.024322509765625,14.504287719726562,12.892364501953123,0.029510498046875,1.6234283447265625,2.1007537841796875
2025-06-17,12,2,298.9124755859375,293.6725769042969,4.3568267822265625,1.0972137451171875,24.5,91203.46875,269.68017578125,283.72998046875,292.25787353515625,0.0050036013126373,0.0092084407806396,0.0140273794531822,4.559371948242188,14.678756713867188,13.664306640625,3.4370880126953125,0.3785247802734375,0.866424560546875
2025-06-17,18,3,294.7816162109375,293.265869140625,4.710693359375,1.141815185546875,2.5,91422.59375,269.34442138671875,284.378662109375,290.3313293457031,0.0052857734262943,0.0078231021761894,0.0141164511442184,4.266082763671875,12.931671142578123,15.979721069335938,2.33038330078125,-0.2279815673828125,0.5675506591796875
2025-06-18,0,0,295.9613647460937,293.3935546875,4.1563262939453125,1.696441650390625,0.5,91243.40625,268.6827392578125,285.27301025390625,290.77447509765625,0.0041720457375049,0.0076351128518581,0.0141019225120544,5.414031982421875,12.92724609375,14.542160034179688,3.689285278320313,1.130706787109375,1.020233154296875
2025-06-18,6,1,299.6649169921875,293.763427734375,6.29803466796875,1.344696044921875,61.25,91346.015625,268.4858703613281,284.6810302734375,292.35406494140625,0.0037742545828223,0.008902184665203,0.0146984755992889,7.599365234375,13.632415771484377,10.417831420898438,2.089828491210937,2.173095703125,2.094940185546875
2025-06-18,12,2,298.4002685546875,294.412109375,3.2943878173828125,0.864227294921875,303.5,91192.484375,269.83599853515625,284.43707275390625,293.43389892578125,0.0035231891088187,0.009498406201601,0.0146082788705825,7.343780517578125,13.085006713867188,10.923324584960938,0.3757476806640625,-0.3818511962890625,1.07110595703125
2025-06-18,18,3,295.52105712890625,293.4667358398437,3.303741455078125,1.9450225830078125,102.625,91398.21875,269.0063171386719,285.0580749511719,291.5151672363281,0.0036652653943747,0.0086648166179656,0.0152941048145294,5.9859619140625,11.447952270507812,12.218017578125,2.48443603515625,-0.1548309326171875,1.9985198974609373
2025-06-19,0,0,295.3539123535156,293.19598388671875,3.9248199462890634,1.35675048828125,6.75,91226.4375,269.416259765625,285.3892822265625,290.3081359863281,0.0031262966804206,0.0077894441783428,0.0141004994511604,8.4222412109375,10.267791748046877,13.986328125,1.7373046875,2.0955047607421875,0.6577606201171875
2025-06-19,6,1,300.57244873046875,292.66619873046875,6.1784210205078125,1.3407135009765625,21.75,91355.46875,269.491455078125,285.3753356933594,293.0413818359375,0.0015609832480549,0.0069035924971103,0.0135563984513282,10.005599975585938,12.142929077148438,12.070556640625,1.1681060791015625,1.6179656982421875,1.9333343505859373
2025-06-19,12,2,300.707763671875,293.68780517578125,3.7041015625,0.921295166015625,97.5,91146.546875,270.29840087890625,284.2676086425781,293.9664306640625,0.0005136451218277,0.0080402083694934,0.0140832448378205,12.022964477539062,14.793716430664062,9.528366088867188,1.523773193359375,-0.4609375,1.3353271484375
2025-06-19,18,3,296.29595947265625,293.8040466308594,2.76031494140625,1.4713897705078125,175.5,91505.171875,269.8470764160156,284.3382263183594,291.06787109375,0.0008175808470696,0.0070256069302558,0.0146733596920967,13.060638427734377,12.242599487304688,11.08795166015625,2.449188232421875,-0.88812255859375,-0.466278076171875
2025-06-20,0,0,296.346435546875,294.0565185546875,3.24658203125,2.105621337890625,133.75,91330.03125,269.9049072265625,285.55340576171875,290.38232421875,0.0009464104659855,0.0054598115384578,0.0141122266650199,13.68865966796875,10.809066772460938,11.962661743164062,0.169708251953125,-0.268463134765625,2.030181884765625
2025-06-20,6,1,300.52667236328125,293.36309814453125,6.409927368164063,0.055328369140625,21.5,91417.703125,269.6680908203125,284.8086853027344,292.9275817871094,0.0006530529353767,0.0060073286294937,0.0135687850415706,13.0841064453125,11.232986450195312,12.047439575195312,-0.9276580810546876,-2.204071044921875,-0.39093017578125
2025-06-20,12,2,300.7601623535156,293.88726806640625,4.0101165771484375,0.6414947509765625,187.5,91183.46875,270.0887451171875,283.8519287109375,294.1640014648437,0.0016118241474032,0.0084352120757102,0.0140120349824428,9.863632202148438,11.103958129882812,10.320159912109377,-5.2345123291015625,-2.9742584228515625,0.671722412109375
2025-06-20,18,3,295.7691650390625,293.3980712890625,3.8942718505859375,0.328277587890625,52.25,91545.28125,269.4061584472656,283.6939697265625,290.4833984375,0.0024096681736409,0.0086629716679453,0.0144078247249126,4.7318878173828125,10.089279174804688,12.233917236328123,-3.286651611328125,-2.8988800048828125,-2.6699981689453125
2025-06-21,0,0,295.4969787597656,293.48504638671875,3.9703521728515625,0.3786773681640625,1.5,91340.390625,269.60894775390625,284.59814453125,290.15631103515625,0.0018190590199083,0.0072454996407032,0.0135290287435054,5.2998046875,9.21905517578125,13.92486572265625,-2.606201171875,-3.00836181640625,-1.630584716796875
2025-06-21,6,1,299.39501953125,293.576904296875,6.166519165039063,-0.393280029296875,38.75,91425.671875,269.8608093261719,284.5336303710937,292.6705627441406,0.0014915827196091,0.0065372101962566,0.0134209617972373,4.89996337890625,10.577178955078123,10.74383544921875,-1.5124053955078125,-3.46112060546875,-1.08123779296875
2025-06-21,12,2,300.5330810546875,294.1103820800781,3.93695068359375,1.035186767578125,106.75,91196.859375,270.2064208984375,283.6208801269531,294.09393310546875,0.0018301429226994,0.0082356519997119,0.0133209489285945,5.069015502929688,10.27825927734375,11.244583129882812,-3.4992218017578125,-5.695358276367188,1.0646514892578125
2025-06-21,18,3,295.93463134765625,293.3645324707031,4.16876220703125,0.251129150390625,56.125,91531.296875,268.443603515625,284.0609130859375,290.6551513671875,0.0023554682265967,0.0076177157461643,0.0139121152460575,5.0563507080078125,8.111007690429688,12.787277221679688,-0.867340087890625,-3.9941558837890634,-2.7171173095703125
2025-06-22,0,0,295.980712890625,293.42169189453125,4.438568115234375,0.7007904052734375,2.0,91272.703125,268.92950439453125,284.6710205078125,290.9524841308594,0.0016890072729438,0.0057294443249702,0.013142742216587,5.3145294189453125,8.386138916015625,15.380218505859377,-2.761627197265625,-2.322906494140625,-0.6551666259765625
2025-06-22,6,1,298.9525756835937,293.513916015625,5.896331787109375,0.77001953125,165.25,91381.671875,267.7403564453125,284.43267822265625,292.178466796875,0.0035885251127183,0.0064633153378963,0.0137882158160209,5.922607421875,10.435897827148438,11.35491943359375,-1.4569549560546875,-0.620574951171875,0.7735748291015625
2025-06-22,12,2,296.1960144042969,294.3291015625,3.3668975830078125,0.851531982421875,194.125,91167.890625,268.2719421386719,283.45611572265625,292.153076171875,0.0042057298123836,0.0085976421833038,0.0138701684772968,6.9372406005859375,13.294219970703123,12.3804931640625,-3.00994873046875,-1.616455078125,1.04254150390625
2025-06-22,18,3,293.7149658203125,292.7471923828125,4.1160430908203125,1.0254058837890625,309.75,91430.53125,267.8228759765625,283.0534362792969,290.96759033203125,0.0048884935677051,0.0084292329847812,0.0149554684758186,5.111007690429688,13.340667724609377,13.965179443359377,-1.7214813232421875,-1.876312255859375,1.924468994140625
2025-06-23,0,0,294.27349853515625,292.6935119628906,4.8889007568359375,2.121246337890625,68.875,91265.28125,268.2525634765625,283.012451171875,290.30816650390625,0.0048555480316281,0.00740722194314,0.0134135410189628,6.7060546875,15.969650268554688,17.907089233398438,-2.65972900390625,-0.9473724365234376,2.72967529296875
2025-06-23,6,1,297.9257202148437,293.3243408203125,7.8171539306640625,1.1722564697265625,135.75,91348.28125,268.310791015625,283.1591491699219,290.5816650390625,0.0049830060452222,0.0062923356890678,0.0138776190578937,9.1771240234375,18.920883178710938,15.537567138671877,-3.545013427734375,-2.791839599609375,1.204315185546875
2025-06-23,12,2,298.83563232421875,293.37945556640625,5.8284454345703125,0.5913543701171875,337.75,91112.96875,267.9508056640625,283.186767578125,292.30615234375,0.0044091343879699,0.006873782724142,0.0140717327594757,6.40985107421875,18.68711853027344,14.66949462890625,-2.589447021484375,-2.346343994140625,0.5114288330078125
2025-06-23,18,3,295.09722900390625,292.4179077148437,5.056121826171875,1.1656494140625,0.0,91242.75,268.3860168457031,284.4960327148437,290.6031494140625,0.0050151869654655,0.0050032213330268,0.0129567645490169,9.940994262695312,18.7835693359375,16.815200805664062,-1.5987701416015625,-0.5654296875,-1.3093414306640625
2025-06-24,0,0,296.0346069335937,293.4472351074219,5.4863128662109375,1.185272216796875,0.75,91054.65625,268.35992431640625,285.6095275878906,290.2620849609375,0.0047552697360515,0.0052847750484943,0.0139037035405635,6.932281494140625,19.475387573242188,17.597381591796875,-0.99664306640625,-2.062896728515625,1.4008026123046875
2025-06-24,6,1,298.11578369140625,293.64276123046875,8.6158447265625,0.3735198974609375,1.125,91223.53125,268.8125,283.9182434082031,291.6833801269531,0.0047990642488002,0.0064981840550899,0.0135991498827934,8.41241455078125,18.606185913085938,15.860153198242188,-0.2902069091796875,-2.6708984375,0.4180145263671875
2025-06-24,12,2,299.47882080078125,293.0838317871094,6.12567138671875,0.874908447265625,67.375,91026.34375,268.7811279296875,283.2396240234375,292.13043212890625,0.0047157201915979,0.0088435262441635,0.0140625406056642,9.745574951171877,18.9622802734375,15.191024780273438,1.96820068359375,-2.3659820556640625,0.767730712890625
2025-06-24,18,3,295.800537109375,292.66748046875,5.0040435791015625,0.5764617919921875,0.0,91239.65625,269.45635986328125,284.63677978515625,290.4429931640625,0.0045032911002635,0.006878312677145,0.0137582644820213,9.152313232421877,18.925811767578125,16.159347534179688,1.255401611328125,-4.032241821289063,-1.3858795166015625
2025-06-25,0,0,295.7740478515625,293.1023254394531,5.20989990234375,0.8963165283203125,1.375,91040.765625,269.21490478515625,285.0101928710937,290.29443359375,0.0048678256571292,0.008667953312397,0.0142338871955871,11.501724243164062,15.551422119140623,16.886032104492188,0.72125244140625,-4.35089111328125,0.3321075439453125
2025-06-25,6,1,299.13348388671875,293.4131164550781,7.66094970703125,0.1971282958984375,129.125,91182.859375,269.07867431640625,284.0077209472656,292.0432434082031,0.0048356335610151,0.0090009272098541,0.0145109966397285,11.267715454101562,14.537567138671877,15.016159057617188,0.33721923828125,-1.830718994140625,-0.4795684814453125
2025-06-25,12,2,297.3342590332031,294.5054626464844,4.28179931640625,0.737579345703125,28.375,91018.140625,270.1665954589844,283.6042175292969,291.9494934082031,0.004031216725707,0.0094778984785079,0.0139626935124397,11.422103881835938,13.830596923828123,13.550094604492188,0.0942230224609375,-1.7893829345703125,-0.5622100830078125
2025-06-25,18,3,295.54693603515625,293.1275634765625,5.360763549804688,1.099517822265625,6.0,91139.140625,270.0367431640625,284.766845703125,290.8651428222656,0.0041713900864124,0.008024837821722,0.0148047432303428,5.615737915039063,15.155899047851562,16.396865844726562,3.621673583984375,-3.2135009765625,0.9168243408203124
2025-06-26,0,0,295.9960632324219,293.677490234375,4.9346771240234375,1.3228912353515625,6.0,91054.90625,269.2861022949219,285.114501953125,290.6538391113281,0.0039630234241485,0.0087597295641899,0.0147276185452938,6.549484252929688,14.916427612304688,15.24615478515625,4.4524688720703125,-2.5307769775390625,1.32403564453125
2025-06-26,6,1,297.4443359375,294.8297119140625,6.6322021484375,0.5204315185546875,754.5,91235.84375,268.855224609375,283.7474975585937,292.1315612792969,0.0040571959689259,0.0096256509423255,0.015498649328947,6.669097900390625,13.836273193359377,13.245086669921877,4.177993774414063,0.131927490234375,0.52703857421875
2025-06-26,12,2,298.03240966796875,294.51104736328125,5.4404296875,0.4439544677734375,137.0,91078.078125,269.8680419921875,283.86895751953125,292.1415405273437,0.0054494626820087,0.0085846446454525,0.0147580988705158,9.983245849609377,12.572723388671877,13.874404907226562,5.040374755859375,1.126190185546875,0.1042938232421875
2025-06-26,18,3,295.5714111328125,294.11932373046875,3.9361572265625,0.8381805419921875,38.75,91315.25,269.04718017578125,284.00299072265625,290.1708984375,0.0041247569024562,0.0088395848870277,0.0141267646104097,7.282623291015625,13.555648803710938,13.30755615234375,5.181671142578125,0.98590087890625,-0.1190948486328125
2025-06-27,0,0,295.3842163085937,292.9690246582031,4.2081451416015625,2.154037475585937,2.25,91181.5,268.1812744140625,285.6708374023437,289.4457397460937,0.0045996122062206,0.0061455182731151,0.0135528296232223,6.6016387939453125,12.071548461914062,14.526718139648438,3.7585296630859375,2.482940673828125,2.3060302734375
2025-06-27,6,1,299.8460998535156,293.510009765625,6.990020751953125,1.1545257568359375,3.875,91321.953125,268.4390869140625,285.9463806152344,291.96484375,0.0048482976853847,0.0071130879223346,0.0127910152077674,7.486968994140625,11.001373291015623,13.61907958984375,3.07012939453125,2.3646697998046875,1.518157958984375
2025-06-27,12,2,299.28826904296875,294.20880126953125,4.6695556640625,0.96075439453125,63.5,91172.890625,269.07574462890625,283.6581726074219,293.0151062011719,0.0040078572928905,0.0088365264236927,0.0137450024485588,8.202804565429688,13.344863891601562,11.738754272460938,0.67742919921875,-0.149688720703125,2.265655517578125
2025-06-27,18,3,294.7484741210937,292.9261474609375,3.40057373046875,0.8167572021484375,11.75,91435.09375,268.96405029296875,284.2403564453125,290.4154663085937,0.0044077932834625,0.0093699395656585,0.0141902603209018,5.863327026367188,11.918838500976562,13.5394287109375,-0.4220733642578125,0.86309814453125,-0.305023193359375
2025-06-28,0,0,295.93267822265625,293.89825439453125,3.7281341552734375,1.023223876953125,26.0,91256.71875,268.69146728515625,285.0936889648437,289.770751953125,0.0043630935251712,0.0074268504977226,0.0139028904959559,6.8679046630859375,10.83587646484375,13.411651611328123,-0.2303009033203125,0.6511077880859375,0.013153076171875
2025-06-28,6,1,299.52105712890625,293.656494140625,6.07342529296875,1.4363861083984375,22.875,91331.3125,268.6141662597656,284.7597351074219,292.357177734375,0.0032273347023874,0.0071040242910385,0.0138350017368793,7.286331176757812,11.137374877929688,10.302597045898438,-1.7419281005859375,-0.32806396484375,2.224609375
2025-06-28,12,2,299.0881042480469,294.2154541015625,3.951019287109375,0.3875274658203125,126.5,91151.625,268.6743469238281,283.4073486328125,293.08721923828125,0.0038691565860062,0.0096237622201442,0.0137545578181743,6.273468017578125,10.68731689453125,11.195953369140623,-2.1251373291015625,-0.9787139892578124,-0.13348388671875
2025-06-28,18,3,295.2870788574219,293.419189453125,4.25830078125,1.1711883544921875,8.75,91422.875,268.34039306640625,283.8944396972656,290.6452941894531,0.0028462763875722,0.0086509846150875,0.0137814693152904,6.135055541992188,9.987808227539062,14.256500244140623,-0.8679656982421875,-1.1992340087890625,-0.2301025390625
2025-06-29,0,0,295.80029296875,293.16143798828125,4.66033935546875,0.98553466796875,16.375,91260.171875,267.7243957519531,284.2507629394531,289.42095947265625,0.0036162170581519,0.0071193277835845,0.0135730281472206,6.951385498046875,12.210174560546877,14.53851318359375,-0.930816650390625,-0.605987548828125,-0.264739990234375
2025-06-29,6,1,299.5101928710937,292.57696533203125,7.457626342773437,0.719818115234375,3.375,91287.140625,267.7173767089844,285.29986572265625,292.3770446777344,0.0035024199169129,0.0053992345929145,0.012458486482501,6.407867431640625,13.030487060546877,14.195587158203123,-0.10797119140625,-1.912841796875,1.020965576171875
2025-06-29,12,2,300.990234375,292.8469543457031,4.413848876953125,0.467742919921875,142.5,91098.359375,267.09423828125,283.1505126953125,294.1888427734375,0.0032532312907278,0.0077653005719184,0.0128665938973426,8.8575439453125,13.708343505859377,11.132827758789062,0.1060943603515625,-3.161117553710937,0.0316925048828125
2025-06-29,18,3,295.72705078125,292.8668212890625,3.792327880859375,0.331878662109375,24.125,91393.578125,267.151123046875,283.76226806640625,290.49859619140625,0.0017783928196877,0.0048409700393676,0.0130710825324058,10.45550537109375,12.605499267578123,11.989959716796877,-0.2791290283203125,-3.022735595703125,-2.23974609375
2025-06-30,0,0,294.88848876953125,292.9672241210937,4.1923675537109375,0.6104736328125,0.0,91193.09375,267.781005859375,285.0242919921875,290.3852844238281,0.0020813222508877,0.0054246336221694,0.0123463943600654,9.25933837890625,14.191543579101562,16.089263916015625,-0.63958740234375,-3.73870849609375,-1.69952392578125
2025-06-30,6,1,299.9815673828125,292.6907958984375,7.217681884765625,-0.094696044921875,5.75,91277.984375,267.61767578125,284.78741455078125,292.5618896484375,0.0029633636586368,0.0070378296077251,0.0126804681494832,8.409515380859375,13.268264770507812,14.759765625,0.035614013671875,-3.14697265625,-0.9289398193359376
2025-06-30,12,2,300.0565185546875,293.141357421875,4.2452392578125,0.2892608642578125,110.5,91093.3125,268.007568359375,283.3466186523437,293.29315185546875,0.0033864534925669,0.0088019035756587,0.0134764984250068,9.789840698242188,13.173751831054688,10.990066528320312,-0.0830841064453125,-2.035888671875,-0.207763671875
2025-06-30,18,3,295.61053466796875,292.3749694824219,4.108245849609375,0.3340606689453125,0.625,91353.328125,267.95025634765625,283.60760498046875,290.0509338378906,0.0025777881965041,0.0070784389972686,0.0138101708143949,9.082412719726562,13.200271606445312,12.591415405273438,1.7051849365234375,-2.673828125,-1.931060791015625
2025-07-01,0,0,295.48736572265625,292.6698608398437,3.739501953125,0.7731475830078125,7.75,91202.53125,267.78045654296875,284.6282958984375,289.73834228515625,0.0030091344378888,0.0062060430645942,0.0136481001973152,10.467880249023438,13.002883911132812,12.403076171875,1.4166107177734375,-2.5811767578125,-1.4599151611328125
2025-07-01,6,1,298.7643737792969,292.62091064453125,6.435714721679688,0.547088623046875,4.375,91320.96875,267.9725952148437,284.5535888671875,291.6907043457031,0.0028447119984775,0.0070063062012195,0.0135741457343101,11.131423950195312,14.099273681640623,12.120025634765623,0.8539276123046875,-3.1471710205078125,0.783416748046875
2025-07-01,12,2,298.2330017089844,293.9202575683594,3.998611450195313,1.2064971923828125,0.0,91142.765625,268.194580078125,284.0585327148437,292.39617919921875,0.0027289798017591,0.0078799296170473,0.0133146122097969,12.962875366210938,14.206710815429688,9.790008544921877,1.60174560546875,-4.59222412109375,1.53594970703125
2025-07-01,18,3,295.58984375,292.9605712890625,3.85125732421875,0.926971435546875,15.5,91346.296875,268.2659912109375,283.7000732421875,290.2348022460937,0.0033567182254046,0.0071676112711429,0.0142077449709177,10.847869873046877,14.424179077148438,12.660736083984377,1.3582305908203125,-3.358978271484375,-0.8546600341796875
2025-07-02,0,0,296.0380249023437,293.2074890136719,3.68133544921875,1.35870361328125,34.625,91189.390625,269.0825500488281,284.14361572265625,290.0701599121094,0.0031491876579821,0.0070912912487983,0.0139155723154544,11.513504028320312,13.6163330078125,13.047943115234377,0.735443115234375,-2.48809814453125,0.1905670166015625
2025-07-02,6,1,299.004638671875,293.76611328125,6.927825927734375,-0.13336181640625,77.25,91298.8125,268.450439453125,283.869873046875,291.6649780273437,0.0044479817152023,0.0083457753062248,0.0142998956143856,9.978179931640623,14.349899291992188,12.324356079101562,-0.2361297607421875,-1.2069244384765625,-0.86260986328125
2025-07-02,12,2,297.33563232421875,294.3985595703125,4.307785034179688,0.5861663818359375,80.125,91144.203125,269.37322998046875,283.7288513183594,291.4771728515625,0.0039237039163708,0.0084325708448886,0.0142518207430839,7.493988037109375,14.274917602539062,13.320037841796877,0.9931488037109376,-3.6500396728515625,-0.382781982421875
2025-07-02,18,3,294.69244384765625,292.89813232421875,4.4462432861328125,0.9210205078125,24.375,91351.390625,268.7763061523437,283.4042358398437,290.19989013671875,0.0045799352228641,0.0088366083800792,0.013944674283266,8.45892333984375,15.336502075195312,14.985855102539062,1.7727203369140625,-4.8140869140625,-0.8350372314453125
2025-07-03,0,0,294.75518798828125,293.2593078613281,3.996652603149414,1.28485107421875,0.125,91254.0625,268.6167907714844,283.7474975585937,290.00927734375,0.0045641846954822,0.0084741413593292,0.0135545544326305,7.012054443359375,13.650253295898438,14.850540161132812,4.73455810546875,-1.9101104736328125,-0.09722900390625
2025-07-03,6,1,298.2933654785156,293.755615234375,7.096343994140625,0.209014892578125,100.625,91358.125,268.83905029296875,283.34136962890625,291.4774169921875,0.0048284977674484,0.0087886787950992,0.0139274522662162,8.434326171875,13.91314697265625,13.984848022460938,4.0485687255859375,-0.9497222900390624,-0.5173797607421875
2025-07-03,12,2,298.2710266113281,293.98126220703125,5.4253997802734375,0.5767364501953125,23.5,91175.578125,268.6732177734375,282.7582397460937,292.286376953125,0.0045292750000953,0.0096064619719982,0.0136262029409408,6.8394775390625,14.272979736328123,14.122695922851562,4.5729827880859375,-3.376922607421875,-0.130767822265625
2025-07-03,18,3,294.4197998046875,292.3733215332031,4.149322509765625,1.3253173828125,0.0,91469.671875,269.37457275390625,283.98004150390625,289.94512939453125,0.0038700462318956,0.0085365064442157,0.0128095746040344,7.668869018554687,13.450942993164062,14.863983154296877,2.862274169921875,-2.8949432373046875,0.633270263671875
2025-07-04,0,0,294.8881225585937,292.6820983886719,4.483001708984375,1.39483642578125,0.0,91371.40625,268.72332763671875,284.6923217773437,289.7023010253906,0.0024787650909274,0.0061305686831474,0.0126057527959346,7.4345550537109375,11.690689086914062,16.282791137695312,2.816436767578125,-1.4971923828125,0.6580352783203125
2025-07-04,6,1,299.03778076171875,293.346923828125,7.1902923583984375,0.9087066650390624,15.25,91446.8125,267.7841186523437,284.4582214355469,292.40185546875,0.0027159613091498,0.0078984647989273,0.0130435861647129,7.8119659423828125,13.163101196289062,15.358474731445312,1.9101715087890625,-0.022979736328125,0.7890167236328125
2025-07-04,12,2,299.0645446777344,293.5147705078125,5.10565185546875,0.3818206787109375,10.0,91275.421875,268.8241271972656,283.2980651855469,292.493408203125,0.0044367648661136,0.008855827152729,0.013274610042572,8.916122436523438,14.179489135742188,14.761566162109377,1.6101226806640625,-1.590850830078125,1.364776611328125
2025-07-04,18,3,295.0713806152344,292.6213073730469,4.368255615234375,0.960174560546875,15.0,91518.796875,268.2220458984375,284.28912353515625,289.81402587890625,0.0045590884983539,0.0080011971294879,0.0141370147466659,7.449127197265625,14.30999755859375,14.475112915039062,2.615081787109375,-1.3603363037109375,-0.3315887451171875
2025-07-05,0,0,295.42291259765625,292.8785095214844,4.85186767578125,1.3719635009765625,2.875,91355.90625,268.32275390625,284.7615051269531,289.682861328125,0.0042982921004295,0.0076144486665725,0.0136248767375946,9.09698486328125,14.530349731445312,16.078781127929688,3.0645294189453125,0.6727447509765625,0.7244110107421875
2025-07-05,6,1,298.4854736328125,293.8622436523437,8.363418579101562,0.4060211181640625,2.5,91422.390625,268.5090637207031,283.2808837890625,292.09552001953125,0.0039584469050168,0.0095699168741703,0.0138110667467117,10.09912109375,16.5308837890625,14.704910278320312,2.856475830078125,-0.106658935546875,0.703857421875
2025-07-05,12,2,298.05975341796875,293.575439453125,5.29669189453125,0.29119873046875,0.0,91202.796875,269.17071533203125,283.39862060546875,292.21978759765625,0.0040659457445144,0.0098234154284,0.0136161632835865,10.792495727539062,15.078445434570312,14.843124389648438,2.003036499023437,-0.5867919921875,-0.281341552734375
2025-07-05,18,3,295.23468017578125,292.7082824707031,5.2874603271484375,0.698455810546875,8.5,91414.65625,269.203369140625,284.07061767578125,289.8883972167969,0.0033987276256084,0.0078589729964733,0.0138093307614326,9.059371948242188,17.507431030273438,16.371795654296875,1.3257293701171875,-0.57086181640625,-0.388397216796875
2025-07-06,0,0,295.7731628417969,292.8578491210937,5.5201568603515625,1.3078765869140625,0.625,91225.65625,269.263916015625,284.1933898925781,289.79937744140625,0.0032726328354328,0.0084206946194171,0.0134402811527252,10.458282470703123,18.898269653320312,16.74249267578125,2.3837127685546875,-0.1235809326171875,1.298095703125
2025-07-06,6,1,299.0467224121094,293.31671142578125,7.930099487304687,0.566741943359375,25.5,91304.90625,268.59600830078125,283.3792724609375,292.1409606933594,0.0034692652989178,0.0098163895308971,0.0137755051255226,10.177017211914062,17.184463500976562,15.276199340820312,-0.367401123046875,-0.6320037841796875,0.84844970703125
2025-07-06,12,2,298.76043701171875,293.8163146972656,6.5257110595703125,0.67681884765625,11.25,91175.953125,268.55328369140625,283.60260009765625,292.2364807128906,0.0032381208147853,0.0095266476273536,0.014107309281826,9.883926391601562,17.250930786132812,16.385116577148438,-2.8134765625,-1.73492431640625,0.68841552734375
2025-07-06,18,3,295.31793212890625,292.4034118652344,5.234878540039063,0.9040985107421876,3.75,91340.3125,269.27410888671875,284.7994384765625,290.1474609375,0.003132137004286,0.0075312666594982,0.0141726918518543,10.0430908203125,16.473373413085938,16.659835815429688,0.009002685546875,-2.43243408203125,0.005767822265625
2025-07-07,0,0,295.46697998046875,292.66455078125,5.5741729736328125,0.970458984375,0.875,91213.359375,268.58795166015625,284.4050598144531,289.233154296875,0.0033957003615796,0.0076731499284505,0.0133253335952758,8.329818725585938,17.319091796875,17.144088745117188,-0.916778564453125,-1.2574310302734375,0.5207366943359375
2025-07-07,6,1,299.6368103027344,293.43804931640625,8.627182006835938,0.5465850830078125,49.125,91339.6875,267.7393493652344,283.1234130859375,291.93731689453125,0.0034367176704108,0.0093132592737674,0.0139925442636013,7.8192138671875,17.767196655273438,15.782379150390623,-1.0511016845703125,-1.420989990234375,0.830474853515625
2025-07-07,12,2,299.3297119140625,293.32574462890625,5.525787353515625,0.4227142333984375,33.5,91163.0625,268.6414794921875,283.68914794921875,292.6425170898437,0.0041456315666437,0.0078164674341678,0.0141263008117675,7.216156005859375,15.987823486328123,13.899856567382812,0.0470733642578125,-2.2469940185546875,0.4073638916015625
2025-07-07,18,3,295.2128295898437,292.7314147949219,4.620620727539063,0.548980712890625,0.0,91402.21875,268.50323486328125,284.9324035644531,290.0047607421875,0.003719475120306,0.0050556492060422,0.0133082326501607,6.9121856689453125,15.373855590820312,14.926956176757812,-1.3294219970703125,-3.309310913085937,-0.696563720703125
2025-07-08,0,0,296.4329833984375,293.38134765625,5.117645263671875,0.9255218505859376,28.0,91233.640625,268.88543701171875,284.3572692871094,289.8620300292969,0.0029089867603033,0.0077478624880313,0.0140618421137332,9.109771728515623,15.466049194335938,16.11590576171875,0.664306640625,-3.3563995361328125,0.0269012451171875
2025-07-08,6,1,299.86920166015625,293.1890869140625,7.4611968994140625,-0.51922607421875,2.0,91360.78125,268.75958251953125,284.6893005371094,292.5894775390625,0.0030511885415762,0.0070414133369922,0.0136447958648204,8.556137084960938,17.108139038085938,13.051956176757812,0.947662353515625,-2.6696319580078125,-1.0216217041015625
2025-07-08,12,2,300.1225280761719,294.2010498046875,4.827362060546875,0.070831298828125,344.75,91202.0625,268.5429382324219,283.58709716796875,292.87060546875,0.0041894800961017,0.0089691057801246,0.0139298066496849,6.8289794921875,14.764450073242188,13.794830322265623,-0.9749908447265624,-2.9915771484375,-0.6500396728515625
2025-07-08,18,3,295.5228271484375,292.8349304199219,4.46722412109375,0.7573089599609375,9.0,91508.015625,268.28546142578125,283.6719665527344,289.97705078125,0.0048001185059547,0.0071784537285566,0.01363305747509,4.94244384765625,14.716201782226562,14.125717163085938,0.209503173828125,-2.445037841796875,-1.288909912109375
2025-07-09,0,0,295.26885986328125,292.8143615722656,4.812744140625,0.5825347900390625,1.75,91303.328125,267.917724609375,284.2861328125,289.58856201171875,0.0047443360090255,0.0070193745195865,0.0136082433164119,5.1192626953125,14.275863647460938,15.656509399414062,0.2879486083984375,-2.952255249023437,-1.0347747802734375
2025-07-09,6,1,299.9219970703125,293.5085144042969,7.1051177978515625,0.1395416259765625,28.0,91398.0,267.5697021484375,284.6852111816406,292.6845397949219,0.0039551714435219,0.0068932436406612,0.0132792331278324,5.52911376953125,14.911636352539062,13.294662475585938,-1.1063385009765625,-3.065704345703125,-0.1541595458984375
2025-07-09,12,2,300.70263671875,293.544189453125,4.9644775390625,-0.677978515625,115.75,91192.703125,268.63348388671875,283.6470947265625,293.34295654296875,0.0045213997364044,0.0082433447241783,0.0136233977973461,4.19158935546875,13.575042724609377,13.319473266601562,-1.4781341552734375,-3.2203826904296875,-2.506591796875
2025-07-09,18,3,296.2505798339844,293.03759765625,4.085372924804688,0.192474365234375,3.0,91420.390625,268.208984375,284.27740478515625,289.879150390625,0.004292394965887,0.0067182350903749,0.0140582844614982,2.51385498046875,10.63812255859375,13.552230834960938,1.54010009765625,-5.136322021484375,-2.686126708984375
2025-07-10,0,0,296.4365539550781,293.3224182128906,4.409820556640625,0.330963134765625,23.5,91216.546875,268.25311279296875,285.0965576171875,289.8291015625,0.0040372796356678,0.0057879239320755,0.0139886774122715,3.4538726806640625,7.908416748046875,13.498245239257812,-0.5246124267578125,-5.279510498046875,-1.3568572998046875
2025-07-10,6,1,299.2867736816406,293.4510498046875,5.8460540771484375,-1.44366455078125,21.0,91341.109375,269.0318603515625,284.2561340332031,292.3676147460937,0.0036175793502479,0.0091083757579326,0.0137674249708652,2.616668701171875,9.362442016601562,9.791961669921877,0.5288543701171875,-2.9273834228515625,-2.452972412109375
2025-07-10,12,2,299.4790954589844,294.8637084960937,3.622146606445313,-0.0197296142578125,95.75,91095.21875,269.2082824707031,283.854248046875,292.9127197265625,0.0040943794883787,0.0094770304858684,0.0143152028322219,4.35858154296875,8.2384033203125,6.44073486328125,-2.19586181640625,-3.963623046875,-0.3885955810546875
2025-07-10,18,3,295.5213623046875,293.6517944335937,3.1412811279296875,0.4155120849609375,32.25,91352.296875,269.05780029296875,283.62188720703125,291.16949462890625,0.0038392858114093,0.0090758558362722,0.0137930698692798,3.208343505859375,6.617355346679688,10.107864379882812,-0.80517578125,-4.059906005859375,-2.59686279296875
2025-07-11,0,0,295.74029541015625,294.07159423828125,3.1554107666015625,0.0677337646484375,10.25,91217.4375,269.0913391113281,283.8948974609375,290.57916259765625,0.0036406931467354,0.0071136839687824,0.0128202512860298,1.509613037109375,5.266998291015625,10.474227905273438,-1.70263671875,-1.826171875,-2.7993316650390625
2025-07-11,6,1,299.2375183105469,293.5378723144531,4.938720703125,0.3057708740234375,12.5,91333.34375,268.76422119140625,283.8489990234375,292.7035217285156,0.0037332028150558,0.0068336762487888,0.0129176974296569,-0.1269378662109375,6.3556976318359375,9.0911865234375,0.499114990234375,0.6842803955078125,0.165985107421875
2025-07-11,12,2,298.35223388671875,294.8028564453125,4.753326416015625,-0.2415618896484375,543.0,91155.640625,269.0058898925781,283.6144104003906,291.8847045898437,0.0048091746866703,0.0096712708473205,0.0151760056614875,0.9051971435546876,7.643829345703125,11.424560546875,-1.120361328125,-0.6678466796875,-0.2188262939453125
2025-07-11,18,3,294.819580078125,293.49072265625,3.659210205078125,-0.1473236083984375,48.25,91371.21875,268.420166015625,284.3515625,290.5740051269531,0.0047514680773019,0.0092944093048572,0.0142743829637765,1.3666839599609375,8.233352661132812,12.9879150390625,0.3761444091796875,-2.00762939453125,-2.930023193359375
2025-07-12,0,0,295.8765869140625,293.9615478515625,3.2122955322265625,-0.1510772705078125,24.75,91256.640625,268.534423828125,282.86297607421875,289.90789794921875,0.0044955378398299,0.0104366540908813,0.0138167850673198,2.6299285888671875,9.418838500976562,11.451705932617188,-0.9949951171875,-2.02398681640625,-3.534393310546875
2025-07-12,6,1,299.3902893066406,294.6761474609375,5.911056518554688,-1.01019287109375,86.0,91402.625,268.9749450683594,283.09765625,291.084228515625,0.0040500555187463,0.0100136324763298,0.013532817363739,3.245147705078125,8.058242797851562,11.812469482421877,-0.480987548828125,-0.534027099609375,-3.262557983398437
2025-07-12,12,2,299.752197265625,293.7659912109375,4.026763916015625,-1.66015625,141.0,91160.734375,269.0586242675781,284.046875,292.56494140625,0.0044696629047393,0.0083578489720821,0.0144514217972755,1.8982086181640625,14.052444458007812,8.23956298828125,-0.0743560791015625,-4.407928466796875,-3.854660034179688
2025-07-12,18,3,295.86248779296875,293.35845947265625,3.352996826171875,0.70947265625,41.125,91474.921875,268.0924072265625,284.68731689453125,290.630615234375,0.0046041272580623,0.0076827257871627,0.014171315357089,1.5164337158203125,8.218902587890625,9.9547119140625,0.30810546875,-5.28167724609375,-1.678619384765625
2025-07-13,0,0,296.2557067871094,293.6249389648437,4.685348510742188,1.1474456787109375,17.0,91283.421875,268.585205078125,284.3355712890625,289.9034729003906,0.0035108444280922,0.0082595460116863,0.0139584653079509,1.515106201171875,8.284469604492188,13.497283935546877,-2.5836334228515625,-4.6747589111328125,-0.7019805908203125
2025-07-13,6,1,299.4844970703125,294.0953674316406,5.305419921875,-0.182708740234375,160.75,91376.375,269.28338623046875,283.45849609375,291.45562744140625,0.0031469103414565,0.0096218083053827,0.014695905148983,2.2609405517578125,9.0738525390625,9.220977783203123,0.1912994384765625,-3.994796752929688,-0.7397003173828125
2025-07-13,12,2,299.0517578125,295.24237060546875,3.261138916015625,0.159515380859375,604.875,91153.578125,268.8079833984375,283.4620666503906,293.2854919433594,0.0042958334088325,0.0094296373426914,0.0140329748392105,3.066741943359375,10.885238647460938,10.788589477539062,1.2847747802734375,-2.624496459960937,-2.3885650634765625
2025-07-13,18,3,294.7635192871094,293.116943359375,3.8271331787109375,0.694183349609375,7.375,91401.140625,268.9684753417969,283.70574951171875,290.9850158691406,0.0040300376713275,0.00842328928411,0.0136001668870449,2.573883056640625,12.367156982421877,12.730758666992188,0.3219451904296875,-3.530380249023437,-2.353546142578125
2025-07-14,0,0,295.19305419921875,293.11279296875,4.0582427978515625,0.93170166015625,7.125,91256.8125,268.3164978027344,283.67919921875,289.7055358886719,0.0047386884689331,0.0088279321789741,0.0135069601237773,4.995895385742188,12.132064819335938,13.826705932617188,-0.234954833984375,-3.324798583984375,-0.7341766357421875
2025-07-14,6,1,299.07647705078125,293.4127197265625,6.837203979492188,0.626190185546875,50.25,91345.03125,268.7831420898437,283.818115234375,291.6986389160156,0.0044644623994827,0.0082366159185767,0.0140837300568819,4.724884033203125,13.70391845703125,11.757400512695312,0.1912689208984375,-3.10015869140625,0.8560638427734375
2025-07-14,12,2,298.60302734375,293.9039001464844,4.92437744140625,0.69683837890625,103.5,91195.09375,268.8333435058594,283.5599365234375,292.1871337890625,0.0050616711378097,0.0093269124627113,0.0143460556864738,2.8279266357421875,11.157333374023438,13.198760986328123,-0.39544677734375,-2.364349365234375,1.9930572509765625
2025-07-14,18,3,294.8209228515625,292.70770263671875,4.0700531005859375,1.235198974609375,5.0,91420.015625,268.7647705078125,284.0614013671875,290.3060913085937,0.0048588924109935,0.0085029192268848,0.013793908059597,2.1766357421875,10.980667114257812,15.0345458984375,0.0837249755859375,-2.7411346435546875,0.63519287109375
2025-07-15,0,0,295.6431884765625,293.4292297363281,4.93292236328125,1.233428955078125,3.25,91192.25,269.5615539550781,284.24365234375,289.95440673828125,0.0049017183482646,0.0097964033484458,0.0138928070664405,2.99688720703125,9.770263671875,15.974594116210938,1.6809539794921875,-1.4839630126953125,1.1198272705078125
2025-07-15,6,1,298.607177734375,293.267822265625,6.199066162109375,-0.097564697265625,84.25,91303.953125,269.46502685546875,283.5643310546875,291.5164794921875,0.0046380050480365,0.0096622519195079,0.0144169963896274,2.6737213134765625,10.92828369140625,11.431106567382812,0.3038787841796875,-0.126220703125,-0.864471435546875
2025-07-15,12,2,299.048583984375,294.1457214355469,5.0924224853515625,-0.58856201171875,24.5,91064.40625,270.15771484375,284.0220947265625,291.3832702636719,0.0042944522574543,0.0086172074079513,0.0143335461616516,-0.0309295654296875,12.70660400390625,11.015655517578123,-0.05078125,-2.432281494140625,-2.3086700439453125
2025-07-15,18,3,295.57086181640625,293.397216796875,3.6201324462890634,0.9328155517578124,20.75,91306.453125,268.7359619140625,284.2143859863281,289.895263671875,0.0046418271958827,0.0083428788930177,0.0141698643565177,2.5653533935546875,12.453826904296877,11.736404418945312,1.6994171142578125,-3.1662139892578125,-1.875640869140625
2025-07-16,0,0,295.7569885253906,293.9100646972656,3.205062866210937,0.86083984375,10.75,91129.09375,270.2687683105469,284.77655029296875,290.0872802734375,0.0033841410186141,0.0071249082684516,0.0141294859349727,0.89080810546875,8.158279418945312,11.26348876953125,-0.0373992919921875,-4.410171508789063,-2.24517822265625
2025-07-16,6,1,299.32977294921875,294.64031982421875,4.135910034179688,-0.70074462890625,218.25,91220.71875,270.2393798828125,283.71875,291.3632202148437,0.0031354874372482,0.009450688958168,0.0146127603948116,0.9521331787109376,6.165130615234375,8.42474365234375,0.205108642578125,-3.0340728759765625,-2.67852783203125
2025-07-16,12,2,297.29010009765625,294.7098388671875,3.402130126953125,0.2911529541015625,234.5,90980.40625,269.8116760253906,284.2359619140625,292.31890869140625,0.0036857596132904,0.0096685104072093,0.0150778479874134,-2.257080078125,3.6692047119140634,6.8702239990234375,1.215911865234375,-2.968124389648437,-0.1168365478515625
2025-07-16,18,3,294.95916748046875,293.4031982421875,2.906478881835937,1.29412841796875,14.0,91225.5625,269.7899475097656,283.5819091796875,290.88922119140625,0.0034804691094905,0.0099471397697925,0.0146122723817825,-1.219451904296875,1.7796478271484375,9.798614501953123,1.96795654296875,-1.8924560546875,-1.5617218017578125
2025-07-17,0,0,294.9115295410156,293.7008056640625,3.31658935546875,0.71893310546875,7.75,91139.765625,269.34228515625,283.0028076171875,290.03192138671875,0.004078809171915,0.0099647901952266,0.0136454254388809,-2.9638214111328125,0.8448944091796875,11.040725708007812,-0.570404052734375,1.0320587158203125,-1.8856048583984373
2025-07-17,6,1,298.66314697265625,294.3686828613281,4.570037841796875,-0.8136138916015625,169.0,91216.890625,269.4546203613281,283.2606811523437,291.3725280761719,0.0042097195982933,0.0102103911340236,0.0145052634179592,-6.52947998046875,5.6281280517578125,8.762008666992188,2.116806030273437,0.2184295654296875,-2.545745849609375
2025-07-17,12,2,298.3696594238281,294.4530029296875,3.87823486328125,0.4313507080078125,155.25,91028.125,269.61309814453125,284.0902709960937,291.7488708496094,0.0045025590807199,0.0096220523118972,0.0153124518692493,-2.374237060546875,4.9022979736328125,9.641952514648438,2.005844116210937,-0.6810455322265625,0.0990753173828125
2025-07-17,18,3,294.9623413085937,293.3531188964844,3.448028564453125,-0.40631103515625,25.0,91293.921875,268.76824951171875,283.0575561523437,290.45367431640625,0.0048819035291671,0.0101186297833919,0.0139801315963268,-1.3998565673828125,5.792205810546875,11.922882080078123,0.6668853759765625,-1.3517303466796875,-4.353240966796875
2025-07-18,0,0,294.7784118652344,293.2205810546875,2.720306396484375,0.1872711181640625,0.125,91147.15625,269.3851318359375,282.5350341796875,290.51580810546875,0.0047412030398845,0.0098793487995862,0.0134150981903076,-0.78350830078125,4.9285736083984375,11.836776733398438,-1.8198089599609373,-1.2515716552734375,-4.024017333984375
2025-07-18,6,1,297.79412841796875,294.3353881835937,4.941650390625,-1.1535186767578125,162.25,91246.265625,269.101806640625,283.3748779296875,291.2359313964844,0.0048628225922584,0.0101043619215488,0.014026466757059,0.9571533203125,3.7529296875,11.075714111328123,-1.3228759765625,-1.1049041748046875,-4.5693359375
2025-07-18,12,2,297.8747863769531,294.218994140625,4.233444213867188,-0.7930450439453125,253.75,90987.0,269.88104248046875,283.3271789550781,291.74609375,0.004865925759077,0.0104317627847194,0.0150955133140087,2.695098876953125,6.9639739990234375,10.61688232421875,-2.914535522460937,-3.224609375,-1.69744873046875
2025-07-18,18,3,294.8525390625,292.83203125,3.847991943359375,-0.6194000244140625,5.0,91182.375,269.3131103515625,283.7455139160156,290.33526611328125,0.0051260329782962,0.0104715283960103,0.0141590107232332,2.85064697265625,8.477508544921875,12.33856201171875,-1.377532958984375,-3.200180053710937,-4.8873443603515625
2025-07-19,0,0,294.8562316894531,293.0604858398437,2.663726806640625,-0.424224853515625,1.5,90980.203125,269.5877685546875,283.1244201660156,290.12261962890625,0.0049917995929718,0.0108630852773785,0.0138571709394454,4.2493896484375,6.0970611572265625,9.916778564453123,-2.846420288085937,-5.864227294921875,-5.6029815673828125
2025-07-19,6,1,298.5289306640625,293.9310302734375,3.7236480712890634,-1.1422882080078125,126.5,91086.5625,269.766845703125,283.1329650878906,290.926513671875,0.0048325359821319,0.0106530291959643,0.0136236920952796,2.77423095703125,4.94488525390625,6.1827545166015625,-2.528656005859375,-5.133026123046875,-4.777847290039063
2025-07-19,12,2,296.1446838378906,294.0028076171875,4.243896484375,0.309967041015625,36.5,90859.484375,269.8033142089844,283.7601928710937,291.0231628417969,0.0051088780164718,0.0101760029792785,0.0147434882819652,1.380279541015625,5.15521240234375,9.270263671875,-2.3229217529296875,-3.913742065429688,-1.060272216796875
2025-07-19,18,3,294.247802734375,292.8759765625,4.59613037109375,-0.8025054931640625,14.0,91130.53125,268.9727783203125,282.2645263671875,290.2207336425781,0.0049612931907176,0.0101701356470584,0.0138016827404499,0.376190185546875,11.645736694335938,14.723052978515623,-1.1685333251953125,-8.48162841796875,-5.4751739501953125
2025-07-20,0,0,294.523193359375,292.9290771484375,3.995361328125,-0.360015869140625,4.0,90918.5625,269.8275451660156,282.9182434082031,290.0924072265625,0.0044534504413604,0.0089463554322719,0.0137789584696292,1.2737884521484375,8.085983276367188,13.82135009765625,0.79010009765625,-5.825531005859375,-2.7374420166015625
2025-07-20,6,1,298.745361328125,294.3090209960937,5.6719512939453125,-0.697509765625,2.0,91063.890625,268.73175048828125,282.9830322265625,291.19696044921875,0.0052488148212432,0.0093280635774135,0.013679202646017,4.459197998046875,6.165298461914063,10.582565307617188,-3.9959869384765625,-5.185516357421875,-2.18646240234375
2025-07-20,12,2,295.97662353515625,293.63232421875,3.475341796875,0.416717529296875,239.0,90873.421875,269.6866760253906,283.31109619140625,291.36895751953125,0.0054611340165138,0.0097505450248718,0.0145748630166053,3.699554443359375,7.41424560546875,10.251068115234377,-4.713790893554688,0.05633544921875,-1.297882080078125
2025-07-20,18,3,294.912353515625,292.8778076171875,4.129425048828125,0.3633270263671875,9.75,91109.609375,268.934326171875,283.2431640625,290.0251159667969,0.0051529742777347,0.0099317245185375,0.0137944109737873,0.49310302734375,10.975616455078123,13.66827392578125,-2.9641876220703125,-5.529541015625,-2.846771240234375
2025-07-21,0,0,294.51727294921875,293.0013427734375,3.416000366210937,0.4892578125,0.5,91016.65625,269.32403564453125,282.5219116210937,289.8675231933594,0.004539918154478,0.0088147968053817,0.0135784111917018,2.1224365234375,10.665069580078123,12.65814208984375,-0.9912261962890624,-2.5326080322265625,-1.24755859375
2025-07-21,6,1,298.0958557128906,294.2924499511719,5.532501220703125,-0.14300537109375,13.25,91127.984375,268.6432189941406,283.147216796875,290.21044921875,0.0048833563923835,0.0098083242774009,0.0140257403254508,1.71038818359375,11.36981201171875,9.459945678710938,-4.081390380859375,-2.784088134765625,-1.1789398193359375
2025-07-21,12,2,297.4896240234375,293.0116271972656,3.4897613525390625,0.8222503662109375,95.75,91000.5625,268.90576171875,282.9798278808594,290.82110595703125,0.0054502803832292,0.010021936148405,0.013844646513462,7.62646484375,9.2147216796875,10.241622924804688,1.1608428955078125,-2.920013427734375,-0.2647857666015625
2025-07-21,18,3,294.5209350585937,292.99542236328125,3.991912841796875,0.5545806884765625,22.25,91208.53125,269.46221923828125,283.6222839355469,290.7243347167969,0.0055253989994525,0.0090804770588874,0.0128500796854496,4.670745849609375,12.969970703125,14.265335083007812,-0.023193359375,-3.409408569335937,-2.467514038085937
2025-07-22,0,0,294.56549072265625,293.09088134765625,3.957244873046875,0.385406494140625,1.25,91110.8125,269.404052734375,283.10028076171875,289.4967041015625,0.0051772966980934,0.0094789490103721,0.0136490613222122,4.45513916015625,12.929336547851562,14.217361450195312,-2.1303863525390625,-4.6629638671875,-2.2828369140625
2025-07-22,6,1,298.97723388671875,294.620361328125,5.8648223876953125,0.6722259521484375,82.5,91234.859375,268.9310302734375,283.3787841796875,290.85369873046875,0.0052056983113288,0.0099126975983381,0.0141487196087837,3.680389404296875,13.62225341796875,11.752273559570312,-0.858184814453125,-1.4006195068359375,-0.530731201171875
2025-07-22,12,2,297.52325439453125,293.35919189453125,4.1905517578125,1.237213134765625,106.0,91031.90625,269.4889831542969,283.314453125,291.0931396484375,0.0052791014313697,0.0094721391797065,0.0138584189116954,5.492721557617188,14.486862182617188,13.764999389648438,-2.351791381835937,-0.4041900634765625,1.240203857421875
2025-07-22,18,3,295.1661071777344,292.521728515625,4.649826049804688,-0.0419769287109375,7.0,91268.234375,269.6195068359375,283.1912536621094,290.1492919921875,0.005277881398797,0.0104562975466251,0.0138851553201675,3.3492889404296875,15.95166015625,16.043807983398438,-4.3434600830078125,-2.3730926513671875,-2.5796356201171875
2025-07-23,0,0,294.9754638671875,292.7909240722656,5.0938720703125,0.798736572265625,0.0,91051.828125,268.8383178710937,283.340576171875,289.7435913085937,0.0051415180787444,0.0094771459698677,0.0134639777243137,4.71221923828125,14.847259521484377,16.313949584960938,-0.5746612548828125,-4.125579833984375,-0.88714599609375
2025-07-23,6,1,298.24835205078125,293.54937744140625,6.68109130859375,0.81561279296875,11.0,91159.09375,269.458984375,283.4644775390625,290.2074279785156,0.0055394358932971,0.0084120742976665,0.0137140862643718,3.513519287109375,16.221893310546875,12.920272827148438,-1.897064208984375,-2.3389892578125,-0.057525634765625
2025-07-23,12,2,296.98846435546875,293.7659912109375,4.655685424804688,0.766387939453125,48.25,90961.546875,269.7672424316406,282.84112548828125,290.7400817871094,0.005451688542962,0.0105390064418315,0.0139279067516326,4.806167602539063,15.732635498046877,14.616851806640623,-3.07293701171875,-2.415283203125,0.3693389892578125
2025-07-23,18,3,294.5970458984375,293.1483764648437,5.212890625,0.4019012451171875,51.25,91189.96875,269.63385009765625,283.71588134765625,289.7782897949219,0.0052981562912464,0.0092849060893058,0.0140223018825054,1.1227569580078125,18.6982421875,16.948959350585938,0.5702056884765625,-3.4362335205078125,-1.4359893798828125
2025-07-24,0,0,294.5745849609375,292.3604431152344,5.446334838867188,0.6607666015625,0.25,90944.234375,269.5806579589844,283.8016967773437,289.69891357421875,0.005548751913011,0.0086381025612354,0.0135684832930564,7.0721282958984375,18.25189208984375,18.236892700195312,2.20245361328125,-1.896453857421875,-0.748809814453125
2025-07-24,6,1,298.0244140625,292.3333740234375,7.589523315429687,0.0066375732421875,5.75,91080.921875,269.7502746582031,283.8572998046875,290.824462890625,0.0057009160518646,0.0080653652548789,0.0135721340775489,10.047592163085938,15.382278442382812,14.735076904296877,2.488021850585937,-0.90863037109375,-0.921966552734375
2025-07-24,12,2,296.33892822265625,293.66583251953125,4.7584381103515625,0.417083740234375,94.75,90934.8125,269.8116760253906,283.4820556640625,290.9286193847656,0.0054078008979558,0.0093699432909488,0.0139932334423065,10.3497314453125,15.209625244140623,14.486343383789062,0.8962554931640625,-1.837371826171875,-0.5165252685546875
2025-07-24,18,3,294.46221923828125,292.78594970703125,5.589157104492188,0.897735595703125,14.0,91161.8125,269.8201904296875,283.9126281738281,290.0227966308594,0.0057082548737525,0.008580382913351,0.0141344405710697,12.249923706054688,17.434677124023438,18.076400756835938,-1.1352386474609375,-2.97528076171875,0.2916717529296875
2025-07-25,0,0,295.0579833984375,292.60614013671875,4.3162841796875,1.4735107421875,2.5,90904.03125,270.5911560058594,284.1285095214844,290.03179931640625,0.0054240636527538,0.0087994113564491,0.0139437764883041,10.01788330078125,19.393234252929688,15.644241333007812,5.2568206787109375,-3.8690338134765625,0.9063568115234376
2025-07-25,6,1,297.3565673828125,292.74725341796875,7.398834228515625,1.188873291015625,92.125,91107.203125,269.73468017578125,284.5770874023437,290.9886474609375,0.0055766403675079,0.0092703886330127,0.0137862712144851,10.081893920898438,17.978302001953125,16.978195190429688,1.445892333984375,-3.040634155273437,0.779693603515625
2025-07-25,12,2,296.7803649902344,292.2877502441406,6.3016204833984375,1.04107666015625,5.5,90961.734375,269.89312744140625,284.290771484375,291.2243347167969,0.0053899735212326,0.0094791874289512,0.0125016197562217,7.7878265380859375,16.736083984375,17.16766357421875,1.1629791259765625,0.82940673828125,0.595977783203125
2025-07-25,18,3,295.39385986328125,291.10894775390625,6.0223236083984375,1.5466156005859375,4.75,91209.828125,269.7548217773437,284.24468994140625,289.622314453125,0.0051143430173397,0.009098395705223,0.0134842805564403,4.62396240234375,18.43319702148437,18.938522338867188,5.288589477539063,-1.6043243408203125,1.8150177001953125
2025-07-26,0,0,295.11236572265625,291.7418212890625,6.06781005859375,1.5287628173828125,0.0,91019.859375,269.011962890625,284.2049560546875,289.8411865234375,0.0048423130065202,0.0095478184521198,0.0134283453226089,8.148880004882812,16.852645874023438,18.45416259765625,3.3816680908203125,-0.8364715576171875,1.73602294921875
2025-07-26,6,1,297.8046875,292.2084350585937,8.662765502929688,-0.2838134765625,0.25,91257.296875,269.5075378417969,282.66424560546875,291.0772705078125,0.004940215498209,0.0101180300116539,0.0137447956949472,7.590911865234375,17.649322509765625,16.11016845703125,2.7769317626953125,0.392578125,-1.287872314453125
2025-07-26,12,2,295.571044921875,293.5408630371094,5.442672729492188,0.5217437744140625,40.0,91181.640625,270.1844482421875,282.7988586425781,290.66552734375,0.0047397874295711,0.0104674957692623,0.0139642320573329,9.523818969726562,18.829757690429688,15.671051025390623,-0.1185455322265625,-4.31201171875,-1.2064971923828125
2025-07-26,18,3,294.7099304199219,291.6212158203125,5.6552734375,0.4547576904296875,0.0,91391.171875,269.57232666015625,283.28436279296875,289.92999267578125,0.0045996084809303,0.0091456212103366,0.0126417241990566,8.029617309570312,18.8125,18.12861633300781,0.6143951416015625,-3.9554595947265625,-1.0468292236328125
2025-07-27,0,0,295.07049560546875,292.5433959960937,5.239547729492188,0.99658203125,7.5,91252.0,269.4676513671875,283.3125,289.8358764648437,0.0049343295395374,0.0095225386321544,0.0132613405585289,8.4287109375,17.828018188476562,16.5682373046875,3.73419189453125,-0.7413330078125,0.195404052734375
2025-07-27,6,1,297.93768310546875,291.87744140625,7.202728271484375,0.1707000732421875,8.0,91372.609375,269.0504150390625,284.2387084960937,290.63134765625,0.0051722768694162,0.0084135122597217,0.013162326067686,7.417724609375,16.781051635742188,15.196273803710938,2.048370361328125,-0.9044342041015624,-0.94805908203125
2025-07-27,12,2,298.1640625,291.458740234375,6.124282836914063,-0.4232177734375,3.5,91207.171875,269.751220703125,283.653076171875,291.4718017578125,0.0050914622843265,0.0076905041933059,0.0121714659035205,5.878021240234375,17.050979614257812,14.462356567382812,0.7617340087890625,-3.9049224853515625,-2.02215576171875
2025-07-27,18,3,294.6038513183594,291.36572265625,4.4465179443359375,0.2866363525390625,2.75,91469.984375,268.8841857910156,284.45489501953125,289.22637939453125,0.0046833674423396,0.0068725384771823,0.0127340070903301,5.0096282958984375,14.542617797851562,15.395111083984377,2.80670166015625,-4.156402587890625,-1.7001495361328125
2025-07-28,0,0,294.8871459960937,291.668212890625,5.5169677734375,0.5221405029296875,0.0,91237.828125,269.7125244140625,285.99542236328125,288.7705078125,0.0041377674788236,0.0061235688626766,0.0120857320725917,5.826751708984375,11.6494140625,17.3387451171875,2.5573272705078125,-3.63580322265625,-1.2239227294921875
2025-07-28,6,1,298.87335205078125,292.00604248046875,8.18499755859375,-2.6235504150390625,13.25,91384.953125,270.74090576171875,285.8767395019531,291.4758605957031,0.0036493556108325,0.0057819113135337,0.0128215178847312,5.0651702880859375,12.018997192382812,15.00494384765625,3.263580322265625,-4.2967681884765625,-4.98529052734375
2025-07-28,12,2,298.5809936523437,292.14862060546875,5.4473419189453125,-1.1422882080078125,8.25,91212.0,270.967529296875,283.0589294433594,292.3895874023437,0.0034723537974059,0.0079713054001331,0.012931702658534,5.8141632080078125,16.125518798828125,12.480804443359377,0.488800048828125,-4.928268432617188,-3.458404541015625
2025-07-28,18,3,294.58428955078125,291.2984313964844,4.5079498291015625,-0.1900787353515625,0.0,91525.5,269.2708740234375,284.373046875,289.6435852050781,0.0035660327412188,0.0057166777551174,0.0119509063661098,5.164459228515625,13.712051391601562,14.6881103515625,-0.6898193359375,-4.426071166992188,-3.91412353515625
2025-07-29,0,0,294.5816650390625,291.9827880859375,4.44464111328125,0.3897552490234375,0.0,91315.59375,268.5415954589844,285.7913818359375,288.9615478515625,0.0034334170632064,0.0058318078517913,0.0125536359846591,5.17138671875,11.609283447265623,15.944534301757812,1.7345733642578125,-3.964309692382813,-2.783172607421875
2025-07-29,6,1,298.47906494140625,291.9228515625,7.2095184326171875,-0.51123046875,24.5,91397.125,270.2908630371094,284.5521850585937,291.4580383300781,0.0026513126213103,0.0074845179915428,0.0133409723639488,3.967498779296875,15.728408813476562,13.85491943359375,4.103775024414063,-5.378448486328125,-1.439788818359375
2025-07-29,12,2,298.186279296875,292.5194091796875,5.886077880859375,-1.2784576416015625,12.0,91262.171875,270.1043701171875,282.9068603515625,292.3863525390625,0.0028662951663136,0.0093190558254718,0.0135843437165021,7.225433349609375,15.627685546875,14.202178955078123,2.288681030273437,-4.5337982177734375,-4.095870971679688
2025-07-29,18,3,294.72283935546875,291.82440185546875,4.684417724609375,-0.304962158203125,0.0,91515.078125,269.9559631347656,284.02325439453125,289.85723876953125,0.0024886366445571,0.0073671154677867,0.0132834874093532,6.607452392578125,14.966949462890623,15.05438232421875,2.7443389892578125,-3.927932739257813,-4.106704711914063
2025-07-30,0,0,295.8147277832031,292.47930908203125,4.2708892822265625,0.0819244384765625,3.375,91289.609375,269.26416015625,285.2684936523437,289.2669372558594,0.0025432805996388,0.0076797269284725,0.0134768206626176,7.9472808837890625,12.776519775390623,14.2349853515625,0.3358001708984375,-4.168472290039063,-2.9429473876953125
2025-07-30,6,1,299.1865234375,292.7870483398437,7.24566650390625,-1.264801025390625,19.0,91364.859375,270.0823974609375,285.7485656738281,291.71923828125,0.0021339652594178,0.0060049146413803,0.0139274364337325,7.9068603515625,13.360321044921877,12.786163330078123,-2.20867919921875,-4.50592041015625,-2.331649780273437
2025-07-30,12,2,299.7564697265625,293.3127136230469,4.876678466796875,-0.237762451171875,14.25,91207.3125,270.3409423828125,283.77789306640625,293.46173095703125,0.0024278741329908,0.0087569765746593,0.0134815592318773,6.190475463867188,13.217788696289062,12.418975830078123,-3.0711669921875,-1.5562896728515625,-1.899261474609375
2025-07-30,18,3,295.0878601074219,292.50616455078125,3.6346588134765625,0.71136474609375,0.0,91481.171875,269.4698486328125,284.2254638671875,289.7118530273437,0.0027503152377903,0.0077506154775619,0.0132621545344591,5.134201049804688,10.912277221679688,12.403488159179688,-2.068603515625,-3.5326080322265625,-0.8704986572265625
2025-07-31,0,0,295.3609313964844,293.1218566894531,3.433197021484375,1.4599151611328125,7.25,91262.890625,270.1217041015625,284.72637939453125,289.43865966796875,0.002725412370637,0.0085640177130699,0.013648085296154,1.604156494140625,9.173751831054688,12.925003051757812,-0.12127685546875,-4.270034790039063,-0.3003082275390625
2025-07-31,6,1,298.251708984375,293.3424072265625,5.9142913818359375,-0.147491455078125,9.5,91384.75,269.6146240234375,284.661376953125,291.9233093261719,0.0025201039388775,0.008713599294424,0.0136222187429666,2.5536651611328125,8.680908203125,9.96038818359375,3.486236572265625,-4.5841064453125,-0.3807525634765625
2025-07-31,12,2,299.0394897460937,294.9831237792969,3.3384552001953125,-0.6670989990234375,27.25,91205.1875,269.6173095703125,283.57135009765625,293.0208740234375,0.0029814613517373,0.0093491487205028,0.0135196968913078,0.8050384521484375,7.1234893798828125,9.5465087890625,2.4266510009765625,-3.047958374023437,-3.558349609375
2025-07-31,18,3,295.6408386230469,293.55279541015625,3.049346923828125,-0.0951995849609375,0.0,91430.890625,269.3747863769531,284.050537109375,290.992919921875,0.0028030772227793,0.0085105411708354,0.0134270377457141,0.5487518310546875,6.747482299804688,9.202392578125,1.4981536865234375,-3.3719940185546875,-2.7740478515625
2025-08-01,0,0,295.08917236328125,293.04791259765625,3.2109832763671875,-0.03863525390625,3.25,91263.65625,270.23394775390625,284.19891357421875,290.1375427246094,0.0016482912469655,0.0068044736981391,0.0133101791143417,-0.4713287353515625,4.4380645751953125,11.602447509765623,2.99432373046875,-4.34478759765625,-2.989654541015625
2025-08-01,6,1,299.11920166015625,293.65875244140625,4.0126800537109375,-1.157012939453125,15.0,91353.890625,270.92364501953125,284.0297546386719,292.0347900390625,0.0015759880188852,0.0069201104342937,0.0131566487252712,0.383056640625,4.0373077392578125,7.521240234375,0.1346435546875,-2.635589599609375,-2.5189208984375
2025-08-01,12,2,299.9327392578125,294.22784423828125,2.486297607421875,-1.225677490234375,169.0,91160.78125,270.7943420410156,284.4154052734375,293.5068359375,0.0019982480444014,0.0079364366829395,0.0140548534691333,0.3681488037109375,6.047775268554688,6.372711181640625,-3.7714996337890634,-1.9938507080078125,-3.517486572265625
2025-08-01,18,3,295.9083557128906,293.81500244140625,1.9173583984375,-0.4448699951171875,16.75,91419.421875,270.8231201171875,283.4116516113281,290.94415283203125,0.001620335271582,0.0090858079493045,0.0145124923437833,-2.970062255859375,3.757415771484375,7.85137939453125,-3.084808349609375,-1.980499267578125,-4.0894927978515625
2025-08-02,0,0,295.2276611328125,293.599609375,2.372894287109375,-0.9836883544921876,4.0,91291.734375,269.4980773925781,283.33184814453125,291.2318420410156,0.0027676122263073,0.0096714571118354,0.0134588293731212,-5.01959228515625,2.15386962890625,6.61798095703125,0.3850555419921875,-2.0469970703125,-5.768600463867188
2025-08-02,6,1,299.09014892578125,293.6683654785156,3.141693115234375,-1.69573974609375,10.75,91349.734375,270.5243225097656,283.6053466796875,291.4395751953125,0.0024577127769589,0.0097623988986015,0.0140611939132213,-4.7706146240234375,2.833358764648437,4.7186431884765625,3.044586181640625,-0.1566925048828125,-3.0546875
2025-08-02,12,2,299.6436767578125,295.1772155761719,2.388946533203125,-0.8754119873046875,130.25,91112.453125,269.8037109375,283.61199951171875,293.1273803710937,0.003875525901094,0.0095675066113471,0.0140869114547967,-1.34405517578125,1.7212677001953125,4.1260986328125,3.0310211181640625,-1.3384552001953125,-3.529998779296875
2025-08-02,18,3,295.24591064453125,293.7515869140625,2.7024383544921875,0.07391357421875,7.75,91416.765625,269.671875,283.3052978515625,290.8722229003906,0.0036589968949556,0.0096411034464836,0.0144155547022819,-3.009918212890625,-0.6688079833984375,6.8910980224609375,3.4628143310546875,-0.4785614013671875,-3.556747436523437
2025-08-03,0,0,295.3402099609375,293.4420166015625,3.029510498046875,-0.7049102783203125,2.5,91263.8125,269.33331298828125,283.1939697265625,290.61138916015625,0.0029354493599385,0.0086092203855514,0.0139115676283836,-4.924728393554688,0.9772796630859376,6.122406005859375,1.5133514404296875,-1.04132080078125,-4.4501953125
2025-08-03,6,1,299.86480712890625,294.01788330078125,1.9444427490234373,-1.001556396484375,199.5,91421.984375,269.25421142578125,283.3675537109375,291.2800598144531,0.0024986926000565,0.0087196044623851,0.0146613679826259,-4.677764892578125,-1.47186279296875,2.56365966796875,1.6255645751953125,-0.7638092041015625,-1.738677978515625
2025-08-03,12,2,298.84747314453125,294.76641845703125,0.9053192138671876,-0.059112548828125,478.5,91161.4375,268.066162109375,284.1131286621094,293.152099609375,0.0032871831208467,0.0081331096589565,0.0148772746324539,-5.625335693359375,-0.7469024658203125,0.890869140625,-2.4677734375,-0.267730712890625,-0.9493865966796876
2025-08-03,18,3,295.3946533203125,293.77978515625,1.276641845703125,-0.153778076171875,262.5,91462.3125,267.5819091796875,283.1414794921875,291.6256103515625,0.0047404319047927,0.008866112679243,0.0143804773688316,-11.249786376953123,-1.0554046630859375,1.8430328369140625,-1.0663604736328125,-0.5456390380859375,-0.460540771484375
2025-08-04,0,0,295.4927978515625,294.17852783203125,2.8282012939453125,-0.4541015625,105.0,91356.078125,268.2763977050781,283.01470947265625,290.696044921875,0.0050354488193988,0.0090414881706237,0.0140102244913578,-12.82305908203125,-2.119979858398437,5.0206146240234375,0.3841552734375,1.8685150146484373,-1.7373046875
2025-08-04,6,1,299.46002197265625,294.5498046875,2.113143920898437,-1.323944091796875,213.25,91434.78125,269.1024780273437,283.2515869140625,291.449462890625,0.0039563626050949,0.0092555955052375,0.0144457779824733,-12.860549926757812,-2.9598541259765625,2.843246459960937,6.4493408203125,2.4424285888671875,-2.101470947265625
2025-08-04,12,2,299.5162048339844,295.3441162109375,0.18035888671875,-1.0374603271484375,481.5,91161.71875,269.2935791015625,284.36474609375,293.1175537109375,0.0049794800579547,0.0090855918824672,0.0147506147623062,-9.67431640625,0.0810394287109375,1.0769500732421875,-1.812469482421875,0.95849609375,-1.2697601318359375
2025-08-04,18,3,295.29522705078125,294.112548828125,0.2034454345703125,0.3011016845703125,372.25,91437.609375,269.4393920898437,283.49591064453125,290.6092224121094,0.0056176222860813,0.0097416900098323,0.0147916078567504,-7.84796142578125,-0.613250732421875,1.8210296630859373,-1.9094085693359373,-2.9891357421875,-3.2084503173828125
2025-08-05,0,0,295.44757080078125,293.8604736328125,0.0906829833984375,0.3465576171875,227.25,91271.0,269.22528076171875,282.7891540527344,291.9727783203125,0.005306314677,0.0098513513803482,0.0145202465355396,-5.938507080078125,-4.220016479492188,0.5258941650390625,1.040771484375,-2.359588623046875,0.9008026123046876
2025-08-05,6,1,299.7703552246094,294.8602294921875,1.515716552734375,0.88232421875,1193.25,91397.109375,269.0330810546875,283.72039794921875,291.67657470703125,0.0046257115900516,0.009080565534532,0.0146227702498435,-3.945892333984375,-6.06536865234375,1.5057525634765625,2.072601318359375,1.21990966796875,0.0811309814453125
2025-08-05,12,2,299.2801208496094,295.5472106933594,0.1034088134765625,0.1969451904296875,564.0,91130.375,270.0118408203125,283.84930419921875,292.6470947265625,0.0052411630749702,0.0107219070196151,0.0149377919733524,-5.777679443359375,-3.46435546875,1.1259613037109375,1.3800201416015625,0.72003173828125,1.0889129638671875
2025-08-05,18,3,294.7728881835937,293.8988647460937,3.06683349609375,1.9687347412109373,5.5,91372.203125,269.947998046875,283.07196044921875,290.351806640625,0.0052780956029891,0.0105124711990356,0.0139382779598236,-5.7310791015625,-2.3784332275390625,9.8216552734375,-2.687164306640625,3.904098510742188,1.941650390625
2025-08-06,0,0,295.4677429199219,293.6710205078125,2.9762420654296875,0.419921875,43.25,91291.78125,269.3666076660156,283.0821533203125,289.1976013183594,0.0033615035936236,0.0099666491150856,0.0134661644697189,-8.599624633789062,0.08294677734375,11.539581298828123,7.45147705078125,0.857452392578125,-2.8131866455078125
2025-08-06,6,1,299.4020690917969,293.4086608886719,4.5506744384765625,-0.871368408203125,1.5,91355.609375,269.7907409667969,284.2109375,291.7777099609375,0.0027296899352222,0.0092258602380752,0.0130856819450855,-5.0451202392578125,-0.8347625732421875,7.7538604736328125,8.3800048828125,2.056869506835937,-1.941802978515625
2025-08-06,12,2,300.16064453125,294.3835754394531,2.2198944091796875,-0.3151702880859375,90.0,91089.171875,270.0663452148437,284.8587646484375,293.1732788085937,0.0026300307363271,0.009369920939207,0.0139958765357732,-3.10711669921875,2.435043334960937,4.1364288330078125,5.011978149414063,0.4833221435546875,-1.459716796875
2025-08-06,18,3,296.1286315917969,293.3835144042969,2.839385986328125,-0.641448974609375,39.0,91331.09375,269.8158569335937,284.0635986328125,291.9434814453125,0.0023901765234768,0.0095804035663604,0.0136789716780185,-3.8484954833984375,0.220123291015625,7.7590484619140625,4.7506103515625,-0.4505157470703125,-1.8391876220703125
2025-08-07,0,0,295.0477294921875,293.10614013671875,2.284286499023437,0.3271331787109375,73.0,91253.890625,268.6670837402344,283.8788452148437,290.5731506347656,0.0029101471882313,0.0103383511304855,0.0134683400392532,-2.1968231201171875,-4.268356323242188,7.56890869140625,6.0885162353515625,-2.9261016845703125,-2.8311920166015625
2025-08-07,6,1,298.45196533203125,294.01348876953125,3.372787475585937,-0.9026336669921876,98.0,91335.359375,269.44976806640625,284.97296142578125,292.2846984863281,0.0016427242662757,0.0086906030774116,0.0140989385545253,-5.20013427734375,-3.99273681640625,4.50360107421875,2.466644287109375,-0.68243408203125,-1.360107421875
2025-08-07,12,2,299.2225341796875,294.9586181640625,1.3942108154296875,0.083648681640625,322.0,91109.015625,269.7980651855469,283.88232421875,293.15496826171875,0.0017062965780496,0.0101033598184585,0.0140642896294593,-0.380218505859375,-0.7760772705078125,4.2512054443359375,3.1255340576171875,3.423095703125,-0.0855712890625
2025-08-07,18,3,295.966796875,294.2796936035156,1.762176513671875,-0.744171142578125,86.25,91378.8125,269.4773254394531,283.60430908203125,291.044921875,0.0021235917229205,0.0104695558547973,0.0142720602452754,-0.64190673828125,-1.0791015625,6.11810302734375,1.7644500732421875,4.888442993164063,-3.4666748046875
2025-08-08,0,0,294.5972900390625,293.71588134765625,1.9664154052734373,-0.5404510498046875,19.0,91242.984375,269.3725280761719,283.0604858398437,290.73455810546875,0.0022275273222476,0.0091648027300834,0.0132814534008502,4.0340423583984375,2.1480865478515625,4.7365570068359375,7.18170166015625,2.7691192626953125,-3.710494995117188
2025-08-08,6,1,298.56988525390625,293.7994384765625,2.555755615234375,-0.5655364990234375,120.25,91425.796875,268.60601806640625,284.6788330078125,292.0588684082031,0.0023978233803063,0.0075919032096862,0.0139227360486984,-0.25732421875,0.7477569580078125,3.227783203125,4.4859466552734375,4.997528076171875,-1.0056304931640625
2025-08-08,12,2,299.4928894042969,293.7002868652344,1.983856201171875,-0.3760528564453125,459.75,91306.25,268.87841796875,283.02099609375,292.86212158203125,0.0037350943312048,0.0095532573759555,0.0140155106782913,1.36724853515625,0.4558868408203125,4.832305908203125,0.4421844482421875,3.473602294921875,0.1918792724609375
2025-08-08,18,3,295.18658447265625,293.68316650390625,0.76385498046875,-1.0718536376953125,153.5,91585.296875,268.0365600585937,283.61187744140625,291.6327514648437,0.0044882670044898,0.0084880888462066,0.0139410719275474,-0.9286346435546876,0.9903717041015624,3.2230377197265625,1.2412567138671875,1.711578369140625,-2.9049530029296875
2025-08-09,0,0,294.7194519042969,293.513671875,0.4065093994140625,-0.576171875,44.0,91480.515625,268.09814453125,282.5543518066406,290.75213623046875,0.0047221109271049,0.0082587525248527,0.0135279558598995,3.893768310546875,1.8927154541015625,2.00823974609375,2.2174530029296875,1.5092926025390625,-0.9756927490234376
2025-08-09,6,1,298.7265014648437,294.0253295898437,2.515655517578125,0.716522216796875,138.5,91575.703125,267.93658447265625,283.7367248535156,291.5516967773437,0.0044349171221256,0.00817646458745,0.0136318281292915,4.107192993164063,0.6726837158203125,4.178634643554688,0.1139984130859375,2.5874176025390625,0.895538330078125
2025-08-09,12,2,297.1944580078125,293.82745361328125,1.4990386962890625,0.5090789794921875,511.0,91390.875,268.4257202148437,283.177978515625,291.5445556640625,0.0051237419247627,0.0093069486320018,0.0151878520846366,-2.9496612548828125,3.81982421875,3.5849151611328125,-1.2332763671875,2.43548583984375,0.721710205078125
2025-08-09,18,3,294.49981689453125,293.43682861328125,1.7700653076171875,0.1932525634765625,221.75,91593.578125,268.1211242675781,282.8890991210937,291.1085205078125,0.0050122775137424,0.0090900659561157,0.0141785964369773,-2.422592163085937,3.550888061523437,5.2554779052734375,1.4483795166015625,3.821441650390625,-2.046783447265625
2025-08-10,0,0,294.9300231933594,293.5971069335937,1.9873199462890625,-0.0737457275390625,84.25,91448.21875,267.6769714355469,282.5568542480469,290.16851806640625,0.0046115182340145,0.0083711817860603,0.0134896449744701,2.1258087158203125,8.192611694335938,6.4660491943359375,4.99041748046875,-0.54949951171875,-3.11627197265625
2025-08-10,6,1,298.95916748046875,293.442626953125,3.4389190673828125,-0.475555419921875,251.5,91535.65625,268.07086181640625,282.3974609375,290.8116760253906,0.0046834368258714,0.0091459453105926,0.0138334557414054,5.350006103515625,10.10821533203125,5.237213134765625,3.4210205078125,-2.647216796875,-1.1935272216796875
2025-08-10,12,2,297.156005859375,293.3154602050781,2.5378570556640625,-0.2901763916015625,190.5,91314.046875,268.1963195800781,282.48614501953125,291.4249267578125,0.0046618096530437,0.0084815323352813,0.01270217821002,5.5339202880859375,5.9415283203125,8.648712158203125,-0.201324462890625,-2.552963256835937,-1.982025146484375
2025-08-10,18,3,294.6123046875,292.9430236816406,2.533447265625,-0.36834716796875,239.25,91547.046875,268.01934814453125,282.1229248046875,291.20587158203125,0.0046360380947589,0.0073654800653457,0.0126037672162055,2.849212646484375,11.4666748046875,9.16583251953125,-0.848358154296875,-3.3044586181640625,-2.5690155029296875
2025-08-11,0,0,294.42803955078125,293.46875,2.7324371337890625,0.4567718505859375,57.75,91398.8125,268.15606689453125,282.0508117675781,290.89337158203125,0.0048892311751842,0.0063313581049442,0.0120163075625896,-0.9355926513671876,8.920608520507812,10.829299926757812,-2.4884796142578125,-3.940887451171875,-2.466522216796875
2025-08-11,6,1,297.366943359375,293.3291931152344,4.2953643798828125,-0.7638397216796875,91.0,91546.453125,268.05230712890625,282.2333984375,289.7995910644531,0.0047358609735965,0.006160020828247,0.0134441368281841,-0.98199462890625,11.258285522460938,7.072845458984375,-1.2775726318359375,-1.8804931640625,-1.6613006591796875
2025-08-11,12,2,297.2352905273437,293.370361328125,2.48150634765625,0.8367919921875,24.5,91259.140625,268.57208251953125,282.6090087890625,291.56219482421875,0.0042450167238712,0.0084188170731067,0.0129353106021881,1.0514068603515625,10.005157470703123,7.434494018554687,-4.686309814453125,-2.104965209960937,1.0206451416015625
2025-08-11,18,3,294.42828369140625,292.80194091796875,3.371856689453125,-0.3951416015625,33.5,91517.734375,268.2245483398437,282.0625,290.088623046875,0.0049043074250221,0.0096243247389793,0.0136734768748283,-0.425506591796875,9.354904174804688,11.200851440429688,-2.81634521484375,-3.2218170166015625,-3.773971557617188
2025-08-12,0,0,294.5037841796875,293.2633972167969,3.6483306884765625,-0.219970703125,7.5,91329.015625,267.8544311523437,281.6795654296875,289.90576171875,0.0047829262912273,0.0096650645136833,0.0121844448149204,0.4619903564453125,9.95294189453125,12.03497314453125,-0.352325439453125,-5.6943206787109375,-4.531280517578125
2025-08-12,6,1,298.0946044921875,292.4836120605469,5.3391876220703125,-1.8826751708984373,0.25,91390.828125,268.33135986328125,282.27423095703125,290.70269775390625,0.0045320875942707,0.0083971135318279,0.0124838054180145,2.6228485107421875,10.238204956054688,9.464462280273438,-1.3283538818359375,-5.191741943359375,-4.0242462158203125
2025-08-12,12,2,298.2020263671875,293.3385314941406,2.187896728515625,0.0317535400390625,154.5,91160.125,269.1746826171875,282.17169189453125,291.6292724609375,0.0045322030782699,0.0092809088528156,0.0128134787082672,3.339706420898437,9.292221069335938,6.7284088134765625,-3.155792236328125,-5.79302978515625,-1.886505126953125
2025-08-12,18,3,294.448974609375,292.93878173828125,3.9805908203125,-0.1524810791015625,27.75,91359.984375,268.3621826171875,282.5463256835937,289.6946716308594,0.0052665621042251,0.0106537081301212,0.0133542511612176,5.7363128662109375,10.543182373046877,11.242111206054688,-5.3065185546875,-4.7545013427734375,-2.762359619140625
2025-08-13,0,0,294.22540283203125,292.9127502441406,3.773483276367188,-0.7393035888671875,60.5,91156.703125,268.07183837890625,282.3800964355469,289.4218444824219,0.0050940783694386,0.008694153279066,0.0129829235374927,4.0081787109375,9.920883178710938,12.319595336914062,-3.2401123046875,-5.24658203125,-5.136871337890625
2025-08-13,6,1,297.3716735839844,293.1846923828125,5.00018310546875,-0.3294219970703125,117.75,91284.734375,268.023193359375,282.2735290527344,290.1147155761719,0.0047980397939682,0.0083304718136787,0.013394858688116,1.235565185546875,10.690383911132812,9.374755859375,-0.05670166015625,-4.5035552978515625,-1.83367919921875
2025-08-13,12,2,295.62432861328125,293.27227783203125,3.336883544921875,0.1822509765625,72.5,91093.71875,268.865234375,282.7786865234375,290.5216064453125,0.0051811970770359,0.0084001570940017,0.0140212066471576,8.013885498046875,11.192153930664062,10.856353759765623,-1.000518798828125,-3.5291290283203125,0.0408477783203125
2025-08-13,18,3,293.789306640625,292.9090576171875,3.8255615234375,0.471832275390625,21.25,91296.703125,268.4447937011719,283.5711669921875,289.3944091796875,0.005020897835493,0.0075093917548656,0.0132521465420722,8.891571044921875,12.898574829101562,13.02490234375,1.8084716796875,-2.1355743408203125,-1.867950439453125
2025-08-14,0,0,294.11962890625,292.96783447265625,3.26806640625,1.6440277099609375,22.75,91204.90625,268.3422241210937,282.77716064453125,289.100341796875,0.0046491436660289,0.0078106671571731,0.0133056007325649,8.854660034179688,11.199493408203123,12.552536010742188,4.5502471923828125,-3.776702880859375,0.93438720703125
2025-08-14,6,1,297.98828125,293.46502685546875,6.237945556640625,0.70703125,54.0,91320.21875,268.66534423828125,283.1099853515625,290.7476806640625,0.0047755576670169,0.0080811269581317,0.0135440342128276,8.416351318359375,12.860137939453123,11.476608276367188,2.27667236328125,0.49798583984375,0.4190216064453125
2025-08-14,12,2,296.0391845703125,293.2623596191406,4.865692138671875,0.30645751953125,4.75,91110.390625,268.93487548828125,282.9088134765625,290.7259521484375,0.0048340260982513,0.0088433437049388,0.0133001506328582,7.15069580078125,12.344009399414062,12.17840576171875,0.8148345947265625,0.160552978515625,-0.1391143798828125
2025-08-14,18,3,293.54620361328125,292.6469116210937,3.7047271728515625,1.0167694091796875,4.25,91266.984375,269.1419677734375,283.33984375,289.5287475585937,0.0044435299932956,0.0084425993263721,0.0137699283659458,2.7152252197265625,12.163040161132812,14.124862670898438,1.8892822265625,0.0554351806640625,-0.848968505859375
2025-08-15,0,0,294.46563720703125,293.4693603515625,3.6080322265625,1.506561279296875,27.75,91089.5,269.22314453125,283.38238525390625,289.98046875,0.0042477659881114,0.0087971091270446,0.0140442252159118,7.0599365234375,11.462295532226562,13.421417236328123,0.8421630859375,-3.933395385742188,0.5376739501953125
2025-08-15,6,1,298.10028076171875,292.93389892578125,5.29351806640625,0.867095947265625,197.25,91257.15625,269.4930419921875,283.0980529785156,290.6654052734375,0.0043196976184844,0.0092495791614055,0.0139969587326049,5.380706787109375,12.373382568359377,14.505111694335938,1.046600341796875,-2.403045654296875,-1.13433837890625
2025-08-15,12,2,297.439697265625,293.31915283203125,5.216949462890625,-0.4045257568359375,14.25,90988.03125,269.25811767578125,283.5323486328125,291.1007080078125,0.0047820527106523,0.0096078105270862,0.0138330571353435,6.798019409179688,15.62811279296875,13.838241577148438,-2.97845458984375,-2.9799346923828125,-2.8622589111328125
2025-08-15,18,3,294.1142272949219,293.1016845703125,4.4547882080078125,0.17620849609375,15.75,91153.046875,269.1405029296875,283.2602233886719,289.9306640625,0.0046627931296825,0.009350698441267,0.0140709653496742,3.1211395263671875,16.45050048828125,14.683807373046877,-3.26336669921875,-3.512924194335937,-2.111846923828125
2025-08-16,0,0,295.32684326171875,292.4325561523437,4.593017578125,-0.242767333984375,18.25,90984.921875,268.54400634765625,283.3248291015625,289.2762451171875,0.0045891106128692,0.0088584013283252,0.0134643800556659,4.65911865234375,14.626922607421877,14.099014282226562,-1.094696044921875,-4.570709228515625,-2.5028228759765625
2025-08-16,6,1,298.73388671875,293.0244140625,6.738922119140625,-0.0412139892578125,13.25,91036.6875,268.3744506835937,284.041259765625,291.7189636230469,0.0040939152240753,0.0079146847128868,0.0133381951600313,7.5098876953125,15.596038818359377,12.395843505859377,-1.0059356689453125,-5.0124359130859375,-0.461883544921875
2025-08-16,12,2,296.439697265625,294.28289794921875,3.875946044921875,-1.050537109375,118.75,90856.84375,269.130126953125,283.2701416015625,291.49981689453125,0.0044620502740144,0.0099607035517692,0.0143843740224838,6.5689544677734375,13.545166015625,12.851974487304688,-2.6126708984375,-5.4256744384765625,-3.351287841796875
2025-08-16,18,3,294.7930908203125,293.4662170410156,4.51513671875,-0.10089111328125,50.5,91106.21875,268.6912841796875,283.8566589355469,290.18609619140625,0.0047032348811626,0.0088151171803474,0.0142433550208807,5.1859283447265625,13.38482666015625,14.443008422851562,0.2422332763671875,-4.932876586914063,-2.094879150390625
2025-08-17,0,0,294.7730712890625,293.1693115234375,4.128265380859375,0.718109130859375,5.5,90939.21875,268.3881530761719,283.46630859375,289.7622375488281,0.0050062499940395,0.0085587576031684,0.0134915541857481,8.081680297851562,14.491622924804688,13.656890869140623,-1.9033355712890625,-4.298980712890625,-0.5708465576171875
2025-08-17,6,1,297.7216796875,293.72430419921875,6.156951904296875,0.6226806640625,57.25,91077.59375,268.65234375,282.95098876953125,291.11553955078125,0.0043466761708259,0.0099478885531425,0.0137573201209306,8.804061889648438,14.518508911132812,12.630279541015623,-1.059356689453125,-3.761795043945313,0.20263671875
2025-08-17,12,2,295.22686767578125,293.19354248046875,5.232452392578125,-0.0881195068359375,84.75,90982.1875,268.7748413085937,282.956298828125,290.65948486328125,0.0056727305054664,0.0099674463272094,0.0143512599170207,9.636093139648438,17.02471923828125,14.640670776367188,-1.446746826171875,-1.4876861572265625,-1.0645294189453125
2025-08-17,18,3,293.71435546875,292.93328857421875,4.86212158203125,1.10211181640625,65.75,91270.4375,268.5889587402344,283.59747314453125,289.42694091796875,0.0052461829036474,0.0082207471132278,0.0133866369724273,10.790008544921877,15.432479858398438,16.203155517578125,0.806732177734375,-1.449310302734375,0.4709320068359375
2025-08-18,0,0,294.321533203125,293.04803466796875,5.609664916992188,1.0307769775390625,85.75,91168.078125,268.7862548828125,283.1841735839844,289.9671630859375,0.0051807202398777,0.007863774895668,0.0135888382792472,14.793075561523438,19.157058715820312,17.64117431640625,-0.4781494140625,-3.2514801025390625,-0.2777252197265625
2025-08-18,6,1,295.78631591796875,293.23760986328125,7.5415496826171875,0.540283203125,82.5,91308.859375,268.239013671875,283.355712890625,290.73150634765625,0.0047715567052364,0.0084102861583232,0.0131455957889556,14.335342407226562,17.514892578125,16.825592041015625,-0.75604248046875,-3.738967895507813,-0.589599609375
2025-08-18,12,2,295.980224609375,293.6651611328125,5.19940185546875,0.879974365234375,38.0,91172.5625,268.266357421875,282.8882141113281,290.5503234863281,0.0042127235792577,0.0087261702865362,0.013448741286993,15.073806762695312,19.849624633789062,15.39276123046875,-0.5291595458984375,-4.685302734375,0.1168670654296875
2025-08-18,18,3,294.22088623046875,292.1244506835937,5.790084838867188,1.003936767578125,0.0,91385.9375,268.931884765625,283.42059326171875,289.203125,0.0038209059275686,0.008129658177495,0.0126043893396854,10.995086669921877,20.25250244140625,18.819366455078125,0.248138427734375,-5.367584228515625,0.1393890380859375
2025-08-19,0,0,294.205078125,291.5760192871094,5.85009765625,1.130035400390625,0.0,91216.640625,268.3832092285156,283.51715087890625,288.7457275390625,0.0043254154734313,0.0084174163639545,0.0122171267867088,8.086135864257812,17.6767578125,18.935592651367188,1.973968505859375,-4.085464477539063,1.2362823486328125
2025-08-19,6,1,298.64849853515625,291.7518920898437,8.319015502929688,1.0987091064453125,4.25,91385.171875,268.2890625,282.974853515625,290.61993408203125,0.0030279289931058,0.008306223899126,0.0127950720489025,9.543838500976562,19.210906982421875,17.61328125,1.6961212158203125,-3.76251220703125,1.2745513916015625
2025-08-19,12,2,297.30084228515625,292.1595458984375,5.876235961914063,0.6649322509765625,0.0,91148.8125,269.736083984375,283.8896484375,290.9168701171875,0.0043068043887615,0.0052596107125282,0.0127125494182109,5.1804046630859375,21.76251220703125,15.634841918945312,1.1488494873046875,-4.863616943359375,-0.1587677001953125
2025-08-19,18,3,295.0331420898437,292.47589111328125,5.2848968505859375,0.92535400390625,9.0,91368.34375,269.21710205078125,284.9200744628906,289.3193359375,0.0038056820631027,0.0044843191280961,0.0134845506399869,4.0579833984375,19.754852294921875,16.627593994140625,2.40167236328125,-6.07525634765625,-0.531219482421875
2025-08-20,0,0,294.90643310546875,292.0484619140625,4.3114166259765625,1.0060882568359375,0.0,91217.796875,268.9775390625,285.4603881835937,288.9683837890625,0.0035330904647707,0.0020441738888621,0.0124745815992355,4.6402435302734375,16.645278930664062,16.019851684570312,0.9878387451171876,-5.930389404296875,-0.7761077880859375
2025-08-20,6,1,297.969482421875,292.4560546875,5.333892822265625,1.172882080078125,18.125,91455.953125,268.9546203613281,284.492919921875,290.5796203613281,0.0034240025561302,0.0058218091726303,0.0128158852458,5.715789794921875,13.055862426757812,10.544952392578123,-0.1649932861328125,-4.588638305664063,1.319580078125
2025-08-20,12,2,298.680419921875,293.30279541015625,4.8043060302734375,1.004913330078125,54.875,91252.984375,271.37774658203125,282.80914306640625,291.74334716796875,0.0022689327597618,0.008890051394701,0.0136336162686347,3.090927124023437,9.94354248046875,12.78326416015625,1.622039794921875,-2.67755126953125,1.8785552978515625
2025-08-20,18,3,294.2080383300781,292.22998046875,3.583969116210937,0.5728607177734375,0.0,91593.828125,270.74249267578125,283.6497802734375,290.2463684082031,0.0021757965441793,0.0086833275854587,0.0119559951126575,-1.4695587158203125,4.934417724609375,13.3260498046875,2.7699127197265625,-1.0173187255859375,-2.436309814453125
2025-08-21,0,0,294.0860290527344,292.8700256347656,2.7631072998046875,0.619171142578125,0.0,91484.390625,269.52496337890625,283.224853515625,290.2540283203125,0.0024426486343145,0.0091114230453968,0.0123524367809295,-4.0927734375,1.9316253662109373,12.062759399414062,4.40960693359375,-0.628875732421875,-3.1273651123046875
2025-08-21,6,1,298.699951171875,292.8638916015625,4.3487701416015625,-0.040985107421875,7.875,91637.671875,269.86541748046875,282.7936706542969,290.5386962890625,0.0020948357414454,0.0093114450573921,0.013198334723711,-2.80548095703125,0.039306640625,7.2440185546875,3.224639892578125,1.52325439453125,-0.92626953125
2025-08-21,12,2,300.4190673828125,293.90496826171875,1.98492431640625,-0.5340576171875,204.25,91330.484375,270.5565185546875,283.43878173828125,292.8480834960937,0.0019797454588115,0.0089124329388141,0.0137373693287372,-2.5209503173828125,1.0186614990234375,4.156021118164063,1.0166168212890625,1.449066162109375,-1.4636383056640625
2025-08-21,18,3,295.94342041015625,293.9250793457031,1.577056884765625,-0.1096649169921875,52.75,91667.609375,269.70965576171875,282.8006896972656,291.2249755859375,0.0019259799737483,0.0091779828071594,0.0138994380831718,-3.745681762695313,1.3109893798828125,6.1324615478515625,0.451416015625,0.885986328125,-2.153671264648437
2025-08-22,0,0,294.284912109375,293.358642578125,2.5947418212890625,-0.86480712890625,0.0,91470.40625,269.7729187011719,282.54986572265625,291.224365234375,0.0018635152373462,0.0085489563643932,0.012429729104042,-5.507720947265625,3.2676544189453125,5.9010009765625,1.4003448486328125,-0.316680908203125,-1.4013671875
2025-08-22,6,1,298.77545166015625,293.61492919921875,3.711471557617188,-0.1376190185546875,1.25,91599.6875,268.6413879394531,283.1264953613281,291.3039855957031,0.0026619778946042,0.0080800801515579,0.0130542181432247,-4.6867523193359375,2.5863189697265625,5.741714477539063,3.010726928710937,0.65911865234375,-0.2198486328125
2025-08-22,12,2,300.34442138671875,293.4427490234375,2.5238494873046875,-0.6654205322265625,283.0,91240.5,268.55682373046875,283.93731689453125,293.0797119140625,0.002467917278409,0.0084757432341575,0.0134963132441043,-0.4723052978515625,5.6992034912109375,5.7352294921875,2.7745361328125,0.5480194091796875,-1.4181671142578125
2025-08-22,18,3,295.52593994140625,293.6371459960937,1.6099090576171875,0.8475189208984375,146.5,91567.421875,267.9056701660156,282.5650634765625,291.214599609375,0.0031540836207568,0.009427472949028,0.0139044374227523,1.1978607177734375,3.4384918212890625,5.9785003662109375,1.6869049072265625,-0.004058837890625,-1.9049224853515625
2025-08-23,0,0,294.3748779296875,293.1506042480469,2.4354248046875,-0.269012451171875,0.5,91375.078125,267.91046142578125,283.00604248046875,290.9984130859375,0.003325252328068,0.0079157128930091,0.0103600993752479,4.080169677734375,6.128326416015625,7.9262847900390625,-3.46392822265625,0.6426849365234375,-1.2818145751953125
2025-08-23,6,1,298.2908935546875,292.9268798828125,4.607711791992188,-0.7218780517578125,3.25,91524.265625,267.85797119140625,283.7484741210937,291.2484436035156,0.0026376713067293,0.0054424740374088,0.0125184506177902,4.9848175048828125,5.7300872802734375,7.064208984375,-2.98345947265625,0.8117523193359375,-1.242279052734375
2025-08-23,12,2,299.36993408203125,293.1727905273437,2.707672119140625,0.53851318359375,36.75,91300.96875,268.26483154296875,282.3891906738281,292.4241943359375,0.0022261408157646,0.0075294822454452,0.0127329900860786,6.90142822265625,6.586639404296875,6.343719482421875,-4.709320068359375,-2.8064727783203125,0.3922576904296875
2025-08-23,18,3,295.095703125,292.7734375,3.0344390869140625,0.697662353515625,55.0,91609.203125,267.33917236328125,282.77899169921875,290.9239501953125,0.0023448984138667,0.0074953716248273,0.012999128550291,5.880462646484375,5.9835968017578125,8.302032470703125,-2.213119506835937,-0.5487213134765625,-1.1956787109375
2025-08-24,0,0,294.7306213378906,293.14404296875,2.99224853515625,-0.2503204345703125,2.375,91442.15625,267.622802734375,282.77252197265625,290.8021240234375,0.0023153093643486,0.0070727244019508,0.0111361555755138,4.25689697265625,7.371017456054687,11.951324462890623,-1.07537841796875,-0.5381622314453125,-3.8157806396484375
2025-08-24,6,1,299.68194580078125,292.1991577148437,4.8446807861328125,-1.250030517578125,0.75,91594.796875,267.86181640625,282.92596435546875,291.1975402832031,0.0021922816522419,0.0063632763922214,0.0120991878211498,5.837081909179688,6.149826049804688,7.56707763671875,-0.214111328125,-0.3060760498046875,-2.0503692626953125
2025-08-24,12,2,300.7150573730469,292.45318603515625,2.63909912109375,-0.973419189453125,0.0,91350.5625,268.532470703125,282.97515869140625,293.5733642578125,0.0016171792522072,0.0066531598567962,0.0113586969673633,7.633697509765625,5.4834747314453125,6.6208038330078125,-1.766632080078125,-1.7610015869140625,-2.4553680419921875
2025-08-24,18,3,295.2596130371094,291.8229675292969,2.771881103515625,-0.5131988525390625,0.375,91649.8125,268.5244140625,282.7857666015625,291.1246337890625,0.0013554426841437,0.0051781870424747,0.0120975673198699,7.734893798828125,5.4151611328125,7.684951782226562,-2.489730834960937,-1.9740447998046875,-2.609970092773437
2025-08-25,0,0,293.6009521484375,292.2455749511719,2.498641967773437,0.022705078125,0.0,91481.171875,268.9247436523437,282.62225341796875,290.9047546386719,0.0011505931615829,0.0042667491361498,0.0097816884517669,8.209686279296875,7.163726806640625,10.798553466796877,-4.2891845703125,-2.178558349609375,-3.7861175537109375
2025-08-25,6,1,299.083984375,292.6805725097656,4.800018310546875,-1.5976104736328125,0.0,91511.015625,269.3526611328125,283.7072448730469,290.6356201171875,0.0010743979364633,0.0036642649210989,0.0125111937522888,5.721115112304688,6.133758544921875,7.76715087890625,-2.137481689453125,-0.1956939697265625,-2.717742919921875
2025-08-25,12,2,299.2412109375,292.0389404296875,1.696624755859375,-1.3245086669921875,0.0,91227.03125,269.5306396484375,283.4393310546875,292.830078125,0.0015188041143119,0.0035275518894195,0.0115968137979507,7.7102508544921875,5.905914306640625,5.8161468505859375,-0.7603912353515625,-1.3686065673828125,-3.7425384521484375
2025-08-25,18,3,295.05718994140625,292.33984375,2.020111083984375,-0.1168060302734375,0.0,91440.65625,269.2177124023437,283.1171875,291.51202392578125,0.0019769514910876,0.0035080253146588,0.0125860199332237,7.097427368164063,4.6953125,6.124526977539063,-3.137451171875,-0.190185546875,0.0446014404296875
2025-08-26,0,0,294.4580078125,292.540283203125,1.9561767578125,-0.180755615234375,0.0,91384.4375,269.63922119140625,281.261962890625,291.031982421875,0.0020242994651198,0.0053247734904289,0.0107527896761894,6.940582275390625,4.762786865234375,6.73565673828125,-4.9757843017578125,-1.7996978759765625,0.181427001953125
2025-08-26,6,1,299.6158142089844,292.5526733398437,4.6060333251953125,0.3077239990234375,0.0,91451.328125,269.63104248046875,282.1236572265625,290.6895751953125,0.0025491188280284,0.0064024180173873,0.0127003658562898,3.423248291015625,8.88751220703125,7.1564788818359375,-3.3914947509765625,-2.7953338623046875,0.1957550048828125
2025-08-26,12,2,298.60089111328125,292.5138244628906,2.5404815673828125,0.866302490234375,1.5,91237.4375,268.4698486328125,282.3465881347656,292.3270874023437,0.0037351204082369,0.008038755506277,0.0124931521713733,4.604415893554688,7.972564697265625,8.02655029296875,-4.67608642578125,-5.3546295166015625,0.629241943359375
2025-08-26,18,3,294.6298828125,292.5712890625,3.71453857421875,1.2377471923828125,0.0,91449.078125,268.5369567871094,282.65673828125,290.39031982421875,0.0042368210852146,0.0097213573753833,0.0124699510633945,4.767791748046875,9.827957153320312,13.018341064453123,-2.9488067626953125,-2.448089599609375,0.03411865234375
2025-08-27,0,0,293.86199951171875,292.995361328125,3.61016845703125,1.0924835205078125,0.0,91246.109375,268.6308898925781,282.4197998046875,289.5537109375,0.0040152370929718,0.0099880620837211,0.0135805718600749,5.7000885009765625,11.252456665039062,13.034912109375,-1.1348724365234375,-4.75311279296875,-1.1349639892578125
2025-08-27,6,1,297.9173583984375,293.33599853515625,6.72589111328125,0.984466552734375,13.75,91340.59375,268.37567138671875,283.4488525390625,290.4355773925781,0.0045490637421607,0.0097019225358963,0.0138470493257045,5.081832885742188,11.53411865234375,13.079727172851562,0.6028289794921875,-2.41455078125,-0.027130126953125
2025-08-27,12,2,296.746826171875,293.959228515625,4.1951751708984375,1.6922760009765625,124.0,91125.96875,269.0423583984375,283.9049072265625,291.41925048828125,0.0045131221413612,0.0098935887217521,0.01428909227252,7.764129638671875,11.81683349609375,12.910507202148438,-2.7683258056640625,0.0134735107421875,2.433441162109375
2025-08-27,18,3,294.6980285644531,293.330810546875,4.048004150390625,1.5817108154296875,12.0,91333.5625,268.83038330078125,283.0844116210937,290.0372314453125,0.0052667073905467,0.0103736445307731,0.0139801539480686,11.3564453125,13.31866455078125,14.455520629882812,0.3486480712890625,2.19354248046875,2.293365478515625
2025-08-28,0,0,295.227783203125,293.3898010253906,3.83392333984375,1.02294921875,65.25,91184.8125,268.75396728515625,283.11572265625,290.00347900390625,0.004533302038908,0.0084829628467559,0.0140269361436367,9.22186279296875,13.52813720703125,13.1026611328125,3.29718017578125,-2.5900421142578125,-1.0877227783203125
2025-08-28,6,1,298.1859741210937,295.06170654296875,4.7709808349609375,1.4831695556640625,449.75,91255.296875,269.5707702636719,283.23553466796875,291.138671875,0.0049104839563369,0.0085745342075824,0.0145552307367324,8.782470703125,11.384536743164062,12.399063110351562,-0.525909423828125,-1.435150146484375,1.2772064208984375
2025-08-28,12,2,296.1454467773437,293.67059326171875,2.87322998046875,2.208343505859375,322.75,91082.40625,269.5997619628906,283.6122436523437,291.6327514648437,0.0057405903935432,0.0095732845366001,0.0155150331556797,9.829727172851562,10.564544677734377,8.876449584960938,1.4077301025390625,2.077239990234375,4.385269165039063
2025-08-28,18,3,294.439697265625,293.4573974609375,4.302413940429688,1.6885223388671875,145.5,91300.265625,269.1778564453125,283.2247314453125,290.3417358398437,0.0054121538996696,0.0082828998565673,0.0145281683653593,4.558837890625,14.81219482421875,14.904983520507812,-0.2188262939453125,2.273345947265625,-0.0185394287109375
2025-08-29,0,0,295.25762939453125,293.2384033203125,4.2750091552734375,1.9286041259765625,67.5,91255.625,269.48858642578125,283.2877502441406,289.7015380859375,0.0051554981619119,0.0078157149255275,0.0137394946068525,3.130889892578125,13.665664672851562,14.826324462890623,5.5149993896484375,0.5860137939453125,2.502670288085937
2025-08-29,6,1,298.72149658203125,293.37164306640625,6.6332550048828125,0.185211181640625,4.75,91307.8125,268.9364013671875,283.6747436523437,291.1830444335937,0.0051803849637508,0.0079410038888454,0.0134797804057598,6.275558471679688,11.032363891601562,12.154693603515623,7.865753173828125,-0.064361572265625,-0.930877685546875
2025-08-29,12,2,299.47528076171875,292.5684814453125,4.139175415039063,1.01513671875,54.5,91161.484375,270.0972900390625,283.3997802734375,292.70703125,0.0040778461843729,0.0076228789985179,0.0136879049241542,6.821014404296875,12.384384155273438,10.774795532226562,4.5315704345703125,-0.3876800537109375,1.5302734375
2025-08-29,18,3,295.0370483398437,293.2996520996094,2.6962127685546875,1.850982666015625,6.0,91474.078125,269.1025695800781,283.35223388671875,290.6430969238281,0.003910232335329,0.0092818215489387,0.0142909213900566,6.985153198242188,12.830520629882812,11.3994140625,6.12103271484375,-2.13116455078125,1.04364013671875
2025-08-30,0,0,295.64703369140625,294.04888916015625,3.0652313232421875,1.4109954833984375,10.0,91350.8125,269.459228515625,284.33270263671875,290.0502319335937,0.0038416860625147,0.0068716369569301,0.0140327140688896,4.023239135742188,10.793212890625,12.681396484375,3.627395629882813,-0.4554443359375,-0.075469970703125
2025-08-30,6,1,299.67779541015625,293.91473388671875,5.57354736328125,0.334259033203125,0.0,91463.640625,270.5386962890625,283.7719116210937,291.63311767578125,0.0031241588294506,0.0084222964942455,0.0139108598232269,1.265960693359375,10.165023803710938,9.276214599609377,4.061203002929688,-1.260284423828125,0.224273681640625
2025-08-30,12,2,298.2717590332031,294.820556640625,4.2831573486328125,0.4802703857421875,93.75,91286.5,270.7091064453125,283.27374267578125,291.77703857421875,0.0031112108845263,0.0105449520051479,0.0143653564155101,-1.0863494873046875,9.443359375,10.962646484375,1.2799072265625,-2.095199584960937,0.4304962158203125
2025-08-30,18,3,295.1651611328125,293.3420715332031,4.135528564453125,0.079742431640625,20.75,91552.140625,268.4712219238281,284.2274169921875,290.04705810546875,0.0033964235335588,0.0078009814023971,0.0140298753976821,-1.307098388671875,9.650238037109377,13.932510375976562,3.1595001220703125,-1.5358734130859375,-2.7123260498046875
2025-08-31,0,0,295.87188720703125,293.53546142578125,3.5851593017578125,0.4078521728515625,25.0,91433.46875,268.3522033691406,283.86358642578125,289.71844482421875,0.0031036722939461,0.0081539265811443,0.0135755650699138,0.63580322265625,8.393585205078125,12.990951538085938,3.5904998779296875,-0.8023681640625,-1.7502593994140625
2025-08-31,6,1,298.5875244140625,293.5463256835937,5.686859130859375,-0.8044586181640625,9.5,91473.015625,268.68975830078125,284.23321533203125,291.39483642578125,0.0027897951658815,0.0077726608142256,0.0134882628917694,1.6649932861328125,9.437347412109377,10.107925415039062,1.2236175537109375,-2.541961669921875,-1.9369659423828125
2025-08-31,12,2,297.20220947265625,294.4257202148437,3.6114501953125,-1.073822021484375,132.0,91229.453125,269.0302429199219,283.4292297363281,291.8173217773437,0.0034587553236633,0.0100667029619216,0.013851124793291,1.6749114990234375,10.941268920898438,10.208938598632812,0.2145233154296875,-4.172164916992188,-3.611236572265625
2025-08-31,18,3,295.28692626953125,294.01275634765625,3.80224609375,-0.3802947998046875,12.0,91442.84375,268.3182067871094,283.568359375,290.3570556640625,0.0038310498930513,0.0083670802414417,0.0138173606246709,2.838973999023437,10.174880981445312,12.955703735351562,-1.542724609375,-5.4332122802734375,-3.6463470458984375
2025-09-01,0,0,295.7557983398437,293.54400634765625,4.173858642578125,-0.9328460693359376,18.5,91210.28125,267.5850524902344,284.2660522460937,289.3330078125,0.0040930304676294,0.0077050039544701,0.013510120101273,4.441253662109375,10.668777465820312,13.353347778320312,-1.6239166259765625,-4.3783111572265625,-4.734176635742188
2025-09-01,6,1,298.26043701171875,293.2689819335937,5.9893798828125,-1.8923492431640625,39.5,91328.390625,267.64605712890625,283.91998291015625,291.42626953125,0.0045730527490377,0.0075991190969944,0.0135831944644451,3.96270751953125,11.571701049804688,10.382583618164062,-0.981658935546875,-5.9496002197265625,-3.511016845703125
2025-09-01,12,2,298.5072326660156,293.5643310546875,4.5431671142578125,-1.42657470703125,20.125,91085.3125,268.7894897460937,282.9882507324219,291.822021484375,0.0041547119617462,0.0086883828043937,0.013439655303955,3.06396484375,11.482269287109377,11.804351806640623,-3.719192504882813,-5.41424560546875,-4.706832885742188
2025-09-01,18,3,294.3755187988281,292.5160217285156,3.922439575195313,-0.2079010009765625,0.0,91343.734375,268.03082275390625,283.5107727050781,289.80810546875,0.0043006520718336,0.0072006583213806,0.0130881629884243,2.176300048828125,11.7974853515625,12.824630737304688,-0.0911865234375,-6.366943359375,-3.677490234375
2025-09-02,0,0,294.9994506835937,292.8920288085937,4.434722900390625,-0.258636474609375,9.0,91122.375,268.0980834960937,283.4938049316406,288.9295654296875,0.0041204914450645,0.0064922831952571,0.0131449401378631,3.934982299804688,11.116119384765623,14.476486206054688,-1.277191162109375,-7.58270263671875,-4.524673461914063
2025-09-02,6,1,298.8602905273437,292.79156494140625,6.478729248046875,-1.176422119140625,14.5,91297.609375,268.3631591796875,283.453125,291.673583984375,0.0040351524949073,0.0073941275477409,0.0125565528869628,4.8731842041015625,11.744766235351562,12.951004028320312,-2.0493316650390625,-6.9148712158203125,-3.0467071533203125
2025-09-02,12,2,298.41925048828125,292.8804626464844,3.986862182617188,0.22955322265625,28.0,91084.65625,268.3197021484375,283.16705322265625,291.93865966796875,0.0037180911749601,0.0096872486174106,0.0134372934699058,4.620330810546875,11.570846557617188,11.557907104492188,-3.3807525634765625,-5.621307373046875,-1.21630859375
2025-09-02,18,3,294.6589660644531,292.93292236328125,4.4949798583984375,0.2098846435546875,5.5,91330.875,268.5608215332031,283.34442138671875,289.74786376953125,0.0033909932244569,0.0091819539666175,0.0138934664428234,3.21673583984375,11.395416259765623,13.767929077148438,0.042510986328125,-6.563278198242188,-2.9421844482421875
2025-09-03,0,0,295.79449462890625,293.334228515625,4.7496337890625,-0.2815704345703125,11.0,91111.3125,268.63409423828125,283.1473693847656,289.4999694824219,0.0038511035963892,0.0098199173808097,0.0136151723563671,4.9823150634765625,8.54656982421875,14.170745849609377,-2.9380340576171875,-4.5291595458984375,-3.1347808837890625
2025-09-03,6,1,297.9408569335937,293.1848449707031,5.68096923828125,-1.5170135498046875,0.125,91281.140625,269.096435546875,283.0903015136719,290.9107666015625,0.0046491622924804,0.0092320367693901,0.0136580802500247,3.1391754150390625,9.65020751953125,10.848098754882812,-0.9044036865234376,-4.731842041015625,-3.545135498046875
2025-09-03,12,2,297.91131591796875,294.0474853515625,4.250732421875,0.24041748046875,53.25,91052.328125,269.35809326171875,283.3363342285156,292.1517944335937,0.0046630278229713,0.0090352110564708,0.0138757973909378,4.220245361328125,9.813690185546877,9.750030517578123,-0.586334228515625,-5.139984130859375,-0.8353729248046875
2025-09-03,18,3,294.268798828125,292.692626953125,3.589752197265625,1.27105712890625,0.0,91372.6875,268.4752502441406,283.20751953125,290.1005859375,0.0047616921365261,0.0074957981705665,0.0137482099235057,5.619674682617188,9.352188110351562,11.686843872070312,-1.5726165771484375,-4.7929229736328125,-1.2082061767578125
2025-09-04,0,0,295.1888427734375,293.3429870605469,3.711471557617188,0.2527008056640625,9.5,91253.703125,268.4945678710937,282.5839233398437,289.300537109375,0.0046846298500895,0.0091565214097499,0.013318171724677,2.1641845703125,9.534561157226562,12.462448120117188,2.8373260498046875,-1.7019500732421875,-2.296661376953125
2025-09-04,6,1,298.2047119140625,293.31854248046875,5.1853790283203125,-0.0356292724609375,383.25,91387.203125,268.99151611328125,282.69781494140625,290.56768798828125,0.0043437201529741,0.0088955610990524,0.0140767730772495,3.3485565185546875,9.342010498046877,10.6561279296875,3.8153228759765625,-2.7560272216796875,-1.509368896484375
2025-09-04,12,2,299.0419311523437,293.660888671875,4.105010986328125,0.4226531982421875,0.0,91100.09375,270.1231689453125,283.74224853515625,291.95318603515625,0.0041376911103725,0.0079585909843444,0.0139115378260612,2.705963134765625,8.824996948242188,9.800003051757812,5.4388580322265625,-4.015884399414063,-0.40673828125
2025-09-04,18,3,294.9267578125,293.2191772460937,2.8761138916015625,0.655975341796875,1.0,91456.015625,269.0584716796875,284.1377258300781,289.9431457519531,0.0043532233685255,0.0067275948822498,0.0138544254004955,5.885009765625,6.182525634765625,9.25518798828125,1.634765625,-2.8260955810546875,-2.193084716796875
2025-09-05,0,0,295.7633056640625,293.54937744140625,2.7781982421875,0.6760406494140625,15.25,91372.3125,269.5014038085937,283.27227783203125,289.5888671875,0.0043242909014225,0.0069175474345684,0.0132313035428524,5.4943695068359375,6.493011474609375,10.487106323242188,-1.3215789794921875,-0.4576416015625,-1.494873046875
2025-09-05,6,1,298.8017883300781,293.2301940917969,4.432373046875,0.385223388671875,3.75,91489.03125,270.5314636230469,283.60626220703125,291.60552978515625,0.0038122897967696,0.0070538967847824,0.0132833682000637,2.40167236328125,6.0953521728515625,7.520416259765625,-0.13323974609375,-0.40692138671875,-0.0238494873046875
2025-09-05,12,2,299.45751953125,293.9764099121094,3.019195556640625,0.4659271240234375,0.25,91198.734375,271.07684326171875,283.3415222167969,292.99267578125,0.003348717931658,0.0081384368240833,0.0133022367954254,0.475616455078125,7.8393707275390625,7.440155029296875,-3.735565185546875,-1.3858184814453125,0.323516845703125
2025-09-05,18,3,295.62823486328125,293.5225830078125,3.00164794921875,0.6561126708984375,0.0,91509.3125,270.9412841796875,282.88922119140625,290.8030090332031,0.0024927251506596,0.0084736458957195,0.0133963488042354,-0.728851318359375,6.203033447265625,8.532791137695312,-2.3703765869140625,-1.92266845703125,-1.377532958984375
2025-09-06,0,0,295.50762939453125,293.29937744140625,2.627899169921875,-0.0096435546875,12.0,91456.953125,270.9017944335937,283.4220275878906,290.57666015625,0.0023330715484917,0.0065409280359745,0.0123010165989398,-2.5101470947265625,6.888946533203125,9.170684814453123,-1.7744598388671875,-1.491729736328125,-1.521148681640625
2025-09-06,6,1,299.12127685546875,293.36309814453125,3.7220611572265625,-0.4828948974609375,2.0,91558.90625,270.5380859375,283.27508544921875,291.840576171875,0.0024266489781439,0.0079576149582862,0.0131301693618297,-2.2349853515625,6.3876800537109375,5.82537841796875,-0.211456298828125,-0.38775634765625,-1.121063232421875
2025-09-06,12,2,298.9883117675781,294.89697265625,1.8592987060546875,-0.790496826171875,334.25,91295.546875,268.9022827148437,283.4226989746094,292.605712890625,0.0047673471271991,0.0103621147572994,0.0140177570283412,1.45086669921875,5.9188385009765625,6.124557495117188,0.292694091796875,-1.8262481689453125,-2.309051513671875
2025-09-06,18,3,295.7144470214844,294.0727844238281,2.189117431640625,0.6868438720703125,80.0,91535.75,268.7530517578125,284.1533203125,291.16278076171875,0.005028873682022,0.0094957798719406,0.0141129456460475,1.1587066650390625,4.241180419921875,8.031829833984375,0.301116943359375,-1.5406341552734375,-1.518035888671875
2025-09-07,0,0,295.2762756347656,294.0261535644531,2.4295196533203125,-0.443389892578125,5.0,91424.859375,269.14776611328125,283.94305419921875,290.75701904296875,0.0033405944705009,0.0073546171188354,0.0122996717691421,0.5984954833984375,4.803024291992188,7.467483520507812,0.7051544189453125,-1.233428955078125,-3.2465362548828125
2025-09-07,6,1,299.15045166015625,293.4812316894531,4.049819946289063,-0.4148406982421875,3.75,91549.640625,269.5917358398437,282.9308776855469,291.2864990234375,0.0031115440651774,0.0075325369834899,0.0128567069768905,1.342742919921875,5.169601440429688,6.691909790039063,-1.1657562255859375,-0.9700164794921876,-1.14630126953125
2025-09-07,12,2,299.3170166015625,294.02716064453125,2.771591186523437,-0.8559112548828125,12.0,91225.703125,269.6552429199219,282.9462280273437,292.7762145996094,0.0028740570414811,0.0096373409032821,0.0129772126674652,1.007232666015625,5.8583831787109375,7.055435180664063,-2.0543670654296875,-0.91558837890625,-2.4453277587890625
2025-09-07,18,3,295.5194702148437,293.4613647460937,1.8615570068359373,-0.74761962890625,10.75,91543.109375,269.3670349121094,282.6737060546875,290.8774719238281,0.0024539951700717,0.0094963870942592,0.0136843025684356,0.639923095703125,3.666168212890625,6.491912841796875,-2.308319091796875,-0.267730712890625,-3.565277099609375
2025-09-08,0,0,294.5456237792969,293.0361328125,2.123077392578125,-0.427154541015625,3.25,91438.125,268.9467163085937,283.2467041015625,290.88916015625,0.002403350546956,0.008751031011343,0.0115646719932556,0.197357177734375,3.4684600830078125,6.32891845703125,-2.6343536376953125,1.1195068359375,-4.121505737304688
2025-09-08,6,1,299.3802795410156,293.1004333496094,3.239776611328125,-0.4414825439453125,1.75,91459.671875,269.89471435546875,283.0047302246094,291.6284484863281,0.0019609068986028,0.0078411027789115,0.0125255845487117,-0.662139892578125,3.412384033203125,4.8423919677734375,-3.8108062744140634,1.7275543212890625,-1.1035003662109375
2025-09-08,12,2,300.189697265625,293.51123046875,1.991790771484375,-1.267669677734375,0.0,91191.328125,270.44989013671875,283.1283874511719,293.12957763671875,0.0016800006851553,0.0080961994826793,0.0125839114189147,-1.6142425537109375,4.555877685546875,4.7062835693359375,-3.704513549804688,0.9802703857421876,-3.025970458984375
2025-09-08,18,3,295.9337158203125,292.8699645996094,0.9847259521484376,-1.583404541015625,0.0,91522.34375,269.2726745605469,283.7579345703125,291.872802734375,0.0017681831959635,0.0064899735152721,0.0128392316401004,-2.3323516845703125,2.5138092041015625,2.7641754150390625,-1.34375,1.9245147705078125,-4.0743255615234375
2025-09-09,0,0,294.734130859375,293.1334228515625,1.2006988525390625,-1.438446044921875,0.0,91429.96875,269.04693603515625,283.0830078125,291.4854736328125,0.0017965557053685,0.0059471204876899,0.0122768133878707,-3.0977325439453125,2.5842742919921875,0.528533935546875,-1.333099365234375,2.869171142578125,-1.884674072265625
2025-09-09,6,1,300.2098693847656,293.4911499023437,1.0211334228515625,0.676971435546875,0.0,91475.0,270.20245361328125,283.3387451171875,292.2135925292969,0.0016419615130871,0.0067540891468524,0.0130533315241336,-3.950851440429688,1.42156982421875,1.2947998046875,-2.3015899658203125,3.3383941650390625,0.8863067626953125
2025-09-09,12,2,300.7967529296875,293.8786926269531,1.099334716796875,0.6029205322265625,34.75,91214.984375,270.27447509765625,283.09295654296875,293.67730712890625,0.0019223983399569,0.0084683075547218,0.0134559199213981,-2.3269805908203125,1.40576171875,2.7225341796875,-3.035430908203125,2.619613647460937,0.533599853515625
2025-09-09,18,3,297.323486328125,293.5738830566406,0.477691650390625,0.7885589599609375,55.5,91502.984375,269.1463317871094,282.363037109375,293.4253234863281,0.0017265365459024,0.0091661438345909,0.0131083987653255,-3.4010162353515625,-1.0095367431640625,2.898956298828125,-3.8478851318359375,3.16802978515625,-0.855377197265625
2025-09-10,0,0,295.4233093261719,293.867919921875,1.2119903564453125,-0.774169921875,0.0,91468.796875,268.7950134277344,282.90008544921875,291.16802978515625,0.0022680992260575,0.0081534273922443,0.0134378261864185,-2.2185211181640625,1.066864013671875,-0.0528717041015625,-4.902999877929688,1.0021820068359375,-4.955596923828125
2025-09-10,6,1,299.80859375,293.84674072265625,1.627716064453125,-0.9550933837890624,5.25,91527.953125,269.512939453125,283.3085327148437,292.3274841308594,0.0028486710507422,0.0081597603857517,0.0136589258909225,-3.84112548828125,1.9034271240234373,2.21038818359375,-3.2631378173828125,0.4852447509765625,-1.5305328369140625
2025-09-10,12,2,298.52459716796875,293.8857116699219,1.6343994140625,-0.53204345703125,544.25,91179.4375,269.1675720214844,283.02374267578125,293.439453125,0.0037677702493965,0.0096337720751762,0.014229666441679,-1.2487335205078125,3.09271240234375,4.9945831298828125,-3.718414306640625,0.99517822265625,-1.475982666015625
2025-09-10,18,3,295.4371337890625,293.3561096191406,1.4243316650390625,0.0070648193359375,167.25,91518.59375,268.04571533203125,283.1932373046875,291.876708984375,0.0043668821454048,0.0094534531235694,0.0134332403540611,-1.343170166015625,2.8870086669921875,6.660202026367188,-1.533782958984375,-0.015594482421875,-2.254608154296875
2025-09-11,0,0,294.196044921875,293.30194091796875,2.1391143798828125,-0.9176483154296876,32.0,91400.0,268.00848388671875,282.471435546875,290.73193359375,0.0046052280813455,0.0095430836081504,0.0111751221120357,-2.513778686523437,5.009613037109375,6.586212158203125,-2.5206298828125,-0.1689605712890625,-3.2112274169921875
2025-09-11,6,1,297.6758728027344,292.5040283203125,3.30718994140625,-2.6357421875,0.0,91498.09375,267.6861877441406,283.361328125,291.087158203125,0.0043785870075225,0.0085710510611534,0.0126885883510112,-2.016220092773437,4.65081787109375,5.414108276367188,0.2826385498046875,1.2217254638671875,-4.439498901367188
2025-09-11,12,2,298.7484741210937,292.5941772460937,2.211654663085937,-2.098052978515625,2.5,91256.890625,268.5794677734375,283.592529296875,292.2840576171875,0.0050832442939281,0.0083503797650337,0.0128312744200229,1.8921966552734373,6.4410400390625,5.61944580078125,-1.444976806640625,-0.1583251953125,-5.2093353271484375
2025-09-11,18,3,294.81170654296875,292.1078491210937,1.37738037109375,-1.849334716796875,2.0,91535.234375,267.8969116210937,282.8114013671875,291.9208068847656,0.0048997811973094,0.0071713477373123,0.0120616480708122,0.9265899658203124,6.4071807861328125,6.960983276367188,-2.384613037109375,-1.24920654296875,-3.809722900390625
2025-09-12,0,0,293.9493408203125,292.2138671875,1.9250335693359373,-1.1640625,0.0,91380.28125,267.990234375,283.499755859375,291.2441101074219,0.00452746078372,0.006512276828289,0.0101982504129409,0.815155029296875,6.1149444580078125,5.5530548095703125,-1.9683074951171875,-0.79949951171875,-4.499420166015625
2025-09-12,6,1,299.09588623046875,292.6968994140625,2.837066650390625,-2.5725250244140625,1.75,91499.71875,268.609619140625,283.7530517578125,291.2047424316406,0.0044937226921319,0.0060810446739196,0.0126867964863777,0.4876556396484375,3.5442352294921875,4.17144775390625,-1.3687591552734375,-2.3638458251953125,-4.069259643554688
2025-09-12,12,2,298.8782653808594,293.259033203125,1.5249786376953125,-1.5025634765625,5.25,91201.0625,269.0521240234375,282.9327392578125,292.3111877441406,0.0046462453901767,0.007750928401947,0.0128914527595043,-0.3518829345703125,3.0924530029296875,4.37152099609375,0.0890350341796875,-2.052398681640625,-3.5695037841796875
2025-09-12,18,3,294.83123779296875,292.5467529296875,0.426513671875,-1.9656982421875,0.0,91444.359375,269.06024169921875,283.1422119140625,291.488037109375,0.0045075565576553,0.0063456781208515,0.0130609348416328,0.2368927001953125,1.7946624755859375,5.356948852539063,1.407379150390625,-0.3443450927734375,-4.982574462890625
2025-09-13,0,0,294.1548156738281,292.85467529296875,2.3642120361328125,-0.4708709716796875,0.0,91380.046875,269.3734130859375,282.5047607421875,290.24664306640625,0.0046599581837654,0.006684374064207,0.0126871913671493,0.205352783203125,3.0012969970703125,6.6070098876953125,-0.0651397705078125,-1.500732421875,-3.1942901611328125
2025-09-13,6,1,298.43560791015625,293.00030517578125,3.509552001953125,0.4150238037109375,6.25,91483.234375,268.67205810546875,283.4466552734375,290.81011962890625,0.0048560388386249,0.0060750767588615,0.0129922516644001,-0.6992645263671875,2.1012115478515625,5.65948486328125,1.477752685546875,-0.4279022216796875,0.462158203125
2025-09-13,12,2,298.1369934082031,293.82159423828125,0.988250732421875,0.4190826416015625,5.25,91275.390625,270.03778076171875,283.0703125,292.8768310546875,0.003784489352256,0.0056893453001976,0.0116707570850849,2.267852783203125,3.172576904296875,4.080734252929688,2.062728881835937,-1.0636138916015625,0.0694580078125
2025-09-13,18,3,295.15399169921875,293.04754638671875,2.253753662109375,0.4517974853515625,0.0,91465.0625,269.83135986328125,283.3375244140625,291.34783935546875,0.0039817644283175,0.0058158263564109,0.0126589648425579,1.8984375,2.4240264892578125,7.066802978515625,2.603729248046875,-0.041168212890625,-1.8198089599609373
2025-09-14,0,0,294.52264404296875,292.8031616210937,2.083831787109375,0.4840087890625,0.0,91437.78125,269.2269897460937,282.165283203125,291.00506591796875,0.004497654736042,0.0069224350154399,0.0106727071106433,0.4912872314453125,1.3410797119140625,8.015457153320312,2.66973876953125,1.0459442138671875,-1.5024261474609375
2025-09-14,6,1,299.0103759765625,292.792236328125,4.110595703125,-0.9447479248046876,0.0,91471.546875,270.02020263671875,283.0506591796875,291.6794128417969,0.0035887565463781,0.0060022771358489,0.0122357830405235,1.3918304443359375,2.70330810546875,6.127716064453125,2.6058349609375,1.8202667236328125,-1.5073089599609375
2025-09-14,12,2,299.9188232421875,292.8978271484375,1.952545166015625,0.12835693359375,2.25,91299.453125,269.48297119140625,282.3510437011719,293.21405029296875,0.0031925707589834,0.0079597979784011,0.0122616067528724,0.6538238525390625,2.843978881835937,5.009307861328125,-0.0135498046875,-1.39239501953125,0.5631256103515625
2025-09-14,18,3,295.76934814453125,292.7008056640625,2.5496978759765625,0.186859130859375,0.75,91572.84375,269.28643798828125,282.5484619140625,291.19659423828125,0.0033551675733178,0.0077419653534889,0.0131407342851161,-1.455078125,2.049545288085937,7.039810180664063,-1.84356689453125,-0.72137451171875,-0.8092803955078125
2025-09-15,0,0,294.3228759765625,292.8154296875,2.471954345703125,0.3578643798828125,0.0,91390.875,268.70391845703125,282.66754150390625,291.1990966796875,0.0037892307154834,0.0065255314111709,0.0112986378371715,-5.5003662109375,3.1237030029296875,6.759323120117188,-0.4491424560546875,0.8173980712890625,-0.2579193115234375
2025-09-15,6,1,298.82159423828125,293.07891845703125,4.015869140625,0.1740264892578125,7.0,91477.28125,268.5167541503906,283.5556030273437,292.0032958984375,0.0036062232684344,0.0056646615266799,0.0120987854897975,-5.395660400390625,3.4198760986328125,6.5815277099609375,1.229644775390625,0.3704071044921875,-0.5462646484375
2025-09-15,12,2,299.6177978515625,293.386474609375,2.209014892578125,0.19122314453125,0.0,91191.34375,268.7587280273437,283.2087097167969,292.8338623046875,0.0034477966837584,0.0089842453598976,0.0128655359148979,-2.3248443603515625,6.651046752929688,6.259033203125,1.0460052490234375,-3.31658935546875,-0.7726898193359375
2025-09-15,18,3,294.8792724609375,293.6839599609375,1.6685791015625,-0.1363525390625,7.0,91533.375,267.8090209960937,282.6707763671875,290.916015625,0.0034425491467118,0.0101576466113328,0.0139298029243946,-1.28240966796875,2.960311889648437,6.0424652099609375,-0.29400634765625,-1.339508056640625,-1.619781494140625
2025-09-16,0,0,295.0357360839844,293.50634765625,2.4483184814453125,0.3715057373046875,2.5,91352.3125,268.1171875,282.94940185546875,291.017822265625,0.0040281228721141,0.0099623948335647,0.0125644747167825,-0.28173828125,3.6254730224609375,6.981613159179688,-1.973876953125,-0.924591064453125,-1.8853759765625
2025-09-16,6,1,297.8944702148437,294.3726501464844,3.5286865234375,-0.884796142578125,3.625,91474.078125,268.2197265625,283.56121826171875,291.3848876953125,0.0041721351444721,0.0101452730596065,0.0135415503755211,0.0787200927734375,3.701416015625,5.364990234375,-2.7042999267578125,0.492767333984375,-1.5142822265625
2025-09-16,12,2,298.6829528808594,294.75006103515625,2.2091522216796875,-0.476715087890625,353.0,91233.265625,268.9471435546875,283.0489501953125,292.2935791015625,0.0043170601129531,0.0096445493400096,0.014159683138132,-2.329925537109375,5.1510772705078125,6.0717315673828125,-2.39849853515625,-0.365142822265625,-1.3858489990234375
2025-09-16,18,3,295.5107421875,293.768798828125,2.0673065185546875,0.028717041015625,26.0,91494.71875,268.8753967285156,282.763427734375,290.75018310546875,0.0046401321887969,0.0099705010652542,0.0141464434564113,-0.6475830078125,3.614700317382813,6.435150146484375,-1.1014862060546875,-1.0356292724609375,-2.998031616210937
2025-09-17,0,0,294.71392822265625,293.88677978515625,1.5345458984375,-0.1333770751953125,6.0,91307.4375,269.36688232421875,283.0273132324219,290.6333312988281,0.0040556490421295,0.0101493261754512,0.0135133527219295,1.5873565673828125,4.260528564453125,6.0086822509765625,0.56988525390625,-1.135284423828125,-3.88702392578125
2025-09-17,6,1,296.0233459472656,293.889404296875,3.234832763671875,-0.88800048828125,33.5,91531.171875,268.798583984375,283.0589599609375,290.7545166015625,0.0043590068817138,0.0103700570762157,0.0136363320052623,1.370941162109375,2.81640625,4.98187255859375,-2.44830322265625,-0.8058013916015625,-2.4180450439453125
2025-09-17,12,2,298.7187194824219,294.4808349609375,0.868438720703125,-0.4851837158203125,416.125,91208.921875,268.9053955078125,283.2009582519531,293.284912109375,0.005224835127592,0.0101352222263813,0.013685654848814,-1.254364013671875,4.0430755615234375,4.2438812255859375,-4.39801025390625,-0.09088134765625,-1.448455810546875
2025-09-17,18,3,294.734619140625,293.68414306640625,2.415679931640625,0.696258544921875,166.75,91496.515625,268.84375,282.96734619140625,290.4367370605469,0.0049345903098583,0.0101747848093509,0.0144251845777034,-2.8984375,4.3046417236328125,7.299179077148437,-2.9882354736328125,-1.535400390625,-0.9864654541015624
2025-09-18,0,0,295.08355712890625,293.69000244140625,2.614120483398437,0.3260955810546875,64.25,91326.75,269.0723876953125,283.8602905273437,290.4958190917969,0.005207922309637,0.0097147934138774,0.0133567526936531,-2.0601348876953125,5.336822509765625,8.581893920898438,2.921539306640625,-0.66253662109375,-2.0160369873046875
2025-09-18,6,1,298.4466247558594,293.4006652832031,4.476333618164063,-1.209564208984375,25.0,91466.484375,269.0507507324219,282.9057006835937,291.0663452148437,0.0046031847596168,0.0096976514905691,0.0136875882744789,-2.1103515625,5.517974853515625,7.1392974853515625,2.803009033203125,-0.7270050048828125,-2.351318359375
2025-09-18,12,2,297.7543334960937,294.045166015625,2.981185913085937,-0.3848114013671875,218.125,91182.296875,269.6109924316406,283.2338562011719,292.0267333984375,0.0047933347523212,0.0102387033402919,0.0145062990486621,-0.524078369140625,5.9167022705078125,7.471054077148437,2.549423217773437,-3.47247314453125,-2.979583740234375
2025-09-18,18,3,294.7076416015625,293.30523681640625,2.043930053710937,0.3101959228515625,129.375,91588.125,268.560791015625,282.544921875,290.14892578125,0.0054554194211959,0.0098316147923469,0.0139183290302753,4.430953979492188,4.9161224365234375,8.47198486328125,-2.5364532470703125,-1.6035308837890625,-2.872650146484375
2025-09-19,0,0,294.375,292.8084411621094,2.5147705078125,0.2029571533203125,33.0,91408.625,268.47149658203125,283.59478759765625,291.0702209472656,0.0048325285315513,0.0081359297037124,0.0109851472079753,3.0727996826171875,3.96337890625,6.85125732421875,-4.9798736572265625,-1.96649169921875,-2.1395263671875
2025-09-19,6,1,298.49639892578125,293.3317565917969,3.87628173828125,-0.26983642578125,14.75,91569.65625,267.958251953125,283.06591796875,289.851806640625,0.0047078542411327,0.0076901167631149,0.0134587809443473,-6.750167846679688,8.35009765625,5.90997314453125,-4.79412841796875,-1.1598968505859375,-0.865478515625
2025-09-19,12,2,298.05615234375,293.57550048828125,2.01171875,0.9925384521484376,130.75,91305.4375,269.112060546875,282.9255065917969,291.9139099121094,0.0042104087769985,0.0086070038378238,0.0126466006040573,-4.4329681396484375,7.023468017578125,8.221893310546875,-3.4497528076171875,-2.46490478515625,-1.4822998046875
2025-09-19,18,3,294.4993896484375,293.0929260253906,2.683746337890625,-0.050048828125,17.75,91584.65625,268.4555969238281,282.7231140136719,290.676025390625,0.0048527270555496,0.0083385370671749,0.0127446576952934,-4.79998779296875,4.63775634765625,8.953262329101562,-2.5448455810546875,-3.614166259765625,-3.4736328125
2025-09-20,0,0,293.8067626953125,292.6797180175781,3.1059722900390625,-0.7019195556640625,12.5,91384.828125,268.30438232421875,282.7089233398437,290.7666015625,0.004903707653284,0.0099969692528247,0.0114003829658031,0.8334197998046875,3.120346069335937,11.711654663085938,-3.64984130859375,-4.2281494140625,-5.6712646484375
2025-09-20,6,1,298.31866455078125,293.318603515625,3.525863647460937,-1.01068115234375,9.75,91546.625,268.82037353515625,282.60675048828125,290.439697265625,0.0048469076864421,0.0103389583528041,0.0123503878712654,-0.2945556640625,3.132354736328125,8.517349243164062,-6.654067993164063,-1.5567626953125,-3.5271759033203125
2025-09-20,12,2,298.22021484375,294.16766357421875,2.379486083984375,-0.5882110595703125,22.0,91253.40625,269.180908203125,283.0873413085937,291.8565368652344,0.0039178454317152,0.0095289349555969,0.0132146030664443,-2.54010009765625,5.122100830078125,7.960968017578125,-4.968170166015625,-1.85565185546875,-3.8708648681640634
2025-09-20,18,3,294.7573547363281,293.5292053222656,2.65216064453125,-0.474700927734375,1.875,91477.265625,268.366943359375,283.039794921875,290.83673095703125,0.0038153177592903,0.0096929520368576,0.0135224089026451,-4.463897705078125,2.847396850585937,8.410415649414062,-1.332366943359375,-5.081344604492188,-4.599777221679688
2025-09-21,0,0,294.7228698730469,293.03271484375,2.9629669189453125,-0.465545654296875,6.125,91334.46875,268.9029541015625,282.35992431640625,290.43817138671875,0.0039279591292142,0.0100100152194499,0.0117618665099143,-1.4646148681640625,2.90875244140625,9.34429931640625,-2.2637939453125,-4.883514404296875,-5.6905670166015625
2025-09-21,6,1,298.57635498046875,293.00567626953125,4.142745971679688,-1.7913818359375,0.875,91426.234375,268.7692565917969,283.1041259765625,291.537841796875,0.004592690616846,0.0097987987101078,0.0129085183143615,-1.30279541015625,1.609405517578125,7.00701904296875,-3.961349487304688,-3.052978515625,-3.23577880859375
2025-09-21,12,2,298.7802124023437,294.2305603027344,2.0812225341796875,-0.16015625,97.5,91145.96875,269.72576904296875,283.4420166015625,292.80145263671875,0.0038876903709024,0.0095870606601238,0.01359798386693,1.5617218017578125,2.1503143310546875,5.722625732421875,-2.2806549072265625,-1.36163330078125,-2.1528778076171875
2025-09-21,18,3,295.44732666015625,293.7387390136719,2.725372314453125,-0.2805938720703125,27.875,91464.015625,269.8344116210937,282.5963134765625,291.05419921875,0.0035260077565908,0.0099840722978115,0.0138560943305492,-0.8759613037109375,2.965118408203125,8.060150146484375,-1.36798095703125,-1.876953125,-2.8124237060546875
2025-09-22,0,0,294.4192199707031,293.2683410644531,3.18060302734375,-0.5718841552734375,3.875,91357.0625,268.3621826171875,282.41070556640625,290.0601501464844,0.0044431760907173,0.0098603665828704,0.0116010550409555,0.37261962890625,6.103973388671875,10.131179809570312,-0.2858734130859375,-0.4252777099609375,-5.057708740234375
2025-09-22,6,1,299.0323486328125,292.55816650390625,4.75042724609375,-0.5719757080078125,8.25,91494.484375,268.70361328125,283.501220703125,291.97027587890625,0.0039215795695781,0.008766695857048,0.0121358335018157,1.2733612060546875,6.085540771484375,8.462158203125,0.0164031982421875,-1.5444183349609375,-1.482879638671875
2025-09-22,12,2,299.56719970703125,293.0692138671875,2.943023681640625,0.6194915771484375,33.5,91264.453125,269.5970458984375,282.80126953125,292.2371826171875,0.0032079191878437,0.0099729038774967,0.0132978437468409,2.931640625,6.305572509765625,6.896011352539063,1.8459930419921875,-1.2348480224609375,-1.2363128662109375
2025-09-22,18,3,295.0423583984375,293.499755859375,2.969573974609375,-0.327850341796875,14.0,91583.53125,269.3229675292969,282.7719116210937,290.4045715332031,0.0036657170858234,0.0100865997374057,0.0134868286550045,2.3764801025390625,6.616012573242188,10.128555297851562,0.3475189208984375,-1.4562530517578125,-2.776107788085937
2025-09-23,0,0,294.7516174316406,293.344970703125,3.14935302734375,0.8068389892578125,8.0,91470.546875,268.5672607421875,282.6024475097656,289.657470703125,0.0043614506721496,0.0099091632291674,0.0136524401605129,3.9543609619140634,8.36639404296875,10.7584228515625,-0.396881103515625,-0.7118682861328125,-3.171493530273437
2025-09-23,6,1,298.625244140625,293.4193115234375,5.3777923583984375,-1.0742645263671875,2.5,91576.09375,269.4867248535156,282.8592529296875,290.6014709472656,0.0041615404188632,0.0098632685840129,0.0137267671525478,4.5882415771484375,9.90289306640625,9.048431396484377,0.4791717529296875,-1.4998779296875,-2.1770172119140625
2025-09-23,12,2,297.04010009765625,294.3575439453125,3.1468048095703125,-0.9141082763671876,82.75,91302.578125,269.0011291503906,283.0058898925781,291.45562744140625,0.0049963071942329,0.0096000246703624,0.0132626332342624,5.810562133789063,11.928115844726562,9.784759521484377,1.370513916015625,-3.046981811523437,-4.6048126220703125
2025-09-23,18,3,294.5570678710937,293.72637939453125,3.13592529296875,-0.6222076416015625,1.5,91540.625,268.47808837890625,283.03155517578125,290.44012451171875,0.0051190964877605,0.0085625685751438,0.0129517987370491,5.610198974609375,11.739349365234377,10.465805053710938,-2.8524627685546875,-3.4919891357421875,-5.5364837646484375
2025-09-24,0,0,294.44970703125,292.81103515625,3.5255126953125,-0.0498046875,2.75,91372.546875,269.2823791503906,282.89654541015625,289.1195068359375,0.0042281299829483,0.0080829411745071,0.0118493549525737,6.4455108642578125,12.674209594726562,11.217864990234377,1.2703399658203125,-5.556671142578125,-4.320114135742188
2025-09-24,6,1,297.90875244140625,292.0740051269531,5.680389404296875,-1.6429595947265625,1.5,91516.390625,269.0081787109375,282.07421875,290.942626953125,0.0039824694395065,0.0095402933657169,0.0121436826884746,8.468429565429688,13.33099365234375,9.93505859375,0.4642791748046875,-4.5355224609375,-3.1629180908203125
2025-09-24,12,2,296.5013122558594,293.90576171875,3.42425537109375,-1.2762451171875,122.0,91155.328125,269.4600524902344,282.176025390625,291.23590087890625,0.0045378617942333,0.0100927986204624,0.0132572129368782,12.00323486328125,11.36065673828125,8.92236328125,-3.796340942382813,-4.3098907470703125,-3.03875732421875
2025-09-24,18,3,294.4228515625,293.1778869628906,3.3170623779296875,0.28082275390625,10.75,91392.578125,268.807861328125,282.93975830078125,290.39923095703125,0.0043831504881381,0.0082440339028835,0.0132493935525417,6.744903564453125,10.901565551757812,10.684738159179688,-4.9736328125,-5.51629638671875,-0.68316650390625
2025-09-25,0,0,294.742431640625,293.160888671875,3.70831298828125,0.404815673828125,2.25,91248.453125,268.6801452636719,283.23101806640625,289.7059936523437,0.0042401924729347,0.0077676251530647,0.0128946043550968,6.1612701416015625,9.549224853515623,11.593826293945312,-3.48773193359375,-5.7306671142578125,-3.6839752197265625
2025-09-25,6,1,298.7473449707031,293.58123779296875,5.1101837158203125,-0.8246002197265625,10.375,91350.421875,268.6251220703125,282.9395751953125,291.34234619140625,0.0041332654654979,0.00895881280303,0.0134152844548225,5.771652221679688,9.70672607421875,8.875717163085938,-0.93585205078125,-4.6949310302734375,-1.876007080078125
2025-09-25,12,2,297.6922607421875,294.18475341796875,2.7287139892578125,-0.309417724609375,194.75,91092.921875,268.9808959960937,283.12548828125,291.6550598144531,0.0051857493817806,0.0093976333737373,0.0145081058144569,8.398056030273438,9.266189575195312,8.39971923828125,-4.9107513427734375,-6.6639556884765625,-4.276657104492188
2025-09-25,18,3,294.1959228515625,293.37213134765625,3.10455322265625,-0.3210906982421875,0.25,91376.78125,268.9589538574219,282.4582824707031,290.2063903808594,0.0047869165427982,0.0086286962032318,0.0128442235291004,5.759521484375,10.505355834960938,11.097366333007812,-4.463287353515625,-6.450958251953125,-5.1717071533203125
2025-09-26,0,0,294.2626037597656,292.6432800292969,3.661575317382813,-0.2385711669921875,0.0,91192.34375,269.1151733398437,283.30645751953125,290.12860107421875,0.0046861246228218,0.007975548505783,0.0115917436778545,4.147506713867188,10.896514892578123,13.36358642578125,-3.724533081054688,-5.96441650390625,-6.42401123046875
2025-09-26,6,1,298.6347045898437,291.81964111328125,6.3214111328125,-1.621429443359375,11.0,91295.859375,268.98663330078125,283.04205322265625,291.34881591796875,0.0038380462210625,0.0076201893389225,0.0123115517199039,3.983245849609375,10.02642822265625,11.226425170898438,-1.319580078125,-5.570587158203125,-3.1444549560546875
2025-09-26,12,2,297.9781799316406,291.926513671875,3.2751007080078125,-1.342559814453125,92.875,91098.15625,269.1219482421875,282.07086181640625,292.2934265136719,0.003647977951914,0.0090414509177207,0.012361105531454,4.554443359375,12.165847778320312,10.882400512695312,1.3727264404296875,-3.796585083007813,-4.2968597412109375
2025-09-26,18,3,294.3701171875,292.23260498046875,4.181365966796875,0.9116058349609376,2.0,91392.671875,269.248779296875,282.53424072265625,289.5888671875,0.0036180822644382,0.0082627460360527,0.0135361291468143,3.819854736328125,14.324783325195312,13.3302001953125,0.480072021484375,-2.961395263671875,-0.204315185546875
2025-09-27,0,0,294.69317626953125,292.7101135253906,4.578521728515625,0.431365966796875,9.0,91241.734375,268.858642578125,282.8645324707031,289.5780334472656,0.0036450317129492,0.0085939988493919,0.0137287639081478,4.8078155517578125,15.601638793945312,15.060623168945312,3.3616180419921875,-3.711181640625,-1.3109283447265625
2025-09-27,6,1,298.70684814453125,292.6924743652344,6.04351806640625,0.3606109619140625,42.5,91420.734375,268.8590393066406,282.7220153808594,290.64892578125,0.0041558109223842,0.0088305845856666,0.0136047974228858,5.316329956054688,15.162994384765623,12.116790771484377,4.8821868896484375,-1.5380859375,-0.436248779296875
2025-09-27,12,2,296.63067626953125,293.35675048828125,4.294677734375,-0.1797637939453125,11.5,91214.0625,268.200927734375,283.0262451171875,290.79559326171875,0.0045497752726078,0.007805467583239,0.013009775429964,9.24468994140625,17.426986694335938,12.666030883789062,3.95806884765625,-1.998321533203125,-1.67987060546875
2025-09-27,18,3,294.29425048828125,292.35235595703125,3.8052825927734375,1.0043182373046875,7.5,91452.1875,268.9076538085937,283.97998046875,289.07080078125,0.0043029114603996,0.0074127838015556,0.013285756111145,9.253402709960938,15.913528442382812,13.469512939453123,2.944671630859375,-1.8630218505859373,0.49298095703125
2025-09-28,0,0,295.0643310546875,293.081787109375,4.28106689453125,1.4684906005859375,5.25,91297.859375,269.255126953125,283.89764404296875,289.09722900390625,0.004456365481019,0.0073297321796417,0.0131645016372203,8.3814697265625,16.756271362304688,14.689865112304688,3.2501220703125,-0.387054443359375,2.0426483154296875
2025-09-28,6,1,298.740966796875,292.7366638183594,5.93328857421875,1.747528076171875,19.875,91387.34375,269.12078857421875,284.0732727050781,291.51434326171875,0.0041418485343456,0.0076822116971015,0.0128367990255355,8.088546752929688,15.89715576171875,13.423171997070312,3.41729736328125,-0.4801483154296875,2.57122802734375
2025-09-28,12,2,298.2999267578125,292.9808349609375,4.92041015625,1.2996978759765625,46.5,91179.890625,269.7669982910156,283.27252197265625,292.2259521484375,0.0036480876151472,0.0088636018335819,0.0140702947974205,5.781906127929688,14.497756958007812,13.291671752929688,1.6588592529296875,0.39215087890625,2.7487335205078125
2025-09-28,18,3,294.2715759277344,292.0635986328125,3.57269287109375,1.3000640869140625,2.25,91443.21875,268.3792419433594,284.0133056640625,289.463623046875,0.0037170737050473,0.0063814260065555,0.0134031251072883,5.0782470703125,13.7685546875,13.374786376953123,2.02178955078125,0.5220947265625,1.8166961669921875
2025-09-29,0,0,295.357421875,293.0758361816406,4.118743896484375,1.41583251953125,21.875,91296.359375,268.9061889648437,283.72186279296875,288.99365234375,0.0040622055530548,0.0062179937958717,0.0132113732397556,3.597808837890625,14.190277099609377,14.224685668945312,-0.0792999267578125,-1.1892242431640625,2.36077880859375
2025-09-29,6,1,298.94403076171875,291.9649658203125,7.0674591064453125,0.2760162353515625,13.375,91405.421875,269.0556640625,284.3114013671875,291.7392883300781,0.0039923451840877,0.0051018968224525,0.0128537341952323,4.8732452392578125,13.52557373046875,11.952239990234377,0.8976593017578125,-2.3432159423828125,0.357513427734375
2025-09-29,12,2,298.389892578125,292.39996337890625,3.688720703125,1.4188385009765625,0.0,91184.28125,269.1199035644531,283.06719970703125,292.73846435546875,0.0037308821920305,0.0065065361559391,0.0125873312354087,3.7469482421875,15.114913940429688,11.454620361328123,-0.2282867431640625,-1.2850189208984375,0.9058990478515624
2025-09-29,18,3,294.53375244140625,291.674072265625,3.0678253173828125,0.3108978271484375,0.0,91430.796875,268.96014404296875,284.4453430175781,290.402099609375,0.0035299526061862,0.001970964949578,0.0109392404556274,2.19085693359375,14.23583984375,11.317474365234377,0.4771270751953125,-3.792434692382813,-2.3531036376953125
2025-09-30,0,0,293.15252685546875,291.7354736328125,4.09478759765625,-0.3242950439453125,0.0,91231.53125,268.8538818359375,284.65362548828125,290.5006408691406,0.0036128005012869,0.002998597221449,0.0094419978559017,3.4694976806640625,13.308135986328123,15.33935546875,-0.468719482421875,-6.6433868408203125,-3.50970458984375
2025-09-30,6,1,298.6742248535156,291.5587158203125,5.6336669921875,-0.7886199951171875,4.0,91366.390625,268.6299133300781,284.3202209472656,291.3370361328125,0.0033673783764243,0.0029632509686052,0.0115135461091995,6.2120361328125,10.570449829101562,9.733169555664062,-1.6721343994140625,-5.45294189453125,-1.582733154296875
2025-09-30,12,2,299.1727905273437,292.33642578125,2.56536865234375,0.2248077392578125,0.5,91107.734375,268.9774169921875,282.43463134765625,293.69683837890625,0.0033725826069712,0.0063302591443061,0.0118261612951755,5.480010986328125,10.880783081054688,8.37677001953125,-3.78424072265625,-6.077545166015625,-0.6479034423828125
2025-09-30,18,3,294.85992431640625,291.9561767578125,3.08612060546875,-0.3089752197265625,0.0,91341.859375,268.32830810546875,283.8709716796875,291.2094116210937,0.0036558725405484,0.0063846260309219,0.0117635019123554,3.265594482421875,11.097579956054688,11.08837890625,-4.04364013671875,-5.0860748291015625,-2.6339111328125
2025-10-01,0,0,294.159423828125,292.50103759765625,3.032562255859375,0.215606689453125,1.375,91242.890625,267.934326171875,283.75006103515625,289.7294006347656,0.0037109435070306,0.0040074498392641,0.0113418772816658,3.2777099609375,8.859619140625,11.633224487304688,-4.222198486328125,-5.9801788330078125,-3.648727416992188
2025-10-01,6,1,299.228271484375,292.294677734375,5.637725830078125,-0.2154541015625,7.125,91248.03125,268.633056640625,283.7934265136719,291.852783203125,0.0029811328276991,0.0058312378823757,0.0123236700892448,4.972686767578125,9.7928466796875,10.638153076171877,-3.701141357421875,-6.4474639892578125,-1.123687744140625
2025-10-01,12,2,298.5477905273437,293.2621459960937,2.5002899169921875,0.21160888671875,211.625,91146.609375,268.1677551269531,282.8563842773437,293.009521484375,0.0029979234095662,0.0086241289973258,0.013141956180334,4.362030029296875,10.50970458984375,7.983047485351562,-2.449813842773437,-3.536239624023437,-1.925384521484375
2025-10-01,18,3,295.21270751953125,293.0215759277344,3.049713134765625,0.26019287109375,2.25,91393.046875,268.17938232421875,282.53936767578125,291.0643920898437,0.0028598431963473,0.0082564651966094,0.0124232545495033,4.26434326171875,9.231796264648438,10.37158203125,-1.8255157470703125,-4.64306640625,-2.624359130859375
2025-10-02,0,0,294.152099609375,292.4967956542969,2.529327392578125,0.5960693359375,0.0,91328.0,267.327392578125,283.4472045898437,290.78350830078125,0.0032200480345636,0.0081680007278919,0.012118961662054,5.01092529296875,8.1865234375,11.260284423828123,-2.730453491210937,-5.007965087890625,-2.59613037109375
2025-10-02,6,1,298.7232666015625,293.24188232421875,4.873779296875,-0.4483642578125,25.0,91474.4375,268.0351257324219,283.9527587890625,291.6216735839844,0.0029462240636348,0.0074930973351001,0.0129886996001005,3.959152221679688,7.8510589599609375,8.941574096679688,-2.2339324951171875,-4.0096282958984375,-1.236907958984375
2025-10-02,12,2,299.475341796875,294.50616455078125,2.2739715576171875,0.1474151611328125,300.0,91299.1875,268.3365783691406,282.9449768066406,293.104248046875,0.0030138907022774,0.0088447593152523,0.0134534016251564,4.50006103515625,7.73760986328125,7.017974853515625,-3.865753173828125,-2.8074493408203125,-1.500732421875
2025-10-02,18,3,294.7246398925781,293.35089111328125,2.654876708984375,0.3738250732421875,106.5,91581.015625,267.07098388671875,282.857177734375,291.3326721191406,0.0041227648034691,0.009770868346095,0.0136614218354225,1.77142333984375,6.4857025146484375,9.482452392578123,-3.380355834960937,-3.44476318359375,-1.380279541015625
2025-10-03,0,0,294.45904541015625,293.18798828125,2.0821685791015625,0.1023101806640625,0.125,91521.453125,268.1317138671875,282.4061279296875,291.075439453125,0.0027692688163369,0.0094365663826465,0.0121932588517665,0.2323455810546875,7.252151489257812,8.168411254882812,-2.1443634033203125,-3.239501953125,-2.50390625
2025-10-03,6,1,300.17138671875,293.79412841796875,3.4112091064453125,-0.5090484619140625,35.625,91681.28125,268.047119140625,282.7982482910156,291.61700439453125,0.0026402794755995,0.0082003138959407,0.0129522047936916,-0.51751708984375,5.68023681640625,5.1649932861328125,-1.3985748291015625,-2.4299468994140625,-0.973175048828125
2025-10-03,12,2,300.61688232421875,294.21563720703125,1.334075927734375,-0.5341644287109375,186.25,91416.84375,268.5248413085937,283.3759765625,293.822998046875,0.0038851958233863,0.0084358640015125,0.0132299736142158,0.34844970703125,5.4363555908203125,4.067352294921875,0.0502777099609375,-1.889129638671875,-2.0670166015625
2025-10-03,18,3,295.5725402832031,293.9423828125,1.587646484375,0.2416839599609375,57.625,91698.71875,267.7377319335937,283.4938049316406,292.2052917480469,0.0039804391562938,0.0080277994275093,0.0134676732122898,-1.22210693359375,4.084030151367188,4.981491088867188,-3.0657958984375,-1.8038482666015625,-4.42083740234375
2025-10-04,0,0,293.8750305175781,292.8918151855469,1.66680908203125,0.412750244140625,98.0,91719.875,266.6861877441406,281.5782470703125,290.7118225097656,0.0045114457607269,0.0080383531749248,0.0123940575867891,-1.500579833984375,4.3233795166015625,4.8209991455078125,-7.625656127929687,-2.2977294921875,-1.19757080078125
2025-10-04,6,1,297.87109375,293.301025390625,1.8123016357421875,0.5034332275390625,175.625,91858.546875,266.97882080078125,282.45220947265625,291.52691650390625,0.0044296011328697,0.0070671364665031,0.0108950249850749,-5.9789581298828125,4.333053588867188,4.38427734375,-9.0560302734375,-2.434783935546875,-1.2715911865234375
2025-10-04,12,2,297.4036865234375,293.85968017578125,2.116607666015625,-0.07354736328125,75.0,91421.609375,267.777587890625,283.831787109375,292.1396179199219,0.0046367570757865,0.0060882531106472,0.0126203335821628,-6.518280029296875,6.8249053955078125,5.359771728515625,2.4938201904296875,-3.0740509033203125,-2.700653076171875
2025-10-04,18,3,295.152099609375,293.3415222167969,1.2269744873046875,1.1207122802734375,403.0,91758.71875,267.3148498535156,283.09588623046875,291.5654602050781,0.0039124838076531,0.0062435753643512,0.0139620266854763,-5.3000335693359375,3.499664306640625,4.464645385742188,6.483612060546875,-3.45458984375,-2.476470947265625
2025-10-05,0,0,295.28338623046875,293.6048583984375,1.296875,-0.5774078369140625,249.125,91649.484375,266.4085693359375,282.10009765625,290.60406494140625,0.0039368672296404,0.0062242187559604,0.0137352608144283,-1.9391632080078125,3.5341796875,3.09576416015625,4.550827026367188,-1.270172119140625,-2.8351593017578125
2025-10-05,6,1,299.3579406738281,293.13885498046875,2.6782379150390625,-0.573577880859375,40.75,91746.4375,267.7974853515625,282.33624267578125,291.6396484375,0.0036965855397284,0.0063410811126232,0.0124286003410816,-3.7497406005859375,3.846359252929688,3.93017578125,3.464218139648437,-0.71533203125,-0.9940338134765624
2025-10-05,12,2,299.48199462890625,292.8316955566406,1.224090576171875,0.4051666259765625,108.0,91395.03125,267.2373962402344,282.4586181640625,293.9771728515625,0.0043286830186843,0.0075819566845893,0.0116894133388996,-2.8396759033203125,3.5791473388671875,4.35888671875,3.46160888671875,-1.1269378662109375,-1.7051544189453125
2025-10-05,18,3,294.5971069335937,291.8802185058594,1.7952728271484375,0.5108642578125,119.5,91715.78125,268.1043395996094,281.98565673828125,291.623779296875,0.0031344343442469,0.0076966509222984,0.0126244127750396,-1.644439697265625,0.896942138671875,5.309005737304688,3.15826416015625,-0.9036865234375,-3.3930206298828125
2025-10-06,0,0,294.0260009765625,292.27618408203125,1.50042724609375,-1.14959716796875,2.375,91628.078125,267.5859069824219,281.56036376953125,290.42889404296875,0.0048792771995067,0.0076438263058662,0.0122772399336099,-0.6068878173828125,2.823822021484375,4.26416015625,3.469955444335937,2.0110015869140625,-3.139511108398437
2025-10-06,6,1,298.79071044921875,291.8871459960937,1.892486572265625,-2.024322509765625,0.0,91797.734375,268.1337890625,281.9016418457031,290.5132751464844,0.0044260434806346,0.0058531574904918,0.0120940655469894,-0.11724853515625,1.0047149658203125,2.751983642578125,1.5814971923828125,0.369659423828125,-3.1800994873046875
2025-10-06,12,2,298.97955322265625,291.405517578125,0.7826690673828125,-0.938751220703125,0.0,91489.875,268.2025756835937,282.3510131835937,292.91778564453125,0.0040371785871684,0.0057130642235279,0.0115044824779033,1.90185546875,1.137481689453125,2.4868927001953125,-0.694610595703125,1.214996337890625,-2.482162475585937
2025-10-06,18,3,294.4420166015625,290.84228515625,0.348724365234375,-1.92510986328125,0.0,91725.859375,268.6356811523437,282.19683837890625,292.25738525390625,0.003556883893907,0.0052100010216236,0.0106607787311077,0.23809814453125,-0.015045166015625,2.3170166015625,-1.5735321044921875,1.041107177734375,-6.17681884765625
2025-10-07,0,0,293.47906494140625,291.1116027832031,1.0714111328125,-1.9749298095703125,0.0,91607.296875,268.00079345703125,282.63751220703125,291.1249084472656,0.0033500918652862,0.004966851323843,0.0108005162328481,0.45794677734375,0.4448089599609375,0.2042999267578125,-1.3430633544921875,1.1803436279296875,-5.3676605224609375
2025-10-07,6,1,300.1914367675781,292.0761413574219,0.968963623046875,-1.390350341796875,0.0,91748.375,267.7580871582031,282.5755310058594,291.6090087890625,0.0031077058520168,0.0058358460664749,0.0121707692742347,-0.2593231201171875,-0.96978759765625,1.1176300048828125,-2.44415283203125,1.1551666259765625,-1.962493896484375
2025-10-07,12,2,300.62127685546875,291.3531494140625,0.6146240234375,-0.414154052734375,0.0,91464.90625,269.00030517578125,282.32330322265625,293.4896240234375,0.0022924544755369,0.0077426508069038,0.011783730238676,-1.4457855224609375,-0.7365264892578125,1.8492279052734373,-0.122344970703125,0.1420745849609375,-1.995361328125
2025-10-07,18,3,295.5790405273437,292.6375732421875,-0.3948211669921875,-1.50616455078125,1.0,91701.15625,268.17156982421875,281.8948974609375,292.7237548828125,0.0026987292803823,0.0083363763988018,0.0118851922452449,-0.3427734375,-3.5947418212890625,-1.560455322265625,1.4862823486328125,1.15216064453125,-4.1734771728515625
2025-10-08,0,0,295.26885986328125,291.9188842773437,-0.34033203125,-1.1914215087890625,35.5,91585.171875,268.13494873046875,281.68414306640625,291.0834350585937,0.0026560607366263,0.0092526711523532,0.0129754170775413,1.3695831298828125,-3.441192626953125,-3.6875152587890634,1.1298980712890625,0.6791839599609375,-4.557769775390625
2025-10-08,6,1,299.6776123046875,293.1400146484375,-1.3611602783203125,0.19561767578125,719.0,91698.875,268.59686279296875,282.8124694824219,291.32000732421875,0.0025241100229322,0.0084263198077678,0.0143962744623422,-1.43377685546875,-0.573944091796875,-2.137481689453125,-0.594879150390625,2.976425170898437,0.0813751220703125
2025-10-08,12,2,296.7806396484375,294.30743408203125,-1.35992431640625,-0.1746368408203125,873.875,91452.6875,268.54376220703125,282.35223388671875,292.2337646484375,0.0044459020718932,0.0091645903885364,0.0139236822724342,-3.518157958984375,0.5198516845703125,-1.0789337158203125,-0.8730926513671875,1.431549072265625,1.2526092529296875
2025-10-08,18,3,294.6351928710937,293.4544372558594,0.2812652587890625,-0.4264678955078125,383.0,91764.890625,268.2640991210937,282.1121520996094,291.3155822753906,0.0033044402953237,0.0096293129026889,0.0132905952632427,-2.421295166015625,-0.1361236572265625,-0.18023681640625,-0.0482635498046875,-0.5930938720703125,1.7318267822265625
2025-10-09,0,0,295.1053466796875,293.04461669921875,1.1557464599609375,0.031494140625,149.875,91662.328125,267.54986572265625,282.0805053710937,290.064697265625,0.00327028776519,0.0092848092317581,0.0131939724087715,-1.609893798828125,-2.42498779296875,1.014739990234375,-0.77783203125,0.0663604736328125,1.2625732421875
2025-10-09,6,1,299.79296875,294.3514099121094,1.2910308837890625,-1.03424072265625,5.625,91693.609375,268.85125732421875,283.173095703125,291.23486328125,0.0025038011372089,0.0087125301361083,0.0133979357779026,-4.8316650390625,-0.291656494140625,1.3732452392578125,-0.7529449462890625,1.718048095703125,-1.322509765625
2025-10-09,12,2,299.6211242675781,294.6529235839844,-0.010162353515625,-1.584625244140625,919.125,91365.9375,269.44024658203125,283.318359375,292.9778747558594,0.0024491273798048,0.0097127109766006,0.0145678371191024,-2.861236572265625,0.7467193603515625,-0.001678466796875,0.4674835205078125,-0.9583282470703124,-2.6140899658203125
2025-10-09,18,3,295.4188842773437,293.8534240722656,0.071868896484375,-1.2510223388671875,213.125,91674.40625,268.63397216796875,282.7726135253906,290.2201232910156,0.004911120980978,0.0087046846747398,0.0139637328684329,-4.177276611328125,0.376495361328125,-1.5262298583984375,3.3446502685546875,-6.1832427978515625,-5.764205932617188
2025-10-10,0,0,294.6126708984375,292.8355712890625,1.255096435546875,-1.08477783203125,206.75,91534.1875,268.397705078125,282.4227905273437,291.902587890625,0.0050450135022401,0.0078918114304542,0.0134687311947345,-0.5268402099609375,-4.430694580078125,-2.6966705322265625,-0.877685546875,-3.551666259765625,-1.65972900390625
2025-10-10,6,1,296.8370361328125,293.9813842773437,0.392669677734375,-3.3025665283203125,8.875,91597.4375,268.61492919921875,283.3375244140625,291.59423828125,0.0036934048403054,0.0073706842958927,0.0132994055747985,2.9338531494140625,-4.793304443359375,-0.56243896484375,7.938629150390625,0.3616790771484375,-4.633026123046875
2025-10-10,12,2,299.95074462890625,294.2656555175781,-1.4661407470703125,-1.45111083984375,923.875,91344.8125,268.83514404296875,283.51422119140625,291.8890380859375,0.0034281557891517,0.0086624473333358,0.0144786052405834,3.6491546630859375,-4.054656982421875,-2.048980712890625,1.4670562744140625,-0.2625732421875,-2.584075927734375
2025-10-10,18,3,295.00933837890625,293.6122436523437,-1.8126983642578125,-0.29022216796875,382.125,91581.5,268.4413757324219,282.7381896972656,291.4169311523437,0.0044708959758281,0.0083503797650337,0.014517392963171,0.4674224853515625,-4.8202972412109375,-4.578338623046875,-1.1978302001953125,0.0119171142578125,3.620559692382813
2025-10-11,0,0,294.3717041015625,292.92822265625,0.170654296875,-0.4987945556640625,30.25,91476.046875,268.41925048828125,282.1835021972656,290.89617919921875,0.0039565647020936,0.0088102258741855,0.0132414661347866,-3.0850830078125,-2.260345458984375,0.064239501953125,1.0657958984375,0.28997802734375,1.989288330078125
2025-10-11,6,1,299.01055908203125,293.87860107421875,1.0421295166015625,-1.363067626953125,473.5,91580.703125,268.78680419921875,281.85205078125,291.5894775390625,0.0030557489953935,0.0092862881720066,0.0134804211556911,-3.32501220703125,-2.01654052734375,0.4336700439453125,4.259246826171875,0.44775390625,-1.7591705322265625
2025-10-11,12,2,297.690185546875,294.0985412597656,-1.0056304931640625,-2.853240966796875,61.625,91340.296875,269.2227783203125,283.0956115722656,291.9141845703125,0.0019820767920464,0.0084917098283767,0.013698074966669,-1.2635650634765625,0.834930419921875,-2.3389892578125,2.838165283203125,0.520660400390625,-7.10003662109375
2025-10-11,18,3,294.6421203613281,293.4613647460937,-1.230743408203125,-0.5529022216796875,82.0,91580.59375,267.9999694824219,281.86798095703125,291.6683959960937,0.0026531799230724,0.0094554051756858,0.011568397283554,-0.937530517578125,-0.170013427734375,-5.4964141845703125,1.1652069091796875,-2.2815093994140625,-5.293365478515625
2025-10-12,0,0,293.5189208984375,291.3211975097656,-1.297821044921875,-1.234649658203125,0.0,91448.4375,269.15997314453125,282.22576904296875,291.7489013671875,0.0026653602253645,0.0091956704854965,0.008669801056385,-1.55987548828125,-1.170318603515625,-4.4558868408203125,1.2036285400390625,-0.37841796875,-6.10784912109375
2025-10-12,6,1,300.6820678710937,292.1390686035156,-2.1846466064453125,-1.835205078125,0.0,91481.46875,270.1294860839844,283.5274658203125,292.213134765625,0.0028743047732859,0.0083278715610504,0.0119190886616706,-1.7108306884765625,-2.562591552734375,-3.380706787109375,0.95806884765625,-1.0909271240234375,-2.855316162109375
2025-10-12,12,2,300.4052734375,292.6778869628906,-1.0611572265625,-0.5188446044921875,2.875,91259.15625,269.83941650390625,283.98883056640625,294.180908203125,0.0030228397808969,0.0069310031831264,0.0118727087974548,-3.33038330078125,-0.886077880859375,-3.34942626953125,-2.642120361328125,-2.6857452392578125,-1.822113037109375
2025-10-12,18,3,295.299560546875,291.96807861328125,-1.0770111083984375,-0.7765960693359375,11.875,91565.515625,268.6990966796875,283.21954345703125,292.7834167480469,0.0030121151357889,0.0046143978834152,0.0122632905840873,-5.774673461914063,-2.3130035400390625,-2.836532592773437,-3.215087890625,-2.1019287109375,-0.4162445068359375
2025-10-13,0,0,293.80535888671875,292.40740966796875,-0.059295654296875,-0.847320556640625,18.25,91442.546875,269.2870788574219,282.465087890625,291.4218139648437,0.0034044387284666,0.0054475031793117,0.0127991214394569,-7.116363525390625,-1.8675994873046875,0.2600555419921875,-0.5808868408203125,-1.3292999267578125,-2.5627899169921875
2025-10-13,6,1,299.8347473144531,292.0379638671875,0.8462371826171875,-3.67724609375,0.0,91486.140625,268.9627685546875,284.4006652832031,292.39337158203125,0.0038736457936465,0.0055796392261981,0.01245778799057,-7.402557373046875,-0.1512298583984375,1.177764892578125,1.7283782958984375,0.288360595703125,-5.3735198974609375
2025-10-13,12,2,299.8825378417969,292.2068176269531,-0.4237518310546875,-2.2298736572265625,3.125,91302.390625,268.9781799316406,282.6436767578125,293.9125671386719,0.003380361944437,0.0085507780313491,0.0115755908191204,-4.6161041259765625,-3.6485443115234375,-0.931427001953125,2.5821075439453125,-1.58441162109375,-6.849151611328125
2025-10-13,18,3,295.7253112792969,293.348876953125,-1.7065582275390625,-1.1155548095703125,13.375,91510.671875,268.80975341796875,282.5938720703125,291.6112060546875,0.0035150893963873,0.0095827803015708,0.0135865956544876,-3.643142700195313,-3.2711334228515625,-3.2588043212890625,-0.1358642578125,-2.66534423828125,-6.635955810546875
2025-10-14,0,0,294.63409423828125,293.1268615722656,-1.97625732421875,-0.9806976318359376,0.0,91265.578125,269.1501159667969,283.060791015625,291.560302734375,0.0035463445819914,0.0096263922750949,0.0129166971892118,-2.330108642578125,-3.85015869140625,-6.225830078125,-1.3933563232421875,-2.004638671875,-4.01690673828125
2025-10-14,6,1,299.62664794921875,293.429443359375,-4.02227783203125,-0.3669281005859375,1.0,91360.46875,269.3380126953125,283.95367431640625,292.5019226074219,0.0027757135685533,0.0087293200194835,0.01322016492486,-4.082687377929688,-6.908981323242188,-6.99176025390625,-1.456207275390625,0.4331207275390625,-0.5265350341796875
2025-10-14,12,2,298.73681640625,293.81744384765625,-1.9485626220703125,0.1676788330078125,225.0,91158.59375,269.00836181640625,283.80157470703125,292.6434936523437,0.0023890887387096,0.0098041482269763,0.014077965170145,-5.674118041992188,-4.97265625,-5.812545776367188,-1.498382568359375,1.769989013671875,1.295867919921875
2025-10-14,18,3,295.226806640625,293.2406616210937,-1.680908203125,0.824493408203125,186.125,91372.859375,268.9472351074219,282.8730773925781,290.90997314453125,0.0032172878272831,0.0101807005703449,0.014952216297388,-7.29486083984375,-5.072113037109375,-4.5988311767578125,0.5101470947265625,1.9406890869140625,3.31134033203125
2025-10-15,0,0,295.3762512207031,293.7742614746094,-1.944244384765625,-0.0606689453125,3.375,91239.234375,268.8251953125,283.07489013671875,290.92999267578125,0.0029798212926834,0.0091296173632144,0.0123332254588603,-8.593231201171875,-5.65460205078125,-4.556915283203125,2.90338134765625,1.528656005859375,1.4238739013671875
2025-10-15,6,1,299.794189453125,293.1378173828125,-2.7192535400390625,-0.3367919921875,5.5,91398.0625,269.760009765625,282.3801574707031,291.19317626953125,0.0054754354059696,0.0097964219748973,0.0128055997192859,-7.1612701416015625,-7.21527099609375,-4.3651885986328125,3.972320556640625,0.1344451904296875,-0.7161102294921875
2025-10-15,12,2,297.7449645996094,293.87701416015625,-1.6077728271484375,-0.7978057861328125,159.25,91158.984375,269.65740966796875,283.57537841796875,291.86334228515625,0.0049848929047584,0.0098692514002323,0.0138213150203228,-7.132736206054688,-6.5888519287109375,-6.240158081054688,4.297286987304688,-0.98590087890625,-1.7872161865234375
2025-10-15,18,3,295.0599365234375,293.98345947265625,-1.7525787353515625,-0.6719512939453125,65.125,91421.984375,268.2841186523437,283.2222595214844,291.2401733398437,0.0042006089352071,0.0095596686005592,0.0133491344749927,-6.8973541259765625,-7.141036987304688,-9.409774780273438,3.885208129882813,-1.946624755859375,-1.3289642333984375
2025-10-16,0,0,294.9962158203125,293.2515563964844,-2.8474578857421875,-1.3981781005859375,1.125,91196.703125,268.5681457519531,284.26025390625,290.8117980957031,0.0031813725363463,0.0086343847215175,0.0133195705711841,-4.9068756103515625,-8.104827880859375,-11.343017578125,2.095367431640625,-1.49078369140625,-2.204315185546875
2025-10-16,6,1,298.77410888671875,294.0071105957031,-4.88134765625,0.067047119140625,20.375,91342.9375,268.858154296875,284.2108154296875,292.23193359375,0.0030094804242253,0.0083892680704593,0.0139494724571704,-8.9984130859375,-10.92303466796875,-8.417404174804688,0.179290771484375,1.8471527099609373,0.3678436279296875
2025-10-16,12,2,297.4159545898437,294.42352294921875,-2.1556396484375,0.2552490234375,200.5,91212.1875,268.7675170898437,283.8153076171875,291.8801574707031,0.0031305158045142,0.0090611726045608,0.0141231715679168,-9.09344482421875,-6.4875030517578125,-6.2414398193359375,1.0045928955078125,1.5940093994140625,-0.4708709716796875
2025-10-16,18,3,295.1874389648437,294.2477111816406,-1.9136505126953125,-0.5865478515625,56.625,91490.328125,268.8906555175781,283.320556640625,290.97418212890625,0.0027981426101177,0.0087700113654136,0.0144770741462707,-8.365142822265625,-7.490402221679687,-6.893234252929688,2.5865631103515625,2.526824951171875,0.33966064453125
2025-10-17,0,0,295.6119689941406,293.9774169921875,-1.39300537109375,-1.3187255859375,62.875,91385.203125,268.0383605957031,283.15252685546875,291.0401916503906,0.0036883754655718,0.0090639442205429,0.0135389491915702,-7.256011962890625,-6.585372924804688,-5.188934326171875,4.5691986083984375,1.412322998046875,-1.6234283447265625
2025-10-17,6,1,300.1177673339844,293.68048095703125,-4.7379302978515625,-0.458587646484375,89.375,91501.921875,268.9272155761719,284.0038757324219,291.9285583496094,0.0029418622143566,0.0098482742905616,0.014309249818325,-6.731048583984375,-6.203659057617188,-7.890533447265625,4.966705322265625,2.4196014404296875,-0.7434539794921875
2025-10-17,12,2,298.02587890625,294.0086669921875,-2.5086212158203125,-1.425323486328125,293.625,91343.515625,268.27410888671875,283.77978515625,291.7113037109375,0.0037804897874593,0.0097769610583782,0.0138465352356433,-4.1732940673828125,-3.976593017578125,-7.692520141601562,3.387420654296875,-0.90667724609375,-3.148712158203125
2025-10-17,18,3,294.5379638671875,293.33404541015625,-2.5880584716796875,-0.46563720703125,156.625,91542.421875,267.8920288085937,284.7449035644531,290.78485107421875,0.0038384729996323,0.0083240717649459,0.0143901146948337,-4.640472412109375,-5.067108154296875,-10.052993774414062,0.9325103759765624,-0.2195587158203125,-0.337371826171875
2025-10-18,0,0,295.9701843261719,294.29205322265625,-1.9481964111328125,-0.599212646484375,134.25,91437.296875,267.8395080566406,283.8052062988281,289.8577880859375,0.0041784383356571,0.0088779311627149,0.0134715624153614,-6.061080932617188,-5.498687744140625,-8.289703369140625,-1.1456451416015625,1.4354095458984375,1.830230712890625
2025-10-18,6,1,299.3499450683594,294.3685302734375,-3.672332763671875,0.3759307861328125,101.375,91472.46875,268.557373046875,284.26715087890625,292.2421264648437,0.0047075264155864,0.0082190260291099,0.0142128467559814,-5.4429931640625,-6.3755645751953125,-5.931930541992188,-0.359130859375,3.6722259521484375,0.9880828857421876
2025-10-18,12,2,297.5368347167969,294.2106628417969,-1.5263519287109375,-1.054840087890625,269.25,91257.75,268.73858642578125,283.6534729003906,291.849609375,0.0047526806592941,0.0089424327015876,0.0146327838301658,-4.313568115234375,-4.6884765625,-4.5284423828125,-2.4309539794921875,1.976165771484375,-1.8666839599609373
2025-10-18,18,3,294.54669189453125,293.53399658203125,-2.224212646484375,-0.269744873046875,140.0,91440.609375,268.82440185546875,282.87078857421875,291.39129638671875,0.0049531124532222,0.0091750361025333,0.0142104849219322,-3.4313507080078125,-2.630966186523437,-3.38299560546875,1.305694580078125,0.864837646484375,-1.9553985595703125
2025-10-19,0,0,295.17889404296875,293.330078125,-1.579925537109375,-0.6626739501953125,36.25,91324.09375,268.4540100097656,282.9544982910156,291.14044189453125,0.0046035684645175,0.0088044218719005,0.0132501199841499,-2.638656616210937,-3.5687713623046875,-2.4220428466796875,3.46112060546875,1.6838226318359375,0.3198394775390625
2025-10-19,6,1,299.8182373046875,294.84185791015625,-2.023910522460937,0.2757568359375,82.25,91445.015625,268.8050231933594,283.54736328125,291.94775390625,0.0041904598474502,0.0090614296495914,0.0134151689708232,-1.169830322265625,-4.843795776367188,-3.366790771484375,3.401962280273437,1.173004150390625,0.054656982421875
2025-10-19,12,2,299.0576477050781,294.556396484375,-2.1169586181640625,1.1944732666015625,489.625,91158.890625,268.6888427734375,283.27789306640625,293.0450134277344,0.0042295204475522,0.0094695650041103,0.0143151637166738,-1.573150634765625,-2.9366607666015625,-4.792633056640625,1.617645263671875,-0.23626708984375,1.81353759765625
2025-10-19,18,3,295.3371276855469,293.944091796875,-1.4818572998046875,0.171875,170.5,91413.921875,268.44580078125,282.6113586425781,291.0232238769531,0.0040188841521739,0.0094781257212162,0.0145635642111301,-4.177581787109375,-3.933441162109375,-2.987289428710937,0.83221435546875,0.8899993896484375,2.0193023681640625
2025-10-20,0,0,295.3104858398437,293.6119384765625,-1.6302490234375,0.4598846435546875,8.25,91255.1875,267.7742919921875,283.07501220703125,290.38897705078125,0.0044323988258838,0.0083227083086967,0.0137661211192607,-6.53424072265625,-2.6529693603515625,-3.4043426513671875,0.887298583984375,-0.2938690185546875,2.592025756835937
2025-10-20,6,1,299.3410949707031,295.6825866699219,-2.71783447265625,1.0005950927734375,294.5,91339.859375,268.6065673828125,282.932373046875,291.5061950683594,0.0044567473232746,0.0088785281404852,0.0144819095730781,-6.483810424804688,-6.781021118164063,-4.32952880859375,-0.354644775390625,0.0626373291015625,1.20556640625
2025-10-20,12,2,297.37188720703125,294.3661804199219,-2.4048004150390625,-0.113555908203125,145.75,91138.3125,268.9305419921875,283.1959228515625,291.5382080078125,0.0040014237165451,0.0089743174612522,0.0144889019429683,-7.8825531005859375,-6.6175537109375,-6.3487091064453125,0.607391357421875,0.3130950927734375,0.014678955078125
2025-10-20,18,3,295.13250732421875,293.66290283203125,-2.023193359375,-0.399810791015625,31.75,91382.734375,268.8842163085937,283.2968139648437,291.52423095703125,0.0037748054601252,0.0084808245301246,0.0127438865602016,-10.222457885742188,-7.3425750732421875,-7.87664794921875,0.1830902099609375,-2.2179107666015625,-1.5515594482421875
2025-10-21,0,0,294.8199768066406,293.05078125,-1.4209442138671875,-1.0139312744140625,0.0,91254.78125,268.402587890625,282.82623291015625,290.9251403808594,0.0044562853872776,0.0089988820254802,0.0124726220965385,-10.603424072265623,-8.181655883789062,-9.65625,-1.38671875,-2.275634765625,-1.302642822265625
2025-10-21,6,1,297.5216979980469,294.0881652832031,-3.4255828857421875,-1.2072906494140625,166.25,91419.78125,268.9320983886719,282.81304931640625,290.6055908203125,0.0053342096507549,0.0102579481899738,0.0138713251799345,-13.98052978515625,-11.38360595703125,-9.288040161132812,-1.991943359375,-1.56121826171875,-2.69256591796875
2025-10-21,12,2,295.826904296875,293.93310546875,-2.69622802734375,-1.1580963134765625,64.75,91150.453125,269.4298095703125,284.01885986328125,291.07733154296875,0.005166657269001,0.0086763091385364,0.0137099027633667,-17.244338989257812,-10.914077758789062,-10.72943115234375,-0.767242431640625,-1.4705963134765625,-2.460418701171875
2025-10-21,18,3,294.9224548339844,293.830810546875,-1.8181610107421875,-2.761337280273437,44.5,91342.078125,268.9591064453125,283.3982849121094,290.16015625,0.0049390234053134,0.0090140551328659,0.0138045884668827,-16.293899536132812,-12.634002685546877,-10.1119384765625,3.6009521484375,-1.0315093994140625,-5.769927978515625
2025-10-22,0,0,294.8788757324219,293.67266845703125,-3.1637725830078125,-2.86041259765625,16.5,91213.8125,269.7821655273437,283.258544921875,290.0572814941406,0.0053093545138835,0.0100646913051605,0.0138986650854349,-12.467330932617188,-14.838531494140623,-12.337158203125,3.462738037109375,-1.593170166015625,-6.0894927978515625
2025-10-22,6,1,296.8337707519531,294.8067626953125,-3.31610107421875,-2.798080444335937,220.25,91361.515625,269.91363525390625,283.943359375,291.2014465332031,0.005061037838459,0.0112836062908172,0.0152215361595153,-8.518875122070312,-14.703170776367188,-10.807647705078123,3.504989624023437,-1.76953125,-5.1028900146484375
2025-10-22,12,2,296.70733642578125,294.7177124023437,-3.119537353515625,-0.6791839599609375,92.625,91094.703125,269.431884765625,284.1579284667969,291.91033935546875,0.0051486007869243,0.0099804140627384,0.0145017877221107,-0.820037841796875,-6.7257843017578125,-9.744232177734377,3.892425537109375,1.134429931640625,-0.8610992431640625
2025-10-22,18,3,295.22760009765625,294.1532592773437,-0.9210357666015624,0.86669921875,62.25,91382.046875,269.7322692871094,283.8238525390625,290.812744140625,0.0059524253010749,0.011510107666254,0.0149821192026138,-0.066986083984375,-3.0489044189453125,-3.6190185546875,5.0453948974609375,4.802154541015625,2.02825927734375
2025-10-23,0,0,294.331787109375,292.91619873046875,1.08978271484375,0.3946533203125,0.0,91250.65625,268.83514404296875,283.69244384765625,290.75787353515625,0.0050545446574687,0.0096766389906406,0.0127471424639225,-4.382736206054688,4.508026123046875,4.0217132568359375,2.1366424560546875,6.4085693359375,3.4824371337890625
2025-10-23,6,1,299.041015625,293.6702880859375,2.536407470703125,2.82421875,11.625,91438.203125,269.09844970703125,283.5746459960937,291.26031494140625,0.0045079663395881,0.0096595399081707,0.0137745141983032,-2.1113433837890625,3.832931518554688,5.435211181640625,3.915359497070313,5.2761077880859375,5.022994995117188
2025-10-23,12,2,297.9135131835937,293.3684997558594,2.1071014404296875,1.5766754150390625,17.0,91240.3125,269.2115478515625,283.10919189453125,291.5417785644531,0.0044204480946063,0.0090049169957637,0.0130713656544685,-0.5100250244140625,6.7032318115234375,7.2507781982421875,1.8262481689453125,5.058990478515625,5.06988525390625
2025-10-23,18,3,295.10552978515625,291.950439453125,1.6892852783203125,0.7949066162109375,0.0,91515.625,268.66290283203125,283.115234375,290.9911499023437,0.0048088319599628,0.00911171361804,0.0119827128946781,0.2444000244140625,7.260330200195312,4.80419921875,3.7685699462890634,1.9385528564453125,6.125213623046875
2025-10-24,0,0,294.0509948730469,291.6161804199219,2.117462158203125,0.6024169921875,0.0,91377.890625,269.4552001953125,282.8349609375,290.75799560546875,0.0042470805346965,0.0087734684348106,0.0121089853346347,0.88677978515625,10.30645751953125,11.515838623046877,2.8848419189453125,3.671218872070313,7.384735107421875
2025-10-24,6,1,297.5381164550781,293.09356689453125,3.7265472412109375,2.5316162109375,23.0,91569.40625,268.30474853515625,283.4766845703125,290.6788635253906,0.0045196488499641,0.008295364677906,0.0130858346819877,1.1813812255859375,9.024429321289062,7.802352905273437,1.9275054931640625,2.104476928710937,4.527923583984375
2025-10-24,12,2,297.640380859375,292.710693359375,1.9846649169921875,1.11553955078125,11.25,91339.296875,268.861083984375,282.41119384765625,291.33770751953125,0.0041050463914871,0.008976262062788,0.0129177533090114,2.253524780273437,9.327346801757812,7.885101318359375,-0.2790985107421875,1.072967529296875,4.56561279296875
2025-10-24,18,3,294.55145263671875,292.4188232421875,1.7314453125,0.07598876953125,6.0,91536.625,268.09063720703125,283.8502197265625,291.11767578125,0.004405066370964,0.0078292042016983,0.0127947963774204,-1.1477203369140625,7.2698211669921875,8.586135864257812,0.0682220458984375,0.9998931884765624,4.8277435302734375
2025-10-25,0,0,294.2254638671875,291.92840576171875,1.6945953369140625,0.4944000244140625,0.0,91416.03125,269.202392578125,282.32110595703125,290.3852844238281,0.0038711295928806,0.0090010650455951,0.0120383985340595,-0.5908660888671875,3.705764770507813,8.421829223632812,0.5550079345703125,1.5740203857421875,4.14447021484375
2025-10-25,6,1,300.1644287109375,292.156494140625,3.1547088623046875,1.4475250244140625,0.0,91563.765625,268.15057373046875,282.25836181640625,291.240966796875,0.0041915699839591,0.0079531781375408,0.0119616538286209,0.705047607421875,2.729034423828125,5.304840087890625,-1.645111083984375,2.583831787109375,2.39862060546875
2025-10-25,12,2,299.03253173828125,293.72296142578125,0.932861328125,0.733917236328125,0.0,91332.515625,268.7726135253906,282.56353759765625,293.2294921875,0.0033600907772779,0.0065705142915248,0.0114370733499526,2.041015625,4.213531494140625,2.1319580078125,-2.28277587890625,1.3892364501953125,0.411590576171875
2025-10-25,18,3,295.8709716796875,292.448486328125,0.161224365234375,0.931121826171875,36.625,91569.765625,268.6400756835937,281.6505432128906,291.7330322265625,0.0030332030728459,0.0090489611029624,0.0123435370624065,0.5247650146484375,3.461044311523437,3.0450439453125,-2.678009033203125,2.073959350585937,2.73785400390625
2025-10-26,0,0,294.54541015625,292.1365966796875,1.74530029296875,0.5087432861328125,0.0,91381.9375,268.5360717773437,284.2366943359375,291.2403259277344,0.003680131630972,0.0050930641591548,0.010624099522829,-2.1901397705078125,7.369277954101562,7.859100341796875,-2.9079132080078125,1.198822021484375,2.962142944335937
2025-10-26,6,1,300.1707763671875,292.1622314453125,2.1898193359375,0.8050384521484375,0.625,91582.96875,268.2071533203125,282.38153076171875,291.5363464355469,0.0037390363868325,0.0070201382040977,0.0121926963329315,-0.8953094482421875,5.827926635742188,3.5322265625,-0.5956268310546875,-1.2862548828125,1.005126953125
2025-10-26,12,2,299.5062255859375,292.7375183105469,0.9049072265625,0.6681976318359375,53.5,91343.21875,267.943115234375,282.8765869140625,292.95782470703125,0.0031690059695392,0.0081603601574897,0.0124645382165908,2.417877197265625,3.8554840087890634,2.2435455322265625,-1.5471343994140625,-1.4832916259765625,1.5022125244140625
2025-10-26,18,3,296.6964111328125,292.7842712402344,1.546600341796875,-0.488067626953125,0.875,91521.609375,268.41143798828125,281.98651123046875,292.32598876953125,0.0029370116535574,0.0089328549802303,0.0122866742312908,1.0506134033203125,3.001327514648437,3.605682373046875,-1.044952392578125,-1.597137451171875,0.572784423828125
2025-10-27,0,0,295.3768310546875,292.550048828125,2.309844970703125,-0.242706298828125,0.0,91383.3125,268.959228515625,282.6527709960937,291.7807922363281,0.0030669595580548,0.0083217397332191,0.0113493874669075,4.782318115234375,2.1446685791015625,8.308334350585938,-5.115814208984375,-2.929779052734375,1.0826873779296875
2025-10-27,6,1,296.95184326171875,292.99755859375,4.082077026367188,0.3628082275390625,55.125,91593.078125,267.895751953125,282.3250732421875,291.06646728515625,0.0038850572891533,0.0086628273129463,0.0133357625454664,5.9486846923828125,4.0931243896484375,7.609832763671875,-7.324859619140625,-1.3524322509765625,0.6940155029296875
2025-10-27,12,2,295.64990234375,293.06317138671875,3.746505737304688,0.2146148681640625,176.125,91371.4375,268.561279296875,282.4921875,290.89947509765625,0.0042502954602241,0.0089368000626564,0.0121941640973091,3.838470458984375,10.722579956054688,12.179656982421877,-9.7236328125,-2.9698638916015625,-1.3517913818359375
2025-10-27,18,3,294.1698608398437,292.9523010253906,2.988876342773437,-0.8692169189453125,78.375,91451.328125,267.72772216796875,283.2110900878906,291.564697265625,0.0049672648310661,0.0078815855085849,0.0115881003439426,4.834243774414063,12.699020385742188,11.8521728515625,-4.6979827880859375,-2.410888671875,-4.6668853759765625
2025-10-28,0,0,294.1434020996094,292.7826232910156,4.060394287109375,-0.0851898193359375,0.0,91167.25,268.4984130859375,284.23748779296875,291.4953308105469,0.0045073479413986,0.0074823535978794,0.0115663297474384,4.84429931640625,18.11216735839844,15.19854736328125,-4.101486206054688,-5.24395751953125,-1.8031005859375
2025-10-28,6,1,295.839111328125,293.29058837890625,6.242111206054688,0.0749053955078125,154.25,91385.84375,268.0223693847656,282.14306640625,290.9306640625,0.0047248229384422,0.0077904351055622,0.0135879591107368,8.642929077148438,12.536895751953123,12.582931518554688,-4.3351898193359375,-4.233413696289063,-0.65301513671875
2025-10-28,12,2,296.5755920410156,292.9929504394531,3.958328247070313,-0.582183837890625,0.0,91194.828125,267.6659240722656,283.3451538085937,291.372314453125,0.0042655915021896,0.0058784559369087,0.0124058779329061,9.777862548828123,13.992507934570312,13.151458740234377,-6.897018432617188,-2.215606689453125,-1.77685546875
2025-10-28,18,3,294.1097412109375,291.9559326171875,4.54571533203125,0.910736083984375,0.0,91320.71875,268.4416198730469,284.57305908203125,290.6170349121094,0.0047523267567157,0.0036325310356914,0.0121265351772308,6.433563232421875,15.638824462890623,16.369979858398438,-2.516387939453125,-2.846054077148437,0.564453125
2025-10-29,0,0,294.47589111328125,292.5710754394531,3.540802001953125,1.2632904052734375,0.0,91222.15625,269.3085327148437,283.95361328125,289.8182373046875,0.0030930500943213,0.0075136460363864,0.0130662992596626,10.370086669921877,15.264617919921877,15.047348022460938,0.9818267822265624,-2.59423828125,2.336044311523437
2025-10-29,6,1,300.2677001953125,292.0206298828125,6.787872314453125,1.5624542236328125,0.0,91407.390625,269.7049865722656,284.0891418457031,291.0484619140625,0.0030649320688098,0.0025948325637727,0.0128672048449516,11.335464477539062,15.338531494140623,11.609375,-0.504302978515625,2.1235504150390625,2.4907379150390625
2025-10-29,12,2,298.5507202148437,290.7225646972656,4.115142822265625,1.526275634765625,0.0,91201.75,270.94696044921875,284.01568603515625,291.958740234375,0.0031141897197812,0.0036687736865133,0.0120323412120342,7.9438934326171875,13.392181396484377,12.187850952148438,0.39239501953125,2.6756744384765625,2.997909545898437
2025-10-29,18,3,293.898681640625,291.73699951171875,2.577178955078125,1.84881591796875,0.0,91478.9375,269.43975830078125,283.8000183105469,290.81524658203125,0.0034975595772266,0.0023288412485271,0.0095822401344776,5.5616302490234375,11.498397827148438,13.907608032226562,-0.181854248046875,2.754257202148437,3.750686645507813
2025-10-30,0,0,293.8631591796875,291.6915588378906,2.441635131835937,1.3923187255859375,0.0,91384.5625,270.35455322265625,284.0848693847656,290.6519470214844,0.0017789006233215,0.0015707204584032,0.0105069726705551,4.6815338134765625,8.631454467773438,13.83001708984375,4.189865112304688,1.6756591796875,4.4077911376953125
2025-10-30,6,1,300.1828918457031,291.4423217773437,5.023040771484375,2.5273590087890625,6.75,91585.625,270.8709411621094,283.92724609375,291.513427734375,0.0010648225434124,0.0043112877756357,0.011950347572565,4.7316741943359375,8.291275024414062,9.402496337890623,3.8459625244140634,4.203140258789063,4.320953369140625
2025-10-30,12,2,299.58319091796875,290.642578125,1.9653167724609373,0.8988037109375,3.125,91446.09375,272.313232421875,283.5283203125,292.7831420898437,0.0011159949935972,0.0035791827831417,0.0112908221781253,1.0931243896484375,12.471298217773438,7.7465667724609375,2.347503662109375,4.6995697021484375,2.363510131835937
2025-10-30,18,3,293.5424194335937,290.70458984375,1.926422119140625,0.8994140625,0.0,91731.578125,271.57061767578125,283.3201904296875,291.43511962890625,0.0008689910173416,0.0035202279686927,0.0091207027435302,-0.274505615234375,10.057022094726562,5.9667816162109375,3.6507720947265625,4.080352783203125,2.50750732421875
2025-10-31,0,0,292.9500732421875,290.2257080078125,1.0983734130859375,1.760528564453125,0.0,91650.03125,271.4555053710937,283.2680053710937,290.7496337890625,0.0009157927706837,0.0028868052177131,0.0091429539024829,-1.8455810546875,9.754364013671877,8.913818359375,3.840652465820313,3.846038818359375,3.309799194335937
2025-10-31,6,1,300.2169494628906,290.5996398925781,3.070907592773437,2.2579803466796875,0.0,91750.828125,271.9765014648437,283.9656982421875,290.7093811035156,0.0009161562193185,0.0019788248464465,0.0114532932639122,0.0003204345703125,8.735977172851562,5.28106689453125,4.74102783203125,2.64422607421875,3.460693359375
2025-10-31,12,2,299.220458984375,291.80029296875,1.472991943359375,0.9321136474609376,0.0,91531.234375,272.13970947265625,284.876708984375,292.4285888671875,0.0010688775219023,0.0017101590055972,0.0111078135669231,-0.3669281005859375,7.5224761962890625,5.626312255859375,2.294525146484375,0.8526153564453125,2.286102294921875
2025-10-31,18,3,293.4769897460937,290.7085876464844,2.244491577148437,1.0720977783203125,0.0,91748.421875,270.62530517578125,284.9422302246094,291.313232421875,0.0010829293169081,0.0012008498888462,0.0107564851641654,-0.0464019775390625,5.0619964599609375,1.787750244140625,1.1952667236328125,1.2233123779296875,1.0138397216796875
2025-11-01,0,0,293.1916198730469,290.5347595214844,1.781036376953125,1.138916015625,0.0,91646.8125,270.8544311523437,284.9706420898437,291.5101013183594,0.0011253629345446,0.0011648528743535,0.0086279846727848,-0.24652099609375,4.154098510742188,-0.01611328125,-1.7830047607421875,1.2357330322265625,2.4610595703125
2025-11-01,6,1,300.325927734375,288.6452331542969,1.596588134765625,1.073028564453125,0.0,91735.890625,271.1402587890625,284.8451538085937,291.5303649902344,0.0010394204873591,0.0013219227548688,0.0082022137939929,-2.5368804931640625,2.099029541015625,1.9952239990234373,-3.61138916015625,0.484893798828125,1.94805908203125
2025-11-01,12,2,299.7286376953125,290.33837890625,1.595855712890625,0.6124725341796875,0.0,91555.640625,270.105712890625,284.7562866210937,293.1446228027344,0.0010300036519765,0.0014015738852322,0.0090861991047859,-3.0486297607421875,3.264022827148437,2.5114898681640625,-2.797607421875,-0.7655181884765625,-0.783447265625
2025-11-01,18,3,294.7236633300781,288.8760986328125,1.05340576171875,0.1234588623046875,0.0,91739.9375,270.0287780761719,284.48419189453125,293.00799560546875,0.0009911369998008,0.001310360385105,0.0098933055996894,-4.062347412109375,4.3207855224609375,-0.1182403564453125,-4.6873779296875,-0.8696136474609375,-1.6074981689453125
2025-11-02,0,0,292.9400634765625,289.7289733886719,2.0912628173828125,0.043670654296875,0.0,91691.59375,269.7611999511719,284.2387084960937,291.79718017578125,0.0010369967203587,0.0012487636413425,0.0099831782281398,-4.8046875,6.6600494384765625,1.72235107421875,-6.6634674072265625,-4.078857421875,-0.743865966796875
2025-11-02,6,1,299.4000244140625,292.2130126953125,1.4816131591796875,-1.349609375,0.25,91859.84375,269.4935913085937,283.97137451171875,290.67529296875,0.0011968929320573,0.001513919327408,0.0124987326562404,-4.9750518798828125,3.348602294921875,1.7735137939453125,-5.800445556640625,-3.810546875,-1.937164306640625
2025-11-02,12,2,299.5775451660156,291.9705810546875,1.374237060546875,-0.8898468017578125,34.75,91623.265625,269.4027709960937,283.638671875,293.03887939453125,0.0013741787988692,0.0037027720827609,0.0122448354959487,-3.4675750732421875,2.293121337890625,2.854476928710937,-6.1529541015625,-4.374526977539063,-2.29864501953125
2025-11-02,18,3,294.4608764648437,292.28240966796875,0.061187744140625,-1.8752288818359373,30.875,91836.734375,269.00762939453125,283.0928649902344,292.0902099609375,0.0012378022074699,0.0054648406803607,0.0123073272407054,-3.101104736328125,1.010955810546875,2.301422119140625,-6.025650024414063,-5.241241455078125,-2.1749267578125
2025-11-03,0,0,293.5462341308594,291.50848388671875,1.61614990234375,-1.664764404296875,0.0,91699.796875,268.2998046875,283.371826171875,291.1241455078125,0.0013198424130678,0.0033411907497793,0.0119440779089927,-3.324951171875,4.274505615234375,1.7694091796875,-6.392379760742188,-4.761154174804688,-3.87420654296875
2025-11-03,6,1,299.167724609375,292.6739501953125,2.401214599609375,-2.1020660400390625,0.0,91785.78125,268.1537780761719,284.20135498046875,291.13232421875,0.0021840874105691,0.0021977799478918,0.0125415436923503,-4.0174407958984375,4.38275146484375,3.2040557861328125,-4.409088134765625,-3.322021484375,-3.0159149169921875
2025-11-03,12,2,298.89471435546875,292.04107666015625,1.680877685546875,-0.2068939208984375,0.0,91546.046875,268.13201904296875,284.24932861328125,292.5354309082031,0.0026790557894855,0.0011979350820183,0.0117210708558559,-1.8040924072265625,5.002105712890625,4.16497802734375,-4.30450439453125,-1.4017486572265625,-1.5848846435546875
2025-11-03,18,3,294.4037475585937,291.32000732421875,0.7317352294921875,-1.72320556640625,0.0,91788.71875,267.8628845214844,284.3948974609375,291.5444030761719,0.001610453473404,0.0013110893778502,0.0109835676848888,-1.786590576171875,3.27984619140625,3.008041381835937,-3.25262451171875,-1.0535736083984375,-1.7417755126953125
2025-11-04,0,0,292.7670288085937,291.12225341796875,2.027587890625,-0.4152984619140625,0.0,91615.9375,268.19439697265625,285.0462341308594,290.88427734375,0.0013536431360989,0.0012409375049173,0.0097456388175487,-4.72784423828125,1.8417205810546875,3.891510009765625,-4.189956665039063,-2.0848846435546875,-2.12359619140625
2025-11-04,6,1,298.0447692871094,292.4534606933594,2.2778778076171875,-2.9725799560546875,0.0,91762.5,267.5961303710937,284.8920288085937,290.86627197265625,0.0027058341074734,0.0019290910568088,0.0126668289303779,-5.1231536865234375,-0.9431915283203124,3.0660858154296875,-2.2989959716796875,-1.7140655517578125,-4.623550415039063
2025-11-04,12,2,297.38287353515625,292.6829833984375,1.0040740966796875,-1.5126800537109375,8.0,91499.8125,268.3463134765625,282.63580322265625,291.0849609375,0.0036439201794564,0.0071196854114532,0.013211827725172,-5.745895385742188,-0.078765869140625,2.953125,-5.058609008789063,-1.401092529296875,-4.899871826171875
2025-11-04,18,3,294.5478210449219,292.8031005859375,0.122772216796875,-1.280426025390625,0.375,91638.53125,268.1185607910156,281.8598022460937,292.4226989746094,0.0028519062325358,0.00773311778903,0.0118435136973857,-4.570526123046875,-1.5073699951171875,3.3939666748046875,-1.7322845458984375,-2.607452392578125,-3.962432861328125
2025-11-05,0,0,294.9735107421875,292.7091064453125,1.3920745849609375,-0.8913421630859375,0.5,91500.921875,268.95831298828125,281.8144836425781,290.69696044921875,0.0014375846367329,0.0081264413893222,0.0124643072485923,-3.7204742431640634,-0.7908172607421875,2.354965209960937,-1.88232421875,-4.221206665039063,-4.286834716796875
2025-11-05,6,1,299.5533142089844,293.4810485839844,1.731048583984375,-1.9402313232421875,347.25,91592.890625,269.3753662109375,282.2707214355469,290.8348388671875,0.0010365631897002,0.0080266296863555,0.0138455405831336,-4.473068237304688,0.63006591796875,2.4275360107421875,-2.906158447265625,-1.0538482666015625,-3.4012603759765625
2025-11-05,12,2,298.0232238769531,293.9712219238281,1.0915374755859375,-0.805938720703125,258.875,91333.546875,268.9438171386719,282.5294189453125,291.98883056640625,0.0022701395209878,0.0084151625633239,0.0132655389606952,-5.031707763671875,0.842132568359375,5.4692230224609375,-4.317169189453125,-1.194244384765625,-2.89520263671875
2025-11-05,18,3,294.6805419921875,293.24383544921875,0.107269287109375,-1.6038818359375,101.5,91621.8125,268.6306457519531,282.1127319335937,291.22711181640625,0.0028548950795084,0.0090917646884918,0.0131962597370147,-5.0943145751953125,0.5369110107421875,4.320556640625,-3.526214599609375,-1.7822113037109375,-4.588653564453125
2025-11-06,0,0,294.31646728515625,291.6542358398437,1.4925079345703125,-1.909942626953125,0.0,91529.921875,268.7247619628906,281.5019836425781,290.058349609375,0.0030415719375014,0.0077996514737606,0.0117155089974403,-4.0489654541015625,0.953369140625,1.322540283203125,-2.8907928466796875,-0.3374481201171875,-6.9397735595703125
2025-11-06,6,1,298.31396484375,292.27410888671875,1.097930908203125,-2.1018524169921875,69.875,91665.09375,268.4881896972656,281.2310791015625,290.3957824707031,0.0022737453691661,0.0078262239694595,0.0129070095717906,-4.390106201171875,0.8639373779296875,0.7283935546875,-2.461654663085937,0.2604522705078125,-3.694580078125
2025-11-06,12,2,297.3648376464844,292.6962280273437,1.200469970703125,-0.4837493896484375,4.625,91438.46875,269.12750244140625,281.9570617675781,292.2142333984375,0.0008582787122577,0.00688361749053,0.0117920003831386,-6.806076049804688,0.972747802734375,2.902328491210937,-0.37908935546875,-1.652587890625,-0.92864990234375
2025-11-06,18,3,294.54864501953125,292.5907897949219,-1.494140625,-0.8456878662109375,71.25,91693.40625,269.0516357421875,282.0894470214844,291.23358154296875,0.0012131538242101,0.0066238604485988,0.0123228579759597,-2.983123779296875,-1.002838134765625,0.5184783935546875,-0.83587646484375,-0.898895263671875,-1.812774658203125
2025-11-07,0,0,293.91278076171875,292.4487609863281,-0.5128936767578125,-1.2904815673828125,23.0,91597.265625,269.87750244140625,281.36407470703125,290.2258605957031,0.0008620836306363,0.0084485709667205,0.0122005082666873,-5.8704833984375,-0.32122802734375,-1.31329345703125,-1.887664794921875,0.5926513671875,-3.99969482421875
2025-11-07,6,1,299.3997802734375,293.12109375,-1.07781982421875,-1.380401611328125,141.625,91702.125,270.6732177734375,280.61090087890625,291.3175354003906,0.001336051383987,0.0089145004749298,0.0126600973308086,-7.613983154296875,-0.4113616943359375,-1.953521728515625,-1.4113616943359375,0.39495849609375,-1.938507080078125
2025-11-07,12,2,298.6971435546875,293.1145324707031,-0.885467529296875,-0.15216064453125,68.625,91531.671875,270.66363525390625,280.89996337890625,292.4006042480469,0.0015169540420174,0.0080871284008026,0.0115256793797016,-6.7138671875,2.8957977294921875,-2.789764404296875,-1.7933807373046875,-1.402984619140625,-1.7907562255859375
2025-11-07,18,3,294.2720031738281,291.901123046875,-1.16961669921875,-1.10498046875,0.0,91785.046875,269.96490478515625,281.3432006835937,290.5584411621094,0.0012456586118787,0.0065110996365547,0.0119346715509891,-6.822601318359375,1.915557861328125,-4.252197265625,-2.7242584228515625,-2.6046905517578125,-1.3937835693359375
2025-11-08,0,0,293.8222961425781,291.6986999511719,-1.1309356689453125,-1.0090789794921875,14.75,91671.453125,269.6875,281.4618530273437,290.2928161621094,0.0020732977427542,0.0040512755513191,0.0103623159229755,-6.903839111328125,1.502166748046875,-2.525238037109375,-1.30682373046875,-0.2236480712890625,-4.579025268554688
2025-11-08,6,1,299.3012084960937,290.588134765625,-1.115570068359375,-2.866683959960937,23.75,91832.46875,269.8910522460937,281.5499267578125,290.70770263671875,0.0022476157173514,0.0038963269907981,0.0112418606877326,-7.867095947265625,4.232925415039063,-1.6325836181640625,-2.516510009765625,-0.79803466796875,-4.223403930664063
2025-11-08,12,2,298.635986328125,290.1833190917969,-0.51837158203125,-1.645965576171875,21.0625,91612.015625,270.7518615722656,280.9075927734375,291.5518798828125,0.0021818103268742,0.0026416685432195,0.0105215348303318,-6.8577423095703125,2.6831817626953125,-1.585235595703125,-3.8889007568359375,-2.88336181640625,-4.763336181640625
2025-11-08,18,3,292.7348022460937,288.8165283203125,-1.3555450439453125,-2.03497314453125,0.0,91776.84375,269.8881225585937,282.356689453125,290.24786376953125,0.0021975573617964,0.0008863895200192,0.0096212811768054,-7.82244873046875,-1.0614776611328125,-2.7151031494140625,-3.420318603515625,-4.446136474609375,-5.6485137939453125
2025-11-09,0,0,291.11163330078125,287.5144348144531,-0.5880126953125,-1.830474853515625,0.0,91645.359375,269.63092041015625,283.396240234375,289.5315246582031,0.0023014231119304,0.0007951974403113,0.0060974955558776,-6.451629638671875,-2.8471832275390625,0.31689453125,-2.604598999023437,-5.573333740234375,-6.808517456054688
2025-11-09,6,1,298.8896484375,284.5576477050781,-1.151092529296875,-2.809326171875,0.0,91768.125,270.070556640625,284.2792358398437,289.72021484375,0.001818761229515,0.0008961595594882,0.0070507898926734,-7.78924560546875,-4.158615112304688,-1.773162841796875,-3.1231689453125,-3.383819580078125,-4.140716552734375
2025-11-09,12,2,298.50689697265625,289.2696838378906,0.2635498046875,-0.7459716796875,0.0,91508.46875,270.1698913574219,283.10626220703125,291.6319885253906,0.0013686092570424,0.001467140391469,0.0083204917609691,-8.194107055664062,0.0920257568359375,-1.1427764892578125,-2.1860504150390625,-0.0958709716796875,-1.18109130859375
2025-11-09,18,3,292.2499694824219,286.48345947265625,-1.2146759033203125,-1.3946990966796875,3.625,91700.234375,270.1772155761719,283.2586669921875,290.12713623046875,0.0013327305205166,0.0011296549346297,0.009588748216629,-7.6626434326171875,0.563018798828125,-3.3943328857421875,-3.47088623046875,-1.7537384033203125,-1.641143798828125
2025-11-10,0,0,291.0971069335937,289.01568603515625,-0.90478515625,-1.383819580078125,0.0,91599.0625,270.1390380859375,283.5066223144531,288.9798583984375,0.0007544362451881,0.0014044700656086,0.0103083774447441,-7.8957672119140625,-1.5875091552734375,-1.416229248046875,-2.8539581298828125,2.80364990234375,-0.285430908203125
2025-11-10,6,1,298.811279296875,289.2416381835937,-0.4992523193359375,-0.435455322265625,0.0,91743.515625,270.0946655273437,282.8529052734375,290.206298828125,0.0004504374228417,0.0014045198913663,0.0102851763367652,-7.924530029296875,3.3428192138671875,-0.7159576416015625,-0.9188995361328124,3.860427856445313,-0.3914337158203125
2025-11-10,12,2,298.9508056640625,289.518798828125,0.059478759765625,0.0092620849609375,0.375,91511.34375,270.26397705078125,282.13720703125,292.1582336425781,0.0006918273866176,0.0045379884541034,0.009925402700901,-7.711746215820312,4.95819091796875,-0.51263427734375,-0.7340850830078125,2.75,-0.1540374755859375
2025-11-10,18,3,294.2535705566406,289.2230834960937,-1.282623291015625,-1.213409423828125,0.0,91723.40625,270.18768310546875,281.85321044921875,291.0941467285156,0.0011107202153652,0.0043615624308586,0.0101997777819633,-8.213058471679688,4.45184326171875,-3.562652587890625,0.7393951416015625,1.3060150146484375,-0.1686248779296875
2025-11-11,0,0,293.1694030761719,291.330810546875,-1.611907958984375,-0.0360260009765625,0.125,91663.578125,269.8327941894531,283.22955322265625,289.6412658691406,0.0013559614308178,0.0030351185705512,0.0116242542862892,-8.480911254882812,-2.84588623046875,-0.191253662109375,0.731414794921875,1.537200927734375,3.4313507080078125
2025-11-11,6,1,299.21307373046875,291.1516418457031,-0.6669921875,-0.1926727294921875,7.125,91757.828125,269.4697265625,282.7905578613281,291.00787353515625,0.0013586801942437,0.0045404024422168,0.0115362145006656,-7.864944458007812,-1.32452392578125,-0.882965087890625,0.3639678955078125,4.4793853759765625,-0.3689727783203125
2025-11-11,12,2,299.0829772949219,293.23980712890625,-0.35662841796875,-1.440765380859375,26.875,91553.46875,269.0174560546875,281.72247314453125,292.5478210449219,0.0014780454803258,0.0066304877400398,0.0111674107611179,-8.135772705078125,0.8804931640625,-0.9363861083984376,-0.63446044921875,3.7679443359375,-2.233367919921875
2025-11-11,18,3,294.7965087890625,290.518310546875,-2.160736083984375,-0.6718292236328125,0.0,91776.0,269.94366455078125,282.8202514648437,291.1224975585937,0.0006278296932578,0.0063792914152145,0.0110280700027942,-8.792953491210938,-1.1928863525390625,-6.071136474609375,1.5905914306640625,3.0818023681640625,-3.4583740234375
2025-11-12,0,0,293.74932861328125,292.2393798828125,-1.76202392578125,-0.7188262939453125,0.125,91628.484375,269.90435791015625,283.08746337890625,290.8787841796875,0.000482422998175,0.0066654607653617,0.0102596767246723,-8.221145629882812,-2.5053253173828125,-4.202926635742188,-0.61505126953125,3.7256927490234375,-2.5299530029296875
2025-11-12,6,1,299.53887939453125,291.27764892578125,-3.17169189453125,-1.1452789306640625,0.25,91800.734375,269.3057556152344,282.9486083984375,291.41729736328125,0.0003006695769727,0.0077395178377628,0.0119954422116279,-10.310958862304688,-2.45654296875,-4.7170257568359375,-0.9342498779296876,2.89215087890625,-1.6077728271484375
2025-11-12,12,2,298.634765625,292.056640625,-1.44757080078125,-0.47344970703125,7.875,91624.40625,269.3531494140625,282.2562255859375,291.9472351074219,0.0001646035525482,0.0089623928070068,0.0124470628798007,-10.191421508789062,-1.187103271484375,-5.3641357421875,1.52703857421875,0.2191925048828125,-2.133285522460937
2025-11-12,18,3,295.5559997558594,292.450927734375,-2.477752685546875,0.40692138671875,18.0,91850.390625,269.6820678710937,282.38482666015625,290.689453125,0.0001339016598649,0.007403165102005,0.0128299333155155,-11.39874267578125,-1.9400177001953125,-6.273208618164063,0.464324951171875,0.5532379150390625,-1.1246795654296875
2025-11-13,0,0,295.2506408691406,292.9443359375,-2.3366241455078125,0.0823516845703125,13.125,91753.78125,269.5941162109375,282.5716552734375,290.309326171875,0.0001459578052163,0.0057375952601432,0.0116032995283603,-13.643890380859377,-2.786468505859375,-5.5932464599609375,0.897430419921875,-1.2262420654296875,-1.7715911865234375
2025-11-13,6,1,299.5893859863281,291.746826171875,-3.04229736328125,-0.6810455322265625,0.0,91899.453125,268.69708251953125,282.04840087890625,291.0717163085937,0.0010345343034714,0.0057713650166988,0.012193776667118,-13.927841186523438,-1.819305419921875,-4.527740478515625,1.2159881591796875,-0.663177490234375,-1.0526885986328125
2025-11-13,12,2,299.4032897949219,291.861328125,-1.439849853515625,-0.0072479248046875,17.75,91615.46875,268.4437561035156,282.2042236328125,293.063720703125,0.0022750019561499,0.0052435956895351,0.011408444494009,-11.843185424804688,0.45037841796875,-4.3726654052734375,0.46551513671875,0.3570098876953125,-1.302947998046875
2025-11-13,18,3,295.0526733398437,293.0228576660156,-2.8295135498046875,-0.027801513671875,77.5,91835.25,268.17657470703125,282.0628662109375,289.94256591796875,0.0021603582426905,0.0050953291356563,0.0132829956710338,-10.756332397460938,-2.797149658203125,-5.414825439453125,0.072509765625,2.057281494140625,-1.712677001953125
2025-11-14,0,0,294.5053100585937,292.6123046875,-2.433334350585937,-0.6482086181640625,9.0,91697.34375,268.56549072265625,282.080810546875,289.26666259765625,0.0019877341110259,0.0059318877756595,0.0105256401002407,-8.887863159179688,-2.3468017578125,-5.033599853515625,0.6665802001953125,1.725616455078125,-3.1823272705078125
2025-11-14,6,1,298.322998046875,290.7253723144531,-2.16070556640625,-2.238265991210937,2.25,91825.578125,268.2394714355469,282.96075439453125,290.1042175292969,0.0018520797602832,0.0037884064950048,0.0109959319233894,-8.149307250976562,-2.4227447509765625,-3.0441436767578125,-0.1225128173828125,0.92095947265625,-3.4748687744140625
2025-11-14,12,2,297.80401611328125,290.7030029296875,-0.8742523193359375,-0.975921630859375,6.625,91596.0625,268.3181457519531,282.751953125,291.67840576171875,0.0015060631558299,0.0025169828440994,0.0100135952234268,-7.59075927734375,0.08880615234375,-3.3057098388671875,-1.2318572998046875,-2.06951904296875,-3.4632110595703125
2025-11-14,18,3,292.3772888183594,289.6298828125,-1.814849853515625,-0.550567626953125,0.0,91804.0,268.4385986328125,283.732177734375,289.4769287109375,0.0021260036155581,0.0013448020908981,0.010003350675106,-6.71319580078125,-3.196929931640625,-3.408111572265625,0.7003936767578125,-0.7124786376953125,-3.4049530029296875
2025-11-15,0,0,291.5971984863281,290.0591125488281,-2.198089599609375,-0.9857635498046876,0.0,91725.96875,268.2706298828125,284.534912109375,288.3184814453125,0.0019303981680423,0.0024275877512991,0.0092239156365394,-4.85015869140625,-2.2929840087890625,-0.8564300537109375,-1.788421630859375,0.416015625,-4.456573486328125
2025-11-15,6,1,297.4539794921875,287.5311889648437,-2.181015014648437,-1.85980224609375,0.0,91924.625,268.1708984375,283.9683837890625,288.6395874023437,0.0018197272438555,0.0024953191168606,0.0087907537817955,-4.8712005615234375,-2.4347076416015625,-3.1994171142578125,-2.9210968017578125,0.1101531982421875,-2.8397674560546875
2025-11-15,12,2,296.91094970703125,289.557373046875,-1.5908050537109375,-0.3154144287109375,0.0,91720.390625,268.1661376953125,283.27508544921875,290.91314697265625,0.0011123986914753,0.002845297101885,0.0085771232843399,-4.4822540283203125,-2.102813720703125,-5.0706939697265625,-2.6559295654296875,-0.7990875244140625,-0.5054779052734375
2025-11-15,18,3,292.78497314453125,289.9352722167969,-2.659271240234375,-0.68963623046875,0.0,91867.96875,268.92724609375,283.3865966796875,289.376953125,0.0014069494791328,0.0048817656934261,0.0099820829927921,-6.3100433349609375,-5.5974884033203125,-2.7445526123046875,-1.63946533203125,0.9530792236328124,-1.9635467529296875
2025-11-16,0,0,292.3155517578125,291.0951843261719,-2.691680908203125,-1.4544525146484375,1.25,91791.265625,268.90484619140625,282.8638916015625,289.522705078125,0.0017971182242035,0.0062842555344104,0.008275531232357,-5.9704132080078125,-3.1806793212890625,-3.69403076171875,-2.569793701171875,0.2183685302734375,-1.6345977783203125
2025-11-16,6,1,297.66632080078125,291.0127258300781,-2.822372436523437,-0.81256103515625,0.0,91972.4375,268.5315246582031,282.3930053710937,289.06549072265625,0.0024297474883496,0.0072369650006294,0.0110968295484781,-5.565475463867188,-3.126678466796875,-4.549835205078125,-2.553741455078125,-0.6896209716796875,-1.042633056640625
2025-11-16,12,2,297.695068359375,291.5181884765625,-2.398590087890625,-0.6756134033203125,10.125,91751.765625,268.9809875488281,283.29205322265625,290.64080810546875,0.0020872633904218,0.0059867352247238,0.0118196606636047,-7.0211029052734375,-2.6953277587890625,-4.141448974609375,-4.353485107421875,-3.5386962890625,-2.8840484619140625
2025-11-16,18,3,292.85986328125,290.369873046875,-2.630844116210937,-1.39739990234375,0.0,91897.671875,268.7299194335937,282.9320983886719,289.9105224609375,0.0033211975824087,0.006055325269699,0.0101365111768245,-9.337371826171877,-6.318038940429688,-3.39556884765625,-3.709274291992188,-1.86492919921875,-5.1465911865234375
2025-11-17,0,0,291.7030639648437,289.0421142578125,-2.3671417236328125,-1.740203857421875,0.0,91762.3125,268.83453369140625,283.0806884765625,290.1530456542969,0.0022103884257376,0.0060367099940776,0.0068342313170433,-7.971038818359375,-6.639801025390625,-5.381149291992188,-6.762710571289063,-1.161865234375,-2.106063842773437
2025-11-17,6,1,298.3179931640625,289.60626220703125,-2.5774688720703125,-1.3190460205078125,0.0,91879.25,268.81170654296875,282.8875732421875,289.3883056640625,0.0022122047375887,0.0060141161084175,0.0103206485509872,-9.390899658203123,-6.7685546875,-4.3656005859375,-4.997314453125,-0.771087646484375,-1.5442352294921875
2025-11-17,12,2,297.6627197265625,290.8367004394531,-2.5913543701171875,-1.1264495849609375,0.0,91661.609375,268.7705078125,282.3280029296875,290.6366577148437,0.0027999531012028,0.0083731561899185,0.011946115642786,-10.747772216796877,-7.50726318359375,-4.8860626220703125,-5.58685302734375,0.4647979736328125,-4.1645050048828125
2025-11-17,18,3,293.24737548828125,289.8099975585937,-2.6128387451171875,-1.3848419189453125,0.0,91803.546875,269.35711669921875,282.07830810546875,290.78546142578125,0.0027661786880344,0.0082742534577846,0.0115506015717983,-10.947113037109377,-8.231979370117188,-5.316986083984375,-3.1688995361328125,0.2870941162109375,-2.2512664794921875
2025-11-18,0,0,292.9057006835937,289.5191650390625,-2.6193084716796875,-1.8625640869140625,0.0,91646.84375,269.1483154296875,281.5260925292969,289.603759765625,0.0042789354920387,0.0083037465810775,0.0124371647834777,-8.050201416015625,-7.344268798828125,-10.898422241210938,2.3155517578125,-1.161407470703125,-2.0805816650390625
2025-11-18,6,1,297.41363525390625,292.1981811523437,-4.972503662109375,-1.2745361328125,14.0,91725.078125,267.7392578125,282.3724060058594,289.9774169921875,0.0035311309620738,0.0097652450203895,0.0124292038381099,-8.28839111328125,-7.667327880859375,-8.783279418945312,2.2108306884765625,-1.2351226806640625,-1.549835205078125
2025-11-18,12,2,296.6311950683594,292.04400634765625,-2.4366912841796875,-2.523773193359375,1.5,91514.265625,268.0658264160156,282.498291015625,289.62847900390625,0.0029500627424567,0.0093886647373437,0.0128837935626506,-7.629241943359375,-5.7216339111328125,-6.6173095703125,-0.2481842041015625,0.3922119140625,-3.316375732421875
2025-11-18,18,3,293.45135498046875,291.5229797363281,-2.42327880859375,-0.6968994140625,2.75,91756.828125,267.47821044921875,282.2100830078125,290.04888916015625,0.0026671830564737,0.0097745805978775,0.0126316584646701,-7.647628784179687,-5.8724365234375,-8.273788452148438,0.3871002197265625,0.255340576171875,2.429656982421875
2025-11-19,0,0,293.843994140625,292.2772827148437,-3.0087432861328125,0.111480712890625,3.875,91653.640625,268.6986999511719,282.075439453125,289.6845092773437,0.0011224502231925,0.0074992254376411,0.0116937197744846,-6.900543212890625,-6.28216552734375,-8.271774291992188,-0.11138916015625,0.009368896484375,2.590545654296875
2025-11-19,6,1,298.3450622558594,291.2111511230469,-3.44378662109375,0.292694091796875,5.375,91754.609375,268.4359741210937,283.816162109375,290.0062255859375,0.0010437963064759,0.0043003559112548,0.0112895369529724,-8.23504638671875,-6.1629638671875,-5.2557373046875,0.882537841796875,-1.048919677734375,0.6443023681640625
2025-11-19,12,2,297.8240051269531,291.2219543457031,-1.450927734375,-0.0117950439453125,7.625,91543.859375,268.3687744140625,283.47442626953125,292.2550354003906,0.0011855287011712,0.0035002261865884,0.0106269791722297,-8.520828247070312,-3.686126708984375,-4.339614868164063,0.07391357421875,0.140869140625,-0.919219970703125
2025-11-19,18,3,293.0555725097656,290.5037841796875,-2.2070465087890625,-0.363677978515625,0.0,91792.1875,267.9151611328125,283.00836181640625,289.9478454589844,0.0014093450736254,0.0051977895200252,0.0116581283509731,-7.73760986328125,-5.56341552734375,-5.668243408203125,1.0184783935546875,2.059173583984375,-3.1912994384765625
2025-11-20,0,0,293.072265625,291.300048828125,-1.9884490966796875,-1.114715576171875,0.125,91699.28125,268.46759033203125,283.5018920898437,289.6069641113281,0.0010553686879575,0.0041907839477062,0.0097431950271129,-6.107757568359375,-7.205780029296875,-3.764938354492188,-0.1672515869140625,3.24188232421875,-2.6638946533203125
2025-11-20,6,1,299.1392822265625,291.08282470703125,-2.3188934326171875,-1.8207855224609373,0.0,91806.40625,269.009033203125,283.34197998046875,290.6332092285156,0.001364414114505,0.0077588222920894,0.0112117864191532,-7.323516845703125,-7.88909912109375,-3.959625244140625,-0.85650634765625,2.7665557861328125,-2.637435913085937
2025-11-20,12,2,298.7014465332031,290.75860595703125,-1.6515045166015625,-0.458404541015625,0.0,91590.890625,267.8789367675781,283.2120361328125,292.9979858398437,0.0035950641613453,0.0072593465447425,0.0103382505476474,-8.221725463867188,-7.32611083984375,-4.8583526611328125,0.6975250244140625,-0.7370147705078125,-1.0497283935546875
2025-11-20,18,3,293.7317810058594,288.57177734375,-2.7968292236328125,-0.25115966796875,0.0,91901.25,267.2751159667969,282.73760986328125,291.973388671875,0.0027801634278148,0.0068464502692222,0.0092143304646015,-7.9773101806640625,-8.971588134765625,-5.1170196533203125,0.80035400390625,-1.882415771484375,-0.7746734619140625
2025-11-21,0,0,293.3057861328125,290.4017028808594,-2.10723876953125,-0.8550872802734375,1.25,91782.671875,268.3649597167969,282.94537353515625,289.5486755371094,0.0014303405769169,0.0070272097364068,0.0126669779419898,-8.307220458984375,-9.421600341796877,-7.395187377929687,2.6953125,0.8452911376953125,-0.5738372802734375
2025-11-21,6,1,298.183349609375,292.47857666015625,-3.99090576171875,-0.96630859375,29.625,91922.234375,268.65362548828125,282.82769775390625,290.992431640625,0.0022308074403554,0.0083053894340991,0.0133487246930599,-7.49652099609375,-10.569015502929688,-7.540618896484375,3.850555419921875,0.8179779052734375,-1.1998443603515625
2025-11-21,12,2,297.2376708984375,293.7255249023437,-2.525360107421875,-1.1807708740234375,142.0,91741.09375,267.7076416015625,282.83331298828125,290.8813171386719,0.0033450280316174,0.0085968598723411,0.0140789560973644,-7.243072509765625,-8.112808227539062,-7.658416748046875,2.970916748046875,-1.22125244140625,-4.032501220703125
2025-11-21,18,3,294.7623291015625,293.53741455078125,-2.2685699462890625,-1.358856201171875,80.25,91904.40625,267.84423828125,282.3095092773437,290.36004638671875,0.0037442983593791,0.008399412035942,0.0136063732206821,-6.767913818359375,-8.948684692382812,-9.247589111328123,1.712158203125,-1.096771240234375,-2.951873779296875
2025-11-22,0,0,294.96612548828125,293.0419311523437,-2.539413452148437,-1.2544403076171875,40.875,91769.3125,267.6972351074219,282.5169677734375,289.51788330078125,0.0039914119988679,0.00793894007802,0.0132066905498504,-6.3655853271484375,-8.83282470703125,-9.975128173828123,0.608184814453125,-1.5206298828125,-1.4346160888671875
2025-11-22,6,1,298.59490966796875,292.9702453613281,-3.3642578125,-0.900726318359375,527.0,91874.921875,267.7274169921875,282.6713562011719,289.850830078125,0.0032040490768849,0.0087059177458286,0.0135570205748081,-7.3714599609375,-9.58355712890625,-8.735595703125,-0.120819091796875,-0.279083251953125,-1.320068359375
2025-11-22,12,2,296.99188232421875,292.97662353515625,-2.231307983398437,-0.93853759765625,44.375,91644.625,267.1650085449219,282.3827514648437,290.765869140625,0.0030592055991292,0.0083556585013866,0.0134634710848331,-5.1806640625,-7.279983520507812,-7.3962249755859375,-1.445953369140625,-1.132049560546875,-2.0548248291015625
2025-11-22,18,3,293.94488525390625,292.76080322265625,-1.9838409423828125,-0.589508056640625,49.375,91903.21875,267.9031677246094,281.617919921875,290.04998779296875,0.0011448268778622,0.0085680112242698,0.0128175616264343,-7.962326049804687,-7.409103393554687,-6.9784088134765625,-1.9990692138671875,0.70062255859375,-0.5969696044921875
2025-11-23,0,0,293.940185546875,292.470703125,-2.001327514648437,-1.2958221435546875,4.125,91765.953125,268.21337890625,282.1529541015625,290.0419311523437,0.0006711580790579,0.0076880604028701,0.0125962346792221,-8.299240112304688,-5.6215667724609375,-8.08642578125,-0.0364532470703125,0.974334716796875,-0.7196044921875
2025-11-23,6,1,298.1426696777344,292.0902099609375,-4.291793823242188,-0.840087890625,7.625,91866.921875,268.2374267578125,282.77471923828125,291.2695617675781,0.0020495096687227,0.0064625516533851,0.0127121433615684,-8.293701171875,-6.6078033447265625,-7.784866333007812,-1.59454345703125,0.7470855712890625,-1.2258758544921875
2025-11-23,12,2,297.1718139648437,292.4472045898437,-2.491485595703125,-0.3536529541015625,10.25,91624.703125,267.1880187988281,282.22216796875,290.9052124023437,0.0030379886738955,0.00742894038558,0.0128466412425041,-7.8378753662109375,-6.4550323486328125,-6.88189697265625,-1.6034088134765625,-0.878875732421875,-1.51751708984375
2025-11-23,18,3,294.13385009765625,292.2879333496094,-2.08343505859375,-0.361328125,47.5,91895.78125,268.15692138671875,281.7574768066406,290.2940979003906,0.0024644695222377,0.0069171451032161,0.0126921385526657,-8.579620361328125,-6.866744995117188,-7.7474365234375,-1.0303192138671875,-0.270721435546875,-0.281524658203125
2025-11-24,0,0,293.98175048828125,292.05621337890625,-2.8851776123046875,-0.6749420166015625,4.75,91794.859375,268.26385498046875,281.5240478515625,289.11602783203125,0.0005221464671194,0.0076633319258689,0.0125460550189018,-7.975067138671875,-4.611602783203125,-8.50732421875,-0.7209014892578125,-1.671356201171875,-0.894195556640625
2025-11-24,6,1,298.394287109375,292.2449951171875,-4.4129638671875,-0.1861572265625,0.0,91887.015625,267.7870178222656,281.74761962890625,290.6424560546875,0.000452114501968,0.0070878937840461,0.012493509799242,-10.783050537109377,-5.892547607421875,-7.23291015625,-0.4210662841796875,-1.721405029296875,-0.7547607421875
2025-11-24,12,2,297.78057861328125,291.06414794921875,-2.53851318359375,0.322052001953125,0.0,91667.328125,267.87286376953125,282.5062561035156,291.23541259765625,0.0015313359908759,0.0039798589423298,0.0124151408672332,-9.658370971679688,-4.5516510009765625,-6.609619140625,-0.7321014404296875,-4.1597747802734375,-1.1042327880859375
2025-11-24,18,3,293.468017578125,292.0872497558594,-2.46649169921875,-0.5355377197265625,0.0,91914.84375,267.1743469238281,283.1980285644531,289.7186889648437,0.0006118223536759,0.0018539493903517,0.0118188187479972,-9.5792236328125,-5.54583740234375,-7.689041137695312,-0.2115478515625,-0.7855072021484375,-3.38720703125
2025-11-25,0,0,293.41552734375,291.3142395019531,-2.4728240966796875,-1.121673583984375,11.0,91773.625,267.9799499511719,282.8543701171875,288.8572998046875,0.0021234534215182,0.0036526748444885,0.0094685964286327,-7.358016967773437,-5.5889892578125,-8.710906982421875,-0.1443634033203125,1.29205322265625,-4.215118408203125
2025-11-25,6,1,297.9742431640625,289.58380126953125,-3.8359527587890634,-1.8128509521484373,0.0,91883.796875,268.04803466796875,281.99639892578125,289.51861572265625,0.0006972905248403,0.0041736140847206,0.0106699652969837,-7.591949462890625,-5.0909576416015625,-6.097183227539063,0.5765533447265625,3.670578002929688,-2.730255126953125
2025-11-25,12,2,297.3765869140625,290.49908447265625,-2.02728271484375,-0.2305450439453125,0.0,91610.234375,267.681396484375,282.3822021484375,291.6093139648437,0.0005061933770775,0.0056964457035064,0.0104963742196559,-6.1029205322265625,-4.4369659423828125,-6.4781494140625,-0.7653350830078125,2.9409637451171875,-0.5798187255859375
2025-11-25,18,3,292.68328857421875,291.4351806640625,-2.987823486328125,-0.1483154296875,0.0,91795.484375,267.5210266113281,282.6307067871094,290.81036376953125,0.0005288778338581,0.0044256374239921,0.009735295549035,-8.091461181640625,-3.721466064453125,-4.015670776367188,1.2022705078125,1.0917816162109375,-0.2728118896484375
2025-11-26,0,0,293.290771484375,290.94244384765625,-2.622772216796875,-1.077484130859375,5.375,91706.21875,269.068115234375,282.68328857421875,289.7596740722656,0.0003390798810869,0.0034392622765153,0.0087420716881752,-6.3058013916015625,-5.071060180664063,-6.248062133789063,0.966644287109375,2.11505126953125,-3.1189727783203125
2025-11-26,6,1,297.4900207519531,288.3961181640625,-3.4392242431640625,-1.6253509521484375,0.0,91871.28125,268.03338623046875,282.1557006835937,288.87652587890625,0.0004183650016784,0.0030022233258932,0.0096600204706192,-8.427627563476562,-6.33837890625,-5.6934814453125,1.1524810791015625,2.5730743408203125,-2.7103729248046875
2025-11-26,12,2,297.4916381835937,289.95672607421875,-1.9186553955078125,-0.860687255859375,0.0,91705.0625,267.86749267578125,282.57293701171875,290.952880859375,0.0004863189533352,0.0021555237472057,0.0102514885365962,-8.35809326171875,-6.854171752929688,-5.6009521484375,1.84698486328125,-0.067291259765625,-2.879135131835937
2025-11-26,18,3,291.9656982421875,289.6689453125,-3.308837890625,-1.21160888671875,0.0,91962.09375,268.5260009765625,283.14849853515625,288.373291015625,0.0005995384417474,0.0010247267782688,0.0079804845154285,-5.205856323242188,-9.481552124023438,-8.591583251953125,1.41473388671875,-0.0987701416015625,-4.606353759765625
2025-11-27,0,0,291.62554931640625,289.87628173828125,-3.555038452148437,-1.134063720703125,7.5,91730.875,269.6561279296875,283.8355712890625,286.615478515625,0.001232395414263,0.0007351380772888,0.0090738721191883,0.0533294677734375,-10.837966918945312,-12.133819580078123,-0.5252227783203125,-1.339691162109375,-2.9333648681640625
2025-11-27,6,1,297.0506591796875,288.42156982421875,-4.300582885742188,-1.823760986328125,0.0,91848.3125,269.52325439453125,283.82940673828125,288.4392395019531,0.0003827363252639,0.0006020800210535,0.0099448524415493,-3.872390747070313,-12.152069091796877,-7.35235595703125,-2.878768920898437,-1.404998779296875,-2.9409637451171875
2025-11-27,12,2,296.187255859375,287.9711303710937,-2.5435943603515625,-0.9472198486328124,0.0,91679.9375,269.06695556640625,284.0063781738281,289.79461669921875,0.0001681635330896,0.0005543839652091,0.0092561095952987,-4.6900177001953125,-11.18115234375,-7.459625244140625,-4.122528076171875,-1.3794097900390625,-3.4338836669921875
2025-11-27,18,3,291.08941650390625,289.02227783203125,-2.2004547119140625,-1.70458984375,0.0,91799.65625,269.7659912109375,284.0760498046875,288.3628234863281,0.0003181546926498,0.0005913733039051,0.0068674199283123,-6.3848724365234375,-9.942855834960938,-7.300003051757812,-2.673980712890625,-2.6895751953125,-6.923431396484375
2025-11-28,0,0,290.5545349121094,288.8032531738281,-2.360214233398437,-2.252655029296875,0.125,91654.9375,269.5373840332031,283.6981506347656,288.45574951171875,0.0010857000015676,0.0006433527451008,0.0057169683277606,-6.3433685302734375,-8.904647827148438,-10.008926391601562,-0.8834991455078125,-3.446395874023437,-9.51287841796875
2025-11-28,6,1,295.8289794921875,288.0970458984375,-3.381439208984375,-3.331756591796875,0.0,91755.375,268.3459167480469,283.687744140625,287.8980712890625,0.0031141992658376,0.0019859112799167,0.009888906031847,-6.466644287109375,-11.409042358398438,-5.92236328125,-1.48822021484375,-4.868682861328125,-5.3446044921875
2025-11-28,12,2,295.8407592773437,287.9471130371094,-1.51580810546875,-1.81494140625,0.0,91510.296875,267.9293212890625,284.0859375,289.36053466796875,0.0043325759470462,0.0024243586231023,0.0096690468490123,-7.6706390380859375,-7.9395751953125,-4.698486328125,-2.521347045898437,-8.823577880859375,-5.23394775390625
2025-11-28,18,3,291.4945983886719,288.6583251953125,-1.6336212158203125,-1.776885986328125,0.0,91633.0,268.2962341308594,284.5132141113281,288.2460327148437,0.0043143518269062,0.0013978814240545,0.0091772265732288,-7.466995239257812,-9.605926513671877,-4.921646118164063,-1.405548095703125,-8.076339721679688,-8.684295654296875
2025-11-29,0,0,290.0863037109375,288.5583801269531,-1.871063232421875,-3.0646514892578125,0.0,91511.5625,268.830078125,283.80645751953125,288.7243347167969,0.0034427104983478,0.0006600716151297,0.0048212334513664,-5.224365234375,-8.066802978515625,-6.635986328125,-4.252120971679688,-5.000579833984375,-8.372879028320312
2025-11-29,6,1,295.94342041015625,289.2670288085937,-2.155853271484375,-3.849533081054688,0.0,91600.34375,267.85321044921875,283.8886108398437,287.6168212890625,0.0038746066857129,0.0012974753044545,0.0109751001000404,-8.714767456054688,-7.103515625,-5.379074096679688,-7.268829345703125,-3.624588012695313,-6.28521728515625
2025-11-29,12,2,294.49871826171875,289.7452697753906,-2.415191650390625,-3.1459197998046875,0.25,91417.65625,267.2640991210937,283.27587890625,288.1787109375,0.0039801113307476,0.0043171234428882,0.0111030340194702,-11.237396240234377,-5.5671234130859375,-5.192413330078125,-4.824249267578125,-5.2540130615234375,-6.900726318359375
2025-11-29,18,3,292.075439453125,290.35546875,-1.821746826171875,-2.8900146484375,0.0,91552.328125,268.2951354980469,282.85986328125,287.85137939453125,0.0046691447496414,0.0086530819535255,0.0116101093590259,-8.00250244140625,-6.878204345703125,-8.803665161132812,-0.5198211669921875,-2.2614898681640625,-10.358154296875
2025-11-30,0,0,292.49371337890625,291.56939697265625,-0.5145721435546875,-2.9593505859375,0.5,91392.375,268.5528259277344,283.8193359375,288.445068359375,0.0046963365748524,0.0065294355154037,0.0124289467930793,-4.180816650390625,-9.059310913085938,-8.457550048828125,-3.1789703369140625,-7.061691284179688,-9.739532470703123
2025-11-30,6,1,293.9488220214844,293.1377868652344,0.519805908203125,-3.1549835205078125,96.0,91609.8125,268.8857421875,282.7518310546875,288.57672119140625,0.0051690861582756,0.0073913857340812,0.0128924055024981,-9.1322021484375,-5.0208892822265625,-7.07879638671875,0.81463623046875,-5.663055419921875,-8.48687744140625
2025-11-30,12,2,293.1607666015625,292.4291381835937,-0.1746673583984375,-3.59356689453125,20.25,91426.359375,269.02252197265625,282.9478759765625,288.8524780273437,0.00514717400074,0.0083522386848926,0.0130248256027698,-0.889312744140625,-4.066452026367188,-4.900543212890625,1.061004638671875,-7.467910766601562,-8.87811279296875
2025-11-30,18,3,293.21728515625,292.20965576171875,-0.4888763427734375,-2.6928253173828125,17.375,91674.375,267.6542358398437,282.38800048828125,288.201904296875,0.0049502253532409,0.0092864520847797,0.0124838994815945,-0.0374298095703125,-3.9558258056640634,-6.6195068359375,-2.7594757080078125,-5.85882568359375,-9.040374755859377
2025-12-01,0,0,293.1864318847656,291.553466796875,-0.847198486328125,-3.242828369140625,9.625,91490.796875,271.1564636230469,282.15777587890625,288.864013671875,0.0014724463690072,0.0099804420024156,0.0119878575205802,3.7653656005859375,-3.1828765869140625,-3.959915161132813,-4.913833618164063,-2.4342803955078125,-9.363693237304688
2025-12-01,6,1,296.68072509765625,291.5604858398437,-1.19000244140625,-4.379440307617188,0.25,91628.84375,270.4171142578125,282.28790283203125,289.5583801269531,0.0009150041732937,0.009964469820261,0.0124361626803874,2.5855712890625,-2.0174102783203125,-1.59661865234375,-3.565521240234375,-2.718978881835937,-6.495147705078125
2025-12-01,12,2,295.87469482421875,291.47027587890625,-0.8867645263671875,-1.8447723388671875,3.625,91439.453125,270.0378723144531,282.5547790527344,289.7304077148437,0.0012749014422297,0.0102321747690439,0.012279063463211,2.4594879150390625,1.3188323974609375,-0.41217041015625,-4.5693359375,-1.4757232666015625,-5.2371673583984375
2025-12-01,18,3,292.77618408203125,291.53497314453125,-1.7335052490234375,-2.974395751953125,0.0,91638.25,270.404052734375,283.3953857421875,289.7894897460937,0.000361121725291,0.0081622079014778,0.0123083293437957,1.5162200927734375,0.4746551513671875,-3.1848907470703125,-2.91571044921875,-2.2631378173828125,-7.805831909179687
2025-12-02,0,0,292.8695068359375,291.432861328125,-0.9164886474609376,-2.789947509765625,0.0,91511.390625,270.35968017578125,283.25537109375,290.066650390625,0.0004211138002574,0.0060742869973182,0.0115098133683204,2.126617431640625,-1.1465911865234375,-2.7110137939453125,-2.1643218994140625,-1.130828857421875,-5.6164398193359375
2025-12-02,6,1,298.3948669433594,292.112548828125,-1.894073486328125,-3.33953857421875,2.625,91642.125,270.35577392578125,283.29998779296875,289.7381591796875,0.0005723964422941,0.0079314038157463,0.0129206329584121,-0.244110107421875,-3.472808837890625,-2.900115966796875,-1.521270751953125,-3.4083709716796875,-4.653854370117188
2025-12-02,12,2,296.67401123046875,292.9375915527344,-1.7249908447265625,-2.70306396484375,124.375,91428.6875,269.3197937011719,282.94189453125,290.5531616210937,0.0012159789912402,0.0100664012134075,0.0140578337013721,-0.2847900390625,-5.54949951171875,-6.519561767578125,-0.470703125,-3.8728179931640634,-6.3032989501953125
2025-12-02,18,3,293.7776794433594,292.792724609375,-1.988983154296875,-3.0845184326171875,9.125,91632.90625,269.8973388671875,282.5482788085937,289.9333190917969,0.0010286008473485,0.0096356309950351,0.01355442404747,1.83245849609375,-6.8795318603515625,-11.139511108398438,-2.0980224609375,-1.6339111328125,-6.73931884765625
2025-12-03,0,0,293.67431640625,292.1911315917969,-1.6980438232421875,-3.067245483398437,0.0,91527.390625,269.2690734863281,281.9576416015625,291.015869140625,0.0008706375956535,0.0097885057330131,0.0126878730952739,4.2186279296875,-5.1985931396484375,-8.42510986328125,-1.9134063720703125,-1.4753570556640625,-4.5125579833984375
2025-12-03,6,1,297.04461669921875,292.88543701171875,-4.749435424804688,-2.008575439453125,11.625,91767.875,269.3541259765625,282.3121337890625,290.6058044433594,0.0006928767543286,0.0096072219312191,0.0127026177942752,2.0274810791015625,-6.637451171875,-9.561767578125,0.2518768310546875,-1.7975616455078125,-3.436309814453125
2025-12-03,12,2,296.7430725097656,292.24493408203125,-2.352386474609375,-0.9367218017578124,36.625,91555.8125,268.55438232421875,282.85015869140625,290.21795654296875,0.0010006616357713,0.0096553899347782,0.0131718516349792,1.496124267578125,-5.9142913818359375,-5.8975677490234375,-1.25445556640625,0.1482391357421875,-3.1810455322265625
2025-12-03,18,3,293.65087890625,292.58404541015625,-2.27545166015625,-1.232635498046875,33.375,91753.65625,268.333984375,282.4155578613281,289.22149658203125,0.0026604414451867,0.0087046884000301,0.0130915604531764,-2.8515625,-6.9009857177734375,-8.78826904296875,0.6683807373046875,3.271392822265625,-1.33245849609375
2025-12-04,0,0,293.8694152832031,292.51287841796875,-3.036972045898437,-1.4220123291015625,2.75,91669.125,267.72039794921875,282.2241516113281,289.535888671875,0.002226972952485,0.008839376270771,0.0132468827068805,-2.072738647460937,-5.92822265625,-6.79193115234375,2.5577392578125,2.287078857421875,1.261077880859375
2025-12-04,6,1,297.9629821777344,293.07470703125,-3.999725341796875,-0.2742156982421875,84.125,91852.390625,268.13287353515625,282.0782165527344,290.33843994140625,0.0018567321822047,0.0087139010429382,0.0131088979542255,-0.2147216796875,-4.0485382080078125,-6.50341796875,-0.031585693359375,0.8707275390625,-0.0194091796875
2025-12-04,12,2,297.0009765625,292.7482604980469,-2.5405731201171875,-1.1552276611328125,99.625,91689.265625,266.8560485839844,282.75457763671875,290.2665405273437,0.003410475095734,0.0070684030652046,0.0132235065102577,0.0841522216796875,-4.2982177734375,-6.870620727539063,-1.4731292724609375,-0.2238616943359375,-1.4337615966796875
2025-12-04,18,3,294.2665100097656,292.7818603515625,-2.951446533203125,-0.994781494140625,45.875,91951.984375,267.4549560546875,282.4374694824219,288.91473388671875,0.0032228978816419,0.006745982915163,0.0131345950067043,-2.438751220703125,-5.626434326171875,-9.103302001953123,-1.3711395263671875,1.2068939208984375,-0.87139892578125
2025-12-05,0,0,294.0526733398437,291.90838623046875,-3.0981597900390625,-1.1176910400390625,6.25,91822.65625,267.34979248046875,282.5741271972656,289.0658569335937,0.0030984552577137,0.0078093260526657,0.0129782073199749,-2.777374267578125,-6.313629150390625,-9.535751342773438,1.9589691162109373,1.1112518310546875,-0.535064697265625
2025-12-05,6,1,296.3461303710937,292.3778076171875,-4.629608154296875,-1.212799072265625,33.75,91938.625,266.3341369628906,282.71612548828125,289.41455078125,0.003637736197561,0.007259614765644,0.0133822634816169,-2.954696655273437,-8.104949951171875,-8.28778076171875,0.6130828857421875,-0.6522674560546875,-2.1793670654296875
2025-12-05,12,2,296.6793518066406,292.1378479003906,-2.660629272460937,-1.48809814453125,28.0,91737.15625,267.4276123046875,282.1363525390625,290.0264587402344,0.00279132113792,0.0073827840387821,0.0130435451865196,0.553802490234375,-8.9765625,-8.04583740234375,-0.577056884765625,-0.264251708984375,-3.86627197265625
2025-12-05,18,3,293.40826416015625,291.7850952148437,-2.8325653076171875,-1.58343505859375,5.0,91967.96875,267.1364440917969,282.6878662109375,288.4211730957031,0.0022244553547352,0.0042896894738078,0.0118122808635234,-2.531005859375,-9.690109252929688,-8.275222778320312,-0.695159912109375,-0.50628662109375,-4.01708984375
2025-12-06,0,0,291.64892578125,289.17413330078125,-2.588714599609375,-1.6086273193359375,0.0,91873.546875,267.5079345703125,282.6710205078125,290.01727294921875,0.0024167869705706,0.0031942727509886,0.0056848749518394,-2.399505615234375,-8.766998291015625,-9.441024780273438,1.204742431640625,1.05084228515625,-3.300872802734375
2025-12-06,6,1,296.444580078125,288.5251159667969,-3.370941162109375,-0.4185028076171875,0.0,91973.53125,266.65594482421875,282.9580078125,288.9119873046875,0.0032068947330117,0.0049133710563182,0.0093882195651531,-3.47412109375,-7.97076416015625,-6.8881683349609375,1.9459075927734373,-0.0513916015625,-0.547515869140625
2025-12-06,12,2,297.4276733398437,290.2531433105469,-2.006454467773437,0.0343017578125,2.75,91774.453125,266.5539855957031,282.9808959960937,291.104248046875,0.0033375371713191,0.0048760510981082,0.0107784681022167,-3.244476318359375,-5.6112213134765625,-5.8590087890625,2.6913299560546875,1.8369598388671875,-0.2332000732421875
2025-12-06,18,3,292.2188720703125,290.6298828125,-3.17999267578125,-1.23309326171875,0.0,92011.28125,266.96368408203125,283.100341796875,288.4198608398437,0.0034278954844921,0.0045661218464374,0.0115648806095123,-0.9409027099609376,-4.691650390625,-6.13067626953125,2.9016265869140625,1.741455078125,-0.9744110107421876
2025-12-07,0,0,292.15869140625,290.37548828125,-2.773590087890625,-0.456817626953125,2.125,91867.84375,267.2594909667969,282.7292175292969,289.8317565917969,0.0033262646757066,0.0039578224532306,0.0096875019371509,0.99090576171875,-4.081207275390625,-4.40887451171875,1.9494171142578125,-0.3340911865234375,1.464111328125
2025-12-07,6,1,297.4237670898437,289.3659362792969,-1.913238525390625,-1.3235321044921875,0.0,91983.6875,267.60107421875,283.2382202148437,289.1923828125,0.0030043532606214,0.0034840512089431,0.0101224370300769,3.0517578125e-05,-3.127410888671875,-3.60089111328125,2.044036865234375,-0.2268524169921875,-1.773101806640625
2025-12-07,12,2,296.9836730957031,290.1630554199219,-1.880615234375,-0.72808837890625,0.0,91799.4375,267.7489013671875,283.0301513671875,291.0732421875,0.002226932439953,0.0026990845799446,0.0097644068300724,0.14520263671875,-1.8109893798828125,-5.042877197265625,2.4221954345703125,-2.60687255859375,-1.1490631103515625
2025-12-07,18,3,291.2147827148437,289.53424072265625,-2.7253570556640625,-0.7899932861328125,0.0,91976.828125,268.6827697753906,282.386474609375,290.1253356933594,0.0018643774092197,0.0017377561889588,0.0085787735879421,-0.4807891845703125,-4.6153106689453125,-3.096466064453125,3.0101318359375,-2.9038543701171875,-2.2386932373046875
2025-12-08,0,0,290.6124267578125,288.30133056640625,-1.7222900390625,-1.2569427490234375,0.0,91812.625,267.7895202636719,283.09185791015625,291.4272155761719,0.0022084242664277,0.00160747859627,0.003679797053337,-0.0655517578125,-4.224273681640625,-5.0271759033203125,1.4861297607421875,-2.40362548828125,1.928497314453125
2025-12-08,6,1,298.2557373046875,284.86639404296875,-2.025390625,-1.397064208984375,0.0,91947.734375,267.85430908203125,283.3331298828125,291.11871337890625,0.0022849394008517,0.0014098535757511,0.0032453730236738,-0.26690673828125,-3.693756103515625,-4.4419708251953125,2.0282745361328125,-3.1503143310546875,-1.4818115234375
2025-12-08,12,2,297.0283203125,286.8382568359375,-1.8262939453125,-1.66680908203125,0.0,91700.515625,267.4630432128906,282.499267578125,290.6644592285156,0.0024106726050376,0.0014993343502283,0.0079184547066688,2.287078857421875,-2.5153350830078125,-5.093414306640625,1.3219451904296875,-2.8147125244140625,-4.32989501953125
2025-12-08,18,3,290.42352294921875,288.2710876464844,-2.536590576171875,-1.362152099609375,0.0,91902.8125,266.9515380859375,282.5633544921875,289.721923828125,0.0022779230494052,0.0015915886033326,0.0039343535900115,2.343505859375,-3.2398834228515625,-6.323333740234375,1.292724609375,-2.9487457275390625,-5.135589599609375
2025-12-09,0,0,289.7943115234375,286.87896728515625,-2.3710174560546875,-1.1396484375,0.0,91736.0,267.5602722167969,282.7494506835937,289.8851623535156,0.0021179225295782,0.0017162987496703,0.0046385042369365,4.388031005859375,-3.6012115478515625,-8.905426025390625,1.2902984619140625,-2.4659423828125,-2.141632080078125
2025-12-09,6,1,297.8158569335937,289.51544189453125,-3.209213256835937,-0.238555908203125,0.0,91838.921875,267.1513366699219,282.8756103515625,288.6402587890625,0.0022399837616831,0.0021101017482578,0.009791150689125,2.3487548828125,-4.4883575439453125,-5.8741607666015625,1.1399993896484375,-0.480010986328125,-0.028228759765625
2025-12-09,12,2,297.96661376953125,289.8781433105469,-1.943023681640625,-0.20751953125,1.5,91650.265625,267.05206298828125,283.17254638671875,291.21514892578125,0.0023411312140524,0.0021461348515003,0.0103520303964614,3.42962646484375,-2.204864501953125,-5.48699951171875,0.5129547119140625,0.7453155517578125,-0.1483612060546875
2025-12-09,18,3,292.7297668457031,289.9389038085937,-2.95037841796875,-1.4162750244140625,0.0,91890.9375,266.6772766113281,282.1571655273437,289.3587646484375,0.002290743170306,0.0031325512100011,0.0105403810739517,4.127716064453125,-3.7344818115234375,-6.239501953125,1.4829864501953125,-0.501007080078125,-3.160614013671875
2025-12-10,0,0,291.7041931152344,286.8245849609375,-2.033935546875,-1.4590301513671875,0.0,91804.96875,266.9217529296875,282.09771728515625,289.97613525390625,0.0013681747950613,0.0034664717968553,0.0057823434472084,6.93170166015625,-1.1927947998046875,-5.545822143554688,-0.3766937255859375,-0.4356689453125,-2.861557006835937
2025-12-10,6,1,298.24908447265625,284.0859069824219,-3.938446044921875,-1.8055877685546875,0.0,91944.328125,267.5718994140625,281.7106018066406,289.37530517578125,0.0002242377668153,0.0035871837753802,0.0050909370183944,4.277923583984375,-3.3173065185546875,-7.958084106445312,0.2037200927734375,-2.1118927001953125,-3.07745361328125
2025-12-10,12,2,297.2893371582031,286.63055419921875,-1.9412078857421875,-0.9506988525390624,0.0,91685.03125,267.85552978515625,282.2487487792969,290.7855834960937,7.410133548546582e-05,0.0029240150470286,0.0074754580855369,1.78411865234375,-2.651718139648437,-5.9500274658203125,-1.9437713623046875,-1.85015869140625,-2.36346435546875
2025-12-10,18,3,290.560302734375,288.52056884765625,-2.562225341796875,-1.9925537109375,0.0,91913.640625,268.42938232421875,282.26904296875,288.2388000488281,5.632561806123704e-05,0.0021942327730357,0.0076332800090312,0.7804412841796875,-3.540634155273437,-4.5623321533203125,0.74761962890625,-1.6662445068359375,-5.0718536376953125
2025-12-11,0,0,289.0002746582031,285.7996826171875,-2.6038818359375,-1.3277130126953125,0.0,91824.46875,268.2361755371094,282.2206420898437,289.0762023925781,4.080703365616501e-05,0.0015382464043796,0.0021975608542561,0.8594818115234375,-3.4739227294921875,-11.875244140625,-3.034896850585937,-1.1555633544921875,-4.741363525390625
2025-12-11,6,1,297.050048828125,285.5756225585937,-4.2464599609375,-1.57647705078125,0.0,91942.140625,267.9488525390625,282.59393310546875,288.07281494140625,4.461791832000017e-05,0.0014336735475808,0.0078871734440326,-0.4174346923828125,-3.179916381835937,-8.20501708984375,-1.59063720703125,-1.731414794921875,-2.69036865234375
2025-12-11,12,2,297.0459289550781,287.28912353515625,-2.3098297119140625,-0.9315643310546876,0.0,91633.921875,268.8360595703125,283.1039428710937,290.260009765625,4.042194632347673e-05,0.0013691333588212,0.0080389194190502,-0.7040252685546875,-2.354217529296875,-7.2473602294921875,-3.068588256835937,-3.1475830078125,-2.861358642578125
2025-12-11,18,3,289.7139587402344,288.11846923828125,-2.030242919921875,-0.7783203125,0.0,91805.703125,268.8983154296875,282.24884033203125,288.8516845703125,4.523040843196213e-05,0.0013417163863778,0.0052287131547927,-2.6198272705078125,-4.767837524414063,-7.36968994140625,-5.78106689453125,-2.1433258056640625,-0.608428955078125
2025-12-12,0,0,288.945556640625,287.1046142578125,-2.1758575439453125,-1.29205322265625,0.0,91702.765625,268.9678955078125,282.3597412109375,290.23797607421875,8.059547690209001e-05,0.0011398554779589,0.001612446969375,-2.998870849609375,-1.1775970458984375,-9.145645141601562,-4.457305908203125,0.147186279296875,-2.0997467041015625
2025-12-12,6,1,296.41229248046875,284.6876220703125,-2.450668334960937,-1.354278564453125,0.0,91841.0625,268.8646850585937,281.997314453125,288.3739318847656,0.0001037364563671,0.0012390152551233,0.0051577724516391,-3.1097869873046875,-1.4860992431640625,-5.803268432617188,-3.6864166259765625,0.177001953125,-2.1746368408203125
2025-12-12,12,2,296.85137939453125,287.03106689453125,-1.582366943359375,-0.6617584228515625,0.0,91605.421875,269.0147705078125,282.0531616210937,290.65899658203125,0.0001123415422625,0.0011691197287291,0.0074067637324333,-3.587677001953125,0.6029815673828125,-4.384674072265625,-4.2660064697265625,0.0676727294921875,-1.5235595703125
2025-12-12,18,3,289.61187744140625,287.1068725585937,-2.549301147460937,-0.1519775390625,0.0,91835.40625,268.3519897460937,281.82080078125,288.2017822265625,0.0001230636116815,0.0007415120489895,0.0081957392394542,-3.637786865234375,-1.0658111572265625,-3.3328857421875,-4.802947998046875,-0.0445404052734375,-0.2489166259765625
2025-12-13,0,0,288.6381530761719,287.1074523925781,-1.4281005859375,-1.4020538330078125,0.25,91695.265625,268.8675842285156,282.0099182128906,289.7597351074219,0.0001138567749876,0.0003036002162843,0.0016154421027749,-1.207733154296875,-3.851593017578125,-2.83392333984375,-4.5106201171875,-0.9366912841796876,-2.637420654296875
2025-12-13,6,1,297.174560546875,280.9301147460937,-1.63470458984375,-1.9927215576171875,0.0,91827.34375,268.9767761230469,282.2166748046875,289.2919006347656,0.0001020758500089,0.0002590825315564,0.002909475704655,-2.87457275390625,-3.0317535400390625,-3.029998779296875,-4.9952239990234375,-2.057861328125,-2.8843536376953125
2025-12-13,12,2,296.8758544921875,286.71795654296875,-1.8946533203125,-1.32080078125,0.0,91574.9375,268.43438720703125,282.5341491699219,291.178466796875,0.000102460704511,0.0005673477426171,0.0049961507320404,-2.9803466796875,-3.3861541748046875,-2.451141357421875,-3.616455078125,-2.8711090087890625,-2.16802978515625
2025-12-13,18,3,289.4060363769531,284.1617431640625,-2.9906005859375,-0.458984375,0.0,91888.40625,267.6819152832031,281.5767517089844,288.95880126953125,9.589512774255128e-05,0.0008348538540303,0.0052173361182212,-3.4659423828125,-4.025924682617188,-2.4108123779296875,-3.499008178710937,-1.7787933349609375,-1.4685516357421875
2025-12-14,0,0,288.60650634765625,287.364990234375,-2.44244384765625,-0.901519775390625,0.0,91805.375,267.9961853027344,281.5913391113281,288.7078857421875,6.483968172688037e-05,0.0006544648203998,0.0026567734312266,-2.928573608398437,-3.647003173828125,-3.701080322265625,-4.2840118408203125,0.2671661376953125,-3.1843414306640625
2025-12-14,6,1,296.1611328125,284.19830322265625,-2.950424194335937,-1.4340667724609375,0.0,91903.625,268.150390625,282.7056884765625,287.57470703125,6.010579818394035e-05,0.0004945595283061,0.0052469819784164,-8.614593505859375,-3.048004150390625,-5.847457885742188,-3.9747161865234375,-1.3368988037109375,-2.64373779296875
2025-12-14,12,2,296.0845947265625,286.8481140136719,-1.799346923828125,-0.5126495361328125,0.0,91579.75,268.19970703125,283.46630859375,290.38153076171875,0.0001240677520399,0.0003181679639965,0.0072916634380817,-8.677932739257812,-2.159530639648437,-4.0574798583984375,-5.192169189453125,-1.1000213623046875,-1.49139404296875
2025-12-14,18,3,289.62530517578125,287.51788330078125,-2.599029541015625,-0.5236053466796875,0.0,91868.515625,268.07684326171875,283.1607666015625,287.6368713378906,0.0001377204753225,0.0003334791399538,0.0089794807136058,-8.684494018554688,-3.9904632568359375,-3.3827056884765625,-3.9086761474609375,-1.975494384765625,-2.2449188232421875
2025-12-15,0,0,289.2119140625,287.67462158203125,-2.9810028076171875,-0.8937530517578125,0.0,91780.953125,268.0788879394531,282.54949951171875,287.4443664550781,0.0001297530689043,0.0003859938587993,0.0035529574379324,-9.704391479492188,-7.09381103515625,-5.492431640625,-3.343124389648437,-0.7093505859375,-4.360809326171875
2025-12-15,6,1,296.01568603515625,283.12506103515625,-2.539169311523437,-1.4140167236328125,0.0,91906.515625,268.14312744140625,284.4345092773437,288.9098205566406,0.0001373678969684,0.0002984552411362,0.0021859407424926,-13.153961181640623,-7.691329956054687,-6.9337005615234375,-1.783447265625,0.48004150390625,-1.6275482177734375
2025-12-15,12,2,295.9013061523437,284.67022705078125,-1.857177734375,-0.39520263671875,0.0,91623.640625,268.44293212890625,284.5560913085937,290.10064697265625,0.0001343244803138,0.0002591332886368,0.0059249512851238,-13.609100341796877,-6.3458099365234375,-5.95343017578125,-1.473358154296875,3.1387939453125,-0.949554443359375
2025-12-15,18,3,289.74774169921875,287.0049743652344,-3.000091552734375,-0.5898284912109375,0.0,91844.875,268.6261901855469,284.37628173828125,288.2059020996094,0.0001446421374566,0.0009444952011108,0.0059974081814289,-13.531570434570312,-7.98211669921875,-7.695632934570312,-2.5746307373046875,5.243011474609375,0.386444091796875
2025-12-16,0,0,290.8035583496094,288.5036926269531,-2.58941650390625,-0.528594970703125,0.0,91644.640625,268.27703857421875,283.1483764648437,289.1470947265625,0.0001518244098406,0.0057820752263069,0.0111196674406528,-12.654647827148438,-7.6561279296875,-11.121566772460938,-3.31768798828125,2.986679077148437,3.32647705078125
2025-12-16,6,1,297.3150939941406,290.8246765136719,-4.79376220703125,0.4738616943359375,5.875,91833.859375,268.3227844238281,282.51690673828125,289.4672546386719,0.0001842365891207,0.00935994181782,0.0119377225637435,-13.856521606445312,-10.13470458984375,-10.146759033203123,-5.099945068359375,4.3818359375,1.3850250244140625
2025-12-16,12,2,295.22381591796875,291.8983764648437,-3.535263061523437,-1.0774993896484375,0.5,91664.890625,268.7227478027344,282.51678466796875,289.07159423828125,0.000279716681689,0.009547334164381,0.0133265517652034,-14.118148803710938,-10.02880859375,-9.2703857421875,-4.214614868164063,3.5324859619140625,-0.6240692138671875
2025-12-16,18,3,292.4390563964844,291.60430908203125,-2.9829864501953125,-1.0911407470703125,0.0,91831.0625,269.17840576171875,282.5541381835937,288.6201171875,0.0002566784387454,0.0079341605305671,0.0126291401684284,-14.730789184570312,-9.265228271484377,-11.886489868164062,-2.933990478515625,-0.1006011962890625,2.5172882080078125
2025-12-17,0,0,293.6450500488281,291.29345703125,-3.1156768798828125,-1.351165771484375,3.5,91764.78125,268.68670654296875,283.1177978515625,288.309814453125,0.0001790214737411,0.0024038383271545,0.0106638632714748,-14.511917114257812,-6.459487915039063,-12.041030883789062,-1.489288330078125,-2.06756591796875,1.4066925048828125
2025-12-17,6,1,298.10272216796875,290.3321228027344,-3.68994140625,-1.2365875244140625,0.0,92018.1875,268.052734375,283.3099365234375,289.41717529296875,0.0001879342453321,0.0002973179798573,0.0103065595030784,-13.899307250976562,-10.641143798828123,-6.634185791015625,-1.1541595458984375,-1.7327880859375,-1.803314208984375
2025-12-17,12,2,297.7781066894531,287.47039794921875,-2.325958251953125,-1.0114593505859375,0.0,91750.65625,268.2494201660156,283.84747314453125,291.3226928710937,0.0002410584711469,0.0002973787486553,0.0084919072687625,-15.39678955078125,-10.638504028320312,-6.342941284179688,-4.0916595458984375,-1.89434814453125,-2.642791748046875
2025-12-17,18,3,290.9525756835937,287.74322509765625,-2.2039031982421875,-0.9559326171875,0.0,91945.0,268.6568908691406,283.512939453125,291.44317626953125,0.0002646929351612,0.0004117963835597,0.0012250731233507,-15.143966674804688,-12.584823608398438,-9.141708374023438,-4.5236358642578125,-2.575286865234375,-3.60089111328125
2025-12-18,0,0,288.8232727050781,285.7601928710937,-1.9144134521484373,-1.3883209228515625,0.0,91825.90625,269.000244140625,283.6201171875,291.5296936035156,0.0002203625335823,0.0003882488235831,0.001142512075603,-13.445892333984377,-11.175765991210938,-12.255386352539062,-5.1509552001953125,-2.666961669921875,-2.795639038085937
2025-12-18,6,1,297.1123352050781,282.7724914550781,-3.615081787109375,-1.0483856201171875,0.0,91969.25,269.00927734375,283.36407470703125,289.5489501953125,0.0001917676272569,0.0003638840862549,0.0041537182405591,-14.09375,-10.638015747070312,-9.125106811523438,-5.6028900146484375,-2.096771240234375,-2.622344970703125
2025-12-18,12,2,296.5639038085937,286.044677734375,-1.8007354736328125,-0.7861785888671875,0.0,91693.796875,269.26629638671875,283.983154296875,290.5845642089844,0.0001574065972818,0.0003970763646066,0.0071838647127151,-15.30755615234375,-9.496292114257812,-5.084503173828125,-4.99859619140625,-1.2700958251953125,-3.098495483398437
2025-12-18,18,3,289.7734680175781,287.7953491210937,-1.912139892578125,-0.8784942626953125,0.0,91884.9375,269.09246826171875,284.1871337890625,290.1849975585937,0.0001742482418194,0.0005058019887655,0.0029645569156855,-16.053924560546875,-7.788253784179687,-4.6256866455078125,-4.724166870117188,-0.740692138671875,-4.164108276367188
2025-12-19,0,0,289.1888427734375,286.42449951171875,-1.357269287109375,-1.4218292236328125,0.0,91755.171875,268.92730712890625,284.5807189941406,289.6087646484375,0.0001974618062376,0.0004364103078842,0.0038377314340323,-15.756118774414062,-6.121994018554688,-6.615203857421875,-2.69512939453125,-2.894439697265625,-6.441986083984375
2025-12-19,6,1,296.5157470703125,283.5519104003906,-3.12274169921875,-1.9939117431640625,0.0,91862.21875,268.97821044921875,284.9844970703125,288.6356201171875,0.0001837450254242,0.0004177904920652,0.0067735724151134,-16.17279052734375,-5.21484375,-5.3385772705078125,-3.40521240234375,-3.935211181640625,-3.4903106689453125
2025-12-19,12,2,295.8754272460937,286.070556640625,-1.863525390625,-0.6747283935546875,0.0,91503.46875,268.9594116210937,285.27520751953125,291.00054931640625,0.0001456324098398,0.0003869531210511,0.0065822452306747,-14.459136962890623,-6.172088623046875,-4.0265960693359375,-2.513458251953125,-6.237152099609375,-2.3850555419921875
2025-12-19,18,3,289.13458251953125,284.40557861328125,-1.9397125244140625,-0.100494384765625,0.0,91688.8125,268.9034118652344,284.8253173828125,289.2432861328125,0.0001511031441623,0.0003099115565419,0.0068629719316959,-15.196212768554688,-8.723220825195312,-1.231475830078125,-0.26470947265625,-4.430908203125,-1.344940185546875
2025-12-20,0,0,287.7580871582031,286.0049133300781,-1.2452850341796875,-1.216766357421875,0.0,91486.65625,268.6395263671875,285.32183837890625,288.0274963378906,0.0002041151747107,0.0002738467883318,0.0053468309342861,-15.173690795898438,-8.879165649414062,-0.63018798828125,2.519622802734375,-1.483551025390625,-5.662994384765625
2025-12-20,6,1,296.01953125,284.3163452148437,-2.2664337158203125,-1.2311553955078125,0.0,91678.203125,269.2177429199219,285.5827331542969,288.00885009765625,0.0001910954015329,0.0004515062319114,0.0073757078498601,-14.716049194335938,-8.247879028320312,-3.402374267578125,2.369369506835937,0.4262542724609375,-1.9039306640625
2025-12-20,12,2,296.178466796875,287.1822814941406,-1.618194580078125,0.013397216796875,0.0,91458.28125,268.1234130859375,285.4293212890625,290.31939697265625,0.00021453780937,0.000381200807169,0.0074698626995086,-14.328018188476562,-6.8917083740234375,-2.50701904296875,1.61865234375,-0.2237091064453125,-0.5747222900390625
2025-12-20,18,3,289.83819580078125,286.776123046875,-2.316146850585937,0.5567779541015625,0.0,91724.25,268.11309814453125,284.661865234375,288.71923828125,0.0002084317675326,0.0004077500780113,0.0077622309327125,-14.68011474609375,-6.706344604492188,-1.0238800048828125,2.6952056884765625,1.4350433349609375,0.4887542724609375
2025-12-21,0,0,288.8172912597656,287.18017578125,-1.8747406005859373,-0.3929290771484375,0.0,91587.8125,268.0018005371094,285.44549560546875,287.0118713378906,0.0002076610398944,0.0002965482417494,0.0070262104272842,-13.0440673828125,-6.9458770751953125,-0.17547607421875,6.797515869140625,1.765625,-4.1878509521484375
2025-12-21,6,1,295.70263671875,285.7789001464844,-2.693603515625,-0.9862060546875,0.0,91788.078125,267.8736572265625,285.0301513671875,287.6287841796875,0.000207869510632,0.0003037555143237,0.0071943216025829,-11.821502685546877,-6.289077758789063,-4.068771362304688,5.513916015625,1.0746307373046875,-1.571197509765625
2025-12-21,12,2,296.5810546875,286.27752685546875,-1.6085968017578125,0.1038970947265625,0.0,91513.796875,267.667724609375,285.5670166015625,290.7239074707031,0.0001895169552881,0.0002686153165996,0.007180243730545,-9.257736206054688,-6.63348388671875,-3.977630615234375,4.862960815429688,0.7186431884765625,0.178955078125
2025-12-21,18,3,289.8133544921875,288.0262756347656,-2.804779052734375,-0.49072265625,0.0,91689.9375,268.4557800292969,286.5155029296875,288.0912475585937,0.0001942670351127,0.0002667244698386,0.0084063932299613,-8.079605102539062,-8.722244262695312,-3.771942138671875,7.186431884765625,1.7473907470703125,-1.883209228515625
2025-12-22,0,0,290.5887451171875,288.9668884277344,-2.3476715087890625,-0.961273193359375,3.875,91666.796875,268.78253173828125,286.0316772460937,285.865966796875,0.0002078506659017,0.0003561442717909,0.0069835446774959,-7.2579345703125,-9.932937622070312,-2.8993072509765625,6.64874267578125,-0.7012176513671875,-3.9140625
2025-12-22,6,1,295.4869384765625,286.4484558105469,-2.8156890869140625,-0.924713134765625,0.0,91783.03125,269.56109619140625,285.896240234375,286.636962890625,0.0001778890145942,0.000602267216891,0.0084522664546966,-6.708221435546875,-9.826858520507812,-4.673843383789063,3.914306640625,-0.8667449951171875,-1.2492218017578125
2025-12-22,12,2,296.1966857910156,288.1351623535156,-2.243438720703125,-0.5166015625,0.0,91541.71875,269.28521728515625,285.26348876953125,289.4746398925781,0.0002012961631407,0.0008430283050984,0.0098665980622172,-6.148468017578125,-5.2851409912109375,-4.748870849609375,4.073989868164063,-3.29803466796875,-0.9397125244140624
2025-12-22,18,3,290.4051513671875,288.0189208984375,-2.5171051025390625,-0.173858642578125,0.0,91721.6875,269.16217041015625,285.700439453125,287.8080444335937,0.0001931506267283,0.0002407374995527,0.0091789439320564,-5.868743896484375,-4.280685424804688,-4.133697509765625,4.956558227539063,-2.0906219482421875,-2.2077178955078125
2025-12-23,0,0,290.8189697265625,288.8920593261719,-2.3480682373046875,-0.910552978515625,4.125,91570.3125,268.92926025390625,286.49713134765625,285.8363037109375,0.0001930619619088,0.000164936252986,0.0057037808001041,-4.5906829833984375,-2.5115966796875,-5.88037109375,3.70416259765625,-1.613006591796875,-4.164794921875
2025-12-23,6,1,296.123779296875,285.2745666503906,-2.3796844482421875,-0.83172607421875,0.0,91717.21875,269.04864501953125,286.1705322265625,287.53131103515625,0.0001949915022123,0.0002369039575569,0.0075566992163658,-4.4342193603515625,-4.0890655517578125,-3.972122192382813,-0.0519866943359375,-0.264251708984375,-1.343170166015625
2025-12-23,12,2,296.8472900390625,287.38299560546875,-1.4265289306640625,-0.6228790283203125,0.0,91475.46875,269.11090087890625,285.1708984375,290.6241149902344,0.000193696207134,0.0003183132503181,0.0074118040502071,-5.020767211914063,-2.949127197265625,-3.0941925048828125,-2.54315185546875,0.0401153564453125,-1.2440338134765625
2025-12-23,18,3,290.1058654785156,285.9549560546875,-2.511703491210937,-0.6459197998046875,0.0,91655.65625,269.07489013671875,285.6064147949219,288.588134765625,0.0001088803110178,0.0003380875568836,0.0079216063022613,-6.238449096679688,-6.772476196289063,-3.3024139404296875,1.6181182861328125,-0.540679931640625,-0.1266632080078125
2025-12-24,0,0,288.9959716796875,287.35870361328125,-2.27935791015625,-0.1730804443359375,0.0,91586.484375,269.3033752441406,285.88299560546875,287.0550231933594,6.707708234898746e-05,0.0002909578615799,0.0073345713317394,-5.732879638671875,-4.267868041992188,-2.0484619140625,1.4169158935546875,-0.2014312744140625,-0.7480621337890625
2025-12-24,6,1,295.64215087890625,285.08935546875,-1.6668548583984375,-0.3023223876953125,0.0,91772.546875,269.45098876953125,286.20819091796875,286.9027099609375,6.929003575351089e-05,0.0002657552249729,0.0076571181416511,-4.660934448242188,-4.3516998291015625,-2.521591186523437,1.1878204345703125,1.043731689453125,-0.6451568603515625
2025-12-24,12,2,296.33544921875,287.9420471191406,-1.578510284423828,-0.8828582763671875,0.0,91463.296875,269.13214111328125,285.8293151855469,290.6265563964844,7.882369391154498e-05,0.0002834914484992,0.0074038878083229,-4.5579986572265625,-4.7654876708984375,-3.013824462890625,0.7904815673828125,1.6944122314453125,-1.7764892578125
2025-12-24,18,3,289.63330078125,287.079345703125,-2.8057861328125,-0.2569122314453125,0.0,91665.921875,269.237060546875,285.6752319335937,288.36688232421875,7.203815039247274e-05,0.0003264469560235,0.008617840707302,-4.327682495117188,-5.237060546875,-3.918289184570313,3.604446411132813,0.46173095703125,-1.3764495849609375
2025-12-25,0,0,289.2592163085937,287.63153076171875,-2.045639038085937,-0.5389251708984375,0.0,91655.59375,269.09259033203125,285.60406494140625,286.3984069824219,8.051787153817713e-05,0.0003827214241027,0.0078852884471416,-4.375579833984375,-5.0003509521484375,-0.6684417724609375,1.9673614501953125,-1.299102783203125,-2.0941314697265625
2025-12-25,6,1,296.5529479980469,284.1298217773437,-1.674835205078125,-1.0487823486328125,0.0,91796.46875,268.62286376953125,285.5998840332031,287.404296875,8.957150566857308e-05,0.0003203775268048,0.0072476416826248,-5.398117065429688,-5.452117919921875,-2.106658935546875,0.570953369140625,0.3329925537109375,-1.697662353515625
2025-12-25,12,2,296.968505859375,285.31298828125,-1.7119598388671875,0.1836090087890625,0.0,91545.46875,268.3970947265625,284.751953125,291.32879638671875,0.0001353411935269,0.0002728702966123,0.0062915720045566,-4.1559906005859375,-3.923431396484375,-4.2011566162109375,0.7152252197265625,-1.9996795654296875,0.3731842041015625
2025-12-25,18,3,291.23992919921875,288.5805358886719,-2.959442138671875,0.9932403564453124,5.5,91763.390625,268.56951904296875,285.069091796875,288.3776550292969,0.0001668150653131,0.0003824473824352,0.0097755379974842,-4.125457763671875,-9.95953369140625,-4.7504425048828125,0.8714752197265625,-2.6248321533203125,3.187103271484375
2025-12-26,0,0,291.7372436523437,290.27459716796875,-2.1788482666015625,-0.239532470703125,0.625,91660.328125,267.8033447265625,285.9195556640625,288.1390686035156,0.0001813678827602,0.0002919260878115,0.0063323304057121,-5.9992523193359375,-9.022750854492188,-2.681427001953125,0.736724853515625,-1.801849365234375,1.56878662109375
2025-12-26,6,1,296.92901611328125,287.9179077148437,-2.959228515625,-0.01708984375,0.125,91747.1875,268.9447631835937,286.1549072265625,288.4640197753906,0.0001339172013103,0.00036575156264,0.010055124759674,-4.184341430664063,-10.36907958984375,-4.432220458984375,2.436279296875,1.254638671875,-0.19134521484375
2025-12-26,12,2,297.643798828125,288.645263671875,-1.99786376953125,1.1225128173828125,2.375,91503.171875,269.48504638671875,285.1098022460937,290.564208984375,0.0002103764418279,0.0003704717382788,0.0101723074913024,-1.3609619140625,-9.293182373046877,-4.056640625,3.2005767822265625,-0.88702392578125,0.885467529296875
2025-12-26,18,3,291.93780517578125,288.97052001953125,-2.73114013671875,1.1575164794921875,0.0,91717.515625,269.4119873046875,285.3037109375,287.8270874023437,0.0006645412649959,0.0004368796944618,0.0110249631106853,-0.90008544921875,-11.63409423828125,-4.64898681640625,2.4776763916015625,-0.3900604248046875,4.241134643554688
2025-12-27,0,0,291.1527709960937,288.89044189453125,-2.9178466796875,-0.357147216796875,0.25,91664.9375,269.0273742675781,285.68572998046875,287.3568725585937,0.0009813986252993,0.0003620891366153,0.0086103454232215,-1.5378570556640625,-11.656692504882812,-1.094329833984375,2.9757232666015625,0.93157958984375,-0.550384521484375
2025-12-27,6,1,296.7933044433594,286.6972351074219,-2.57513427734375,-0.7316741943359375,0.0,91776.671875,268.9277038574219,285.62322998046875,287.8539428710937,0.0010961608495563,0.0004967153072357,0.0082320682704448,-2.624664306640625,-9.717849731445312,-3.985321044921875,1.9242095947265625,2.06414794921875,-1.1134796142578125
2025-12-27,12,2,297.0496826171875,286.11328125,-1.7005615234375,-0.03375244140625,0.0,91519.078125,269.2666015625,284.96099853515625,290.9760131835937,0.001067719887942,0.0005425552371889,0.0072909258306026,-1.8201446533203125,-6.710052490234375,-4.4626312255859375,1.368743896484375,0.9565277099609376,-0.3428497314453125
2025-12-27,18,3,290.6629943847656,287.83660888671875,-3.0257720947265625,-0.0526123046875,0.0,91754.46875,268.95428466796875,284.5449523925781,288.05401611328125,0.0010593433398753,0.0005535145755857,0.0092951320111751,-2.959625244140625,-8.823150634765625,-3.685714721679688,2.4172515869140625,2.2420196533203125,0.9954071044921876
2025-12-28,0,0,289.9095764160156,288.4404602050781,-2.7471466064453125,0.5108642578125,0.375,91761.15625,268.7115478515625,283.9138488769531,287.15533447265625,0.0006948115769773,0.0015240488573908,0.0087964497506618,-3.8740234375,-7.22381591796875,-0.725860595703125,1.865020751953125,3.199691772460937,1.152374267578125
2025-12-28,6,1,296.2046813964844,287.1591796875,-1.5071258544921875,-0.87451171875,0.0,91871.328125,268.9837646484375,283.2674865722656,287.3540344238281,0.0003552895504981,0.0035673652309924,0.0090827494859695,-5.401458740234375,-7.2414398193359375,-2.437286376953125,1.9152374267578125,2.551849365234375,-1.19964599609375
2025-12-28,12,2,297.2601928710937,287.645751953125,-1.4004669189453125,-0.2704925537109375,0.0,91567.796875,268.7343139648437,283.24029541015625,291.2390441894531,0.0003078763838857,0.0038500283844769,0.0080195479094982,-4.4615631103515625,-4.377044677734375,-3.3621978759765625,1.6508941650390625,0.50164794921875,-0.520233154296875
2025-12-28,18,3,290.8594970703125,287.0941772460937,-3.199462890625,0.0382537841796875,0.0,91769.171875,268.82916259765625,282.4886169433594,288.4701538085937,0.0006529607344418,0.0033394517377018,0.0093519128859043,-1.587799072265625,-7.2133331298828125,-5.0822601318359375,3.32635498046875,0.24713134765625,2.2532501220703125
2025-12-29,0,0,290.253662109375,288.7644348144531,-2.935638427734375,-0.4640350341796875,0.0,91686.015625,267.80145263671875,282.33721923828125,288.2899169921875,0.0011599566787481,0.0033883654978126,0.0089642591774463,0.320465087890625,-6.5467376708984375,-1.66082763671875,1.148712158203125,2.4691925048828125,-0.559356689453125
2025-12-29,6,1,296.9582824707031,287.9939270019531,-2.030731201171875,-0.1756591796875,0.0,91840.53125,268.0617980957031,283.50201416015625,288.45166015625,0.0011069346219301,0.0036191085819154,0.0092932358384132,1.4676055908203125,-3.1918487548828125,-3.125350952148437,-1.8332672119140625,3.1769256591796875,-0.3516998291015625
2025-12-29,12,2,298.1756591796875,290.1429443359375,-1.4453125,-0.2700653076171875,0.0,91543.546875,267.684326171875,283.355712890625,291.8201904296875,0.0008739817421883,0.0032660646829754,0.0093026496469974,1.4492340087890625,-1.20684814453125,-3.546356201171875,-0.583099365234375,2.7574462890625,-0.6962432861328125
2025-12-29,18,3,291.9697265625,288.552001953125,-2.71221923828125,-0.4557342529296875,0.0,91817.921875,267.259033203125,284.2959289550781,289.0635986328125,0.0006166128441691,0.002231353893876,0.0097563154995441,2.10150146484375,-4.500579833984375,-3.2166748046875,-0.29449462890625,2.42901611328125,1.693511962890625
2025-12-30,0,0,291.0276794433594,289.39892578125,-1.9561767578125,-0.563812255859375,0.125,91682.484375,266.8393859863281,282.82427978515625,288.7987670898437,0.0004741454031318,0.002853155368939,0.0097706355154514,1.875701904296875,-0.717742919921875,-0.2544403076171875,-1.0530853271484375,2.75616455078125,-0.841217041015625
2025-12-30,6,1,298.01226806640625,289.3951721191406,-0.553070068359375,-0.205413818359375,0.0,91819.359375,268.05499267578125,283.1225280761719,289.1050720214844,0.0003812748473137,0.002667534397915,0.0102732144296169,2.3381805419921875,-0.7723541259765625,-0.891265869140625,-0.5350494384765625,2.070831298828125,-0.49603271484375
2025-12-30,12,2,298.9417419433594,291.8306884765625,-0.8820343017578125,-0.2055816650390625,0.0,91443.34375,268.0099792480469,282.6436767578125,292.6561279296875,0.0002921468112617,0.0027341942768543,0.0095349811017513,6.146881103515625,-0.668792724609375,-1.3649139404296875,-0.5717620849609375,2.559310913085937,-0.362640380859375
2025-12-30,18,3,292.69482421875,288.5033569335937,-2.5224761962890625,-0.1277008056640625,0.0,91672.296875,268.0867004394531,284.56011962890625,290.84149169921875,0.0001613318599993,0.0021327834110707,0.009432453662157,5.194992065429688,0.0665435791015625,-3.762481689453125,-0.7186737060546875,3.0627899169921875,2.1314697265625
2025-12-31,0,0,291.8243103027344,291.00732421875,-2.4698486328125,0.740386962890625,3.0,91572.3125,268.0196838378906,282.8854675292969,289.9232482910156,0.000134003770654,0.0028239686507731,0.0101581998169422,5.2941436767578125,0.2143096923828125,1.2983245849609375,-2.244857788085937,4.396087646484375,2.42962646484375
2025-12-31,6,1,298.5521545410156,290.78857421875,-0.071533203125,0.347808837890625,0.0,91655.734375,268.36834716796875,283.6621398925781,290.09228515625,0.000150511652464,0.0021712877787649,0.01126379519701,4.8804931640625,-0.294647216796875,-0.1002197265625,-2.65203857421875,5.1503448486328125,0.33740234375
2025-12-31,12,2,298.95074462890625,291.2415771484375,0.1348724365234375,0.4041748046875,36.375,91311.1875,268.6651611328125,279.76580810546875,292.7441101074219,0.0001581283722771,0.0069918036460876,0.0110862459987401,4.87335205078125,0.3224945068359375,0.37359619140625,-3.76678466796875,3.6018829345703125,1.3346405029296875
2025-12-31,18,3,294.95184326171875,290.631591796875,-2.002532958984375,0.8860626220703125,43.625,91584.8125,268.5011901855469,280.8341064453125,290.81793212890625,0.0002023226843448,0.0058620236814022,0.0120362527668476,3.802886962890625,2.3587188720703125,-0.7505645751953125,-1.6343841552734375,4.9674835205078125,2.8754119873046875
